
Step FractureNumber TipNr TipActive TipX TipY TipZ KI KII KIII G Phi Psi Extension
1010000 FRAC0_S 0 1 15000 -44020.2 8624.9 4.14696e+06 171790 -180170 1539.39 -5.24379 3.07077
1010000 FRAC0_S 0 1 15000 -44106.8 8921.55 3.99764e+06 255839 -110926 1431.54 -7.9662 1.96114
1010000 FRAC0_S 0 1 15000 -44280.8 9176.94 4.25557e+06 327067 -26250.4 1623.4 -9.58249 0.443187
1010000 FRAC0_S 0 1 15000 -44525.1 9366.05 4.07979e+06 258598 44108.6 1489.42 -8.01726 -0.781705
1010000 FRAC0_S 0 1 15000 -44816 9470.4 3.47427e+06 172083 78068.8 1079.06 -6.3191 -1.62048
1010000 FRAC0_S 0 1 15000 -45124.9 9479.76 3.74902e+06 138842 293074 1265.6 -4.57198 -5.30547
1010000 FRAC0_S 0 1 15000 -45421.5 9393.21 4.76439e+06 76498.5 199635 2028.57 -2.10862 -3.0375
1010000 FRAC0_S 0 1 15000 -45676.9 9219.22 3.98711e+06 410035 -160881 1435.01 -12.0278 2.712
1010000 FRAC0_S 0 1 15000 -45866 8974.84 4.12967e+06 -11167.7 118491 1521.58 0.36659 -2.14435
1010000 FRAC0_S 0 1 15000 -45970.4 8683.98 4.18112e+06 -54812.7 107356 1559.6 1.75567 -1.90782
1010000 FRAC0_S 0 1 15000 -45979.8 8375.1 4.60777e+06 -87630.3 158163 1895.95 2.50486 -2.50675
1010000 FRAC0_S 0 1 15000 -45893.2 8078.45 4.12986e+06 -69207.1 86316.4 1521.26 2.24268 -1.55769
1010000 FRAC0_S 0 1 15000 -45719.2 7823.06 3.86402e+06 -593294 -170851 1365.72 16.7966 2.83443
1010000 FRAC0_S 0 1 15000 -45474.9 7633.95 4.21069e+06 -177947 77803.9 1583.54 5.46661 -1.34872
1010000 FRAC0_S 0 1 15000 -45184 7529.6 3.44968e+06 -62831.7 344181 1076.54 2.26224 -6.69809
1010000 FRAC0_S 0 1 15000 -44875.1 7520.24 4.0398e+06 -224758 13596.4 1458.8 7.16186 -0.247559
1010000 FRAC0_S 0 1 15000 -44578.5 7606.79 3.99991e+06 -39365.3 -257747 1434.67 1.27667 4.55993
1010000 FRAC0_S 0 1 15000 -44323.1 7780.78 3.66111e+06 -197941 -92156.2 1199.03 6.83783 1.80129
1010000 FRAC0_S 0 1 15000 -44134 8025.16 4.07376e+06 -128927 -177833 1484.51 4.05984 3.11213
1010000 FRAC0_S 0 1 15000 -44029.6 8316.02 4.36705e+06 -18628.2 -211552 1705.41 0.566137 3.51946
Step FractureNumber TipNr TipActive TipX TipY TipZ KI KII KIII G Phi Psi Extension
1010101 FRAC0_S 0 1 14992.2 -43923.9 8637.11 3.56667e+06 -188039 -61809.5 1137.24 6.72782 1.25457
1010101 FRAC0_S 0 1 14986.6 -44019.4 8962.73 4.42158e+06 -432739 -57361.1 1759.26 11.7912 0.906423
1010101 FRAC0_S 0 1 14984.7 -44210.6 9242.99 4.04603e+06 -327707 -5444.9 1468.33 10.0846 0.0969311
1010101 FRAC0_S 0 1 14986.1 -44478.8 9450.77 4.80489e+06 -486031 -3915.72 2078.33 12.2612 0.0576657
1010101 FRAC0_S 0 1 14989 -44798 9565.66 4.61209e+06 -359074 36366.4 1907.16 9.67902 -0.564722
1010101 FRAC0_S 0 1 14992.4 -45137.2 9576.21 5.28776e+06 -251976 69705.1 2497.86 6.14754 -0.964162
1010101 FRAC0_S 0 1 14991 -45462.8 9480.92 4.56469e+06 -343303 146759 1870.1 9.18548 -2.23682
1010101 FRAC0_S 0 1 14988.8 -45743 9289.45 4.80659e+06 -484359 83469 2080.57 12.0487 -1.20344
1010101 FRAC0_S 0 1 14995.9 -45951.2 9021.34 4.66188e+06 -177095 -35763.4 1939.61 4.99368 0.570469
1010101 FRAC0_S 0 1 15002.8 -46066.2 8702.15 3.0615e+06 100572 46004.1 836.39 -4.32015 -1.11174
1010101 FRAC0_S 0 1 15003.9 -46076.4 8362.78 4.00996e+06 421268 97081.6 1449.94 -12.4183 -1.65706
1010101 FRAC0_S 0 1 15010.3 -45980.6 8037.56 4.6565e+06 435932 -1225.4 1949.1 -11.469 0.0187629
1010101 FRAC0_S 0 1 15017.8 -45788.7 7757.78 4.43753e+06 707957 5891.33 1799.39 -17.9182 -0.0891608
1010101 FRAC0_S 0 1 15013 -45520.9 7549.36 4.44634e+06 415610 155048 1780.29 -11.1173 -2.37903
1010101 FRAC0_S 0 1 15007.5 -45202.1 7434.09 4.28733e+06 115756 116690 1640.95 -3.53964 -1.99178
1010101 FRAC0_S 0 1 15007.7 -44862.8 7423.88 4.32153e+06 238985 -91399.2 1670.38 -7.00754 1.51978
1010101 FRAC0_S 0 1 15007.2 -44537 7518.9 3.54544e+06 134256 -11495.6 1121.75 -4.99947 0.242599
1010101 FRAC0_S 0 1 15008.3 -44256.5 7710.03 5.11521e+06 186703 -66224.5 2335.28 -4.7845 0.957233
1010101 FRAC0_S 0 1 15006.6 -44043.4 7987.98 3.9795e+06 282826 -161657 1421.78 -8.66414 2.80614
1010101 FRAC0_S 0 1 14999.9 -43933.9 8297.87 3.9502e+06 2730.32 -86466 1391.47 -0.0945974 1.65452