
Step FractureNumber TipNr TipActive TipX TipY TipZ KI KII KIII G Phi Psi Extension
1010000 FRAC0_S 0 1 29723.6 36982.1 9294.3 2.66289e+06 -2.74523e+06 448951 1330.25 50.2407 -5.78489
1010000 FRAC0_S 0 1 29971.3 36816.4 9212.32 2.35172e+06 -2.44458e+06 -155998 1028.59 52.0509 2.42427
1010000 FRAC0_S 0 1 30221.7 36717.6 9060.63 2.38961e+06 -2.30305e+06 -637733 1035.57 47.4211 8.85963
1010000 FRAC0_S 0 1 30450.5 36695.5 8854.05 2.6736e+06 -2.11516e+06 -1.22089e+06 1233.88 40.6031 14.4841
1010000 FRAC0_S 0 1 30635.1 36752 8612.82 2.75208e+06 -1.61633e+06 -1.64738e+06 1268.66 32.5622 18.8851
1010000 FRAC0_S 0 1 30757.6 36881.8 8360.54 2.47509e+06 -659206 -1.72509e+06 980.418 17.7037 23.5313
1010000 FRAC0_S 0 1 30806 37072.1 8121.91 2.89057e+06 133293 -2.02832e+06 1293.3 -3.64493 25.996
1010000 FRAC0_S 0 1 30775.4 37304.3 7920.3 2.6274e+06 965087 -1.70212e+06 1083.47 -23.1931 21.665
1010000 FRAC0_S 0 1 30668.9 37555.7 7775.43 2.37923e+06 1.54497e+06 -1.3258e+06 950.909 -35.1371 17.5931
1010000 FRAC0_S 0 1 30497 37801.6 7701.48 2.30473e+06 1.86407e+06 -749605 857.702 -43.005 11.1213
1010000 FRAC0_S 0 1 30276.4 38017.9 7705.7 1.91948e+06 1.89158e+06 -375598 665.921 -48.9642 6.73203
1010000 FRAC0_S 0 1 30028.7 38183.6 7787.68 2.39089e+06 2.44945e+06 48426.8 1044.34 -52.5725 -0.769408
1010000 FRAC0_S 0 1 29778.3 38282.4 7939.37 2.43215e+06 2.3487e+06 577890 1063.1 -47.914 -8.02779
1010000 FRAC0_S 0 1 29540.5 38303.7 8155.79 2.15083e+06 1.81277e+06 1.06839e+06 856.872 -41.3504 -15.0733
1010000 FRAC0_S 0 1 29364.9 38248 8387.18 2.49067e+06 1.39995e+06 1.46053e+06 1011.14 -31.8353 -18.8308
1010000 FRAC0_S 0 1 29242.4 38118.2 8639.46 2.16336e+06 617014 1.48538e+06 744.415 -18.7856 -23.1592
1010000 FRAC0_S 0 1 29194 37927.9 8878.09 2.13894e+06 -151184 1.87152e+06 875.565 4.99353 -28.4033
1010000 FRAC0_S 0 1 29224.6 37695.7 9079.7 3.08268e+06 -1.23907e+06 2.04713e+06 1540.98 24.5876 -21.6619
1010000 FRAC0_S 0 1 29331.1 37444.3 9224.57 2.62361e+06 -1.75426e+06 1.43636e+06 1162 35.8683 -17.2553
1010000 FRAC0_S 0 1 29503 37198.4 9298.52 2.83649e+06 -2.42595e+06 1.01432e+06 1378.22 43.653 -11.743
Step FractureNumber TipNr TipActive TipX TipY TipZ KI KII KIII G Phi Psi Extension
1010101 FRAC0_S 0 1 29748.6 36992.7 9389.26 4.63769e+06 277019 539358 1962.12 -6.93018 -7.39078
1010101 FRAC0_S 0 1 30014.1 36817.9 9301.45 4.6225e+06 156317 -44747.3 1906.5 -4.46347 0.720751
1010101 FRAC0_S 0 1 30279.6 36706.8 9139.75 4.73706e+06 -99913.3 -550220 2040.76 2.57243 7.62228
1010101 FRAC0_S 0 1 30522.3 36672.4 8916.85 3.9997e+06 -399714 -1.08907e+06 1597.53 9.82462 14.178
1010101 FRAC0_S 0 1 30718.5 36719.1 8650.39 3.73346e+06 -221378 -1.57348e+06 1575.73 5.49397 19.5272
1010101 FRAC0_S 0 1 30843.7 36840.9 8362.3 3.15363e+06 -136013 -1.73355e+06 1287.57 3.73945 22.9882
1010101 FRAC0_S 0 1 30879.8 37027.9 8082.83 2.98385e+06 -10025.4 -1.76844e+06 1209.33 0.294411 24.4141
1010101 FRAC0_S 0 1 30825.1 37265 7848.18 2.9044e+06 -100302 -1.55058e+06 1072.36 3.0487 22.727
1010101 FRAC0_S 0 1 30691.7 37526.9 7685.02 3.35861e+06 29297.7 -1.30043e+06 1230.18 -0.872135 19.0963
1010101 FRAC0_S 0 1 30494.9 37783.6 7604.84 3.69872e+06 76247.3 -989098 1349.71 -2.22272 14.7716
1010101 FRAC0_S 0 1 30252.1 38008.1 7610.49 3.73281e+06 -174278 -515299 1279.67 5.40842 8.64055
1010101 FRAC0_S 0 1 29985.9 38182 7698.53 3.78619e+06 -213470 -50649.3 1281.82 7.18419 0.970232
1010101 FRAC0_S 0 1 29720.2 38292.3 7860.25 2.91311e+06 -64924.9 327674 770.863 2.72263 -7.40739
1010101 FRAC0_S 0 1 29477.6 38327 8083.16 4.15133e+06 115506 1.22422e+06 1736.2 -2.91395 -15.7497
1010101 FRAC0_S 0 1 29281.4 38280.7 8349.53 3.32357e+06 13461.7 1.48438e+06 1277.39 -0.390344 -20.8862
1010101 FRAC0_S 0 1 29156.4 38158.9 8637.59 3.18696e+06 -49588.4 1.74914e+06 1312.2 1.38554 -23.3032
1010101 FRAC0_S 0 1 29121.3 37972.6 8917.71 2.79775e+06 -67587.2 1.58217e+06 1030.84 2.11137 -23.5717
1010101 FRAC0_S 0 1 29176.6 37736.1 9152.51 3.22905e+06 -44198.9 1.60683e+06 1272.69 1.26224 -22.1048
1010101 FRAC0_S 0 1 29309.6 37473.9 9315.15 3.56826e+06 268529 1.21972e+06 1338.88 -7.23737 -16.8949
1010101 FRAC0_S 0 1 29506.1 37217.3 9394.96 4.1234e+06 77675.6 998441 1648.21 -2.07584 -13.7612