
Step FractureNumber TipNr TipActive TipX TipY TipZ KI KII KIII G Phi Psi Extension
1010000 FRAC0_S 0 1 29664.6 -29071 8500 -3.25695e+06 -1.36492e+06 2.10886e+06 757.502 25.5118 -21.1993
1010000 FRAC0_S 0 1 29393.9 -29220.1 8500 -2.83232e+06 -3.39313e+06 1.00113e+06 1159.25 50.3024 -10.1724
1010000 FRAC0_S 0 1 29182.6 -29445.6 8500 -2.45872e+06 -3.06947e+06 166868 843.264 55.1216 -2.25711
1010000 FRAC0_S 0 1 29051.3 -29725.3 8500 -2.76174e+06 -3.30053e+06 -402803 992.3 53.2285 4.73165
1010000 FRAC0_S 0 1 29012.8 -30032 8500 -2.55525e+06 -2.46111e+06 -1.07922e+06 694.65 45.1142 12.7754
1010000 FRAC0_S 0 1 29071 -30335.4 8500 -2.57001e+06 -1.65793e+06 -1.4741e+06 533.946 34.7886 17.9592
1010000 FRAC0_S 0 1 29220.1 -30606.1 8500 -1.63511e+06 -643292 -1.05946e+06 186.163 24.3816 21.4331
1010000 FRAC0_S 0 1 29445.6 -30817.4 8500 -2.07564e+06 -185486 -1.39195e+06 260.756 6.92809 24.9295
1010000 FRAC0_S 0 1 29725.3 -30948.7 8500 -1.14709e+06 1.43911e+06 -1.22737e+06 384.905 -42.8628 21.6855
1010000 FRAC0_S 0 1 30032 -30987.2 8500 -1.88042e+06 765910 -1.12163e+06 219.596 -25.5653 20.2946
1010000 FRAC0_S 0 1 30335.4 -30929 8500 -1.40583e+06 891465 -628290 123.318 -36.1604 15.2291
1010000 FRAC0_S 0 1 30606.1 -30779.9 8500 -1.58833e+06 1.28269e+06 -485778 177.997 -43.2754 10.5967
1010000 FRAC0_S 0 1 30817.4 -30554.4 8500 -1.72271e+06 1.59651e+06 -232980 234.347 -48.782 4.97386
1010000 FRAC0_S 0 1 30948.7 -30274.7 8500 -1.64973e+06 1.65091e+06 96000.1 244.095 -51.5093 -2.17817
1010000 FRAC0_S 0 1 30987.2 -29968 8500 -1.97335e+06 2.02344e+06 514909 400.105 -48.7083 -8.47213
1010000 FRAC0_S 0 1 30929 -29664.6 8500 -1.99433e+06 1.70835e+06 971592 385.616 -41.8169 -14.7873
1010000 FRAC0_S 0 1 30779.9 -29393.9 8500 -2.19937e+06 1.43573e+06 865514 283.317 -37.5375 -13.7797
1010000 FRAC0_S 0 1 30554.4 -29182.6 8500 -2.3604e+06 1.12813e+06 1.74188e+06 516.949 -26.9396 -22.3163
1010000 FRAC0_S 0 1 30274.7 -29051.3 8500 -2.61351e+06 103332 1.91477e+06 488.574 -3.08857 -26.6062
1010000 FRAC0_S 0 1 29968 -29012.8 8500 -2.58095e+06 -1.52705e+06 2.04205e+06 762.399 30.4462 -22.2607
Step FractureNumber TipNr TipActive TipX TipY TipZ KI KII KIII G Phi Psi Extension
1010101 FRAC0_S 0 1 29638.8 -28994.5 8553.44 338012 -4.11729e+06 1.66211e+06 1888.21 62.517 -18.7566
1010101 FRAC0_S 0 1 29354.9 -29165.6 8569.75 2.08809e+06 -4.8914e+06 430285 2545.18 61.9141 -4.41817
1010101 FRAC0_S 0 1 29134.8 -29412.7 8580.28 2.25958e+06 -3.92242e+06 -526775 1862.87 57.9251 5.92112
1010101 FRAC0_S 0 1 28993.1 -29709.5 8578.27 1.50743e+06 -3.49241e+06 -1.23591e+06 1492.51 56.4519 14.1631
1010101 FRAC0_S 0 1 28943.9 -30035.9 8569.72 377834 -2.94128e+06 -1.69239e+06 1164.56 58.0547 22.5773
1010101 FRAC0_S 0 1 28996.7 -30363.9 8556.56 -569615 -1.24895e+06 -2.40423e+06 907.783 35.2835 33.7119
1010101 FRAC0_S 0 1 29150.9 -30661.5 8537.92 -1.21213e+06 -1.12762e+06 -1.57129e+06 441.677 34.5456 26.0106
1010101 FRAC0_S 0 1 29394.7 -30890 8499.35 -1.19085e+06 254868 -1.59991e+06 346.23 -11.2254 31.868
1010101 FRAC0_S 0 1 29701.9 -31027 8458.21 -107119 2.02334e+06 -1.60684e+06 708.203 -55.2774 27.4357
1010101 FRAC0_S 0 1 30035.1 -31068.9 8446.66 -840229 2.1104e+06 -1.29614e+06 620.313 -52.2854 20.7321
1010101 FRAC0_S 0 1 30361 -31003.9 8442.57 -15579.3 2.1853e+06 -647354 481.284 -66.2078 16.0233
1010101 FRAC0_S 0 1 30648.9 -30836.8 8432.16 365813 2.19752e+06 -180785 446.59 -67.2227 4.99549
1010101 FRAC0_S 0 1 30870.8 -30591.6 8425.68 642630 2.26655e+06 285203 505.398 -64.0944 -6.701
1010101 FRAC0_S 0 1 31008.7 -30292.1 8423.27 535319 1.96995e+06 646074 426.861 -60.1623 -14.6042
1010101 FRAC0_S 0 1 31052.6 -29965 8426.2 309350 2.10577e+06 953595 524.608 -60.1613 -19.4354
1010101 FRAC0_S 0 1 30996.2 -29639.3 8432.65 -173023 1.79998e+06 1.28567e+06 508.55 -55.9737 -25.6371
1010101 FRAC0_S 0 1 30841.2 -29344.9 8441.54 -761271 1.65282e+06 1.39519e+06 502.323 -47.5667 -24.1414
1010101 FRAC0_S 0 1 30602.1 -29109.6 8460.77 -1.29578e+06 1.59412e+06 1.82232e+06 668.121 -39.3503 -25.229
1010101 FRAC0_S 0 1 30300.4 -28963.3 8498.65 -1.94998e+06 388955 2.09784e+06 598.806 -11.7353 -29.503
1010101 FRAC0_S 0 1 29966 -28924.5 8534.75 -492527 -4.00552e+06 2.62553e+06 2346.52 56.5887 -24.2656