
Step FractureNumber TipNr TipActive TipX TipY TipZ KI KII KIII G Phi Psi Extension
1010000 FRAC0_S 0 1 45000 -29019.2 8617.02 -4.99238e+06 -1.06999e+06 144482 104.796 22.0541 -1.79779
1010000 FRAC0_S 0 1 45000 -29103.5 8914.36 -4.37553e+06 390569 124094 15.6413 -10.735 -1.95808
1010000 FRAC0_S 0 1 45000 -29275.4 9171.13 -4.91862e+06 -933773 -347114 93.7228 19.4988 4.26381
1010000 FRAC0_S 0 1 45000 -29518.2 9362.22 -4.92666e+06 -667326 -610651 89.2778 14.2477 7.357
1010000 FRAC0_S 0 1 45000 -29808.3 9468.89 -4.41983e+06 -652816 -1.16908e+06 219.753 13.8767 13.4518
1010000 FRAC0_S 0 1 45000 -30117.1 9480.74 -4.32216e+06 -103186 -598433 48.579 2.84599 8.82311
1010000 FRAC0_S 0 1 45000 -30414.4 9396.57 -5.01194e+06 219873 -699954 69.4694 -5.09322 8.74458
1010000 FRAC0_S 0 1 45000 -30671.2 9224.65 -4.75564e+06 1.03493e+06 -1.25134e+06 303.703 -19.0634 12.8185
1010000 FRAC0_S 0 1 45000 -30862.2 8981.79 -5.15551e+06 768504 -483394 83.7063 -15.7846 5.69672
1010000 FRAC0_S 0 1 45000 -30968.9 8691.77 -5.05578e+06 984892 -334414 101.311 -19.958 4.00079
1010000 FRAC0_S 0 1 45000 -30980.8 8382.98 -4.94922e+06 1.01347e+06 -135830 93.9798 -21.3324 1.72089
1010000 FRAC0_S 0 1 45000 -30896.5 8085.64 -5.06017e+06 1.01326e+06 62913.8 92.0147 -21.2087 -0.796238
1010000 FRAC0_S 0 1 45000 -30724.6 7828.87 -4.36989e+06 1.82641e+06 612987 347.225 -32.5152 -6.75429
1010000 FRAC0_S 0 1 45000 -30481.8 7637.78 -5.16157e+06 834571 462674 90.5368 -16.9213 -5.41814
1010000 FRAC0_S 0 1 45000 -30191.7 7531.11 -5.57271e+06 710354 582498 90.0926 -13.7359 -6.38024
1010000 FRAC0_S 0 1 45000 -29882.9 7519.26 -4.92106e+06 286266 675965 68.074 -6.64633 -8.52624
1010000 FRAC0_S 0 1 45000 -29585.6 7603.43 -4.80149e+06 181882 77951.1 3.75602 -4.9406 -1.19348
1010000 FRAC0_S 0 1 45000 -29328.8 7775.35 -4.69074e+06 42039.8 367191 18.0898 -1.14928 -5.44483
1010000 FRAC0_S 0 1 45000 -29137.8 8018.21 -4.65021e+06 -220692 305645 16.7648 5.84141 -4.4904
1010000 FRAC0_S 0 1 45000 -29031.1 8308.23 -4.6093e+06 -318737 202119 14.4863 8.428 -3.02184
Step FractureNumber TipNr TipActive TipX TipY TipZ KI KII KIII G Phi Psi Extension
1010101 FRAC0_S 0 1 45017.8 -28926.7 8628.02 -4.66903e+06 -2.00771e+06 -38477.4 359.391 35.5999 0.445848
1010101 FRAC0_S 0 1 45008.5 -29018.5 8953.73 -4.32188e+06 -1.53872e+06 -246789 219.084 30.8289 3.09796
1010101 FRAC0_S 0 1 45018.2 -29206.6 9234.62 -4.45971e+06 -1.05865e+06 193945 104.873 23.5417 -2.61023
1010101 FRAC0_S 0 1 45026.7 -29472.6 9444.34 -4.60636e+06 -2.1206e+06 -585709 446.351 34.712 6.03571
1010101 FRAC0_S 0 1 45019.4 -29790 9562.45 -4.84088e+06 -1.47106e+06 -770985 271.893 26.0573 8.0994
1010101 FRAC0_S 0 1 45006.2 -30128.7 9576.73 -4.75172e+06 -564516 -829196 119.844 12.2696 9.92365
1010101 FRAC0_S 0 1 44988.6 -30454.3 9483.91 -5.4954e+06 883972 -1.02556e+06 209.518 -15.7151 10.1698
1010101 FRAC0_S 0 1 44974.6 -30734.7 9293.66 -5.55142e+06 2.04648e+06 -953122 494.022 -29.4962 8.28412
1010101 FRAC0_S 0 1 44969.7 -30943.3 9027.15 -4.82632e+06 2.48411e+06 -518867 585.689 -37.373 5.02431
1010101 FRAC0_S 0 1 44967 -31059.1 8709.86 -4.36106e+06 2.55753e+06 -349769 599.134 -40.595 3.67711
1010101 FRAC0_S 0 1 44964.2 -31071.2 8372.24 -3.26662e+06 1.97423e+06 -62215.8 347.828 -42.4178 0.910557
1010101 FRAC0_S 0 1 44959.3 -30977.5 8049 -3.27696e+06 2.251e+06 -68884.2 452.152 -44.9837 0.955001
1010101 FRAC0_S 0 1 44956.8 -30788.4 7769.56 -3.82302e+06 2.33635e+06 -6525.04 486.415 -42.9978 0.0825064
1010101 FRAC0_S 0 1 44966.1 -30525.3 7557.88 -3.68252e+06 2.55261e+06 881142 683.889 -41.2115 -9.15207
1010101 FRAC0_S 0 1 44977.9 -30210 7437.92 -5.08948e+06 1.77165e+06 651160 336.087 -29.1235 -6.51305
1010101 FRAC0_S 0 1 44986.1 -29871.4 7423.52 -4.84383e+06 1.02558e+06 762244 171.002 -19.9767 -8.52938
1010101 FRAC0_S 0 1 44992.3 -29544.9 7515.21 -4.92018e+06 363334 749638 86.5037 -8.17732 -9.18225
1010101 FRAC0_S 0 1 44999.4 -29262.8 7703.93 -4.35556e+06 235420 220260 11.3911 -6.68277 -3.5017
1010101 FRAC0_S 0 1 45008.2 -29053.1 7970.81 -4.89255e+06 -1.11376e+06 639595 164.945 21.496 -7.201
1010101 FRAC0_S 0 1 45019.2 -28937.9 8289.24 -5.08839e+06 -2.24921e+06 533836 488.705 34.2886 -5.13813