
Step FractureNumber TipNr TipActive TipX TipY TipZ KI KII KIII G Phi Psi Extension
1010000 FRAC0_S 0 1 15665.1 44272.3 8562.57 -2.35103e+06 4.83074e+06 3.47945e+06 3689.64 -49.064 -21.9415
1010000 FRAC0_S 0 1 15770.1 44407.5 8322.53 -1.77389e+06 2.65276e+06 3.85367e+06 2602.24 -37.6671 -29.1535
1010000 FRAC0_S 0 1 15806.4 44605.5 8088.12 -1.35613e+06 676964 3.99585e+06 2164.43 -14.8374 -37.2006
1010000 FRAC0_S 0 1 15763.8 44842.2 7894.03 -554900 -762682 3.3816e+06 1572.71 20.8782 -39.041
1010000 FRAC0_S 0 1 15646.5 45094.3 7759.26 -853072 -2.69563e+06 3.29507e+06 2091.55 44.2834 -29.9048
1010000 FRAC0_S 0 1 15446.6 45358.5 7694.82 829172 -2.73265e+06 1.42784e+06 997.834 55.6773 -19.6182
1010000 FRAC0_S 0 1 15239.6 45547.1 7713.33 -768219 -4.72089e+06 1.60215e+06 2327.38 62.1786 -15.9383
1010000 FRAC0_S 0 1 14990 45703.3 7806.67 -991811 -5.57979e+06 549484 2814.51 66.7207 -5.82223
1010000 FRAC0_S 0 1 14741.3 45790.8 7967.88 -1.20707e+06 -5.6052e+06 -569180 2842.77 65.9466 5.81833
1010000 FRAC0_S 0 1 14517.9 45800.9 8181.18 -1.36049e+06 -4.86044e+06 -1.67985e+06 2480.43 59.6342 15.0924
1010000 FRAC0_S 0 1 14341.7 45732.6 8425.69 -1.76159e+06 -4.38866e+06 -2.8309e+06 2782.15 51.6966 21.3073
1010000 FRAC0_S 0 1 14229.9 45592.5 8677.47 -2.21149e+06 -3.17998e+06 -3.84784e+06 2870.29 39.8929 26.7606
1010000 FRAC0_S 0 1 14193.6 45394.5 8911.88 -2.10131e+06 -977087 -3.5243e+06 1737.03 19.1847 32.2319
1010000 FRAC0_S 0 1 14236.2 45157.8 9105.97 -3.33234e+06 752623 -5.08541e+06 3490.05 -11.0185 33.1065
1010000 FRAC0_S 0 1 14353.5 44905.7 9240.74 -3.44069e+06 3.36248e+06 -4.92872e+06 4238.37 -34.3752 26.9445
1010000 FRAC0_S 0 1 14534.1 44662.8 9303.01 -3.39905e+06 5.17929e+06 -3.73177e+06 4242.55 -46.5116 20.6128
1010000 FRAC0_S 0 1 14760.4 44452.9 9286.67 -3.84304e+06 7.45186e+06 -2.63173e+06 5869.46 -54.8695 13.5613
1010000 FRAC0_S 0 1 15010 44296.7 9193.33 -3.47472e+06 8.21563e+06 -945203 6133.45 -61.4348 5.65013
1010000 FRAC0_S 0 1 15258.7 44209.2 9032.12 -3.04237e+06 7.25508e+06 784958 4772.35 -61.6512 -5.35912
1010000 FRAC0_S 0 1 15482.1 44199.1 8818.82 -3.61497e+06 6.33762e+06 2.1482e+06 4192.91 -54.1221 -12.807
Step FractureNumber TipNr TipActive TipX TipY TipZ KI KII KIII G Phi Psi Extension
1010101 FRAC0_S 0 1 15660.4 44177.1 8535.63 1.93032e+06 3.33365e+06 2.51334e+06 2162.48 -47.1482 -21.7604
1010101 FRAC0_S 0 1 15799.3 44329.7 8274.34 809928 2.32211e+06 3.19671e+06 1898.07 -41.9442 -30.9791
1010101 FRAC0_S 0 1 15868.3 44559.5 8039.01 -46385.9 1.0366e+06 4.40946e+06 2681.72 -23.929 -41.3509
1010101 FRAC0_S 0 1 15848 44843.4 7858.54 440461 -1.07824e+06 3.28604e+06 1557.03 27.8925 -37.91
1010101 FRAC0_S 0 1 15731.8 45136 7743.84 1.52513e+06 -1.70018e+06 2.39873e+06 1230.12 35.9256 -27.2649
1010101 FRAC0_S 0 1 15540.3 45401.7 7698.04 2.25671e+06 -1.37276e+06 1.35407e+06 865.596 33.2528 -18.757
1010101 FRAC0_S 0 1 15302.5 45622.5 7727.05 3.26173e+06 -1.30349e+06 945777 1218.4 29.1975 -12.4141
1010101 FRAC0_S 0 1 15042.4 45784.5 7830.47 3.39432e+06 -1.1456e+06 358590 1160.72 28.9129 -5.53306
1010101 FRAC0_S 0 1 14781.7 45876.5 7997.96 3.55311e+06 -1.40459e+06 -97346.1 1302.04 33.4959 1.48983
1010101 FRAC0_S 0 1 14542 45890.4 8215.78 3.71934e+06 -2.46154e+06 -1.15693e+06 1950.66 39.087 11.4776
1010101 FRAC0_S 0 1 14344.3 45821.7 8467.08 2.30438e+06 -2.67923e+06 -1.92971e+06 1608.11 43.743 19.2009
1010101 FRAC0_S 0 1 14205.1 45671.1 8727.62 838527 -3.4803e+06 -3.69591e+06 2958.74 47.5939 28.9514
1010101 FRAC0_S 0 1 14137.2 45444.8 8966.05 -432856 -1.3622e+06 -3.8747e+06 2162.12 29.5953 37.893
1010101 FRAC0_S 0 1 14156.6 45164.3 9152.47 -1.4241e+06 1.20487e+06 -4.37262e+06 2672.3 -22.0191 35.8417
1010101 FRAC0_S 0 1 14269.9 44870.4 9271.21 -381515 3.9227e+06 -4.36217e+06 3901.98 -49.0273 30.9001
1010101 FRAC0_S 0 1 14460 44600.3 9317.02 1.82365e+06 5.3928e+06 -3.19046e+06 4241.69 -53.7505 20.811
1010101 FRAC0_S 0 1 14698.6 44375.9 9285.21 3.20863e+06 4.88386e+06 -1.73756e+06 3444.42 -52.2774 12.7562
1010101 FRAC0_S 0 1 14960.1 44212.3 9178.1 3.74098e+06 4.41507e+06 -447565 3010.74 -53.4094 3.9683
1010101 FRAC0_S 0 1 15222.5 44120 9008.26 4.07891e+06 4.07916e+06 718885 3034.05 -49.5519 -6.10027
1010101 FRAC0_S 0 1 15463.4 44106.7 8788.91 3.42625e+06 3.8484e+06 1.71245e+06 2755.83 -47.1142 -13.6644