
Step FractureNumber TipNr TipActive TipX TipY TipZ KI KII KIII G Phi Psi Extension
1010000 FRAC0_S 0 1 14635.6 805.231 8059.1 1.04382e+07 -1.52919e+07 -8.84525e+06 40952.4 48.2262 17.7947
1010000 FRAC0_S 0 1 14431.2 779.483 8289.33 -4.34154e+06 -1.76157e+06 128309 278.708 33.9828 -1.59208
1010000 FRAC0_S 0 1 14282.4 677.432 8540.2 -2.20251e+07 7.77513e+06 9.15609e+06 16536.8 -25.1536 -16.5097
1010000 FRAC0_S 0 1 14203.8 509.071 8787.13 2.25426e+06 -3.17352e+06 2.80764e+06 2398.7 43.5544 -22.7564
1010000 FRAC0_S 0 1 14203.2 290.878 9005.95 5.48287e+06 -5.41086e+06 3.39763e+06 6823.06 42.9713 -16.6786
1010000 FRAC0_S 0 1 14280.5 44.2111 9175.24 7.71529e+06 -8.65513e+06 2.58172e+06 12866.2 49.3365 -10.013
1010000 FRAC0_S 0 1 14428.3 -206.783 9278.45 8.8845e+06 -9.4758e+06 856711 15132.7 52.0133 -3.41172
1010000 FRAC0_S 0 1 14632.1 -437.535 9305.44 8.1909e+06 -7.72172e+06 -1.0103e+06 11427.4 49.3064 4.53901
1010000 FRAC0_S 0 1 14871.9 -625.459 9253.59 8.39077e+06 -7.19601e+06 -3.07618e+06 12146.7 43.5739 11.96
1010000 FRAC0_S 0 1 15124.2 -752.158 9127.99 6.79054e+06 -5.21756e+06 -4.49785e+06 9225.5 37.2598 18.8045
1010000 FRAC0_S 0 1 15358.8 -804.889 8946.14 4.4515e+06 -1.39512e+06 -4.37302e+06 4482.63 17.8074 27.3341
1010000 FRAC0_S 0 1 15568.8 -779.483 8710.67 1.95811e+06 685586 -2.54664e+06 1246.1 -17.2711 30.3264
1010000 FRAC0_S 0 1 15717.6 -677.432 8459.8 -2.08093e+06 3.03117e+06 -978662 946.129 -52.3363 11.681
1010000 FRAC0_S 0 1 15796.2 -509.071 8212.87 -3.22988e+07 -1.14931e+07 -8.65616e+06 21736.2 27.3172 11.9744
1010000 FRAC0_S 0 1 15796.8 -290.878 7994.05 -8.79217e+06 855254 3.00919e+06 1269.52 -9.14068 -16.6796
1010000 FRAC0_S 0 1 15719.5 -44.2111 7824.76 -2.93071e+07 -1.39557e+07 -5.26794e+06 21046 34.4704 8.07797
1010000 FRAC0_S 0 1 15571.7 206.783 7721.55 1.78369e+07 -2.01234e+07 1.39097e+07 90169 43.7784 -18.5437
1010000 FRAC0_S 0 1 15367.9 437.535 7694.56 -1.2009e+07 -5.17546e+06 2.14898e+06 3001.05 32.4611 -8.26226
1010000 FRAC0_S 0 1 15128.1 625.459 7746.41 -1.1798e+07 -5.76229e+06 1.02656e+06 3098.97 36.6749 -4.20731
1010000 FRAC0_S 0 1 14875.8 752.158 7872.01 -1.11541e+07 -5.61212e+06 -125737 2808.71 38.7865 0.578776
Step FractureNumber TipNr TipActive TipX TipY TipZ KI KII KIII G Phi Psi Extension
1010101 FRAC0_S 0 1 14647.6 902.226 8066.06 -802321 -7.23645e+06 6.7525e+06 10730.7 51.7386 -28.731
1010101 FRAC0_S 0 1 14405.4 862.067 8294.75 -5.25816e+06 -1.87446e+06 -3.03655e+06 1539.44 23.4275 20.3487
1010101 FRAC0_S 0 1 14228.6 739.916 8548.64 2.43411e+07 -1.06197e+07 -5.74444e+06 67235 31.7604 10.3504
1010101 FRAC0_S 0 1 14167 572.25 8831.55 1.68516e+06 820207 1.04208e+06 457.428 -28.6274 -20.0652
1010101 FRAC0_S 0 1 14187.8 352.291 9081.67 9.26558e+06 18628.8 2.36832e+06 8396.21 -0.223638 -14.4899
1010101 FRAC0_S 0 1 14276.3 90.9476 9262.13 1.33445e+07 924959 1.61702e+06 16292.3 -7.91393 -7.59743
1010101 FRAC0_S 0 1 14437.2 -175.073 9371.78 1.58265e+07 1.63599e+06 192474 22563.4 -12.372 -0.846433
1010101 FRAC0_S 0 1 14651.9 -423.456 9401.18 2.2489e+07 513649 -3.6289e+06 46843 -2.67417 10.0158
1010101 FRAC0_S 0 1 14903.2 -631.192 9346.76 1.50593e+07 359736 -2.38731e+06 20978.1 -2.79981 9.86433
1010101 FRAC0_S 0 1 15167.4 -781.498 9209.57 8.56217e+06 -457851 -2.54289e+06 7411.42 5.43376 15.5576
1010101 FRAC0_S 0 1 15411.4 -864.753 8993.18 6.86107e+06 -505800 -4.40636e+06 6799.92 5.88546 24.5705
1010101 FRAC0_S 0 1 15600.6 -862.628 8715.27 3.56127e+06 999896 -2.73888e+06 2216.94 -17.8627 24.6193
1010101 FRAC0_S 0 1 15750.9 -749.189 8436.68 -24473.6 3.38685e+06 -1.02349e+06 1161.48 -66.0912 16.2437
1010101 FRAC0_S 0 1 15862.5 -550.185 8186.22 -5.41634e+06 2.6797e+06 1.62199e+06 989.782 -33.2819 -12.0993
1010101 FRAC0_S 0 1 15879.8 -307.58 7958.42 -7.82451e+06 -332145 2.83938e+06 1082.09 4.16495 -17.9407
1010101 FRAC0_S 0 1 15803.9 -25.5145 7793.74 -1.5142e+07 -9.31304e+06 2.09323e+06 8311.51 40.4974 -5.94483
1010101 FRAC0_S 0 1 15651.3 258.651 7697.7 -6.61027e+06 -1.01585e+07 3.41682e+06 10748.5 52.7272 -12.2575
1010101 FRAC0_S 0 1 15430.7 506.801 7664.73 2.57926e+07 -8.17235e+06 9.16153e+06 76395.7 24.016 -15.0806
1010101 FRAC0_S 0 1 15172.8 709.068 7720.24 -6.10627e+06 -1.09266e+07 793989 10722.7 59.5123 -3.40857
1010101 FRAC0_S 0 1 14904.9 845.583 7861.97 -4.53559e+06 -9.22981e+06 -138406 7593.77 62.0894 0.773186