
Step FractureNumber TipNr TipActive TipX TipY TipZ KI KII KIII G Phi Psi Extension
1010000 FRAC0_S 0 1 -14024.1 37348.2 8500 3.9629e+06 -6.3373e+06 -8.2534e+06 14038 39.6526 28.1674
1010000 FRAC0_S 0 1 -14024.9 37657.2 8500 2.57052e+06 -1.74702e+06 -7.48026e+06 8302.7 19.1963 36.1889
1010000 FRAC0_S 0 1 -14121.2 37950.8 8500 845802 1.96043e+06 -8.81795e+06 10747.8 -21.6201 40.1798
1010000 FRAC0_S 0 1 -14303.5 38200.3 8500 2.89265e+06 7.7747e+06 -9.33809e+06 17729.6 -43.8358 29.2186
1010000 FRAC0_S 0 1 -14554 38381.2 8500 1.75174e+06 1.02165e+07 -7.23587e+06 16538.1 -54.668 24.7045
1010000 FRAC0_S 0 1 -14848.1 38476 8500 1.67354e+06 1.45531e+07 -5.30157e+06 22860.5 -62.6517 17.2071
1010000 FRAC0_S 0 1 -15157.1 38475.1 8500 1.48174e+06 1.5038e+07 -1.80174e+06 20778.8 -67.7517 7.35141
1010000 FRAC0_S 0 1 -15450.8 38378.8 8500 1.57995e+06 1.5021e+07 1.40198e+06 20589.8 -68.0795 -5.87414
1010000 FRAC0_S 0 1 -15700.3 38196.5 8500 923470 9.57477e+06 3.22032e+06 9624.52 -63.6133 -16.4914
1010000 FRAC0_S 0 1 -15881.2 37946 8500 1.61673e+06 1.07336e+07 7.11419e+06 17230.7 -55.9159 -24.1003
1010000 FRAC0_S 0 1 -15975.9 37651.8 8500 1.9112e+06 7.04457e+06 9.11465e+06 15796.9 -43.9393 -30.9472
1010000 FRAC0_S 0 1 -15975.1 37342.8 8500 2.04901e+06 2.40973e+06 9.22197e+06 12202.5 -22.4879 -37.5838
1010000 FRAC0_S 0 1 -15878.8 37049.2 8500 2.65543e+06 -2.13365e+06 9.64378e+06 13403.3 19.1667 -37.3848
1010000 FRAC0_S 0 1 -15696.5 36799.7 8500 2.76206e+06 -5.2251e+06 6.80379e+06 9269.45 40.7212 -28.8971
1010000 FRAC0_S 0 1 -15446 36618.8 8500 3.4807e+06 -8.092e+06 5.64737e+06 11156.3 50.3308 -22.0311
1010000 FRAC0_S 0 1 -15151.9 36524 8500 4.17237e+06 -1.10376e+07 3.58573e+06 14117.4 58.0741 -13.6794
1010000 FRAC0_S 0 1 -14842.9 36524.9 8500 4.53903e+06 -1.10138e+07 1.17731e+06 12829.6 61.8279 -5.32551
1010000 FRAC0_S 0 1 -14549.2 36621.2 8500 5.19507e+06 -1.23738e+07 -1.46193e+06 16332.9 61.4347 5.79715
1010000 FRAC0_S 0 1 -14299.7 36803.5 8500 3.83333e+06 -8.35688e+06 -3.0909e+06 8803.27 55.6275 14.4269
1010000 FRAC0_S 0 1 -14118.8 37054 8500 4.30589e+06 -9.05625e+06 -6.24865e+06 14153.6 49.7238 21.503
Step FractureNumber TipNr TipActive TipX TipY TipZ KI KII KIII G Phi Psi Extension
1010101 FRAC0_S 0 1 -13948.2 37338.7 8559.2 6.90371e+06 -374650 -5.38198e+06 8112.04 4.08164 27.1946
1010101 FRAC0_S 0 1 -13938.5 37672.3 8523.18 5.808e+06 -1.08551e+06 -9.19722e+06 14361.2 9.12605 33.8022
1010101 FRAC0_S 0 1 -14043.8 37988.6 8472.48 5.95549e+06 631858 -7.46928e+06 10616.2 -6.15168 32.1292
1010101 FRAC0_S 0 1 -14250.8 38249.4 8435.76 7.64451e+06 1.85882e+06 -7.02519e+06 12079.3 -14.8593 27.1911
1010101 FRAC0_S 0 1 -14526.5 38431.2 8419.69 7.82439e+06 1.44563e+06 -4.35368e+06 8162.59 -14.0675 21.5561
1010101 FRAC0_S 0 1 -14839.6 38520.9 8412.06 8.16134e+06 1.09424e+06 -2.39684e+06 6806.16 -12.5297 14.6479
1010101 FRAC0_S 0 1 -15162.7 38513.5 8408.33 1.49818e+07 1.58268e+06 -1.44366e+06 20501.4 -11.7635 6.04095
1010101 FRAC0_S 0 1 -15468.7 38412.6 8408.08 1.31349e+07 1.00535e+06 1.06696e+06 15615.3 -8.94948 -5.31011
1010101 FRAC0_S 0 1 -15732.8 38226.8 8411.31 9.27753e+06 893972 2.24918e+06 8413.97 -9.71379 -13.0424
1010101 FRAC0_S 0 1 -15932 37969.3 8418.84 8.92628e+06 1.63673e+06 4.62048e+06 10178.3 -14.2782 -20.6802
1010101 FRAC0_S 0 1 -16046.8 37660 8435.03 6.3915e+06 1.5158e+06 6.41868e+06 9324.53 -14.0294 -28.3229
1010101 FRAC0_S 0 1 -16059.5 37327.5 8471.74 6.68598e+06 35815.9 7.76297e+06 11998.6 -0.345744 -32.3247
1010101 FRAC0_S 0 1 -15957 37010.5 8523.16 6.18632e+06 -1.11346e+06 7.37275e+06 10750.3 10.2211 -30.8617
1010101 FRAC0_S 0 1 -15751.4 36747.8 8560.07 7.06629e+06 -901768 5.32112e+06 8287.74 9.17771 -25.9412
1010101 FRAC0_S 0 1 -15475.8 36563.7 8576.01 6.43293e+06 -126070 2.71711e+06 4670.91 1.88979 -20.016
1010101 FRAC0_S 0 1 -15161.2 36472.1 8583.71 8.65578e+06 175135 1.71846e+06 7071.84 -2.30491 -11.8303
1010101 FRAC0_S 0 1 -14835.6 36477.9 8587.25 6.40169e+06 2.48895e+06 139591 4206.49 -33.2696 -1.19786
1010101 FRAC0_S 0 1 -14526.4 36578.3 8586.58 7.76284e+06 3.00547e+06 11466 6174.85 -33.5916 -0.082928
1010101 FRAC0_S 0 1 -14259.8 36765.7 8582.3 -355316 -1.3237e+06 292942 167.549 62.4351 -10.859
1010101 FRAC0_S 0 1 -14060.8 37026.5 8574.73 1.05929e+07 -481802 -4.98827e+06 13329.1 4.13626 21.04