
Step FractureNumber TipNr TipActive TipX TipY TipZ KI KII KIII G Phi Psi Extension
1010000 FRAC0_S 0 1 15000 984.872 8574.53 -5.47926e+06 5.54633e+06 -2.14152e+06 3351.14 -46.5514 11.8131
1010000 FRAC0_S 0 1 15000 913.64 8875.22 -1.14241e+07 4.1272e+06 -523398 1554.32 -31.3307 2.50472
1010000 FRAC0_S 0 1 15000 752.975 9139.18 -1.9996e+07 4.32124e+06 255849 1672.66 -22.4547 -0.808542
1010000 FRAC0_S 0 1 15000 518.603 9340.58 -2.48174e+07 4.26862e+06 1.36365e+06 1871 -18.2504 -3.42694
1010000 FRAC0_S 0 1 15000 233.466 9459.7 -5.14655e+06 1.98622e+06 2.88247e+06 1456.59 -25.0116 -19.7155
1010000 FRAC0_S 0 1 15000 -74.5244 9484.87 -2.83895e+07 2.12284e+06 2.59428e+06 1296.7 -8.68918 -5.90956
1010000 FRAC0_S 0 1 15000 -375.22 9413.64 -1.10795e+07 626658 2.54971e+06 899.629 -6.01884 -12.8949
1010000 FRAC0_S 0 1 15000 -639.186 9252.98 -1.74637e+07 -501505 2.3201e+06 738.33 3.41837 -8.48941
1010000 FRAC0_S 0 1 15000 -840.583 9018.61 -8.98504e+06 -2.72136e+06 2.71447e+06 1639.92 23.9266 -13.5129
1010000 FRAC0_S 0 1 15000 -959.699 8733.46 -9.37044e+06 -3.0606e+06 2.43749e+06 1624.92 25.8521 -11.9002
1010000 FRAC0_S 0 1 15000 -984.872 8425.47 -1.96877e+06 -5.21491e+06 1.39777e+06 2683.22 59.2268 -11.8294
1010000 FRAC0_S 0 1 15000 -913.64 8124.78 4.76348e+06 -4.73319e+06 660447 4076.33 50.0389 -4.93228
1010000 FRAC0_S 0 1 15000 -752.975 7860.82 1.28075e+07 -4.32431e+06 -426512 16307.4 30.2337 1.87524
1010000 FRAC0_S 0 1 15000 -518.603 7659.42 1.62468e+07 -4.19902e+06 -1.52053e+06 25400 24.2041 5.24112
1010000 FRAC0_S 0 1 15000 -233.466 7540.3 5.25988e+07 -4.59063e+06 -1.79262e+06 248840 10.4723 2.34014
1010000 FRAC0_S 0 1 15000 74.5244 7515.13 1.89662e+07 -2.13966e+06 -2.84917e+06 33542 11.9463 8.81035
1010000 FRAC0_S 0 1 15000 375.22 7586.36 1.86337e+07 -74924.1 -3.3739e+06 32454.7 0.474203 11.147
1010000 FRAC0_S 0 1 15000 639.186 7747.02 1.4351e+07 524032 -3.45137e+06 19961 -3.94599 13.5192
1010000 FRAC0_S 0 1 15000 840.583 7981.39 8.31807e+06 1.39329e+06 -2.33561e+06 7064.05 -15.2554 13.8819
1010000 FRAC0_S 0 1 15000 959.699 8266.54 -1.48554e+07 2.92545e+06 -2.75312e+06 1770.72 -18.5248 9.86471
Step FractureNumber TipNr TipActive TipX TipY TipZ KI KII KIII G Phi Psi Extension
1010101 FRAC0_S 0 1 14942.7 1061.95 8579.62 -2.42432e+06 6.69035e+06 -1.74454e+06 4393.41 -59.6834 11.6791
1010101 FRAC0_S 0 1 14946.3 987.903 8907.7 -1.03517e+07 1.29723e+07 -3.20199e+06 16359.1 -51.7244 8.93464
1010101 FRAC0_S 0 1 14960 820.422 9197.41 -1.82531e+07 1.2768e+07 286605 14537.9 -45.4529 -0.711282
1010101 FRAC0_S 0 1 14964.2 566.504 9417.96 -2.49241e+07 1.42761e+07 508992 18195.7 -41.2847 -0.994381
1010101 FRAC0_S 0 1 14967.3 254.778 9548.58 -2.94855e+07 1.53754e+07 2.24625e+06 21736.9 -38.2376 -3.64431
1010101 FRAC0_S 0 1 14979.2 -82.3434 9579.17 -3.34344e+07 8.47645e+06 3.25777e+06 7814.11 -23.8075 -5.45405
1010101 FRAC0_S 0 1 14992.4 -412.124 9503.31 -2.94392e+07 3.36746e+06 3.40783e+06 2555.05 -12.4128 -7.04767
1010101 FRAC0_S 0 1 15010.5 -700.378 9326.02 -2.51269e+07 -2.67619e+06 3.89998e+06 2661.11 11.3192 -9.09585
1010101 FRAC0_S 0 1 15032.7 -917.49 9066.94 -1.94613e+07 -8.03853e+06 2.92e+06 6892.11 32.1074 -7.18317
1010101 FRAC0_S 0 1 15053.5 -1035.62 8755.13 -7.15321e+06 -7.6553e+06 2.67161e+06 6171.46 47.8864 -11.1504
1010101 FRAC0_S 0 1 15073 -1047.09 8422.76 1.38555e+06 -3.70658e+06 1.26094e+06 1606.8 57.8529 -14.1813
1010101 FRAC0_S 0 1 15072.4 -972.565 8097.64 8.25042e+06 504158 294874 6099.89 -7.58233 -2.50657
1010101 FRAC0_S 0 1 15054.6 -812.733 7807.36 1.36345e+07 2.47305e+06 -1.87971e+06 17580.5 -17.9252 7.79078
1010101 FRAC0_S 0 1 15037.7 -564.825 7582.74 1.67881e+07 2.13719e+06 -1.57573e+06 25852 -13.834 5.80021
1010101 FRAC0_S 0 1 15024.5 -255.215 7448.73 2.25522e+07 1.77515e+06 -2.75943e+06 46615.2 -8.87432 7.60366
1010101 FRAC0_S 0 1 15015.1 81.9015 7419.34 2.30202e+07 1.70547e+06 -3.19941e+06 48842.6 -8.28914 8.50338
1010101 FRAC0_S 0 1 15003.9 412.199 7496.7 2.09972e+07 375579 -3.337e+06 40780.8 -2.11177 9.93186
1010101 FRAC0_S 0 1 14990.2 701.49 7673.21 1.65168e+07 -576976 -3.38421e+06 25862.5 3.88899 11.9891
1010101 FRAC0_S 0 1 14977.2 920.81 7931.45 9.98835e+06 -2.36442e+06 -5.29716e+06 13120.4 17.4985 20.4372
1010101 FRAC0_S 0 1 14959.4 1043.44 8243.96 -1.40812e+07 1.13989e+07 -414639 11601.4 -48.0638 1.24051