
Step FractureNumber TipNr TipActive TipX TipY TipZ KI KII KIII G Phi Psi Extension
1010000 FRAC0_S 0 1 -45000 -14017.8 8603.45 722970 763651 683749 160.721 -40.5934 -21.2978
1010000 FRAC0_S 0 1 -45000 -14097.8 8901.92 629105 -58091.8 550536 75.879 6.41657 -28.1651
1010000 FRAC0_S 0 1 -45000 -14266.1 9161.05 483836 -232877 384909 45.3977 26.4671 -23.2247
1010000 FRAC0_S 0 1 -45000 -14506.3 9355.47 631913 -464129 381503 74.1359 37.07 -17.9396
1010000 FRAC0_S 0 1 -45000 -14794.9 9466.15 501944 -437939 198959 44.8063 43.4853 -12.6196
1010000 FRAC0_S 0 1 -45000 -15103.5 9482.25 744396 -600808 290972 92.8046 41.9697 -12.8276
1010000 FRAC0_S 0 1 -45000 -15401.9 9402.21 796375 -658271 -3755.15 95.1297 48.93 0.200619
1010000 FRAC0_S 0 1 -45000 -15651 9242.87 748461 -836016 192388 117.123 50.3741 -8.05851
1010000 FRAC0_S 0 1 -45000 -15855.5 8993.66 955109 -603542 -285416 124.583 38.3222 11.2819
1010000 FRAC0_S 0 1 -45000 -15966.1 8705.15 1.01576e+06 -485624 -410394 135.355 31.0457 15.2233
1010000 FRAC0_S 0 1 -45000 -15982.2 8396.55 1.16646e+06 -310115 -553799 170.607 19.7503 18.8199
1010000 FRAC0_S 0 1 -45000 -15902.2 8098.08 1.28002e+06 -39301.3 -629480 198.842 2.79489 21.7516
1010000 FRAC0_S 0 1 -45000 -15733.9 7838.95 1.38387e+06 886009 -171937 244.538 -41.5827 5.32866
1010000 FRAC0_S 0 1 -45000 -15493.7 7644.53 1.30808e+06 495382 -556416 215.517 -26.304 16.5564
1010000 FRAC0_S 0 1 -45000 -15205.1 7533.85 1.23835e+06 856345 38025.5 202.19 -44.9281 -1.38022
1010000 FRAC0_S 0 1 -45000 -14896.5 7517.75 1.35275e+06 1.07645e+06 -281337 276.848 -44.5587 7.74041
1010000 FRAC0_S 0 1 -45000 -14598.1 7597.79 1.2292e+06 1.03846e+06 -29278.9 230.849 -48.9868 0.988897
1010000 FRAC0_S 0 1 -45000 -14339 7766.15 1.12212e+06 1.00424e+06 209389 207.902 -47.2524 -6.72714
1010000 FRAC0_S 0 1 -45000 -14144.5 8006.34 881042 713431 362639 132.016 -41.7327 -13.3199
1010000 FRAC0_S 0 1 -45000 -14033.9 8294.85 978378 163937 609955 137.175 -12.4853 -23.1528
Step FractureNumber TipNr TipActive TipX TipY TipZ KI KII KIII G Phi Psi Extension
1010101 FRAC0_S 0 1 -45035.1 -13933.4 8612.47 1.17706e+06 -15253.4 615493 173.864 1.17627 -22.731
1010101 FRAC0_S 0 1 -44999.5 -14016.9 8939.11 1.11424e+06 80796.5 604047 159.743 -6.14619 -22.4686
1010101 FRAC0_S 0 1 -44959.9 -14200.2 9218.39 1.06847e+06 206636 584329 150.947 -14.6935 -21.2527
1010101 FRAC0_S 0 1 -44941.6 -14466 9422.75 915160 185862 437355 103.15 -15.8926 -19.5079
1010101 FRAC0_S 0 1 -44933.9 -14779.3 9537.4 1.0063e+06 176193 368763 111.09 -14.9982 -16.6772
1010101 FRAC0_S 0 1 -44930.5 -15110.3 9551.97 1.06317e+06 182653 224152 110.379 -16.315 -11.1267
1010101 FRAC0_S 0 1 -44926.4 -15427.9 9462.55 1.31387e+06 188932 74379.3 157.743 -15.7662 -3.60506
1010101 FRAC0_S 0 1 -44927.1 -15706.1 9282.35 1.29792e+06 265154 -35164.5 156.545 -21.2998 1.70018
1010101 FRAC0_S 0 1 -44936.8 -15921.1 9029.56 1.38011e+06 174863 -186105 177.06 -13.3546 7.9604
1010101 FRAC0_S 0 1 -44950.3 -16048.4 8721.38 1.03086e+06 75187.7 -243169 103.063 -7.58439 12.986
1010101 FRAC0_S 0 1 -44969 -16072.8 8385.91 1.52708e+06 -43568.7 -483540 239.069 2.93786 16.5321
1010101 FRAC0_S 0 1 -45005.7 -15985.1 8062.78 1.67934e+06 -304109 -537854 298.022 15.8679 15.1375
1010101 FRAC0_S 0 1 -45043 -15795.6 7784.35 1.43388e+06 -582068 -609634 262.833 27.5964 16.3317
1010101 FRAC0_S 0 1 -45056.1 -15570.1 7596.68 1.33824e+06 -432149 -566131 218.854 23.499 16.9618
1010101 FRAC0_S 0 1 -45064 -15221.8 7462.1 1.59454e+06 -463929 -471555 275.32 23.318 13.3915
1010101 FRAC0_S 0 1 -45071.6 -14889.8 7450.02 1.74158e+06 -397875 -369795 302.575 20.4389 10.7784
1010101 FRAC0_S 0 1 -45073.6 -14571.5 7537.5 1.90572e+06 -317731 -166205 336.297 17.377 5.26541
1010101 FRAC0_S 0 1 -45072 -14280.5 7727.97 1.84424e+06 -112315 84339.8 305.153 7.49253 -3.16699
1010101 FRAC0_S 0 1 -45057.1 -14077 7970.01 1.64873e+06 43274 273566 252.348 -3.04832 -10.2167
1010101 FRAC0_S 0 1 -45043.7 -13951.1 8277.38 1.28637e+06 141333 547341 189.078 -9.65989 -19.0816