
Step FractureNumber TipNr TipActive TipX TipY TipZ KI KII KIII G Phi Psi Extension
1010000 FRAC0_S 0 1 29222.7 23074.7 8702.69 -2.641e+07 -5.61822e+06 -1.02777e+07 16861.7 17.3575 17.0015
1010000 FRAC0_S 0 1 29194.4 22871.6 8933.97 -3.21308e+07 1.47349e+06 -1.26724e+07 21551.9 -4.38676 18.8849
1010000 FRAC0_S 0 1 29245 22632.3 9122.77 -3.16912e+07 8.61407e+06 -1.18457e+07 25274.8 -21.2148 16.0145
1010000 FRAC0_S 0 1 29369.4 22380 9250.62 -3.71502e+07 1.62247e+07 -1.0498e+07 38115.1 -31.0455 11.9285
1010000 FRAC0_S 0 1 29555.5 22139.5 9304.99 -3.43138e+07 1.9053e+07 -5.23842e+06 35998 -38.1164 6.70837
1010000 FRAC0_S 0 1 29785.3 21934.2 9280.56 -3.31982e+07 2.03109e+07 -627493 36813.1 -42.6719 0.899659
1010000 FRAC0_S 0 1 30036 21784.3 9179.72 -3.46931e+07 1.85842e+07 3.48204e+06 32388.8 -38.3346 -4.6609
1010000 FRAC0_S 0 1 30283.2 21704.5 9012.35 -3.0818e+07 1.46514e+07 5.26542e+06 22816.2 -34.5921 -7.73964
1010000 FRAC0_S 0 1 30502.7 21702.5 8794.82 -3.35924e+07 1.04611e+07 7.9187e+06 18091.5 -25.3435 -11.1183
1010000 FRAC0_S 0 1 30672.9 21778.6 8548.44 -1.93674e+07 6.72541e+06 7.43083e+06 11374.4 -25.2691 -15.668
1010000 FRAC0_S 0 1 30777.3 21925.3 8297.31 -2.0768e+07 4.55433e+06 8.43372e+06 11308.3 -17.6144 -17.4279
1010000 FRAC0_S 0 1 30805.6 22128.4 8066.03 -2.12469e+07 2.82637e+06 8.07221e+06 9378.2 -11.7682 -17.506
1010000 FRAC0_S 0 1 30755 22367.7 7877.23 -1.31471e+07 652521 8.5617e+06 9787.2 -4.0257 -25.0269
1010000 FRAC0_S 0 1 30630.6 22620 7749.38 -1.25318e+07 -1.81853e+06 9.06853e+06 11232.4 10.4492 -25.2558
1010000 FRAC0_S 0 1 30444.5 22860.5 7695.01 -1.08662e+07 -5.1679e+06 8.99357e+06 13137.5 25.9237 -23.7677
1010000 FRAC0_S 0 1 30214.7 23065.8 7719.44 -1.07955e+07 -7.87884e+06 7.04665e+06 12135.8 36.3165 -18.8924
1010000 FRAC0_S 0 1 29964 23215.7 7820.28 -1.26247e+07 -1.12469e+07 4.86634e+06 14421.4 44.0691 -12.2619
1010000 FRAC0_S 0 1 29716.8 23295.5 7987.65 -1.54095e+07 -1.31376e+07 1.51393e+06 15684.9 47.8145 -3.84453
1010000 FRAC0_S 0 1 29497.3 23297.5 8205.18 -1.80528e+07 -1.41192e+07 -2.83499e+06 18833.2 45.0786 6.10029
1010000 FRAC0_S 0 1 29327.1 23221.4 8451.56 -2.25152e+07 -1.12966e+07 -6.82545e+06 17567.7 33.5087 12.17
Step FractureNumber TipNr TipActive TipX TipY TipZ KI KII KIII G Phi Psi Extension
1010101 FRAC0_S 0 1 29166.1 23142.5 8737.89 -2.16504e+07 -1.0793e+07 -1.1154e+07 26927 30.3685 17.7955
1010101 FRAC0_S 0 1 29113.9 22904.4 8972.34 -2.72288e+07 2.87403e+06 -1.36459e+07 25502.2 -8.89507 21.1188
1010101 FRAC0_S 0 1 29156.2 22626.4 9160.4 -2.52666e+07 1.93415e+07 -1.26153e+07 54501.7 -39.3229 15.5918
1010101 FRAC0_S 0 1 29286.3 22341.7 9284.89 -1.88568e+07 2.99793e+07 -9.02395e+06 90918.5 -53.7464 11.3623
1010101 FRAC0_S 0 1 29485.2 22076.9 9332.81 -1.30408e+07 3.41596e+07 -4.40784e+06 106565 -61.9983 6.42122
1010101 FRAC0_S 0 1 29731.7 21854.3 9301.71 -1.24524e+07 3.63256e+07 284754 117596 -65.2822 -0.451591
1010101 FRAC0_S 0 1 30003.4 21692.9 9196.04 -1.18476e+07 3.15772e+07 4.2778e+06 91287.1 -62.001 -6.72939
1010101 FRAC0_S 0 1 30275.7 21607.4 9022.42 -1.52127e+07 2.69178e+07 7.20058e+06 71462.2 -55.55 -10.6821
1010101 FRAC0_S 0 1 30520.2 21606.2 8793.38 -1.67399e+07 2.14978e+07 8.22407e+06 50178.2 -49.7915 -12.7726
1010101 FRAC0_S 0 1 30711.1 21690.6 8529.64 -1.67339e+07 1.60503e+07 8.60791e+06 32810.5 -43.7615 -14.7937
1010101 FRAC0_S 0 1 30832.4 21854.1 8260.05 -1.57157e+07 1.06937e+07 9.4358e+06 22031.8 -35.5362 -18.2458
1010101 FRAC0_S 0 1 30872.1 22081.5 8012.64 -1.35174e+07 5.6631e+06 8.47537e+06 12411.5 -25.7327 -20.8045
1010101 FRAC0_S 0 1 30826.5 22352.5 7813.99 -5.72614e+06 -1.52904e+06 7.49297e+06 7675.58 13.7623 -31.1106
1010101 FRAC0_S 0 1 30701.7 22641.4 7688.5 -8.66783e+06 -3.20401e+06 8.7219e+06 11032.3 20.0871 -27.1155
1010101 FRAC0_S 0 1 30508.5 22915.3 7647.55 -1.23517e+07 -1.02732e+07 8.01387e+06 17946.1 39.0723 -18.144
1010101 FRAC0_S 0 1 30266.5 23143.6 7690.37 -5.9084e+06 -1.11448e+07 6.56165e+06 16794.4 50.4807 -19.1253
1010101 FRAC0_S 0 1 30001.7 23306.1 7810.25 -168480 -1.39521e+07 4.03645e+06 19513.3 66.2457 -15.7091
1010101 FRAC0_S 0 1 29739.3 23391.5 7994.25 236823 -1.38451e+07 1.8224e+06 17527.9 68.8265 -8.50437
1010101 FRAC0_S 0 1 29499.5 23393.9 8224.01 -3.34647e+06 -2.12387e+07 -2.53944e+06 41053.6 66.7039 7.01322
1010101 FRAC0_S 0 1 29301.4 23310.4 8479.61 -1.13412e+07 -1.96922e+07 -7.16635e+06 41385.9 53.5686 13.4715