
Step FractureNumber TipNr TipActive TipX TipY TipZ KI KII KIII G Phi Psi Extension
1010000 FRAC0_S 0 1 -29799.2 -29424 7723.21 8.06205e+06 3.42143e+06 -239104 6842.6 -34.8983 1.57722
1010000 FRAC0_S 0 1 -30050.4 -29277.8 7828.17 7.31136e+06 3.21484e+06 411857 5706.99 -35.1009 -2.8902
1010000 FRAC0_S 0 1 -30296.6 -29202.2 7998.91 6.86978e+06 2.5786e+06 1.03829e+06 4941.33 -30.1926 -7.3993
1010000 FRAC0_S 0 1 -30513.8 -29204.8 8218.7 7.2791e+06 2.27635e+06 1.84608e+06 5636.53 -25.1611 -11.7643
1010000 FRAC0_S 0 1 -30692.7 -29295.6 8488.26 7.12274e+06 1.18073e+06 2.1649e+06 5268.43 -14.9001 -14.7194
1010000 FRAC0_S 0 1 -30781.1 -29435.6 8716.66 8.13889e+06 -130997 2.55671e+06 6773.71 1.68369 -16.5795
1010000 FRAC0_S 0 1 -30804.9 -29641.2 8946.1 7.92557e+06 -1.23991e+06 2.59391e+06 6629.28 13.9834 -15.5997
1010000 FRAC0_S 0 1 -30749.9 -29882 9131.87 8.12475e+06 -2.59427e+06 2.27567e+06 7170.79 25.1598 -12.6476
1010000 FRAC0_S 0 1 -30621.5 -30134.2 9255.79 8.12227e+06 -3.65589e+06 1.67115e+06 7441.14 32.8835 -9.18245
1010000 FRAC0_S 0 1 -30432.3 -30373.4 9305.73 9.67985e+06 -5.05557e+06 988610 10757.1 37.7764 -4.77361
1010000 FRAC0_S 0 1 -30200.8 -30576 9276.79 8.22244e+06 -4.53704e+06 -125410 7861 40.6177 0.756054
1010000 FRAC0_S 0 1 -29973.9 -30711.4 9185.29 8.36149e+06 -4.42073e+06 -914677 8082.82 37.8937 5.06166
1010000 FRAC0_S 0 1 -29703.4 -30797.8 9001.09 8.77722e+06 -3.82186e+06 -1.86217e+06 8627.8 32.1104 9.49682
1010000 FRAC0_S 0 1 -29486.2 -30795.2 8781.3 8.11668e+06 -2.39416e+06 -2.21548e+06 7034.19 23.8603 12.5786
1010000 FRAC0_S 0 1 -29319.2 -30714.8 8533.98 6.69867e+06 -919508 -1.85219e+06 4530.18 12.9331 13.9928
1010000 FRAC0_S 0 1 -29218.9 -30564.4 8283.34 7.92513e+06 -272237 -2.49766e+06 6433.1 3.51828 16.4159
1010000 FRAC0_S 0 1 -29195.1 -30358.8 8053.9 6.79716e+06 608261 -1.88213e+06 4621.11 -8.86865 14.4515
1010000 FRAC0_S 0 1 -29250.1 -30118 7868.13 7.57776e+06 1.54673e+06 -2.0007e+06 5862.47 -18.1111 12.9599
1010000 FRAC0_S 0 1 -29378.5 -29865.8 7744.21 7.4961e+06 2.22833e+06 -1.52098e+06 5757.38 -24.9931 9.9461
1010000 FRAC0_S 0 1 -29567.7 -29626.6 7694.27 7.53767e+06 2.77369e+06 -1.00507e+06 5882.82 -30.1091 6.66728
Step FractureNumber TipNr TipActive TipX TipY TipZ KI KII KIII G Phi Psi Extension
1010101 FRAC0_S 0 1 -29814.5 -29409 7627.35 9.04842e+06 -1.45808e+06 -528500 7522.38 17.2764 3.65997
1010101 FRAC0_S 0 1 -30086.9 -29250.6 7741.15 8.49927e+06 -1.26365e+06 114689 6581.14 16.7646 -0.901208
1010101 FRAC0_S 0 1 -30351.4 -29163.1 7927.67 7.30605e+06 -1.01545e+06 715140 4916.44 14.8479 -5.96608
1010101 FRAC0_S 0 1 -30583.9 -29156.7 8170.76 8.14763e+06 -766554 1.59945e+06 6308.07 9.83535 -11.1025
1010101 FRAC0_S 0 1 -30758.8 -29230.9 8450.25 6.84822e+06 -169507 1.59998e+06 4522.12 2.72666 -13.3441
1010101 FRAC0_S 0 1 -30856.4 -29380.1 8738.37 9.45645e+06 226009 2.42888e+06 8757.8 -2.58815 -14.3154
1010101 FRAC0_S 0 1 -30867.8 -29593 9001.5 8.88308e+06 779502 2.42763e+06 7869.56 -8.73535 -14.3314
1010101 FRAC0_S 0 1 -30793.6 -29847 9211.44 6.91025e+06 713722 1.57244e+06 4629.39 -10.4436 -12.372
1010101 FRAC0_S 0 1 -30643.1 -30114.1 9349.16 9.74212e+06 1.10275e+06 1.60294e+06 8907.43 -11.8532 -9.49708
1010101 FRAC0_S 0 1 -30431.8 -30367.4 9403.87 1.12338e+07 1.73682e+06 1.0196e+06 11652.6 -16.3015 -5.50933
1010101 FRAC0_S 0 1 -30179.6 -30583.6 9372.69 9.82813e+06 1.5431e+06 -38910.9 8819.71 -17.6532 0.265612
1010101 FRAC0_S 0 1 -29910.3 -30744.5 9259.13 1.00307e+07 1.45482e+06 -784127 9236.22 -15.6157 4.85003
1010101 FRAC0_S 0 1 -29647.7 -30834.8 9072.55 7.22686e+06 862156 -1.17264e+06 4903.12 -12.4258 9.34674
1010101 FRAC0_S 0 1 -29416.6 -30844.2 8828.49 9.04733e+06 960838 -1.95229e+06 7883.21 -10.7951 11.8526
1010101 FRAC0_S 0 1 -29240.9 -30769.5 8549.88 6.38223e+06 346763 -1.67328e+06 4012.8 -5.65859 14.2247
1010101 FRAC0_S 0 1 -29139.8 -30616.7 8264.85 8.58715e+06 -106615 -2.24426e+06 7241.79 1.35796 14.6148
1010101 FRAC0_S 0 1 -29125.2 -30401.8 8002.86 6.485e+06 -301654 -1.59784e+06 4095.21 4.94625 13.6661
1010101 FRAC0_S 0 1 -29196.9 -30146.9 7791.93 8.60656e+06 -819759 -1.89299e+06 7137.11 9.77185 12.1214
1010101 FRAC0_S 0 1 -29346.4 -29878.1 7652.76 8.05236e+06 -1.22568e+06 -1.44516e+06 6189.57 15.0877 9.91264
1010101 FRAC0_S 0 1 -29559.2 -29624 7596.69 8.37557e+06 -960342 -1.14037e+06 6506.23 12.2453 8.09948