
Step FractureNumber TipNr TipActive TipX TipY TipZ KI KII KIII G Phi Psi Extension
1010000 FRAC0_S 0 1 -14200 29687.6 8012.29 3.77152e+06 2.92256e+06 -3.79224e+06 3941.34 -33.581 23.8919
1010000 FRAC0_S 0 1 -14270.4 29932.7 7837.69 4.07872e+06 3.80769e+06 -3.55776e+06 4457.86 -38.8315 21.0593
1010000 FRAC0_S 0 1 -14412.2 30184.4 7727.93 4.08281e+06 4.91494e+06 -2.78656e+06 4670.73 -46.2139 16.599
1010000 FRAC0_S 0 1 -14611.6 30417.9 7693.74 6.00727e+06 8.44363e+06 -1.90044e+06 10049.2 -53.6283 8.61981
1010000 FRAC0_S 0 1 -14849 30610.5 7738.47 6.01042e+06 9.30314e+06 204093 10937 -58.7731 -1.02017
1010000 FRAC0_S 0 1 -15101.2 30743.5 7857.74 5.65544e+06 7.11612e+06 2.17741e+06 7993.12 -50.7817 -10.661
1010000 FRAC0_S 0 1 -15343.6 30803.6 8039.89 9.38323e+06 1.06183e+07 -395356 17913.4 -53.9112 1.49949
1010000 FRAC0_S 0 1 -15552.2 30785.1 8267.07 3.58885e+06 477011 3.7566e+06 3044.9 -8.27685 -29.8476
1010000 FRAC0_S 0 1 -15706.8 30689.7 8517.05 3.69414e+06 -2.73477e+06 4.01255e+06 4023.88 31.8661 -25.1012
1010000 FRAC0_S 0 1 -15792.2 30526.8 8765.37 -1.38346e+07 -1.95102e+07 1.37584e+07 59095.6 45.9788 -19.9675
1010000 FRAC0_S 0 1 -15800 30312.4 8987.71 2.23235e+06 -7.77083e+06 313610 5838.12 65.737 -2.34056
1010000 FRAC0_S 0 1 -15729.6 30067.3 9162.31 2.11743e+06 -7.04745e+06 -1.18202e+06 5011.13 62.882 8.47996
1010000 FRAC0_S 0 1 -15587.8 29815.6 9272.07 2.10509e+06 -5.93933e+06 -2.75411e+06 4547.11 55.8258 17.7469
1010000 FRAC0_S 0 1 -15388.4 29582.1 9306.26 2.5143e+06 -5.15809e+06 -4.14207e+06 5216.02 47.7799 23.2901
1010000 FRAC0_S 0 1 -15151 29389.5 9261.53 2.61686e+06 -3.65035e+06 -4.99425e+06 5114.98 38.0254 28.1013
1010000 FRAC0_S 0 1 -14898.8 29256.5 9142.26 3.03393e+06 -1.59384e+06 -5.07367e+06 4470.31 21.111 31.7667
1010000 FRAC0_S 0 1 -14656.4 29196.4 8960.11 3.14378e+06 44464.1 -5.55609e+06 4986.61 -0.710076 36.2378
1010000 FRAC0_S 0 1 -14447.8 29214.9 8732.93 3.63148e+06 1.12568e+06 -4.92801e+06 4518.01 -15.3262 31.1443
1010000 FRAC0_S 0 1 -14293.2 29310.3 8482.95 3.34994e+06 1.62199e+06 -3.9866e+06 3348.2 -23.0531 28.1755
1010000 FRAC0_S 0 1 -14207.8 29473.2 8234.63 2.91232e+06 1.48462e+07 4.733e+06 23376 -61.9118 -14.9525
Step FractureNumber TipNr TipActive TipX TipY TipZ KI KII KIII G Phi Psi Extension
1010101 FRAC0_S 0 1 -14180.1 29629.1 7937.76 6.42121e+06 -476016 -4.36589e+06 6229.48 5.79183 25.2765
1010101 FRAC0_S 0 1 -14250.9 29890.1 7751.27 8.10127e+06 -875758 -4.74385e+06 8909.72 8.65056 23.023
1010101 FRAC0_S 0 1 -14413 30154.2 7634.21 9.18494e+06 -421406 -3.89648e+06 9552.71 4.30105 19.7603
1010101 FRAC0_S 0 1 -14633.7 30395.7 7600.01 1.43016e+07 -1.81841e+06 -6.64337e+06 24390.7 10.7369 19.9532
1010101 FRAC0_S 0 1 -14888.3 30597.3 7648.61 1.20618e+07 -2.366e+06 -2.10639e+06 14053.4 18.6002 9.4013
1010101 FRAC0_S 0 1 -15153.9 30740.9 7773.96 1.24077e+07 341778 82780.7 13729.8 -3.67915 -0.501805
1010101 FRAC0_S 0 1 -15415.8 30824.9 7983.42 9.05376e+06 -49776 4.80828e+06 10379.5 0.50002 -23.0167
1010101 FRAC0_S 0 1 -15608.3 30843 8240.7 7.04896e+06 -1.42274e+06 4.42925e+06 7217.29 14.5881 -22.8897
1010101 FRAC0_S 0 1 -15741.3 30771.8 8540.16 8.73538e+06 -1.48633e+06 1.52158e+06 7304.49 16.5982 -9.55248
1010101 FRAC0_S 0 1 -15802 30604.9 8821.68 5.02358e+06 -106635 1.35477e+06 2493.93 2.28314 -14.8546
1010101 FRAC0_S 0 1 -15789.5 30378.5 9059.7 8.0043e+06 -105261 988344 5840.07 1.61041 -8.08402
1010101 FRAC0_S 0 1 -15712.3 30120.3 9244.43 7.30791e+06 297693 -73222.8 4767.58 -5.32232 0.740782
1010101 FRAC0_S 0 1 -15572.1 29851.5 9362.8 7.7513e+06 -640902 -1.73078e+06 5788.99 8.58304 12.3714
1010101 FRAC0_S 0 1 -15370.8 29595.3 9402.07 7.29432e+06 -2.9486e+06 -5.14262e+06 9033.42 24.2596 22.3846
1010101 FRAC0_S 0 1 -15127.5 29374.1 9354.45 4.53885e+06 -628879 -3.73802e+06 3729.39 9.53704 26.9253
1010101 FRAC0_S 0 1 -14869.1 29208 9218.52 4.08752e+06 -242573 -4.00431e+06 3626.67 4.01541 29.8579
1010101 FRAC0_S 0 1 -14622.2 29120 9005.28 -1.89721e+06 -1.1002e+07 -1.14175e+07 28124.2 49.0129 29.3484
1010101 FRAC0_S 0 1 -14409.2 29126.7 8742.09 5.16301e+06 -188992 -4.96399e+06 5655.84 2.54134 29.892
1010101 FRAC0_S 0 1 -14265.3 29224.9 8456.83 5.72765e+06 -1.56348e+06 -5.01283e+06 6483.26 16.6597 26.3009
1010101 FRAC0_S 0 1 -14194.7 29398.9 8178.53 5.9218e+06 -1.50623e+06 -4.01096e+06 5466.72 17.2209 23.2926