
Step FractureNumber TipNr TipActive TipX TipY TipZ KI KII KIII G Phi Psi Extension
1010000 FRAC0_S 0 1 -45000 15987.2 8471.27 -3.79421e+06 641312 1.07472e+06 190.268 -15.3458 -13.9578
1010000 FRAC0_S 0 1 -45000 15947.8 8777.76 -3.9682e+06 158017 1.06502e+06 153.084 -4.19663 -14.6134
1010000 FRAC0_S 0 1 -45000 15815.6 9057.06 -4.09806e+06 -188900 1.00303e+06 136.988 4.91 -13.6032
1010000 FRAC0_S 0 1 -45000 15603.5 9281.83 -4.26078e+06 -561697 839633 121.877 13.1995 -10.8409
1010000 FRAC0_S 0 1 -45000 15332.4 9430.08 -4.11998e+06 -780829 704470 120.335 18.144 -9.28178
1010000 FRAC0_S 0 1 -45000 15028.7 9487.27 -3.96908e+06 -961572 474669 112.359 22.6899 -6.5951
1010000 FRAC0_S 0 1 -45000 14722.2 9447.82 -3.74405e+06 -1.11685e+06 206921 116.846 27.4535 -3.12976
1010000 FRAC0_S 0 1 -45000 14442.9 9315.6 -4.50383e+06 -1.44267e+06 -104784 186.925 29.3984 1.34075
1010000 FRAC0_S 0 1 -45000 14218.2 9103.54 -3.76011e+06 -1.11674e+06 -375309 129.863 26.6028 5.40523
1010000 FRAC0_S 0 1 -45000 14070 8832.4 -4.05896e+06 -552632 -964816 151.02 13.1868 12.5075
1010000 FRAC0_S 0 1 -45000 14012.8 8528.73 -4.02076e+06 -589745 -1.1357e+06 202.538 13.6311 14.1271
1010000 FRAC0_S 0 1 -45000 14052.2 8222.24 -3.50785e+06 -654677 -1.32089e+06 270.246 15.7171 16.8744
1010000 FRAC0_S 0 1 -45000 14184.4 7942.94 -3.18566e+06 757692 -1.06473e+06 201.933 -19.5788 15.0914
1010000 FRAC0_S 0 1 -45000 14396.5 7718.17 -2.80963e+06 1.00862e+06 -826223 181.444 -27.1018 12.8314
1010000 FRAC0_S 0 1 -45000 14667.6 7569.92 -2.58292e+06 1.24814e+06 -931111 254.126 -31.8846 13.9892
1010000 FRAC0_S 0 1 -45000 14971.3 7512.73 -3.69858e+06 2.28018e+06 -353277 479.903 -41.3372 4.24904
1010000 FRAC0_S 0 1 -45000 15277.8 7552.18 -3.17746e+06 1.95353e+06 -284471 350.831 -41.3935 4.00624
1010000 FRAC0_S 0 1 -45000 15557.1 7684.4 -3.70911e+06 1.98177e+06 458524 377.933 -37.8477 -5.63252
1010000 FRAC0_S 0 1 -45000 15781.8 7896.46 -3.40636e+06 1.19314e+06 789855 209.829 -27.5634 -10.7227
1010000 FRAC0_S 0 1 -45000 15930 8167.6 -3.62882e+06 1.00286e+06 952193 210.208 -22.886 -12.3414
Step FractureNumber TipNr TipActive TipX TipY TipZ KI KII KIII G Phi Psi Extension
1010101 FRAC0_S 0 1 -45024.8 16081.1 8469.13 -3.56802e+06 1.77205e+06 1.07396e+06 433.222 -33.3358 -12.1351
1010101 FRAC0_S 0 1 -45008.1 16040.3 8805.14 -3.98809e+06 614756 1.15872e+06 212.248 -14.141 -14.352
1010101 FRAC0_S 0 1 -44991.8 15895.5 9111.44 -4.45719e+06 -472268 1.15811e+06 198.257 10.4398 -13.6445
1010101 FRAC0_S 0 1 -44978.6 15661.8 9356.79 -4.24661e+06 -1.4118e+06 988911 307.68 26.5766 -10.8736
1010101 FRAC0_S 0 1 -44969.1 15363.9 9517.14 -4.32797e+06 -2.28297e+06 871095 565.358 36.2006 -8.63383
1010101 FRAC0_S 0 1 -44961.4 15031.8 9577.04 -3.97062e+06 -3.26995e+06 686733 1015.54 45.8385 -6.5094
1010101 FRAC0_S 0 1 -44955 14698.1 9531.44 -3.73769e+06 -3.53798e+06 435458 1140.64 49.4983 -4.29953
1010101 FRAC0_S 0 1 -44952.7 14394.4 9386.52 -3.25711e+06 -3.419e+06 50210.5 1041.99 53.0763 -0.580414
1010101 FRAC0_S 0 1 -44959.6 14147.5 9157.04 -3.47675e+06 -3.15499e+06 -450970 914.046 48.4732 4.83263
1010101 FRAC0_S 0 1 -44971.5 13982.1 8863.15 -4.27976e+06 -2.6202e+06 -990056 742.15 38.7728 9.26799
1010101 FRAC0_S 0 1 -44975.8 13918.2 8531.56 -2.91638e+06 -1.45642e+06 -795543 273.191 33.8928 11.2243
1010101 FRAC0_S 0 1 -44989 13962.2 8196.12 -3.79612e+06 -586603 -1.51967e+06 337.814 13.2223 17.8949
1010101 FRAC0_S 0 1 -45021.4 14108.8 7891.98 -3.13064e+06 1.49468e+06 -1.39677e+06 458.555 -30.4358 16.3161
1010101 FRAC0_S 0 1 -45044.3 14342.6 7649.66 -2.2228e+06 2.26815e+06 -849531 554.412 -46.8328 11.5727
1010101 FRAC0_S 0 1 -45054.3 14639.1 7493.56 -1.83252e+06 2.53257e+06 -1.03072e+06 712.843 -50.2894 13.6956
1010101 FRAC0_S 0 1 -45062.8 14968.3 7437.22 -1.26434e+06 3.05794e+06 -250182 841.594 -62.3203 4.16898
1010101 FRAC0_S 0 1 -45064.9 15298.9 7481.12 -1.16475e+06 2.82017e+06 69428.6 709.364 -63.5135 -1.32603
1010101 FRAC0_S 0 1 -45058.7 15602.1 7620.26 -1.44499e+06 2.75676e+06 305788 689.648 -59.4396 -5.13959
1010101 FRAC0_S 0 1 -45048.2 15849.8 7845.32 -1.73089e+06 2.15198e+06 469963 442.044 -52.1048 -8.03676
1010101 FRAC0_S 0 1 -45037.6 16015.1 8137.85 -2.92471e+06 2.39313e+06 895716 617.047 -43.5369 -10.5583