
Step FractureNumber TipNr TipActive TipX TipY TipZ KI KII KIII G Phi Psi Extension
1010000 FRAC0_S 0 1 -14307.7 15012.1 7795.63 -1.43467e+06 802690 875006 159.244 -31.4505 -19.3205
1010000 FRAC0_S 0 1 -14469.4 15260.6 7708.75 -2.21862e+06 413410 1.57221e+06 343.986 -13.0896 -24.5539
1010000 FRAC0_S 0 1 -14683.1 15483.7 7699.32 -2.17346e+06 -286128 1.57823e+06 338.572 9.56917 -25.4457
1010000 FRAC0_S 0 1 -14927.7 15659.4 7768.28 -1.35952e+06 -622247 1.14817e+06 209.837 25.066 -24.1724
1010000 FRAC0_S 0 1 -15179.4 15770.6 7908.85 -2.9971e+06 -2.01016e+06 876306 462.202 39.6609 -10.8854
1010000 FRAC0_S 0 1 -15413.6 15806.3 8107.29 -4.00954e+06 -3.3591e+06 738946 1078.1 45.9882 -6.83499
1010000 FRAC0_S 0 1 -15607.4 15763.2 8344.17 -4.25476e+06 -2.22867e+06 -930876 557.855 35.7579 9.27283
1010000 FRAC0_S 0 1 -15741.6 15645.2 8596.31 -4.99767e+06 -1.35539e+06 -1.79298e+06 591.267 21.3562 15.5694
1010000 FRAC0_S 0 1 -15803.2 15464.2 8839.02 -6.12737e+06 -98168.4 -2.41228e+06 774.8 1.58205 19.2093
1010000 FRAC0_S 0 1 -15786.2 15237.7 9048.54 -6.65304e+06 1.63197e+06 -2.52617e+06 1086.07 -19.5382 16.424
1010000 FRAC0_S 0 1 -15692.3 14987.9 9204.37 -5.3545e+06 2.43871e+06 -1.59932e+06 870.154 -31.631 12.3247
1010000 FRAC0_S 0 1 -15530.6 14739.4 9291.25 -6.38862e+06 3.80691e+06 -1.09455e+06 1450.77 -39.2479 7.25178
1010000 FRAC0_S 0 1 -15316.9 14516.3 9300.68 -5.79041e+06 3.51139e+06 -145150 1101.51 -42.3663 1.19066
1010000 FRAC0_S 0 1 -15072.3 14340.6 9231.72 -6.12587e+06 3.47623e+06 609214 1126.18 -39.5477 -4.53607
1010000 FRAC0_S 0 1 -14820.6 14229.4 9091.15 -6.47642e+06 3.4752e+06 1.42231e+06 1345.24 -36.2408 -9.23787
1010000 FRAC0_S 0 1 -14586.4 14193.7 8892.71 -5.92974e+06 2.42868e+06 1.70047e+06 910.2 -29.7217 -12.2429
1010000 FRAC0_S 0 1 -14392.6 14236.8 8655.83 1.83423e+06 -7.49568e+06 7.56391e+06 12915.8 48.3366 -28.3078
1010000 FRAC0_S 0 1 -14258.4 14354.8 8403.69 -4.36897e+06 969697 1.40559e+06 346.558 -18.6822 -14.8228
1010000 FRAC0_S 0 1 -14196.8 14535.8 8160.98 -3.5015e+06 802157 1.20236e+06 249.613 -18.9105 -15.4594
1010000 FRAC0_S 0 1 -14213.8 14762.3 7951.46 -3.12249e+06 880209 1.21808e+06 266.375 -21.6139 -16.4022
Step FractureNumber TipNr TipActive TipX TipY TipZ KI KII KIII G Phi Psi Extension
1010101 FRAC0_S 0 1 -14269.9 14989.8 7709.15 -1.34585e+06 1.76187e+06 881108 379.869 -48.1812 -15.6195
1010101 FRAC0_S 0 1 -14432.1 15274.2 7622.88 -1.46754e+06 945665 -156354 82.9408 -42.0426 4.624
1010101 FRAC0_S 0 1 -14644.9 15537.1 7630.72 1.58427e+06 -4.94454e+06 4.95925e+06 5673.29 47.2895 -27.5219
1010101 FRAC0_S 0 1 -14896.2 15740.7 7727.06 -1.31998e+06 -1.41536e+06 1.17254e+06 361.366 41.5231 -20.4326
1010101 FRAC0_S 0 1 -15157.2 15864.8 7897.05 -1.04532e+06 -2.12799e+06 420498 427.036 58.3547 -8.6747
1010101 FRAC0_S 0 1 -15405.8 15903.8 8117.17 -1.33803e+06 -2.39631e+06 -346738 527.687 58.0704 6.38885
1010101 FRAC0_S 0 1 -15624.5 15856.4 8365.64 -1.73133e+06 -4.10095e+06 -1.40576e+06 1761.46 56.8505 13.9042
1010101 FRAC0_S 0 1 -15790 15722.5 8625.57 -3.89811e+06 -3.69207e+06 -2.44005e+06 2006.55 42.0486 17.0221
1010101 FRAC0_S 0 1 -15878.9 15509.8 8872.76 -5.49407e+06 185868 -2.63345e+06 925.439 -3.09508 21.3968
1010101 FRAC0_S 0 1 -15875.8 15243.7 9081.64 -5.93906e+06 2.81459e+06 -3.38819e+06 2232.74 -28.6918 19.1963
1010101 FRAC0_S 0 1 -15780.3 14958.9 9234.22 -4.69999e+06 6.37491e+06 -3.6774e+06 5419.98 -47.4267 17.393
1010101 FRAC0_S 0 1 -15607.8 14684.2 9316.86 -1.47855e+07 3.17463e+06 4.87552e+06 4059.58 -18.11 -15.1491
1010101 FRAC0_S 0 1 -15378.4 14442.4 9322.64 -2.16608e+06 7.54097e+06 154008 5070.51 -66.1251 -1.21014
1010101 FRAC0_S 0 1 -15114 14253.4 9250.69 -2.50399e+06 6.97813e+06 1.84154e+06 4790.19 -59.6912 -11.8122
1010101 FRAC0_S 0 1 -14838.9 14133.9 9104.78 -4.8678e+06 4.7855e+06 2.7623e+06 3055.54 -43.5623 -15.7204
1010101 FRAC0_S 0 1 -14566.3 14117.6 8912.6 -1.46626e+07 -3.49253e+06 -1.77233e+06 1504.71 22.3866 6.67622
1010101 FRAC0_S 0 1 -14335.5 14187.8 8677.18 -6.2342e+06 -3.69209e+06 736768 1286.9 40.0828 -5.23189
1010101 FRAC0_S 0 1 -14196.5 14296.7 8390.44 -5.6863e+06 -4.00711e+06 -2.58742e+06 2321.23 38.228 14.9688
1010101 FRAC0_S 0 1 -14141.3 14473.2 8110.23 -2.95199e+06 1.59988e+06 821829 317.916 -35.4766 -11.1571
1010101 FRAC0_S 0 1 -14165.4 14717.4 7879.48 -2.13972e+06 1.71546e+06 565645 304.787 -43.7854 -9.43985