
Step FractureNumber TipNr TipActive TipX TipY TipZ KI KII KIII G Phi Psi Extension
1010000 FRAC0_S 0 1 -136.633 -14243.4 7880.01 2.36748e+06 9.28736e+06 -3.23709e+06 9579.31 -60.0853 15.3958
1010000 FRAC0_S 0 1 -375.548 -14194.2 8069.72 2.76706e+06 7.84273e+06 -602490 6211.57 -63.678 4.09603
1010000 FRAC0_S 0 1 -577.701 -14223.9 8301.55 1.63857e+07 1.57113e+07 -1.14106e+06 46094.6 -50.5361 2.63885
1010000 FRAC0_S 0 1 -723.306 -14329.5 8552.8 5.58352e+06 6.65413e+06 3.87971e+06 8725.55 -45.8683 -16.8637
1010000 FRAC0_S 0 1 -798.108 -14500.8 8798.89 9.05851e+06 6.38021e+06 7.3748e+06 18173 -33.6785 -21.7661
1010000 FRAC0_S 0 1 -794.785 -14721 9015.72 9.9032e+06 1.70875e+06 8.51961e+06 18653.1 -11.3788 -27.0992
1010000 FRAC0_S 0 1 -713.664 -14968.4 9182.07 1.18483e+07 -3.03853e+06 9.62256e+06 25647.2 16.2805 -25.5367
1010000 FRAC0_S 0 1 -562.684 -15219 9281.65 1.1538e+07 -7.05771e+06 7.67047e+06 24126.7 32.564 -19.964
1010000 FRAC0_S 0 1 -356.625 -15448.1 9304.71 1.55509e+07 -1.42134e+07 9.06923e+06 50490.9 41.8639 -16.4164
1010000 FRAC0_S 0 1 -115.656 -15633.3 9249.01 3.06236e+06 -1.54768e+07 99817.9 22181.5 67.9852 -0.41677
1010000 FRAC0_S 0 1 136.633 -15756.6 9119.99 1.08345e+07 -1.32776e+07 925536 26283.9 54.5571 -2.83824
1010000 FRAC0_S 0 1 369.838 -15805.5 8935.74 9.47874e+06 -1.21816e+07 -1.49778e+06 21527.7 54.2739 4.9067
1010000 FRAC0_S 0 1 577.701 -15776.1 8698.45 -1.28175e+07 142819 -9.52239e+06 12061.7 -0.886508 27.1165
1010000 FRAC0_S 0 1 723.306 -15670.5 8447.2 6.48506e+06 -9.10194e+06 -4.71342e+06 14084.7 48.6987 16.3313
1010000 FRAC0_S 0 1 798.108 -15499.2 8201.11 3.07976e+06 -4.86529e+06 -4.14592e+06 5240.63 45.0004 22.8657
1010000 FRAC0_S 0 1 794.785 -15279 7984.28 3.10879e+06 -4.36312e+06 -6.32338e+06 7875.6 37.2765 28.8196
1010000 FRAC0_S 0 1 713.664 -15031.6 7817.93 1.54664e+07 -8.80412e+06 -1.08036e+07 43746.5 30.7315 20.8948
1010000 FRAC0_S 0 1 562.684 -14781 7718.35 555314 414848 -4.7886e+06 3092.59 -9.72202 42.0418
1010000 FRAC0_S 0 1 356.625 -14551.9 7695.29 4.96077e+06 1.99214e+06 -7.40344e+06 9836.42 -18.0791 31.448
1010000 FRAC0_S 0 1 115.656 -14366.7 7750.99 630083 4.90202e+06 -3.95088e+06 4252.73 -53.6649 26.7689
Step FractureNumber TipNr TipActive TipX TipY TipZ KI KII KIII G Phi Psi Extension
1010101 FRAC0_S 0 1 -192.149 -14255.3 7798.71 1.02216e+07 2.62783e+06 -2.8722e+06 11022.9 -21.4449 13.1485
1010101 FRAC0_S 0 1 -444.525 -14203.6 7999.52 1.02412e+07 -1.78009e+06 -1.83565e+06 10076.5 16.8296 9.75367
1010101 FRAC0_S 0 1 -658.836 -14223.6 8245.68 1.61834e+07 1.69867e+06 2.57464e+06 24476.9 -11.1426 -9.29421
1010101 FRAC0_S 0 1 -814.773 -14322.7 8517.91 1.25741e+07 1.58466e+06 5.14591e+06 17834.6 -11.0205 -18.4471
1010101 FRAC0_S 0 1 -893.415 -14490.2 8796 1.27931e+07 385839 7.40776e+06 21895.7 -2.59931 -23.7941
1010101 FRAC0_S 0 1 -878.032 -14705.4 9054.53 1.06202e+07 -252905 7.215e+06 16979.8 1.94377 -25.8622
1010101 FRAC0_S 0 1 -767.054 -14951.6 9257.7 1.39575e+07 -322630 8.19957e+06 26311.1 1.99486 -24.0603
1010101 FRAC0_S 0 1 -581.536 -15206.7 9375.95 1.88581e+07 -2.43469e+06 1.00705e+07 45706.3 10.4462 -21.6429
1010101 FRAC0_S 0 1 -342.755 -15435.2 9399.25 1.85668e+07 1.84136e+06 5.4588e+06 34983.8 -9.61129 -14.991
1010101 FRAC0_S 0 1 -74.4136 -15616.8 9335.64 1.79689e+07 3.76111e+06 3.55204e+06 31710.6 -19.2781 -10.3073
1010101 FRAC0_S 0 1 193.714 -15748.1 9200.27 1.79191e+07 3.14786e+06 1.95817e+06 30005.7 -17.8316 -6.39483
1010101 FRAC0_S 0 1 438.246 -15825.4 8992.09 1.80334e+07 -5.74129e+06 -1.18574e+06 32103.2 28.4987 3.6309
1010101 FRAC0_S 0 1 646.692 -15816.4 8736.09 2.57469e+07 -7.59444e+06 -393621 64231.3 27.9694 0.905615
1010101 FRAC0_S 0 1 808.048 -15689.8 8476.77 -5.72869e+06 -4.93612e+06 -6.51129e+06 7809.97 34.4524 24.8266
1010101 FRAC0_S 0 1 894.766 -15493.9 8219.13 9.91101e+06 -1.74112e+06 -8.45107e+06 18522.2 11.6002 26.9581
1010101 FRAC0_S 0 1 891.679 -15264.8 7978.39 1.51131e+07 -28921.8 -4.37169e+06 22895.2 0.207344 15.8182
1010101 FRAC0_S 0 1 795.821 -15012 7779.43 3.23703e+06 -694986 -5.54495e+06 5066.05 9.89034 34.3404
1010101 FRAC0_S 0 1 612.89 -14762 7643.17 3.42535e+06 -4.53719e+06 -6.18323e+06 7964.86 37.7029 27.7893
1010101 FRAC0_S 0 1 366.536 -14538.4 7602.8 2.09701e+06 2.017e+06 -4.78873e+06 3804.33 -28.1253 32.4078
1010101 FRAC0_S 0 1 85.737 -14367.6 7661.1 7.70563e+06 5.10114e+06 -4.66485e+06 10504 -34.9083 18.4732