
Step FractureNumber TipNr TipActive TipX TipY TipZ KI KII KIII G Phi Psi Extension
1010000 FRAC0_S 0 1 -15016.2 -29293.7 7809.85 2.08256e+07 9.37598e+06 -1.41126e+06 46745.8 -35.3648 3.41631
1010000 FRAC0_S 0 1 -15264.6 -29207.9 7972.55 2.40828e+07 8.77378e+06 -83576 58542.6 -32.3236 0.19769
1010000 FRAC0_S 0 1 -15487.1 -29199.8 8186.88 1.71562e+07 4.99703e+06 968079 28577.9 -26.9875 -3.20798
1010000 FRAC0_S 0 1 -15661.9 -29270 8431.86 1.92097e+07 3.16442e+06 76717.3 33776 -18.3421 -0.26615
1010000 FRAC0_S 0 1 -15771.9 -29411.7 8683.51 1.43617e+07 1.68316e+06 -1.47862e+06 18922.9 -12.8014 6.34663
1010000 FRAC0_S 0 1 -15806.3 -29610.9 8917.2 1.03946e+07 2.10705e+06 -3.22437e+06 11406.6 -17.5012 14.6054
1010000 FRAC0_S 0 1 -15761.8 -29848.2 9110.04 7.00131e+06 4.30075e+06 -4.42304e+06 8618.16 -33.0534 19.3285
1010000 FRAC0_S 0 1 -15642.8 -30100.5 9243.17 4.24543e+06 7.43164e+06 -4.60281e+06 9345.29 -49.3219 19.4151
1010000 FRAC0_S 0 1 -15460.8 -30342.8 9303.56 2.85301e+06 1.05427e+07 -3.06591e+06 11880 -60.9502 13.3825
1010000 FRAC0_S 0 1 -15233.8 -30551.6 9285.29 2.69628e+06 1.06125e+07 -745886 10757.9 -65.8012 4.04654
1010000 FRAC0_S 0 1 -14983.8 -30706.3 9190.15 2.40254e+07 4.27805e+06 4.35623e+06 55590.6 -17.1374 -9.81674
1010000 FRAC0_S 0 1 -14735.4 -30792.1 9027.45 3.68876e+06 -2.09738e+06 -1.84553e+06 2057.51 33.1886 16.9325
1010000 FRAC0_S 0 1 -14512.9 -30800.2 8813.12 1.21793e+07 -435293 2.34305e+06 13965.3 4.01495 -11.4086
1010000 FRAC0_S 0 1 -14338.1 -30730 8568.14 -1.64368e+07 3.57543e+06 -5.57615e+06 5274.58 -18.1953 15.4305
1010000 FRAC0_S 0 1 -14228.1 -30588.3 8316.49 2.02147e+07 -5.18782e+06 -2.927e+06 39951.1 23.29 7.70668
1010000 FRAC0_S 0 1 -14193.7 -30389.1 8082.8 1.70212e+07 -2.58599e+06 -4.69885e+06 29349.6 14.1026 13.8457
1010000 FRAC0_S 0 1 -14238.2 -30151.8 7889.96 2.63629e+07 758404 -8.43157e+06 71438.1 -2.95459 16.6421
1010000 FRAC0_S 0 1 -14357.2 -29899.5 7756.83 2.10994e+07 4.7846e+06 -6.83982e+06 47932.3 -18.9732 14.8616
1010000 FRAC0_S 0 1 -14539.2 -29657.2 7696.44 2.77812e+07 9.40648e+06 -7.1636e+06 83484.3 -26.5439 11.7376
1010000 FRAC0_S 0 1 -14766.2 -29448.4 7714.71 2.91889e+07 1.35615e+07 -5.16927e+06 95863.6 -34.0143 8.03014
Step FractureNumber TipNr TipActive TipX TipY TipZ KI KII KIII G Phi Psi Extension
1010101 FRAC0_S 0 1 -15050.1 -29268.4 7721.1 3.10223e+07 -5.18433e+06 -2.41097e+06 88926 17.5331 4.74107
1010101 FRAC0_S 0 1 -15317.6 -29171.8 7898.34 3.00308e+07 -5.5933e+06 -1.21372e+06 83347.4 19.6432 2.5341
1010101 FRAC0_S 0 1 -15555.9 -29154.6 8134.48 2.33182e+07 -4.62637e+06 251665 50368.3 21.0864 -0.693557
1010101 FRAC0_S 0 1 -15742.5 -29221.2 8407.23 1.88353e+07 -3.41271e+06 -506970 32685.4 19.4222 1.72142
1010101 FRAC0_S 0 1 -15860.6 -29371 8685.73 1.50466e+07 -2.3522e+06 -1.74207e+06 21071.3 16.1473 6.82567
1010101 FRAC0_S 0 1 -15900.2 -29594.1 8935.06 1.22944e+07 -23600.2 -5.74877e+06 17864.6 0.182759 21.4781
1010101 FRAC0_S 0 1 -15855.2 -29865.1 9127.23 1.34473e+07 645006 -5.62389e+06 20357.3 -4.50512 19.5639
1010101 FRAC0_S 0 1 -15728.2 -30147.1 9248.13 1.14802e+07 -94579.5 -3.88791e+06 13755.6 0.853706 17.5258
1010101 FRAC0_S 0 1 -15534.5 -30407.9 9294.37 7.96647e+06 710474 -2.11425e+06 6294.83 -8.91394 14.0153
1010101 FRAC0_S 0 1 -15287 -30627.5 9284.95 4.48291e+06 -284950 -1.34054e+06 2037.04 6.37852 15.5284
1010101 FRAC0_S 0 1 -14993.6 -30776.8 9229.09 8.28413e+06 8.556e+06 1.05056e+06 12785.4 -50.9435 -4.46646
1010101 FRAC0_S 0 1 -14698.9 -30850.3 9086.96 6.03032e+06 7.19493e+06 3.05852e+06 9097.57 -48.1925 -13.4863
1010101 FRAC0_S 0 1 -14461.4 -30869.5 8847.16 1.89521e+07 -9.05732e+06 -4.92321e+06 42540.6 33.2088 10.923
1010101 FRAC0_S 0 1 -14278.4 -30801.2 8572.76 1.64877e+07 -4.2787e+06 -420436 25879 25.4182 1.53485
1010101 FRAC0_S 0 1 -14146.2 -30632.4 8309.78 1.89242e+07 -1.03724e+06 -4.23749e+06 34396.6 5.87222 12.6467
1010101 FRAC0_S 0 1 -14104.9 -30413.7 8054.63 2.49825e+07 2.55337e+06 -5.91983e+06 60857.5 -10.2772 12.7685
1010101 FRAC0_S 0 1 -14167.2 -30169.3 7828.42 3.13933e+07 -1.60712e+06 -6.42324e+06 93539 5.59084 11.8324
1010101 FRAC0_S 0 1 -14313.3 -29907.4 7671.05 3.11723e+07 -3.1311e+06 -8.15287e+06 96303.6 9.94411 13.7614
1010101 FRAC0_S 0 1 -14523.7 -29653.4 7600.12 3.22389e+07 -4.60266e+06 -7.08671e+06 101183 13.9003 11.7245
1010101 FRAC0_S 0 1 -14777.3 -29433.9 7618.37 3.38374e+07 -1.55213e+07 -5.93956e+06 128188 33.7809 7.99722