
Step FractureNumber TipNr TipActive TipX TipY TipZ KI KII KIII G Phi Psi Extension
1010000 FRAC0_S 0 1 -29195.9 44544.7 8151.2 -979157 -2.68119e+06 -142188 643.282 63.9126 2.87051
1010000 FRAC0_S 0 1 -29216.3 44772.7 7943.58 -962520 -2.51458e+06 -722146 632.812 58.7337 12.4377
1010000 FRAC0_S 0 1 -29313.3 45022.9 7790.43 -637157 -1.4329e+06 -901740 291.108 51.2294 20.6294
1010000 FRAC0_S 0 1 -29477.6 45270.9 7706.74 -955320 -1.51821e+06 -1.82512e+06 648.428 40.714 27.1684
1010000 FRAC0_S 0 1 -29693 45492.3 7700.69 -876492 -569791 -1.839e+06 478.724 22.1756 33.3217
1010000 FRAC0_S 0 1 -29969.8 45683.3 7786.45 -966721 293712 -1.92116e+06 498.569 -12.3277 35.0668
1010000 FRAC0_S 0 1 -30190 45773.7 7916.26 -843710 1.09282e+06 -1.704e+06 492.603 -35.7177 29.2793
1010000 FRAC0_S 0 1 -30422.9 45806.1 8116.78 -869370 1.78976e+06 -1.35887e+06 531.028 -48.4721 22.6048
1010000 FRAC0_S 0 1 -30614.4 45759.6 8354.8 -636703 1.61828e+06 -676585 294.246 -55.9518 16.2441
1010000 FRAC0_S 0 1 -30745.8 45638.7 8607.04 -886883 2.59382e+06 -407243 621.58 -62.2445 7.80805
1010000 FRAC0_S 0 1 -30804.1 45455.3 8848.8 -1.00036e+06 2.73149e+06 146629 667.713 -63.878 -2.90169
1010000 FRAC0_S 0 1 -30783.7 45227.3 9056.42 -919090 2.37686e+06 635560 557.149 -59.0543 -11.7469
1010000 FRAC0_S 0 1 -30686.7 44977.1 9209.57 -1.58975e+06 2.06547e+06 780996 461.283 -50.0086 -12.7091
1010000 FRAC0_S 0 1 -30513.3 44717.8 9295.42 -1.08564e+06 1.56335e+06 1.59934e+06 557.991 -42.0396 -24.6873
1010000 FRAC0_S 0 1 -30307 44507.7 9299.31 -1.018e+06 683471 1.64638e+06 402.13 -25.6639 -30.3775
1010000 FRAC0_S 0 1 -30061.5 44334.4 9227.11 -1.13137e+06 -86388.2 1.87458e+06 468.033 3.85644 -35.1569
1010000 FRAC0_S 0 1 -29810 44226.3 9083.74 -1.05721e+06 -892183 1.609e+06 415.252 30.7012 -28.5222
1010000 FRAC0_S 0 1 -29577.1 44193.9 8883.22 -1.02693e+06 -1.58567e+06 1.32201e+06 456.498 45.0518 -22.4821
1010000 FRAC0_S 0 1 -29385.6 44240.4 8645.2 -1.00071e+06 -2.1408e+06 935648 524.827 54.211 -16.162
1010000 FRAC0_S 0 1 -29254.2 44361.3 8392.96 -1.00219e+06 -2.54661e+06 432079 602.727 60.9134 -8.07726
Step FractureNumber TipNr TipActive TipX TipY TipZ KI KII KIII G Phi Psi Extension
1010101 FRAC0_S 0 1 -29107.7 44574.6 8185.69 1.68415e+06 -1.60982e+06 9103.95 483.687 51.6048 -0.214734
1010101 FRAC0_S 0 1 -29127 44810.9 7962.73 1.27204e+06 -1.42589e+06 -377077 344.274 49.8669 9.06861
1010101 FRAC0_S 0 1 -29227 45070.1 7789.67 954734 -1.48925e+06 -867934 379.051 48.7992 18.1746
1010101 FRAC0_S 0 1 -29404 45328.7 7681.84 425897 -1.41795e+06 -1.35682e+06 440.173 48.2839 27.1353
1010101 FRAC0_S 0 1 -29649.9 45554.3 7647.25 184620 -440076 -1.50818e+06 322.819 25.9061 38.6545
1010101 FRAC0_S 0 1 -29941.4 45716.8 7697.06 -356199 262144 -1.69589e+06 388.636 -14.9603 39.4378
1010101 FRAC0_S 0 1 -30234.2 45804.8 7837.12 356200 1.27773e+06 -1.67204e+06 528.615 -43.6525 31.0083
1010101 FRAC0_S 0 1 -30491.7 45817.8 8047.86 673670 1.32878e+06 -1.11906e+06 364.333 -46.9114 23.7217
1010101 FRAC0_S 0 1 -30695.2 45754.6 8298.01 811633 1.42625e+06 -870824 340.825 -49.4965 19.2602
1010101 FRAC0_S 0 1 -30831.4 45619.1 8560.92 1.25638e+06 1.22348e+06 -349815 290.324 -47.446 9.13832
1010101 FRAC0_S 0 1 -30890.3 45442.3 8794.73 1.29876e+06 1.28696e+06 -80124.7 298.753 -51.2723 2.31456
1010101 FRAC0_S 0 1 -30873.1 45189.2 9037.55 843677 883808 197202 138.205 -49.5271 -7.64539
1010101 FRAC0_S 0 1 -30773.2 44930.1 9210.65 964660 1.54074e+06 655005 351.522 -51.6151 -14.7483
1010101 FRAC0_S 0 1 -30596.9 44670.6 9316.23 353638 1.38808e+06 1.18589e+06 369.881 -50.6425 -26.1809
1010101 FRAC0_S 0 1 -30353.6 44442.1 9347.86 -305870 935687 1.51132e+06 381.8 -39.4983 -32.8756
1010101 FRAC0_S 0 1 -30064.4 44275.7 9297.83 -786685 41387.2 1.65789e+06 365.718 -2.31137 -37.3413
1010101 FRAC0_S 0 1 -29769.8 44187.2 9160.29 -259372 -667302 1.00982e+06 175.304 39.9309 -31.7008
1010101 FRAC0_S 0 1 -29509.2 44176.4 8951.3 316581 -1.35687e+06 1.12291e+06 340.694 51.4507 -26.0004
1010101 FRAC0_S 0 1 -29304.4 44241.9 8701.29 728963 -1.41154e+06 743036 298.329 51.7585 -17.908
1010101 FRAC0_S 0 1 -29168 44379.2 8438.49 1.09999e+06 -1.34131e+06 401554 289.586 50.4716 -10.3591