
Step FractureNumber TipNr TipActive TipX TipY TipZ KI KII KIII G Phi Psi Extension
1010000 FRAC0_S 0 1 -44201.4 29698 8003.36 -1.52421e+06 -2.06484e+06 -250423 388.267 55.0455 4.94703
1010000 FRAC0_S 0 1 -44275.2 29943.9 7831.33 -1.94636e+06 -2.451e+06 -861385 634.004 50.0451 11.891
1010000 FRAC0_S 0 1 -44420.1 30195.2 7724.75 -1.92925e+06 -1.52699e+06 -940976 325.539 40.1753 15.1803
1010000 FRAC0_S 0 1 -44621.5 30427.5 7694.05 -1.90969e+06 -1.05091e+06 -1.64945e+06 460.264 28.2769 23.6834
1010000 FRAC0_S 0 1 -44860.1 30617.9 7742.25 -1.22506e+06 -247838 -1.16167e+06 184.955 12.5505 27.9769
1010000 FRAC0_S 0 1 -45112.4 30747.8 7864.62 -1.71571e+06 375126 -1.62447e+06 363.515 -13.4219 27.7957
1010000 FRAC0_S 0 1 -45353.7 30804.5 8049.19 -1.48052e+06 913804 -1.29186e+06 296.374 -30.4042 23.2827
1010000 FRAC0_S 0 1 -45554.6 30784.4 8270.26 -1.65995e+06 1.56287e+06 -1.13209e+06 388.115 -41.2272 18.0466
1010000 FRAC0_S 0 1 -45712.2 30683.8 8528.32 -1.68547e+06 2.05469e+06 -798083 460.912 -49.0362 12.6963
1010000 FRAC0_S 0 1 -45794.3 30518.3 8775.98 -1.60056e+06 2.26648e+06 -306617 470.257 -55.3835 5.55216
1010000 FRAC0_S 0 1 -45798.6 30302 8996.64 -1.50675e+06 2.0468e+06 110142 374.932 -56.3661 -2.31511
1010000 FRAC0_S 0 1 -45724.8 30056.1 9168.67 -1.18602e+06 1.53263e+06 427909 233.669 -51.584 -9.99712
1010000 FRAC0_S 0 1 -45579.9 29804.8 9275.25 -1.74709e+06 1.83176e+06 1.0467e+06 444.707 -44.4636 -15.9606
1010000 FRAC0_S 0 1 -45378.5 29572.5 9305.95 -1.70292e+06 1.07853e+06 1.05232e+06 250.936 -33.8453 -18.9237
1010000 FRAC0_S 0 1 -45139.9 29382.1 9257.75 -1.73751e+06 532876 1.56097e+06 349.373 -18.1175 -26.301
1010000 FRAC0_S 0 1 -44887.6 29252.2 9135.38 -1.73885e+06 -223364 1.59788e+06 344.024 8.50819 -28.361
1010000 FRAC0_S 0 1 -44646.3 29195.5 8950.81 -1.87422e+06 -1.02038e+06 1.53504e+06 406.174 28.535 -23.067
1010000 FRAC0_S 0 1 -44439.6 29217.5 8722.12 -1.74993e+06 -1.68993e+06 1.19501e+06 444.416 41.7397 -17.917
1010000 FRAC0_S 0 1 -44287.8 29316.2 8471.68 -1.68206e+06 -1.7982e+06 694788 352.342 47.313 -12.0664
1010000 FRAC0_S 0 1 -44205.7 29481.7 8224.02 -1.44463e+06 -1.95184e+06 211748 345.444 55.2487 -4.46378
Step FractureNumber TipNr TipActive TipX TipY TipZ KI KII KIII G Phi Psi Extension
1010101 FRAC0_S 0 1 -44108.5 29727.5 8020.7 398458 -1.43942e+06 52290.4 199.141 66.0192 -2.13257
1010101 FRAC0_S 0 1 -44185.6 29984.8 7830.67 669505 -2.03588e+06 -626398 461.472 59.4102 13.4981
1010101 FRAC0_S 0 1 -44340.9 30248 7702.46 47854.1 -1.61738e+06 -968349 358.021 59.5776 24.2185
1010101 FRAC0_S 0 1 -44563.9 30491.7 7650.53 -523949 -1.15543e+06 -1.13722e+06 290.967 45.6513 26.1134
1010101 FRAC0_S 0 1 -44837.8 30686.1 7680.96 -1.24052e+06 -535791 -1.71378e+06 416.206 19.8428 30.3442
1010101 FRAC0_S 0 1 -45133.1 30806.6 7793.9 -1.79795e+06 534299 -1.5998e+06 365.833 -17.7311 26.2725
1010101 FRAC0_S 0 1 -45410.1 30845.4 7982.16 -690556 1.45265e+06 -1.39984e+06 448.66 -45.633 25.6661
1010101 FRAC0_S 0 1 -45638.5 30803.9 8222.82 309982 1.24711e+06 -783286 228.753 -54.725 22.4089
1010101 FRAC0_S 0 1 -45801 30685.6 8485.81 411061 1.92446e+06 -677254 406.085 -60.8658 15.8664
1010101 FRAC0_S 0 1 -45886.7 30502 8744.68 1.0411e+06 2.27708e+06 -298166 570.451 -60.3995 6.20675
1010101 FRAC0_S 0 1 -45891 30271.5 8977.82 619607 1.45395e+06 -20961.2 222.645 -63.4527 0.77729
1010101 FRAC0_S 0 1 -45814 30013.8 9165.92 639022 2.00725e+06 444558 421.701 -61.3966 -10.5362
1010101 FRAC0_S 0 1 -45659.9 29750 9291.15 167432 2.12844e+06 829879 497.786 -62.8739 -18.3827
1010101 FRAC0_S 0 1 -45438.9 29505.5 9341.39 -486205 1.6637e+06 1.31122e+06 475.315 -51.1216 -24.8135
1010101 FRAC0_S 0 1 -45166.7 29309.8 9312.17 -1.14377e+06 821511 1.60685e+06 403.539 -28.4946 -28.4093
1010101 FRAC0_S 0 1 -44870.8 29188.7 9202.12 -1.12202e+06 -287423 1.38419e+06 262.188 13.6629 -30.5459
1010101 FRAC0_S 0 1 -44591.7 29151.8 9016.5 -1.06725e+06 -1.50339e+06 1.43389e+06 474.86 42.6931 -23.6983
1010101 FRAC0_S 0 1 -44361.7 29195.1 8776.77 -806211 -1.41733e+06 918701 291.26 48.9063 -19.9841
1010101 FRAC0_S 0 1 -44198.7 29313.2 8513.62 297990 -1.83529e+06 696333 372.55 61.3563 -17.1964
1010101 FRAC0_S 0 1 -44112.9 29496.8 8254.52 699914 -1.63045e+06 263162 289.75 60.3475 -7.5748