
Step FractureNumber TipNr TipActive TipX TipY TipZ KI KII KIII G Phi Psi Extension
1010000 FRAC0_S 0 1 0 29251.8 7855.26 6.60191e+06 -140004 -113977 3887.36 2.82974 1.2876
1010000 FRAC0_S 0 1 0 29487.6 7655.6 9.04319e+06 -187393 -194490 7295.52 2.75587 1.59551
1010000 FRAC0_S 0 1 0 29773.6 7538.6 9.85876e+06 360994 -55700.2 8673.08 -4.83204 0.421846
1010000 FRAC0_S 0 1 0 30081.8 7515.7 9.39334e+06 78259 -244099 7871.08 -1.12314 1.93886
1010000 FRAC0_S 0 1 0 30382 7589.16 9.08429e+06 113248 -186517 7359.51 -1.67934 1.53729
1010000 FRAC0_S 0 1 0 30644.7 7751.78 7.43087e+06 -1.39084e+07 -1.25375e+07 43064.3 45.6792 24.3472
1010000 FRAC0_S 0 1 0 30844.5 7987.64 7.47726e+06 304952 -58873.8 4990.83 -5.33894 0.583793
1010000 FRAC0_S 0 1 0 30961.5 8273.65 6.40902e+06 148977 24544.8 3662.3 -3.13265 -0.290385
1010000 FRAC0_S 0 1 0 30984.3 8581.81 4.88611e+06 181599 7712.16 2130.37 -4.91959 -0.118446
1010000 FRAC0_S 0 1 0 30910.8 8881.97 3.36386e+06 -1.34346e+07 7.1304e+06 23853.7 56.5365 -20.3125
1010000 FRAC0_S 0 1 0 30748.2 9144.74 2.28089e+06 -1.23636e+07 -7.28013e+06 21133.9 56.688 22.2616
1010000 FRAC0_S 0 1 0 30512.4 9344.4 1.55325e+06 56811 37094.2 215.456 -4.74538 -1.73984
1010000 FRAC0_S 0 1 0 30226.4 9461.4 795081 50157.3 92495.7 57.6933 -7.28803 -7.37265
1010000 FRAC0_S 0 1 0 29918.2 9484.3 675664 -68570.3 91132.2 42.2042 11.0201 -8.11648
1010000 FRAC0_S 0 1 0 29618 9410.84 743875 -36846.3 38529.8 49.6274 6.15499 -3.59539
1010000 FRAC0_S 0 1 0 29355.3 9248.22 1.41301e+06 -117155 34327.9 179.298 10.0911 -1.69557
1010000 FRAC0_S 0 1 0 29155.5 9012.36 2.41256e+06 -126168 21824.5 520.143 6.72838 -0.662424
1010000 FRAC0_S 0 1 0 29038.5 8726.35 3.18773e+06 -1.48078e+07 9.88438e+06 33439 54.6112 -23.5057
1010000 FRAC0_S 0 1 0 29015.7 8418.19 4.51209e+06 -147509 -28353.8 1816.23 4.33587 0.470554
1010000 FRAC0_S 0 1 0 29089.2 8118.03 6.90118e+06 -176019 -111627 4248.4 3.38594 1.20322
Step FractureNumber TipNr TipActive TipX TipY TipZ KI KII KIII G Phi Psi Extension
1010101 FRAC0_S 0 1 5.14696 29178 7791.65 8.73546e+06 126043 -303898 6813.53 -1.91205 2.54997
1010101 FRAC0_S 0 1 1.53235 29437.2 7572.36 9.7985e+06 17497 -153742 8558.67 -0.245485 1.19498
1010101 FRAC0_S 0 1 -3.49978 29751.4 7443.84 1.12476e+07 -535608 67756.7 11299.3 6.18437 -0.44488
1010101 FRAC0_S 0 1 -3.81859 30089.9 7418.59 1.02069e+07 -167510 97261.3 9287.28 2.2216 -0.721622
1010101 FRAC0_S 0 1 15.9306 30414.8 7504.94 9.44176e+06 1.84331e+06 -142586 8249.35 -20.7611 0.96809
1010101 FRAC0_S 0 1 32.7131 30698.5 7689.36 8.91665e+06 1.99656e+06 174686 7444.1 -22.9396 -1.22067
1010101 FRAC0_S 0 1 11.8674 30922.7 7942.86 7.53138e+06 1.37027e+06 719528 5290.65 -18.5192 -5.64873
1010101 FRAC0_S 0 1 -7.20252 31056.1 8251.35 6.45097e+06 -209585 46768.4 3712.52 4.30627 -0.54227
1010101 FRAC0_S 0 1 15.2019 31070.9 8585.55 5.09824e+06 -189996 -405690 2341.26 4.59361 5.38994
1010101 FRAC0_S 0 1 60.4603 30971.5 8903.67 4.49769e+06 446279 -1.20848e+06 2014.61 -9.78685 14.0478
1010101 FRAC0_S 0 1 60.5724 30794.7 9189.31 3.60595e+06 218533 -1.40348e+06 1424.92 -5.7298 18.5614
1010101 FRAC0_S 0 1 13.5845 30554.3 9420.1 2.02163e+06 -912659 -1.05778e+06 587.229 28.3479 18.3508
1010101 FRAC0_S 0 1 -3.63223 30248.6 9555.43 779682 -11627.6 -82191.9 55.0808 1.8512 7.04721
1010101 FRAC0_S 0 1 9.06672 29910.2 9580.26 1.78678e+06 -1.20062e+07 7.73459e+06 21086.2 56.3067 -23.7646
1010101 FRAC0_S 0 1 14.6241 29622 9517.09 1.04637e+06 -4.46123e+06 -2.84977e+06 2951.2 54.7865 22.7601
1010101 FRAC0_S 0 1 14.3702 29292.3 9321.31 600849 -328787 487157 73.3672 28.7192 -22.9183
1010101 FRAC0_S 0 1 30.6195 29083 9060.08 2.56724e+06 59466.3 1.00194e+06 721.129 -2.27552 -19.0213
1010101 FRAC0_S 0 1 45.5812 28964.3 8743.8 5.0376e+06 -1.01691e+06 1.12212e+06 2521 18.4321 -11.3891
1010101 FRAC0_S 0 1 25.6377 28928.9 8407.72 5.74977e+06 -41561.7 562594 2988.21 0.912761 -6.64762
1010101 FRAC0_S 0 1 6.07735 28999.3 8080.35 7.17124e+06 -179796 -212974 4591.54 3.28825 2.17003