
Step FractureNumber TipNr TipActive TipX TipY TipZ KI KII KIII G Phi Psi Extension
1010000 FRAC0_S 0 1 14840.5 15764.3 7895.16 -5.66576e+06 -208598 1.88319e+06 475.551 3.71394 -16.9903
1010000 FRAC0_S 0 1 14604 15806.4 8089.6 -2.77406e+06 -95733 1.68911e+06 380.279 2.90901 -24.3695
1010000 FRAC0_S 0 1 14406.6 15769.7 8323.7 2.94712e+07 -112502 2.01395e+06 77937.2 0.497576 -4.83744
1010000 FRAC0_S 0 1 14266.6 15657.3 8576.03 715600 -3.22933e+06 4.33005e+06 3468.58 43.9746 -31.7793
1010000 FRAC0_S 0 1 14198.8 15480.7 8820.4 2.68154e+06 -6.10441e+06 4.50384e+06 6659.18 49.5374 -22.6438
1010000 FRAC0_S 0 1 14209.5 15257.1 9033.41 4.99431e+06 -7.44418e+06 3.72367e+06 9004.93 49.6328 -16.2191
1010000 FRAC0_S 0 1 14297.5 15008.3 9194.21 6.55378e+06 -9.73556e+06 2.37713e+06 13025 53.9762 -9.39795
1010000 FRAC0_S 0 1 14454.3 14758.7 9287.05 7.71457e+06 -1.10109e+07 305587 16119.5 57.5681 -1.24396
1010000 FRAC0_S 0 1 14664.5 14532.7 9302.85 8.0474e+06 -1.07581e+07 -2.23369e+06 16747.7 53.2845 7.90914
1010000 FRAC0_S 0 1 14907.5 14352.5 9240.07 7.27124e+06 -9.16853e+06 -4.54299e+06 14947 47.8086 15.3409
1010000 FRAC0_S 0 1 15159.5 14235.7 9104.84 5.82867e+06 -5.54838e+06 -5.5994e+06 9940.57 38.2787 22.1369
1010000 FRAC0_S 0 1 15396 14193.6 8910.4 3.90151e+06 -1.87697e+06 -5.68221e+06 5964.59 21.0509 30.5604
1010000 FRAC0_S 0 1 15593.8 14230.5 8675.79 1.73618e+06 601214 -3.75997e+06 2181.08 -13.1238 35.5504
1010000 FRAC0_S 0 1 15733.4 14342.7 8423.97 -966829 3.21549e+06 -3.18623e+06 2271.56 -47.7633 27.5577
1010000 FRAC0_S 0 1 15801.2 14519.3 8179.6 -3.09506e+06 3.80952e+06 -1.37163e+06 1543.43 -49.6105 12.0206
1010000 FRAC0_S 0 1 15790.5 14742.9 7966.59 -5.04515e+06 3.32158e+06 242233 990.942 -43.5955 -2.16859
1010000 FRAC0_S 0 1 15702.5 14991.7 7805.79 -5.50729e+06 1.20419e+06 1.01027e+06 264.963 -20.1304 -9.64019
1010000 FRAC0_S 0 1 15545.7 15241.3 7712.95 2.21936e+07 229423 2.20862e+06 44545.2 -1.29791 -6.72861
1010000 FRAC0_S 0 1 15335.5 15467.3 7697.15 -6.85667e+06 200265 1.39484e+06 262.334 -3.27801 -11.9739
1010000 FRAC0_S 0 1 15092.5 15647.5 7759.93 -6.73812e+06 -97385.8 1.57512e+06 330.819 1.61166 -13.4502
Step FractureNumber TipNr TipActive TipX TipY TipZ KI KII KIII G Phi Psi Extension
1010101 FRAC0_S 0 1 14827.7 15842.8 7838.52 -7.92701e+06 326626 2.39586e+06 772.943 -4.22803 -15.8777
1010101 FRAC0_S 0 1 14567.4 15888.5 8051.65 4.74249e+07 -4.04433e+06 -5.61373e+06 206068 9.56762 7.35162
1010101 FRAC0_S 0 1 14363.9 15851.9 8317.33 -1.74866e+06 -284218 6.06733e+06 4903.26 4.8261 -39.9099
1010101 FRAC0_S 0 1 14242.9 15739.7 8610.76 3.96692e+06 -1.9342e+06 4.12649e+06 4000.36 24.3999 -26.5097
1010101 FRAC0_S 0 1 14189.2 15555.6 8884.04 4.22361e+07 3.55581e+07 1.05805e+07 286520 -44.9975 -8.86542
1010101 FRAC0_S 0 1 14210.4 15292.5 9131.55 1.26384e+07 -886811 3.19998e+06 15665.4 7.22636 -13.7155
1010101 FRAC0_S 0 1 14302.7 15056.1 9280.83 1.48581e+07 122276 1.19839e+06 19864.7 -1.05409 -5.59654
1010101 FRAC0_S 0 1 14471.5 14792.8 9378.52 1.57032e+07 1.02915e+06 -726246 22138.1 -8.00949 3.18756
1010101 FRAC0_S 0 1 14691.3 14550.3 9396.44 2.8651e+07 -1.00052e+06 -2.19254e+06 73877.1 4.32961 5.21405
1010101 FRAC0_S 0 1 14944.3 14350.1 9331.3 1.42606e+07 -140561 -3.88933e+06 20135.6 1.07175 15.0939
1010101 FRAC0_S 0 1 15207.4 14209 9184.91 1.41242e+07 -4.41404e+06 -7.94652e+06 27911.5 21.3885 20.4324
1010101 FRAC0_S 0 1 15448.6 14137.4 8962.17 -5.51229e+06 -6.43292e+06 -9.82169e+06 16517.5 35.2612 28.4764
1010101 FRAC0_S 0 1 15632.7 14150.3 8680.8 -2.11857e+07 4.71671e+06 -1.06907e+07 17183.3 -16.8824 19.9712
1010101 FRAC0_S 0 1 15750.3 14257.8 8384.83 2.78223e+07 -1.74613e+07 -2.36835e+06 96893.6 41.9016 3.79517
1010101 FRAC0_S 0 1 15811.7 14445 8115.39 644430 4.60271e+06 -1.59922e+06 2264.94 -62.4823 16.4192
1010101 FRAC0_S 0 1 15813.4 14689.6 7889.41 420258 938311 527900 131.258 -52.3168 -19.243
1010101 FRAC0_S 0 1 15744 14972.4 7722.89 -4.98074e+06 3.68473e+06 998268 1342.4 -43.2042 -7.70529
1010101 FRAC0_S 0 1 15592.1 15258.6 7629.88 -7.03717e+06 1.5348e+06 1.4721e+06 498.129 -19.7585 -10.7231
1010101 FRAC0_S 0 1 15367.1 15511.8 7616.36 8.99774e+06 -439682 1.56766e+06 7558.37 5.48163 -10.4414
1010101 FRAC0_S 0 1 15102.6 15712.3 7687.84 -1.20358e+07 -596866 1.68951e+06 411.387 5.71283 -8.74203