
Step FractureNumber TipNr TipActive TipX TipY TipZ KI KII KIII G Phi Psi Extension
1010000 FRAC0_S 0 1 29421.9 -29224 8302.08 -3.05982e+06 -4.11533e+06 70680.4 1509.83 56.9338 -0.757722
1010000 FRAC0_S 0 1 29276.5 -29329.8 8553.35 -3.464e+06 -4.19404e+06 -1.09571e+06 1727.12 51.0074 9.24623
1010000 FRAC0_S 0 1 29201.8 -29501.2 8799.39 -3.38386e+06 -2.84671e+06 -1.78126e+06 1144.12 40.9065 15.7105
1010000 FRAC0_S 0 1 29205.3 -29721.4 9016.14 -3.43732e+06 -1.49464e+06 -2.22617e+06 858.189 26.1805 21.0661
1010000 FRAC0_S 0 1 29286.5 -29968.9 9182.36 -3.53052e+06 -94017.4 -2.40964e+06 773.033 2.16432 25.8855
1010000 FRAC0_S 0 1 29437.7 -30219.5 9281.78 -3.53833e+06 1.15053e+06 -2.05563e+06 679.964 -21.8453 20.7078
1010000 FRAC0_S 0 1 29643.9 -30448.6 9304.68 -2.87844e+06 1.58689e+06 -1.25176e+06 432.796 -33.4665 15.4961
1010000 FRAC0_S 0 1 29884.9 -30633.7 9248.81 -3.61684e+06 2.23816e+06 -921067 559.217 -38.6055 9.99276
1010000 FRAC0_S 0 1 30137.2 -30756.8 9119.64 -2.5143e+06 -194275 645688 58.8127 7.87384 -13.792
1010000 FRAC0_S 0 1 30376 -30805.9 8929.82 -3.00494e+06 2.66002e+06 -72362.2 631.214 -49.8618 0.978527
1010000 FRAC0_S 0 1 30578.1 -30776 8697.92 -2.84056e+06 2.69913e+06 345964 665.111 -49.4816 -4.47089
1010000 FRAC0_S 0 1 30723.5 -30670.2 8446.65 -2.82447e+06 2.60411e+06 782623 685.753 -46.3919 -9.30422
1010000 FRAC0_S 0 1 30798.2 -30498.8 8200.61 -2.25987e+06 2.12029e+06 1.07247e+06 553.578 -43.8552 -14.065
1010000 FRAC0_S 0 1 30794.7 -30278.6 7983.86 -2.19277e+06 1.61655e+06 1.3105e+06 461.282 -37.2256 -17.8032
1010000 FRAC0_S 0 1 30713.5 -30031.1 7817.64 -2.63915e+06 1.32803e+06 1.95361e+06 664.766 -27.8802 -22.1439
1010000 FRAC0_S 0 1 30562.3 -29780.5 7718.22 -1.94443e+06 308433 3.75266e+06 1881.44 -7.00552 -35.8545
1010000 FRAC0_S 0 1 30356.1 -29551.4 7695.32 -2.70238e+06 -466768 2.45558e+06 821.385 11.1359 -27.7628
1010000 FRAC0_S 0 1 30115.1 -29366.3 7751.19 -3.49193e+06 -1.26975e+06 2.86782e+06 1237.51 21.3609 -24.6565
1010000 FRAC0_S 0 1 29862.8 -29243.2 7880.36 -3.03453e+06 -4.62821e+06 2.79405e+06 2947.06 48.2516 -18.4855
1010000 FRAC0_S 0 1 29624 -29194.1 8070.18 -2.36226e+06 -2.99441e+06 923716 912.486 50.8374 -10.7583
Step FractureNumber TipNr TipActive TipX TipY TipZ KI KII KIII G Phi Psi Extension
1010101 FRAC0_S 0 1 29435 -29132.4 8337.19 599160 -3.15119e+06 -1.04601e+06 1062.37 61.7644 15.441
1010101 FRAC0_S 0 1 29274.2 -29244.2 8602.02 -462101 -2.88329e+06 -1.43461e+06 1014.53 58.9784 20.4374
1010101 FRAC0_S 0 1 29178.2 -29428.6 8859.91 -2.18476e+06 -2.95215e+06 -1.23601e+06 979.795 49.8317 13.8866
1010101 FRAC0_S 0 1 29158.7 -29675.7 9085.31 -3.05012e+06 -1.13905e+06 -1.91574e+06 603.736 23.6843 21.2271
1010101 FRAC0_S 0 1 29221.4 -29964.1 9249.05 -3.41694e+06 140658 -2.71487e+06 982.038 -3.10425 27.5781
1010101 FRAC0_S 0 1 29367.5 -30256.6 9334.61 -2.67271e+06 2.37035e+06 -1.9847e+06 1024.56 -39.2565 19.396
1010101 FRAC0_S 0 1 29583 -30515.4 9341.54 -2.05415e+06 3.39007e+06 -1.46591e+06 1309.91 -51.8354 15.0618
1010101 FRAC0_S 0 1 29847.5 -30708.7 9288.22 -2.07966e+06 4.1513e+06 -1.03882e+06 1679.18 -57.1192 10.4721
1010101 FRAC0_S 0 1 30131.8 -30836.6 9156.46 -2.92585e+06 2.27136e+06 400692 481.078 -45.2808 -5.41408
1010101 FRAC0_S 0 1 30370.2 -30895 8931.58 -1.59012e+06 2.86692e+06 839025 826.045 -55.2735 -11.5288
1010101 FRAC0_S 0 1 30572.5 -30869.8 8667.08 -744011 2.44195e+06 1.08085e+06 686.751 -57.1958 -17.6411
1010101 FRAC0_S 0 1 30731 -30757.3 8400.7 -948101 2.47439e+06 1.1693e+06 727.432 -55.1153 -17.7228
1010101 FRAC0_S 0 1 30816.7 -30573.5 8139.16 -1.09453e+06 2.08567e+06 1.09827e+06 548.056 -51.6126 -17.8479
1010101 FRAC0_S 0 1 30823 -30333.8 7908.12 -1.31756e+06 2.4872e+06 1.51954e+06 858.348 -50.1243 -19.5731
1010101 FRAC0_S 0 1 30751.5 -30056.6 7733.08 -1.15049e+06 1.46108e+06 2.07684e+06 763.89 -36.8309 -28.0764
1010101 FRAC0_S 0 1 30607.9 -29766.5 7636.21 -2.49859e+06 1.37662e+06 3.70303e+06 1992.63 -23.1217 -30.2346
1010101 FRAC0_S 0 1 30399.7 -29499.7 7627.14 -2.12265e+06 -868383 2.35953e+06 807.659 20.8778 -27.9795
1010101 FRAC0_S 0 1 30151.2 -29288.5 7709.53 -1.90884e+06 -2.37335e+06 2.3663e+06 1246.65 41.0564 -23.5811
1010101 FRAC0_S 0 1 29892.9 -29151.9 7872.93 393230 -3.54417e+06 1.25815e+06 1343.63 62.9282 -16.9532
1010101 FRAC0_S 0 1 29646.9 -29099.7 8088.51 847896 -3.29592e+06 -131022 1034.36 66.3293 2.35966