
Step FractureNumber TipNr TipActive TipX TipY TipZ KI KII KIII G Phi Psi Extension
1010000 FRAC0_S 0 1 -15000 15987.2 8471.27 -7.01911e+06 6.84381e+06 -1.58891e+06 4509.49 -48.2758 7.67177
1010000 FRAC0_S 0 1 -15000 15947.8 8777.76 -3.27822e+06 7.89833e+06 180073 5563.31 -63.5088 -1.22849
1010000 FRAC0_S 0 1 -15000 15815.6 9057.06 189826 7.08351e+06 1.96221e+06 4986.49 -66.1992 -15.0825
1010000 FRAC0_S 0 1 -15000 15603.5 9281.83 1.94876e+06 5.40212e+06 3.16281e+06 4269.34 -53.4539 -20.4781
1010000 FRAC0_S 0 1 -15000 15332.4 9430.08 4.02556e+06 4.73775e+06 5.28509e+06 7159.21 -39.2529 -24.6735
1010000 FRAC0_S 0 1 -15000 15028.7 9487.27 4.71087e+06 2.21822e+06 6.27889e+06 7659.48 -21.538 -29.6224
1010000 FRAC0_S 0 1 -15000 14722.2 9447.82 3.9836e+06 -674662 4.9397e+06 4699.93 9.49505 -31.4027
1010000 FRAC0_S 0 1 -15000 14442.9 9315.6 3.96713e+06 -3.72294e+06 6.50492e+06 8265.26 31.903 -28.8139
1010000 FRAC0_S 0 1 -15000 14218.2 9103.54 825678 -5.35274e+06 4.60712e+06 5436.92 52.2392 -27.297
1010000 FRAC0_S 0 1 -15000 14070 8832.4 2.00578e+07 9.17443e+06 -7.00079e+06 49869.2 -30.9609 13.8389
1010000 FRAC0_S 0 1 -15000 14012.8 8528.73 -6.15093e+06 -6.47726e+06 1.80054e+06 4169.78 48.7413 -9.21963
1010000 FRAC0_S 0 1 -15000 14052.2 8222.24 -2.47467e+06 1.22882e+06 -4.6787e+06 3045.96 -19.0194 33.2561
1010000 FRAC0_S 0 1 -15000 14184.4 7942.94 5.03509e+06 5.62539e+06 5.38923e+06 8941.84 -40.4703 -22.4704
1010000 FRAC0_S 0 1 -15000 14396.5 7718.17 -1.43564e+07 -4.80679e+06 -1.94304e+06 2561.04 28.2533 6.90098
1010000 FRAC0_S 0 1 -15000 14675.1 7567.23 -1.63882e+07 -3.45522e+06 -2.83831e+06 2135.29 19.7025 9.24388
1010000 FRAC0_S 0 1 -15000 14971.3 7512.73 -1.85832e+07 -2.11004e+06 -3.8561e+06 2374.39 11.516 11.4377
1010000 FRAC0_S 0 1 -15000 15277.8 7552.18 -3.43466e+07 1.25194e+07 -1.26864e+07 35372.4 -26.3379 15.1187
1010000 FRAC0_S 0 1 -15000 15557.1 7684.4 -1.51694e+07 1.73575e+06 -3.48039e+06 1879.52 -11.413 12.3549
1010000 FRAC0_S 0 1 -15000 15781.8 7896.46 -1.07289e+07 2.66209e+06 -2.43592e+06 1420.68 -21.5676 11.2233
1010000 FRAC0_S 0 1 -15000 15930 8167.6 -9.66625e+06 5.12559e+06 -2.5651e+06 3216.18 -35.2384 10.8065
Step FractureNumber TipNr TipActive TipX TipY TipZ KI KII KIII G Phi Psi Extension
1010101 FRAC0_S 0 1 -15074.2 16050.5 8466.57 257856 2.12124e+07 7.36098e+06 47308.7 -65.1118 -17.7633
1010101 FRAC0_S 0 1 -15086.3 15994.2 8789.24 4.48704e+06 4.18412e+06 337423 3369.28 -49.9237 -2.87525
1010101 FRAC0_S 0 1 -15088.2 15852.1 9083.36 6.46962e+06 1.70995e+06 1.76391e+06 4404.15 -22.0053 -12.7983
1010101 FRAC0_S 0 1 -15078.8 15636.5 9329.32 8.20106e+06 409411 3.66089e+06 7790.72 -4.59293 -20.3326
1010101 FRAC0_S 0 1 -15060.9 15355.2 9501.56 1.27526e+07 -2.62376e+07 -5.79809e+06 80307.6 57.9915 9.54449
1010101 FRAC0_S 0 1 -15030 15029.7 9575.65 7.78199e+06 -137717 5.86073e+06 9966.44 1.39212 -27.204
1010101 FRAC0_S 0 1 -14987.7 14697.1 9535.92 8.76567e+06 -1.21356e+06 6.06951e+06 11877.7 10.1861 -24.779
1010101 FRAC0_S 0 1 -14949.6 14400 9383.67 8.80244e+06 93210.2 3.87492e+06 8902.27 -1.01811 -20.629
1010101 FRAC0_S 0 1 -14960.1 14161.8 9146.99 3.37636e+06 -9.23816e+06 2.15957e+06 9241.08 60.1717 -10.6964
1010101 FRAC0_S 0 1 -14987.1 14000.9 8856.67 2.21006e+07 1.51994e+07 -8.55622e+06 73847.4 -38.7136 13.405
1010101 FRAC0_S 0 1 -14983.4 13936.9 8530.25 -3.86112e+06 -8.65249e+06 2.27214e+06 7357.91 57.9554 -11.207
1010101 FRAC0_S 0 1 -15013.7 13974.6 8198.69 6.83947e+06 3.94065e+06 7.27891e+06 12598.9 -27.2162 -26.0777
1010101 FRAC0_S 0 1 -15028.7 14116.9 7897.41 -1.4384e+07 -2.97178e+06 -74542.2 787.714 21.8344 0.332969
1010101 FRAC0_S 0 1 -14984.1 14345.9 7650.41 -1.40618e+07 -1.02774e+07 166170 9415.91 46.4027 -0.527396
1010101 FRAC0_S 0 1 -14966.3 14637.5 7483.68 -1.45356e+07 -9.00336e+06 -2.55214e+06 8089.59 39.9751 7.31395
1010101 FRAC0_S 0 1 -14992.7 14968.2 7420.1 -1.81066e+07 -3.82619e+06 -4.17151e+06 3618.95 19.0164 11.6218
1010101 FRAC0_S 0 1 -15022.1 15303.5 7464.45 -1.73883e+07 4.90371e+06 -3.53091e+06 3800.93 -24.0614 10.0484
1010101 FRAC0_S 0 1 -15030.2 15609.4 7608.21 -1.43982e+07 5.97967e+06 -2.85968e+06 4273.9 -31.3907 9.09913
1010101 FRAC0_S 0 1 -15039.5 15870.2 7866.09 -9.85428e+06 6.32394e+06 -2.71134e+06 4541.44 -39.0242 10.516
1010101 FRAC0_S 0 1 -15056.7 16003.5 8139.16 -4.71693e+06 6.94755e+06 -1.78936e+06 4727.05 -53.6291 9.79027