
Step FractureNumber TipNr TipActive TipX TipY TipZ KI KII KIII G Phi Psi Extension
1010000 FRAC0_S 0 1 29366.1 748.711 8385.14 1.67613e+07 1.75813e+06 254952 25318.6 -12.4965 -1.05314
1010000 FRAC0_S 0 1 29243.1 619.473 8637.43 -2.7857e+07 1.59946e+07 1.32549e+07 46164.1 -33.7205 -16.3266
1010000 FRAC0_S 0 1 29194.1 429.597 8876.26 1.34978e+07 -3.26656e+06 -705001 17251.9 23.7308 3.09406
1010000 FRAC0_S 0 1 29224.1 197.668 9078.26 1.37055e+07 -4.2384e+06 -2.17938e+06 18971.1 26.3817 8.06043
1010000 FRAC0_S 0 1 29329.9 -53.6093 9223.66 1.37446e+07 -3.46009e+06 -3.55307e+06 19580 21.3915 12.3843
1010000 FRAC0_S 0 1 29501.4 -299.639 9298.22 1.26258e+07 -2.44443e+06 -4.41762e+06 17333.1 16.4594 15.9857
1010000 FRAC0_S 0 1 29721.7 -516.338 9294.64 1.28875e+07 -717365 -4.77422e+06 17877.4 5.35779 18.0348
1010000 FRAC0_S 0 1 29969.2 -682.494 9213.29 1.40683e+07 1.25595e+06 -4.55923e+06 20541.5 -8.56387 16.1502
1010000 FRAC0_S 0 1 30219.7 -781.843 9062.11 1.36076e+07 2.24668e+06 -3.6556e+06 18727.3 -15.1936 13.4565
1010000 FRAC0_S 0 1 30448.8 -804.66 8855.91 1.39789e+07 2.53486e+06 -2.53698e+06 18841.5 -17.3889 9.80201
1010000 FRAC0_S 0 1 30633.9 -748.711 8614.86 1.0335e+07 1.56414e+06 -1.30352e+06 9962.02 -15.6035 7.37937
1010000 FRAC0_S 0 1 30756.9 -619.473 8362.57 1.42873e+07 -51227 -1.14284e+06 18363.8 0.462486 5.57814
1010000 FRAC0_S 0 1 30805.5 -437.375 8131.87 4.23074e+07 -3.57681e+06 1.56356e+07 193154 7.9031 -17.6925
1010000 FRAC0_S 0 1 30775.9 -197.668 7921.74 1.45146e+07 -2.75169e+06 -2.79063e+06 20483.7 17.8896 10.2137
1010000 FRAC0_S 0 1 30670.1 53.6093 7776.34 1.42166e+07 -2.27447e+06 -3.87503e+06 20468.2 14.7621 13.6463
1010000 FRAC0_S 0 1 30498.6 299.639 7701.78 1.11845e+07 -483654 -4.28187e+06 13606.4 4.18087 18.5613
1010000 FRAC0_S 0 1 30278.3 516.338 7705.36 1.17507e+07 1.28239e+06 -4.23411e+06 14835.1 -10.0114 17.1422
1010000 FRAC0_S 0 1 30030.8 682.494 7786.71 1.49004e+07 3.44497e+06 -3.61162e+06 22576.8 -20.2423 11.9371
1010000 FRAC0_S 0 1 29780.3 781.843 7937.89 1.40742e+07 3.63691e+06 -2.11678e+06 19425.9 -23.3242 7.95098
1010000 FRAC0_S 0 1 29551.2 804.66 8144.09 -1.84116e+07 2.07687e+07 1.36057e+07 63057 -44.2469 -17.9122
Step FractureNumber TipNr TipActive TipX TipY TipZ KI KII KIII G Phi Psi Extension
1010101 FRAC0_S 0 1 29286.4 789.017 8351.57 1.23433e+07 -7.48069e+06 3.99841e+06 20689.4 37.0602 -12.1621
1010101 FRAC0_S 0 1 29163.5 660.673 8635.75 1.29599e+07 -5.02351e+06 -556231 17256.8 32.795 2.31046
1010101 FRAC0_S 0 1 29133.3 477.047 8919.72 -2.63111e+07 1.37037e+07 1.27631e+07 38399.1 -31.6315 -16.9326
1010101 FRAC0_S 0 1 29178.3 239.224 9154.16 1.19443e+07 1.45723e+06 -1.70345e+06 13288.3 -12.8548 8.37667
1010101 FRAC0_S 0 1 29289.7 -37.8955 9311.29 1.12764e+07 587139 -3.04213e+06 12592.6 -5.40602 14.5446
1010101 FRAC0_S 0 1 29469.2 -313.67 9388.85 1.03801e+07 720349 -3.83145e+06 11600.1 -6.59099 17.8416
1010101 FRAC0_S 0 1 29699.4 -562.083 9376.56 1.35624e+07 698217 -4.58215e+06 19226.8 -5.09156 17.0164
1010101 FRAC0_S 0 1 29959.3 -755.504 9276.02 1.37922e+07 -289988 -4.14979e+06 19248.9 2.20905 16.044
1010101 FRAC0_S 0 1 30226.5 -870.587 9101.99 1.41174e+07 -1.17269e+06 -3.45165e+06 19466.8 8.48589 13.2459
1010101 FRAC0_S 0 1 30475 -897.177 8873.33 1.44106e+07 -1.82488e+06 -2.60536e+06 19704.6 12.9034 10.155
1010101 FRAC0_S 0 1 30682.8 -832.295 8613.62 1.43058e+07 -1.44543e+06 -1.86534e+06 18885.9 11.0157 7.88907
1010101 FRAC0_S 0 1 30829.2 -681.52 8347.32 1.36971e+07 -682584 -1.56379e+06 17084.7 5.86548 7.33304
1010101 FRAC0_S 0 1 30891.1 -484.983 8117.16 3.89232e+07 1.64646e+06 1.19436e+07 154217 -4.32064 -16.0332
1010101 FRAC0_S 0 1 30864.5 -202.119 7881.26 2.17878e+07 6.4899e+06 449699 46081.5 -28.0553 -1.21293
1010101 FRAC0_S 0 1 30746.9 71.8782 7719.68 1.44285e+07 1.04325e+06 -4.1039e+06 20888.1 -7.26221 14.9018
1010101 FRAC0_S 0 1 30550.3 332.223 7627.23 2.5487e+07 2.03082e+07 8.57732e+06 104420 -42.5249 -11.4834
1010101 FRAC0_S 0 1 30296.5 556.891 7619.69 1.32429e+07 -4.94094e+06 -9.66428e+06 30225 22.6359 23.0945
1010101 FRAC0_S 0 1 30015.9 727.742 7701.75 1.47996e+07 -754970 -4.00531e+06 21702.1 5.29941 14.5884
1010101 FRAC0_S 0 1 29736.2 822.492 7861.88 1.49286e+07 -3.1566e+06 -1.7562e+06 21157.4 20.5011 6.64538
1010101 FRAC0_S 0 1 29485.2 841.534 8086.3 1.23208e+07 -3.58611e+06 -625727 14725.1 27.074 2.90487