
Step FractureNumber TipNr TipActive TipX TipY TipZ KI KII KIII G Phi Psi Extension
1010000 FRAC0_S 0 1 -44780.2 -44438 7718.14 919487 407622 368292 108.185 -29.6136 -15.3867
1010000 FRAC0_S 0 1 -45035 -44284.7 7819.74 792641 74115 505409 90.4488 -7.35762 -24.2527
1010000 FRAC0_S 0 1 -45278.2 -44205.3 7983.59 720122 -163463 440033 74.3439 16.222 -22.2837
1010000 FRAC0_S 0 1 -45498.5 -44201.8 8200.28 711167 -634251 460224 109.085 40.5396 -17.7369
1010000 FRAC0_S 0 1 -45670 -44276.3 8446.31 543198 -624488 231201 68.1541 48.5483 -11.99
1010000 FRAC0_S 0 1 -45775.9 -44421.7 8697.59 729514 -981846 137978 135.859 54.5973 -5.63583
1010000 FRAC0_S 0 1 -45805.9 -44623.6 8929.52 673688 -909124 -54846.8 114.493 56.1467 2.57528
1010000 FRAC0_S 0 1 -45757 -44862.4 9119.42 613511 -772337 -247509 94.8429 50.5481 11.0619
1010000 FRAC0_S 0 1 -45633.9 -45114.7 9248.68 606650 -631058 -393340 88.8586 43.6879 16.8911
1010000 FRAC0_S 0 1 -45448.8 -45355.8 9304.66 668723 -472253 -549893 99.9396 33.641 21.8764
1010000 FRAC0_S 0 1 -45219.8 -45562 9281.86 782892 -410052 -382324 89.0413 31.6997 16.9871
1010000 FRAC0_S 0 1 -44969.3 -45713.3 9182.54 644639 111449 -586698 83.9179 -11.1376 27.7804
1010000 FRAC0_S 0 1 -44721.8 -45794.7 9016.41 517189 280190 -415242 53.7639 -28.6114 22.8402
1010000 FRAC0_S 0 1 -44501.5 -45798.2 8799.72 748661 626147 -452752 112.145 -39.749 17.2981
1010000 FRAC0_S 0 1 -44330 -45723.7 8553.69 393501 906412 -137245 89.5144 -60.4531 7.14784
1010000 FRAC0_S 0 1 -44224.1 -45578.3 8302.41 742256 879443 -106952 119.535 -53.1068 4.69957
1010000 FRAC0_S 0 1 -44194.1 -45376.4 8070.48 735719 874237 84088.3 117.28 -53.6065 -3.79042
1010000 FRAC0_S 0 1 -44243 -45137.6 7880.58 711637 768057 285782 108.557 -47.6576 -11.7614
1010000 FRAC0_S 0 1 -44366.1 -44885.3 7751.32 713475 581998 398150 96.6282 -39.8435 -16.5131
1010000 FRAC0_S 0 1 -44551.2 -44644.2 7695.34 798607 430969 568622 116.386 -29.5326 -21.3652
Step FractureNumber TipNr TipActive TipX TipY TipZ KI KII KIII G Phi Psi Extension
1010101 FRAC0_S 0 1 -44784.6 -44410.7 7625.64 1.12041e+06 -171277 765463 192.405 11.1711 -24.4546
1010101 FRAC0_S 0 1 -45041 -44226 7746.64 1.35879e+06 127743 607861 215.121 -8.27858 -19.8584
1010101 FRAC0_S 0 1 -45286.5 -44117.8 7951.2 1.15018e+06 -113390 654537 176.01 8.03155 -22.7741
1010101 FRAC0_S 0 1 -45502.1 -44106 8208.91 1.3972e+06 -32341.6 597537 221.54 2.21585 -20.1251
1010101 FRAC0_S 0 1 -45670.6 -44185.5 8484.42 1.47107e+06 14501.7 439842 218.588 -1.05047 -16.0962
1010101 FRAC0_S 0 1 -45774.9 -44341 8754.87 1.47128e+06 -10351 141335 195.559 0.890046 -6.54235
1010101 FRAC0_S 0 1 -45805.3 -44555.4 9001.38 1.66096e+06 266762 139814 254.778 -16.898 -5.12371
1010101 FRAC0_S 0 1 -45760 -44810.6 9203.35 1.43159e+06 -38978.9 -269315 192.408 3.10132 11.2829
1010101 FRAC0_S 0 1 -45639.6 -45085.2 9342.08 1.34659e+06 -92443.3 -492853 194.65 6.53892 17.7513
1010101 FRAC0_S 0 1 -45450.5 -45351.5 9402.66 1.39908e+06 29303.5 -579053 219.097 -2.02873 19.7537
1010101 FRAC0_S 0 1 -45217.6 -45591.1 9369.82 1.31418e+06 -42652.1 -663959 212.693 2.92375 22.0655
1010101 FRAC0_S 0 1 -44971.2 -45783.3 9239.85 1.27487e+06 -100951 -745989 219.753 6.50245 23.3442
1010101 FRAC0_S 0 1 -44724.8 -45889.1 9036.29 1.11499e+06 -70310 -725381 181.204 5.05699 24.856
1010101 FRAC0_S 0 1 -44505.4 -45893.9 8785.6 1.27638e+06 -49941.7 -557459 186.726 3.6624 20.1924
1010101 FRAC0_S 0 1 -44337.6 -45812 8511.98 1.26444e+06 -59415.9 -368066 160.803 4.8301 15.4066
1010101 FRAC0_S 0 1 -44227.3 -45657.8 8243.37 1.69814e+06 79901.6 -225531 264.299 -5.47181 8.36188
1010101 FRAC0_S 0 1 -44190.7 -45444.2 7998.56 1.71647e+06 677747 419043 326.829 -29.6649 -10.8862
1010101 FRAC0_S 0 1 -44235.1 -45187.8 7796.26 1.60443e+06 40887.1 296811 241.253 -2.91635 -11.1498
1010101 FRAC0_S 0 1 -44355 -44911.5 7657.66 1.03858e+06 31015.7 357415 113.195 -3.00979 -17.466
1010101 FRAC0_S 0 1 -44544.9 -44644.5 7597.54 1.30191e+06 -18845.5 698961 216.048 1.30021 -23.0411