
Step FractureNumber TipNr TipActive TipX TipY TipZ KI KII KIII G Phi Psi Extension
1010000 FRAC0_S 0 1 0 -21518.6 8611.28 1.36956e+07 360917 -108701 16727.5 -3.52163 0.596614
1010000 FRAC0_S 0 1 0 -21601 8909.1 1.89543e+07 527510 -6023.42 32039.1 -3.73832 0.0241055
1010000 FRAC0_S 0 1 0 -21771.5 9166.88 1.97948e+07 219807 -17623.6 34920.8 -1.52775 0.0685959
1010000 FRAC0_S 0 1 0 -21992.3 9347.56 2.03758e+07 1.29591e+07 -8.57718e+06 61745.6 -36.5954 14.5804
1010000 FRAC0_S 0 1 0 -22302.5 9467.75 2.56995e+07 1.76951e+07 1.13449e+07 103874 -37.9416 -14.7482
1010000 FRAC0_S 0 1 0 -22611.3 9481.4 2.2851e+07 -1.39435e+07 9.51305e+06 75891.5 35.8083 -14.631
1010000 FRAC0_S 0 1 0 -22909.1 9398.98 2.04326e+07 -66791.5 116530 37205 0.452837 -0.439833
1010000 FRAC0_S 0 1 0 -23166.9 9228.56 1.90794e+07 -1.40907e+07 1.05204e+07 64850.9 37.8706 -16.8685
1010000 FRAC0_S 0 1 0 -23359.4 8986.83 1.8583e+07 -217199 190640 30781.1 1.59203 -0.77968
1010000 FRAC0_S 0 1 0 -23467.8 8697.44 1.52694e+07 10674.4 202123 20781.8 -0.0964913 -1.01268
1010000 FRAC0_S 0 1 0 -23481.4 8388.72 1.17916e+07 -193678 87163.2 12394.4 2.228 -0.561439
1010000 FRAC0_S 0 1 0 -23399 8090.9 8.76613e+06 -316048 27289.3 6856.65 4.77297 -0.233369
1010000 FRAC0_S 0 1 0 -23228.5 7833.12 5.2002e+06 -2.26446e+07 -1.43449e+07 75471.5 54.9768 22.7058
1010000 FRAC0_S 0 1 0 -22986.8 7640.62 4.77713e+06 -286021 180650 2045.21 7.42797 -2.64795
1010000 FRAC0_S 0 1 0 -22697.5 7532.25 2.72242e+06 -196642 -145207 666.697 8.69587 3.6221
1010000 FRAC0_S 0 1 0 -22388.7 7518.6 2.40144e+06 -139519 -192760 520.568 6.96277 5.33584
1010000 FRAC0_S 0 1 0 -22090.9 7601.02 2.05166e+06 -66060.3 -169652 379.309 3.98487 5.60365
1010000 FRAC0_S 0 1 0 -21833.1 7771.44 3.86639e+06 -25338 -158597 1335.51 0.873072 3.00362
1010000 FRAC0_S 0 1 0 -21640.6 8013.17 6.4592e+06 -1.17576e+07 8.25288e+06 25095.1 48.3754 -21.1114
1010000 FRAC0_S 0 1 0 -21532.2 8302.56 1.02878e+07 1.24617e+07 9.30746e+06 34791.3 -43.845 -19.8647
Step FractureNumber TipNr TipActive TipX TipY TipZ KI KII KIII G Phi Psi Extension
1010101 FRAC0_S 0 1 -22.019 -21428.6 8623.63 1.44942e+07 -2.30867e+06 -1.12632e+06 19364 16.8666 4.76977
1010101 FRAC0_S 0 1 -5.46215 -21512.4 8949.45 1.42338e+07 -111666 56310 18055.4 1.0813 -0.30447
1010101 FRAC0_S 0 1 -17.8671 -21702 9228.42 2.20966e+07 -2.98659e+06 1.84915e+06 44758.3 14.6641 -5.19986
1010101 FRAC0_S 0 1 -45.846 -21971 9430.5 2.24759e+07 -1.13625e+07 3.47748e+06 58128.3 36.1392 -6.98226
1010101 FRAC0_S 0 1 -31.02 -22287 9544 1.92885e+07 -1.42561e+07 -6.06749e+06 56159.6 41.3184 11.1732
1010101 FRAC0_S 0 1 14.0799 -22622.2 9563.76 2.61819e+07 4.40289e+06 -353948 62828.4 -18.5057 0.888024
1010101 FRAC0_S 0 1 30.369 -22945.4 9479.19 2.53178e+07 8.60185e+06 1.25609e+06 63922 -30.0495 -2.74323
1010101 FRAC0_S 0 1 31.5862 -23225.6 9292.75 2.06161e+07 7.18238e+06 752210 42545.9 -30.7893 -2.03212
1010101 FRAC0_S 0 1 16.6941 -23440.7 9031.02 1.91126e+07 2.76336e+06 1.7393e+06 33633.9 -15.4237 -5.56582
1010101 FRAC0_S 0 1 1.58226 -23563.3 8716.94 1.58873e+07 -255177 141845 22500.4 2.17662 -0.676917
1010101 FRAC0_S 0 1 3.98189 -23578.3 8377.77 8.47724e+06 -115520 -58265.7 6405.41 1.85699 0.523842
1010101 FRAC0_S 0 1 25.6053 -23479.8 8057.76 8.87494e+06 1.65665e+06 -1.06386e+06 7413.81 -18.573 6.87859
1010101 FRAC0_S 0 1 46.2582 -23284.6 7781.86 1.686e+07 -1.7541e+07 1.2757e+07 74392.6 42.3898 -18.6853
1010101 FRAC0_S 0 1 30.7168 -23026.8 7563.58 4.032e+06 1.62173e+06 -862737 1782.02 -30.5058 9.74826
1010101 FRAC0_S 0 1 13.8221 -22716.7 7437.59 2.2976e+06 60390.8 -371704 489.107 -3.06305 10.0094
1010101 FRAC0_S 0 1 11.5783 -22377.7 7422.37 2.06185e+06 183512 -392707 402.338 -9.40007 10.8799
1010101 FRAC0_S 0 1 6.8862 -22050.6 7512.53 2.79179e+06 155228 -184097 701.187 -6.7686 4.47199
1010101 FRAC0_S 0 1 21.187 -21774.6 7703.68 5.06458e+06 -734223 503923 2367.48 15.3591 -6.02539
1010101 FRAC0_S 0 1 20.4388 -21577.2 7974.76 7.279e+06 1.78357e+06 234292 5012.16 -24.2821 -1.94474
1010101 FRAC0_S 0 1 -17.4833 -21457.7 8289.98 1.06928e+07 -5.10133e+06 1.86194e+06 12968.6 34.6063 -7.85856