
Step FractureNumber TipNr TipActive TipX TipY TipZ KI KII KIII G Phi Psi Extension
1010000 FRAC0_S 0 1 -14566.1 371.756 7694.36 -4.98043e+06 -5.9521e+06 -3.00994e+06 4361.89 47.0093 15.3009
1010000 FRAC0_S 0 1 -14797.4 574.708 7722.7 -4.70931e+06 9.81773e+06 4.45086e+06 11223.9 -53.6917 -16.4781
1010000 FRAC0_S 0 1 -15048.5 721.403 7827.14 1.09392e+07 -1.02154e+07 1.69506e+06 20344.6 48.5988 -5.60467
1010000 FRAC0_S 0 1 -15294.9 797.482 7997.43 7.98953e+06 -8.68388e+06 -1.04409e+07 26906.4 37.6577 25.1422
1010000 FRAC0_S 0 1 -15512.4 795.499 8216.93 -538785 2.98965e+06 -2.20927e+06 1445.63 -53.9427 25.1409
1010000 FRAC0_S 0 1 -15679.8 715.646 8464.13 2.10436e+06 5.55325e+06 -420559 3166.16 -63.1614 3.97133
1010000 FRAC0_S 0 1 -15780.6 565.741 8714.84 4.05422e+06 3.14391e+06 1.70587e+06 2732.48 -40.7054 -13.7324
1010000 FRAC0_S 0 1 -15805.5 368.244 8937.26 7.99505e+06 3.18503e+06 4.10764e+06 8844.02 -26.1291 -18.5753
1010000 FRAC0_S 0 1 -15750.6 119.889 9130.69 8.437e+06 -107039 4.67892e+06 9255.82 1.1287 -23.4683
1010000 FRAC0_S 0 1 -15622.8 -132.414 9255.13 1.6282e+07 1.94333e+06 859792 24058.3 -13.5296 -3.44695
1010000 FRAC0_S 0 1 -15433.9 -371.756 9305.64 2.22363e+06 4.15893e+06 8.23232e+06 10995.5 -34.171 -33.4656
1010000 FRAC0_S 0 1 -15202.6 -574.708 9277.3 3.26077e+06 -1.17139e+07 5.59015e+06 17331 57.0334 -18.7644
1010000 FRAC0_S 0 1 -14951.5 -721.403 9172.86 6.93674e+06 -5.2285e+06 615941 6774.3 45.5568 -3.68228
1010000 FRAC0_S 0 1 -14705.1 -797.482 9002.57 7.12467e+06 -5.64529e+06 34105.7 7363.34 48.1183 -0.207531
1010000 FRAC0_S 0 1 -14487.6 -795.499 8783.07 5.23186e+06 -4.78659e+06 -210716 4486.7 50.1835 1.59276
1010000 FRAC0_S 0 1 -14320.2 -715.646 8535.87 9.30052e+06 3.16383e+06 -5.51199e+06 12640.8 -22.4716 20.8141
1010000 FRAC0_S 0 1 -14219.4 -565.741 8285.16 103815 -3.57774e+06 502410 1175.16 68.5304 -8.89041
1010000 FRAC0_S 0 1 -14195 -360.457 8055.47 -1.09857e+06 -3.94284e+06 276736 1395.49 65.3186 -3.96947
1010000 FRAC0_S 0 1 -14249.4 -119.889 7869.31 -3.39228e+06 -6.33667e+06 -232005 3585.22 60.7329 1.79883
1010000 FRAC0_S 0 1 -14377.2 132.414 7744.87 -3.50401e+06 -4.8552e+06 -923771 2214.08 54.0744 7.43517
Step FractureNumber TipNr TipActive TipX TipY TipZ KI KII KIII G Phi Psi Extension
1010101 FRAC0_S 0 1 -14517.7 416.341 7664.86 -1.3226e+07 -2.3808e+06 -6.86543e+06 6773.93 14.0465 20.7495
1010101 FRAC0_S 0 1 -14786.6 608.549 7672.36 -5.96373e+06 -3.91808e+06 -4.49657e+06 4057.11 32.9518 21.1656
1010101 FRAC0_S 0 1 -15034.2 788.989 7801.73 -3.94126e+06 -2.2783e+06 -4.19073e+06 2798.32 27.2864 26.0517
1010101 FRAC0_S 0 1 -15319.4 869.637 7990.54 610521 1.89852e+06 5.69156e+06 4662.78 -28.6597 -38.2393
1010101 FRAC0_S 0 1 -15568.8 815.963 8170.62 3.70202e+06 3.1141e+06 -1.79514e+06 2514 -41.474 14.8261
1010101 FRAC0_S 0 1 -15764.8 707.87 8416.37 7.60269e+06 8.92456e+06 -970955 12373.4 -53.1949 4.22652
1010101 FRAC0_S 0 1 -15874.7 565.759 8694.72 7.95864e+06 467529 2.08481e+06 6241.78 -6.08872 -14.1727
1010101 FRAC0_S 0 1 -15897.4 368.887 8962.97 9.50535e+06 -107245 4.13974e+06 10331.5 1.08751 -20.4894
1010101 FRAC0_S 0 1 -15831.3 121.725 9182.14 9.68979e+06 -1.62513e+06 5.39721e+06 12476.3 12.952 -21.7484
1010101 FRAC0_S 0 1 -15696 -158.259 9310.56 8.48033e+06 -6.18217e+06 5.82548e+06 14327.7 35.8709 -19.5103
1010101 FRAC0_S 0 1 -15477.6 -405.982 9361.2 1.17459e+07 -3.81869e+06 5.50281e+06 17621 23.0766 -18.1222
1010101 FRAC0_S 0 1 -15190 -584.693 9353.93 1.11952e+07 -946175 1.14478e+06 11422.6 9.61507 -6.47575
1010101 FRAC0_S 0 1 -14904.1 -724.901 9259.38 1.35783e+07 2.72798e+06 2.28991e+06 17789.8 -19.031 -9.10444
1010101 FRAC0_S 0 1 -14643.1 -807.229 9078.95 1.11639e+07 6.98983e+06 3.33428e+06 16938.3 -38.1336 -11.3087
1010101 FRAC0_S 0 1 -14422.7 -824.097 8828.98 7.96237e+06 -1.13502e+06 660049 5822.26 15.3381 -5.12535
1010101 FRAC0_S 0 1 -14259.4 -753.773 8553.64 5.13097e+06 -3.41362e+06 -309059 3397.07 43.5725 2.68258
1010101 FRAC0_S 0 1 -14146.1 -562.309 8311.78 3.42695e+06 -7.07414e+06 -1.87665e+06 5974.28 57.1484 11.0674
1010101 FRAC0_S 0 1 -14109.2 -322.548 8088.53 4.48565e+06 -1.68296e+06 849930 2141.45 29.5454 -8.9617
1010101 FRAC0_S 0 1 -14163.1 -74.7137 7887.77 4.09276e+06 -3.68687e+06 446995 2730.51 48.6833 -4.14071
1010101 FRAC0_S 0 1 -14295.5 187.806 7747.26 2.45863e+06 -5.88108e+06 -1.05316e+06 3768.24 60.2151 8.33072