
Step FractureNumber TipNr TipActive TipX TipY TipZ KI KII KIII G Phi Psi Extension
1010000 FRAC0_S 0 1 -21517.4 37400.4 8500 -2.04375e+06 -6.58613e+06 -6.88155e+06 10163.7 46.8239 28.1092
1010000 FRAC0_S 0 1 -21534.7 37708.9 8500 -1.49943e+06 -2.37281e+06 -5.78002e+06 4945.07 30.1859 34.8749
1010000 FRAC0_S 0 1 -21646.5 37997 8500 -1.86641e+06 493449 -5.94234e+06 4718.12 -8.07375 38.9228
1010000 FRAC0_S 0 1 -21841.9 38236.5 8500 -1.21994e+06 2.66034e+06 -5.06817e+06 4046.96 -35.4345 33.5915
1010000 FRAC0_S 0 1 -22101.7 38403.8 8500 -1.68164e+06 4.80466e+06 -4.26095e+06 4471.79 -48.5979 25.7374
1010000 FRAC0_S 0 1 -22400.4 38482.7 8500 -1.51281e+06 8.13749e+06 -3.74769e+06 7768.76 -59.2087 19.2361
1010000 FRAC0_S 0 1 -22708.9 38465.3 8500 -1.11975e+06 6.28979e+06 -1.30104e+06 3750.45 -64.5935 10.9141
1010000 FRAC0_S 0 1 -22997 38353.5 8500 -1.40354e+06 9.13821e+06 59391.2 7441.77 -68.667 -0.435947
1010000 FRAC0_S 0 1 -23236.5 38158.1 8500 -1.03941e+06 6.29784e+06 1.44114e+06 3810.57 -64.4106 -11.9158
1010000 FRAC0_S 0 1 -23403.8 37898.4 8500 -1.37035e+06 7.22994e+06 3.58202e+06 6364.47 -58.4319 -20.0816
1010000 FRAC0_S 0 1 -23482.6 37599.6 8500 -1.40971e+06 6.19913e+06 5.48591e+06 7427.09 -50.5889 -26.8854
1010000 FRAC0_S 0 1 -23465.3 37291.1 8500 -1.54582e+06 2.9342e+06 6.07235e+06 5671.36 -33.5162 -33.9573
1010000 FRAC0_S 0 1 -23353.5 37003 8500 -1.67369e+06 111217 6.62163e+06 5832.62 -1.83992 -40.9644
1010000 FRAC0_S 0 1 -23158.1 36763.5 8500 -1.40804e+06 -2.38326e+06 5.02688e+06 3866.98 32.7243 -33.7406
1010000 FRAC0_S 0 1 -22898.3 36596.2 8500 -1.94351e+06 -5.95574e+06 5.70624e+06 7491.45 47.8709 -26.909
1010000 FRAC0_S 0 1 -22599.6 36517.3 8500 -1.90929e+06 -8.16943e+06 3.83243e+06 7900.6 58.0751 -18.9839
1010000 FRAC0_S 0 1 -22291.1 36534.7 8500 -1.1022e+06 -1.07897e+07 2.17918e+06 11005.6 66.1932 -11.2883
1010000 FRAC0_S 0 1 -22003 36646.5 8500 -2.57435e+06 -8.53861e+06 -225460 6503.58 65.7318 1.53795
1010000 FRAC0_S 0 1 -21763.5 36841.9 8500 -1.7561e+06 -1.00009e+07 -2.56694e+06 9788.91 63.6239 12.9183
1010000 FRAC0_S 0 1 -21596.2 37101.6 8500 -1.84259e+06 -8.04046e+06 -4.3014e+06 8221.64 56.8667 20.6187
Step FractureNumber TipNr TipActive TipX TipY TipZ KI KII KIII G Phi Psi Extension
1010101 FRAC0_S 0 1 -21449.7 37396 8569.96 3.15453e+06 -2.97654e+06 -3.97509e+06 3777.81 35.1616 25.5745
1010101 FRAC0_S 0 1 -21454 37728.8 8539.86 1.37572e+06 -2.24827e+06 -5.71741e+06 4966.69 29.6401 35.3779
1010101 FRAC0_S 0 1 -21569 38041.7 8491.05 438339 369408 -5.70109e+06 4352.1 -7.72019 43.0026
1010101 FRAC0_S 0 1 -21786.6 38294.4 8448.75 1.48874e+06 2.40868e+06 -4.94798e+06 3970.67 -32.9326 33.3059
1010101 FRAC0_S 0 1 -22073.4 38462 8426.52 3.41448e+06 3.18383e+06 -3.54048e+06 3609.35 -37.0606 23.2136
1010101 FRAC0_S 0 1 -22393.4 38533.8 8415.71 3.41097e+06 1.83384e+06 -1.59642e+06 1675.4 -32.4982 16.4045
1010101 FRAC0_S 0 1 -22716.8 38506.9 8410.07 3.52455e+06 1.28527e+06 -679570 1315.59 -28.9418 9.15042
1010101 FRAC0_S 0 1 -23016.5 38386.9 8408.3 4.17267e+06 1.40908e+06 -172461 1732.39 -30.0853 2.30812
1010101 FRAC0_S 0 1 -23269.1 38185.7 8410.31 4.64958e+06 2.1033e+06 732042 2391.92 -33.8132 -7.31291
1010101 FRAC0_S 0 1 -23451.6 37917.8 8415.53 3.83288e+06 1.94606e+06 1.58778e+06 1981.89 -32.0987 -15.2786
1010101 FRAC0_S 0 1 -23546.6 37603.7 8426.26 3.77872e+06 3.03549e+06 3.84226e+06 4056.92 -34.1992 -23.8334
1010101 FRAC0_S 0 1 -23543.5 37271.3 8452.28 1.57751e+06 2.1661e+06 4.98846e+06 3949.53 -30.4213 -33.79
1010101 FRAC0_S 0 1 -23431.1 36957.7 8498.11 452704 112995 5.40708e+06 3907.86 -2.62351 -43.5674
1010101 FRAC0_S 0 1 -23214.6 36704.3 8544.77 1.27133e+06 -2.195e+06 5.07238e+06 3995.32 31.3633 -34.6902
1010101 FRAC0_S 0 1 -22927.2 36536.7 8571.81 2.92533e+06 -3.31016e+06 3.9147e+06 3777.17 38.2118 -25.1742
1010101 FRAC0_S 0 1 -22606.9 36465.8 8583.85 4.43869e+06 -2.98886e+06 2.45185e+06 3351.22 35.9479 -17.3254
1010101 FRAC0_S 0 1 -22283 36492.9 8589.75 4.11124e+06 -1.81351e+06 949478 1919.13 32.062 -10.1439
1010101 FRAC0_S 0 1 -21982.2 36611.5 8590.86 7.12419e+06 -2.28891e+06 201254 4994.94 29.3626 -1.61829
1010101 FRAC0_S 0 1 -21729.3 36812.6 8588.52 3.92067e+06 -1.17504e+06 -291314 1504.09 27.2069 4.1215
1010101 FRAC0_S 0 1 -21550.5 37071.9 8582.76 5.85496e+06 -3.31186e+06 -2.64216e+06 4960.6 33.7576 15.7999