
Step FractureNumber TipNr TipActive TipX TipY TipZ KI KII KIII G Phi Psi Extension
1010000 FRAC0_S 0 1 15806.4 29592.3 8101.29 -2.22205e+06 6.21208e+06 -6.41066e+06 8904.59 -46.3275 27.5298
1010000 FRAC0_S 0 1 15768.6 29827.2 7904.19 1.29569e+06 1.29483e+07 -8.34635e+06 24354.6 -57.2476 24.3136
1010000 FRAC0_S 0 1 15655.5 30079.1 7765.4 3.50439e+06 1.84646e+07 -6.6259e+06 37314.8 -61.2146 16.302
1010000 FRAC0_S 0 1 15478.3 30323.3 7698.53 4.7708e+06 1.76816e+07 -2.4711e+06 30699.6 -64.09 7.40908
1010000 FRAC0_S 0 1 15254.1 30535.8 7710.12 4.68246e+06 1.61864e+07 1.41925e+06 25568.4 -64.7537 -4.83305
1010000 FRAC0_S 0 1 15005.2 30695.8 7799.02 4.52569e+06 1.82213e+07 6.48002e+06 36995.8 -60.0742 -15.6715
1010000 FRAC0_S 0 1 14755.7 30787.8 7956.53 313658 9.88886e+06 8.8602e+06 19163.7 -53.7881 -29.1247
1010000 FRAC0_S 0 1 14530.2 30802.5 8167.25 -4.93798e+06 646946 8.88502e+06 10536.8 -6.11942 -35.4524
1010000 FRAC0_S 0 1 14350.7 30738.8 8410.54 -7.77482e+06 -4.25773e+06 7.3502e+06 8800.8 27.3755 -24.8332
1010000 FRAC0_S 0 1 14234.6 30602.7 8662.59 1.78775e+07 1.26476e+06 7.62575e+06 36356.8 -6.45858 -19.5426
1010000 FRAC0_S 0 1 14193.6 30407.7 8898.71 -1.7423e+07 -1.15909e+07 -662083 12030.2 44.0028 1.72378
1010000 FRAC0_S 0 1 14231.4 30172.8 9095.81 -1.87866e+07 -9.31566e+06 -4.43806e+06 10352.7 34.3423 10.0243
1010000 FRAC0_S 0 1 14344.5 29920.9 9234.6 -2.02969e+07 -5.13147e+06 -7.38554e+06 9601.09 20.1815 15.884
1010000 FRAC0_S 0 1 14521.7 29676.7 9301.47 -1.92555e+07 -1.44039e+06 -7.4028e+06 7473.47 6.99272 18.2591
1010000 FRAC0_S 0 1 14745.9 29464.2 9289.88 -1.8985e+07 1.60476e+06 -7.25791e+06 7235.56 -7.83523 18.0875
1010000 FRAC0_S 0 1 14994.8 29304.2 9200.98 -1.77121e+07 2.9202e+06 -6.26598e+06 5981.8 -14.374 16.3794
1010000 FRAC0_S 0 1 15244.3 29212.2 9043.47 -1.60087e+07 3.25735e+06 -5.88213e+06 5547.22 -16.9593 16.4387
1010000 FRAC0_S 0 1 15469.8 29197.5 8832.75 -1.53067e+07 3.20654e+06 -7.37177e+06 8143.84 -16.2685 19.5371
1010000 FRAC0_S 0 1 15649.3 29261.2 8589.46 -8.6181e+06 2.88126e+06 -4.78263e+06 3781.94 -22.5823 20.0642
1010000 FRAC0_S 0 1 15767.2 29401.1 8331.68 -4.55603e+06 4.05688e+06 -6.99247e+06 7969.58 -31.6646 28.3247
Step FractureNumber TipNr TipActive TipX TipY TipZ KI KII KIII G Phi Psi Extension
1010101 FRAC0_S 0 1 15821 29522.1 8035.09 3.26302e+07 -1.88139e+07 -2.47475e+07 207874 30.3019 21.8534
1010101 FRAC0_S 0 1 15764.3 29768.9 7824.58 1.99779e+07 1.022e+07 -1.535e+07 76210.8 -27.8889 22.5387
1010101 FRAC0_S 0 1 15636.8 30031.8 7680.05 1.6914e+07 1.17154e+06 -6.04133e+06 30469.4 -6.63299 17.462
1010101 FRAC0_S 0 1 15447.8 30285.5 7611.65 2.42468e+07 -1.37571e+07 -5.4896e+06 73261.5 37.2791 9.31917
1010101 FRAC0_S 0 1 15213.3 30508.1 7623.74 1.74288e+07 3.44071e+06 1.44593e+06 28401.4 -19.9218 -4.91546
1010101 FRAC0_S 0 1 14954.7 30681.2 7714.94 9.49203e+06 -1.74194e+06 2.75274e+06 9306.9 16.3502 -14.073
1010101 FRAC0_S 0 1 14699.3 30803 7885.72 1.08304e+07 4.98075e+06 7.17649e+06 19512.8 -27.0477 -21.1345
1010101 FRAC0_S 0 1 14480.2 30863.3 8132.28 1.94261e+06 2.61732e+06 7.87002e+06 9184.36 -26.3756 -36.1567
1010101 FRAC0_S 0 1 14300.5 30817.5 8412.35 -1.18766e+07 -1.16231e+07 2.34079e+06 12767.3 48.8098 -6.79491
1010101 FRAC0_S 0 1 14180.2 30670.6 8689.43 -8.10898e+06 -1.12876e+07 3.38867e+06 12880.8 52.1759 -10.8704
1010101 FRAC0_S 0 1 14155.4 30467.9 8956.35 -7.71472e+06 -1.57679e+07 -1.17082e+06 22337.4 60.9069 3.6299
1010101 FRAC0_S 0 1 14200.3 30216.8 9176.73 -9.19832e+06 -1.91223e+07 -4.08542e+06 34804 58.2379 9.30895
1010101 FRAC0_S 0 1 14305.1 29932.5 9321.95 -1.56274e+07 -1.04723e+07 -8.85992e+06 20212.9 35.6563 17.6482
1010101 FRAC0_S 0 1 14482.3 29651.7 9385.52 -2.12287e+07 -3.79515e+06 -9.54693e+06 13405.6 14.5255 19.0235
1010101 FRAC0_S 0 1 14715.2 29406.4 9361.06 -1.84341e+07 4.968e+06 -8.42499e+06 11639.7 -20.1475 18.3351
1010101 FRAC0_S 0 1 14980.7 29224.3 9254.98 -1.87654e+07 6.97855e+06 -7.71541e+06 12256.8 -26.1545 16.2314
1010101 FRAC0_S 0 1 15251.3 29121.5 9079.01 -1.45707e+07 8.90506e+06 -6.59586e+06 12852.7 -35.3195 15.5208
1010101 FRAC0_S 0 1 15495.9 29104.3 8846.32 -1.12e+07 7.87559e+06 -5.44355e+06 9468.13 -37.7462 15.6904
1010101 FRAC0_S 0 1 15684.9 29171.5 8575.52 -6.3925e+06 6.30655e+06 -1.06536e+07 18639.6 -32.7028 28.716
1010101 FRAC0_S 0 1 15796.5 29315.7 8294.4 946102 5.33991e+06 -8.05224e+06 11244.2 -42.4304 33.3964