
Step FractureNumber TipNr TipActive TipX TipY TipZ KI KII KIII G Phi Psi Extension
1010000 FRAC0_S 0 1 -45000 -14017.8 8603.45 1.80653e+06 2.53212e+06 -516587 897.646 -53.9742 7.92548
1010000 FRAC0_S 0 1 -45000 -14097.8 8901.92 1.65045e+06 1.64159e+06 -244939 490.848 -49.8984 5.24332
1010000 FRAC0_S 0 1 -45000 -14266.1 9161.05 1.52556e+06 1.30392e+06 138166 361.434 -47.9993 -3.55995
1010000 FRAC0_S 0 1 -45000 -14506.3 9355.47 1.99626e+06 1.55615e+06 544551 610.335 -43.0772 -9.78445
1010000 FRAC0_S 0 1 -45000 -14794.9 9466.15 1.65273e+06 944265 722951 392.371 -34.1564 -15.4204
1010000 FRAC0_S 0 1 -45000 -15103.5 9482.25 1.89266e+06 495254 975301 467.573 -19.098 -19.8442
1010000 FRAC0_S 0 1 -45000 -15401.9 9402.21 2.00553e+06 220080 1.17362e+06 545.924 -8.77072 -22.9966
1010000 FRAC0_S 0 1 -45000 -15651 9242.87 1.55097e+06 -589888 900184 353.137 24.5227 -20.1973
1010000 FRAC0_S 0 1 -45000 -15855.5 8993.66 1.81803e+06 -728537 1.1e+06 502.757 25.1761 -20.5262
1010000 FRAC0_S 0 1 -45000 -15966.1 8705.15 1.62476e+06 -1.12112e+06 945058 466.027 36.0665 -17.8083
1010000 FRAC0_S 0 1 -45000 -15982.2 8396.55 1.63812e+06 -1.51254e+06 808334 529.888 43.2698 -14.5501
1010000 FRAC0_S 0 1 -45000 -15902.2 8098.08 1.48409e+06 -1.87656e+06 493560 542.467 51.57 -9.44729
1010000 FRAC0_S 0 1 -45000 -15733.9 7838.95 928905 -1.16448e+06 896138 304.532 43.9121 -20.416
1010000 FRAC0_S 0 1 -45000 -15493.7 7644.53 1.19183e+06 -1.85237e+06 -248780 440.569 56.6028 5.70445
1010000 FRAC0_S 0 1 -45000 -15205.1 7533.85 803487 -1.67302e+06 -176430 311.087 60.4496 5.04133
1010000 FRAC0_S 0 1 -45000 -14896.5 7517.75 1.12274e+06 -1.40146e+06 -1.0134e+06 423.938 44.4765 19.6363
1010000 FRAC0_S 0 1 -45000 -14598.1 7597.79 1.17435e+06 -787086 -1.14952e+06 353.843 30.9398 24.3159
1010000 FRAC0_S 0 1 -45000 -14339 7766.15 1.2481e+06 -179735 -1.27332e+06 357.328 9.00566 29.436
1010000 FRAC0_S 0 1 -45000 -14144.5 8006.34 1.14269e+06 398543 -1.0514e+06 277.532 -19.8668 26.2045
1010000 FRAC0_S 0 1 -45000 -14033.9 8294.85 1.31946e+06 147686 -997175 289.332 -8.13876 26.1589
Step FractureNumber TipNr TipActive TipX TipY TipZ KI KII KIII G Phi Psi Extension
1010101 FRAC0_S 0 1 -45063.1 -13949.6 8607.94 2.47729e+06 180791 -519209 585.632 -7.73948 11.8649
1010101 FRAC0_S 0 1 -45077 -14041.4 8927.76 2.95778e+06 4918.62 -192278 784.495 -0.21809 4.63109
1010101 FRAC0_S 0 1 -45073.4 -14217.4 9205.82 3.04694e+06 42095.3 339429 842.765 -1.70839 -7.3988
1010101 FRAC0_S 0 1 -45066.8 -14471.3 9418.54 2.7584e+06 -96127.3 679457 740.24 3.75633 -13.7767
1010101 FRAC0_S 0 1 -45053.3 -14779.6 9545.93 2.68889e+06 -97490.7 992436 776.12 3.5653 -18.2091
1010101 FRAC0_S 0 1 -45034.2 -15114.2 9572.05 2.45804e+06 -61540 1.18602e+06 725.822 2.30571 -21.5843
1010101 FRAC0_S 0 1 -45005.4 -15439.7 9487.74 2.14303e+06 52271.6 1.10038e+06 570.53 -2.20288 -22.3643
1010101 FRAC0_S 0 1 -44972.4 -15721.1 9301.53 1.97896e+06 485761 1.06831e+06 521.799 -17.9255 -20.5682
1010101 FRAC0_S 0 1 -44953.6 -15929.6 9037.37 2.26402e+06 -28445 1.23967e+06 661.224 1.12291 -23.3107
1010101 FRAC0_S 0 1 -44942.8 -16043.4 8722.94 1.68791e+06 -112225 731677 326.201 6.06812 -19.7854
1010101 FRAC0_S 0 1 -44931.4 -16052.4 8390.61 2.31269e+06 -136432 652590 534.906 6.02264 -14.9502
1010101 FRAC0_S 0 1 -44926.4 -15962.1 8071.47 2.9517e+06 -547209 291878 814.386 18.7507 -5.81011
1010101 FRAC0_S 0 1 -44924.9 -15781.7 7796.6 3.12575e+06 -852702 -221822 941.969 25.5366 4.02724
1010101 FRAC0_S 0 1 -44919.2 -15523.4 7596.58 2.66984e+06 -143243 -555724 678.085 5.82629 11.969
1010101 FRAC0_S 0 1 -44918.2 -15215.3 7480.07 1.76951e+06 249403 -726177 354.695 -12.1418 18.3246
1010101 FRAC0_S 0 1 -44930.4 -14886.7 7450.62 1.84127e+06 -40765.9 -907259 411.731 2.03116 21.8793
1010101 FRAC0_S 0 1 -44952.9 -14562.2 7522.53 1.67427e+06 -138046 -1.15305e+06 428.315 6.36569 25.3399
1010101 FRAC0_S 0 1 -44987.9 -14276.8 7698.11 1.52009e+06 600035 -1.51277e+06 542.354 -21.2138 26.7579
1010101 FRAC0_S 0 1 -45016.7 -14063.1 7959.35 1.57143e+06 604139 -1.45367e+06 533.62 -21.3653 25.948
1010101 FRAC0_S 0 1 -45035.8 -13950.5 8274.36 2.17434e+06 607132 -1.03567e+06 596.796 -20.4967 18.7337