
Step FractureNumber TipNr TipActive TipX TipY TipZ KI KII KIII G Phi Psi Extension
1010000 FRAC0_S 0 1 14943.8 -14013.9 8500 215555 -3.04666e+06 479629 861.866 67.5838 -9.45583
1010000 FRAC0_S 0 1 14641.8 -14079.6 8500 1.18875e+06 -3.66619e+06 -331590 1338.27 63.9851 4.85188
1010000 FRAC0_S 0 1 14374.9 -14235.3 8500 142865 -2.30474e+06 -672957 535.389 65.2157 15.2862
1010000 FRAC0_S 0 1 14169.2 -14465.9 8500 5.56697e+06 -2.83968e+06 -2.32834e+06 4201.2 32.1354 15.3652
1010000 FRAC0_S 0 1 14044.8 -14748.8 8500 159251 -1.42603e+06 -1.63012e+06 536.892 48.3215 31.0622
1010000 FRAC0_S 0 1 14013.9 -15056.2 8500 158011 -560247 -1.63635e+06 386.322 29.3481 38.2688
1010000 FRAC0_S 0 1 14079.6 -15358.2 8500 5.68697e+06 1.01354e+06 -2.59285e+06 3867.64 -14.4359 19.1932
1010000 FRAC0_S 0 1 14235.3 -15625.1 8500 183336 1.24315e+06 -2.02555e+06 686.388 -41.3389 34.4062
1010000 FRAC0_S 0 1 14465.9 -15830.8 8500 4.4308e+06 2.61936e+06 -1.45305e+06 2641.6 -36.4838 12.3652
1010000 FRAC0_S 0 1 14748.8 -15955.2 8500 190746 3.12474e+06 -1.2632e+06 1085.54 -62.9415 19.0074
1010000 FRAC0_S 0 1 15056.2 -15986.1 8500 194111 3.16775e+06 -509500 932.068 -67.6877 9.69381
1010000 FRAC0_S 0 1 15358.2 -15920.4 8500 215373 3.23537e+06 176703 941.054 -69.1822 -3.7213
1010000 FRAC0_S 0 1 15625.1 -15764.7 8500 -9.09341e+06 2.46299e+06 -171834 544.498 -26.3136 1.13572
1010000 FRAC0_S 0 1 15830.8 -15534.1 8500 -6.83768e+06 1.48119e+06 151067 198.537 -22.342 -1.38069
1010000 FRAC0_S 0 1 15955.2 -15251.2 8500 4.72508e+06 992212 1.95599e+06 2586.07 -16.9326 -17.7386
1010000 FRAC0_S 0 1 15986.1 -14943.8 8500 194320 755969 2.11863e+06 651.276 -30.2387 -38.1201
1010000 FRAC0_S 0 1 15920.4 -14641.8 8500 -8.14972e+06 926437 1.26224e+06 288.382 -11.9835 -9.03126
1010000 FRAC0_S 0 1 15764.7 -14374.9 8500 -5.53936e+06 214370 772665 83.4974 -4.523 -8.77194
1010000 FRAC0_S 0 1 15534.1 -14169.2 8500 -6.7557e+06 -905732 1.67894e+06 448.009 12.9175 -12.9543
1010000 FRAC0_S 0 1 15251.2 -14044.8 8500 -6.90172e+06 -800001 1.07349e+06 210.297 12.1815 -9.04806
Step FractureNumber TipNr TipActive TipX TipY TipZ KI KII KIII G Phi Psi Extension
1010101 FRAC0_S 0 1 14945 -13961 8573.97 8.63614e+06 -2.85549e+06 2.26001e+06 8051.99 26.0524 -11.9276
1010101 FRAC0_S 0 1 14626.7 -14041.4 8590.74 5.56825e+06 -1.66318e+06 -599625 3057.2 26.5761 5.779
1010101 FRAC0_S 0 1 14339.8 -14197.4 8581.16 4.05579e+06 -1.70869e+06 -1.55213e+06 2046.39 28.8773 15.0616
1010101 FRAC0_S 0 1 14110.8 -14430.6 8567.96 2.62891e+06 -1.60139e+06 -2.39908e+06 1609.86 29.7337 23.9054
1010101 FRAC0_S 0 1 13973 -14730.1 8562.89 1.24265e+06 -805430 -2.36746e+06 940.859 23.208 32.3343
1010101 FRAC0_S 0 1 13931.7 -15063.2 8536.94 1.41315e+06 -344176 -3.07486e+06 1445.99 9.6165 36.2715
1010101 FRAC0_S 0 1 13998.1 -15388.9 8483.27 1.1731e+06 181763 -2.77776e+06 1151.79 -6.02216 37.5189
1010101 FRAC0_S 0 1 14172.8 -15674.5 8445.87 7.58861e+06 -1.85948e+06 -4.74184e+06 8430.2 17.1439 22.3801
1010101 FRAC0_S 0 1 14426.7 -15887.5 8431.49 2.2887e+06 2.06125e+06 -2.57848e+06 1729.64 -35.4552 24.4578
1010101 FRAC0_S 0 1 14685.3 -15994.1 8419.88 1.35436e+07 -5.28868e+06 -4.02619e+06 20993.8 28.6441 12.7148
1010101 FRAC0_S 0 1 15057.6 -16024.3 8408.12 4.67734e+06 934093 -711014 2094.49 -19.156 8.35442
1010101 FRAC0_S 0 1 15379.4 -15963.8 8419.05 5.04382e+06 1.96665e+06 253943 2620.2 -32.771 -2.68633
1010101 FRAC0_S 0 1 15676.1 -15820.2 8444.96 1.55913e+07 -2.52808e+06 1.33469e+06 22467.9 17.0111 -5.19605
1010101 FRAC0_S 0 1 15907 -15582.6 8462.63 1.72651e+06 2.76598e+06 2.21402e+06 1599.32 -45.8335 -22.1536
1010101 FRAC0_S 0 1 16042.5 -15274.7 8463.34 -1.34035e+07 5.97325e+06 -638512 3233.64 -35.5464 2.45471
1010101 FRAC0_S 0 1 16075.1 -14938.5 8462.35 653593 388377 2.79373e+06 1089.57 -13.4578 -39.305
1010101 FRAC0_S 0 1 16006.9 -14607 8475.06 -8.07868e+06 2.47627e+06 1.59365e+06 884.198 -25.6282 -9.66413
1010101 FRAC0_S 0 1 15839.3 -14313.9 8496.46 849536 -1.13022e+06 4.07693e+06 2388.78 23.6874 -37.5517
1010101 FRAC0_S 0 1 15586 -14088.7 8514.48 994998 -2.68201e+06 2.22357e+06 1386.79 49.1726 -24.7072
1010101 FRAC0_S 0 1 15276.3 -13967.5 8539.25 -1.04899e+07 -4.9138e+06 521556 2187.78 36.5332 -2.51913