
Step FractureNumber TipNr TipActive TipX TipY TipZ KI KII KIII G Phi Psi Extension
1010000 FRAC0_S 0 1 -14013.8 30054.3 8500 1.39856e+06 -4.94641e+06 -7.65191e+06 10141.9 40.733 32.779
1010000 FRAC0_S 0 1 -14078.8 30356.4 8500 1.38784e+06 -1.27918e+06 -8.0363e+06 8906.87 15.732 39.9609
1010000 FRAC0_S 0 1 -14234 30623.6 8500 -1.01763e+07 2.35238e+06 -8.58713e+06 10300.4 -14.7277 26.2626
1010000 FRAC0_S 0 1 -14464.3 30829.8 8500 1.41783e+06 6.22307e+06 -7.54337e+06 11198.1 -45.6195 30.6051
1010000 FRAC0_S 0 1 -14746.9 30954.7 8500 2.82612e+07 8.47844e+06 -5.24575e+06 81237 -25.4168 9.23036
1010000 FRAC0_S 0 1 -15054.3 30986.2 8500 1.49988e+06 1.18916e+07 -3.67682e+06 14599.7 -63.561 15.2712
1010000 FRAC0_S 0 1 -15356.4 30921.2 8500 1.48759e+06 1.30264e+07 -1.01658e+06 15455.4 -68.1801 4.96425
1010000 FRAC0_S 0 1 -15623.6 30766 8500 1.97409e+06 1.37023e+07 1.86042e+06 17538.2 -66.6533 -7.90338
1010000 FRAC0_S 0 1 -15829.8 30535.7 8500 -2.054e+07 1.09826e+07 4.27669e+06 13180.8 -36.3614 -8.84715
1010000 FRAC0_S 0 1 -15954.7 30253.1 8500 1.6209e+06 9.6055e+06 7.43931e+06 15816.6 -53.5075 -25.8454
1010000 FRAC0_S 0 1 -15986.2 29945.7 8500 1.37882e+06 4.91922e+06 7.78772e+06 10392 -40.3552 -33.0373
1010000 FRAC0_S 0 1 -15921.2 29643.6 8500 -1.4774e+07 1.39561e+06 8.18804e+06 9090.42 -7.79169 -22.4913
1010000 FRAC0_S 0 1 -15766 29376.4 8500 1.47993e+06 -2.63942e+06 8.78146e+06 11072.1 25.7129 -37.8037
1010000 FRAC0_S 0 1 -15535.7 29170.2 8500 1.37517e+06 -5.99051e+06 7.17903e+06 10221 45.7871 -30.4599
1010000 FRAC0_S 0 1 -15253.1 29045.3 8500 2.62811e+06 -7.7568e+06 4.92627e+06 9204.71 52.9597 -21.6799
1010000 FRAC0_S 0 1 -14945.7 29013.8 8500 1.35284e+06 -1.05584e+07 3.32082e+06 11563.8 63.4099 -15.4366
1010000 FRAC0_S 0 1 -14643.6 29078.8 8500 1.30435e+06 -1.06789e+07 779012 10394.3 68.1346 -4.63819
1010000 FRAC0_S 0 1 -14376.4 29234 8500 1.22061e+07 -1.10198e+07 -1.61501e+06 24444.3 48.3305 4.93162
1010000 FRAC0_S 0 1 -14166.8 29469.7 8500 741130 -1.21041e+07 -4.67465e+06 16010.8 63.3111 18.4626
1010000 FRAC0_S 0 1 -14045.3 29746.9 8500 1.05269e+06 -6.38551e+06 -4.86207e+06 6876.28 53.8139 25.6758
Step FractureNumber TipNr TipActive TipX TipY TipZ KI KII KIII G Phi Psi Extension
1010101 FRAC0_S 0 1 -13939.3 30061.3 8559.58 6.24121e+06 -2.06471e+06 -6.89812e+06 10179.6 17.7211 28.5959
1010101 FRAC0_S 0 1 -13996.3 30390.1 8523.51 1.85309e+07 3.81254e+06 -2.75744e+06 32906.5 -19.6495 8.17037
1010101 FRAC0_S 0 1 -14164.7 30677.5 8476.2 4.85925e+06 1.38321e+06 -8.01841e+06 10825.8 -12.9205 33.4241
1010101 FRAC0_S 0 1 -14420.8 30896.2 8447.18 5.84411e+06 3.41278e+06 -7.22111e+06 11016.5 -25.9929 27.8443
1010101 FRAC0_S 0 1 -14726.5 31024.2 8438.29 8.06604e+06 4.99086e+06 -5.55935e+06 12127.7 -32.5017 20.3501
1010101 FRAC0_S 0 1 -15053.1 31038.9 8421.29 1.38822e+07 8.32862e+06 -4.00372e+06 25486.1 -37.4136 11.1431
1010101 FRAC0_S 0 1 -15370 30957.3 8408.24 9.15721e+06 966849 -689677 7618.83 -11.9577 4.84044
1010101 FRAC0_S 0 1 -15656.3 30800.9 8416.06 1.08524e+07 2.55113e+06 767480 11153.3 -22.9347 -4.12755
1010101 FRAC0_S 0 1 -15884.2 30569.1 8427.3 8.75013e+06 4.00321e+06 3.11804e+06 9543.79 -30.8586 -14.05
1010101 FRAC0_S 0 1 -16019.4 30270.6 8428.79 7.12032e+06 3.07516e+06 5.16242e+06 8904.99 -25.2261 -22.4903
1010101 FRAC0_S 0 1 -16061.7 29938.5 8444.14 6.52899e+06 2.3637e+06 7.19427e+06 11180.2 -19.0593 -28.2825
1010101 FRAC0_S 0 1 -16003.8 29610.5 8487.88 4.79153e+06 1.15736e+06 7.99994e+06 10677.1 -11.1341 -33.8801
1010101 FRAC0_S 0 1 -15833.4 29324.4 8536.22 2.69066e+06 -2.39925e+06 9.71956e+06 13722.6 20.8438 -36.9776
1010101 FRAC0_S 0 1 -15576 29112.2 8566.64 -2.26886e+07 -2.18253e+07 1.84697e+06 42900.9 50.3941 -3.05506
1010101 FRAC0_S 0 1 -15269.7 28990.3 8580.18 7.92362e+06 -2.40122e+06 4.82572e+06 9205.7 20.4303 -21.4964
1010101 FRAC0_S 0 1 -14945 28968.2 8587.87 8.98503e+06 -1.58476e+06 2.61916e+06 8330.09 15.8115 -14.1884
1010101 FRAC0_S 0 1 -14625.8 29037.4 8587.43 1.13782e+07 -2.17643e+06 1.11875e+06 12125.1 19.2255 -5.75516
1010101 FRAC0_S 0 1 -14342.6 29193.6 8582.88 9.72951e+06 -3.02358e+06 -1.43516e+06 9524.04 26.6557 7.55215
1010101 FRAC0_S 0 1 -14126.6 29435.4 8583.53 7.40009e+06 -1.16365e+06 -2.69747e+06 5968.19 13.7192 16.7904
1010101 FRAC0_S 0 1 -13988.4 29734.2 8579.01 7.60343e+06 -1.92354e+06 -4.677e+06 8390.63 17.6754 22.1055