
Step FractureNumber TipNr TipActive TipX TipY TipZ KI KII KIII G Phi Psi Extension
1010000 FRAC0_S 0 1 94.8022 646.158 7759.04 -4.01569e+06 -467732 -1.23494e+06 222.332 10.9829 15.3059
1010000 FRAC0_S 0 1 -157.315 763.642 7893.67 -4.64199e+06 817748 -1.66989e+06 430.462 -15.1367 16.4587
1010000 FRAC0_S 0 1 -394.033 806.375 8087.66 -2.72212e+06 1.33436e+06 -881468 262.001 -32.72 12.8721
1010000 FRAC0_S 0 1 -592.18 770.175 8322 -3.36568e+06 2.72189e+06 -635982 713.981 -45.204 7.08278
1010000 FRAC0_S 0 1 -732.36 658.584 8573.77 -1.14204e+06 1.95193e+06 460131 367.67 -55.7749 -9.54515
1010000 FRAC0_S 0 1 -800.852 482.527 8818.32 -854512 2.4192e+06 1.48635e+06 815.345 -53.0713 -21.1382
1010000 FRAC0_S 0 1 -790.951 259.237 9031.71 28963.5 1.26208e+06 2.14616e+06 754.612 -41.9679 -35.837
1010000 FRAC0_S 0 1 -703.626 10.571 9193.05 660873 -28816.9 2.61381e+06 947.653 1.21591 -41.0563
1010000 FRAC0_S 0 1 -547.426 -239.13 9286.56 1.07049e+06 -1.42477e+06 2.45914e+06 1087.3 34.4717 -30.5855
1010000 FRAC0_S 0 1 -337.64 -465.424 9303.07 2.50176e+06 -2.04058e+06 2.01386e+06 1468.17 36.7931 -20.8455
1010000 FRAC0_S 0 1 -94.8022 -646.158 9240.96 -579032 -2.93138e+06 978490 893.063 61.5728 -15.4344
1010000 FRAC0_S 0 1 157.315 -763.642 9106.33 280391 -3.44703e+06 820898 1155.44 65.8961 -13.0028
1010000 FRAC0_S 0 1 372.145 -806.046 8933.9 -215658 -3.21922e+06 221211 929.989 69.0005 -4.59857
1010000 FRAC0_S 0 1 592.18 -770.175 8678 -635086 -2.16705e+06 -190037 423.272 64.6769 4.82077
1010000 FRAC0_S 0 1 732.36 -658.584 8426.23 -2.3146e+06 -2.76208e+06 -283712 690.533 53.553 4.03591
1010000 FRAC0_S 0 1 800.852 -482.527 8181.68 -3.34082e+06 -2.47599e+06 -470463 575.728 44.2773 5.65181
1010000 FRAC0_S 0 1 789.099 -250.245 7961.14 -4.18842e+06 -2.40437e+06 -613646 565.225 38.9177 6.40262
1010000 FRAC0_S 0 1 703.626 -10.571 7806.95 -4.01013e+06 -1.77269e+06 -602187 328.252 33.473 7.06285
1010000 FRAC0_S 0 1 547.426 239.13 7713.44 -4.03987e+06 -1.34566e+06 -889316 266.548 26.8042 10.3919
1010000 FRAC0_S 0 1 337.64 465.424 7696.93 -4.03319e+06 -1.09243e+06 -1.69669e+06 489.219 20.6228 17.3573
Step FractureNumber TipNr TipActive TipX TipY TipZ KI KII KIII G Phi Psi Extension
1010101 FRAC0_S 0 1 110.482 714.768 7695.2 -4.44437e+06 -958341 -1.83965e+06 531.956 17.2997 17.6838
1010101 FRAC0_S 0 1 -183.628 821.596 7824.26 -3.94534e+06 1.721e+06 -1.58772e+06 599.206 -29.2745 15.4913
1010101 FRAC0_S 0 1 -454.835 843.497 8022.49 -2.51518e+06 3.31496e+06 -1.76867e+06 1395.27 -47.7528 16.3672
1010101 FRAC0_S 0 1 -672.341 783.972 8267.7 -271950 3.32732e+06 -66224.1 987.126 -69.4042 1.39845
1010101 FRAC0_S 0 1 -821.603 652.761 8531.89 1.02377e+06 2.5527e+06 904449 782.859 -57.0379 -14.3994
1010101 FRAC0_S 0 1 -895.185 466.796 8794.4 1.13479e+06 1.97067e+06 1.39423e+06 719.349 -47.8875 -21.0001
1010101 FRAC0_S 0 1 -881.243 246.064 9043.58 1.47022e+06 506902 2.33389e+06 939.966 -15.4938 -32.5555
1010101 FRAC0_S 0 1 -766.417 10.1245 9253.68 1.97957e+06 -386975 2.1799e+06 994.55 11.4091 -29.8124
1010101 FRAC0_S 0 1 -569.632 -232.986 9378.49 2.25791e+06 -424029 1.95008e+06 976.093 12.2294 -26.989
1010101 FRAC0_S 0 1 -325.74 -458.915 9399.12 2.17099e+06 -1.73906e+06 1.89384e+06 1166.51 35.6644 -21.9381
1010101 FRAC0_S 0 1 -55.0977 -631.851 9328.57 4.00017e+06 -556537 1.41658e+06 1720.37 12.4363 -16.6419
1010101 FRAC0_S 0 1 215.518 -742.01 9184.05 3.92762e+06 -491712 774964 1476.05 12.6256 -10.9027
1010101 FRAC0_S 0 1 462.391 -784.063 8981.19 3.62175e+06 -789868 80622.3 1225.32 22.452 -1.38924
1010101 FRAC0_S 0 1 670.768 -752.889 8735.66 2.37475e+06 -1.70595e+06 -454325 789.316 42.7587 7.48295
1010101 FRAC0_S 0 1 821.655 -649.129 8466.51 912929 -2.6533e+06 -696428 766.107 60.022 11.8627
1010101 FRAC0_S 0 1 897.3 -474.194 8199.39 -1.11889e+06 -3.52399e+06 -211144 1112.54 64.7444 3.33046
1010101 FRAC0_S 0 1 887.646 -242.244 7963.11 -1.88397e+06 -3.78136e+06 -533092 1311.96 59.3559 6.46426
1010101 FRAC0_S 0 1 789.993 26.3244 7777.86 -2.20492e+06 -2.90795e+06 -352853 770.09 54.6706 4.89794
1010101 FRAC0_S 0 1 621.077 286.799 7670.31 -4.52223e+06 -4.37968e+06 -1.31157e+06 1938.06 47.1622 9.47221
1010101 FRAC0_S 0 1 387.785 528.359 7642.14 -3.85381e+06 -2.75266e+06 -1.0863e+06 832.146 41.1328 10.3564