
Step FractureNumber TipNr TipActive TipX TipY TipZ KI KII KIII G Phi Psi Extension
1010000 FRAC0_S 0 1 15806.4 29592.3 8101.29 1.70111e+07 -6.14781e+06 -1.06455e+07 44226.7 23.1458 21.2907
1010000 FRAC0_S 0 1 15768.6 29827.2 7904.19 2.36763e+07 -1.18717e+06 -1.5555e+07 82258 4.0517 25.1306
1010000 FRAC0_S 0 1 15655.5 30079.1 7765.4 2.45943e+07 6.14722e+06 -1.5951e+07 91108 -17.2182 22.795
1010000 FRAC0_S 0 1 15478.3 30323.3 7698.53 2.00914e+07 1.04873e+07 -1.16945e+07 63960.4 -30.4236 19.0526
1010000 FRAC0_S 0 1 15254.1 30535.8 7710.12 1.874e+07 1.43733e+07 -8.1551e+06 58548.9 -40.269 14.125
1010000 FRAC0_S 0 1 15005.2 30695.8 7799.02 2.60003e+07 2.33557e+07 -6.04241e+06 113704 -46.5813 8.11502
1010000 FRAC0_S 0 1 14755.7 30787.8 7956.53 2.29146e+07 2.26591e+07 -951998 92662.5 -51.5799 1.5822
1010000 FRAC0_S 0 1 14530.2 30802.5 8167.25 2.36623e+07 2.39236e+07 4.23186e+06 103276 -49.7154 -6.15002
1010000 FRAC0_S 0 1 14350.7 30738.8 8410.54 2.29298e+07 1.93507e+07 8.28153e+06 89340.7 -43.3268 -11.8903
1010000 FRAC0_S 0 1 14234.6 30602.7 8662.59 1.1775e+07 9.0438e+06 9.71376e+06 32193.1 -35.3267 -21.4751
1010000 FRAC0_S 0 1 14193.6 30407.7 8898.71 2.68566e+07 1.02628e+07 1.66973e+07 110739 -24.1522 -21.0238
1010000 FRAC0_S 0 1 14231.4 30172.8 9095.81 2.39205e+07 1.98981e+06 1.6617e+07 88065.3 -6.39723 -25.4392
1010000 FRAC0_S 0 1 14344.5 29920.9 9234.6 2.3931e+07 -6.44629e+06 1.66197e+07 91471.7 17.886 -23.4565
1010000 FRAC0_S 0 1 14521.7 29676.7 9301.47 2.18656e+07 -1.25852e+07 1.30967e+07 79530.3 32.152 -18.981
1010000 FRAC0_S 0 1 14745.9 29464.2 9289.88 2.17277e+07 -1.82166e+07 9.95393e+06 84816.7 41.7809 -14.2466
1010000 FRAC0_S 0 1 14994.8 29304.2 9200.98 2.14854e+07 -2.14152e+07 5.44304e+06 85942.4 48.2809 -8.36374
1010000 FRAC0_S 0 1 15244.3 29212.2 9043.47 2.17629e+07 -2.26637e+07 894499 88081.9 52.5049 -1.52662
1010000 FRAC0_S 0 1 15469.8 29197.5 8832.75 2.71329e+07 -2.56384e+07 -4.25589e+06 126586 48.7927 5.63728
1010000 FRAC0_S 0 1 15649.3 29261.2 8589.46 1.76766e+07 -1.43076e+07 -6.53994e+06 51773.6 42.3398 12.2904
1010000 FRAC0_S 0 1 15767.2 29401.1 8331.68 1.88485e+07 -1.14385e+07 -9.6778e+06 55773.8 34.3357 16.9532
Step FractureNumber TipNr TipActive TipX TipY TipZ KI KII KIII G Phi Psi Extension
1010101 FRAC0_S 0 1 15899.9 29576.8 8084.79 2.93606e+07 -40411.9 -1.44677e+07 104655 0.128909 22.1348
1010101 FRAC0_S 0 1 15845.4 29814.4 7850.5 2.7515e+07 -467708 -1.41412e+07 94079 1.54581 22.4659
1010101 FRAC0_S 0 1 15702.2 30070.8 7682.51 3.60931e+07 -6.58585e+06 -1.49764e+07 149780 15.0785 18.0344
1010101 FRAC0_S 0 1 15491.6 30321.4 7602.31 2.91579e+07 -1.3401e+06 -1.30625e+07 98613.5 4.24073 20.4224
1010101 FRAC0_S 0 1 15238.1 30539.1 7613.47 2.57318e+07 -217123 -7.7282e+06 66949.8 0.899697 16.1616
1010101 FRAC0_S 0 1 14964.9 30701.1 7709.22 3.40784e+07 -3.38007e+06 -5.47883e+06 108497 10.5871 9.41555
1010101 FRAC0_S 0 1 14696.4 30793.6 7877.69 3.37626e+07 -2.72353e+06 -1.42973e+06 102511 9.69512 2.89429
1010101 FRAC0_S 0 1 14455.8 30811.6 8102.94 3.9912e+07 -6.81631e+06 1.88329e+06 146561 18.2545 -2.97232
1010101 FRAC0_S 0 1 14264.1 30752.5 8366 2.88442e+07 555984 8.39989e+06 83550.3 -2.04405 -15.7035
1010101 FRAC0_S 0 1 14139.9 30618.2 8644.36 3.12357e+07 -34327.1 1.22185e+07 106798 0.110463 -19.3099
1010101 FRAC0_S 0 1 14099.4 30421.5 8913.71 3.15411e+07 -694001 1.63603e+07 124292 1.98509 -22.5194
1010101 FRAC0_S 0 1 14153.6 30184.2 9148 2.00782e+07 -997275 1.13854e+07 53252.2 4.23507 -23.2982
1010101 FRAC0_S 0 1 14298.3 29929.4 9317.09 2.80053e+07 529869 1.53608e+07 101296 -1.67974 -23.254
1010101 FRAC0_S 0 1 14510.1 29680.2 9397.83 2.60699e+07 -1.2221e+06 1.29205e+07 82898.4 4.19011 -21.655
1010101 FRAC0_S 0 1 14763.6 29463 9386.38 2.29551e+07 -3.37606e+06 8.28741e+06 57105.5 12.9873 -16.7814
1010101 FRAC0_S 0 1 15036.2 29301.2 9290.5 4.0619e+07 1.21785e+06 5.57252e+06 151285 -3.55012 -8.71224
1010101 FRAC0_S 0 1 15304 29207.5 9122.11 2.76324e+07 1.84294e+06 888018 68447.3 -8.23961 -2.25299
1010101 FRAC0_S 0 1 15544.2 29187.6 8896.78 3.60251e+07 1.12931e+06 -2.79273e+06 116799 -3.90187 5.29174
1010101 FRAC0_S 0 1 15735.9 29246 8633.4 2.87077e+07 -1.53175e+06 -6.77881e+06 79759.2 5.67309 13.1768
1010101 FRAC0_S 0 1 15860 29380.4 8354.69 2.68628e+07 -441340 -1.05493e+07 79121.4 1.62277 19.1746