
Step FractureNumber TipNr TipActive TipX TipY TipZ KI KII KIII G Phi Psi Extension
1010000 FRAC0_S 0 1 -45000 984.872 8574.53 -6.69652e+06 433713 3.64012e+06 1779.07 -5.52417 -22.5926
1010000 FRAC0_S 0 1 -45000 913.64 8875.22 -6.14423e+06 -970153 2.64375e+06 1013.46 13.2269 -18.7101
1010000 FRAC0_S 0 1 -45000 752.975 9139.18 -7.32869e+06 -1.26277e+06 2.11605e+06 737.624 15.5371 -14.1258
1010000 FRAC0_S 0 1 -45000 518.603 9340.58 -6.23966e+06 -2.43395e+06 1.47356e+06 816.692 29.5537 -10.6311
1010000 FRAC0_S 0 1 -45000 233.466 9459.7 -6.84973e+06 -3.01051e+06 910768 917.944 33.6617 -6.35953
1010000 FRAC0_S 0 1 -45000 -74.5244 9484.87 -7.35282e+06 -3.48449e+06 226816 1088.79 37.1481 -1.58514
1010000 FRAC0_S 0 1 -45000 -375.22 9413.64 -7.41924e+06 -3.54206e+06 -582297 1163.09 36.3672 3.85061
1010000 FRAC0_S 0 1 -45000 -639.186 9252.98 -5.31719e+06 -2.4584e+06 -1.03194e+06 680.19 33.6238 8.68587
1010000 FRAC0_S 0 1 -45000 -840.583 9018.61 -6.33085e+06 -2.63933e+06 -2.19069e+06 1259.03 29.1927 14.0387
1010000 FRAC0_S 0 1 -45000 -959.699 8733.46 -5.71025e+06 -1.70301e+06 -2.816e+06 1313.11 21.3676 18.9716
1010000 FRAC0_S 0 1 -45000 -984.872 8425.47 -5.37384e+06 -383707 -3.50671e+06 1648.62 5.67844 24.7964
1010000 FRAC0_S 0 1 -45000 -913.64 8124.78 -4.51026e+06 1.20124e+06 -3.1874e+06 1479.8 -17.6227 23.7043
1010000 FRAC0_S 0 1 -45000 -728.764 7832.29 -3.7839e+06 1.95498e+06 -2.50879e+06 1177.68 -29.2518 20.6728
1010000 FRAC0_S 0 1 -45000 -518.603 7659.42 -3.40447e+06 3.86072e+06 -2.12181e+06 1926.97 -45.7389 15.9448
1010000 FRAC0_S 0 1 -45000 -233.466 7540.3 -2.1307e+06 3.57611e+06 -954144 1260.67 -54.9861 10.4959
1010000 FRAC0_S 0 1 -45000 74.5244 7515.13 -3.03816e+06 5.05199e+06 -194368 2279.34 -59.3427 1.81184
1010000 FRAC0_S 0 1 -45000 375.22 7586.36 -3.24706e+06 4.8943e+06 877550 2236.98 -55.3595 -7.27707
1010000 FRAC0_S 0 1 -45000 639.186 7747.02 -3.30911e+06 3.98982e+06 1.69258e+06 1799.53 -48.3396 -13.5135
1010000 FRAC0_S 0 1 -45000 840.583 7981.39 -3.03042e+06 2.97213e+06 2.73092e+06 1779.06 -39.5371 -21.1636
1010000 FRAC0_S 0 1 -45000 959.699 8266.54 -4.85109e+06 1.77558e+06 2.64198e+06 1209.28 -24.2507 -19.5522
Step FractureNumber TipNr TipActive TipX TipY TipZ KI KII KIII G Phi Psi Extension
1010101 FRAC0_S 0 1 -45009.3 1079.16 8582.14 -5.6011e+06 1.17973e+06 3.56789e+06 1817.08 -15.05 -22.9692
1010101 FRAC0_S 0 1 -44984.3 1001.84 8911.18 -6.6984e+06 -2.03435e+06 3.28867e+06 1807.23 21.6871 -18.8686
1010101 FRAC0_S 0 1 -44968.6 823.63 9198.12 -6.35245e+06 -4.15891e+06 2.65752e+06 2480.59 37.2322 -14.3967
1010101 FRAC0_S 0 1 -44954.8 564.721 9413.41 -5.55589e+06 -5.81834e+06 2.07374e+06 3588.6 47.4684 -11.2433
1010101 FRAC0_S 0 1 -44944.9 253.218 9538.52 -5.46426e+06 -5.78138e+06 1.12374e+06 3146.4 50.1432 -6.81383
1010101 FRAC0_S 0 1 -44941.1 -80.2604 9563.45 -5.28899e+06 -8.56561e+06 303523 6550.22 59.078 -1.657
1010101 FRAC0_S 0 1 -44941.5 -405.49 9486.63 -4.29316e+06 -7.87163e+06 -716200 5589.7 59.4132 4.23489
1010101 FRAC0_S 0 1 -44945.3 -692.351 9314.8 -3.57264e+06 -5.24228e+06 -1.11659e+06 2614.7 54.3948 8.35234
1010101 FRAC0_S 0 1 -44952.7 -913.824 9062.9 -3.98469e+06 -4.52862e+06 -2.06003e+06 2391.92 47.1216 13.9443
1010101 FRAC0_S 0 1 -44967.1 -1048.32 8754.06 -6.2356e+06 -3.94264e+06 -3.36021e+06 2886.87 34.8339 17.3266
1010101 FRAC0_S 0 1 -44993.5 -1079.15 8418.18 -5.09807e+06 -809904 -3.55294e+06 1737.36 11.4718 24.6381
1010101 FRAC0_S 0 1 -45024.9 -999.155 8090.69 -3.84165e+06 2.3693e+06 -3.44899e+06 2082.33 -30.1268 23.6424
1010101 FRAC0_S 0 1 -45049.9 -817.434 7808.68 -1.71458e+06 4.01134e+06 -2.8882e+06 2543.3 -50.0144 22.4426
1010101 FRAC0_S 0 1 -45068.5 -556.945 7601.66 467322 4.72821e+06 -2.09842e+06 2597.25 -61.3384 19.7088
1010101 FRAC0_S 0 1 -45080.4 -248.446 7484.86 1.84724e+06 5.0304e+06 -1.1946e+06 2748.79 -60.0601 10.8204
1010101 FRAC0_S 0 1 -45084 78.4561 7462.62 2.34471e+06 4.04081e+06 -248548 1953.11 -59.3038 2.87599
1010101 FRAC0_S 0 1 -45081.3 397.732 7534.69 2.2463e+06 4.09231e+06 652331 1998.56 -57.966 -6.99093
1010101 FRAC0_S 0 1 -45073.8 682.501 7698.42 957334 4.67453e+06 1.52052e+06 2336.33 -61.5987 -15.0906
1010101 FRAC0_S 0 1 -45060.8 906.303 7943.1 -556723 4.01882e+06 2.41781e+06 2216.7 -57.3362 -23.0225
1010101 FRAC0_S 0 1 -45038.8 1045.22 8247.51 -3.47235e+06 3.71788e+06 3.24907e+06 2635.74 -40.9813 -21.0797