
Step FractureNumber TipNr TipActive TipX TipY TipZ KI KII KIII G Phi Psi Extension
1010000 FRAC0_S 0 1 0 15987.2 8471.27 3.04363e+06 516937 -29717.9 849.414 -18.7064 0.643369
1010000 FRAC0_S 0 1 0 15947.8 8777.76 9.17884e+06 692657 76215.2 7551.15 -9.40878 -0.595666
1010000 FRAC0_S 0 1 0 15815.6 9057.06 1.42928e+07 558632 211812 18237.6 -5.09573 -1.09027
1010000 FRAC0_S 0 1 0 15603.5 9281.83 1.96324e+07 502464 372754 34386.7 -3.38816 -1.40686
1010000 FRAC0_S 0 1 0 15332.4 9430.08 2.27605e+07 245757 492301 46200.1 -1.45652 -1.61964
1010000 FRAC0_S 0 1 0 15028.7 9487.27 2.70793e+07 53443.9 1.2241e+06 65543.1 -0.263608 -3.30557
1010000 FRAC0_S 0 1 0 14722.2 9447.82 2.35014e+07 -235455 489990 49253.8 1.35402 -1.56406
1010000 FRAC0_S 0 1 0 14442.9 9315.6 2.38399e+07 -115660 888170 50750.9 0.650252 -2.74635
1010000 FRAC0_S 0 1 0 14218.2 9103.54 1.66296e+07 -494310 332987 24679.3 3.90812 -1.47583
1010000 FRAC0_S 0 1 0 14070 8832.4 1.08517e+07 2.17542e+07 -1.4104e+07 79121.2 -50.0188 20.5433
1010000 FRAC0_S 0 1 0 14012.8 8528.73 4.16858e+06 -393894 123549 1564.33 11.2734 -2.03356
1010000 FRAC0_S 0 1 0 14052.2 8222.24 -1.05394e+06 1.1218e+07 -7.56582e+06 18827.1 -56.7839 24.948
1010000 FRAC0_S 0 1 0 14184.4 7942.94 -7.12247e+06 -434083 -112918 18.4867 7.6996 1.14125
1010000 FRAC0_S 0 1 0 14396.5 7718.17 -1.07332e+07 1.68922e+07 -1.07921e+07 40917.8 -48.0245 19.3073
1010000 FRAC0_S 0 1 0 14667.6 7569.92 -1.38129e+07 2.11312e+07 1.26059e+07 60924.8 -48.3915 -18.3591
1010000 FRAC0_S 0 1 0 14971.3 7512.73 -1.85364e+07 -245322 -1.12846e+06 174.727 1.71437 4.31484
1010000 FRAC0_S 0 1 0 15277.8 7552.18 -1.38876e+07 1.87372e+07 -1.42141e+07 58156 -44.803 20.6314
1010000 FRAC0_S 0 1 0 15557.1 7684.4 -1.23964e+07 374572 -366356 30.3533 -3.93477 2.14949
1010000 FRAC0_S 0 1 0 15781.8 7896.46 -7.93644e+06 2.00495e+07 -1.47232e+07 64651.5 -50.2956 22.9674
1010000 FRAC0_S 0 1 0 15930 8167.6 -2.57632e+06 884523 13184.7 69.7411 -31.1076 -0.295551
Step FractureNumber TipNr TipActive TipX TipY TipZ KI KII KIII G Phi Psi Extension
1010101 FRAC0_S 0 1 -33.039 16078.5 8469.63 3.65388e+06 -1.25543e+06 -207370 1335.86 30.1363 3.10699
1010101 FRAC0_S 0 1 -18.4124 16039.4 8804.99 1.05997e+07 -1.55098e+06 -193922 10231.2 16.4846 1.21716
1010101 FRAC0_S 0 1 -10.0055 15895.7 9111.85 1.751e+07 -992217 96900.3 27410 7.26945 -0.40548
1010101 FRAC0_S 0 1 -5.81097 15663 9358.92 2.16326e+07 2.40976e+07 1.84885e+07 138909 -42.6775 -19.7209
1010101 FRAC0_S 0 1 -2.86344 15365.2 9521.88 3.31679e+07 -2.29224e+06 1.46358e+06 98783.9 8.4215 -3.03991
1010101 FRAC0_S 0 1 -0.274754 15031.6 9584.77 2.60114e+07 2.2861e+07 -1.4764e+07 135853 -41.2602 16.3202
1010101 FRAC0_S 0 1 1.35019 14694.9 9541.43 2.40207e+07 749725 297578 51477.6 -4.12447 -0.921275
1010101 FRAC0_S 0 1 2.8621 14388 9396.12 2.34021e+07 514569 338621 48840.7 -2.93856 -1.0825
1010101 FRAC0_S 0 1 -15.4648 14149.4 9160.07 1.79428e+07 -4.22499e+06 1.73725e+06 30680.6 22.557 -5.49419
1010101 FRAC0_S 0 1 -31.7216 13995.4 8859.17 1.86834e+07 1.82683e+07 1.51301e+07 91290.7 -40.4943 -19.8745
1010101 FRAC0_S 0 1 -30.2971 13935.4 8531.7 3.28986e+06 -5.85296e+06 -2.14696e+06 4630.16 53.7663 13.6397
1010101 FRAC0_S 0 1 -33.5938 13980.9 8201.27 -2.32491e+06 -889807 -67670.1 71.1625 32.8078 1.59403
1010101 FRAC0_S 0 1 -32.8021 14120.1 7897.9 -7.86292e+06 1.48448e+06 -438905 221.99 -19.6258 3.43184
1010101 FRAC0_S 0 1 -52.5146 14350 7662.09 -1.11572e+07 8.21387e+06 -5.15467e+06 9545.94 -39.0357 14.9358
1010101 FRAC0_S 0 1 -55.2228 14645.5 7500.45 -1.01097e+07 1.33961e+07 2.13581e+06 16598 -54.0353 -6.26804
1010101 FRAC0_S 0 1 -34.8134 14969.2 7430.12 -1.61738e+07 6.77609e+06 -842916 4186.01 -34.1938 2.72192
1010101 FRAC0_S 0 1 -36.2012 15301.1 7472.55 -1.49442e+07 6.57542e+06 -395196 3873.54 -35.7043 1.39586
1010101 FRAC0_S 0 1 -40.2816 15602.9 7616.42 -6.66628e+06 1.60366e+07 -9.73348e+06 35517.2 -52.106 20.4346
1010101 FRAC0_S 0 1 -53.0992 15841.3 7849.14 -1.52167e+07 -9.86419e+06 -1.27024e+07 30130.4 31.7791 22.4931
1010101 FRAC0_S 0 1 -53.0841 16006.7 8142.74 -2.68566e+06 1.30314e+06 404987 173.137 -35.3647 -6.90911