
Step FractureNumber TipNr TipActive TipX TipY TipZ KI KII KIII G Phi Psi Extension
1010000 FRAC0_S 0 1 -15132.4 -44244.9 7877.25 1.09441e+06 -395077 1.24647e+06 327.282 18.7566 -28.6864
1010000 FRAC0_S 0 1 -15371.7 -44194.3 8066.07 958848 -1.10313e+06 1.0886e+06 347.976 40.4373 -23.0111
1010000 FRAC0_S 0 1 -15574.7 -44222.7 8297.36 1.16157e+06 -1.00496e+06 857714 308.072 38.7925 -19.4674
1010000 FRAC0_S 0 1 -15718.8 -44324 8542.79 1.15197e+06 -1.79539e+06 543956 444.845 53.483 -11.3516
1010000 FRAC0_S 0 1 -15797.5 -44497.4 8794.88 1.06444e+06 -1.84098e+06 140287 405.594 59.0478 -3.52272
1010000 FRAC0_S 0 1 -15795.5 -44716.9 9012.39 1.05481e+06 -1.81943e+06 -245004 402.114 57.8448 5.92297
1010000 FRAC0_S 0 1 -15721 -44952.6 9173.56 1.09127e+06 -1.68685e+06 -644949 414.999 51.9915 13.5247
1010000 FRAC0_S 0 1 -15565.8 -45214.8 9280.58 1.15227e+06 -1.28182e+06 -726522 334.928 45.2649 16.186
1010000 FRAC0_S 0 1 -15360.5 -45444.5 9304.99 824973 -606990 -899282 201.036 31.7065 25.1781
1010000 FRAC0_S 0 1 -15119.9 -45630.7 9250.6 928243 -108760 -1.18192e+06 263.625 6.69394 32.1842
1010000 FRAC0_S 0 1 -14867.6 -45755.1 9122.75 1.0964e+06 374059 -1.2258e+06 319.431 -18.0753 28.6404
1010000 FRAC0_S 0 1 -14628.3 -45805.7 8933.93 1.10419e+06 906785 -1.06778e+06 333.558 -35.1618 23.0827
1010000 FRAC0_S 0 1 -14425.3 -45777.3 8702.64 1.25485e+06 822615 -828547 291.921 -34.0211 19.5564
1010000 FRAC0_S 0 1 -14278.6 -45672.9 8451.51 1.12082e+06 1.73034e+06 -525797 415.514 -53.357 11.3447
1010000 FRAC0_S 0 1 -14202.5 -45502.6 8205.12 603366 1.95983e+06 211729 380.669 -63.9603 -5.75934
1010000 FRAC0_S 0 1 -14204.5 -45283.1 7987.61 951474 1.52518e+06 207630 293.69 -56.9477 -5.83588
1010000 FRAC0_S 0 1 -14284.4 -45035.9 7820.25 1.17949e+06 1.73324e+06 690327 455.048 -51.1481 -13.733
1010000 FRAC0_S 0 1 -14434.2 -44785.2 7719.42 1.16426e+06 1.31683e+06 980680 403.22 -43.126 -19.4482
1010000 FRAC0_S 0 1 -14639.5 -44555.5 7695.01 1.09733e+06 748994 1.14238e+06 330.86 -30.6888 -24.9928
1010000 FRAC0_S 0 1 -14880.1 -44369.3 7749.4 1.19239e+06 210378 1.33559e+06 367.884 -10.3425 -30.1931
Step FractureNumber TipNr TipActive TipX TipY TipZ KI KII KIII G Phi Psi Extension
1010101 FRAC0_S 0 1 -15126.8 -44161.4 7836.41 1.36826e+06 -82902.8 1.0971e+06 327.521 4.48054 -27.4645
1010101 FRAC0_S 0 1 -15368.1 -44097.5 8062.84 1.38312e+06 -113415 956338 293.256 6.32358 -25.3947
1010101 FRAC0_S 0 1 -15576.3 -44127.3 8320.79 1.85888e+06 -231136 870028 413.347 10.5051 -20.0752
1010101 FRAC0_S 0 1 -15720.2 -44240.3 8594.42 2.44034e+06 -286660 570162 581.23 11.6427 -12.5014
1010101 FRAC0_S 0 1 -15791.2 -44421.8 8858.76 2.15998e+06 -56506.8 145476 418.842 3.30925 -4.67892
1010101 FRAC0_S 0 1 -15790.3 -44653.9 9088.81 2.36415e+06 -180146 -278042 511.227 8.65083 7.36389
1010101 FRAC0_S 0 1 -15713.5 -44917.7 9266.97 2.13093e+06 -152805 -646657 462.334 7.10994 15.6055
1010101 FRAC0_S 0 1 -15565.4 -45192 9375.78 1.99766e+06 -167746 -1.06148e+06 507.97 7.08858 22.0872
1010101 FRAC0_S 0 1 -15362 -45456.2 9399.53 1.97938e+06 -106738 -1.13792e+06 522.361 4.55826 23.4191
1010101 FRAC0_S 0 1 -15124.1 -45683.7 9327.14 1.55246e+06 -6196.89 -1.37071e+06 464.657 0.295848 29.2725
1010101 FRAC0_S 0 1 -14872.2 -45839.5 9164.98 1.68761e+06 -109778 -1.25461e+06 464.209 4.94515 26.4876
1010101 FRAC0_S 0 1 -14626.9 -45902.7 8941.94 1.70098e+06 234819 -1.16909e+06 444.521 -10.1876 24.6909
1010101 FRAC0_S 0 1 -14418.7 -45872.9 8683.34 1.82419e+06 -80906.8 -919938 409.667 3.95208 21.9004
1010101 FRAC0_S 0 1 -14280.1 -45759.3 8406.81 2.41581e+06 269174 -390444 546.788 -11.7172 9.3707
1010101 FRAC0_S 0 1 -14213.6 -45583.6 8148.49 2.50899e+06 -278466 -260830 576.907 12.2051 6.43256
1010101 FRAC0_S 0 1 -14210.7 -45345.5 7910.99 2.17564e+06 5670.4 248369 430.003 -0.326351 -7.62854
1010101 FRAC0_S 0 1 -14284.6 -45081.4 7732.72 2.39104e+06 199349 668518 572.43 -8.30196 -14.6119
1010101 FRAC0_S 0 1 -14432.5 -44806.5 7623.93 1.79268e+06 100576 1.16757e+06 468.583 -4.52471 -24.9518
1010101 FRAC0_S 0 1 -14637.6 -44543.7 7599.67 1.51327e+06 42907.1 1.19608e+06 394.495 -2.16556 -27.665
1010101 FRAC0_S 0 1 -14877.3 -44318 7671.66 1.43727e+06 -18705 1.29054e+06 405.619 0.950218 -29.3647