
Step FractureNumber TipNr TipActive TipX TipY TipZ KI KII KIII G Phi Psi Extension
1010000 FRAC0_S 0 1 -14233.6 22334 7899.53 -9.82298e+06 6.70658e+06 8.82291e+06 14361.2 -32.1362 -23.1481
1010000 FRAC0_S 0 1 -14348.6 22586 7762.57 -2.25306e+07 1.87983e+07 1.97485e+07 83359.6 -36.4581 -21.7701
1010000 FRAC0_S 0 1 -14527.4 22829.6 7697.8 -1.04506e+07 -2.62658e+06 8.8394e+06 11006.7 15.7728 -26.0909
1010000 FRAC0_S 0 1 -14752.5 23040.9 7711.54 -1.06422e+07 -6.86191e+06 8.37476e+06 13524 32.2002 -21.7859
1010000 FRAC0_S 0 1 -15001.8 23199.3 7802.47 -1.03011e+07 -2.77544e+07 1.89425e+07 116365 51.5736 -22.2774
1010000 FRAC0_S 0 1 -15250.8 23289.2 7961.68 -8.84628e+06 -1.27204e+07 4.57757e+06 17205.6 51.5456 -12.6453
1010000 FRAC0_S 0 1 -15475.4 23301.9 8173.58 -1.10179e+07 -9.78942e+06 4.71271e+06 11493.5 43.4033 -13.2787
1010000 FRAC0_S 0 1 -15653.5 23236 8417.43 -5.75768e+06 -1.50675e+07 -18324.7 20230.7 64.6246 0.0685485
1010000 FRAC0_S 0 1 -15767.5 23098.1 8669.36 -5.18364e+06 -1.46228e+07 -2.63037e+06 19974.2 61.5097 8.69075
1010000 FRAC0_S 0 1 -15806.4 22901.8 8904.72 -1.91341e+06 -9.4486e+06 -3.35902e+06 9456.04 61.0207 16.0798
1010000 FRAC0_S 0 1 -15766.4 22666 9100.47 -1.93154e+06 -1.04636e+07 -6.70636e+06 15738 55.6853 23.3174
1010000 FRAC0_S 0 1 -15651.4 22414 9237.43 1.3674e+07 7.97365e+06 -1.71626e+07 61503.1 -25.8086 28.0397
1010000 FRAC0_S 0 1 -15472.6 22170.4 9302.2 317819 -3.01054e+06 -8.03195e+06 9396.76 32.1848 38.6516
1010000 FRAC0_S 0 1 -15247.5 21959.1 9288.46 14706.4 908326 -9.92666e+06 13179.2 -11.2301 43.7403
1010000 FRAC0_S 0 1 -14998.2 21800.7 9197.53 -470267 5.72182e+06 -9.14363e+06 14037 -42.4901 34.7748
1010000 FRAC0_S 0 1 -14749.2 21710.8 9038.32 -2.01289e+06 1.0765e+07 -7.625e+06 18059.3 -54.3802 24.5412
1010000 FRAC0_S 0 1 -14524.6 21698.1 8826.42 -2.97474e+06 1.3133e+07 -4.26576e+06 17789.4 -61.1589 14.8848
1010000 FRAC0_S 0 1 -14346.5 21764 8582.57 -3.08644e+06 1.06181e+07 -473241 10076.4 -65.5873 2.5668
1010000 FRAC0_S 0 1 -14232.5 21901.9 8330.64 -3.76304e+06 2.19036e+07 9.05621e+06 53660.1 -60.459 -18.0987
1010000 FRAC0_S 0 1 -14193.6 22098.2 8095.28 -2.62534e+07 2.67449e+07 -4.12343e+06 66000.7 -50.2039 5.4586
Step FractureNumber TipNr TipActive TipX TipY TipZ KI KII KIII G Phi Psi Extension
1010101 FRAC0_S 0 1 -14209.4 22287.2 7817.21 -1.34225e+06 1.28853e+07 1.21025e+07 34275.8 -51.7484 -28.8804
1010101 FRAC0_S 0 1 -14315.1 22573.1 7679.23 -7.20721e+06 4.84677e+06 9.31166e+06 13625.3 -28.1566 -27.7262
1010101 FRAC0_S 0 1 -14478.9 22866 7633.77 -7.30122e+06 -5.55663e+06 1.17928e+07 21247.7 28.0013 -29.7625
1010101 FRAC0_S 0 1 -14699.8 23113.7 7677.86 -1.89294e+06 -1.36993e+07 1.27272e+07 38266.9 51.3435 -28.3893
1010101 FRAC0_S 0 1 -14958.9 23286.9 7796.77 -3.36585e+06 -5.42551e+06 -19228.1 2623.11 59.667 0.170069
1010101 FRAC0_S 0 1 -15223.7 23383.6 7971.58 3.60601e+06 -1.13432e+07 3.28575e+06 14060.3 60.0012 -12.9833
1010101 FRAC0_S 0 1 -15459.8 23395.9 8196.38 9.8844e+06 -1.20046e+07 -323877 21561.8 55.2159 1.13027
1010101 FRAC0_S 0 1 -15636.9 23322.7 8460.36 7.66123e+06 -8.02291e+06 -153136 10969.1 52.9578 0.751124
1010101 FRAC0_S 0 1 -15752 23176.5 8728.56 8.46761e+06 -5.79873e+06 -1.2879e+06 9606.18 42.464 6.23221
1010101 FRAC0_S 0 1 -15796.5 22971 8975.12 7.22417e+06 -4.08266e+06 -2.10766e+06 6726.65 36.1247 11.4406
1010101 FRAC0_S 0 1 -15782.8 22703.9 9169.55 8.25952e+06 -6.74409e+06 -4.49014e+06 12813.5 40.0564 16.2155
1010101 FRAC0_S 0 1 -15695.1 22412.4 9303.83 2.51197e+06 -7.35343e+06 -8.31383e+06 14573.6 45.1763 28.7696
1010101 FRAC0_S 0 1 -15507.6 22147.1 9379.24 -1.05927e+07 -2.62827e+07 6.10059e+06 66505.1 59.4383 -10.4074
1010101 FRAC0_S 0 1 -15277.6 21904.5 9350.13 4.06431e+06 -60075.3 -8.90716e+06 12024.2 0.643911 37.8966
1010101 FRAC0_S 0 1 -15034.6 21715.6 9217.04 5.0853e+06 1.40595e+06 -6.62939e+06 8325.74 -14.1981 30.986
1010101 FRAC0_S 0 1 -14781.7 21618.8 9025.34 46123.7 534801 -4.52078e+06 2743.86 -13.9067 43.2057
1010101 FRAC0_S 0 1 -14552.6 21609 8793.03 8.60525e+06 5.00715e+06 -3.05102e+06 10070.8 -35.7478 13.1753
1010101 FRAC0_S 0 1 -14369 21679.9 8534.68 8.99408e+06 6.59559e+06 -436492 11110.2 -45.761 2.09994
1010101 FRAC0_S 0 1 -14242.8 21823.4 8271.36 3.05881e+07 1.3574e+07 1.60662e+07 134124 -27.997 -18.4587
1010101 FRAC0_S 0 1 -14183.9 22031.9 8024.77 2.30613e+06 1.01898e+07 5.25401e+06 13397.9 -57.3012 -20.1967