
Step FractureNumber TipNr TipActive TipX TipY TipZ KI KII KIII G Phi Psi Extension
1010000 FRAC0_S 0 1 -45000 15987.2 8471.27 -4.40335e+06 1.22494e+06 503864 167.474 -25.1729 -6.18627
1010000 FRAC0_S 0 1 -45000 15947.8 8777.76 -4.47337e+06 883713 680240 131.133 -18.9927 -8.36951
1010000 FRAC0_S 0 1 -45000 15815.6 9057.06 -4.46782e+06 828165 958113 183.208 -17.3113 -11.1749
1010000 FRAC0_S 0 1 -45000 15603.5 9281.83 -4.54003e+06 398757 1.00652e+06 148.908 -9.07504 -12.2593
1010000 FRAC0_S 0 1 -45000 15332.4 9430.08 -4.31626e+06 -73152.3 829993 92.099 1.94841 -11.5691
1010000 FRAC0_S 0 1 -45000 15028.7 9487.27 -4.10261e+06 -379542 723979 82.548 9.83437 -10.2087
1010000 FRAC0_S 0 1 -45000 14722.2 9447.82 -3.7872e+06 -692922 534752 80.8179 18.0078 -7.94215
1010000 FRAC0_S 0 1 -45000 14442.9 9315.6 -4.57316e+06 -1.0801e+06 424353 127.908 22.6697 -5.28526
1010000 FRAC0_S 0 1 -45000 14218.2 9103.54 -3.80123e+06 -995822 140936 91.0087 25.3864 -2.19933
1010000 FRAC0_S 0 1 -45000 14070 8832.4 -4.1485e+06 -603639 -306592 44.9718 15.709 4.60609
1010000 FRAC0_S 0 1 -45000 14012.8 8528.73 -4.25421e+06 -1.06413e+06 -470868 130.394 23.3687 6.12585
1010000 FRAC0_S 0 1 -45000 14052.2 8222.24 -3.96368e+06 -954112 -703122 146.872 21.7471 9.24067
1010000 FRAC0_S 0 1 -45000 14184.4 7942.94 -3.84595e+06 347062 -401492 32.1725 -10.176 6.56406
1010000 FRAC0_S 0 1 -45000 14396.5 7718.17 -3.35171e+06 33665.9 -766464 78.234 -1.13061 13.2748
1010000 FRAC0_S 0 1 -45000 14667.6 7569.92 -3.45275e+06 529850 -443486 51.1752 -15.7564 7.48415
1010000 FRAC0_S 0 1 -45000 14971.3 7512.73 -4.63077e+06 1.09493e+06 -883080 210.55 -21.2735 9.83332
1010000 FRAC0_S 0 1 -45000 15277.8 7552.18 -3.81463e+06 1.62781e+06 -1.32977e+06 471.302 -29.6069 14.0435
1010000 FRAC0_S 0 1 -45000 15557.1 7684.4 -4.63445e+06 1.61876e+06 -338016 248.698 -30.1609 3.91327
1010000 FRAC0_S 0 1 -45000 15781.8 7896.46 -3.94837e+06 2.09841e+06 -267277 401.88 -38.796 3.24265
1010000 FRAC0_S 0 1 -45000 15930 8167.6 -4.31674e+06 1.29562e+06 293225 161.018 -27.3453 -3.79152
Step FractureNumber TipNr TipActive TipX TipY TipZ KI KII KIII G Phi Psi Extension
1010101 FRAC0_S 0 1 -45040.8 16076.1 8469.13 -3.38239e+06 2.72596e+06 535796 700.344 -45.6561 -6.07546
1010101 FRAC0_S 0 1 -45034.4 16035.5 8803.86 -3.98902e+06 2.49175e+06 742662 626.621 -39.9639 -7.67058
1010101 FRAC0_S 0 1 -45027 15892.8 9110.17 -4.7487e+06 2.08358e+06 887153 491.532 -32.6882 -8.52827
1010101 FRAC0_S 0 1 -45014.5 15661.8 9357.91 -4.61726e+06 1.03232e+06 1.03395e+06 237.147 -19.954 -11.2769
1010101 FRAC0_S 0 1 -44998 15365 9521.29 -3.65595e+06 -202949 814769 91.9622 5.94735 -12.595
1010101 FRAC0_S 0 1 -44982.9 15031.9 9582.86 -4.88772e+06 -1.63666e+06 1.00341e+06 372.602 27.1293 -9.81062
1010101 FRAC0_S 0 1 -44970.7 14696.5 9537.13 -4.27856e+06 -2.20993e+06 794076 519.058 36.0377 -8.11261
1010101 FRAC0_S 0 1 -44962.5 14399.7 9395.43 -3.2217e+06 -2.63929e+06 553429 661.462 45.7536 -6.48411
1010101 FRAC0_S 0 1 -44962.1 14146.7 9158.29 -3.87374e+06 -2.94633e+06 143696 776.3 46.7026 -1.59547
1010101 FRAC0_S 0 1 -44965.8 13983.8 8863.07 -3.76919e+06 -2.92297e+06 -161665 764.811 46.9747 1.82147
1010101 FRAC0_S 0 1 -44964.1 13921.9 8531.63 -3.43032e+06 -2.5968e+06 -412390 623.521 45.0732 4.85983
1010101 FRAC0_S 0 1 -44976 13964.4 8195.97 -3.62358e+06 -1.78243e+06 -927094 397.422 33.8577 10.7111
1010101 FRAC0_S 0 1 -44999.5 14100.9 7896.74 -4.09156e+06 -324416 -1.00247e+06 143.036 8.13122 13.3013
1010101 FRAC0_S 0 1 -45012.2 14337.5 7642.06 -4.00086e+06 575445 -948035 149.044 -13.8236 12.4138
1010101 FRAC0_S 0 1 -45023.1 14635.4 7481.54 -2.75204e+06 1.01023e+06 -720070 159.904 -27.9975 11.6787
1010101 FRAC0_S 0 1 -45037.2 14967.9 7422.64 -3.28821e+06 2.21539e+06 -760828 514.336 -40.7559 8.98649
1010101 FRAC0_S 0 1 -45046.3 15301.5 7469.32 -2.85679e+06 2.46755e+06 -509665 577.122 -46.6918 6.56231
1010101 FRAC0_S 0 1 -45053.1 15603 7615.94 -1.91149e+06 2.11112e+06 -306433 409.636 -51.6258 5.3559
1010101 FRAC0_S 0 1 -45055.3 15845.8 7847.33 -2.88226e+06 3.80155e+06 48062.8 1288.1 -56.7365 -0.555206
1010101 FRAC0_S 0 1 -45049.2 16010 8140.08 -2.92194e+06 3.07564e+06 403368 864.58 -51.1082 -4.78427