
Step FractureNumber TipNr TipActive TipX TipY TipZ KI KII KIII G Phi Psi Extension
1010000 FRAC0_S 0 1 29421.9 -29224 8302.08 3.33796e+06 5.63368e+06 -1.07016e+06 3973.38 -56.511 7.9377
1010000 FRAC0_S 0 1 29276.5 -29329.8 8553.35 3.70238e+06 6.44697e+06 527315 4962.18 -59.0138 -3.77189
1010000 FRAC0_S 0 1 29201.8 -29501.2 8799.39 3.72738e+06 5.07772e+06 1.88842e+06 4009.88 -50.6946 -12.7452
1010000 FRAC0_S 0 1 29205.3 -29721.4 9016.14 3.78228e+06 3.43563e+06 2.86085e+06 3415.13 -39.5891 -19.4814
1010000 FRAC0_S 0 1 29286.5 -29968.9 9182.36 3.86506e+06 1.52685e+06 3.48761e+06 3156.66 -22.0035 -25.5452
1010000 FRAC0_S 0 1 29437.7 -30219.5 9281.78 3.82906e+06 -386611 3.33246e+06 2796.83 6.98707 -28.0043
1010000 FRAC0_S 0 1 29643.9 -30448.6 9304.68 3.07306e+06 -1.49514e+06 2.33885e+06 1768.26 27.0252 -22.6283
1010000 FRAC0_S 0 1 29884.9 -30633.7 9248.81 2.99523e+06 -2.80996e+06 1.99445e+06 2032.09 41.352 -17.7876
1010000 FRAC0_S 0 1 30137.2 -30756.8 9119.64 3.87272e+06 -2.97497e+06 1.22793e+06 2325.67 42.0748 -11.0972
1010000 FRAC0_S 0 1 30376 -30805.9 8929.82 3.14243e+06 -4.0047e+06 847880 2404.68 52.563 -7.90084
1010000 FRAC0_S 0 1 30578.1 -30776 8697.92 2.99301e+06 -4.30394e+06 118355 2450.79 57.6762 -1.23654
1010000 FRAC0_S 0 1 30723.5 -30670.2 8446.65 2.95549e+06 -4.3524e+06 -642663 2521.34 55.6629 6.08932
1010000 FRAC0_S 0 1 30798.2 -30498.8 8200.61 2.81724e+06 -3.60699e+06 -1.23427e+06 2069.23 50.4096 11.7136
1010000 FRAC0_S 0 1 30794.7 -30278.6 7983.86 2.36635e+06 -2.67589e+06 -1.5812e+06 1469.57 45.1352 16.74
1010000 FRAC0_S 0 1 30713.5 -30031.1 7817.64 2.86769e+06 -2.44565e+06 -2.44196e+06 2058.9 37.188 21.2885
1010000 FRAC0_S 0 1 30562.3 -29780.5 7718.22 1.97162e+06 -1.52924e+06 -2.35264e+06 1290.93 31.7976 26.019
1010000 FRAC0_S 0 1 30356.1 -29551.4 7695.32 2.95266e+06 -316413 -3.22217e+06 2166.66 6.65792 30.587
1010000 FRAC0_S 0 1 30115.1 -29366.3 7751.19 2.6457e+06 1.02453e+06 -3.94367e+06 2785.77 -17.571 31.5474
1010000 FRAC0_S 0 1 29862.8 -29243.2 7880.36 2.40139e+06 2.69532e+06 -3.26194e+06 2576.38 -37.8656 25.4136
1010000 FRAC0_S 0 1 29624 -29194.1 8070.18 2.55862e+06 3.58105e+06 -1.90887e+06 2210.73 -48.4329 16.643
Step FractureNumber TipNr TipActive TipX TipY TipZ KI KII KIII G Phi Psi Extension
1010101 FRAC0_S 0 1 29342.7 -29227.3 8242.77 5.89963e+06 -23516.6 -1.32071e+06 3333.56 0.453762 13.1241
1010101 FRAC0_S 0 1 29188.7 -29341.4 8508.82 8.44345e+06 295124 -1.1194e+06 6527.24 -4.12852 8.43159
1010101 FRAC0_S 0 1 29107.4 -29514.9 8775.85 7.91495e+06 1.01943e+06 969141 5799.94 -13.6694 -7.31693
1010101 FRAC0_S 0 1 29109.8 -29736.8 9022.11 6.6862e+06 1.05423e+06 2.69387e+06 5047.89 -13.4303 -17.938
1010101 FRAC0_S 0 1 29205.2 -29985.8 9225.84 6.22428e+06 463133 3.70443e+06 5296.52 -6.10034 -23.6116
1010101 FRAC0_S 0 1 29389.3 -30235.2 9359.89 3.9536e+06 33190.5 2.39988e+06 2158.97 -0.725669 -24.65
1010101 FRAC0_S 0 1 29635.9 -30461.9 9399.25 5.91169e+06 246082 3.06774e+06 4371.29 -3.68456 -22.2882
1010101 FRAC0_S 0 1 29910.4 -30646.8 9342.35 5.47057e+06 -266983 2.28232e+06 3365.96 4.58305 -19.5249
1010101 FRAC0_S 0 1 30186.3 -30769.3 9204.11 5.57374e+06 289429 1.68062e+06 3151.46 -5.26827 -15.7391
1010101 FRAC0_S 0 1 30442.8 -30810.6 9002.16 5.78427e+06 36750.4 977384 3108.6 -0.754757 -10.5317
1010101 FRAC0_S 0 1 30657.6 -30771.2 8756.91 3.5232e+06 204932 372382 1128.3 -6.82195 -6.81131
1010101 FRAC0_S 0 1 30812 -30660.7 8490.14 6.39612e+06 182581 -167484 3652.22 -3.73774 1.91613
1010101 FRAC0_S 0 1 30892.8 -30485 8225.37 3.92124e+06 -147234 -521917 1408.33 4.41841 8.44182
1010101 FRAC0_S 0 1 30890.6 -30256.9 7987.15 5.03365e+06 -173185 -1.35061e+06 2503.12 3.64863 14.6654
1010101 FRAC0_S 0 1 30803.7 -29997.3 7799.38 4.45076e+06 -397856 -2.19004e+06 2417.21 7.68977 21.0745
1010101 FRAC0_S 0 1 30635.4 -29734.9 7676.2 4.19696e+06 -263244 -2.92955e+06 2717.24 4.89837 25.7356
1010101 FRAC0_S 0 1 30395.5 -29502.3 7626.57 3.75302e+06 -106722 -3.02477e+06 2473 2.15343 27.8998
1010101 FRAC0_S 0 1 30110.9 -29325.2 7666.54 4.01971e+06 -65477.2 -2.75234e+06 2447.76 1.33424 26.0506
1010101 FRAC0_S 0 1 29820.9 -29217 7797.43 4.61579e+06 -188893 -2.66317e+06 2845.01 3.4964 23.6194
1010101 FRAC0_S 0 1 29558 -29183.7 7998.1 5.72122e+06 -208802 -2.47694e+06 3736.65 3.43398 20.1165