
Step FractureNumber TipNr TipActive TipX TipY TipZ KI KII KIII G Phi Psi Extension
1010000 FRAC0_S 0 1 -44264.7 -14340.5 8500 367754 1.66741e+06 451985 286.972 -62.396 -13.085
1010000 FRAC0_S 0 1 -44504.5 -14145.6 8500 377981 1.33548e+06 765864 249.67 -55.1007 -20.9454
1010000 FRAC0_S 0 1 -44792.8 -14034.3 8500 350021 244739 1.03594e+06 158.986 -19.4348 -36.2334
1010000 FRAC0_S 0 1 -45101.4 -14017.5 8500 241490 930431 1.21431e+06 278.456 -43.9458 -31.1471
1010000 FRAC0_S 0 1 -45400.1 -14096.9 8500 292531 -138613 1.07181e+06 162.125 12.3164 -38.842
1010000 FRAC0_S 0 1 -45659.6 -14264.7 8500 211476 327209 1.66681e+06 383.032 -19.2298 -40.1004
1010000 FRAC0_S 0 1 -45854.5 -14504.6 8500 254392 -1.00956e+06 773917 176.248 52.1764 -24.8625
1010000 FRAC0_S 0 1 -45965.7 -14792.8 8500 231461 -1.28088e+06 513948 186.103 60.527 -17.6609
1010000 FRAC0_S 0 1 -45982.4 -15101.4 8500 243286 -1.60569e+06 260378 244.038 66.009 -9.12547
1010000 FRAC0_S 0 1 -45903.1 -15400.1 8500 232317 -1.45716e+06 -76754.4 194.801 67.8565 3.3273
1010000 FRAC0_S 0 1 -45735.3 -15659.5 8500 273318 -1.53981e+06 -419481 241.342 63.2596 13.4903
1010000 FRAC0_S 0 1 -45495.5 -15854.4 8500 247285 -1.26836e+06 -424212 172.739 61.6123 15.4791
1010000 FRAC0_S 0 1 -45207.2 -15965.7 8500 304014 137078 -763131 87.3655 -15.0293 36.177
1010000 FRAC0_S 0 1 -44898.6 -15982.5 8500 282749 -464477 -1.17611e+06 210.32 29.7269 35.3571
1010000 FRAC0_S 0 1 -44599.9 -15903.1 8500 266751 -551187 -1.31898e+06 264.795 31.4538 35.572
1010000 FRAC0_S 0 1 -44340.4 -15735.3 8500 268938 485120 -905556 136.481 -34.9421 32.7352
1010000 FRAC0_S 0 1 -44145.5 -15495.4 8500 360666 1.1387e+06 -980916 255.107 -49.52 25.6864
1010000 FRAC0_S 0 1 -44025.9 -15168 8500 302269 1.17746e+06 -544465 171.113 -57.7514 18.5928
1010000 FRAC0_S 0 1 -44017.6 -14898.6 8500 382216 1.92369e+06 -352223 359.277 -64.6561 9.75618
1010000 FRAC0_S 0 1 -44096.9 -14599.9 8500 373338 1.82569e+06 67256.4 310.039 -67.3543 -2.28574
Step FractureNumber TipNr TipActive TipX TipY TipZ KI KII KIII G Phi Psi Extension
1010101 FRAC0_S 0 1 -44231.6 -14308.8 8412.11 2.45521e+06 537641 257828 571.757 -21.2403 -5.97899
1010101 FRAC0_S 0 1 -44476.6 -14090 8428.52 1.75454e+06 750830 617401 375.249 -29.6145 -14.1314
1010101 FRAC0_S 0 1 -44777.6 -13957.9 8445.51 1.1492e+06 540169 1.0662e+06 294.878 -24.754 -25.2397
1010101 FRAC0_S 0 1 -45110 -13936.4 8462.31 797873 395793 1.17686e+06 254.89 -21.4236 -30.59
1010101 FRAC0_S 0 1 -45437.4 -14016.8 8485.08 279440 -983754 753207 168.65 51.641 -24.5316
1010101 FRAC0_S 0 1 -45691.3 -14176.8 8505.86 592944 -500923 1.07987e+06 208.782 28.5448 -30.6047
1010101 FRAC0_S 0 1 -45908.7 -14469 8553.03 1.22909e+06 -544620 732168 232.344 27.1207 -19.9728
1010101 FRAC0_S 0 1 -46013.2 -14781 8586.11 1.66295e+06 -278305 424481 277.291 15.5009 -12.933
1010101 FRAC0_S 0 1 -46023.4 -15104.7 8590.6 1.60601e+06 -498933 257991 260.873 26.4401 -8.12285
1010101 FRAC0_S 0 1 -45938.8 -15416.2 8591.47 1.76343e+06 -313110 162479 289.352 18.209 -5.48643
1010101 FRAC0_S 0 1 -45766.6 -15688.6 8589.8 2.0399e+06 -731470 -12649.7 418.504 31.9512 0.353726
1010101 FRAC0_S 0 1 -45520.8 -15906.1 8559.83 1.5058e+06 -723740 -480612 279.449 32.3946 12.7945
1010101 FRAC0_S 0 1 -45221 -16044.8 8521.43 724862 -1.40476e+06 -1.00126e+06 356.001 48.7231 21.5695
1010101 FRAC0_S 0 1 -44890.6 -16068.8 8531.35 573743 -1.47714e+06 -1.23519e+06 426.684 48.7876 24.6566
1010101 FRAC0_S 0 1 -44566.8 -15978.9 8524.16 586793 19203.9 -1.05705e+06 179.323 -1.60731 36.2456
1010101 FRAC0_S 0 1 -44290.4 -15793.4 8465.39 1.05742e+06 351748 -1.19832e+06 301.648 -17.612 28.8767
1010101 FRAC0_S 0 1 -44090.8 -15529.8 8426.5 1.36854e+06 363372 -1.00583e+06 313.214 -17.3486 24.2024
1010101 FRAC0_S 0 1 -43983.5 -15219.8 8416.1 1.87933e+06 304239 -711601 390.322 -13.9389 17.178
1010101 FRAC0_S 0 1 -43974.4 -14895.3 8410.6 1.51946e+06 48208.3 165390 209.579 -3.8402 -7.14317
1010101 FRAC0_S 0 1 -44060.1 -14583.4 8409.11 2.71803e+06 424405 -3466.28 674.371 -17.613 0.0859033