
Step FractureNumber TipNr TipActive TipX TipY TipZ KI KII KIII G Phi Psi Extension
1010000 FRAC0_S 0 1 -29085.3 15372.6 8500 7.49292e+06 -7.7444e+06 -5.77112e+06 14777.1 42.0963 18.9367
1010000 FRAC0_S 0 1 -29245.2 15637 8500 1.05585e+06 -3.60872e+06 -5.53887e+06 5340.13 40.7586 32.6174
1010000 FRAC0_S 0 1 -29479 15839.1 8500 1.27385e+06 -907714 -9.56923e+06 12396.8 10.3969 41.6348
1010000 FRAC0_S 0 1 -29763.8 15959 8500 1.40009e+06 2.47608e+06 -8.08737e+06 9419.94 -25.9771 37.6478
1010000 FRAC0_S 0 1 -30071.7 15985.1 8500 2.14175e+06 6.41073e+06 -7.46662e+06 11485.8 -44.8162 29.1869
1010000 FRAC0_S 0 1 -30372.6 15914.7 8500 1.44109e+06 9.01908e+06 -5.60166e+06 11606.9 -56.5416 23.1892
1010000 FRAC0_S 0 1 -30637 15754.8 8500 2.52716e+07 9.94556e+06 -3.28339e+06 67158.5 -31.494 6.41196
1010000 FRAC0_S 0 1 -30839.1 15521 8500 2.57813e+06 1.4208e+07 -1.02706e+06 18720.9 -67.1327 4.38756
1010000 FRAC0_S 0 1 -30959 15236.2 8500 1.51038e+07 1.06714e+07 1.37827e+06 30728.6 -44.2089 -3.87415
1010000 FRAC0_S 0 1 -30985 14928.3 8500 1.27804e+06 1.24873e+07 5.07569e+06 17467.1 -62.0394 -18.6179
1010000 FRAC0_S 0 1 -30914.7 14627.4 8500 -1.95267e+07 7.91528e+06 6.1158e+06 10557.5 -29.1274 -13.1192
1010000 FRAC0_S 0 1 -30754.8 14363 8500 1.12512e+06 3.70874e+06 5.72676e+06 5700.32 -40.5329 -32.5934
1010000 FRAC0_S 0 1 -30521 14160.9 8500 -1.83921e+07 1.22395e+06 7.72731e+06 8075.09 -6.12644 -19.4075
1010000 FRAC0_S 0 1 -30236.2 14041 8500 -1.71599e+07 -2.09822e+06 7.35309e+06 7583.34 10.6035 -19.0331
1010000 FRAC0_S 0 1 -29928.3 14014.9 8500 1.71518e+06 -6.09636e+06 7.88484e+06 11842.7 43.8156 -30.8549
1010000 FRAC0_S 0 1 -29627.4 14085.3 8500 1.11156e+06 -7.59473e+06 4.90197e+06 8445.86 56.3305 -23.8151
1010000 FRAC0_S 0 1 -29363 14245.2 8500 1.09363e+06 -8.234e+06 2.66737e+06 7094.4 63.1182 -15.7133
1010000 FRAC0_S 0 1 -29160.9 14479 8500 1.7924e+06 -1.23141e+07 896575 13905.6 67.7514 -4.54338
1010000 FRAC0_S 0 1 -29034.9 14788.6 8500 1.24611e+06 -1.132e+07 -1.5262e+06 11866.9 67.2909 8.06035
1010000 FRAC0_S 0 1 -29015 15071.7 8500 1.33192e+06 -1.0138e+07 -3.89802e+06 11337.5 61.893 17.6613
Step FractureNumber TipNr TipActive TipX TipY TipZ KI KII KIII G Phi Psi Extension
1010101 FRAC0_S 0 1 -29024.7 15399.7 8571.89 -2.89121e+06 2.25733e+06 3.63526e+06 2211.68 -31.3553 -26.6288
1010101 FRAC0_S 0 1 -29186.1 15689.4 8553.92 1.97283e+07 7.62916e+06 -5.05707e+06 43270.1 -29.073 11.3658
1010101 FRAC0_S 0 1 -29433.2 15914.9 8514.4 4.71745e+06 -798107 -7.92736e+06 10398 8.06508 34.5212
1010101 FRAC0_S 0 1 -29741.4 16041.3 8464.99 4.66332e+06 1.05905e+06 -7.60038e+06 9720.63 -10.6865 33.7577
1010101 FRAC0_S 0 1 -30074.1 16055 8432.95 1.36535e+06 -3.3296e+06 1.11818e+06 1320.3 57.2234 -13.7826
1010101 FRAC0_S 0 1 -30398 15974.2 8427.61 7.16437e+06 2.55426e+06 -4.52581e+06 7879.46 -22.8535 21.4512
1010101 FRAC0_S 0 1 -30678 15805.2 8429.99 6.93945e+06 3.42367e+06 -2.23024e+06 5997.22 -32.8872 12.7785
1010101 FRAC0_S 0 1 -30888.5 15548.9 8423.35 1.07731e+07 4.29563e+06 -796757 12070.9 -32.7739 3.83389
1010101 FRAC0_S 0 1 -31013.7 15249.1 8420.02 1.27326e+07 4.9723e+06 1.63129e+06 17003.5 -31.3722 -6.34554
1010101 FRAC0_S 0 1 -31046.1 14922.7 8426.24 8.25499e+06 3.61784e+06 2.61566e+06 8148.67 -30.5939 -13.0061
1010101 FRAC0_S 0 1 -30981.4 14597.8 8437.34 7.94559e+06 4.37695e+06 5.13527e+06 10840.2 -30.7001 -20.0886
1010101 FRAC0_S 0 1 -30817.2 14309.1 8452.67 6.77119e+06 5.97858e+06 1.07984e+07 22779.1 -31.0321 -28.8288
1010101 FRAC0_S 0 1 -30567.6 14082.6 8483.01 4.29258e+06 1.06815e+06 7.87499e+06 9991.69 -10.8424 -34.7264
1010101 FRAC0_S 0 1 -30259.7 13954.2 8523.84 3.27792e+06 -887811 5.83316e+06 5553.13 11.8789 -34.2727
1010101 FRAC0_S 0 1 -29926.3 13942.3 8560.03 7.67116e+06 -1.23115e+06 6.19711e+06 10486.7 10.9497 -26.4541
1010101 FRAC0_S 0 1 -29608.4 14033 8581.22 8.06087e+06 -2.03056e+06 4.23364e+06 8541.42 18.4383 -20.1698
1010101 FRAC0_S 0 1 -29335.1 14210.1 8588.54 7.34945e+06 -954886 2.03458e+06 5445.03 12.3331 -14.0715
1010101 FRAC0_S 0 1 -29128.2 14458.1 8591.64 2.24553e+07 7.94631e+06 1.29304e+06 50782 -30.7 -3.12722
1010101 FRAC0_S 0 1 -29002.5 14755.1 8591.32 1.10752e+07 -525457 -1.14435e+06 11129.1 5.65299 6.73739
1010101 FRAC0_S 0 1 -28964.8 15078.1 8583.92 4.54601e+06 -2.18704e+06 -1.28252e+06 2486.55 32.9876 11.6354