
Step FractureNumber TipNr TipActive TipX TipY TipZ KI KII KIII G Phi Psi Extension
1010000 FRAC0_S 0 1 446.563 880.97 8500 -195117 359985 -80796 12.4159 -56.8215 9.37779
1010000 FRAC0_S 0 1 152.472 975.848 8500 29986.4 465241 -128695 21.5707 -65.4722 14.6849
1010000 FRAC0_S 0 1 -156.544 975.204 8500 -47817.3 421918 85376.3 16.8323 -65.97 -11.2158
1010000 FRAC0_S 0 1 -450.236 879.099 8500 -111673 368558 178470 16.3405 -56.4186 -18.711
1010000 FRAC0_S 0 1 -698.371 698.433 8500 -48625.6 271277 154134 9.71742 -57.1933 -21.873
1010000 FRAC0_S 0 1 -880.97 446.563 8500 -145447 225289 265393 13.8905 -40.802 -26.7978
1010000 FRAC0_S 0 1 -975.848 152.472 8500 13372.6 76264.5 327256 14.778 -23.2684 -40.8943
1010000 FRAC0_S 0 1 -975.204 -156.544 8500 -207110 -178297 315305 16.0553 31.091 -28.4164
1010000 FRAC0_S 0 1 -879.099 -450.236 8500 -112370 -237617 284634 15.8065 42.6058 -28.3455
1010000 FRAC0_S 0 1 -698.433 -698.371 8500 -142148 124596 244418 9.32879 -29.9661 -29.7515
1010000 FRAC0_S 0 1 -446.563 -880.97 8500 -138649 -404234 66607.8 15.1511 62.0611 -8.13005
1010000 FRAC0_S 0 1 -152.472 -975.848 8500 -59251.8 -477193 17911.1 20.3342 68.6438 -2.48572
1010000 FRAC0_S 0 1 156.544 -975.204 8500 -239831 -396202 -138699 16.5467 53.2892 12.9065
1010000 FRAC0_S 0 1 450.236 -879.099 8500 -117683 -350404 -149587 13.9172 56.8937 16.9544
1010000 FRAC0_S 0 1 698.371 -698.433 8500 -328938 16120.2 -237901 7.55055 -3.8178 26.3354
1010000 FRAC0_S 0 1 880.97 -446.563 8500 -135513 -97434.3 -305665 13.2723 23.0351 33.6374
1010000 FRAC0_S 0 1 975.848 -152.472 8500 50366.3 83474.6 -291294 12.1323 -24.7901 37.9515
1010000 FRAC0_S 0 1 975.204 156.544 8500 -29754.6 140556 -328382 16.1025 -33.8982 37.053
1010000 FRAC0_S 0 1 879.099 450.236 8500 -116988 256973 -277285 16.1104 -44.3432 27.2281
1010000 FRAC0_S 0 1 698.433 698.371 8500 -2.08752e+06 729408 -101014 48.7669 -30.6222 2.66067
Step FractureNumber TipNr TipActive TipX TipY TipZ KI KII KIII G Phi Psi Extension
1010101 FRAC0_S 0 1 475.717 930.874 8422.67 1.12737e+06 383060 -127795 128.503 -28.9084 5.88383
1010101 FRAC0_S 0 1 160.249 1018.61 8410.76 2.12353e+06 673832 92833.4 443.438 -28.8352 -2.47132
1010101 FRAC0_S 0 1 -164.472 1017.87 8410.77 1.18855e+06 519366 90089.7 150.997 -34.5993 -3.82537
1010101 FRAC0_S 0 1 -474.055 923.324 8414.5 865519 560099 173349 98.7058 -40.4512 -8.06837
1010101 FRAC0_S 0 1 -742.236 736.922 8420.81 639340 521357 286674 71.5758 -41.3468 -14.1545
1010101 FRAC0_S 0 1 -947.019 476.779 8436.44 178165 938911 308017 94.0022 -61.8528 -15.3172
1010101 FRAC0_S 0 1 -1059.25 164.726 8476.82 -1.84398e+06 622944 655190 91.6734 -25.1469 -14.9154
1010101 FRAC0_S 0 1 -1056.55 -168.173 8532.87 102572 -382997 495818 46.7049 43.9753 -30.9841
1010101 FRAC0_S 0 1 -948.275 -485.752 8534.27 168106 -584318 290314 44.1524 56.4707 -19.1584
1010101 FRAC0_S 0 1 -749.181 -749.386 8514.04 58609.3 -402586 199589 20.0468 59.3123 -20.5491
1010101 FRAC0_S 0 1 -473.843 -926.208 8554.97 796265 -564472 243357 92.7688 40.5972 -11.0738
1010101 FRAC0_S 0 1 -158.21 -1019.04 8588.7 973901 -645909 88450.5 122.736 42.9276 -3.95022
1010101 FRAC0_S 0 1 166.101 -1025.87 8584.31 1.0222e+06 -687447 -275107 145.288 40.0932 10.1776
1010101 FRAC0_S 0 1 482.73 -935.765 8560.26 769141 -671516 -427295 117.181 41.2826 16.1157
1010101 FRAC0_S 0 1 761.953 -754.701 8527.39 317005 -377369 -304954 34.0134 42.8853 20.7294
1010101 FRAC0_S 0 1 962.112 -488.473 8507.42 19051.6 -205838 -489422 35.6659 34.5301 37.951
1010101 FRAC0_S 0 1 1061.71 -166.593 8474.87 228061 237042 -722545 79.0771 -25.154 35.2396
1010101 FRAC0_S 0 1 1054.51 167.768 8444.16 808901 826211 -615067 169.45 -41.9673 18.855
1010101 FRAC0_S 0 1 946.593 485.07 8438.37 806297 944399 -530057 174.776 -45.9683 16.3452
1010101 FRAC0_S 0 1 749.402 750.698 8436.13 642443 831268 -201981 103.78 -52.2241 8.92235