
Step FractureNumber TipNr TipActive TipX TipY TipZ KI KII KIII G Phi Psi Extension
1010000 FRAC0_S 0 1 -30000 -21518.6 8611.28 2.45047e+06 280591 27720.1 542.204 -13.5151 -0.780411
1010000 FRAC0_S 0 1 -30000 -21601 8909.1 2.69265e+06 272635 94156.3 653.884 -11.9199 -2.36924
1010000 FRAC0_S 0 1 -30000 -21771.5 9166.88 2.49811e+06 217214 129209 562.519 -10.2825 -3.47495
1010000 FRAC0_S 0 1 -30000 -22013.2 9359.38 2.35135e+06 335575 345940 518.627 -14.6335 -8.46763
1010000 FRAC0_S 0 1 -30000 -22302.5 9467.75 2.18366e+06 -48203.7 -404288 446.856 2.53658 11.1861
1010000 FRAC0_S 0 1 -30000 -22662.2 9475.62 2.76388e+06 -15314 247981 688.913 0.706448 -6.16819
1010000 FRAC0_S 0 1 -30000 -22909.1 9398.98 2.49824e+06 -114775 169805 561.161 5.65511 -4.63663
1010000 FRAC0_S 0 1 -30000 -23166.9 9228.56 2.30997e+06 322438 -222655 491.345 -14.9182 5.88221
1010000 FRAC0_S 0 1 -30000 -23359.4 8986.83 2.55202e+06 -231897 88241.8 586.183 10.8472 -2.36526
1010000 FRAC0_S 0 1 -30000 -23467.8 8697.44 2.78028e+06 -243737 103563 695.538 10.4853 -2.54661
1010000 FRAC0_S 0 1 -30000 -23481.4 8388.72 2.62506e+06 -237275 9731.94 619.081 11.0883 -0.263922
1010000 FRAC0_S 0 1 -30000 -23399 8090.9 2.72743e+06 -258681 -100018 670.172 11.2431 2.49322
1010000 FRAC0_S 0 1 -30000 -23228.5 7833.12 2.19413e+06 555680 387662 476.495 -22.5997 -9.13379
1010000 FRAC0_S 0 1 -30000 -22986.8 7640.62 2.5224e+06 -131342 -163847 572.072 6.37399 4.42422
1010000 FRAC0_S 0 1 -30000 -22697.5 7532.25 2.74181e+06 -105482 -190134 675.687 4.7774 4.75326
1010000 FRAC0_S 0 1 -30000 -22388.7 7518.6 2.47024e+06 38697.7 -186277 548.505 -1.99568 5.23326
1010000 FRAC0_S 0 1 -30000 -22090.9 7601.02 2.27995e+06 -267628 308613 482.259 12.5036 -8.04266
1010000 FRAC0_S 0 1 -30000 -21833.1 7771.44 2.00942e+06 101622 -105872 362.215 -6.27042 3.64976
1010000 FRAC0_S 0 1 -30000 -21640.6 8013.17 2.41308e+06 707247 -234312 570.759 -26.4043 5.28708
1010000 FRAC0_S 0 1 -30000 -21532.2 8302.56 2.30423e+06 804369 -75272 531.535 -30.9016 1.82561
Step FractureNumber TipNr TipActive TipX TipY TipZ KI KII KIII G Phi Psi Extension
1010101 FRAC0_S 0 1 -30029.7 -21427 8622.6 1.89755e+06 -346076 -51829.9 331.887 19.5161 1.74437
1010101 FRAC0_S 0 1 -30020.6 -21514.2 8948.71 2.79299e+06 -320039 107016 705.779 13.2231 -2.55583
1010101 FRAC0_S 0 1 -30020.4 -21701 9231.27 2.74255e+06 -374057 163758 686.281 15.0539 -3.81157
1010101 FRAC0_S 0 1 -30016 -21966.2 9442.55 2.65106e+06 -54937.6 388834 646.655 2.46314 -9.27897
1010101 FRAC0_S 0 1 -30003.8 -22283.5 9562.59 2.84137e+06 -9719.48 125780 721.531 0.456354 -3.23678
1010101 FRAC0_S 0 1 -29995.8 -22622.2 9578.2 2.63328e+06 99916.2 177306 622.973 -4.72364 -4.62926
1010101 FRAC0_S 0 1 -30001.2 -22948.8 9486.93 2.63712e+06 -126470 251076 629.517 5.75001 -6.26731
1010101 FRAC0_S 0 1 -30005.7 -23231.2 9298.94 2.56469e+06 -271738 -52237.3 593.078 12.5504 1.39972
1010101 FRAC0_S 0 1 -29992.5 -23442.5 9033.77 2.62713e+06 -62902 -18732.5 615.419 3.21329 0.537833
1010101 FRAC0_S 0 1 -29981.4 -23561.7 8716.6 2.63346e+06 238704 37498.6 623.252 -11.0142 -0.999753
1010101 FRAC0_S 0 1 -29980.9 -23576.6 8377.95 2.59927e+06 241927 -23305.3 607.333 -11.3246 0.632416
1010101 FRAC0_S 0 1 -29995.1 -23485.1 8052.24 2.30707e+06 -52446 61689.8 475.045 2.99971 -1.96594
1010101 FRAC0_S 0 1 -30011.6 -23297.2 7770.18 2.03379e+06 -423653 -91824.1 385.702 21.3328 2.76673
1010101 FRAC0_S 0 1 -30002 -23033.4 7557.39 2.72415e+06 -203210 -282901 675.608 8.58155 6.61741
1010101 FRAC0_S 0 1 -29994 -22716.9 7436.98 2.55182e+06 124145 -152714 584.739 -6.00947 4.11486
1010101 FRAC0_S 0 1 -29994.3 -22378 7422.32 2.1539e+06 93866.9 117770 416.038 -5.44511 -3.80149
1010101 FRAC0_S 0 1 -29992.8 -22051.1 7513.43 2.54704e+06 338694 -160286 591.734 -14.7015 4.01309
1010101 FRAC0_S 0 1 -30011.2 -21770 7701.52 2.19986e+06 -862072 564977 539.915 29.3216 -11.3496
1010101 FRAC0_S 0 1 -30037.8 -21563.8 7968.48 2.66342e+06 -887239 52351.3 702.642 30.2302 -1.12636
1010101 FRAC0_S 0 1 -30042.6 -21446.5 8285.68 2.48564e+06 -881983 -95254.9 621.084 31.1166 2.12061