
Step FractureNumber TipNr TipActive TipX TipY TipZ KI KII KIII G Phi Psi Extension
1010000 FRAC0_S 0 1 30098 44257.7 9144.19 -3.05551e+06 467018 3.03762e+06 1246.65 -9.61186 -29.0418
1010000 FRAC0_S 0 1 30340.6 44196.7 8962.74 -2.96197e+06 -965317 2.97796e+06 1262.51 18.2033 -27.5008
1010000 FRAC0_S 0 1 30549.9 44214.2 8736 -2.99838e+06 -2.34611e+06 2.66043e+06 1431.84 35.0188 -22.2782
1010000 FRAC0_S 0 1 30705.3 44308.6 8486.16 -1.39035e+06 -3.55029e+06 1.18377e+06 1309.57 57.6341 -13.8436
1010000 FRAC0_S 0 1 30791.6 44470.7 8237.67 -2.73616e+06 -4.2191e+06 1.13847e+06 1758.62 53.9579 -10.3186
1010000 FRAC0_S 0 1 30800.5 44684.6 8014.85 -2.64755e+06 -4.51079e+06 191293 1818.01 59.5564 -2.0078
1010000 FRAC0_S 0 1 30730.9 44929.4 7839.53 -2.46482e+06 -4.07582e+06 -509383 1514.83 57.5417 5.46344
1010000 FRAC0_S 0 1 30589.9 45181.1 7728.86 -2.6075e+06 -4.02204e+06 -1.75317e+06 1850.31 51.0576 14.8696
1010000 FRAC0_S 0 1 30391.2 45415.2 7693.68 -2.50058e+06 -2.75939e+06 -2.33695e+06 1404.87 41.6162 20.8715
1010000 FRAC0_S 0 1 30154.1 45608.5 7737.42 -2.55044e+06 -1.64726e+06 -2.82453e+06 1302.87 28.989 26.0348
1010000 FRAC0_S 0 1 29902 45742.3 7855.81 -2.72893e+06 -263867 -3.13932e+06 1316.96 5.89464 31.2829
1010000 FRAC0_S 0 1 29659.4 45803.3 8037.26 -2.61956e+06 1.0764e+06 -2.97536e+06 1280.67 -20.7663 28.2234
1010000 FRAC0_S 0 1 29450.1 45785.8 8264 -2.04808e+06 1.73904e+06 -1.97785e+06 789.771 -35.8622 22.876
1010000 FRAC0_S 0 1 29294.7 45691.4 8513.84 -2.96233e+06 3.60101e+06 -2.14503e+06 1767.47 -45.9222 17.2106
1010000 FRAC0_S 0 1 29208.4 45529.3 8762.33 -3.03651e+06 4.41232e+06 -1.41336e+06 2000.52 -52.3514 11.6002
1010000 FRAC0_S 0 1 29199.5 45315.4 8985.15 -2.84435e+06 4.46681e+06 -326284 1792.11 -57.9359 3.27205
1010000 FRAC0_S 0 1 29269.1 45070.6 9160.47 -2.82382e+06 4.22188e+06 607319 1637.38 -55.9295 -5.98201
1010000 FRAC0_S 0 1 29410.1 44818.9 9271.14 -2.99338e+06 3.96618e+06 1.47989e+06 1693.03 -50.3338 -12.6629
1010000 FRAC0_S 0 1 29608.8 44584.8 9306.32 -3.0758e+06 3.07913e+06 2.27347e+06 1532.29 -41.8034 -18.6386
1010000 FRAC0_S 0 1 29845.9 44391.5 9262.58 -3.07281e+06 1.90276e+06 2.82991e+06 1387.74 -29.9684 -23.9415
Step FractureNumber TipNr TipActive TipX TipY TipZ KI KII KIII G Phi Psi Extension
1010101 FRAC0_S 0 1 30100.3 44180.5 9196.67 -2.27951e+06 1.01475e+06 3.15075e+06 1412.08 -20.3074 -30.2449
1010101 FRAC0_S 0 1 30385.7 44138.1 9020.86 -1.4705e+06 -1.32925e+06 2.334e+06 881.976 31.5564 -28.6408
1010101 FRAC0_S 0 1 30623.6 44186.2 8789.99 -744474 -3.61209e+06 3.18109e+06 2508.51 51.0142 -27.0406
1010101 FRAC0_S 0 1 30791.8 44310.1 8531.1 1.03041e+06 -2.93905e+06 1.55481e+06 1185.86 54.6699 -19.3391
1010101 FRAC0_S 0 1 30882.9 44489.6 8271.41 1.74882e+06 -3.71003e+06 940776 1616.78 57.6359 -10.7532
1010101 FRAC0_S 0 1 30891.5 44716.5 8038.27 2.18847e+06 -3.56444e+06 200597 1564.3 58.7278 -2.59066
1010101 FRAC0_S 0 1 30818.6 44974.5 7851.13 1.98364e+06 -3.26416e+06 -627799 1352.5 56.1722 7.95743
1010101 FRAC0_S 0 1 30670.3 45238.1 7724.31 1.36417e+06 -2.27709e+06 -1.31808e+06 858.943 49.5238 18.3996
1010101 FRAC0_S 0 1 30456.2 45484.6 7671.4 404583 -2.56252e+06 -1.83017e+06 1045.21 54.8096 24.9542
1010101 FRAC0_S 0 1 30191 45687 7697.24 -965046 -2.17725e+06 -3.06381e+06 1670.88 40.4999 30.4641
1010101 FRAC0_S 0 1 29897.2 45816.9 7800.37 -1.70731e+06 -531952 -3.10229e+06 1305.24 13.248 34.1699
1010101 FRAC0_S 0 1 29612.3 45858.9 7977.08 -1.46461e+06 1.71426e+06 -2.91942e+06 1395.43 -33.8233 29.7778
1010101 FRAC0_S 0 1 29374.8 45816.8 8211.21 -282319 3.4246e+06 -2.57932e+06 1929.91 -55.494 26.4486
1010101 FRAC0_S 0 1 29205.8 45699.4 8472.92 667573 3.53176e+06 -1.71377e+06 1541.83 -58.647 19.8345
1010101 FRAC0_S 0 1 29115.3 45516.5 8731.76 1.4699e+06 3.54578e+06 -974368 1439.14 -58.3444 11.8147
1010101 FRAC0_S 0 1 29107.6 45285.2 8963.76 2.3013e+06 3.28837e+06 -60716.9 1435.99 -57.7677 0.834349
1010101 FRAC0_S 0 1 29180.7 45026.6 9150.93 1.84812e+06 3.67325e+06 391337 1527.07 -59.9582 -5.01793
1010101 FRAC0_S 0 1 29329.4 44762.4 9276.84 1.37937e+06 4.06868e+06 1.1378e+06 1816.87 -59.7742 -12.4906
1010101 FRAC0_S 0 1 29552 44507.3 9328.79 24581.3 3.87506e+06 2.21096e+06 1988.29 -60.6309 -23.902
1010101 FRAC0_S 0 1 29807.8 44312 9300.86 -1.25836e+06 2.69874e+06 2.68295e+06 1606.37 -45.3375 -26.1288