
Step FractureNumber TipNr TipActive TipX TipY TipZ KI KII KIII G Phi Psi Extension
1010000 FRAC0_S 0 1 -29946.5 -44329.9 7776.37 -383156 -39277.4 354743 16.8745 6.89662 -28.7277
1010000 FRAC0_S 0 1 -30197.8 -44224.1 7921.78 -452116 -256704 383390 25.4214 29.0377 -23.3136
1010000 FRAC0_S 0 1 -30419.1 -44193.7 8112.75 -452790 -452100 315873 31.4838 42.2472 -17.9731
1010000 FRAC0_S 0 1 -30619.5 -44243.1 8362.64 -413459 -534186 179185 29.6982 50.6372 -11.5689
1010000 FRAC0_S 0 1 -30748.8 -44366.2 8614.93 -254030 -408111 36192.8 15.0159 57.9098 -3.9539
1010000 FRAC0_S 0 1 -30804.7 -44551.3 8855.97 -357568 -592732 -82252.3 32.207 57.2994 6.00402
1010000 FRAC0_S 0 1 -30781.8 -44780.3 9062.16 -339042 -536348 -211131 31.5628 52.0518 13.9107
1010000 FRAC0_S 0 1 -30696.7 -45004.2 9200.89 -298213 -389283 -310954 26.3639 43.9434 21.0913
1010000 FRAC0_S 0 1 -30516.3 -45278.4 9294.67 -239965 -137211 -418668 24.9903 22.0566 31.9006
1010000 FRAC0_S 0 1 -30299.6 -45498.6 9298.22 -192806 -36197.5 -305713 12.547 9.15649 33.808
1010000 FRAC0_S 0 1 -30049.1 -45672.6 9221.64 -263890 140092 -402334 23.278 -22.211 30.704
1010000 FRAC0_S 0 1 -29802.2 -45775.9 9078.22 -229608 270266 -309919 19.2835 -38.9275 25.0182
1010000 FRAC0_S 0 1 -29570.3 -45805.9 8876.2 -281247 450676 -279103 28.4595 -48.4973 19.0177
1010000 FRAC0_S 0 1 -29380.5 -45756.9 8637.36 -317748 558076 -181602 32.1394 -54.3898 12.4224
1010000 FRAC0_S 0 1 -29251.2 -45633.8 8385.07 -347928 626283 -66731.8 35.5439 -58.8922 4.86473
1010000 FRAC0_S 0 1 -29195.3 -45448.7 8144.03 -485904 660986 215172 45.0901 -51.4547 -11.4985
1010000 FRAC0_S 0 1 -29218.2 -45219.7 7937.84 -435760 634540 195667 40.9713 -52.586 -11.2673
1010000 FRAC0_S 0 1 -29317.5 -44969.1 7786.67 -436211 482883 290922 32.0349 -44.722 -16.8458
1010000 FRAC0_S 0 1 -29483.7 -44721.6 7705.33 -394636 413544 206485 20.91 -45.4316 -14.5064
1010000 FRAC0_S 0 1 -29700.4 -44501.4 7701.78 -389730 344969 353381 27.2132 -37.35 -21.8516
Step FractureNumber TipNr TipActive TipX TipY TipZ KI KII KIII G Phi Psi Extension
1010101 FRAC0_S 0 1 -29940.4 -44267.3 7712.86 -368380 -140976 545980 41.4176 17.4526 -31.5209
1010101 FRAC0_S 0 1 -30187.8 -44132.3 7896.41 -178043 -527442 474308 54.7107 48.5983 -26.0244
1010101 FRAC0_S 0 1 -30422.5 -44097.1 8132.28 35254.8 -600060 330756 46.7469 59.9523 -22.8368
1010101 FRAC0_S 0 1 -30613.3 -44151 8396.98 294765 -727846 233352 62.1916 57.6233 -13.3529
1010101 FRAC0_S 0 1 -30742.1 -44283.1 8668.44 416425 -697141 5926.72 58.7652 60.0367 -0.412016
1010101 FRAC0_S 0 1 -30801 -44479.2 8923.9 378603 -596087 -119395 46.3315 55.4972 8.11897
1010101 FRAC0_S 0 1 -30784.6 -44723 9142.45 280009 -594989 -260166 47.535 54.1492 16.1433
1010101 FRAC0_S 0 1 -30694.7 -44998.2 9303.55 98395.3 -481806 -375524 40.3039 52.7876 25.553
1010101 FRAC0_S 0 1 -30537.2 -45281.3 9388.05 -106002 -303487 -463224 36.7461 40.22 32.1041
1010101 FRAC0_S 0 1 -30323.4 -45541.3 9378.26 -210578 -13480.3 -515620 35.3761 2.5282 38.3371
1010101 FRAC0_S 0 1 -30077.3 -45746.9 9271.19 -129306 300486 -495830 40.7436 -38.0714 32.3132
1010101 FRAC0_S 0 1 -29822.9 -45870.1 9089.84 74304.9 435740 -384352 37.0588 -51.5917 27.4251
1010101 FRAC0_S 0 1 -29585.4 -45901.8 8859.8 283933 635781 -293274 54.6429 -54.1493 16.9296
1010101 FRAC0_S 0 1 -29391.9 -45847.7 8599.58 285494 398017 -141318 24.0358 -51.2568 12.3951
1010101 FRAC0_S 0 1 -29257.6 -45716.4 8330.74 443150 597100 -56396.8 49.6928 -55.475 3.924
1010101 FRAC0_S 0 1 -29194.5 -45521 8076.26 419208 658015 80278.5 55.1001 -56.9652 -5.25095
1010101 FRAC0_S 0 1 -29213.5 -45277.3 7857.74 362242 681436 169624 56.8984 -56.5487 -10.2597
1010101 FRAC0_S 0 1 -29313.9 -45008.5 7696.2 117735 637606 335260 52.4113 -57.9232 -20.8594
1010101 FRAC0_S 0 1 -29486.5 -44740.6 7608.74 -60201.6 578932 466109 58.7616 -54.1267 -27.0255
1010101 FRAC0_S 0 1 -29703.9 -44485.6 7611.3 -259053 354455 548665 51.233 -36.1876 -29.4689