
Step FractureNumber TipNr TipActive TipX TipY TipZ KI KII KIII G Phi Psi Extension
1010000 FRAC0_S 0 1 15000 -14017.8 8603.45 1.2953e+07 -4.77313e+06 2.83214e+06 18047.9 28.7312 -10.1191
1010000 FRAC0_S 0 1 15000 -14097.8 8901.92 1.73536e+07 -3.00801e+06 1.73599e+06 28042.2 17.7603 -5.92404
1010000 FRAC0_S 0 1 15000 -14266.1 9161.05 1.90977e+07 -2.04419e+06 1.33923e+06 33111.2 12.1513 -4.52945
1010000 FRAC0_S 0 1 15000 -14506.3 9355.47 2.65082e+07 -3.09392e+06 1.34196e+06 63708.6 13.298 -3.32059
1010000 FRAC0_S 0 1 15000 -14794.9 9466.15 9.46697e+06 -2.42712e+07 1.44026e+07 88068.8 52.7908 -20.382
1010000 FRAC0_S 0 1 15000 -15103.5 9482.25 2.5315e+07 -2.67994e+06 319678 57759.5 12.6237 -0.876431
1010000 FRAC0_S 0 1 15000 -15401.9 9402.21 2.8028e+07 -2.85865e+06 -647891 70786.2 12.116 1.58861
1010000 FRAC0_S 0 1 15000 -15661 9233.85 5.09919e+06 -1.51788e+07 8.07647e+06 31523.1 54.8853 -19.5401
1010000 FRAC0_S 0 1 15000 -15855.5 8993.66 2.0597e+07 -713989 -2.26369e+06 38530.7 4.17586 7.18546
1010000 FRAC0_S 0 1 15000 -15966.1 8705.15 1.47156e+07 1.79078e+06 -2.54001e+06 20440.6 -12.5442 9.81511
1010000 FRAC0_S 0 1 15000 -15982.2 8396.55 9.86147e+06 4.90789e+06 -1.73339e+06 11211.9 -35.4446 7.82876
1010000 FRAC0_S 0 1 15000 -15902.2 8098.08 5.85082e+06 6.74554e+06 -582323 7150.23 -53.3198 3.38213
1010000 FRAC0_S 0 1 15000 -15733.9 7838.95 3.76513e+07 3.45892e+07 2.10766e+07 292017 -42.2755 -15.9337
1010000 FRAC0_S 0 1 15000 -15493.7 7644.53 -3.29969e+06 6.21573e+06 3.08861e+06 4711.55 -52.0175 -17.1322
1010000 FRAC0_S 0 1 15000 -15205.1 7533.85 -3.60459e+07 -2.1731e+07 -1.36738e+07 66948.7 36.1045 13.7186
1010000 FRAC0_S 0 1 15000 -14896.5 7517.75 -6.13592e+06 2.75401e+06 5.72324e+06 5032.34 -23.8983 -25.4868
1010000 FRAC0_S 0 1 15000 -14598.1 7597.79 -4.71271e+06 -84448.4 5.49769e+06 4020.51 1.14371 -32.2429
1010000 FRAC0_S 0 1 15000 -14339 7766.15 -1.56356e+06 -1.17539e+06 3.73524e+06 1978.72 23.1098 -34.0171
1010000 FRAC0_S 0 1 15000 -14144.5 8006.34 934281 -2.2717e+06 3.40054e+06 2075.62 39.8633 -31.4055
1010000 FRAC0_S 0 1 15000 -14033.9 8294.85 8.69395e+06 -3.27606e+06 3.18136e+06 9037.85 26.9985 -14.9229
Step FractureNumber TipNr TipActive TipX TipY TipZ KI KII KIII G Phi Psi Extension
1010101 FRAC0_S 0 1 15043 -13930.6 8613.11 -1.63237e+07 1.25859e+07 -8.04289e+06 22719 -39.5631 15.4137
1010101 FRAC0_S 0 1 15032.6 -14014.3 8939.96 5.27447e+07 -8.32873e+06 -6.85804e+06 260341 16.1125 7.53818
1010101 FRAC0_S 0 1 15023.9 -14195.9 9224.53 2.57781e+07 6.86748e+06 -1.2839e+06 63636.5 -25.4689 2.9043
1010101 FRAC0_S 0 1 15036.7 -14460.7 9428.76 3.0489e+07 9.1508e+06 18290.5 90296.4 -28.577 -0.035967
1010101 FRAC0_S 0 1 15051 -14778.9 9541.06 2.76607e+07 1.4581e+07 708255 87191.4 -39.4607 -1.27726
1010101 FRAC0_S 0 1 15036.1 -15115.3 9567.9 3.00883e+07 8.68835e+06 2.50788e+06 88234.8 -26.3628 -4.61643
1010101 FRAC0_S 0 1 15036.4 -15434 9481.81 2.90736e+07 7.68701e+06 -1.92228e+06 81079.4 -25.0564 3.79458
1010101 FRAC0_S 0 1 15048 -15711.8 9290.02 2.35808e+07 1.15536e+07 916979 61556.7 -37.6774 -1.96261
1010101 FRAC0_S 0 1 15018.7 -15932.2 9034.34 1.83833e+07 3.93789e+06 484765 31527.3 -22.0867 -1.64307
1010101 FRAC0_S 0 1 14976.4 -16055.8 8725.61 1.67688e+07 -1.95773e+06 -1.58155e+06 25731.3 12.8457 5.87432
1010101 FRAC0_S 0 1 14945.5 -16060.3 8391.27 1.37097e+07 -1.91051e+06 -3.60093e+06 18798.6 13.2239 13.4545
1010101 FRAC0_S 0 1 14928.6 -15963.5 8071.41 7.61249e+06 1.25902e+06 -463055 5333.7 -17.6094 3.7881
1010101 FRAC0_S 0 1 14926.7 -15782.6 7794.79 3.32474e+06 4.15415e+06 831047 2614.64 -52.4931 -7.47046
1010101 FRAC0_S 0 1 14958.6 -15527 7585.74 -132339 6.40203e+06 2.73953e+06 4650.43 -63.2872 -20.1617
1010101 FRAC0_S 0 1 14999.6 -15218.8 7458.28 -5.92e+06 4.9981e+06 5.44001e+06 6162.01 -36.241 -22.2899
1010101 FRAC0_S 0 1 14995 -14885.8 7429.69 -7.76218e+06 2.88406e+06 5.51152e+06 4781.32 -22.7589 -22.7666
1010101 FRAC0_S 0 1 15000.7 -14560 7512.31 -4.68348e+06 436558 6.1351e+06 5023.03 -5.32492 -32.7121
1010101 FRAC0_S 0 1 15036.1 -14281.4 7699.56 -2.06196e+06 -2.34721e+06 4.1622e+06 2795.03 33.0887 -30.0948
1010101 FRAC0_S 0 1 15053.2 -14074.1 7965.45 3.39302e+06 -1.25027e+06 3.91244e+06 3201.04 18.9637 -28.7678
1010101 FRAC0_S 0 1 15050.7 -13951.9 8278.31 8.51666e+06 809726 3.73427e+06 8376.54 -8.41057 -19.6038