
Step FractureNumber TipNr TipActive TipX TipY TipZ KI KII KIII G Phi Psi Extension
1010000 FRAC0_S 0 1 -45000 -44020.2 8624.9 -2.09936e+06 -56019.5 -86240.4 1.26882 3.45497 2.95199
1010000 FRAC0_S 0 1 -45000 -44106.8 8921.55 -1.95456e+06 -11101.9 -77491.7 0.809643 0.758648 2.91087
1010000 FRAC0_S 0 1 -45000 -44280.8 9176.94 -1.9504e+06 38609 -70974.5 0.802803 -2.59934 2.64823
1010000 FRAC0_S 0 1 -45000 -44525.1 9366.05 -2.06898e+06 98347.4 -81924.7 1.75454 -5.98761 2.79722
1010000 FRAC0_S 0 1 -45000 -44816 9470.4 -1.95966e+06 94214.3 -642183 55.64 -4.80685 16.7068
1010000 FRAC0_S 0 1 -45000 -45124.9 9479.76 -1.99919e+06 -34681.9 -329503 14.5473 2.03939 10.2333
1010000 FRAC0_S 0 1 -45000 -45421.5 9393.21 -2.02554e+06 151219 -196541 7.17528 -8.63617 6.23312
1010000 FRAC0_S 0 1 -45000 -45676.9 9219.22 -1.67351e+06 96377.3 -11305 0.844703 -7.3702 0.493727
1010000 FRAC0_S 0 1 -45000 -45866 8974.84 -1.9947e+06 134875 17030.6 1.6596 -8.52009 -0.616754
1010000 FRAC0_S 0 1 -45000 -45970.4 8683.98 -2.03856e+06 164078 15486 2.43087 -9.97297 -0.542953
1010000 FRAC0_S 0 1 -45000 -45979.8 8375.1 -2.12161e+06 91269.3 62398.1 1.26013 -5.50324 -2.11428
1010000 FRAC0_S 0 1 -45000 -45893.2 8078.45 -1.96445e+06 50002.9 89771.8 1.29465 -3.2873 -3.26762
1010000 FRAC0_S 0 1 -45000 -45719.2 7823.06 -2.07e+06 33206.6 102644 1.49952 -2.09168 -3.55809
1010000 FRAC0_S 0 1 -45000 -45474.9 7633.95 -1.94725e+06 -52147.6 99879.8 1.56913 3.43451 -3.6364
1010000 FRAC0_S 0 1 -45000 -45184 7529.6 -1.51769e+06 -709504 -228897 51.826 34.6011 6.98263
1010000 FRAC0_S 0 1 -45000 -44875.1 7520.24 -1.93348e+06 -131925 46227.3 1.83511 8.47335 -1.69174
1010000 FRAC0_S 0 1 -45000 -44578.5 7606.79 -1.74591e+06 481173 -231633 27.7674 -24.7172 7.0554
1010000 FRAC0_S 0 1 -45000 -44323.1 7780.78 -1.49932e+06 766269 -671710 112.331 -31.7586 16.1115
1010000 FRAC0_S 0 1 -45000 -44134 8025.16 -1.93887e+06 -121496 -45151.6 1.58651 7.8454 1.65749
1010000 FRAC0_S 0 1 -45000 -44029.6 8316.02 -1.69216e+06 347951 -461006 39.0546 -18.1218 13.2559
Step FractureNumber TipNr TipActive TipX TipY TipZ KI KII KIII G Phi Psi Extension
1010101 FRAC0_S 0 1 -45004.4 -43924.8 8637.45 -1.64759e+06 1.45205e+06 533984 225.806 -44.7676 -10.7499
1010101 FRAC0_S 0 1 -44999 -44018.7 8963.16 -2.01322e+06 -66816.8 -85549.3 1.37122 4.25291 3.02981
1010101 FRAC0_S 0 1 -45004.6 -44209.9 9243.63 -2.12027e+06 103728 -105861 2.44926 -6.09422 3.47593
1010101 FRAC0_S 0 1 -45008.5 -44478.4 9451.25 -2.17479e+06 -451396 98074.5 19.4362 21.2755 -2.76527
1010101 FRAC0_S 0 1 -45005.9 -44797.9 9565.94 -1.5241e+06 135474 -18977.2 1.68335 -10.8433 0.877626
1010101 FRAC0_S 0 1 -45004 -45137.2 9576.16 -2.02811e+06 257492 164145 9.49166 -13.942 -5.07823
1010101 FRAC0_S 0 1 -45006.6 -45445.8 9462.7 -1.98801e+06 293809 -102703 9.0952 -16.1874 3.29829
1010101 FRAC0_S 0 1 -45003.8 -45687.4 9241.58 -2.15756e+06 495378 -142499 24.5683 -22.6111 3.89034
1010101 FRAC0_S 0 1 -45004.4 -45890.2 8979.43 -2.34586e+06 480656 120106 22.5057 -20.9744 -3.12451
1010101 FRAC0_S 0 1 -45011.1 -46043.4 8690 -1.9886e+06 458455 73747.5 19.4526 -23.1463 -2.25369
1010101 FRAC0_S 0 1 -45010.6 -46075.9 8362.74 -1.55743e+06 307211 79529.2 9.25131 -20.3745 -3.13549
1010101 FRAC0_S 0 1 -45006.2 -45981.2 8036.88 -2.01506e+06 -75768.2 -328584 14.8712 4.31569 9.9846
1010101 FRAC0_S 0 1 -45001.8 -45790.2 7756.29 -2.02483e+06 56726.4 135324 2.72231 -3.53654 -4.63835
1010101 FRAC0_S 0 1 -44983.7 -45520.8 7552.84 -1.51177e+06 -889020 326009 84.5641 38.2035 -8.85377
1010101 FRAC0_S 0 1 -44966.4 -45200.5 7442.76 -1.80128e+06 -830515 -44799.8 61.731 36.7007 1.29629
1010101 FRAC0_S 0 1 -44988.9 -44863 7430.43 -2.11721e+06 -374401 -229725 19.5099 17.9362 6.3493
1010101 FRAC0_S 0 1 -45030.3 -44541.4 7525.7 -2.0838e+06 768587 -172842 56.6129 -31.0501 4.34871
1010101 FRAC0_S 0 1 -45033.3 -44262.6 7717.37 -1.79941e+06 577343 68319.9 30.3234 -29.1547 -2.1537
1010101 FRAC0_S 0 1 -45014.1 -44052.6 7981.44 -1.87608e+06 189325 -11431 3.21145 -12.1808 0.428317
1010101 FRAC0_S 0 1 -45010.6 -43936.5 8298.42 -1.96041e+06 113621 -76057.4 1.91975 -7.20278 2.71788