
Step FractureNumber TipNr TipActive TipX TipY TipZ KI KII KIII G Phi Psi Extension
1010000 FRAC0_S 0 1 8304.02 29652.1 8043.86 8.12793e+06 -2.12752e+06 -1.33073e+07 29842.4 12.0701 33.5258
1010000 FRAC0_S 0 1 8245.35 29894 7860.68 1.6081e+07 3.11356e+06 -1.73959e+07 64155.7 -11.406 29.624
1010000 FRAC0_S 0 1 8113.73 30146.2 7740.07 1.85695e+07 1.15979e+07 -1.69634e+07 80985.4 -30.2122 23.7989
1010000 FRAC0_S 0 1 7922.02 30384.1 7693.85 1.7871e+07 1.70181e+07 -1.24863e+07 75002.7 -41.2579 18.2654
1010000 FRAC0_S 0 1 7689.01 30584.4 7726.55 1.70343e+07 2.076e+07 -8.23021e+06 73270.3 -48.9068 12.8929
1010000 FRAC0_S 0 1 7437.5 30727.6 7834.95 1.62258e+07 2.31701e+07 -3.2685e+06 72720.6 -55.3856 5.78187
1010000 FRAC0_S 0 1 7192.1 30799.4 8008.46 1.31701e+07 1.86896e+07 1.61886e+06 46931.1 -56.3403 -3.69453
1010000 FRAC0_S 0 1 6976.85 30793 8230.08 1.44159e+07 2.03637e+07 7.67783e+06 63311.1 -51.0447 -13.026
1010000 FRAC0_S 0 1 6812.8 30709 8478.12 1.32123e+07 1.41829e+07 9.33397e+06 45067.7 -43.623 -17.6909
1010000 FRAC0_S 0 1 6716.02 30555.7 8728.31 1.43454e+07 9.2388e+06 1.21326e+07 45521.5 -31.5299 -22.6879
1010000 FRAC0_S 0 1 6696.73 30339.1 8964.09 1.25144e+07 3.04539e+06 1.27178e+07 36293.7 -14.2656 -28.4053
1010000 FRAC0_S 0 1 6754.65 30106 9139.32 1.07297e+07 -3.11643e+06 1.09708e+07 27132 16.4769 -28.0323
1010000 FRAC0_S 0 1 6886.27 29853.8 9259.93 9.59353e+06 -7.30449e+06 9.0893e+06 23943.7 33.8207 -23.2443
1010000 FRAC0_S 0 1 7077.98 29615.9 9306.15 1.50058e+07 -8.55682e+06 8.22202e+06 35580.9 32.6164 -17.9688
1010000 FRAC0_S 0 1 7310.99 29415.6 9273.45 1.04649e+07 -1.45698e+07 4.6108e+06 31502.5 51.8976 -11.3332
1010000 FRAC0_S 0 1 7562.5 29272.4 9165.05 1.55582e+07 -7.452e+06 4.47511e+06 29181.7 32.8121 -11.825
1010000 FRAC0_S 0 1 7807.9 29200.6 8991.54 1.08971e+07 -1.77265e+07 -2.19414e+06 39222.9 57.3684 5.38611
1010000 FRAC0_S 0 1 8023.15 29207 8769.92 1.3578e+07 -1.84397e+07 -6.63638e+06 52585.5 50.8562 12.4188
1010000 FRAC0_S 0 1 8187.2 29291 8521.88 1.09053e+07 -1.22269e+07 -8.26652e+06 33007.8 43.9023 18.2481
1010000 FRAC0_S 0 1 8283.98 29444.3 8271.69 1.46932e+07 -1.10065e+07 -1.3362e+07 53779.2 33.8905 22.8203
Step FractureNumber TipNr TipActive TipX TipY TipZ KI KII KIII G Phi Psi Extension
1010101 FRAC0_S 0 1 8390.02 29631.8 8011.85 2.19009e+07 -1.82118e+06 -1.56965e+07 75805.8 6.31872 25.827
1010101 FRAC0_S 0 1 8305.72 29873.4 7791.08 2.13163e+07 -1.21221e+06 -1.64587e+07 76649.2 4.28528 27.0471
1010101 FRAC0_S 0 1 8140.2 30130.4 7648.72 2.35965e+07 -516518 -1.58828e+07 83190.8 1.79633 25.7707
1010101 FRAC0_S 0 1 7917.48 30374.5 7596.5 3.05069e+07 1.23969e+06 -1.53643e+07 114465 -3.63553 21.9283
1010101 FRAC0_S 0 1 7659.28 30578.5 7632.75 3.18144e+07 1.41203e+06 -9.03871e+06 101237 -4.59911 15.1716
1010101 FRAC0_S 0 1 7387.87 30722.8 7749.41 3.04829e+07 -622004 -3.99532e+06 84959 2.45893 8.45088
1010101 FRAC0_S 0 1 7127.1 30797.8 7933.68 3.07785e+07 349164 656041 84483.7 -1.52954 -1.59592
1010101 FRAC0_S 0 1 6898.86 30798.1 8169.77 2.72066e+07 984216 5.58631e+06 70196 -4.01996 -11.9976
1010101 FRAC0_S 0 1 6723.69 30721 8439.26 2.31048e+07 2.51193e+06 8.79972e+06 58431 -9.8452 -17.786
1010101 FRAC0_S 0 1 6621.27 30572.5 8720.34 1.81546e+07 736065 1.12791e+07 46338 -3.37398 -24.5483
1010101 FRAC0_S 0 1 6610.96 30368.9 8988.39 1.63817e+07 438049 1.23253e+07 44135.3 -2.08838 -27.0841
1010101 FRAC0_S 0 1 6698.51 30129.3 9210.19 1.50184e+07 22437.2 1.12403e+07 36902.6 -0.119472 -27.3237
1010101 FRAC0_S 0 1 6861.32 29870 9352.53 1.51673e+07 -451050 1.01673e+07 34266.4 2.4275 -25.6248
1010101 FRAC0_S 0 1 7079.08 29622.2 9403.53 1.30285e+07 -2.26486e+06 5.60422e+06 19759.9 14.3509 -18.5444
1010101 FRAC0_S 0 1 7335.73 29411.9 9367.26 1.59929e+07 -3.26593e+06 4.36286e+06 26273.9 18.0183 -13.2807
1010101 FRAC0_S 0 1 7605.57 29260.6 9251.29 2.2227e+07 -5.18279e+06 1.835e+06 46865.4 22.6124 -4.76429
1010101 FRAC0_S 0 1 7869.32 29193.9 9066.75 2.64252e+07 -5.39664e+06 -3.23427e+06 66211.3 19.8931 6.91537
1010101 FRAC0_S 0 1 8101.17 29202.3 8830.21 2.28068e+07 -1.11538e+06 -5.55257e+06 50561.8 5.19765 13.5228
1010101 FRAC0_S 0 1 8276.36 29280 8561.46 2.13006e+07 -1.39333e+06 -9.55656e+06 52750.2 5.9178 20.2155
1010101 FRAC0_S 0 1 8378.48 29428.5 8280.34 8.31304e+06 -2.87903e+06 -1.51804e+07 37546 14.4493 33.964