
Step FractureNumber TipNr TipActive TipX TipY TipZ KI KII KIII G Phi Psi Extension
1010000 FRAC0_S 0 1 29401.8 -14232.6 8330.75 36960 1.73862e+06 -2.90091e+06 1388.71 -42.3737 35.6866
1010000 FRAC0_S 0 1 29263.9 -14346.6 8582.7 352498 1.16568e+06 -2.0142e+06 671.738 -38.5769 33.7468
1010000 FRAC0_S 0 1 29198.1 -14524.7 8826.54 599101 1.54844e+06 -2.2878e+06 941.765 -40.3443 31.4533
1010000 FRAC0_S 0 1 29210.9 -14749.3 9038.42 787813 1.62688e+06 -2.0994e+06 877.355 -41.3638 29.1382
1010000 FRAC0_S 0 1 29300.8 -14998.4 9197.59 910127 1.8329e+06 -1.93529e+06 871.31 -44.1053 26.6193
1010000 FRAC0_S 0 1 29459.2 -15247.7 9288.48 1.1602e+06 2.40268e+06 -1.90233e+06 1115.68 -48.0191 23.152
1010000 FRAC0_S 0 1 29670.5 -15472.7 9302.19 1.44073e+06 2.08449e+06 -1.29883e+06 796.525 -47.4246 18.6086
1010000 FRAC0_S 0 1 29914.1 -15651.5 9237.38 1.00287e+07 1.63801e+07 6.26755e+06 38095.5 -52.5897 -13.7469
1010000 FRAC0_S 0 1 30166.1 -15766.5 9100.38 1.66164e+06 2.69475e+06 82820.5 894.039 -59.1904 -1.44373
1010000 FRAC0_S 0 1 30401.9 -15806.4 8904.62 1.48877e+06 1.95779e+06 995279 670.805 -48.1076 -15.8206
1010000 FRAC0_S 0 1 30598.2 -15767.4 8669.25 929420 586924 1.07006e+06 259.961 -28.165 -26.622
1010000 FRAC0_S 0 1 30736.1 -15653.4 8417.3 356743 -2.14988e+06 2.14642e+06 1035.95 49.7417 -28.9588
1010000 FRAC0_S 0 1 30801.9 -15475.3 8173.46 -314629 -4.06637e+06 1.28274e+06 1692.3 64.4319 -15.973
1010000 FRAC0_S 0 1 30789.1 -15250.7 7961.58 -1.09892e+06 -6.8418e+06 -72216.2 4171.95 68.5047 0.700291
1010000 FRAC0_S 0 1 30699.2 -15001.6 7802.41 -1.17912e+06 -7.16204e+06 -1.96178e+06 5082.75 63.4945 13.6555
1010000 FRAC0_S 0 1 30540.8 -14752.3 7711.52 -1.40631e+06 -6.21585e+06 -3.90416e+06 5470.17 55.1412 22.6339
1010000 FRAC0_S 0 1 30329.5 -14527.3 7697.81 -1.30349e+06 -3.85133e+06 -4.89266e+06 4505.52 43.3788 30.1573
1010000 FRAC0_S 0 1 30085.9 -14348.5 7762.62 -1.06762e+06 -1.748e+06 -5.42819e+06 4191.16 26.5381 37.052
1010000 FRAC0_S 0 1 29833.9 -14233.5 7899.62 -550643 176135 -4.92716e+06 3231.59 -4.29344 42.9122
1010000 FRAC0_S 0 1 29598.1 -14193.6 8095.38 -1.63951e+07 1.80343e+07 8.13249e+06 37778.1 -46.753 -13.699
Step FractureNumber TipNr TipActive TipX TipY TipZ KI KII KIII G Phi Psi Extension
1010101 FRAC0_S 0 1 29318.9 -14215.9 8280.08 1.47477e+06 1.34776e+06 -1.9912e+06 883.004 -33.7103 26.6182
1010101 FRAC0_S 0 1 29171.1 -14334.3 8552.03 1.3509e+06 -433626 -2.28715e+06 875.107 14.1158 33.4018
1010101 FRAC0_S 0 1 29100.5 -14525.9 8813.77 1.25821e+06 722734 -1.12061e+06 354.632 -28.8223 23.874
1010101 FRAC0_S 0 1 29114.3 -14769 9039.39 2.70621e+06 2.13238e+06 -602080 1106 -44.1179 8.22757
1010101 FRAC0_S 0 1 29210.9 -15038.1 9206.18 1.4451e+06 7809.21 -1.64982e+06 548.11 -0.35192 32.1447
1010101 FRAC0_S 0 1 29380.4 -15306.2 9299.47 -3.50796e+06 -2.16043e+06 -4.13248e+06 2687.21 27.4592 27.0214
1010101 FRAC0_S 0 1 29605.3 -15546.5 9310.91 2.83039e+06 396689 -2.80493e+06 1774.29 -8.90422 29.135
1010101 FRAC0_S 0 1 29862 -15735.5 9235.62 3.68954e+06 716641 -2.40528e+06 2028.25 -13.9547 23.4286
1010101 FRAC0_S 0 1 30128.9 -15857 9087.12 4.32102e+06 1.16791e+06 -1.72153e+06 2179.5 -20.8399 16.7417
1010101 FRAC0_S 0 1 30390.2 -15901.5 8889.15 1.34766e+07 5.02486e+06 -5.0535e+06 21830.5 -26.68 15.2153
1010101 FRAC0_S 0 1 30630.4 -15839.4 8668.93 1.71754e+06 1.06198e+06 945789 482.339 -34.2213 -17.6758
1010101 FRAC0_S 0 1 30810.5 -15668.8 8443.05 3.78174e+06 4.7073e+06 3.74737e+06 5116.66 -43.4981 -20.7923
1010101 FRAC0_S 0 1 30889.2 -15448.2 8210.46 -1.96368e+07 209861 -9.88446e+06 12998.4 -0.98472 22.2845
1010101 FRAC0_S 0 1 30873.2 -15207.8 7992.94 2.43231e+06 -769055 347805 595.979 27.0493 -7.3268
1010101 FRAC0_S 0 1 30781.2 -14949.3 7821.35 3.14132e+06 -1.84769e+06 -59579.8 1184.02 41.8614 0.915904
1010101 FRAC0_S 0 1 30616.9 -14689.9 7712.58 4.69596e+06 -3.71284e+06 -2.6624e+06 4136.21 39.0778 16.849
1010101 FRAC0_S 0 1 30389.5 -14453.5 7678.31 1.97047e+06 -2.3864e+06 -2.80949e+06 1903.26 38.8579 25.5071
1010101 FRAC0_S 0 1 30113.3 -14269.2 7721.05 903859 -1.74275e+06 -4.3232e+06 2829.22 30.6295 35.685
1010101 FRAC0_S 0 1 29814.3 -14172.3 7839.37 1.77943e+06 1.29512e+06 -6.45292e+06 5969.76 -17.7374 37.691
1010101 FRAC0_S 0 1 29537 -14163.7 8031.2 1.50432e+06 1.23621e+06 -2.82624e+06 1400.19 -27.6377 31.0945