
Step FractureNumber TipNr TipActive TipX TipY TipZ KI KII KIII G Phi Psi Extension
1010000 FRAC0_S 0 1 0 23431.5 8171.35 2.54517e+06 109640 22361.8 578.382 -5.6161 -0.649214
1010000 FRAC0_S 0 1 0 23487.4 8475.25 4.23304e+06 -214518 214098 1606.93 6.29423 -3.51273
1010000 FRAC0_S 0 1 0 23446.7 8781.58 5.97714e+06 -116557 24743.5 3184.86 2.64162 -0.314899
1010000 FRAC0_S 0 1 0 23313.3 9060.35 7.35588e+06 -232273 -27081.9 4826.56 4.20503 0.276972
1010000 FRAC0_S 0 1 0 23100.4 9284.26 6.99458e+06 -178525 -103657 4363.9 3.39257 1.10441
1010000 FRAC0_S 0 1 0 22828.6 9431.41 1.00326e+07 -47666.3 -88945.6 8970.36 0.654689 0.67971
1010000 FRAC0_S 0 1 0 22524.8 9487.38 1.08103e+07 77385.7 -186714 10418.9 -0.974871 1.30569
1010000 FRAC0_S 0 1 0 22218.5 9446.7 9.35514e+06 177488 -155119 7804.8 -2.54142 1.24046
1010000 FRAC0_S 0 1 0 21939.6 9313.35 8.13363e+06 81.7143 -124347 5897.22 -0.00138531 1.16702
1010000 FRAC0_S 0 1 0 21715.7 9100.39 8.3074e+06 125317 -117963 6152.98 -2.03678 1.06979
1010000 FRAC0_S 0 1 0 21568.5 8828.65 7.25091e+06 -1.34241e+07 8.69592e+06 30800.5 49.3647 -20.2009
1010000 FRAC0_S 0 1 0 21512.6 8524.75 4.30683e+06 -13275.9 -184953 1657.44 0.411956 3.14664
1010000 FRAC0_S 0 1 0 21553.3 8218.42 1.94362e+06 5.16158e+06 -4.59206e+06 5515.27 -48.147 25.5351
1010000 FRAC0_S 0 1 0 21686.7 7939.65 -305408 7288.53 -110724 1.63528 -2.38915 18.1403
1010000 FRAC0_S 0 1 0 21899.6 7715.74 -1.41124e+06 45077.6 -130096 2.4321 -3.92156 6.17459
1010000 FRAC0_S 0 1 0 22171.4 7568.59 -2.53692e+06 1.29375e+07 8.23127e+06 23926.3 -55.5563 -23.1051
1010000 FRAC0_S 0 1 0 22475.2 7512.62 -2.62094e+06 145953 -117021 3.71951 -6.90599 3.11067
1010000 FRAC0_S 0 1 0 22781.5 7553.3 -1.72984e+06 1.45907e+07 -9.73456e+06 31573.9 -56.4477 24.5355
1010000 FRAC0_S 0 1 0 23060.4 7686.65 -1.18375e+06 219200 -53334.8 4.65996 -19.4869 2.8124
1010000 FRAC0_S 0 1 0 23284.3 7899.61 438305 1.35267e+07 -8.3684e+06 25635.7 -59.1153 24.5936
Step FractureNumber TipNr TipActive TipX TipY TipZ KI KII KIII G Phi Psi Extension
1010101 FRAC0_S 0 1 -23.6073 23513.4 8146.37 2.05701e+06 415569 -30562.9 392.564 -21.3133 0.947445
1010101 FRAC0_S 0 1 4.18736 23584.5 8472.85 3.6006e+06 159755 -23176 1157.6 -5.78653 0.47655
1010101 FRAC0_S 0 1 6.87843 23540 8809.35 3.99879e+06 140044 41202.9 1426.87 -4.61187 -0.765645
1010101 FRAC0_S 0 1 6.29792 23393.5 9115.58 8.78327e+06 436855 -135398 6893.91 -6.38466 1.12195
1010101 FRAC0_S 0 1 5.07764 23159.6 9361.61 8.44722e+06 380845 -74160.4 6372.15 -5.8612 0.647492
1010101 FRAC0_S 0 1 1.62539 22861.1 9523.36 1.16754e+07 32486.2 -36341.7 12147.4 -0.386723 0.241049
1010101 FRAC0_S 0 1 -1.67358 22527.2 9584.87 9.76049e+06 -240958 -66282.7 8495.02 3.31062 0.512097
1010101 FRAC0_S 0 1 -2.64303 22190.7 9540.15 1.4108e+07 304472 127411 17746.6 -2.90097 -0.680969
1010101 FRAC0_S 0 1 -1.99828 21884.3 9393.65 1.0761e+07 -535598 154445 10347.6 6.39506 -1.04601
1010101 FRAC0_S 0 1 17.1941 21646.5 9156.76 9.05273e+06 647635 -396911 7361.06 -8.69157 3.01509
1010101 FRAC0_S 0 1 37.2347 21493.1 8855.3 5.00981e+06 6.08158e+06 -179038 5536.55 -55.1625 1.23075
1010101 FRAC0_S 0 1 0.7098 21431.3 8526.66 4.32589e+06 -179725 711499 1737.75 4.7398 -10.0237
1010101 FRAC0_S 0 1 -38.1053 21475.7 8195.36 1.94087e+06 -51.8847 183107 340.133 0.00341981 -6.47895
1010101 FRAC0_S 0 1 -22.4156 21614.4 7886.75 -1.19689e+06 -1.12946e+07 1.08356e+07 26983.2 51.3753 -29.1113
1010101 FRAC0_S 0 1 -25.0787 21844 7648.63 -814362 6.84062e+06 3.89626e+06 6188.87 -58.3588 -22.5551
1010101 FRAC0_S 0 1 -45.9498 22146.2 7497.31 -2.20225e+06 1.48461e+06 -35834.4 196.576 -44.6991 0.747764
1010101 FRAC0_S 0 1 -47.4636 22473.2 7436.42 -2.51638e+06 1.5959e+06 -261599 236.054 -41.7627 4.54709
1010101 FRAC0_S 0 1 -53.0149 22802.2 7482.59 -2.62359e+06 1.03876e+06 -910188 206.334 -28.1918 14.2188
1010101 FRAC0_S 0 1 -58.9692 23101.2 7626.79 9.47718e+06 1.33068e+07 -1.01142e+07 37387.9 -45.1754 20.8611
1010101 FRAC0_S 0 1 -53.6965 23341.5 7856.33 810036 1.0251e+06 -702788 217.8 -45.1276 19.0688