
Step FractureNumber TipNr TipActive TipX TipY TipZ KI KII KIII G Phi Psi Extension
1010000 FRAC0_S 0 1 30000 -6516.62 8592.17 9.8585e+06 -1.53673e+07 4.61668e+06 32539 53.5307 -11.2769
1010000 FRAC0_S 0 1 30000 -6593.24 8891.55 6.93254e+06 -1.42101e+07 1.33524e+06 22513.5 60.5297 -4.51695
1010000 FRAC0_S 0 1 30000 -6758.61 9152.59 3.47724e+06 -1.14315e+07 -1.03027e+06 12863.5 64.4018 4.90387
1010000 FRAC0_S 0 1 30000 -6996.55 9349.75 3.0723e+06 -1.08943e+07 -3.66195e+06 13200.6 59.7848 14.7789
1010000 FRAC0_S 0 1 30000 -7283.78 9463.73 -9.44373e+06 -1.38083e+07 -3.45074e+06 18574.2 53.6772 9.52869
1010000 FRAC0_S 0 1 30000 -7592.17 9483.38 2.28135e+06 -6.24289e+06 -7.93646e+06 12314 43.0278 29.936
1010000 FRAC0_S 0 1 30000 -7891.55 9406.76 2.76518e+06 -2.14021e+06 -8.75486e+06 11283.6 20.2161 36.4354
1010000 FRAC0_S 0 1 30000 -8152.59 9241.39 3.56307e+06 1.9795e+06 -7.57594e+06 9113.98 -19.5313 34.0393
1010000 FRAC0_S 0 1 30000 -8349.75 9003.45 6.60301e+06 7.75821e+06 -9.31793e+06 20796.3 -38.3551 25.5836
1010000 FRAC0_S 0 1 30000 -8463.73 8716.22 8.94294e+06 1.18947e+07 -6.88286e+06 26035 -47.1846 17.3326
1010000 FRAC0_S 0 1 30000 -8483.38 8407.83 1.14376e+07 1.58403e+07 -4.04201e+06 36189.1 -52.9007 9.51674
1010000 FRAC0_S 0 1 30000 -8406.76 8108.45 1.62918e+07 2.02233e+07 667766 60155.3 -55.4373 -1.39016
1010000 FRAC0_S 0 1 30000 -8241.39 7847.41 1.23635e+07 7.91947e+06 8.43537e+06 28673.6 -33.2837 -20.0636
1010000 FRAC0_S 0 1 30000 -8003.45 7650.25 1.88218e+07 1.51539e+07 8.42039e+06 61461.3 -41.0978 -14.19
1010000 FRAC0_S 0 1 30000 -7716.22 7536.27 2.22214e+07 1.27963e+07 1.30987e+07 81412.3 -32.2813 -18.7883
1010000 FRAC0_S 0 1 30000 -7407.83 7516.62 1.92721e+07 5.06032e+06 1.32804e+07 58835.4 -17.5682 -23.4264
1010000 FRAC0_S 0 1 30000 -7108.45 7593.24 1.91167e+07 -360794 1.3892e+07 58243.9 1.50551 -26.7527
1010000 FRAC0_S 0 1 30000 -6847.41 7758.61 1.29278e+07 -1.08063e+07 7.01199e+06 31838 40.5586 -16.0724
1010000 FRAC0_S 0 1 30000 -6650.25 7996.55 3.54305e+07 -1.30143e+07 1.29136e+07 149134 26.5453 -14.9543
1010000 FRAC0_S 0 1 30000 -6536.27 8283.78 2.14591e+07 -1.56276e+07 4.60132e+06 65612.8 42.6449 -8.20725
Step FractureNumber TipNr TipActive TipX TipY TipZ KI KII KIII G Phi Psi Extension
1010101 FRAC0_S 0 1 30078.9 -6457.8 8595.8 2.13886e+07 -2.27858e+06 3.7297e+06 43078.2 11.1595 -10.007
1010101 FRAC0_S 0 1 30086.1 -6547.75 8909.82 2.07491e+07 -1.96645e+06 466968 38737.7 11.3718 -1.55777
1010101 FRAC0_S 0 1 30088.4 -6724.69 9182.56 1.3058e+07 -4.20693e+06 -1.46617e+06 17057.2 27.9124 5.90325
1010101 FRAC0_S 0 1 30085.9 -6972.38 9392.98 2.21731e+07 -7.79448e+06 -1.01987e+06 49362.6 30.7862 2.53142
1010101 FRAC0_S 0 1 30078.9 -7272.59 9521.65 8.78659e+06 -3.03109e+06 -5.75233e+06 12099.2 22.0688 21.9996
1010101 FRAC0_S 0 1 30062.9 -7601.65 9555.76 6.04976e+06 -2.24719e+06 -7.26479e+06 10730.7 18.757 29.2213
1010101 FRAC0_S 0 1 30026 -7927.42 9485.73 4.67602e+06 -672800 -7.85789e+06 10201 6.95047 34.7269
1010101 FRAC0_S 0 1 29983.6 -8172.96 9342.24 6.72702e+06 1.64139e+06 -8.97459e+06 14984.8 -12.623 31.5264
1010101 FRAC0_S 0 1 29942.3 -8415.63 9044.83 1.12595e+07 2.5463e+06 -7.98055e+06 20345.4 -15.4064 24.1441
1010101 FRAC0_S 0 1 29927.9 -8528.77 8732.24 1.67628e+07 2.58247e+06 -5.59167e+06 29791.9 -13.7477 15.8309
1010101 FRAC0_S 0 1 29921.2 -8543 8403.1 2.43069e+07 944118 -3.04675e+06 53962.4 -4.593 8.01551
1010101 FRAC0_S 0 1 29925.1 -8463.51 8082 2.43798e+07 -287939 -83802.2 52973.2 1.61917 0.263709
1010101 FRAC0_S 0 1 29935.5 -8295.39 7797.97 2.48773e+07 1.95829e+06 4.53499e+06 58225.5 -8.46664 -10.5862
1010101 FRAC0_S 0 1 29940 -8042.96 7583.4 2.47777e+07 -1.12952e+06 1.14264e+07 72186 4.17158 -20.7816
1010101 FRAC0_S 0 1 29949.3 -7732.85 7455.08 2.37758e+07 -1.94068e+06 1.13049e+07 67705.9 7.14653 -20.7411
1010101 FRAC0_S 0 1 29972.2 -7398.09 7425.6 2.22417e+07 -1.00139e+07 1.38602e+07 78567.8 27.0998 -20.4621
1010101 FRAC0_S 0 1 30010 -7073.87 7509.36 2.56449e+07 -1.26356e+06 1.29915e+07 81194 4.36336 -21.8984
1010101 FRAC0_S 0 1 30044.4 -6793.17 7695.76 2.05893e+07 2.34952e+06 1.22842e+07 58337.1 -9.02712 -23.1891
1010101 FRAC0_S 0 1 30055.6 -6581.28 7955.47 4.28326e+07 9.10845e+06 1.11112e+07 187297 -18.7634 -12.7206
1010101 FRAC0_S 0 1 30065.2 -6466.35 8265.72 1.97662e+07 -2.39605e+06 6.27413e+06 40562.6 11.2994 -15.6033