
Step FractureNumber TipNr TipActive TipX TipY TipZ KI KII KIII G Phi Psi Extension
1010000 FRAC0_S 0 1 -30000 -29019.2 8617.02 5.27635e+06 7.24037e+06 -557371 7193.54 -56.0631 3.2653
1010000 FRAC0_S 0 1 -30000 -29103.5 8914.36 4.44259e+06 5.71355e+06 953737 4788.67 -53.4851 -6.45279
1010000 FRAC0_S 0 1 -30000 -29275.4 9171.13 6.08375e+06 6.92745e+06 2.89673e+06 8690.49 -47.6915 -13.1091
1010000 FRAC0_S 0 1 -30000 -29518.2 9362.22 6.41734e+06 5.31032e+06 4.26657e+06 8603.69 -38.7657 -18.4588
1010000 FRAC0_S 0 1 -30000 -29808.3 9468.89 5.48388e+06 2.64458e+06 4.3978e+06 5875.32 -26.4371 -23.3171
1010000 FRAC0_S 0 1 -30000 -30117.1 9480.74 5.84437e+06 527632 5.17021e+06 6623.74 -6.25357 -28.3178
1010000 FRAC0_S 0 1 -30000 -30414.4 9396.57 7.46813e+06 -2.19706e+06 6.15776e+06 10443.2 18.0898 -25.3571
1010000 FRAC0_S 0 1 -30000 -30671.2 9224.65 5.08806e+06 -2.24199e+06 3.9102e+06 4788.34 25.1396 -23.1407
1010000 FRAC0_S 0 1 -30000 -30862.2 8981.79 5.93067e+06 -5.61543e+06 3.95861e+06 8028.36 41.5226 -17.7635
1010000 FRAC0_S 0 1 -30000 -30968.9 8691.77 4.88372e+06 -6.0663e+06 2.40174e+06 6171.78 49.1582 -12.963
1010000 FRAC0_S 0 1 -30000 -30980.8 8382.98 4.49119e+06 -6.55659e+06 1.19001e+06 5816.5 54.9141 -7.27275
1010000 FRAC0_S 0 1 -30000 -30896.5 8085.64 4.22334e+06 -6.78651e+06 -49124.1 5693.85 59.5522 0.345826
1010000 FRAC0_S 0 1 -30000 -30724.6 7828.87 2.70743e+06 -4.56067e+06 -845019 2601.62 56.5792 7.76607
1010000 FRAC0_S 0 1 -30000 -30481.8 7637.78 3.56659e+06 -5.73472e+06 -2.65744e+06 5003.33 51.0386 15.7034
1010000 FRAC0_S 0 1 -30000 -30191.7 7531.11 2.35816e+06 -3.27564e+06 -1.91372e+06 1938.76 47.5753 17.6558
1010000 FRAC0_S 0 1 -30000 -29882.9 7519.26 3.47852e+06 -2.04931e+06 -3.97576e+06 3554.75 26.934 26.8554
1010000 FRAC0_S 0 1 -30000 -29585.6 7603.43 4.31644e+06 1.47993e+06 -5.11085e+06 5329.51 -17.707 29.3033
1010000 FRAC0_S 0 1 -30000 -29328.8 7775.35 4.07807e+06 3.36292e+06 -4.12173e+06 4749.22 -34.7966 23.6112
1010000 FRAC0_S 0 1 -30000 -29137.8 8018.21 4.62161e+06 4.95568e+06 -3.67049e+06 5883.6 -42.5753 19.0778
1010000 FRAC0_S 0 1 -30000 -29031.1 8308.23 5.31412e+06 7.95106e+06 -1.90257e+06 8631.36 -54.1536 9.26472
Step FractureNumber TipNr TipActive TipX TipY TipZ KI KII KIII G Phi Psi Extension
1010101 FRAC0_S 0 1 -30081.8 -28963.7 8623.73 1.25262e+07 714581 -118292 14029.1 -7.28838 0.688089
1010101 FRAC0_S 0 1 -30079.4 -29050.3 8939.93 1.2811e+07 1.12662e+06 1.93303e+06 15235 -9.58552 -9.01078
1010101 FRAC0_S 0 1 -30072.8 -29227.7 9217.26 1.10269e+07 425165 3.41682e+06 12404 -3.94595 -16.1815
1010101 FRAC0_S 0 1 -30061 -29482.5 9429.64 1.01827e+07 380864 4.8469e+06 12377.1 -3.41728 -21.268
1010101 FRAC0_S 0 1 -30040.7 -29793 9554.51 9.7882e+06 -156487 6.00656e+06 13338.2 1.36671 -24.6922
1010101 FRAC0_S 0 1 -30008.8 -30128.5 9573.61 8.14351e+06 142159 5.90472e+06 10548.4 -1.39549 -26.7426
1010101 FRAC0_S 0 1 -29976.5 -30452.7 9480.99 7.74868e+06 -104784 5.75296e+06 9753.16 1.07399 -27.0799
1010101 FRAC0_S 0 1 -29954.4 -30728.2 9288.55 9.24482e+06 -940712 6.04355e+06 12552.6 7.87985 -24.4702
1010101 FRAC0_S 0 1 -29937.3 -30926.3 9019.82 8.71783e+06 -799453 3.91748e+06 8870.47 8.08301 -19.9384
1010101 FRAC0_S 0 1 -29925.2 -31031.6 8705.54 9.66092e+06 -1.39839e+06 2.6474e+06 9423.34 13.5545 -13.8343
1010101 FRAC0_S 0 1 -29918.7 -31036.8 8377.43 7.46243e+06 -714096 772531 5087.16 10.7257 -6.48746
1010101 FRAC0_S 0 1 -29915.6 -30943.9 8063.95 8.98883e+06 -469623 -192271 7224.58 6.64691 1.5409
1010101 FRAC0_S 0 1 -29917.3 -30764 7791.12 8.39516e+06 -641743 -1.52568e+06 6626.64 8.24748 10.5779
1010101 FRAC0_S 0 1 -29921.8 -30510.5 7584.44 7.15319e+06 -641652 -2.80232e+06 5640.74 8.22027 18.3187
1010101 FRAC0_S 0 1 -29932.3 -30203.3 7462.16 4.32838e+06 -337216 -2.71808e+06 2662.2 6.24786 24.2415
1010101 FRAC0_S 0 1 -29966.5 -29871 7436.84 5.43419e+06 -642555 -4.24991e+06 5070.45 8.44019 26.5114
1010101 FRAC0_S 0 1 -30018.2 -29549.1 7523 5.35589e+06 -693872 -5.00603e+06 5932.09 8.51081 28.5523
1010101 FRAC0_S 0 1 -30053.1 -29274.9 7714.64 5.16684e+06 -229648 -4.58536e+06 5179.99 3.18387 28.8672
1010101 FRAC0_S 0 1 -30068.4 -29077.3 7982.35 6.9578e+06 460089 -3.85592e+06 6310.22 -5.59688 22.8175
1010101 FRAC0_S 0 1 -30078.2 -28972.5 8295.22 9.60491e+06 207290 -2.38045e+06 8978.26 -2.35994 13.9706