
Step FractureNumber TipNr TipActive TipX TipY TipZ KI KII KIII G Phi Psi Extension
1010000 FRAC0_S 0 1 29401.8 -14232.6 8330.75 2.73492e+06 2.61649e+06 1.6032e+06 1618.41 -42.7633 -16.2271
1010000 FRAC0_S 0 1 29263.9 -14346.6 8582.7 2.30673e+06 2.34195e+06 1.82402e+06 1405.39 -41.4908 -19.36
1010000 FRAC0_S 0 1 29198.1 -14524.7 8826.54 2.93032e+06 2.23633e+06 2.9707e+06 2384.56 -33.1883 -24.0774
1010000 FRAC0_S 0 1 29210.9 -14749.3 9038.42 2.76088e+06 1.10159e+06 3.40181e+06 2326.49 -19.6205 -29.29
1010000 FRAC0_S 0 1 29300.8 -14998.4 9197.59 2.7668e+06 -213028 3.68341e+06 2490.67 4.40434 -33.0338
1010000 FRAC0_S 0 1 29459.2 -15247.7 9288.48 2.7989e+06 -1.90484e+06 3.72872e+06 2870.55 28.0531 -28.0381
1010000 FRAC0_S 0 1 29670.5 -15472.7 9302.19 1.8545e+06 -2.50279e+06 2.58411e+06 1752.77 41.3781 -24.464
1010000 FRAC0_S 0 1 29914.1 -15651.5 9237.38 -2.83372e+06 -1.06718e+07 -1.54072e+06 10464.2 64.0832 7.64112
1010000 FRAC0_S 0 1 30148.2 -15760.8 9112.59 3.9535e+06 -3.73913e+06 8.21338e+06 11610.8 29.0424 -31.4778
1010000 FRAC0_S 0 1 30401.9 -15806.4 8904.62 2.33813e+06 -4.68967e+06 -21239.8 2447.01 62.1579 0.234726
1010000 FRAC0_S 0 1 30598.2 -15767.4 8669.25 1.71523e+06 -2.92643e+06 -768689 1103.89 55.2456 10.4159
1010000 FRAC0_S 0 1 30736.1 -15653.4 8417.3 2.99538e+06 -2.61256e+06 -2.0729e+06 1979.23 39.5209 18.647
1010000 FRAC0_S 0 1 30801.9 -15475.3 8173.46 3.00674e+06 -735458 -2.17571e+06 1483.38 16.3176 24.2162
1010000 FRAC0_S 0 1 30789.1 -15250.7 7961.58 3.84081e+06 1.06157e+06 -2.27525e+06 2103.47 -19.1748 21.4094
1010000 FRAC0_S 0 1 30699.2 -15001.6 7802.41 4.10023e+06 2.24932e+06 -1.86582e+06 2411.96 -33.0837 16.0127
1010000 FRAC0_S 0 1 30540.8 -14752.3 7711.52 4.01923e+06 3.10352e+06 -938500 2414.94 -43.5236 8.63357
1010000 FRAC0_S 0 1 30329.5 -14527.3 7697.81 3.73799e+06 3.1691e+06 -178662 2144.29 -48.6127 1.94573
1010000 FRAC0_S 0 1 30085.9 -14348.5 7762.62 3.83262e+06 3.45414e+06 342725 2387.73 -49.0352 -3.43725
1010000 FRAC0_S 0 1 29833.9 -14233.5 7899.62 3.63571e+06 3.55708e+06 743108 2378.83 -48.6882 -7.01448
1010000 FRAC0_S 0 1 29598.1 -14193.6 8095.38 1.16469e+07 -6.56237e+06 -4.48701e+06 18603 34.6273 14.1307
Step FractureNumber TipNr TipActive TipX TipY TipZ KI KII KIII G Phi Psi Extension
1010101 FRAC0_S 0 1 29336.3 -14195.8 8296.65 3.53995e+06 565562 2.20628e+06 1792.56 -11.9825 -23.2327
1010101 FRAC0_S 0 1 29171 -14334.4 8552.78 2.04319e+06 -824463 1.23784e+06 636.361 25.2917 -20.5177
1010101 FRAC0_S 0 1 29101.1 -14516.4 8824.57 3.6832e+06 -950492 2.3913e+06 2049.9 17.6608 -22.7274
1010101 FRAC0_S 0 1 29122.1 -14743.7 9072.13 2.26593e+06 8.64083e+06 8.53713e+06 16804.2 -48.3915 -27.8854
1010101 FRAC0_S 0 1 29238.8 -14993.7 9267.42 3.62615e+06 -330107 3.01033e+06 2386.67 6.47664 -27.5429
1010101 FRAC0_S 0 1 29435.4 -15243.5 9380.78 3.81155e+06 -450677 3.08005e+06 2574.41 8.32961 -26.9134
1010101 FRAC0_S 0 1 29683.8 -15464.6 9397.29 5.0908e+06 -592016 1.79555e+06 2769.42 10.6442 -16.8254
1010101 FRAC0_S 0 1 29952.1 -15649.3 9324.73 4.56287e+06 -460029 985595 2003.3 10.3085 -11.9067
1010101 FRAC0_S 0 1 30217 -15777.3 9179.65 4.47814e+06 -532013 -294620 1823.76 13.3365 4.23023
1010101 FRAC0_S 0 1 30468 -15809.1 8974.3 4.56089e+06 -7.58199e+06 -5.8678e+06 11555.6 46.5309 21.9093
1010101 FRAC0_S 0 1 30680.3 -15766.2 8722.96 3.17282e+06 1.34382e+06 -1.21859e+06 1255.47 -28.9603 15.0832
1010101 FRAC0_S 0 1 30827.2 -15667.2 8442.87 2.86391e+06 2.32452e+06 -2.0862e+06 1791.22 -37.5879 19.6547
1010101 FRAC0_S 0 1 30886.6 -15504.6 8155.67 3.46791e+06 714626 -1.53207e+06 1429.36 -16.4127 18.5397
1010101 FRAC0_S 0 1 30847.9 -15287.6 7899.81 6.00007e+06 -1.35146e+06 377090 3389.7 22.3406 -3.72717
1010101 FRAC0_S 0 1 30727.2 -15033.6 7715.03 6.59611e+06 -3.41128e+06 1.88346e+06 5385.83 34.4025 -11.5269
1010101 FRAC0_S 0 1 30542.4 -14774 7615.76 4.59924e+06 -228118 338707 1904.84 6.04549 -4.97212
1010101 FRAC0_S 0 1 30309.4 -14538.6 7601.76 6.30653e+06 -908580 1.28285e+06 3836.56 14.1682 -11.0228
1010101 FRAC0_S 0 1 30048 -14349.7 7671.22 1.17247e+06 -9.58838e+06 -4.2338e+06 10699 60.9004 19.3927
1010101 FRAC0_S 0 1 29797 -14204.7 7834.51 4.99451e+06 314720 1.04394e+06 2376.63 -6.76348 -11.9258
1010101 FRAC0_S 0 1 29563.3 -14137.1 8061.12 4.55249e+06 1.74446e+06 3.13443e+06 3424.67 -23.5001 -22.2777