
Step FractureNumber TipNr TipActive TipX TipY TipZ KI KII KIII G Phi Psi Extension
1010000 FRAC0_S 0 1 29290.4 15686.6 8522.98 7.0994e+06 -8.99861e+06 -3.13309e+06 13012.5 50.1823 11.8317
1010000 FRAC0_S 0 1 29206.7 15522.3 8770.95 -2.41738e+07 -4.21282e+06 -1.46213e+06 1865.84 18.365 3.74162
1010000 FRAC0_S 0 1 29200.7 15306.9 8992.41 -2.58583e+07 674064 -2.64607e+06 971.715 -3.19684 6.80211
1010000 FRAC0_S 0 1 29273 15061.5 9165.67 -2.5933e+07 4.48637e+06 -2.20106e+06 2437.91 -17.9305 5.1128
1010000 FRAC0_S 0 1 29416.4 14810 9273.77 -2.71762e+07 7.01669e+06 -616107 4437.72 -25.3764 1.37023
1010000 FRAC0_S 0 1 29616.9 14577.1 9306.12 -2.84843e+07 7.40807e+06 977569 5017.41 -25.3035 -2.04489
1010000 FRAC0_S 0 1 29854.8 14385.5 9259.56 -2.11311e+07 5.35723e+06 2.55233e+06 3423.86 -23.4441 -6.60037
1010000 FRAC0_S 0 1 30107.1 14254.2 9138.66 -2.66533e+07 -160615 -576686 46.5301 0.818535 1.62759
1010000 FRAC0_S 0 1 30347.4 14196 8956.52 -2.45586e+07 2.80195e+06 2.44792e+06 1496.57 -12.5413 -6.18295
1010000 FRAC0_S 0 1 30556.5 14216.3 8727.25 -2.18126e+07 2.50161e+06 1.00318e+06 691.504 -13.1499 -3.03888
1010000 FRAC0_S 0 1 30709.6 14313.4 8477.02 -1.92754e+07 3.99945e+06 -527765 1462.41 -21.5473 1.71324
1010000 FRAC0_S 0 1 30793.3 14477.7 8229.05 -1.71269e+07 7.76659e+06 -1.44211e+06 5651.71 -35.1992 4.17225
1010000 FRAC0_S 0 1 30799.3 14693.1 8007.59 -1.52094e+07 1.09202e+07 -184405 10630.9 -46.0439 0.544994
1010000 FRAC0_S 0 1 30727 14938.5 7834.33 -8.93341e+06 1.25356e+07 2.42256e+06 14783.4 -54.1854 -7.56977
1010000 FRAC0_S 0 1 30583.6 15190 7726.23 -7.32767e+06 1.21869e+07 5.75041e+06 17632.7 -51.2437 -16.0436
1010000 FRAC0_S 0 1 30389.5 15416.8 7693.67 -6.38668e+06 1.0564e+07 8.95368e+06 20606.9 -45.4516 -23.0177
1010000 FRAC0_S 0 1 30145.2 15614.5 7740.44 -7.84321e+06 5.05192e+06 9.73843e+06 14887.6 -27.7613 -27.4514
1010000 FRAC0_S 0 1 29892.9 15745.8 7861.34 -6.58771e+06 -85000.9 7.14955e+06 6799.08 0.858292 -31.5164
1010000 FRAC0_S 0 1 29651.1 15804.1 8044.77 -1.27333e+07 -3.9125e+06 7.31709e+06 8484.86 20.9922 -20.7405
1010000 FRAC0_S 0 1 29443.5 15783.7 8272.75 -4.00327e+07 -170465 521345 38.7389 0.584788 -0.993129
Step FractureNumber TipNr TipActive TipX TipY TipZ KI KII KIII G Phi Psi Extension
1010101 FRAC0_S 0 1 29261.1 15768.2 8551.35 -1.0219e+07 -1.93638e+07 6.92669e+06 39793.5 54.5618 -13.6106
1010101 FRAC0_S 0 1 29156.3 15585.7 8816.17 -1.99349e+07 -1.20631e+07 -3.35473e+06 14463.9 39.6207 7.10451
1010101 FRAC0_S 0 1 29122.2 15334.9 9038.34 -2.49982e+07 1.60608e+06 -3.98039e+06 2337.04 -7.15872 9.59224
1010101 FRAC0_S 0 1 29188.4 15051.9 9211.99 -2.53287e+07 1.21131e+07 -2.80163e+06 14118.9 -35.7975 5.27019
1010101 FRAC0_S 0 1 29340.4 14770.1 9320.65 1.00063e+07 -1.00515e+06 -6.29503e+06 14282.8 7.89497 24.0055
1010101 FRAC0_S 0 1 29558.3 14514.8 9354.08 -2.24728e+07 1.92405e+07 1.44367e+06 33265.6 -48.5024 -2.5723
1010101 FRAC0_S 0 1 29824.6 14311.1 9312 2.46134e+07 1.0824e+07 -1.33091e+06 64660.2 -35.1474 2.78014
1010101 FRAC0_S 0 1 30109.3 14173.9 9191.4 -2.83118e+07 8.47435e+06 4.34239e+06 8907.29 -25.8746 -7.86745
1010101 FRAC0_S 0 1 30373.2 14108.7 8990.15 -1.74869e+07 5.05215e+06 1.25127e+06 2482.7 -26.5738 -4.01117
1010101 FRAC0_S 0 1 30590.4 14125.4 8739.51 -2.14742e+07 8.57437e+06 176557 6555.5 -34.0823 -0.454502
1010101 FRAC0_S 0 1 30750.9 14228.7 8453.73 -1.47235e+07 1.19432e+07 -1.81101e+06 13146.8 -46.4022 4.82687
1010101 FRAC0_S 0 1 30824.5 14402.2 8176.31 -3.03358e+06 2.15645e+07 -9.54216e+06 53548.6 -60.502 19.223
1010101 FRAC0_S 0 1 30813.7 14629.8 7934.01 4.11386e+06 1.76207e+07 -1.22181e+06 29374.3 -66.2185 4.05791
1010101 FRAC0_S 0 1 30726.8 14889.3 7748.65 9.53514e+06 1.34172e+07 2.44444e+06 24938.1 -54.4251 -7.20179
1010101 FRAC0_S 0 1 30575.3 15158.2 7633.04 1.25467e+07 1.41651e+07 6.0458e+06 36768.8 -47.4498 -13.2718
1010101 FRAC0_S 0 1 30370.8 15416.2 7597.43 -3.0471e+06 5.52831e+06 8.04537e+06 11332.2 -38.8218 -30.0241
1010101 FRAC0_S 0 1 30132.2 15644.8 7652.42 1.3052e+06 8.83015e+06 1.19474e+07 26084.4 -44.7887 -32.5408
1010101 FRAC0_S 0 1 29881.4 15815.2 7800.13 -6.67106e+06 2.71898e+06 1.46267e+07 29113 -14.9525 -35.2637
1010101 FRAC0_S 0 1 29628.6 15891.5 8012.03 -1.15689e+07 -8.02875e+06 6.39984e+06 11191.5 36.5596 -17.2015
1010101 FRAC0_S 0 1 29412.2 15870.1 8267.41 -1.20209e+07 -1.10648e+07 6.7305e+06 16934.5 42.3138 -15.9257