
Step FractureNumber TipNr TipActive TipX TipY TipZ KI KII KIII G Phi Psi Extension
1010000 FRAC0_S 0 1 -15000 984.872 8574.53 8.64108e+06 1.67588e+06 -1.72845e+06 7301.31 -18.1232 10.5131
1010000 FRAC0_S 0 1 -15000 913.64 8875.22 7.57702e+06 2.28854e+06 -1.55438e+06 5903.97 -25.2447 10.0053
1010000 FRAC0_S 0 1 -15000 752.975 9139.18 2.12141e+07 3.51807e+06 -411610 41228.3 -18.2182 1.26804
1010000 FRAC0_S 0 1 -15000 518.603 9340.58 2.54541e+07 2.9433e+06 84393.3 58508.1 -13.72 -0.230829
1010000 FRAC0_S 0 1 -15000 233.466 9459.7 4.51679e+07 3.58181e+06 -753084 183015 -9.76333 1.17897
1010000 FRAC0_S 0 1 -15000 -74.5244 9484.87 2.8729e+07 2.5667e+06 1.05422e+06 74282.2 -10.6672 -2.50683
1010000 FRAC0_S 0 1 -15000 -375.22 9413.64 2.4686e+07 2.06457e+06 1.53856e+06 54998 -9.84452 -4.14458
1010000 FRAC0_S 0 1 -15000 -639.186 9252.98 1.85204e+07 419597 1.45238e+06 30861.4 -2.85103 -5.38792
1010000 FRAC0_S 0 1 -15000 -840.583 9018.61 2.52244e+07 -139633 2.32215e+06 57417 0.704297 -6.31003
1010000 FRAC0_S 0 1 -15000 -959.699 8733.46 1.16904e+07 -737468 1.94536e+06 12730.1 6.9989 -9.95246
1010000 FRAC0_S 0 1 -15000 -984.872 8425.47 6.18978e+06 -1.81543e+06 1.66393e+06 4076.02 23.8181 -12.4455
1010000 FRAC0_S 0 1 -15000 -913.64 8124.78 -802736 -2.56391e+06 1.3064e+06 812.762 55.7404 -19.2266
1010000 FRAC0_S 0 1 -15000 -752.975 7860.82 -7.82433e+06 -2.97986e+06 666924 850.413 31.6442 -4.42333
1010000 FRAC0_S 0 1 -15000 -518.603 7659.42 -1.10838e+07 -2.90408e+06 23479.2 751.598 26.0101 -0.130614
1010000 FRAC0_S 0 1 -15000 -233.466 7540.3 1.9603e+07 -542984 -340542 34284.7 3.66145 1.28745
1010000 FRAC0_S 0 1 -15000 74.5244 7515.13 -1.35406e+07 -2.30741e+06 -1.05023e+06 621.129 17.8115 4.72027
1010000 FRAC0_S 0 1 -15000 375.22 7586.36 -1.20765e+07 -1.82746e+06 -1.50039e+06 597.001 15.6235 7.28418
1010000 FRAC0_S 0 1 -15000 639.186 7747.02 -7.30137e+06 -657429 -1.31508e+06 268.528 9.57288 10.3972
1010000 FRAC0_S 0 1 -15000 840.583 7981.39 -5.01031e+06 -677058 -2.2731e+06 728.057 11.401 19.582
1010000 FRAC0_S 0 1 -15000 959.699 8266.54 2.40281e+06 702650 -1.61868e+06 906.948 -19.2745 22.8517
Step FractureNumber TipNr TipActive TipX TipY TipZ KI KII KIII G Phi Psi Extension
1010101 FRAC0_S 0 1 -15034.5 1076.11 8581.12 9.90126e+06 -1.26401e+06 -1.65081e+06 9240.72 13.1268 9.4995
1010101 FRAC0_S 0 1 -15036.9 997.271 8909.56 4.84995e+07 -1.64344e+07 -5.05421e+06 237070 29.0146 5.4607
1010101 FRAC0_S 0 1 -15032.2 822.851 9199.18 2.06431e+07 -567113 -2.83356e+06 39069.6 3.26319 8.73399
1010101 FRAC0_S 0 1 -15023.9 568.034 9421.23 1.94697e+06 -163042 2.89673e+06 1456.17 4.4848 -34.0818
1010101 FRAC0_S 0 1 -15019 256.012 9552.75 3.39905e+07 -1.93248e+06 1.2534e+06 103495 7.08826 -2.59224
1010101 FRAC0_S 0 1 -15017.7 -81.7654 9580.6 3.30634e+07 -4.7489e+06 1.45575e+06 99705.8 15.9072 -2.84627
1010101 FRAC0_S 0 1 -15014.4 -411.946 9502.75 3.00977e+07 -2.78144e+06 1.13152e+06 81581.7 10.9813 -2.5585
1010101 FRAC0_S 0 1 -15006.4 -702.135 9326.96 2.76844e+07 -1.64901e+06 1.89502e+06 69016.3 7.19749 -4.61171
1010101 FRAC0_S 0 1 -14997.6 -923.401 9069.75 2.04279e+07 489592 1.81065e+06 37642.9 -2.98329 -6.00448
1010101 FRAC0_S 0 1 -14983.5 -1052 8756.59 1.36586e+07 1.32272e+06 1.50129e+06 17079.8 -10.7841 -6.83073
1010101 FRAC0_S 0 1 -14956.1 -1067.61 8422.54 6.55805e+06 2.00019e+06 11430.7 4188.97 -28.863 -0.103982
1010101 FRAC0_S 0 1 -14935.4 -978.71 8098.58 241699 -2.02937e+06 1.50464e+06 673.295 55.0252 -25.8428
1010101 FRAC0_S 0 1 -14942.4 -807.159 7804.8 -5.6201e+06 -5.62629e+06 502120 2854.32 50.9914 -3.27337
1010101 FRAC0_S 0 1 -14963.3 -564.319 7583.16 3.28113e+07 1.08341e+07 2.2631e+06 107075 -29.1405 -3.76489
1010101 FRAC0_S 0 1 -14978.2 -255.261 7448.96 -1.51917e+07 -1.42349e+07 521308 18092.7 50.7299 -1.34776
1010101 FRAC0_S 0 1 -14976.4 81.3655 7421.14 -1.47746e+07 -5.64124e+06 -693131 2899.7 32.4147 2.52561
1010101 FRAC0_S 0 1 -14974.7 411.262 7499.29 -1.24437e+07 -4.69047e+06 -1.86111e+06 2421.15 30.3018 7.32546
1010101 FRAC0_S 0 1 -14980 701.096 7674.3 -1.06275e+07 -6.00395e+06 -3.05848e+06 4456.31 36.181 11.3197
1010101 FRAC0_S 0 1 -14994.2 921.177 7931.29 -4.73128e+06 -3.46909e+06 -5.07178e+06 4493.55 31.8109 24.9877
1010101 FRAC0_S 0 1 -15019.3 1050.1 8244.3 2.372e+06 316024 -1.97372e+06 1028.37 -9.16906 27.1087