
Step FractureNumber TipNr TipActive TipX TipY TipZ KI KII KIII G Phi Psi Extension
1010000 FRAC0_S 0 1 -30000 15987.2 8471.27 -7.71054e+06 1.62548e+07 748963 23619.1 -61.7986 -2.33347
1010000 FRAC0_S 0 1 -30000 15947.8 8777.76 -6.95727e+06 1.33319e+07 3.62154e+06 17582.8 -56.2979 -11.0569
1010000 FRAC0_S 0 1 -30000 15815.6 9057.06 -6.30452e+06 1.12918e+07 6.4805e+06 16947.5 -50.262 -18.6037
1010000 FRAC0_S 0 1 -30000 15603.5 9281.83 -4.25023e+06 5.50114e+06 5.84826e+06 7245.58 -40.6653 -24.6039
1010000 FRAC0_S 0 1 -30000 15332.4 9430.08 -5.1852e+06 2.97958e+06 8.40599e+06 10189 -22.9101 -31.0758
1010000 FRAC0_S 0 1 -30000 15028.7 9487.27 -5.124e+06 -991934 8.9704e+06 10789.9 8.90246 -34.7118
1010000 FRAC0_S 0 1 -30000 14722.2 9447.82 -3.84907e+06 -3.93487e+06 6.28704e+06 6636.79 33.6761 -28.2631
1010000 FRAC0_S 0 1 -30000 14442.9 9315.6 -5.54229e+06 -8.81009e+06 6.73807e+06 12954.9 46.2672 -21.5515
1010000 FRAC0_S 0 1 -30000 14218.2 9103.54 -5.94934e+06 -1.19359e+07 4.68415e+06 15613.4 54.4615 -14.767
1010000 FRAC0_S 0 1 -30000 14070 8832.4 -7.52742e+06 -1.2813e+07 2.32839e+06 15350.5 56.768 -7.66349
1010000 FRAC0_S 0 1 -30000 14012.8 8528.73 -7.51057e+06 -1.52633e+07 -1.15453e+06 20937 60.8205 3.68664
1010000 FRAC0_S 0 1 -30000 14052.2 8222.24 -8.0747e+06 -1.35837e+07 -3.36612e+06 17949.2 55.3687 9.89493
1010000 FRAC0_S 0 1 -30000 14184.4 7942.94 -7.1721e+06 -1.10615e+07 -6.17821e+06 15979.8 49.0646 17.6268
1010000 FRAC0_S 0 1 -30000 14396.5 7718.17 -8.70041e+06 -9.20816e+06 -7.76216e+06 15569.1 41.2116 20.568
1010000 FRAC0_S 0 1 -30000 14653.8 7574.86 -7.909e+06 -3.25492e+06 -8.40019e+06 10329 21.3545 27.4069
1010000 FRAC0_S 0 1 -30000 14971.3 7512.73 -1.18835e+07 1.06503e+06 -1.26527e+07 21393.1 -5.70296 30.4889
1010000 FRAC0_S 0 1 -30000 15277.8 7552.18 -7.95746e+06 3.74845e+06 -8.93563e+06 11871.5 -23.1152 27.5817
1010000 FRAC0_S 0 1 -30000 15557.1 7684.4 -1.20163e+07 1.27206e+07 -9.86584e+06 27364.7 -42.0065 19.5565
1010000 FRAC0_S 0 1 -30000 15781.8 7896.46 -7.53985e+06 1.11002e+07 -4.90748e+06 14182.8 -50.4405 14.8224
1010000 FRAC0_S 0 1 -30000 15930 8167.6 -8.81898e+06 1.51011e+07 -2.55866e+06 21191.6 -57.0757 7.22905
Step FractureNumber TipNr TipActive TipX TipY TipZ KI KII KIII G Phi Psi Extension
1010101 FRAC0_S 0 1 -30085.8 16037 8469.92 6.70518e+06 9.98018e+06 832138 12974.1 -57.0405 -3.63079
1010101 FRAC0_S 0 1 -30082.8 15999.5 8794.24 5.74555e+06 8.91035e+06 2.76912e+06 11036.3 -53.2858 -11.5621
1010101 FRAC0_S 0 1 -30075.5 15866.9 9094.01 3.79034e+06 8.37403e+06 4.59672e+06 10339.3 -52.4728 -18.9094
1010101 FRAC0_S 0 1 -30061.5 15647.7 9342.56 1.32285e+06 6.91222e+06 6.43441e+06 9919.92 -50.4257 -27.8639
1010101 FRAC0_S 0 1 -30031.8 15360.2 9513.15 -403939 4.94632e+06 5.9794e+06 6935.35 -47.7792 -31.974
1010101 FRAC0_S 0 1 -29988.1 15032.1 9578.3 -2.13104e+06 -1.5516e+06 8.6728e+06 10218.5 16.4773 -38.4916
1010101 FRAC0_S 0 1 -29950.3 14701.5 9526.72 376079 -5.64069e+06 7.47037e+06 10270.1 46.3078 -33.0792
1010101 FRAC0_S 0 1 -29929.6 14406.1 9372.99 3.56133e+06 -7.82646e+06 5.4972e+06 10607.6 49.8529 -21.8964
1010101 FRAC0_S 0 1 -29920.3 14172.6 9140.18 6.02913e+06 -8.76654e+06 3.40993e+06 11634 51.1832 -13.4518
1010101 FRAC0_S 0 1 -29916 14020.5 8850.86 6.90371e+06 -9.03223e+06 1.10721e+06 11679.8 54.5345 -4.92799
1010101 FRAC0_S 0 1 -29914.8 13961.8 8530.05 7.27285e+06 -9.57232e+06 -1.03849e+06 13021.9 54.8808 4.41814
1010101 FRAC0_S 0 1 -29918.2 13999.2 8205.36 6.97655e+06 -1.21001e+07 -4.18042e+06 19708.2 53.8905 12.9542
1010101 FRAC0_S 0 1 -29925.2 14132.2 7905.58 3.43026e+06 -1.04049e+07 -4.0555e+06 12883.3 57.7449 15.9855
1010101 FRAC0_S 0 1 -29939.1 14352.1 7657.23 -1.08699e+06 -1.03204e+07 -8.88365e+06 19987.3 53.098 27.8239
1010101 FRAC0_S 0 1 -29967.9 14639.7 7486.33 -5.39503e+06 -6.32406e+06 -1.08995e+07 19364.1 33.6713 29.9239
1010101 FRAC0_S 0 1 -30005.7 14968.5 7419.01 -8.24662e+06 1.56252e+06 -1.20483e+07 19524 -9.65043 32.9684
1010101 FRAC0_S 0 1 -30038.9 15300.5 7467.84 -4.61619e+06 9.36785e+06 -1.03058e+07 21945.9 -43.5819 27.1536
1010101 FRAC0_S 0 1 -30062.6 15597.1 7621.92 1.3711e+06 1.41724e+07 -8.27493e+06 27173 -58.5193 23.1155
1010101 FRAC0_S 0 1 -30076.2 15830.3 7857.09 4.80876e+06 1.26581e+07 -4.47237e+06 18998.7 -57.4727 14.5292
1010101 FRAC0_S 0 1 -30083.2 15980 8148.37 8.05678e+06 1.43142e+07 -2.05128e+06 24602.3 -58.0088 6.31858