
Step FractureNumber TipNr TipActive TipX TipY TipZ KI KII KIII G Phi Psi Extension
1010000 FRAC0_S 0 1 -29609.6 -14584.1 7693.69 1.41966e+07 2.46073e+06 5.12672e+06 21994.7 -14.9212 -16.529
1010000 FRAC0_S 0 1 -29846.7 -14391 7737.68 1.37615e+07 -72315.5 5.32948e+06 20653.6 0.527314 -19.1401
1010000 FRAC0_S 0 1 -30098.9 -14257.5 7856.29 1.29946e+07 -2.81911e+06 4.60702e+06 18578.1 17.9931 -15.9176
1010000 FRAC0_S 0 1 -30341.4 -14196.5 8037.91 8.63643e+06 -3.4883e+06 2.23544e+06 8395.47 29.8776 -11.3425
1010000 FRAC0_S 0 1 -30550.5 -14214.4 8264.77 -6.46715e+06 -73875 -2.00055e+06 532.778 1.20561 16.4584
1010000 FRAC0_S 0 1 -30705.6 -14309 8514.65 2.49365e+07 -8.35777e+06 -6.02919e+06 66470.6 26.5933 11.1834
1010000 FRAC0_S 0 1 -30791.7 -14471.3 8763.09 5.30756e+06 -1.12344e+06 -3.93941e+06 4686.73 14.3449 24.8679
1010000 FRAC0_S 0 1 -30800.3 -14685.4 8985.79 1.94459e+06 3.44762e+06 -4.20915e+06 3752.49 -41.2452 27.8523
1010000 FRAC0_S 0 1 -30730.6 -14930.2 9160.93 -588413 8.78295e+06 -3.50823e+06 8510.88 -62.9181 18.7977
1010000 FRAC0_S 0 1 -30589.4 -15181.9 9271.37 -1.52217e+06 9.65188e+06 -1.2469e+06 8508.16 -66.521 7.49764
1010000 FRAC0_S 0 1 -30390.4 -15415.9 9306.31 -1.74534e+06 9.81933e+06 1.06884e+06 8743.87 -66.5266 -6.36289
1010000 FRAC0_S 0 1 -30153.3 -15609 9262.32 -1.09899e+06 8.87746e+06 3.1999e+06 8384.54 -62.5489 -16.9962
1010000 FRAC0_S 0 1 -29901.1 -15742.5 9143.71 -139212 4.8151e+06 3.05298e+06 3305.68 -58.8749 -24.9422
1010000 FRAC0_S 0 1 -29658.6 -15803.5 8962.09 2.3804e+06 4.57781e+06 4.04701e+06 4550.65 -46.1234 -24.2208
1010000 FRAC0_S 0 1 -29451.9 -15786.4 8738.32 2.87479e+06 1.88198e+06 2.42813e+06 1836.2 -31.8683 -22.5911
1010000 FRAC0_S 0 1 -29294.4 -15691 8485.35 -4.02873e+06 -1.04209e+06 4.8793e+06 3263.17 13.8946 -30.3138
1010000 FRAC0_S 0 1 -29208.3 -15528.7 8236.91 1.0124e+07 3.67527e+06 2.38112e+06 11091.1 -28.1885 -10.7639
1010000 FRAC0_S 0 1 -29199.7 -15314.6 8014.21 1.16199e+07 -523035 5.29793e+06 15789.3 4.13551 -20.6487
1010000 FRAC0_S 0 1 -29269.4 -15069.8 7839.07 3.29546e+07 7.86968e+06 6.17265e+06 107361 -21.4803 -9.67536
1010000 FRAC0_S 0 1 -29410.6 -14818.1 7728.63 9.91353e+06 3.18155e+06 3.04377e+06 10891.7 -24.8787 -13.5369
Step FractureNumber TipNr TipActive TipX TipY TipZ KI KII KIII G Phi Psi Extension
1010101 FRAC0_S 0 1 -29586.4 -14557.6 7603.87 1.31296e+07 -267156 4.01271e+06 17509.3 2.13188 -16.2251
1010101 FRAC0_S 0 1 -29830.7 -14331.1 7664.88 1.53327e+07 518774 4.74667e+06 23969.6 -3.48156 -16.2221
1010101 FRAC0_S 0 1 -30091 -14172.4 7812.1 1.11172e+07 1.67026e+06 3.51486e+06 12905.1 -13.609 -15.2831
1010101 FRAC0_S 0 1 -30353.5 -14104.4 8015.32 1.31964e+07 157930 4.03177e+06 17682.2 -1.26594 -16.3133
1010101 FRAC0_S 0 1 -30587.4 -14127.1 8257.3 -1.1845e+07 -791574 4.09091e+06 2281.67 6.4683 -17.1021
1010101 FRAC0_S 0 1 -30754 -14228.1 8532.6 7.72652e+06 -1.28248e+06 -2.35748e+06 6205.52 14.9051 14.7581
1010101 FRAC0_S 0 1 -30857.6 -14419.7 8789.67 5.32641e+06 -91751.3 -3.1355e+06 3836.42 1.49366 24.158
1010101 FRAC0_S 0 1 -30886.9 -14688 8990.04 4.81745e+06 1.05594e+06 -3.13754e+06 3476.68 -15.4446 23.1582
1010101 FRAC0_S 0 1 -30817.1 -14973 9144.73 5.20785e+06 4.30828e+06 -2.28049e+06 4762.5 -41.7932 13.8455
1010101 FRAC0_S 0 1 -30666.2 -15241.6 9250.11 5.92554e+06 3.2248e+06 -800369 4140.71 -38.019 6.06031
1010101 FRAC0_S 0 1 -30458.6 -15485.7 9286.72 8.39276e+06 4.23341e+06 730257 7944.7 -37.3416 -4.16597
1010101 FRAC0_S 0 1 -30210.7 -15688.3 9245.45 6.83136e+06 3.90842e+06 1.98571e+06 6044.18 -36.3955 -11.3677
1010101 FRAC0_S 0 1 -29942.3 -15831.1 9129.63 6.5498e+06 4.31806e+06 4.58747e+06 8283.29 -33.6504 -20.2447
1010101 FRAC0_S 0 1 -29674.3 -15899 8951 5.26535e+06 724331 2.97111e+06 3691.29 -10.8593 -22.2344
1010101 FRAC0_S 0 1 -29424.8 -15872.7 8730.92 2.11831e+07 -1.29234e+06 3.132e+06 41439.2 6.88717 -9.04639
1010101 FRAC0_S 0 1 -29237.7 -15761.1 8476.32 7.75166e+06 1.25867e+06 2.7179e+06 6478.1 -14.2185 -16.3035
1010101 FRAC0_S 0 1 -29144.5 -15586.3 8203.42 1.11271e+07 1.82279e+06 1.94553e+06 11832.5 -16.0839 -9.62477
1010101 FRAC0_S 0 1 -29134.4 -15353.9 7958.23 1.24327e+07 1.95303e+06 2.01564e+06 14654.1 -15.6782 -9.0874
1010101 FRAC0_S 0 1 -29216.8 -15092.4 7762.36 1.41337e+07 1.20334e+06 3.7776e+06 19827.6 -8.53612 -14.1262
1010101 FRAC0_S 0 1 -29377.9 -14822.3 7636.76 8.58427e+06 2.5111e+06 2.60221e+06 8028.99 -23.3128 -13.6271