
Step FractureNumber TipNr TipActive TipX TipY TipZ KI KII KIII G Phi Psi Extension
1010000 FRAC0_S 0 1 -30000 984.872 8574.53 -382794 4.13824e+06 5.01136e+06 4866.14 -47.5849 -31.8855
1010000 FRAC0_S 0 1 -30000 913.64 8875.22 928238 1.53019e+06 4.58839e+06 3085.52 -27.0997 -36.7971
1010000 FRAC0_S 0 1 -30000 752.975 9139.18 -1.85938e+07 -21251.2 4.89105e+06 3181.71 0.126513 -14.8012
1010000 FRAC0_S 0 1 -30000 518.603 9340.58 3.83332e+06 -2.73742e+06 4.73803e+06 4962.86 29.787 -26.887
1010000 FRAC0_S 0 1 -30000 233.466 9459.7 -9.56495e+06 -3.88331e+06 4.03627e+06 3510.56 27.641 -16.2476
1010000 FRAC0_S 0 1 -30000 -74.5244 9484.87 4.6537e+06 -5.98579e+06 2.83649e+06 6192.71 48.3747 -14.9558
1010000 FRAC0_S 0 1 -30000 -375.22 9413.64 4.20592e+06 -7.24393e+06 1.42397e+06 6522.03 56.613 -8.2238
1010000 FRAC0_S 0 1 -30000 -639.186 9252.98 2.73085e+06 -5.75429e+06 -125502 3617.24 62.2972 1.12985
1010000 FRAC0_S 0 1 -30000 -840.583 9018.61 2.01731e+06 -6.87405e+06 -1.87681e+06 5041.79 60.8456 12.5923
1010000 FRAC0_S 0 1 -30000 -959.699 8733.46 243998 -5.90533e+06 -3.42436e+06 4672.42 59.7226 23.6774
1010000 FRAC0_S 0 1 -30000 -984.872 8425.47 -1.28371e+06 -3.95719e+06 -4.74941e+06 4395.48 44.4715 29.6231
1010000 FRAC0_S 0 1 -30000 -913.64 8124.78 -3.06409e+06 -1.63723e+06 -5.1265e+06 3734.24 21.3801 31.708
1010000 FRAC0_S 0 1 -30000 -752.975 7860.82 -3.57085e+07 1.14493e+06 -4.46945e+06 2773.62 -3.82525 8.05038
1010000 FRAC0_S 0 1 -30000 -518.603 7659.42 -5.7652e+06 2.78049e+06 -4.57639e+06 3474.39 -26.5222 23.1891
1010000 FRAC0_S 0 1 -30000 -233.466 7540.3 -2.91351e+07 4.01301e+06 -3.63407e+06 3191.52 -14.4411 7.38426
1010000 FRAC0_S 0 1 -30000 74.5244 7515.13 -6.45242e+06 6.0718e+06 -2.63973e+06 4211.97 -44.8344 12.5782
1010000 FRAC0_S 0 1 -30000 375.22 7586.36 -6.23004e+06 7.35892e+06 -1.35766e+06 5070.79 -51.9602 6.81275
1010000 FRAC0_S 0 1 -30000 639.186 7747.02 -7.17135e+06 6.97947e+06 -239173 4348.43 -51.4359 1.28731
1010000 FRAC0_S 0 1 -30000 840.583 7981.39 -2.71436e+07 7.64036e+06 1.50389e+06 5502.6 -26.3737 -3.1759
1010000 FRAC0_S 0 1 -30000 959.699 8266.54 8.50869e+06 5.00742e+06 2.82629e+06 9748.13 -36.325 -12.5025
Step FractureNumber TipNr TipActive TipX TipY TipZ KI KII KIII G Phi Psi Extension
1010101 FRAC0_S 0 1 -30063.1 1058.66 8580.77 2.95484e+06 2.7715e+06 4.36849e+06 4000.63 -33.1602 -27.5743
1010101 FRAC0_S 0 1 -30041.2 990.686 8909.58 3.81677e+06 464243 5.40388e+06 5201.19 -6.55003 -33.2478
1010101 FRAC0_S 0 1 -29998.9 823.071 9198.46 2.87405e+07 817797 1.127e+06 73834.8 -3.68144 -2.82024
1010101 FRAC0_S 0 1 -29963.5 565.681 9415.21 6.1115e+06 -161615 4.27284e+06 5758.83 2.12904 -26.1856
1010101 FRAC0_S 0 1 -29945.7 254.075 9537.76 2.8095e+07 8.81038e+06 3.2215e+06 78634.2 -27.3643 -6.04937
1010101 FRAC0_S 0 1 -29930.2 -77.022 9552.24 2.98684e+06 3.42072e+06 2.98604e+06 3023.56 -41.699 -21.4601
1010101 FRAC0_S 0 1 -29917.5 -394.446 9464.51 8.76963e+06 722197 1.00825e+06 7034.82 -9.29807 -7.18551
1010101 FRAC0_S 0 1 -29913.1 -669.819 9289.82 5.41388e+06 5.0378e+06 2.5865e+06 5763.15 -43.6437 -14.1749
1010101 FRAC0_S 0 1 -29912.6 -881.083 9043.24 8.86945e+06 3.20167e+06 -528152 7960.56 -31.0559 3.21172
1010101 FRAC0_S 0 1 -29917.5 -1012.35 8744.47 8.02203e+06 -1.80834e+06 -7.23227e+06 12982.6 14.0513 27.1327
1010101 FRAC0_S 0 1 -29934.2 -1054.24 8416.92 4.10386e+06 -2.76083e+06 -1.15178e+07 19823.7 19.4474 35.9168
1010101 FRAC0_S 0 1 -29965.9 -993.517 8089.6 -378826 -1.96334e+06 -4.50022e+06 3037.01 34.408 37.0257
1010101 FRAC0_S 0 1 -30005.4 -824.287 7800.65 -1.91903e+07 2.49826e+06 -6.34703e+06 5914.03 -11.9196 15.9672
1010101 FRAC0_S 0 1 -30030.2 -566.832 7581.68 -3.84459e+06 1.38441e+07 -8.47539e+06 26632.3 -54.4794 21.804
1010101 FRAC0_S 0 1 -30041.2 -255.319 7456.54 -1.72085e+07 1.00098e+07 -4.09895e+06 11163 -37.5963 9.6437
1010101 FRAC0_S 0 1 -30061.1 77.3294 7441.99 -1.15969e+06 5.65409e+06 -3.44947e+06 4431.27 -55.882 22.488
1010101 FRAC0_S 0 1 -30076.6 398.348 7528.3 2.27245e+06 7.12086e+06 -1.42094e+06 5247.17 -61.835 9.67911
1010101 FRAC0_S 0 1 -30069.9 684.271 7697.26 2.98286e+06 8.20122e+06 -61635 6786.9 -64.8696 0.426507
1010101 FRAC0_S 0 1 -30056.6 908.364 7941.24 2.4306e+06 7.74142e+06 1.83764e+06 6315.9 -61.1583 -11.1624
1010101 FRAC0_S 0 1 -30059.2 1034.72 8246.53 2.59176e+06 5.85155e+06 3.37404e+06 5163.85 -52.16 -19.5801