
Step FractureNumber TipNr TipActive TipX TipY TipZ KI KII KIII G Phi Psi Extension
1010000 FRAC0_S 0 1 44353.4 -14253.5 8500 476241 1.53769e+06 -672787 291.111 -57.1969 17.4629
1010000 FRAC0_S 0 1 44154.3 -14489.9 8500 456263 1.63529e+06 -286422 267.757 -63.172 8.91618
1010000 FRAC0_S 0 1 44038 -14776.2 8500 446306 1.54184e+06 87882.9 230.615 -65.3653 -3.24278
1010000 FRAC0_S 0 1 44016 -15084.3 8500 464471 1.34027e+06 -51553.6 179.648 -64.5907 2.14078
1010000 FRAC0_S 0 1 44090.2 -15384.3 8500 574746 1.39869e+06 889800 309.066 -51.6857 -21.0529
1010000 FRAC0_S 0 1 44247.3 -15639.6 8500 560965 988575 1.12136e+06 282.367 -42.2283 -26.9309
1010000 FRAC0_S 0 1 44489.8 -15845.7 8500 419103 360422 1.12922e+06 196.82 -23.9399 -34.5952
1010000 FRAC0_S 0 1 44776.2 -15961.9 8500 381955 -153838 1.09177e+06 173.64 12.6074 -37.4733
1010000 FRAC0_S 0 1 45084.4 -15984 8500 422306 -623075 1.07574e+06 204.395 35.0846 -31.0703
1010000 FRAC0_S 0 1 45384.3 -15909.9 8500 349236 -1.09556e+06 829535 209.345 51.1961 -24.0594
1010000 FRAC0_S 0 1 45646.6 -15746.5 8500 249576 -850310 150870 73.0067 62.8247 -8.92844
1010000 FRAC0_S 0 1 45845.7 -15510.1 8500 303644 -1.40165e+06 229225 190.271 64.6888 -8.77905
1010000 FRAC0_S 0 1 45962 -15223.8 8500 254675 -1.93043e+06 -538117 376.367 64.0673 14.1245
1010000 FRAC0_S 0 1 45984 -14915.7 8500 320693 -1.64209e+06 -417111 272.587 63.2723 12.6569
1010000 FRAC0_S 0 1 45909.8 -14615.7 8500 316157 -1.23214e+06 -651050 200.566 56.4622 20.1978
1010000 FRAC0_S 0 1 45746.5 -14353.4 8500 256752 -614667 -667889 98.8695 44.7423 27.6308
1010000 FRAC0_S 0 1 45510.2 -14154.3 8500 291803 -335931 -814484 105.874 28.8119 33.5251
1010000 FRAC0_S 0 1 45223.8 -14038.1 8500 330791 961150 -1.11091e+06 256.209 -44.8003 29.008
1010000 FRAC0_S 0 1 44915.6 -14016 8500 430999 695378 -1.19389e+06 249.216 -35.6704 31.3977
1010000 FRAC0_S 0 1 44615.7 -14090.1 8500 458666 1.62152e+06 -854226 350.097 -55.9876 19.9098
Step FractureNumber TipNr TipActive TipX TipY TipZ KI KII KIII G Phi Psi Extension
1010101 FRAC0_S 0 1 44320.5 -14214.3 8414.94 1.96635e+06 395164 -278898 368.808 -19.3845 7.8707
1010101 FRAC0_S 0 1 44116 -14465.6 8411.64 2.1438e+06 259845 73526.2 416.276 -13.9152 -2.28608
1010101 FRAC0_S 0 1 43997.4 -14766.5 8409.66 2.00304e+06 -239917 355157 379.43 12.3311 -10.0458
1010101 FRAC0_S 0 1 43970.2 -15089.8 8412.5 1.7263e+06 35973 561168 307.557 -2.15079 -16.9139
1010101 FRAC0_S 0 1 44037 -15409.4 8421.38 1.42394e+06 187797 694270 247.931 -10.9371 -20.4922
1010101 FRAC0_S 0 1 44199.4 -15696.5 8436.63 1.13776e+06 267802 828663 213.072 -15.7752 -24.3902
1010101 FRAC0_S 0 1 44446.7 -15920.8 8468.36 1.07407e+06 180403 594290 152.672 -12.9947 -21.6634
1010101 FRAC0_S 0 1 44755 -16049.4 8515.13 548183 780832 940144 198.663 -39.8862 -26.6518
1010101 FRAC0_S 0 1 45088.4 -16063 8553.68 1.08228e+06 -581169 833927 226.969 28.7888 -22.3662
1010101 FRAC0_S 0 1 45405.7 -15967.7 8575.58 1.30959e+06 -487598 343023 189.662 28.2624 -11.6538
1010101 FRAC0_S 0 1 45676.9 -15783.8 8586.57 1.73233e+06 -404027 102877 283.369 22.9815 -3.51392
1010101 FRAC0_S 0 1 45882.2 -15532.3 8589.93 891212 203973 24055.4 74.5608 -23.1891 -1.66118
1010101 FRAC0_S 0 1 46003.6 -15233.3 8589.9 1.24381e+06 -127820 -290130 150.51 10.3544 12.6123
1010101 FRAC0_S 0 1 46029.9 -14910.8 8587.97 1.12351e+06 -69196.9 -354689 129.64 6.12057 16.1451
1010101 FRAC0_S 0 1 45960 -14592.4 8581.6 1.19445e+06 -221738 -400303 152.827 16.0467 15.5864
1010101 FRAC0_S 0 1 45797.5 -14306 8568.08 871559 -221686 -508376 106.442 18.0368 21.4335
1010101 FRAC0_S 0 1 45566.1 -14097.4 8527.96 750713 -228078 -760839 131.846 17.1518 27.8015
1010101 FRAC0_S 0 1 45241.5 -13964.5 8462.24 778332 21298.4 -1.11026e+06 217.97 -1.55252 34.1912
1010101 FRAC0_S 0 1 44910.7 -13945.2 8432.51 1.14473e+06 399126 -968393 255.691 -20.4753 25.1632
1010101 FRAC0_S 0 1 44594.2 -14033.9 8422.96 1.82395e+06 597821 -668759 387.779 -24.4619 15.3332