
Step FractureNumber TipNr TipActive TipX TipY TipZ KI KII KIII G Phi Psi Extension
1010000 FRAC0_S 0 1 802.035 29671.9 8026.05 -1.38404e+07 457821 8.69043e+06 10063.3 -2.76034 -24.7705
1010000 FRAC0_S 0 1 736.756 29915.6 7847.62 -1.62134e+07 -3.81783e+06 9.35801e+06 12946 17.0055 -21.4906
1010000 FRAC0_S 0 1 599.358 30167.6 7733.05 -1.80287e+07 -8.85563e+06 9.38755e+06 18709 30.0079 -17.9768
1010000 FRAC0_S 0 1 403.291 30403.1 7693.56 -1.6813e+07 -1.18096e+07 6.75434e+06 18495.6 38.9346 -13.6892
1010000 FRAC0_S 0 1 167.748 30599.2 7733 -1.87442e+07 -1.69451e+07 4.21156e+06 27945.9 46.8305 -7.86528
1010000 FRAC0_S 0 1 -84.2162 30736.7 7847.53 -1.78176e+07 -1.62202e+07 579237 23489 50.2301 -1.29591
1010000 FRAC0_S 0 1 -327.937 30802 8025.92 -1.51466e+07 -1.31455e+07 -2.58241e+06 16285.5 46.9183 6.29323
1010000 FRAC0_S 0 1 -539.557 30788.8 8250.72 -1.78638e+07 -1.37066e+07 -6.15963e+06 21787.3 41.6212 11.8544
1010000 FRAC0_S 0 1 -698.361 30698.4 8499.92 -1.64143e+07 -8.76189e+06 -8.00305e+06 15359.5 32.0893 16.8942
1010000 FRAC0_S 0 1 -788.805 30539.7 8749.13 -1.59362e+07 -4.37336e+06 -9.06937e+06 12644 19.2893 20.934
1010000 FRAC0_S 0 1 -803.905 30344.5 8959.46 -1.65957e+07 321078 -9.95013e+06 13176.9 -1.6631 24.361
1010000 FRAC0_S 0 1 -736.756 30084.4 9152.38 -1.49728e+07 4.3356e+06 -8.55357e+06 11405.8 -20.0904 20.8356
1010000 FRAC0_S 0 1 -599.358 29832.4 9266.95 -1.51724e+07 8.62151e+06 -7.47517e+06 14055.4 -33.2793 16.7607
1010000 FRAC0_S 0 1 -403.291 29596.9 9306.44 -1.49568e+07 1.12285e+07 -5.1084e+06 14705.6 -41.2213 11.8534
1010000 FRAC0_S 0 1 -167.748 29400.8 9267 -1.46276e+07 1.31159e+07 -2.50795e+06 16165.8 -47.5404 6.23967
1010000 FRAC0_S 0 1 84.2162 29263.3 9152.47 -1.47184e+07 1.37409e+07 297846 16836.9 -50.9134 -0.804327
1010000 FRAC0_S 0 1 327.937 29198 8974.08 -1.50576e+07 1.31809e+07 3.15131e+06 16802.3 -46.4446 -7.49804
1010000 FRAC0_S 0 1 539.557 29211.2 8749.28 -1.47951e+07 1.06283e+07 5.68067e+06 14357.9 -39.6651 -13.1448
1010000 FRAC0_S 0 1 698.361 29301.6 8500.08 -1.21854e+07 6.50185e+06 5.94486e+06 8467.44 -32.077 -16.9028
1010000 FRAC0_S 0 1 788.805 29460.3 8250.87 -1.693e+07 4.98941e+06 9.7864e+06 14956.2 -20.2977 -20.9317
Step FractureNumber TipNr TipActive TipX TipY TipZ KI KII KIII G Phi Psi Extension
1010101 FRAC0_S 0 1 876.973 29638.3 7978.2 -1.5913e+07 614768 1.1174e+07 16639.8 -3.07247 -26.0934
1010101 FRAC0_S 0 1 820.803 29921.9 7802.21 -1.47272e+07 -9.15569e+06 1.12299e+07 24242.6 31.7457 -21.5708
1010101 FRAC0_S 0 1 679.136 30208.5 7695.49 -8.7234e+06 -1.35589e+07 8.05699e+06 25016.1 48.5864 -18.3866
1010101 FRAC0_S 0 1 471.102 30468.9 7667.59 -4.74221e+06 -1.94638e+07 6.38987e+06 39188.7 60.7333 -14.8507
1010101 FRAC0_S 0 1 221.353 30681.1 7721.22 -466334 -1.57616e+07 2.29813e+06 22840 68.4413 -9.16797
1010101 FRAC0_S 0 1 -46.4509 30828.1 7848.18 -752008 -1.72781e+07 -788841 26684.9 69.5307 3.21158
1010101 FRAC0_S 0 1 -309.083 30898.3 8036.01 -1.49154e+06 -1.85258e+07 -3.46174e+06 32177 66.8846 10.7829
1010101 FRAC0_S 0 1 -543.237 30884.9 8270.47 -4.7103e+06 -1.74094e+07 -6.09228e+06 31944.4 59.7367 15.305
1010101 FRAC0_S 0 1 -727.677 30785.9 8530.84 -1.00031e+07 -1.55899e+07 -9.04308e+06 32534.1 48.8332 18.1154
1010101 FRAC0_S 0 1 -844.978 30605.6 8789.81 -1.37821e+07 -8.0454e+06 -9.88211e+06 18756.2 31.0147 21.1032
1010101 FRAC0_S 0 1 -880.006 30358.6 9018.37 -1.35357e+07 1.15891e+06 -9.66199e+06 12535.8 -6.50284 25.7487
1010101 FRAC0_S 0 1 -823.013 30074.9 9193.36 -9.79256e+06 6.91021e+06 -6.87319e+06 10538.1 -35.0209 19.9349
1010101 FRAC0_S 0 1 -680.225 29789.4 9299.95 -6.42298e+06 1.33127e+07 -6.84065e+06 22016.4 -52.5646 17.8906
1010101 FRAC0_S 0 1 -471.788 29530.2 9328.89 -2.83264e+06 1.3188e+07 -3.90525e+06 17526.6 -61.9959 14.0196
1010101 FRAC0_S 0 1 -221.827 29318.9 9276.96 83769.5 1.59829e+07 -1.39887e+06 23024.3 -69.4956 6.03559
1010101 FRAC0_S 0 1 46.2419 29172.1 9151.16 363803 1.59675e+07 1.23989e+06 22935.9 -69.4169 -5.33964
1010101 FRAC0_S 0 1 309.896 29101.6 8964.55 -1.08913e+06 1.46318e+07 3.11261e+06 20366.1 -66.5159 -11.9897
1010101 FRAC0_S 0 1 544.729 29114.9 8730.71 -3.38412e+06 1.46072e+07 5.83226e+06 23537.4 -59.5238 -17.1175
1010101 FRAC0_S 0 1 728.006 29213.9 8469.47 -8.86887e+06 1.31549e+07 7.97577e+06 23881.1 -47.9305 -18.4048
1010101 FRAC0_S 0 1 843.138 29393 8208.68 -1.29144e+07 8.50486e+06 9.94008e+06 19586.6 -32.8202 -21.4083