
Step FractureNumber TipNr TipActive TipX TipY TipZ KI KII KIII G Phi Psi Extension
1010000 FRAC0_S 0 1 -45000 -29019.2 8617.02 505862 -316205 161743 35.192 37.766 -11.9316
1010000 FRAC0_S 0 1 -45000 -29103.5 8914.36 352028 -275688 47238.7 18.1123 45.5051 -5.29742
1010000 FRAC0_S 0 1 -45000 -29275.4 9171.13 474304 -373620 -27181.3 32.5839 47.0124 2.39089
1010000 FRAC0_S 0 1 -45000 -29518.2 9362.22 549539 -388012 -122799 42.332 41.8567 8.59058
1010000 FRAC0_S 0 1 -45000 -29808.3 9468.89 487686 -338703 -137262 33.9223 40.5594 10.4407
1010000 FRAC0_S 0 1 -45000 -30117.1 9480.74 429962 -123678 -176508 21.9802 21.7058 16.9275
1010000 FRAC0_S 0 1 -45000 -30414.4 9396.57 622405 -100470 -253874 43.9918 13.66 18.0442
1010000 FRAC0_S 0 1 -45000 -30671.2 9224.65 550914 -35694.6 -334629 42.0519 5.31941 23.9785
1010000 FRAC0_S 0 1 -45000 -30862.2 8981.79 577425 125780 -216788 37.3714 -17.8321 16.5476
1010000 FRAC0_S 0 1 -45000 -30968.9 8691.77 606127 209541 -193785 41.6452 -26.0448 13.7576
1010000 FRAC0_S 0 1 -45000 -30980.8 8382.98 600774 270262 -152787 41.7759 -32.0785 10.9052
1010000 FRAC0_S 0 1 -45000 -30896.5 8085.64 634751 329411 -106559 47.0829 -36.4459 7.43577
1010000 FRAC0_S 0 1 -45000 -30724.6 7828.87 483524 274348 -40104.5 27.7545 -39.8586 3.83675
1010000 FRAC0_S 0 1 -45000 -30481.8 7637.78 640508 381519 23609.2 49.6021 -41.7625 -1.74432
1010000 FRAC0_S 0 1 -45000 -30191.7 7531.11 554226 577375 145099 59.8776 -48.9971 -8.43858
1010000 FRAC0_S 0 1 -45000 -29882.9 7519.26 615815 306545 174701 46.226 -33.6539 -11.5842
1010000 FRAC0_S 0 1 -45000 -29585.6 7603.43 650226 208143 252457 50.0124 -23.775 -16.0225
1010000 FRAC0_S 0 1 -45000 -29328.8 7775.35 517009 39827.8 303899 36.2434 -6.32818 -23.4256
1010000 FRAC0_S 0 1 -45000 -29137.8 8018.21 606428 -65256.4 309811 45.9158 8.99871 -21.3329
1010000 FRAC0_S 0 1 -45000 -29031.1 8308.23 440452 -207904 180110 25.4533 30.7247 -15.3977
Step FractureNumber TipNr TipActive TipX TipY TipZ KI KII KIII G Phi Psi Extension
1010101 FRAC0_S 0 1 -44938.7 -28943 8624.88 868839 314248 156919 79.3421 -28.982 -8.68154
1010101 FRAC0_S 0 1 -44930.8 -29039.5 8942.98 624933 197553 29197.9 38.3922 -28.7076 -2.63526
1010101 FRAC0_S 0 1 -44929 -29225.4 9217.91 768663 287132 -20888.7 60.0547 -32.3571 1.50086
1010101 FRAC0_S 0 1 -44932.1 -29483.9 9424.94 790357 299681 -82811.7 64.5788 -31.202 5.34284
1010101 FRAC0_S 0 1 -44941.5 -29794.5 9545.48 796320 275187 -136586 65.7363 -28.258 8.39681
1010101 FRAC0_S 0 1 -44959.3 -30129 9567.54 856843 206479 -161453 72.6887 -21.6125 9.7087
1010101 FRAC0_S 0 1 -44976.3 -30446.8 9485.45 889870 118160 -207456 77.5317 -12.9482 12.3515
1010101 FRAC0_S 0 1 -44997.1 -30735.9 9294.83 912886 62708.3 -177568 78.8047 -7.40612 11.2283
1010101 FRAC0_S 0 1 -45024 -30942.7 9027.62 942393 -93563.1 -165687 83.5702 10.4764 10.1275
1010101 FRAC0_S 0 1 -45042.9 -31054.8 8709.58 909276 -213302 -152292 80.8137 21.4642 8.84675
1010101 FRAC0_S 0 1 -45052.4 -31063.1 8373.88 1.00483e+06 -300871 -126173 100.157 26.3267 6.61693
1010101 FRAC0_S 0 1 -45059 -30968.2 8053.22 911035 -297955 -78541.4 82.6914 28.6495 4.63532
1010101 FRAC0_S 0 1 -45063.5 -30780.1 7778.07 666212 -202312 -31190.1 43.3271 27.9413 2.66435
1010101 FRAC0_S 0 1 -45068.2 -30517.3 7576.1 894866 -389349 56102 85.285 34.7617 -3.20705
1010101 FRAC0_S 0 1 -45068.2 -30204.8 7461.99 891683 -375729 61874.9 83.9402 33.9791 -3.5592
1010101 FRAC0_S 0 1 -45056.6 -29871.6 7441.09 1.00655e+06 -323428 138854 102.167 27.4332 -7.07871
1010101 FRAC0_S 0 1 -45036.8 -29547.1 7523 924135 -151092 182798 82.5806 15.8047 -10.6371
1010101 FRAC0_S 0 1 -45011.7 -29264 7706.08 916082 -16930.4 215728 80.9969 2.04814 -13.4842
1010101 FRAC0_S 0 1 -44982.1 -29056.7 7971.72 681174 61358.2 156713 44.9486 -9.22673 -12.591
1010101 FRAC0_S 0 1 -44955.2 -28947.7 8290.18 831298 191566 175087 68.9272 -20.5975 -10.6952