
Step FractureNumber TipNr TipActive TipX TipY TipZ KI KII KIII G Phi Psi Extension
1010000 FRAC0_S 0 1 0 984.872 8574.53 4.34474e+06 698856 42749.5 1725.88 -17.9143 -0.653239
1010000 FRAC0_S 0 1 0 913.64 8875.22 5.31349e+06 1.28434e+06 -441541 2688.77 -23.213 4.76268
1010000 FRAC0_S 0 1 0 752.975 9139.18 6.79131e+06 1.34466e+06 1.29677e+06 4494.7 -18.5349 -10.0994
1010000 FRAC0_S 0 1 0 518.603 9340.58 8.07923e+06 438999 429011 5858.22 -6.70063 -3.66415
1010000 FRAC0_S 0 1 0 233.466 9459.7 6.65886e+06 164509 365900 3971.39 -3.16691 -3.88435
1010000 FRAC0_S 0 1 0 -74.5244 9484.87 8.72067e+06 180630 543368 6818.99 -2.6519 -4.37825
1010000 FRAC0_S 0 1 0 -375.22 9413.64 8.32533e+06 97073.3 429898 6201.74 -1.5268 -3.71012
1010000 FRAC0_S 0 1 0 -639.186 9252.98 7.27019e+06 283732 609317 4766.52 -4.78145 -5.63818
1010000 FRAC0_S 0 1 0 -840.583 9018.61 6.42167e+06 -528576 255334 3708.27 9.89322 -2.72254
1010000 FRAC0_S 0 1 0 -959.699 8733.46 4.86924e+06 -743444 139185 2164.58 16.9259 -1.86813
1010000 FRAC0_S 0 1 0 -984.872 8425.47 3.63809e+06 -779689 -17596.9 1233.65 22.4473 0.308938
1010000 FRAC0_S 0 1 0 -913.64 8124.78 2.08466e+06 -787555 -157712 445.834 31.6602 3.97061
1010000 FRAC0_S 0 1 0 -752.975 7860.82 491060 435933 214737 44.5552 -43.2496 -13.5029
1010000 FRAC0_S 0 1 0 -518.603 7659.42 -197127 -506823 -430759 47.5682 48.5666 24.8547
1010000 FRAC0_S 0 1 0 -233.466 7540.3 -952949 1.33079e+06 388393 177.878 -52.3616 -10.6401
1010000 FRAC0_S 0 1 0 74.5244 7515.13 -750859 -10590.5 -521475 36.1775 1.15093 26.2526
1010000 FRAC0_S 0 1 0 375.22 7586.36 -424238 237276 -508157 39.3606 -25.5194 27.6582
1010000 FRAC0_S 0 1 0 639.186 7747.02 514066 570641 -392807 73.0871 -43.6289 18.4044
1010000 FRAC0_S 0 1 0 840.583 7981.39 1.47649e+06 1.36387e+06 -953116 480.84 -41.286 17.5144
1010000 FRAC0_S 0 1 0 959.699 8266.54 2.42767e+06 614597 -130266 561.091 -24.4944 3.1471
Step FractureNumber TipNr TipActive TipX TipY TipZ KI KII KIII G Phi Psi Extension
1010101 FRAC0_S 0 1 -35.5986 1075.68 8581.47 4.6166e+06 -645807 -23187.6 1936.43 16.0606 0.341546
1010101 FRAC0_S 0 1 -35.3444 997.94 8909.81 5.1541e+06 -822785 259469 2436.46 17.2523 -3.18813
1010101 FRAC0_S 0 1 -28.6649 823.406 9199.73 6.59896e+06 -1.03116e+06 282029 3985.74 17.0567 -2.73839
1010101 FRAC0_S 0 1 -15.1623 568.647 9422.44 9.81142e+06 -1.11712e+06 557924 8730.68 12.9536 -3.71079
1010101 FRAC0_S 0 1 -6.83598 256.419 9554.24 9.59028e+06 -375599 586203 8254.03 4.89458 -4.23131
1010101 FRAC0_S 0 1 -4.36064 -81.8869 9582.05 9.61726e+06 -438306 591552 8305.6 5.6447 -4.2318
1010101 FRAC0_S 0 1 -4.57281 -412.214 9503.77 9.18961e+06 -129602 445168 7553.09 1.84587 -3.48751
1010101 FRAC0_S 0 1 -0.53856 -701.885 9327.01 7.69873e+06 -553859 311027 5321.79 8.76181 -2.7894
1010101 FRAC0_S 0 1 13.7851 -921.865 9069.12 7.10255e+06 45019.8 156237 4498.69 -0.860284 -1.65341
1010101 FRAC0_S 0 1 28.3979 -1050.17 8755.96 5.36973e+06 501177 84537.3 2592.73 -11.2859 -1.10056
1010101 FRAC0_S 0 1 39.492 -1073.87 8419.55 3.94639e+06 572977 -131507 1419.36 -16.1852 2.17913
1010101 FRAC0_S 0 1 18.6604 -989.932 8095.08 2.09071e+06 -106764 -115115 392.285 6.3141 3.80088
1010101 FRAC0_S 0 1 -2.3937 -809.109 7815.08 595031 -962635 -389014 134.253 52.113 14.2693
1010101 FRAC0_S 0 1 0.55985 -553.467 7604.64 -327014 -502552 -450258 49.4689 44.1808 23.3569
1010101 FRAC0_S 0 1 -20.3487 -247.484 7471.63 -896608 100320 -561023 42.7581 -8.72467 23.8088
1010101 FRAC0_S 0 1 -29.5631 83.2582 7429.57 -1.29355e+06 600187 -452373 59.3169 -31.2339 13.8129
1010101 FRAC0_S 0 1 -38.2883 405.957 7505.9 -515149 460274 -479921 49.5113 -37.2754 22.1331
1010101 FRAC0_S 0 1 -61.7651 687.165 7688.7 568827 12301.1 -391258 49.2063 -1.75986 26.0421
1010101 FRAC0_S 0 1 -60.6056 906.375 7942.49 877520 -76974.5 -286809 80.0869 8.41237 16.2605
1010101 FRAC0_S 0 1 -44.9155 1043.62 8247.71 3.60718e+06 731225 696542 1271.65 -18.8557 -10.1591