
Step FractureNumber TipNr TipActive TipX TipY TipZ KI KII KIII G Phi Psi Extension
1010000 FRAC0_S 0 1 30000 29254 7852.75 3.58405e+06 3.42533e+06 -2.12188e+06 2788.98 -42.6668 16.3434
1010000 FRAC0_S 0 1 30000 29487.6 7655.6 3.06558e+06 4.20422e+06 -995422 2544.29 -53.1012 8.91527
1010000 FRAC0_S 0 1 30000 29773.6 7538.6 3.16585e+06 4.6648e+06 18901.3 2832.23 -58.4772 -0.187629
1010000 FRAC0_S 0 1 30000 30081.8 7515.7 2.90069e+06 3.92427e+06 891667 2227.81 -53.0932 -8.57238
1010000 FRAC0_S 0 1 30000 30382 7589.16 3.19735e+06 3.37012e+06 1.53668e+06 2237.13 -46.1139 -13.6036
1010000 FRAC0_S 0 1 30000 30644.7 7751.78 2.69541e+06 1.9781e+06 1.47147e+06 1284.05 -37.8131 -16.7855
1010000 FRAC0_S 0 1 30000 30844.5 7987.64 4.14305e+06 2.06031e+06 2.3207e+06 2624.11 -29.7493 -18.7897
1010000 FRAC0_S 0 1 30000 30961.5 8273.65 4.09792e+06 1.31637e+06 2.44329e+06 2444.79 -21.4895 -21.0631
1010000 FRAC0_S 0 1 30000 30984.3 8581.81 5.16792e+06 608302 2.60937e+06 3318.44 -9.78743 -21.0761
1010000 FRAC0_S 0 1 30000 30910.8 8881.97 4.96095e+06 -518828 2.55335e+06 3084.18 8.75005 -21.4585
1010000 FRAC0_S 0 1 30000 30748.2 9144.74 6.7933e+06 -125610 2.52136e+06 4959.25 1.85042 -18.4786
1010000 FRAC0_S 0 1 30000 30512.4 9344.4 7.0653e+06 -1.84702e+06 2.72199e+06 5737.67 20.4616 -16.4427
1010000 FRAC0_S 0 1 30000 30226.4 9461.4 6.74007e+06 -1.94663e+06 1.98379e+06 4909.22 23.2106 -13.3606
1010000 FRAC0_S 0 1 30000 29918.2 9484.3 7.75292e+06 -3.68006e+06 1.77934e+06 6984.09 33.5639 -9.90599
1010000 FRAC0_S 0 1 30000 29618 9410.84 6.1837e+06 -4.48373e+06 301578 5210.95 45.5307 -2.11956
1010000 FRAC0_S 0 1 30000 29355.3 9248.22 7.55751e+06 -5.02058e+06 -436558 7361.07 43.59 2.57927
1010000 FRAC0_S 0 1 30000 29155.5 9012.36 7.06368e+06 -4.34174e+06 -1.76951e+06 6542.43 38.5344 9.88081
1010000 FRAC0_S 0 1 30000 29038.5 8726.35 6.89494e+06 -3.06213e+06 -2.17069e+06 5698.54 30.8859 12.9037
1010000 FRAC0_S 0 1 30000 29015.7 8418.19 4.01334e+06 -200003 -2.72827e+06 2428.83 3.9756 25.5588
1010000 FRAC0_S 0 1 30000 29089.2 8118.03 4.28915e+06 1.76272e+06 -2.99493e+06 3109.18 -24.6207 22.2052
Step FractureNumber TipNr TipActive TipX TipY TipZ KI KII KIII G Phi Psi Extension
1010101 FRAC0_S 0 1 29935.7 29195.2 7809.63 5.02205e+06 385995 -1.69514e+06 2642.9 -7.40104 16.7349
1010101 FRAC0_S 0 1 29921.7 29455.1 7605.21 4.94693e+06 352571 -591471 2238.31 -8.12818 7.49877
1010101 FRAC0_S 0 1 29917.4 29761.1 7485.36 6.49148e+06 506963 -214983 3784.09 -9.4935 2.29534
1010101 FRAC0_S 0 1 29920.7 30088 7457.08 5.3267e+06 164019 564974 2573.23 -3.74057 -6.98988
1010101 FRAC0_S 0 1 29928.6 30409.5 7527.28 5.97517e+06 546342 1.43106e+06 3480.44 -9.28763 -12.9674
1010101 FRAC0_S 0 1 29938.9 30695.7 7694.61 5.60263e+06 277400 2.01666e+06 3344.87 -4.83164 -17.7674
1010101 FRAC0_S 0 1 29950.7 30917 7944.83 5.19866e+06 52190.3 2.20746e+06 3056.63 -0.976237 -20.1951
1010101 FRAC0_S 0 1 29965 31049.7 8253.77 5.68047e+06 5636.83 2.54423e+06 3736.3 -0.0958511 -20.9585
1010101 FRAC0_S 0 1 29986.1 31078.8 8590.12 6.94653e+06 94411.4 3.0537e+06 5540.97 -1.30324 -20.5757
1010101 FRAC0_S 0 1 30004.2 30999.9 8919.44 6.67015e+06 356612 2.91141e+06 5103.27 -4.93349 -20.0182
1010101 FRAC0_S 0 1 30013.9 30827 9200.09 6.40902e+06 97982.5 2.76646e+06 4678.99 -1.47141 -20.3322
1010101 FRAC0_S 0 1 30028.2 30560.9 9423.13 8.36364e+06 544991 2.73749e+06 7256.44 -6.39814 -16.5111
1010101 FRAC0_S 0 1 30042.3 30247.4 9546.92 9.43967e+06 1.01735e+06 2.70824e+06 9008.09 -10.4006 -14.649
1010101 FRAC0_S 0 1 30055.3 29913.3 9564.33 9.59452e+06 1.3874e+06 1.97214e+06 8891.82 -14.1913 -11.1099
1010101 FRAC0_S 0 1 30066.7 29591 9477.61 1.05724e+07 1.65445e+06 1.64089e+06 10562.4 -15.7059 -8.76723
1010101 FRAC0_S 0 1 30067.9 29308.1 9301.95 1.08039e+07 1.46491e+06 101411 10593.8 -15.5975 -0.637226
1010101 FRAC0_S 0 1 30061.2 29089.5 9051.29 9.71921e+06 597501 -1.52404e+06 8758.34 -6.88635 9.49279
1010101 FRAC0_S 0 1 30042.9 28955.3 8744.26 8.58877e+06 420936 -2.93667e+06 7736.16 -4.84606 17.1799
1010101 FRAC0_S 0 1 30005.8 28924.2 8410.18 6.84342e+06 -693469 -2.58769e+06 5106.67 9.26072 17.7799
1010101 FRAC0_S 0 1 29963.9 29008.5 8086.38 5.64067e+06 291891 -2.74473e+06 3844.78 -4.63018 21.3706