
Step FractureNumber TipNr TipActive TipX TipY TipZ KI KII KIII G Phi Psi Extension
1010000 FRAC0_S 0 1 -14068.5 44671.4 8500 408810 619852 -129854 51.3728 -54.8668 8.32817
1010000 FRAC0_S 0 1 -14012.6 44975.3 8500 479441 531667 1.04828e+06 191.825 -31.4779 -31.1535
1010000 FRAC0_S 0 1 -14053.3 45281.6 8500 363286 385708 769841 103.841 -31.0387 -31.0573
1010000 FRAC0_S 0 1 -14186.7 45560.4 8500 410819 -954600 1.61444e+06 442.895 37.6654 -32.5727
1010000 FRAC0_S 0 1 -14399.6 45784.3 8500 289261 -604996 1.03299e+06 181.991 37.0504 -32.3269
1010000 FRAC0_S 0 1 -14671.4 45931.4 8500 394726 -1.08059e+06 566548 160.625 54.4854 -19.1018
1010000 FRAC0_S 0 1 -14975.3 45987.4 8500 331294 -1.19491e+06 297304 148.767 61.6818 -11.8399
1010000 FRAC0_S 0 1 -15281.6 45946.7 8500 329412 -1.27518e+06 38283.1 154.765 66.4936 -1.79968
1010000 FRAC0_S 0 1 -15560.4 45813.3 8500 232711 -1.2921e+06 142474 156.297 66.4554 -6.42433
1010000 FRAC0_S 0 1 -15784.3 45600.3 8500 260063 -841673 -363480 86.7251 57.3227 17.3188
1010000 FRAC0_S 0 1 -15931.5 45328.6 8500 362979 -874138 -701745 145.326 48.8905 23.9081
1010000 FRAC0_S 0 1 -15987.4 45024.7 8500 392482 -559653 -885339 145.886 36.1471 29.9212
1010000 FRAC0_S 0 1 -15946.7 44718.4 8500 431787 -115599 -1.01076e+06 153.683 10.0013 36.7116
1010000 FRAC0_S 0 1 -15813.3 44439.6 8500 524731 435279 -1.13276e+06 212.078 -26.0906 32.5511
1010000 FRAC0_S 0 1 -15564.4 44241.5 8500 435568 744126 -831200 158.137 -42.2212 26.6029
1010000 FRAC0_S 0 1 -15328.6 44068.6 8500 518622 1.29122e+06 -736761 244.732 -52.9891 19.8041
1010000 FRAC0_S 0 1 -15024.7 44012.6 8500 512365 1.57843e+06 -425531 269.488 -60.2753 12.2467
1010000 FRAC0_S 0 1 -14718.4 44053.3 8500 536001 1.67749e+06 -52959.5 276.728 -65.2731 1.80458
1010000 FRAC0_S 0 1 -14439.6 44186.7 8500 478064 1.75044e+06 35337.8 293.569 -66.3999 -1.20951
1010000 FRAC0_S 0 1 -14215.7 44399.7 8500 533593 1.44749e+06 667718 271.374 -55.6017 -17.5655
Step FractureNumber TipNr TipActive TipX TipY TipZ KI KII KIII G Phi Psi Extension
1010101 FRAC0_S 0 1 -14009 44652.7 8425.42 1.15414e+06 15869.5 1.11228e+06 283.264 -0.970079 -30.1756
1010101 FRAC0_S 0 1 -13935.9 44975.6 8440.56 1.15947e+06 243500 1.91455e+06 612.594 -9.89864 -34.0235
1010101 FRAC0_S 0 1 -13974.6 45304.6 8476.44 736493 -318304 1.16979e+06 239.363 18.5987 -31.891
1010101 FRAC0_S 0 1 -14147.9 45642.6 8540.35 731913 -271639 858205 152.268 18.9365 -28.9432
1010101 FRAC0_S 0 1 -14354.3 45841 8565.75 1.08485e+06 -377584 908697 227.4 20.5188 -25.0456
1010101 FRAC0_S 0 1 -14649.3 45986.6 8577.76 1.55274e+06 -413013 589358 276.241 20.8009 -16.2356
1010101 FRAC0_S 0 1 -14972.8 46034.4 8587.29 1.77236e+06 -458194 170227 302.48 24.1696 -5.36467
1010101 FRAC0_S 0 1 -15292.7 45985.9 8590.78 1.56842e+06 -290912 -190243 231.56 18.4611 6.95569
1010101 FRAC0_S 0 1 -15585.3 45847.5 8589.81 1.52725e+06 -229078 -517947 248.204 13.3914 16.0523
1010101 FRAC0_S 0 1 -15826.9 45630.5 8583.84 1.16081e+06 -104602 -743365 194.543 7.10037 24.3455
1010101 FRAC0_S 0 1 -15993.3 45348.2 8573.46 865005 -111833 -910348 178.011 8.05049 29.947
1010101 FRAC0_S 0 1 -16066.8 45024.2 8552.67 723359 17669 -1.03969e+06 190.422 -1.38225 34.2916
1010101 FRAC0_S 0 1 -16032.5 44692.1 8512.43 697272 83255.9 -1.01624e+06 181.297 -6.33681 33.5597
1010101 FRAC0_S 0 1 -15885.1 44392.4 8465.55 871783 203620 -1.11752e+06 237.516 -12.3959 31.1791
1010101 FRAC0_S 0 1 -15646.3 44159.3 8435.44 1.35897e+06 388196 -1.16119e+06 357.329 -17.4395 25.8818
1010101 FRAC0_S 0 1 -15350.2 44013.1 8421.56 1.75077e+06 552747 -934149 416.424 -21.8611 19.7579
1010101 FRAC0_S 0 1 -15027.4 43963.7 8413.9 3.36667e+06 675109 -60578.9 1051.11 -21.1435 1.14462
1010101 FRAC0_S 0 1 -14707.1 44012.7 8409.97 2.7437e+06 117868 167828 675.793 -5.34117 -4.21992
1010101 FRAC0_S 0 1 -14414.1 44151.6 8410.85 2.9302e+06 222616 795042 853.589 -7.67189 -14.3697
1010101 FRAC0_S 0 1 -14174.1 44369.5 8415.39 1.92951e+06 -239397 1.15717e+06 514.957 9.71397 -23.1426