
Step FractureNumber TipNr TipActive TipX TipY TipZ KI KII KIII G Phi Psi Extension
1010000 FRAC0_S 0 1 -29032.6 44801 8500 16043.2 -110058 -123583 3.13358 48.1097 30.5223
1010000 FRAC0_S 0 1 -29018.4 45109.8 8500 6340.12 -91071.9 -131252 3.03386 44.6552 33.8991
1010000 FRAC0_S 0 1 -29100.4 45407.7 8500 9599.74 -30196.2 -156803 3.35954 19.8517 41.2188
1010000 FRAC0_S 0 1 -29270.4 45665.8 8500 14398.3 40185.7 -168476 3.93748 -22.9499 40.0875
1010000 FRAC0_S 0 1 -29511.8 45858.6 8500 16626.4 113816 -143826 3.93019 -46.0426 31.8283
1010000 FRAC0_S 0 1 -29801 45967.4 8500 19510.7 169036 -109858 4.18524 -56.8434 24.2431
1010000 FRAC0_S 0 1 -30109.8 45981.6 8500 23361.2 225027 -70811.5 5.22779 -63.9071 15.6796
1010000 FRAC0_S 0 1 -30407.7 45899.6 8500 19956.3 223475 -21330.8 4.54626 -68.2978 6.06994
1010000 FRAC0_S 0 1 -30665.8 45729.6 8500 -6707.23 247861 49592 5.80158 -67.6017 -11.8403
1010000 FRAC0_S 0 1 -30858.6 45488.2 8500 19202.6 209603 70201.1 4.60321 -63.7418 -16.4939
1010000 FRAC0_S 0 1 -30967.4 45199 8500 14852.5 130069 85504.2 2.49958 -56.7221 -24.3996
1010000 FRAC0_S 0 1 -30981.6 44890.2 8500 22619.3 131319 161318 5.04341 -46.1707 -31.2722
1010000 FRAC0_S 0 1 -30899.6 44592.3 8500 -6322.92 43006.4 175633 4.26745 -24.2058 -40.7819
1010000 FRAC0_S 0 1 -30729.6 44334.2 8500 9414.45 40809.3 183381 4.62889 -22.3209 -40.8947
1010000 FRAC0_S 0 1 -30488.2 44141.4 8500 3607.22 -118107 163259 4.78907 45.9991 -33.8548
1010000 FRAC0_S 0 1 -30199 44032.6 8500 -409.509 -139937 102539 3.14337 57.4243 -27.0477
1010000 FRAC0_S 0 1 -29890.2 44018.4 8500 23322 -263281 91275.7 7.33336 63.5621 -16.9153
1010000 FRAC0_S 0 1 -29592.3 44100.4 8500 -342.406 -278913 29265.4 7.046 69.3553 -7.10191
1010000 FRAC0_S 0 1 -29334.2 44270.4 8500 -779.891 -275070 -31557.5 6.87483 69.2254 7.65948
1010000 FRAC0_S 0 1 -29141.4 44511.8 8500 3452.28 -267338 -93615.8 7.53534 65.0332 17.8602
Step FractureNumber TipNr TipActive TipX TipY TipZ KI KII KIII G Phi Psi Extension
1010101 FRAC0_S 0 1 -28973 44791.1 8577.46 325505 -176651 -124246 14.2754 33.9143 14.1729
1010101 FRAC0_S 0 1 -28945.3 45120.1 8562.24 166080 -123937 -81405.1 4.70801 38.9214 15.5102
1010101 FRAC0_S 0 1 -29022.9 45444.6 8524.8 109439 -37909.1 -220520 7.66301 13.6837 34.8991
1010101 FRAC0_S 0 1 -29206.4 45721.6 8470.99 141532 128185 -199335 8.53388 -33.032 27.1881
1010101 FRAC0_S 0 1 -29475 45917.7 8433.33 278584 193673 -124665 12.3252 -38.0545 14.8507
1010101 FRAC0_S 0 1 -29788.2 46020.2 8417.69 415088 192220 -58998 19.1089 -34.5624 6.64777
1010101 FRAC0_S 0 1 -30113.2 46025.3 8410.94 480573 154646 13802.6 22.7364 -29.3843 -1.64389
1010101 FRAC0_S 0 1 -30423 45934.4 8407.98 467704 120438 45304.1 21.0581 -24.0879 -5.40977
1010101 FRAC0_S 0 1 -30692.1 45757.5 8408.12 431793 111449 80471.7 18.5822 -22.781 -9.51426
1010101 FRAC0_S 0 1 -30897.7 45508.9 8411.15 394229 142596 48137.8 15.9693 -29.9681 -6.1953
1010101 FRAC0_S 0 1 -31021.1 45208 8417.74 344568 146643 46621.7 12.7851 -32.9679 -6.51342
1010101 FRAC0_S 0 1 -31050.1 44879.8 8432.78 258240 162490 95844.8 9.51709 -37.1114 -13.336
1010101 FRAC0_S 0 1 -30975.4 44555.9 8451.97 134563 133278 161074 6.64704 -36.7438 -24.638
1010101 FRAC0_S 0 1 -30793.1 44278.5 8488.75 100663 -16294.4 228157 7.85001 6.45398 -37.1433
1010101 FRAC0_S 0 1 -30525.1 44082.4 8547.54 238535 -298572 159510 16.398 47.1454 -16.1301
1010101 FRAC0_S 0 1 -30211.7 43980.1 8582.5 403732 -203231 87869.4 19.2323 34.96 -9.33622
1010101 FRAC0_S 0 1 -29886.8 43975.1 8589.23 508142 -193823 12642.8 26.3778 32.8226 -1.36964
1010101 FRAC0_S 0 1 -29577.8 44066.7 8592.55 433996 -102851 -21099.2 17.7859 23.4287 2.90244
1010101 FRAC0_S 0 1 -29309.5 44244.1 8592.81 381849 -93827.9 -48064.9 14.0847 22.8343 6.8803
1010101 FRAC0_S 0 1 -29100.7 44491.5 8587.31 362191 -121733 -90448.3 14.0982 26.5274 11.4646