
Step FractureNumber TipNr TipActive TipX TipY TipZ KI KII KIII G Phi Psi Extension
1010000 FRAC0_S 0 1 -15000 984.872 8574.53 3.37191e+06 -2.10165e+06 -456808 1434.51 40.823 5.81243
1010000 FRAC0_S 0 1 -15000 913.64 8875.22 3.08863e+06 -1.30231e+06 -1.21566e+06 1197.76 28.7426 15.361
1010000 FRAC0_S 0 1 -15000 752.975 9139.18 5.71928e+06 -1.16196e+06 -1.10251e+06 3196.78 18.893 10.142
1010000 FRAC0_S 0 1 -15000 518.603 9340.58 6.45873e+06 -651257 -1.29564e+06 3978.3 10.4268 11.2389
1010000 FRAC0_S 0 1 -15000 233.466 9459.7 9.79179e+06 1.38061e+06 -2.14724e+06 9326.85 -13.7593 11.7166
1010000 FRAC0_S 0 1 -15000 -74.5244 9484.87 7.03011e+06 692042 -1.30615e+06 4673.61 -10.3201 10.5938
1010000 FRAC0_S 0 1 -15000 -375.22 9413.64 6.08919e+06 1.19958e+06 -960946 3555.09 -18.8772 8.63786
1010000 FRAC0_S 0 1 -15000 -639.186 9252.98 4.73264e+06 1.2625e+06 -619632 2188.97 -24.1705 7.01701
1010000 FRAC0_S 0 1 -15000 -840.583 9018.61 6.30702e+06 2.08216e+06 -434753 3956.12 -29.1378 3.76294
1010000 FRAC0_S 0 1 -15000 -959.699 8733.46 3.83672e+06 2.19266e+06 35027.1 1740.32 -41.4678 -0.449415
1010000 FRAC0_S 0 1 -15000 -984.872 8425.47 2.93674e+06 2.15391e+06 471553 1211.51 -43.7168 -6.37551
1010000 FRAC0_S 0 1 -15000 -913.64 8124.78 1.62097e+06 1.86451e+06 938664 661.105 -46.5688 -15.0636
1010000 FRAC0_S 0 1 -15000 -752.975 7860.82 548726 1.62109e+06 1.43418e+06 534.57 -48.8099 -25.8137
1010000 FRAC0_S 0 1 -15000 -518.603 7659.42 -267265 825629 1.5668e+06 387.241 -36.7137 -34.4972
1010000 FRAC0_S 0 1 -15000 -233.466 7540.3 4.98843e+06 1.26278e+06 2.11503e+06 2954.51 -19.5365 -17.6097
1010000 FRAC0_S 0 1 -15000 74.5244 7515.13 -704601 -689018 1.59883e+06 382.288 28.5241 -32.2542
1010000 FRAC0_S 0 1 -15000 375.22 7586.36 -420615 -1.38786e+06 1.37214e+06 422.049 47.7609 -27.5081
1010000 FRAC0_S 0 1 -15000 639.186 7747.02 77981.3 -1.44641e+06 779765 267.838 60.2996 -22.6171
1010000 FRAC0_S 0 1 -15000 840.583 7981.39 1.12991e+06 -2.65303e+06 585338 786.542 59.2072 -9.85928
1010000 FRAC0_S 0 1 -15000 959.699 8266.54 1.92388e+06 -1.88686e+06 19026.1 647.127 51.984 -0.386685
Step FractureNumber TipNr TipActive TipX TipY TipZ KI KII KIII G Phi Psi Extension
1010101 FRAC0_S 0 1 -14935.6 1057.84 8582.06 4.68113e+06 337822 -266567 1972.29 -8.66209 3.84987
1010101 FRAC0_S 0 1 -14951.6 991.089 8908.6 5.75403e+06 518359 -804488 3060.35 -9.879 8.44047
1010101 FRAC0_S 0 1 -14967.3 822.225 9199.05 5.18984e+06 561606 -850062 2524.34 -11.4035 9.49671
1010101 FRAC0_S 0 1 -14988.8 568.194 9421.33 7.97676e+06 817351 -1.67597e+06 6103.07 -10.5026 11.6401
1010101 FRAC0_S 0 1 -15010.6 278.521 9546.86 8.20675e+06 -545006 -1.42165e+06 6296.9 7.29914 10.2554
1010101 FRAC0_S 0 1 -15022.9 -81.4829 9579.4 7.92826e+06 -1.20064e+06 -1.46907e+06 6016.7 14.9621 10.1781
1010101 FRAC0_S 0 1 -15030.9 -409.809 9499.31 8.15077e+06 -23768.8 -1.09982e+06 6080.95 0.358339 8.78576
1010101 FRAC0_S 0 1 -15040.7 -696.277 9321.09 1.14923e+07 -1.4894e+06 -805422 12053 14.307 4.44402
1010101 FRAC0_S 0 1 -15051.1 -910.714 9063.34 7.22671e+06 -1.03484e+06 -501707 4782.7 15.5563 4.35743
1010101 FRAC0_S 0 1 -15062.6 -1032.71 8752.42 5.00467e+06 -729987 163.057 2279.4 16.6864 -0.00221773
1010101 FRAC0_S 0 1 -15069.3 -1055.01 8420.65 3.81516e+06 -336752 432819 1332.06 9.90544 -7.06944
1010101 FRAC0_S 0 1 -15072.4 -976.006 8099.71 2.43338e+06 574214 1.41002e+06 821.46 -17.0149 -21.5342
1010101 FRAC0_S 0 1 -15070.7 -804.499 7815.92 1.33506e+06 477499 945857 298.134 -22.1373 -22.866
1010101 FRAC0_S 0 1 -15057.1 -557.768 7591.75 3.19124e+06 3.09585e+06 313851 1774.65 -50.2628 -3.63401
1010101 FRAC0_S 0 1 -15019.7 -253.469 7455.55 -3.44033e+06 1.47166e+06 1.49158e+06 488.892 -28.4774 -16.3781
1010101 FRAC0_S 0 1 -14966 78.6541 7432.88 3.7479e+06 1.08033e+06 1.57145e+06 1684.15 -21.6387 -17.1632
1010101 FRAC0_S 0 1 -14929.4 397.661 7523.92 1.62461e+06 -261393 1.31678e+06 471.894 10.9597 -26.4905
1010101 FRAC0_S 0 1 -14916.6 672.494 7705.88 1.76385e+06 -602944 845332 404.672 23.8128 -18.2416
1010101 FRAC0_S 0 1 -14915.7 885.344 7954.88 2.72202e+06 -223386 559526 706.337 8.63851 -11.6109
1010101 FRAC0_S 0 1 -14922.8 1019.38 8253.96 -716678 -2.65722e+06 107332 630.721 66.0781 -2.37351