
Step FractureNumber TipNr TipActive TipX TipY TipZ KI KII KIII G Phi Psi Extension
1010000 FRAC0_S 0 1 -29408.9 179.47 7729.37 9.01879e+06 7.87942e+06 3.19449e+06 14137.7 -44.1366 -11.5669
1010000 FRAC0_S 0 1 -29607.2 413.642 7693.64 1.25852e+07 8.59286e+06 6.34101e+06 26041.3 -36.89 -16.2208
1010000 FRAC0_S 0 1 -29844.1 607.323 7736.85 9.80204e+06 4.35574e+06 6.2503e+06 15448.1 -26.6918 -20.7934
1010000 FRAC0_S 0 1 -30096.3 741.556 7854.75 1.32047e+07 2.10513e+06 8.49893e+06 25539.2 -11.8313 -23.6384
1010000 FRAC0_S 0 1 -30339 803.199 8035.82 5.92536e+06 2.64874e+06 5.10491e+06 7219.82 -24.4843 -24.513
1010000 FRAC0_S 0 1 -30548.6 786.22 8262.31 139926 2.31854e+06 1.11894e+07 17132.7 -21.7634 -41.7676
1010000 FRAC0_S 0 1 -30704.4 692.281 8512.08 -1.09336e+07 4.82996e+06 1.24735e+07 22772.1 -21.899 -28.0164
1010000 FRAC0_S 0 1 -30791.2 530.576 8760.67 1.32893e+07 -5.63117e+06 4.64488e+06 21432.4 29.4573 -14.0922
1010000 FRAC0_S 0 1 -30800.7 316.935 8983.74 1.29323e+07 -6.07794e+06 3.69094e+06 20006.9 32.4653 -11.8095
1010000 FRAC0_S 0 1 -30731.7 72.2695 9159.46 1.26575e+07 -6.41219e+06 2.84179e+06 19014.4 34.975 -9.56106
1010000 FRAC0_S 0 1 -30591.1 -179.47 9270.63 1.34595e+07 -7.71458e+06 2.11748e+06 22042.7 38.6911 -6.81839
1010000 FRAC0_S 0 1 -30392.8 -413.642 9306.36 1.32945e+07 -7.87716e+06 527130 21315.9 41.5982 -1.87538
1010000 FRAC0_S 0 1 -30155.9 -607.323 9263.15 1.06462e+07 -5.91483e+06 -813425 13305.4 39.548 3.57942
1010000 FRAC0_S 0 1 -29903.7 -741.556 9145.25 3.36969e+06 -1.54948e+07 -1.05923e+07 37328.2 54.2739 23.7808
1010000 FRAC0_S 0 1 -29661 -803.199 8964.18 1.34954e+07 -3.06913e+06 -4.62058e+06 19908 18.8129 15.4424
1010000 FRAC0_S 0 1 -29453.9 -786.969 8740.9 8.93056e+06 135465 -3.40538e+06 8650.94 -1.51242 18.8378
1010000 FRAC0_S 0 1 -29295.6 -692.281 8487.92 1.76599e+07 1.24492e+07 -1.0093e+07 55149.8 -36.6406 17.5025
1010000 FRAC0_S 0 1 -29208.8 -530.576 8239.33 -1.01908e+07 -324263 -9.72665e+06 12592.2 2.22477 29.8611
1010000 FRAC0_S 0 1 -29199.3 -316.935 8016.26 3.26807e+06 1.98862e+07 -7.1585e+06 43006.6 -61.7181 16.5797
1010000 FRAC0_S 0 1 -29268.3 -72.2695 7840.54 1.01208e+07 9.33675e+06 1.14533e+06 17070.2 -49.069 -4.2341
Step FractureNumber TipNr TipActive TipX TipY TipZ KI KII KIII G Phi Psi Extension
1010101 FRAC0_S 0 1 -29407 153.494 7634.45 1.77399e+07 -253003 3.32402e+06 29518.5 1.65175 -11.3604
1010101 FRAC0_S 0 1 -29611 413.52 7595.88 1.3916e+06 1.62518e+07 -1.44253e+06 23985.1 -68.4565 5.7068
1010101 FRAC0_S 0 1 -29856.1 636.945 7645.43 1.82085e+07 9.08177e+06 1.52997e+07 68027 -26.6703 -23.7616
1010101 FRAC0_S 0 1 -30123.8 792.15 7776.45 1.39025e+07 -2.20773e+06 9.61587e+06 29955.2 11.4988 -24.5443
1010101 FRAC0_S 0 1 -30390.2 856.782 7972.58 1.20379e+07 -6.57776e+06 9.17899e+06 27974.3 29.2113 -22.16
1010101 FRAC0_S 0 1 -30620.8 835.876 8218.66 9.4124e+06 -8.83582e+06 1.27748e+07 36556.4 34.1958 -26.5235
1010101 FRAC0_S 0 1 -30776.8 745.953 8503.79 9.68791e+06 1.22455e+06 379755 8516.28 -14.3587 -2.5858
1010101 FRAC0_S 0 1 -30843.2 593.55 8799.33 -292879 1.70217e+06 8.62809e+06 10159.2 -20.6353 -41.5825
1010101 FRAC0_S 0 1 -30836.6 374.531 9054.69 1.41001e+07 3.08669e+06 4.00085e+06 20694.1 -18.91 -13.552
1010101 FRAC0_S 0 1 -30757.5 111.808 9245.69 1.3793e+07 3.05667e+06 3.55031e+06 19461.9 -19.4056 -12.5752
1010101 FRAC0_S 0 1 -30601.2 -156.99 9365.91 1.55244e+07 2.98075e+06 2.7857e+06 23300.1 -18.2281 -9.64057
1010101 FRAC0_S 0 1 -30385 -407.322 9404.38 1.98575e+07 -3.71514e+06 -176277 36372.1 20.1877 0.577137
1010101 FRAC0_S 0 1 -30128.3 -610.139 9357.43 1.54878e+07 3.38703e+06 -942612 22515.3 -21.8829 3.6354
1010101 FRAC0_S 0 1 -29858.5 -757.293 9227.63 1.16568e+07 3.03339e+06 -1.59099e+06 13265 -23.6538 7.30701
1010101 FRAC0_S 0 1 -29608.7 -851.896 9022.63 1.89465e+07 9.58805e+06 4.75423e+06 43185.9 -34.5166 -10.4667
1010101 FRAC0_S 0 1 -29406 -864.034 8755.87 1.61101e+07 -806803 -6.36098e+06 28566.7 4.76826 18.8503
1010101 FRAC0_S 0 1 -29250.2 -770.763 8469.8 1.48807e+07 -487090 -5.44204e+06 23692.1 3.23859 18.1412
1010101 FRAC0_S 0 1 -29165 -595.48 8199.9 1.675e+07 1.58896e+06 -3.24723e+06 26628.2 -9.92611 10.9868
1010101 FRAC0_S 0 1 -29183.7 -374.92 7951.37 1.64286e+07 -2.34471e+06 -295540 24552.2 16.1561 1.20096
1010101 FRAC0_S 0 1 -29268.2 -119.778 7754.3 1.61464e+07 -3.29071e+06 388360 24216.6 21.3092 -1.51527