
Step FractureNumber TipNr TipActive TipX TipY TipZ KI KII KIII G Phi Psi Extension
1010000 FRAC0_S 0 1 -29214.5 598.84 8500 -180253 1.88785e+06 275581 327.686 -67.352 -8.71533
1010000 FRAC0_S 0 1 -29438 812.246 8500 -139244 1.75673e+06 714667 342.931 -62.5109 -18.8796
1010000 FRAC0_S 0 1 -29716.5 946.143 8500 -3.74412e+06 1.92958e+06 1.04199e+06 476.186 -34.4465 -11.3079
1010000 FRAC0_S 0 1 -30022.8 987.425 8500 -175563 899085 1.44571e+06 350.013 -41.0342 -33.8838
1010000 FRAC0_S 0 1 -30326.8 932.051 8500 -132466 131196 1.67292e+06 373.755 -9.16321 -42.7545
1010000 FRAC0_S 0 1 -30598.8 785.442 8500 -6.77461e+06 267020 1.78814e+06 431.614 -4.16971 -14.4426
1010000 FRAC0_S 0 1 -30812.2 561.948 8500 -1.91735e+06 -1.17021e+06 1.6157e+06 469.221 30.4998 -22.9008
1010000 FRAC0_S 0 1 -30946.1 283.447 8500 -6.20269e+06 -1.2637e+06 1.43998e+06 418.085 18.455 -11.7484
1010000 FRAC0_S 0 1 -30987.4 -22.8005 8500 -268763 -2.44089e+06 729824 601.753 64.0995 -15.065
1010000 FRAC0_S 0 1 -30932.1 -326.815 8500 -39320.8 -2.59486e+06 167594 603.739 69.6182 -4.54766
1010000 FRAC0_S 0 1 -30785.5 -598.84 8500 -119230 -1.78408e+06 -305024 296.006 67.4164 10.1441
1010000 FRAC0_S 0 1 -30562 -812.246 8500 -168657 -1.98896e+06 -800543 437.752 62.4858 18.6917
1010000 FRAC0_S 0 1 -30283.5 -946.143 8500 -161962 -1.48706e+06 -1.17879e+06 381.864 54.264 26.7804
1010000 FRAC0_S 0 1 -29977.2 -987.425 8500 -161014 -897773 -1.44085e+06 347.937 41.2528 33.9963
1010000 FRAC0_S 0 1 -29673.2 -932.051 8500 -2.44831e+06 -511690 -1.44046e+06 299.298 15.3328 21.9967
1010000 FRAC0_S 0 1 -29401.2 -785.442 8500 6.2916e+06 1.09716e+06 -1.07168e+06 3787.37 -16.9781 9.35075
1010000 FRAC0_S 0 1 -29187.8 -561.948 8500 -144725 885359 -1.07671e+06 224.039 -46.4714 31.244
1010000 FRAC0_S 0 1 -29053.9 -283.447 8500 -167459 1.4655e+06 -945826 310.361 -56.9539 24.169
1010000 FRAC0_S 0 1 -29012.6 22.8005 8500 -194969 1.92301e+06 -617018 380.161 -63.83 15.9173
1010000 FRAC0_S 0 1 -29067.9 326.815 8500 -174193 2.02295e+06 -149540 367.641 -68.6678 4.83646
Step FractureNumber TipNr TipActive TipX TipY TipZ KI KII KIII G Phi Psi Extension
1010101 FRAC0_S 0 1 -29184.1 623.012 8408.39 1.61227e+06 483447 281615 263.009 -25.5752 -8.7767
1010101 FRAC0_S 0 1 -29411.3 856.811 8418.43 1.51831e+06 -361007 -82900.2 217.949 23.3878 3.23646
1010101 FRAC0_S 0 1 -29698.5 1013.98 8433.12 1.84524e+06 789923 1.73643e+06 760.033 -23.0117 -25.7757
1010101 FRAC0_S 0 1 -30025.9 1068.17 8449.05 718448 907314 1.16923e+06 301.176 -38.0705 -26.8547
1010101 FRAC0_S 0 1 -30358.7 1017.31 8473.81 2.45537e+06 -1.20189e+06 2.30779e+06 1374.3 25.3666 -25.2376
1010101 FRAC0_S 0 1 -30654.9 860.645 8505.07 227555 -598934 1.34291e+06 276.433 33.3161 -35.6386
1010101 FRAC0_S 0 1 -30885.5 613.093 8531.47 569147 -1.23758e+06 1.055e+06 313.377 47.4528 -24.2703
1010101 FRAC0_S 0 1 -31020.2 309.061 8551.01 1.30066e+06 -1.57467e+06 666699 430.822 48.4046 -13.5124
1010101 FRAC0_S 0 1 -31040.2 -19.3805 8576.33 2.07771e+06 -1.0454e+06 89295.6 483.122 38.1465 -2.14268
1010101 FRAC0_S 0 1 -30967.1 -338.651 8592.44 1.8894e+06 -596103 -325080 363.826 26.5441 8.58023
1010101 FRAC0_S 0 1 -30815.5 -622.861 8591.77 295729 4.15715e+06 1.04282e+06 1692.42 -65.8474 -13.6124
1010101 FRAC0_S 0 1 -30586.9 -851.049 8587.72 1.39007e+06 -491756 -216380 199.964 28.9667 7.69289
1010101 FRAC0_S 0 1 -30298 -1002.4 8579.24 1.32395e+06 -761930 -681726 269.739 33.237 17.211
1010101 FRAC0_S 0 1 -29972.6 -1061.74 8559.87 2.43343e+06 789641 -1.71109e+06 972.636 -20.6122 23.0806
1010101 FRAC0_S 0 1 -29642.3 -1015.36 8522.4 420919 -302400 -1.39195e+06 281.626 18.5839 37.0378
1010101 FRAC0_S 0 1 -29350 -856.019 8473.88 476998 576669 -1.15075e+06 226.03 -31.8333 31.7249
1010101 FRAC0_S 0 1 -29131.8 -604.467 8435.49 1.24569e+06 1.08883e+06 -986503 373.355 -38.376 20.2579
1010101 FRAC0_S 0 1 -29002.5 -300.813 8417.53 -785621 828315 -327070 75.3666 -46.9965 12.2064
1010101 FRAC0_S 0 1 -28968.9 22.4065 8410.88 1.8956e+06 680669 88448.3 362.524 -31.1939 -2.55265
1010101 FRAC0_S 0 1 -29032.1 338.925 8407.92 1.62685e+06 416750 91545.3 252.434 -24.6591 -3.28362