
Step FractureNumber TipNr TipActive TipX TipY TipZ KI KII KIII G Phi Psi Extension
1010000 FRAC0_S 0 1 -14323.9 719.942 8500 2.48226e+07 -964556 -317494 55002.5 5.07737 0.943783
1010000 FRAC0_S 0 1 -14579.4 893.655 8500 422319 -1.07968e+06 -1.02604e+06 259.787 47.0235 26.2215
1010000 FRAC0_S 0 1 -14876.1 979.89 8500 355071 -543711 -1.28719e+06 257.941 30.4912 34.4874
1010000 FRAC0_S 0 1 -15185 970.208 8500 262905 98639.3 -995385 138.802 -9.80712 39.4599
1010000 FRAC0_S 0 1 -15475.7 865.554 8500 425817 674853 -1.21845e+06 254.195 -34.8119 31.8714
1010000 FRAC0_S 0 1 -15719.9 676.174 8500 359488 936813 -904112 198.437 -46.9161 26.4776
1010000 FRAC0_S 0 1 -15893.7 420.606 8500 534736 1.69181e+06 -744705 354.293 -57.0205 17.4766
1010000 FRAC0_S 0 1 -15979.9 123.865 8500 558634 2.10721e+06 -304252 435.798 -64.0917 7.6439
1010000 FRAC0_S 0 1 -15970.2 -185 8500 232566 2.16517e+06 -24908.1 422.647 -69.2093 0.798459
1010000 FRAC0_S 0 1 -15865.5 -475.757 8500 463591 2.09429e+06 563475 452.219 -62.421 -13.0053
1010000 FRAC0_S 0 1 -15676.1 -719.942 8500 -2.36513e+07 1.84716e+06 1.12044e+06 471.008 -9.37789 -3.2247
1010000 FRAC0_S 0 1 -15420.6 -893.655 8500 449465 1.09626e+06 1.14266e+06 298.746 -45.449 -27.1911
1010000 FRAC0_S 0 1 -15123.9 -979.89 8500 353179 635476 1.26517e+06 259.989 -33.9087 -33.3863
1010000 FRAC0_S 0 1 -14815 -970.208 8500 341017 14987.2 1.33013e+06 245.693 -1.23886 -40.9953
1010000 FRAC0_S 0 1 -14524.3 -865.554 8500 405271 -610690 1.25313e+06 256.723 32.6085 -33.0116
1010000 FRAC0_S 0 1 -14292.4 -689.301 8500 377073 -1.15281e+06 1.02134e+06 269.832 48.9683 -25.9373
1010000 FRAC0_S 0 1 -14106.3 -420.606 8500 365577 -1.54344e+06 742546 297.521 57.7744 -19.2552
1010000 FRAC0_S 0 1 -14020.1 -123.865 8500 348106 -1.8235e+06 263951 316.368 65.5794 -8.06559
1010000 FRAC0_S 0 1 -14029.8 185 8500 -1.33903e+07 -2.02445e+06 -799884 450.303 16.3882 3.76751
1010000 FRAC0_S 0 1 -14134.5 475.757 8500 425093 -1.92043e+06 -549823 384.952 62.0635 13.6221
Step FractureNumber TipNr TipActive TipX TipY TipZ KI KII KIII G Phi Psi Extension
1010101 FRAC0_S 0 1 -14272.2 777.307 8544.81 -2.66293e+07 -1.02314e+07 3.68032e+06 11129.6 30.8736 -6.8089
1010101 FRAC0_S 0 1 -14545.1 964.02 8551.48 -643593 -656271 1.32234e+06 270.941 30.6538 -30.9423
1010101 FRAC0_S 0 1 -14868.1 1062.26 8539.4 935946 -216300 -843124 176.773 14.3536 27.0663
1010101 FRAC0_S 0 1 -15201.5 1057.96 8489.9 2.82549e+07 -2.0165e+06 1.5924e+06 71839.4 8.57955 -3.81566
1010101 FRAC0_S 0 1 -15512.6 937.42 8448.94 -4.83612e+06 -7.53256e+06 8.61749e+06 14932.8 41.232 -26.4646
1010101 FRAC0_S 0 1 -15767.1 723.339 8428.24 1.21374e+06 156504 -549485 173.613 -10.9481 19.6224
1010101 FRAC0_S 0 1 -15941.6 445.257 8417.31 -683504 2.45172e+06 -58787.7 536.092 -66.2193 1.42446
1010101 FRAC0_S 0 1 -16022.6 130.738 8410.68 5.79152e+06 1.60698e+06 -290741 3230.25 -26.2013 2.90212
1010101 FRAC0_S 0 1 -16008.6 -192.529 8408.61 1.25638e+06 -161397 -208615 148.769 13.2037 9.46202
1010101 FRAC0_S 0 1 -15911.4 -506.548 8428.24 -180294 -6.97144e+06 -2.07024e+06 4900.86 65.8311 15.8472
1010101 FRAC0_S 0 1 -15727.6 -777.345 8451.88 1.40316e+06 934532 436427 278.602 -39.2186 -11.4543
1010101 FRAC0_S 0 1 -15455 -963.957 8446.35 1.29978e+06 947907 882654 334.229 -35.9751 -19.3698
1010101 FRAC0_S 0 1 -15131.9 -1061.48 8453.75 638770 1.00903e+06 1.85622e+06 585.343 -34.5103 -32.0591
1010101 FRAC0_S 0 1 -14798.1 -1058.35 8498.44 835164 115048 982271 191.659 -8.08662 -31.121
1010101 FRAC0_S 0 1 -14487.3 -938.252 8545.26 882453 -200963 676261 133.816 15.0756 -25.1023
1010101 FRAC0_S 0 1 -14233.9 -722.778 8572.34 7.98678e+06 -5.83063e+06 6.00793e+06 13514.3 35.1194 -20.6068
1010101 FRAC0_S 0 1 -14060 -444.492 8583.92 -9.45758e+06 2.67969e+06 -2.91209e+06 1767.75 -22.709 13.8576
1010101 FRAC0_S 0 1 -13964 -127.642 8573.72 -4.70275e+06 -596676 -267289 41.2271 14.2019 3.66914
1010101 FRAC0_S 0 1 -13962.1 198.33 8558.96 1.15385e+06 -574665 214367 154.177 35.2852 -8.20437
1010101 FRAC0_S 0 1 -14073.3 509.684 8553.44 1.22646e+06 -764699 -78897.8 186.975 42.1649 2.92494