
Step FractureNumber TipNr TipActive TipX TipY TipZ KI KII KIII G Phi Psi Extension
1010000 FRAC0_S 0 1 -44201.4 29698 8003.36 2.35163e+06 -392863 -1.62728e+06 858.734 12.0156 24.4613
1010000 FRAC0_S 0 1 -44275.2 29943.9 7831.33 2.87763e+06 507967 -1.92769e+06 1255.12 -12.7446 23.9551
1010000 FRAC0_S 0 1 -44420.1 30195.2 7724.75 3.33999e+06 987378 -2.04738e+06 1638.45 -20.0051 21.6473
1010000 FRAC0_S 0 1 -44621.5 30427.5 7694.05 3.02417e+06 2.03131e+06 -1.46561e+06 1468.34 -36.8176 15.8635
1010000 FRAC0_S 0 1 -44860.1 30617.9 7742.25 1.90193e+06 1.68979e+06 -651660 633.267 -44.6501 11.2003
1010000 FRAC0_S 0 1 -45112.4 30747.8 7864.62 2.71104e+06 2.81005e+06 -370145 1376.81 -50.8521 4.77044
1010000 FRAC0_S 0 1 -45353.7 30804.5 8049.19 2.36792e+06 2.52136e+06 215271 1072.3 -52.0735 -3.23076
1010000 FRAC0_S 0 1 -45567.5 30780 8287.48 1.93504e+06 1.86652e+06 636903 698.063 -46.4952 -10.5132
1010000 FRAC0_S 0 1 -45712.2 30683.8 8528.32 2.67766e+06 2.16608e+06 1.34955e+06 1299.23 -40.4019 -15.4297
1010000 FRAC0_S 0 1 -45794.3 30518.3 8775.98 1.35221e+06 575672 1.09797e+06 352.805 -24.1014 -23.9583
1010000 FRAC0_S 0 1 -45798.6 30302 8996.64 2.39595e+06 515693 1.78198e+06 957.575 -14.5369 -24.8568
1010000 FRAC0_S 0 1 -45724.8 30056.1 9168.67 1.88193e+06 -206463 1.46499e+06 604.841 7.89813 -26.5487
1010000 FRAC0_S 0 1 -45579.9 29804.8 9275.25 2.7339e+06 -1.32199e+06 1.9211e+06 1312.61 27.5408 -21.6612
1010000 FRAC0_S 0 1 -45378.5 29572.5 9305.95 3.37789e+06 -2.07772e+06 1.9221e+06 1892.8 33.8752 -18.0813
1010000 FRAC0_S 0 1 -45139.9 29382.1 9257.75 2.64918e+06 -2.70422e+06 992624 1408.08 46.947 -11.3931
1010000 FRAC0_S 0 1 -44887.6 29252.2 9135.38 2.62215e+06 -2.97775e+06 352699 1419.37 52.517 -4.50575
1010000 FRAC0_S 0 1 -44646.3 29195.5 8950.81 2.82909e+06 -2.98776e+06 -324869 1522.71 51.5401 4.03351
1010000 FRAC0_S 0 1 -44439.6 29217.5 8722.12 2.60068e+06 -2.5925e+06 -876507 1303.79 47.0268 10.5756
1010000 FRAC0_S 0 1 -44287.8 29316.2 8471.68 2.92568e+06 -2.36418e+06 -1.36608e+06 1509.01 40.8962 14.6188
1010000 FRAC0_S 0 1 -44205.7 29481.7 8224.02 2.15682e+06 -957562 -1.35604e+06 740.801 26.7762 20.6238
Step FractureNumber TipNr TipActive TipX TipY TipZ KI KII KIII G Phi Psi Extension
1010101 FRAC0_S 0 1 -44116.7 29679.4 7965.36 3.80608e+06 -64148.7 -2.2035e+06 1937.01 1.47082 23.9544
1010101 FRAC0_S 0 1 -44214.2 29930 7759.28 3.32699e+06 119086 -2.09638e+06 1572.12 -2.97574 24.7816
1010101 FRAC0_S 0 1 -44388.5 30190.1 7633.32 3.63285e+06 117832 -1.96935e+06 1693.09 -2.85429 22.9429
1010101 FRAC0_S 0 1 -44622.3 30428.2 7596.92 3.00616e+06 -60063.1 -1.23732e+06 1009.23 1.9403 19.698
1010101 FRAC0_S 0 1 -44889.4 30620.6 7648.35 4.23485e+06 129403 -1.09504e+06 1759.07 -3.27913 14.3177
1010101 FRAC0_S 0 1 -45162.9 30751.4 7779.74 4.95112e+06 -94341.7 -650068 2241.4 2.29978 8.47275
1010101 FRAC0_S 0 1 -45420.6 30810.7 7976.7 4.59771e+06 -27516.9 66097.4 1884.34 0.818759 -1.09241
1010101 FRAC0_S 0 1 -45640.8 30793.8 8221.99 4.81839e+06 195344 785072 2154.23 -4.63672 -9.95517
1010101 FRAC0_S 0 1 -45802.7 30700.7 8496.84 3.44109e+06 326759 1.12908e+06 1234.22 -9.03016 -16.23
1010101 FRAC0_S 0 1 -45888.9 30538 8776.68 4.24481e+06 313070 2.05858e+06 2177.97 -6.46764 -21.0737
1010101 FRAC0_S 0 1 -45885.4 30318.9 9032.95 3.43542e+06 281837 2.25416e+06 1734.57 -6.45175 -24.7418
1010101 FRAC0_S 0 1 -45786.7 30068.9 9238.78 4.01048e+06 765138 2.3081e+06 2193.94 -14.3052 -21.9114
1010101 FRAC0_S 0 1 -45608.7 29811.7 9367.13 2.80145e+06 -122732 1.60883e+06 1044.94 3.73919 -23.5265
1010101 FRAC0_S 0 1 -45376.4 29572.8 9403.63 4.4735e+06 -121398 1.98264e+06 2307.4 2.56005 -20.5129
1010101 FRAC0_S 0 1 -45110.3 29380.9 9351.26 4.4551e+06 -142688 1.22184e+06 1969.02 3.3905 -14.9216
1010101 FRAC0_S 0 1 -44836.2 29250.6 9219.9 5.51635e+06 -78412.6 806209 2798.62 1.70451 -9.30068
1010101 FRAC0_S 0 1 -44579.2 29189.8 9023.24 5.12489e+06 -155597 -117664 2344.43 3.97723 1.6845
1010101 FRAC0_S 0 1 -44359.2 29206.6 8778.21 4.44818e+06 -140934 -896448 1871.81 3.55064 11.8654
1010101 FRAC0_S 0 1 -44197.1 29300.7 8504.16 4.16044e+06 -150197 -1.48816e+06 1838.98 3.57924 17.844
1010101 FRAC0_S 0 1 -44111.1 29463.2 8224.16 4.41191e+06 -307482 -2.00982e+06 2280.19 6.25095 20.3526