
Step FractureNumber TipNr TipActive TipX TipY TipZ KI KII KIII G Phi Psi Extension
1010000 FRAC0_S 0 1 44523.2 -44135 8500 14339.4 -221011 45436.1 4.64554 66.8276 -11.7577
1010000 FRAC0_S 0 1 44279.2 -44324.7 8500 37955 -255711 -3529.85 5.95675 68.6361 0.921766
1010000 FRAC0_S 0 1 44105.9 -44580.5 8500 106267 -329386 -712461 78.1853 34.4035 35.6951
1010000 FRAC0_S 0 1 44020 -44877.3 8500 19583.5 -158671 -86885.3 3.28168 58.7126 22.0166
1010000 FRAC0_S 0 1 44030 -45186.2 8500 52764.2 -230881 -724346 74.7802 28.3946 39.0102
1010000 FRAC0_S 0 1 44135 -45476.8 8500 34132.4 -63387.2 -156496 3.71915 30.5768 35.5292
1010000 FRAC0_S 0 1 44324.7 -45720.8 8500 62485 304970 215030 14.7854 -54.1108 -24.2973
1010000 FRAC0_S 0 1 44580.5 -45894.1 8500 21854.3 63922.8 -98866.4 1.70669 -40.0778 32.3036
1010000 FRAC0_S 0 1 44877.3 -45980 8500 30350.4 136853 -113075 3.45154 -51.6697 26.097
1010000 FRAC0_S 0 1 45186.2 -45970 8500 -6585.03 -823610 34312.5 60.6029 69.8433 -3.04385
1010000 FRAC0_S 0 1 45476.8 -45865 8500 29003.9 200913 -34254.7 3.82802 -65.9861 9.55928
1010000 FRAC0_S 0 1 45720.8 -45675.3 8500 33901.6 195942 2469.14 3.52447 -68.2842 -0.825294
1010000 FRAC0_S 0 1 45894.1 -45419.5 8500 30775.5 169753 41581.1 2.88216 -63.7478 -12.4227
1010000 FRAC0_S 0 1 45980 -45122.7 8500 33134 158970 86280.2 3.33985 -57.1198 -21.0048
1010000 FRAC0_S 0 1 45970 -44813.8 8500 27589.5 104286 103611 2.46472 -48.2711 -27.9306
1010000 FRAC0_S 0 1 45865 -44523.2 8500 26506.7 50213.9 122865 2.29502 -30.7919 -35.511
1010000 FRAC0_S 0 1 45675.3 -44279.2 8500 -54590.3 815412 -327109 73.4801 -62.8834 18.8494
1010000 FRAC0_S 0 1 45419.5 -44105.9 8500 23059.4 -65755.5 127295 2.5878 36.1171 -34.4947
1010000 FRAC0_S 0 1 45122.7 -44020 8500 20190.6 -132965 105748 3.09907 53.437 -26.3535
1010000 FRAC0_S 0 1 44813.8 -44030 8500 -55321.9 189993 455519 30.8138 -32.8089 -36.7563
Step FractureNumber TipNr TipActive TipX TipY TipZ KI KII KIII G Phi Psi Extension
1010101 FRAC0_S 0 1 44503.1 -44090.9 8555.7 50687.1 -82131.2 -214153 6.92964 29.217 35.571
1010101 FRAC0_S 0 1 44242.6 -44294.9 8583.68 3935.25 71989.7 -304782 12.8178 -23.9703 41.2943
1010101 FRAC0_S 0 1 44049 -44555.1 8572.9 -143614 272003 -58672.9 7.05072 -57.2666 9.14412
1010101 FRAC0_S 0 1 43954 -44869.5 8568.75 -126879 190913 -126357 5.37135 -47.2442 19.5196
1010101 FRAC0_S 0 1 43955.1 -45203.2 8557.86 -127394 192890 -115643 5.09412 -48.2422 18.3695
1010101 FRAC0_S 0 1 44065.7 -45512.4 8517.07 -10794.5 487069 -52546.9 21.5074 -69.073 7.14577
1010101 FRAC0_S 0 1 44277.7 -45769.9 8456.11 270373 249555 -355407 28.8634 -34.2239 26.2296
1010101 FRAC0_S 0 1 44552.2 -45954.9 8427.94 336081 217011 -227080 21.1197 -33.5261 19.9073
1010101 FRAC0_S 0 1 44866.9 -46036.6 8468.15 96374 150903 -182979 7.30984 -40.4912 27.2033
1010101 FRAC0_S 0 1 45192.4 -46011.2 8504.5 17807.7 169281 -30712.5 2.70724 -66.526 10.3427
1010101 FRAC0_S 0 1 45495 -45897.6 8454.57 53917.1 24391 128898 2.52183 -15.5099 -35.7517
1010101 FRAC0_S 0 1 45749.2 -45701.6 8408.29 -267982 -311362 272735 18.532 41.8111 -21.5854
1010101 FRAC0_S 0 1 45934.4 -45437 8410.94 -185851 -148245 221145 8.4627 32.389 -25.8315
1010101 FRAC0_S 0 1 46033.3 -45127.7 8416.93 -143061 -110592 217974 7.40904 28.9796 -29.0007
1010101 FRAC0_S 0 1 46035 -44798.9 8428.89 -166860 -208706 -20478.7 3.93724 54.3374 3.945
1010101 FRAC0_S 0 1 45926.8 -44491.1 8433.5 -49470.9 -115395 -89462.1 2.25104 49.1108 23.354
1010101 FRAC0_S 0 1 45718.3 -44234 8457.44 -43844.9 -92520 -86229.2 1.75169 46.097 25.2637
1010101 FRAC0_S 0 1 45446.4 -44046.2 8527.3 184971 -252075 158755 12.0631 46.7019 -18.4406
1010101 FRAC0_S 0 1 45131.1 -43951.5 8541.35 -196423 481999 193279 25.6707 -56.0096 -15.6723
1010101 FRAC0_S 0 1 44803.1 -43965.4 8515.97 -210642 778415 -147695 56.8956 -63.0442 9.57722