
Step FractureNumber TipNr TipActive TipX TipY TipZ KI KII KIII G Phi Psi Extension
1010000 FRAC0_S 0 1 -14718.8 -44053.2 8500 40314.8 -49288.8 23112.2 0.432357 47.8345 -14.6063
1010000 FRAC0_S 0 1 -15025.1 -44012.6 8500 38358.8 -2439.71 609.574 0.131696 8.00562 -1.1411
1010000 FRAC0_S 0 1 -15329 -44068.7 8500 38344.8 78.6889 387.031 0.131041 -0.283564 -0.77456
1010000 FRAC0_S 0 1 -15600.7 -44216 8500 52166.8 -14282.1 -50068.8 0.594094 16.1087 27.4239
1010000 FRAC0_S 0 1 -15813.6 -44439.9 8500 33769.2 -106865 -68258.4 1.73894 53.3011 21.964
1010000 FRAC0_S 0 1 -15946.8 -44718.8 8500 47186.9 9018.69 -1167.66 0.205842 -20.2774 1.57378
1010000 FRAC0_S 0 1 -15987.3 -45025.1 8500 41994.8 1030.36 -381.039 0.157265 -3.28382 0.682175
1010000 FRAC0_S 0 1 -15931.3 -45329 8500 42643.4 1183.91 334.664 0.162183 -3.70286 -0.589197
1010000 FRAC0_S 0 1 -15784.1 -45600.7 8500 30339.6 147426 -173875 6.03972 -46.3912 30.5
1010000 FRAC0_S 0 1 -15560.1 -45813.6 8500 37764 7134.38 1598.41 0.131957 -19.8333 -2.6424
1010000 FRAC0_S 0 1 -15281.2 -45946.8 8500 47013.9 -254.073 4097.07 0.199199 0.690786 -6.01162
1010000 FRAC0_S 0 1 -14974.9 -45987.4 8500 39582.5 -1387.06 -1001.2 0.13992 4.5503 1.84189
1010000 FRAC0_S 0 1 -14671 -45931.3 8500 39747.4 -282681 -42767.8 7.50472 66.4264 8.68191
1010000 FRAC0_S 0 1 -14399.3 -45784 8500 23723.9 -9039.93 -44583.2 0.321795 15.4063 33.9956
1010000 FRAC0_S 0 1 -14186.4 -45560.1 8500 33975.3 -948.765 485.444 0.102973 3.70091 -1.06313
1010000 FRAC0_S 0 1 -14053.2 -45281.2 8500 34427.3 -30392.8 -89964.2 1.26437 24.7909 34.1873
1010000 FRAC0_S 0 1 -14012.7 -44974.9 8500 41454 -1823.78 391.692 0.153447 5.72477 -0.696963
1010000 FRAC0_S 0 1 -14068.7 -44671 8500 30784 23604.9 17431.7 0.174511 -38.4516 -16.9876
1010000 FRAC0_S 0 1 -14215.9 -44399.3 8500 35792.9 -159.582 -885.616 0.114268 0.605163 1.85611
1010000 FRAC0_S 0 1 -14439.9 -44186.4 8500 35230.6 1068.38 -975.273 0.110831 -3.95527 2.01826
Step FractureNumber TipNr TipActive TipX TipY TipZ KI KII KIII G Phi Psi Extension
1010101 FRAC0_S 0 1 -14718.8 -44053.2 8500 40917.8 8151.64 4811.36 0.158194 -19.5784 -6.70198
1010101 FRAC0_S 0 1 -15025.1 -44012.6 8500 42264.8 6831.82 13399.3 0.187216 -14.4678 -15.2065
1010101 FRAC0_S 0 1 -15343.6 -44049.6 8506.94 202265 -362020 -125482 17.4184 54.1958 13.0976
1010101 FRAC0_S 0 1 -15642.2 -44169.3 8533.91 63194.6 -43738.7 84249.7 1.47037 28.3653 -27.9643
1010101 FRAC0_S 0 1 -15852.8 -44404 8547.02 83940.6 -36543.6 73806.3 1.47137 23.8559 -24.8682
1010101 FRAC0_S 0 1 -15959.1 -44710.3 8520.05 44484.4 29117.4 3750.19 0.253756 -42.781 -3.70404
1010101 FRAC0_S 0 1 -15987.3 -45025.1 8500 44405.9 41.234 14844.1 0.205021 -0.0973289 -17.4596
1010101 FRAC0_S 0 1 -15945 -45339.5 8481.9 36499.8 -32980.1 60178.7 0.697296 31.0816 -29.0935
1010101 FRAC0_S 0 1 -15811.4 -45621.7 8463.8 124844 58953.8 34477.1 1.85668 -32.7061 -11.497
1010101 FRAC0_S 0 1 -15544.7 -45840 8485.59 133792 76752.8 3836.43 2.12199 -41.1504 -1.38527
1010101 FRAC0_S 0 1 -15281.2 -45946.8 8500 36351.9 5438.32 34645.4 0.280031 -9.60652 -28.5747
1010101 FRAC0_S 0 1 -14971.5 -45996.7 8522.91 21167 13736 70510.7 0.717982 -17.0542 -37.4089
1010101 FRAC0_S 0 1 -14664.3 -45950.1 8545.83 -15231.6 41395.5 73982.1 0.880654 -37.3402 -33.5941
1010101 FRAC0_S 0 1 -14396 -45793.5 8522.91 -229621 185226 141691 5.7274 -38.8408 -17.7193
1010101 FRAC0_S 0 1 -14164.7 -45566.5 8510.49 -16029 73855.2 -32678.1 0.628083 -58.9447 18.4508
1010101 FRAC0_S 0 1 -14009.7 -45294.1 8520.97 86531.3 -94087.1 -68420.2 2.07868 42.9008 18.9387
1010101 FRAC0_S 0 1 -13990.9 -44981.3 8510.49 51069.5 -12539.7 7857.28 0.25463 22.4097 -8.17671
1010101 FRAC0_S 0 1 -14068.7 -44671 8500 35073.5 48472.8 -83874 1.25463 -34.666 30.794
1010101 FRAC0_S 0 1 -14215.9 -44399.3 8500 41241.2 739.133 -342.711 0.151626 -2.42362 0.629441
1010101 FRAC0_S 0 1 -14439.9 -44186.4 8500 42468.2 7293.72 3343.37 0.166941 -17.9078 -4.77987