
Step FractureNumber TipNr TipActive TipX TipY TipZ KI KII KIII G Phi Psi Extension
1010000 FRAC0_S 0 1 -29476.2 -29162.6 8500 -3.87719e+06 -1.1681e+07 -2.03277e+06 12708.2 62.0989 8.57282
1010000 FRAC0_S 0 1 -29760.5 -29041.8 8500 -3.27008e+06 -9.81247e+06 -4.50085e+06 11274.2 56.3278 17.8036
1010000 FRAC0_S 0 1 -30068.3 -29014.7 8500 -3.12724e+06 -6.18614e+06 -5.56149e+06 7523.8 46.1162 24.5499
1010000 FRAC0_S 0 1 -30369.5 -29084 8500 -3.63204e+06 -3.86517e+06 -7.07747e+06 7993.31 32.2046 30.0952
1010000 FRAC0_S 0 1 -30634.5 -29243 8500 -3.62012e+06 -686647 -7.72431e+06 7977.45 7.76218 36.4757
1010000 FRAC0_S 0 1 -30837.4 -29476.2 8500 -3.12292e+06 2.6608e+06 -6.46377e+06 6187.67 -27.1115 31.9739
1010000 FRAC0_S 0 1 -30958.2 -29760.5 8500 -3.1416e+06 5.27799e+06 -5.47024e+06 6462.18 -43.0911 25.6004
1010000 FRAC0_S 0 1 -30985.3 -30068.3 8500 -2.79042e+06 7.18994e+06 -3.97462e+06 6707.64 -53.5494 19.5387
1010000 FRAC0_S 0 1 -30916 -30369.5 8500 -2.64631e+06 7.99266e+06 -2.15264e+06 6308.88 -60.1476 12.1917
1010000 FRAC0_S 0 1 -30757 -30634.5 8500 -2.9965e+06 9.91998e+06 -521165 8805.08 -65.2031 2.97551
1010000 FRAC0_S 0 1 -30523.8 -30837.4 8500 -2.50212e+06 8.36116e+06 1.36032e+06 6475.7 -63.0109 -8.27167
1010000 FRAC0_S 0 1 -30239.5 -30958.2 8500 -2.46235e+06 6.52504e+06 2.53445e+06 4648.28 -56.8345 -15.5608
1010000 FRAC0_S 0 1 -29931.7 -30985.3 8500 -2.95288e+06 6.70807e+06 4.98981e+06 7321.26 -49.4263 -22.7376
1010000 FRAC0_S 0 1 -29630.5 -30916 8500 -2.43635e+06 3.18466e+06 4.79429e+06 3960.8 -36.2629 -28.9121
1010000 FRAC0_S 0 1 -29365.5 -30757 8500 -2.86214e+06 876695 6.35546e+06 5440.61 -11.6311 -36.0281
1010000 FRAC0_S 0 1 -29162.6 -30523.8 8500 -3.09266e+06 -1.97692e+06 6.44817e+06 5878.25 21.9675 -33.3249
1010000 FRAC0_S 0 1 -29041.8 -30239.5 8500 -3.12455e+06 -4.93828e+06 5.82939e+06 6692.67 40.9208 -26.9195
1010000 FRAC0_S 0 1 -29014.7 -29931.7 8500 -3.66485e+06 -8.37773e+06 5.11087e+06 9728.41 51.6785 -20.3106
1010000 FRAC0_S 0 1 -29084 -29630.5 8500 -2.9383e+06 -8.53805e+06 2.42123e+06 7275.66 59.5895 -12.5875
1010000 FRAC0_S 0 1 -29243 -29365.5 8500 -5.2646e+06 -1.40222e+07 591436 17567.5 63.925 -2.29152
Step FractureNumber TipNr TipActive TipX TipY TipZ KI KII KIII G Phi Psi Extension
1010101 FRAC0_S 0 1 -29452 -29122.3 8587.45 7.22701e+06 -5.23983e+06 -1.38434e+06 7355.65 42.9438 7.46597
1010101 FRAC0_S 0 1 -29748.8 -28987.7 8581.72 6.11823e+06 -6.30635e+06 -3.80489e+06 8805 43.8311 16.4728
1010101 FRAC0_S 0 1 -30075.3 -28947.1 8570.16 3.19213e+06 -6.34577e+06 -5.96605e+06 9230.32 45.5752 25.1285
1010101 FRAC0_S 0 1 -30402.4 -29008.5 8548.04 515429 -3.19768e+06 -5.70168e+06 5258.56 39.4751 35.1343
1010101 FRAC0_S 0 1 -30693.1 -29173.7 8508.68 -949921 -501774 -7.31639e+06 7141.86 7.78258 42.1086
1010101 FRAC0_S 0 1 -30908.7 -29429.2 8463.52 70971.7 3.73246e+06 -6.9465e+06 7659.63 -40.1704 36.6233
1010101 FRAC0_S 0 1 -31027.3 -29740.9 8434.34 2.45441e+06 4.43892e+06 -4.66147e+06 5182.64 -43.4521 26.0962
1010101 FRAC0_S 0 1 -31044.2 -30070.6 8421.02 4.19735e+06 4.79399e+06 -3.15626e+06 4942.82 -44.3482 18.0386
1010101 FRAC0_S 0 1 -30961.9 -30386.6 8413.83 5.46692e+06 4.33336e+06 -1.62557e+06 4688 -43.0277 10.4292
1010101 FRAC0_S 0 1 -30790.6 -30662.2 8410.65 5.7242e+06 3.87216e+06 -204011 4261.43 -44.387 1.6094
1010101 FRAC0_S 0 1 -30547.3 -30876.6 8411.83 5.68595e+06 4.09671e+06 1.16406e+06 4556.69 -42.5898 -7.92125
1010101 FRAC0_S 0 1 -30251 -31010.6 8416.88 5.00718e+06 4.10891e+06 2.64774e+06 4671.01 -40.3598 -15.8841
1010101 FRAC0_S 0 1 -29925.1 -31049.7 8426.31 3.61181e+06 4.89278e+06 4.48271e+06 5968.28 -42.8079 -22.9911
1010101 FRAC0_S 0 1 -29598.6 -30988.3 8446.4 897832 3.37503e+06 5.13198e+06 4589.72 -41.2258 -32.7365
1010101 FRAC0_S 0 1 -29306.9 -30825.5 8484.48 -635623 826695 6.23014e+06 5223.25 -14.2371 -41.5263
1010101 FRAC0_S 0 1 -29089.3 -30571.8 8530.04 -362413 -2.90603e+06 7.17136e+06 7592.52 33.5466 -38.0086
1010101 FRAC0_S 0 1 -28970 -30259.8 8561.72 1.78028e+06 -4.02259e+06 4.81793e+06 4811.59 42.9831 -28.5925
1010101 FRAC0_S 0 1 -28953.7 -29929.4 8577.17 6.34842e+06 -6.65989e+06 4.90124e+06 10738.7 42.381 -18.8745
1010101 FRAC0_S 0 1 -29036.7 -29612.9 8585.19 8.33662e+06 -6.09674e+06 2.57638e+06 10388.1 41.1868 -11.0572
1010101 FRAC0_S 0 1 -29208.3 -29336.8 8588.57 9.0855e+06 -5.77422e+06 309305 10339.5 43.1491 -1.57674