
Step FractureNumber TipNr TipActive TipX TipY TipZ KI KII KIII G Phi Psi Extension
1010000 FRAC0_S 0 1 -29195.9 44544.7 8151.2 1.03088e+06 -2.53085e+06 -1.42877e+06 936.973 52.9958 19.6263
1010000 FRAC0_S 0 1 -29216.3 44772.7 7943.58 1.05627e+06 -1.75745e+06 -1.89114e+06 850.308 42.5283 26.0208
1010000 FRAC0_S 0 1 -29313.3 45022.9 7790.43 772304 -564382 -1.54878e+06 400.565 24.7052 32.3593
1010000 FRAC0_S 0 1 -29477.6 45270.9 7706.74 1.14933e+06 193985 -2.46179e+06 927.099 -6.95528 36.6509
1010000 FRAC0_S 0 1 -29693 45492.3 7700.69 1.07482e+06 1.19851e+06 -2.08211e+06 807.52 -33.224 29.7463
1010000 FRAC0_S 0 1 -29969.8 45683.3 7786.45 1.0494e+06 2.20078e+06 -1.79672e+06 959.079 -47.7386 23.5859
1010000 FRAC0_S 0 1 -30190 45773.7 7916.26 1.09951e+06 2.77154e+06 -1.22563e+06 992.008 -55.4313 16.8488
1010000 FRAC0_S 0 1 -30422.9 45806.1 8116.78 1.09928e+06 3.2394e+06 -566974 1085.53 -61.9242 8.57411
1010000 FRAC0_S 0 1 -30614.4 45759.6 8354.8 806573 2.38235e+06 78825.7 564.551 -64.861 -1.86234
1010000 FRAC0_S 0 1 -30745.8 45638.7 8607.04 1.09782e+06 3.17586e+06 837214 1099.39 -59.9658 -11.8916
1010000 FRAC0_S 0 1 -30804.1 45455.3 8848.8 1.15136e+06 2.79865e+06 1.55087e+06 1135.97 -53.1081 -19.3676
1010000 FRAC0_S 0 1 -30783.7 45227.3 9056.42 1.10732e+06 1.81487e+06 1.95091e+06 908.973 -42.4305 -25.9377
1010000 FRAC0_S 0 1 -30686.7 44977.1 9209.57 191259 1.27075e+06 1.52904e+06 458.103 -46.8442 -31.2501
1010000 FRAC0_S 0 1 -30513.3 44717.8 9295.42 1.30254e+06 -251604 2.61787e+06 1068.31 8.18846 -35.9504
1010000 FRAC0_S 0 1 -30307 44507.7 9299.31 1.07104e+06 -1.30697e+06 2.16204e+06 876.131 34.5016 -29.661
1010000 FRAC0_S 0 1 -30061.5 44334.4 9227.11 1.2312e+06 -2.41877e+06 1.93396e+06 1153.86 47.509 -23.0563
1010000 FRAC0_S 0 1 -29810 44226.3 9083.74 1.05222e+06 -2.89775e+06 1.19326e+06 1036.29 56.6573 -16.3202
1010000 FRAC0_S 0 1 -29577.1 44193.9 8883.22 1.04863e+06 -3.23733e+06 524570 1068.49 62.5135 -8.11319
1010000 FRAC0_S 0 1 -29385.6 44240.4 8645.2 1.05565e+06 -3.28488e+06 -175672 1064.95 64.7965 2.98412
1010000 FRAC0_S 0 1 -29254.2 44361.3 8392.96 1.049e+06 -3.07736e+06 -854960 1039.16 59.7736 12.4153
Step FractureNumber TipNr TipActive TipX TipY TipZ KI KII KIII G Phi Psi Extension
1010101 FRAC0_S 0 1 -29102 44563.7 8174.11 3.10071e+06 -469087 -1.63262e+06 1230.85 12.0543 21.228
1010101 FRAC0_S 0 1 -29121.9 44794.9 7938.27 2.53158e+06 235060 -1.89721e+06 1054.74 -6.87826 26.2688
1010101 FRAC0_S 0 1 -29234 45046.6 7747.56 1.82642e+06 -253281 -2.08464e+06 880.955 8.25602 30.7767
1010101 FRAC0_S 0 1 -29416.9 45273.1 7633.72 1.34634e+06 505400 -1.87051e+06 649.628 -17.7184 30.8633
1010101 FRAC0_S 0 1 -29694.1 45503 7606.28 1.4824e+06 266088 -1.5307e+06 513.756 -10.8993 29.2193
1010101 FRAC0_S 0 1 -29973.8 45668.6 7681.67 3.02319e+06 365172 -1.58605e+06 1160.89 -9.90019 21.5148
1010101 FRAC0_S 0 1 -30246.7 45769.7 7835.36 3.57772e+06 664679 -1.20226e+06 1372.22 -16.0479 15.6145
1010101 FRAC0_S 0 1 -30492.7 45794.2 8047.28 3.42908e+06 284836 -374501 1073.69 -9.41389 6.86794
1010101 FRAC0_S 0 1 -30693.4 45742.3 8297.1 3.1907e+06 206632 279513 921.387 -7.64666 -5.73883
1010101 FRAC0_S 0 1 -30833.1 45620.4 8563.89 3.82087e+06 416007 1.03011e+06 1457.47 -10.621 -13.9928
1010101 FRAC0_S 0 1 -30898 45436.1 8825.83 1.53069e+06 758898 1.00866e+06 395.42 -28.5068 -20.7674
1010101 FRAC0_S 0 1 -30878.6 45200.7 9053.25 2.17597e+06 119767 1.8998e+06 903.228 -3.93945 -28.5532
1010101 FRAC0_S 0 1 -30766.9 44945 9235.67 1.88512e+06 -186126 2.09352e+06 902.669 6.11688 -30.8701
1010101 FRAC0_S 0 1 -30565.1 44706.6 9363.73 2.21119e+06 -117848 2.4219e+06 1217.05 3.42967 -31.1867
1010101 FRAC0_S 0 1 -30304.9 44498 9394.01 2.17619e+06 -480089 2.12907e+06 1045.42 13.3409 -28.171
1010101 FRAC0_S 0 1 -30025.8 44332.1 9318.29 2.7104e+06 -614732 1.69564e+06 1070.7 16.0919 -22.5786
1010101 FRAC0_S 0 1 -29753.3 44231.5 9164.46 3.61305e+06 -702552 1.31372e+06 1436.78 16.382 -16.4057
1010101 FRAC0_S 0 1 -29507.2 44206.8 8952.6 3.83022e+06 -344883 269160 1327.53 10.4427 -4.6029
1010101 FRAC0_S 0 1 -29306.6 44257.9 8702.85 4.27437e+06 -133020 -503290 1663.32 3.74095 7.64751
1010101 FRAC0_S 0 1 -29166.9 44379.4 8436.02 2.20152e+06 -159589 -701666 499.637 7.10479 16.1374