
Step FractureNumber TipNr TipActive TipX TipY TipZ KI KII KIII G Phi Psi Extension
1010000 FRAC0_S 0 1 45000 44049 8233.09 4.54004e+06 -125552 20604 1838.2 3.70063 -0.342307
1010000 FRAC0_S 0 1 45000 44178.1 7952.3 4.70449e+06 -151639 -22804.2 1974.32 4.28363 0.363853
1010000 FRAC0_S 0 1 45000 44387.6 7725.12 4.45527e+06 -152488 -47643.4 1771.16 4.5106 0.794797
1010000 FRAC0_S 0 1 45000 44657 7573.79 3.82962e+06 -82557.3 -73805.1 1308.22 2.86964 1.43295
1010000 FRAC0_S 0 1 45000 44960 7513.12 4.97381e+06 -21281.4 -83057.6 2205.43 0.585481 1.26693
1010000 FRAC0_S 0 1 45000 45266.9 7549.06 5.29156e+06 -3914.05 -112444 2496.82 0.10129 1.60755
1010000 FRAC0_S 0 1 45000 45547.7 7678.08 4.70775e+06 58359.6 -103050 1976.66 -1.66792 1.63599
1010000 FRAC0_S 0 1 45000 45774.9 7887.55 4.06029e+06 112877 -48845.6 1470.51 -3.69292 0.897987
1010000 FRAC0_S 0 1 45000 45926.2 8156.97 4.85202e+06 85865.4 -112623 2100.18 -2.35996 1.72293
1010000 FRAC0_S 0 1 45000 45986.8 8459.98 4.70463e+06 182075 -30807.1 1975.4 -5.08765 0.487358
1010000 FRAC0_S 0 1 45000 45951 8766.91 5.21862e+06 201000 62469.8 2430.94 -5.03897 -0.884545
1010000 FRAC0_S 0 1 45000 45821.9 9047.7 4.79625e+06 157954 38536.7 2052.31 -4.35908 -0.600081
1010000 FRAC0_S 0 1 45000 45622.7 9266.78 3.02472e+06 101268 46169.2 816.46 -4.39801 -1.12826
1010000 FRAC0_S 0 1 45000 45343 9426.21 4.85291e+06 89542.7 99231.2 2100.63 -2.46438 -1.52242
1010000 FRAC0_S 0 1 45000 45040 9486.88 4.44164e+06 130153 150099 1762.48 -3.80575 -2.44611
1010000 FRAC0_S 0 1 45000 44733.1 9450.94 4.95615e+06 -35788 135874 2191.42 0.973678 -2.04362
1010000 FRAC0_S 0 1 45000 44452.3 9321.92 4.7447e+06 -40549.8 85641.6 2007.18 1.16064 -1.36122
1010000 FRAC0_S 0 1 45000 44225.1 9112.45 4.98718e+06 -70079.2 124611 2218.84 1.88054 -1.85662
1010000 FRAC0_S 0 1 45000 44073.8 8843.03 4.73957e+06 -90878.6 65027.9 2003.02 2.57481 -1.03027
1010000 FRAC0_S 0 1 45000 44013.2 8540.02 4.66331e+06 -77467.7 23729.8 1938.44 2.2578 -0.387663
Step FractureNumber TipNr TipActive TipX TipY TipZ KI KII KIII G Phi Psi Extension
1010101 FRAC0_S 0 1 45006.1 43955.3 8206.8 4.94447e+06 111627 -17258.7 2179.69 -3.04649 0.264961
1010101 FRAC0_S 0 1 45007.4 44097.1 7898.36 5.3338e+06 340548 3379.95 2545.47 -8.14532 -0.0464217
1010101 FRAC0_S 0 1 45007 44327.2 7648.78 5.38179e+06 198406 18991.2 2584.51 -4.87297 -0.264179
1010101 FRAC0_S 0 1 45004.7 44623.1 7482.43 4.93042e+06 71080 -52411.8 2166.99 -1.95516 0.805354
1010101 FRAC0_S 0 1 45001.8 44956.1 7415.68 4.89619e+06 -50147.1 -96155.2 2137.66 1.38536 1.47538
1010101 FRAC0_S 0 1 44999.6 45293.3 7455.14 5.38818e+06 -86338.1 20763.6 2587.81 2.1823 -0.294247
1010101 FRAC0_S 0 1 44996.9 45601.7 7596.94 4.83535e+06 -58433 -78640.9 2084.58 1.63553 1.22535
1010101 FRAC0_S 0 1 44995 45851.3 7827.14 4.94639e+06 -149957 -94964.2 2183.44 3.98565 1.4158
1010101 FRAC0_S 0 1 44994.1 46017.5 8123.15 5.24576e+06 -187301 -13270.6 2455.28 4.73186 0.189859
1010101 FRAC0_S 0 1 44992.3 46084 8456.02 4.5406e+06 -193646 -16830.7 1840.56 5.58988 0.275901
1010101 FRAC0_S 0 1 44991.5 46044.5 8793.17 4.6081e+06 -167129 42500.8 1894.94 4.7724 -0.685527
1010101 FRAC0_S 0 1 44992.1 45902.8 9101.62 5.16445e+06 -195851 51355.9 2380.47 4.97499 -0.737237
1010101 FRAC0_S 0 1 44993.2 45672.8 9351.23 5.07518e+06 -219659 59898.6 2300.02 5.6252 -0.868386
1010101 FRAC0_S 0 1 44994.3 45376.9 9517.54 4.5961e+06 -236658 123973 1889.4 6.52471 -1.93022
1010101 FRAC0_S 0 1 44996 45043.9 9584.22 4.93017e+06 -157830 76863.3 2168.96 4.21281 -1.15349
1010101 FRAC0_S 0 1 44999.7 44706.7 9544.8 5.06376e+06 -43440.4 56417.6 2285.52 1.17283 -0.848287
1010101 FRAC0_S 0 1 45002.3 44398.2 9403.08 5.06917e+06 73634.9 99521.8 2291.61 -1.95266 -1.46888
1010101 FRAC0_S 0 1 45003.3 44145.7 9169.2 4.90959e+06 74903.3 73934.9 2149.14 -2.05772 -1.13301
1010101 FRAC0_S 0 1 45004 43982.4 8876.87 3.80333e+06 65410.1 35119.3 1289.55 -2.32608 -0.699021
1010101 FRAC0_S 0 1 45004.7 43915.8 8543.98 4.93581e+06 81958.9 25412.6 2171.61 -2.25671 -0.392204