
Step FractureNumber TipNr TipActive TipX TipY TipZ KI KII KIII G Phi Psi Extension
1010000 FRAC0_S 0 1 -29408.9 179.47 7729.37 7.46053e+06 6.07675e+06 1.87775e+06 8719.32 -44.3112 -9.01175
1010000 FRAC0_S 0 1 -29607.2 413.642 7693.64 1.0394e+07 7.09379e+06 4.14398e+06 16395.2 -38.3829 -13.7313
1010000 FRAC0_S 0 1 -29844.1 607.323 7736.85 8.09439e+06 3.99276e+06 4.38214e+06 9813.02 -29.8268 -18.4179
1010000 FRAC0_S 0 1 -30096.3 741.556 7854.75 1.0943e+07 2.82547e+06 6.0791e+06 16297.3 -18.5116 -20.7947
1010000 FRAC0_S 0 1 -30339 803.199 8035.82 3.84856e+06 4.24553e+06 3.08488e+06 4191.7 -43.0728 -19.0114
1010000 FRAC0_S 0 1 -30548.6 786.22 8262.31 -1.57443e+06 4.59667e+06 9.60855e+06 14162 -34.8425 -35.2599
1010000 FRAC0_S 0 1 -30704.4 692.281 8512.08 -1.2279e+07 7.43401e+06 1.1484e+07 22464.8 -29.3861 -24.241
1010000 FRAC0_S 0 1 -30791.2 530.576 8760.67 1.10409e+07 -2.07501e+06 4.30997e+06 13716.9 15.6781 -17.2732
1010000 FRAC0_S 0 1 -30800.7 316.935 8983.74 1.071e+07 -2.55369e+06 4.09152e+06 13028.9 19.0844 -16.5545
1010000 FRAC0_S 0 1 -30731.7 72.2695 9159.46 1.04567e+07 -3.21886e+06 3.95138e+06 12743.4 23.2312 -15.8267
1010000 FRAC0_S 0 1 -30591.1 -179.47 9270.63 1.12539e+07 -4.99568e+06 3.97073e+06 15606.8 30.3159 -14.0445
1010000 FRAC0_S 0 1 -30392.8 -413.642 9306.36 1.10046e+07 -6.19832e+06 2.79216e+06 15251.8 36.6722 -10.2486
1010000 FRAC0_S 0 1 -30155.9 -607.323 9263.15 9.23773e+06 -5.71993e+06 1.17633e+06 10703.8 40.8355 -5.51157
1010000 FRAC0_S 0 1 -29903.7 -741.556 9145.25 1.17073e+06 -1.68021e+07 -8.97595e+06 35994.4 60.0764 22.3188
1010000 FRAC0_S 0 1 -29661 -803.199 8964.18 1.12022e+07 -4.74809e+06 -2.48683e+06 14013.7 31.4116 9.92043
1010000 FRAC0_S 0 1 -29453.9 -786.969 8740.9 7.43058e+06 -1.53883e+06 -2.31438e+06 5843.49 17.7907 14.6101
1010000 FRAC0_S 0 1 -29295.6 -692.281 8487.92 1.56574e+07 9.28286e+06 -9.16492e+06 40695.8 -32.9198 18.5775
1010000 FRAC0_S 0 1 -29208.8 -530.576 8239.33 -1.17501e+07 -3.67787e+06 -9.39366e+06 12941.4 19.2073 24.7925
1010000 FRAC0_S 0 1 -29199.3 -316.935 8016.26 1.70638e+06 1.67091e+07 -7.61028e+06 32841.4 -61.0296 19.9865
1010000 FRAC0_S 0 1 -29268.3 -72.2695 7840.54 8.37292e+06 6.8493e+06 210109 10433.4 -48.3471 -1.05584
Step FractureNumber TipNr TipActive TipX TipY TipZ KI KII KIII G Phi Psi Extension
1010101 FRAC0_S 0 1 -29407.2 153.05 7634.46 1.75711e+07 224699 1.7271e+06 27913.3 -1.60206 -6.64204
1010101 FRAC0_S 0 1 -29612.7 411.457 7595.75 1.31245e+07 -712198 3.32139e+06 16861.8 5.69053 -13.8624
1010101 FRAC0_S 0 1 -29859.7 632.098 7643.94 1.13353e+07 -759532 4.93838e+06 14744.6 6.1036 -19.8404
1010101 FRAC0_S 0 1 -30130 779.138 7772.24 9.26493e+06 -2.10804e+06 5.94501e+06 12745.7 16.0044 -22.8874
1010101 FRAC0_S 0 1 -30397.8 834.489 7965.68 9.83613e+06 -6.06392e+06 7.77196e+06 19931.7 31.2696 -22.0517
1010101 FRAC0_S 0 1 -30626.6 815.573 8210.69 9.24177e+06 -8.3088e+06 5.81651e+06 18262.4 40.9304 -17.371
1010101 FRAC0_S 0 1 -30784.6 733.57 8495.52 1.15487e+07 -6.27085e+06 4.29889e+06 17846.7 34.0652 -13.9133
1010101 FRAC0_S 0 1 -30859.1 584.723 8790.65 1.32888e+07 -309769 3.94539e+06 17814.9 2.45012 -15.8722
1010101 FRAC0_S 0 1 -30856.2 365.74 9047.6 1.18767e+07 2.60686e+06 4.66366e+06 16067.8 -17.7632 -17.0406
1010101 FRAC0_S 0 1 -30774.4 102.682 9241.93 1.16371e+07 2.59594e+06 4.83717e+06 15780 -17.7604 -17.6615
1010101 FRAC0_S 0 1 -30613 -165.145 9364.9 1.81462e+07 -4.58041e+06 4.54587e+06 33960.4 21.5385 -12.0845
1010101 FRAC0_S 0 1 -30390.6 -412.025 9404.52 2.49259e+07 1.83388e+07 -3.80997e+06 87263.4 -43.9161 6.09674
1010101 FRAC0_S 0 1 -30128.6 -608.339 9356.91 6.58568e+06 1.26142e+07 9.33685e+06 29638.3 -48.2072 -21.9879
1010101 FRAC0_S 0 1 -29854.9 -747.284 9228.17 1.33985e+07 3.88116e+06 -240611 17346.9 -27.5783 1.06498
1010101 FRAC0_S 0 1 -29599.9 -834.248 9030.08 1.45028e+07 1.96896e+06 -1.77242e+06 19505.9 -14.2939 7.26623
1010101 FRAC0_S 0 1 -29394.2 -847.68 8767.41 1.37506e+07 -765522 -2.69272e+06 17865.4 6.08927 11.3969
1010101 FRAC0_S 0 1 -29240.1 -759.86 8480.37 4.4305e+07 7.71248e+06 5.15851e+06 183756 -17.611 -6.76868
1010101 FRAC0_S 0 1 -29157.2 -585.509 8209.71 1.0192e+07 554320 -2.45188e+06 10083.3 -5.7565 13.3515
1010101 FRAC0_S 0 1 -29179.8 -369.895 7955.78 2.961e+07 -234798 1.63986e+06 78489.9 1.04016 -3.97307
1010101 FRAC0_S 0 1 -29267.4 -119.616 7754.19 1.36979e+07 -3.83851e+06 -975924 18159.5 26.0193 4.02026