
Step FractureNumber TipNr TipActive TipX TipY TipZ KI KII KIII G Phi Psi Extension
1010000 FRAC0_S 0 1 -15000 984.872 8574.53 -6.18233e+06 -4.68188e+06 1.55976e+06 2276.86 42.8172 -9.27235
1010000 FRAC0_S 0 1 -15000 913.64 8875.22 -5.22046e+06 -4.87821e+06 511411 2155.33 49.5707 -3.68297
1010000 FRAC0_S 0 1 -15000 752.975 9139.18 -1.89905e+07 -5.84544e+06 -908497 3154.59 28.179 2.71145
1010000 FRAC0_S 0 1 -15000 518.603 9340.58 -2.33908e+07 -4.49619e+06 -1.7836e+06 2224.53 19.6077 4.5696
1010000 FRAC0_S 0 1 -15000 233.466 9459.7 -4.42807e+07 -3.25322e+06 -1.72815e+06 1340.3 8.94019 2.69569
1010000 FRAC0_S 0 1 -15000 -74.5244 9484.87 -2.6768e+07 -2.29293e+06 -3.01975e+06 1681.31 9.64874 7.04972
1010000 FRAC0_S 0 1 -15000 -375.22 9413.64 -2.29339e+07 -1.02473e+06 -3.17277e+06 1432.41 5.18782 8.67011
1010000 FRAC0_S 0 1 -15000 -639.186 9252.98 -1.69748e+07 1.09354e+06 -2.61221e+06 1014.1 -7.20714 9.32585
1010000 FRAC0_S 0 1 -15000 -840.583 9018.61 -2.33568e+07 2.73177e+06 -3.37114e+06 2176.48 -12.3802 8.4936
1010000 FRAC0_S 0 1 -15000 -959.699 8733.46 -9.4311e+06 3.65535e+06 -2.3744e+06 1940.48 -29.1868 11.2006
1010000 FRAC0_S 0 1 -15000 -984.872 8425.47 -3.63325e+06 4.90212e+06 -1.48425e+06 2434.38 -51.7396 10.8303
1010000 FRAC0_S 0 1 -15000 -913.64 8124.78 3.4885e+06 5.43406e+06 -475655 3745.86 -57.546 3.86314
1010000 FRAC0_S 0 1 -15000 -752.975 7860.82 1.10119e+07 5.60585e+06 916301 13717.6 -37.6046 -3.98603
1010000 FRAC0_S 0 1 -15000 -518.603 7659.42 1.40218e+07 4.54538e+06 1.83886e+06 19810.7 -27.7114 -6.7609
1010000 FRAC0_S 0 1 -15000 -233.466 7540.3 -1.80779e+07 1.5472e+06 2.56705e+06 1089.75 -9.42034 -8.58102
1010000 FRAC0_S 0 1 -15000 74.5244 7515.13 1.65412e+07 1.99606e+06 3.18137e+06 26082.7 -12.2755 -10.7175
1010000 FRAC0_S 0 1 -15000 375.22 7586.36 1.50644e+07 576053 3.46822e+06 21851.8 -4.15683 -13.0699
1010000 FRAC0_S 0 1 -15000 639.186 7747.02 9.59694e+06 -938004 2.53425e+06 9139.73 9.68751 -13.8842
1010000 FRAC0_S 0 1 -15000 840.583 7981.39 8.20338e+06 -2.36561e+06 3.48887e+06 8114.27 21.5765 -17.3254
1010000 FRAC0_S 0 1 -15000 959.699 8266.54 -253996 -3.17833e+06 2.00505e+06 1434.86 57.9172 -24.2754
Step FractureNumber TipNr TipActive TipX TipY TipZ KI KII KIII G Phi Psi Extension
1010101 FRAC0_S 0 1 -14925.8 1049.35 8580.32 -235882 -6.15835e+06 1.86935e+06 3844.28 65.4568 -15.9561
1010101 FRAC0_S 0 1 -14933.1 978.723 8903.18 -6.93239e+06 -7.91991e+06 1.05312e+06 5736.93 52.3554 -5.01982
1010101 FRAC0_S 0 1 -14948.9 813.937 9193.91 -1.07361e+07 -8.72961e+06 -1.15243e+06 6967.36 46.7268 4.25663
1010101 FRAC0_S 0 1 -14967.5 565.971 9418.93 -1.98417e+07 -1.01195e+07 -1.29944e+06 9349.88 37.9847 3.18527
1010101 FRAC0_S 0 1 -14979.7 255.647 9552.31 -2.76923e+07 -9.38093e+06 -2.60265e+06 8742.76 29.1882 4.97462
1010101 FRAC0_S 0 1 -14985.4 -81.8645 9581.05 -2.9316e+07 -6.76234e+06 -3.0406e+06 5304.55 22.1095 5.86334
1010101 FRAC0_S 0 1 -14994.5 -412.047 9503.18 -2.85484e+07 -1.78556e+06 -3.75853e+06 2162.93 7.14035 8.19804
1010101 FRAC0_S 0 1 -15009.4 -701.528 9326.64 -6.19835e+07 5.61894e+06 -6.9206e+06 9183.42 -10.1579 6.9589
1010101 FRAC0_S 0 1 -15026 -919.405 9068.32 -1.69913e+07 6.36776e+06 -3.50681e+06 5248.86 -29.2504 9.61912
1010101 FRAC0_S 0 1 -15049.3 -1038.33 8755.44 -7.58761e+06 8.53898e+06 -1.41567e+06 6763.94 -51.5614 6.07971
1010101 FRAC0_S 0 1 -15072.6 -1049.36 8423.21 1.99311e+06 5.03019e+06 -1.79589e+06 3037.68 -57.0792 14.5151
1010101 FRAC0_S 0 1 -15077.1 -968.995 8100.61 7.76954e+06 820662 -25287.6 5439.29 -12.7005 0.228656
1010101 FRAC0_S 0 1 -15063.2 -807.204 7811.25 1.31902e+07 -1.79053e+06 1.02708e+06 15929.4 14.7837 -4.86871
1010101 FRAC0_S 0 1 -15042.6 -562.773 7584.97 -2.77876e+07 1.28201e+07 8.04617e+06 23256.2 -32.0294 -11.9968
1010101 FRAC0_S 0 1 -15025.1 -254.903 7449.18 3.47524e+07 1.81904e+06 141759 107918 -6.76478 -0.300687
1010101 FRAC0_S 0 1 -15016.6 81.8534 7419.38 4.45332e+07 -7.38963e+06 4.01025e+06 183729 17.2744 -5.42275
1010101 FRAC0_S 0 1 -15004.8 411.956 7497.08 1.87427e+07 -459912 3.43274e+06 32889.5 2.81566 -11.07
1010101 FRAC0_S 0 1 -14984.2 700.34 7674.17 1.45674e+07 624883 3.5711e+06 20640.8 -4.58484 -13.6499
1010101 FRAC0_S 0 1 -14956.2 909.005 7935.06 1.82661e+06 -6.40322e+06 1.01444e+06 4087.8 63.3883 -8.16212
1010101 FRAC0_S 0 1 -14931.4 1023.57 8249.44 4.74264e+06 -1.96602e+06 2.65344e+06 3285.17 26.3128 -19.4562