
Step FractureNumber TipNr TipActive TipX TipY TipZ KI KII KIII G Phi Psi Extension
1010000 FRAC0_S 0 1 -14307.7 15012.1 7795.63 -2.28799e+06 -3.38085e+06 -2.02143e+06 1562.01 48.0187 18.2227
1010000 FRAC0_S 0 1 -14469.4 15260.6 7708.75 -2.8733e+06 -3.0894e+06 -4.02165e+06 3001.6 36.6174 26.064
1010000 FRAC0_S 0 1 -14683.1 15483.7 7699.32 -2.75378e+06 -1.09356e+06 -4.4133e+06 2697.03 17.3067 32.2528
1010000 FRAC0_S 0 1 -14927.7 15659.4 7768.28 -2.49216e+06 501384 -3.35465e+06 1519.14 -10.6206 32.0031
1010000 FRAC0_S 0 1 -15179.4 15770.6 7908.85 -300753 4.28119e+06 -3.31296e+06 3093.03 -55.334 26.9203
1010000 FRAC0_S 0 1 -15413.6 15806.3 8107.29 2.25143e+06 7.95277e+06 -2.78438e+06 7118.71 -59.4776 15.2045
1010000 FRAC0_S 0 1 -15607.4 15763.2 8344.17 3.95516e+06 6.51371e+06 1.14801e+06 5350.06 -56.4917 -7.3859
1010000 FRAC0_S 0 1 -15741.6 15645.2 8596.31 6.37281e+06 5.35515e+06 3.70267e+06 7997.86 -40.1557 -16.8164
1010000 FRAC0_S 0 1 -15803.2 15464.2 8839.02 9.44023e+06 2.98572e+06 5.92839e+06 13410.1 -20.9216 -21.751
1010000 FRAC0_S 0 1 -15786.2 15237.7 9048.54 1.13863e+07 -1.20431e+06 6.95246e+06 18111 8.36143 -23.5721
1010000 FRAC0_S 0 1 -15692.3 14987.9 9204.37 9.7071e+06 -4.09814e+06 5.03667e+06 13267.2 27.1387 -18.4923
1010000 FRAC0_S 0 1 -15530.6 14739.4 9291.25 1.21126e+07 -7.95038e+06 4.5946e+06 21513.9 37.8631 -13.3884
1010000 FRAC0_S 0 1 -15316.9 14516.3 9300.68 1.13273e+07 -8.45236e+06 2.31717e+06 18513.8 43.3099 -7.81655
1010000 FRAC0_S 0 1 -15072.3 14340.6 9231.72 1.13144e+07 -9.08657e+06 526959 18801.8 47.5897 -1.9431
1010000 FRAC0_S 0 1 -14820.6 14229.4 9091.15 1.13254e+07 -9.87758e+06 -1.42425e+06 20393.6 47.7755 4.77889
1010000 FRAC0_S 0 1 -14586.4 14193.7 8892.71 9.51867e+06 -7.84895e+06 -2.51787e+06 14406.7 44.3535 9.34719
1010000 FRAC0_S 0 1 -14392.6 14236.8 8655.83 -5.78795e+06 1.66859e+07 -1.85493e+07 70572.1 -45.3632 28.522
1010000 FRAC0_S 0 1 -14258.4 14354.8 8403.69 4.56149e+06 -4.69892e+06 -2.62412e+06 4737.5 44.4105 15.6136
1010000 FRAC0_S 0 1 -14196.8 14535.8 8160.98 1.89767e+06 -4.16371e+06 -2.41249e+06 2639.82 51.8899 19.5317
1010000 FRAC0_S 0 1 -14213.8 14762.3 7951.46 -160397 -4.32954e+06 -2.66934e+06 2618.04 59.0641 24.4948
Step FractureNumber TipNr TipActive TipX TipY TipZ KI KII KIII G Phi Psi Extension
1010101 FRAC0_S 0 1 -14220.8 15057.2 7791.02 1.00919e+06 -2.09998e+06 -2.16499e+06 1107.12 44.6455 26.4577
1010101 FRAC0_S 0 1 -14396.3 15315.4 7677.57 -8.96054e+06 268994 -1.55144e+06 326.572 -3.44953 10.5412
1010101 FRAC0_S 0 1 -14640.6 15543.3 7640.88 -1.57274e+06 -1.87206e+06 -4.54023e+06 3053.91 28.9749 33.6814
1010101 FRAC0_S 0 1 -14932 15702.1 7691.11 -9.01164e+06 1.76455e+07 1.0764e+06 27899.6 -60.7381 -2.97764
1010101 FRAC0_S 0 1 -15227 15780.8 7829.74 1.11993e+07 8.91115e+06 -1.02308e+07 32173.8 -35.0795 22.5489
1010101 FRAC0_S 0 1 -15484.1 15800.1 8037.73 1.03998e+07 4.07972e+06 -2.35047e+06 11855.8 -29.8237 10.2498
1010101 FRAC0_S 0 1 -15689.7 15761.6 8290.82 9.35087e+06 1.41509e+06 1.30184e+06 8195.52 -15.4541 -8.03039
1010101 FRAC0_S 0 1 -15833.5 15656.1 8570.07 1.04807e+07 747892 4.22993e+06 12217.9 -6.60942 -18.8723
1010101 FRAC0_S 0 1 -15892.7 15487 8853.13 8.54766e+06 -2.97856e+07 -1.22295e+07 105459 58.1802 16.9352
1010101 FRAC0_S 0 1 -15854.6 15266 9105.52 1.67922e+07 -3.61125e+06 1.16662e+06 26470.1 21.4767 -4.12213
1010101 FRAC0_S 0 1 -15729.7 15012.2 9289.78 1.13802e+07 2.40133e+07 1.91973e+07 111940 -48.0384 -23.3484
1010101 FRAC0_S 0 1 -15539 14753.9 9387.69 1.69688e+07 745261 4.58673e+06 28505.8 -4.60043 -14.6467
1010101 FRAC0_S 0 1 -15301.1 14521.2 9397.78 2.35792e+07 -2.60372e+06 5.78779e+06 54602.7 10.9374 -13.0391
1010101 FRAC0_S 0 1 -15035.6 14337.9 9323.41 2.09943e+07 1.08617e+06 875167 39483.2 -6.4675 -2.92573
1010101 FRAC0_S 0 1 -14766 14219.5 9172.98 1.74885e+07 1.29004e+06 -771199 27481.5 -8.93347 3.02559
1010101 FRAC0_S 0 1 -14536.9 14158.4 8940.35 1.46989e+07 -3.45026e+06 -760437 20390.6 23.214 3.08335
1010101 FRAC0_S 0 1 -14350.6 14183.1 8666.39 1.15212e+07 1.36314e+07 -1.6556e+06 28750.7 -53.0885 4.69121
1010101 FRAC0_S 0 1 -14187 14331.8 8418.98 4.98965e+06 -1.67544e+06 -3.20112e+06 3831.55 21.7556 21.8334
1010101 FRAC0_S 0 1 -14102.9 14551.8 8186.71 7.93329e+06 -621697 -2.2668e+06 6326.17 7.81179 14.8905
1010101 FRAC0_S 0 1 -14122.2 14796 7966.82 8.23198e+06 -2.61716e+06 -4.44359e+06 9275.09 21.9091 19.8782