
Step FractureNumber TipNr TipActive TipX TipY TipZ KI KII KIII G Phi Psi Extension
1010000 FRAC0_S 0 1 15000 44049 8233.09 3.41497e+06 -1.66335e+06 -1.19919e+06 1477.01 32.1811 13.6961
1010000 FRAC0_S 0 1 15000 44178.1 7952.3 3.81259e+06 -1.56689e+06 -1.51296e+06 1818.51 28.2091 15.5317
1010000 FRAC0_S 0 1 15000 44387.6 7725.12 3.59596e+06 -273322 -1.83982e+06 1609.13 6.54202 21.7092
1010000 FRAC0_S 0 1 15000 44657 7573.79 3.47201e+06 -265609 -2.09721e+06 1665.47 6.22792 23.7723
1010000 FRAC0_S 0 1 15000 44960 7513.12 3.91836e+06 1.7145e+06 -1.46113e+06 1914.04 -29.7469 14.6655
1010000 FRAC0_S 0 1 15000 45266.9 7549.06 3.34548e+06 1.77144e+06 -850339 1373.14 -35.3915 10.445
1010000 FRAC0_S 0 1 15000 45547.7 7678.08 3.34601e+06 2.01987e+06 -458743 1389.21 -40.1313 5.93852
1010000 FRAC0_S 0 1 15000 45774.9 7887.55 3.44729e+06 2.59828e+06 -1.02497e+06 1800.28 -41.9942 10.6137
1010000 FRAC0_S 0 1 15000 45926.2 8156.97 3.3932e+06 2.07255e+06 282094 1419.35 -41.3798 -3.74861
1010000 FRAC0_S 0 1 15000 45986.8 8459.98 3.45657e+06 2.02136e+06 657090 1486.19 -38.5281 -7.97562
1010000 FRAC0_S 0 1 15000 45951 8766.91 4.00707e+06 1.962e+06 1.14078e+06 1946.91 -33.3031 -11.6656
1010000 FRAC0_S 0 1 15000 45821.9 9047.7 3.72681e+06 1.34557e+06 1.3372e+06 1636.82 -26.3054 -14.8364
1010000 FRAC0_S 0 1 15000 45638.3 9254.46 4.02314e+06 825995 1.71726e+06 1895.31 -16.5031 -18.1418
1010000 FRAC0_S 0 1 15000 45343 9426.21 4.00086e+06 -47009.1 1.71008e+06 1815.51 1.13832 -20.2548
1010000 FRAC0_S 0 1 15000 45040 9486.88 3.82962e+06 -198288 1.43639e+06 1584.8 4.98813 -18.2234
1010000 FRAC0_S 0 1 15000 44733.1 9450.94 3.4727e+06 -1.29085e+06 1.32555e+06 1456.81 26.5333 -15.4161
1010000 FRAC0_S 0 1 15000 44452.3 9321.92 4.27574e+06 -2.3431e+06 1.14305e+06 2292.1 35.8833 -10.771
1010000 FRAC0_S 0 1 15000 44225.1 9112.45 4.34125e+06 -2.95847e+06 569326 2502.46 42.7404 -5.47057
1010000 FRAC0_S 0 1 15000 44073.8 8843.03 3.8556e+06 -1.65587e+06 -1.1012e+06 1730.29 30.6679 12.0741
1010000 FRAC0_S 0 1 15000 44013.2 8540.02 4.1341e+06 -2.5285e+06 -843936 2187.39 39.2153 8.35217
Step FractureNumber TipNr TipActive TipX TipY TipZ KI KII KIII G Phi Psi Extension
1010101 FRAC0_S 0 1 15054.3 43970.6 8210.24 5.70299e+06 -146257 -1.90083e+06 3380.67 2.61711 17.1456
1010101 FRAC0_S 0 1 15039.8 44105.7 7902.67 5.24024e+06 -621997 -2.40343e+06 3249.72 10.1387 19.8902
1010101 FRAC0_S 0 1 15020.2 44329.8 7650.63 3.17736e+06 508691 -1.65381e+06 1286.45 -12.7016 20.992
1010101 FRAC0_S 0 1 14995.8 44623.4 7486.01 4.14733e+06 610100 -1.85299e+06 2022.56 -12.3248 19.2715
1010101 FRAC0_S 0 1 14963.4 44955.1 7426.82 4.55764e+06 -49597.5 -1.49938e+06 2150.22 1.13245 17.1621
1010101 FRAC0_S 0 1 14942.5 45287.6 7472.21 3.96188e+06 -145168 -1.24857e+06 1607.93 3.74336 16.3908
1010101 FRAC0_S 0 1 14936.6 45589 7615.12 3.98122e+06 240292 -944728 1536.26 -6.36023 13.16
1010101 FRAC0_S 0 1 14933.9 45832.2 7842.09 3.66307e+06 195067 -426904 1223.31 -6.22812 7.44334
1010101 FRAC0_S 0 1 14934.7 45995.5 8131.64 5.31093e+06 407161 90845.9 2529.3 -9.46901 -1.21177
1010101 FRAC0_S 0 1 14938.6 46063.7 8457.53 6.25011e+06 1.31208e+06 525722 3671.15 -20.8696 -4.93065
1010101 FRAC0_S 0 1 14945.9 46029.4 8789.83 5.47625e+06 273680 1.73676e+06 3080.19 -5.02423 -16.3185
1010101 FRAC0_S 0 1 14957 45894.2 9097 3.3667e+06 -922728 1.36955e+06 1335.37 20.9667 -16.9442
1010101 FRAC0_S 0 1 14975.2 45669.5 9348.35 4.80965e+06 8544.09 2.07967e+06 2636.6 -0.173305 -20.5169
1010101 FRAC0_S 0 1 14996 45376.3 9516.78 5.1744e+06 -192440 2.48435e+06 3210.05 3.38948 -21.3773
1010101 FRAC0_S 0 1 15016 45044.7 9581.62 4.9777e+06 26241 2.28166e+06 2900.38 -0.503338 -21.191
1010101 FRAC0_S 0 1 15039.2 44710.7 9535.75 5.79593e+06 193677 2.33003e+06 3718.86 -3.22119 -19.2566
1010101 FRAC0_S 0 1 15057.4 44409.4 9388.56 5.53867e+06 427748 2.48673e+06 3572.36 -6.90508 -20.09
1010101 FRAC0_S 0 1 15061.3 44165 9159.55 5.76133e+06 -636728 1.17242e+06 3176.77 11.2798 -11.2882
1010101 FRAC0_S 0 1 15058.2 43999.7 8870.13 6.33625e+06 -884599 91703.1 3648.44 15.9114 -0.97297
1010101 FRAC0_S 0 1 15057.6 43933.9 8543.34 6.21393e+06 -554055 -1.22234e+06 3666.87 9.37114 11.16