
Step FractureNumber TipNr TipActive TipX TipY TipZ KI KII KIII G Phi Psi Extension
1010000 FRAC0_S 0 1 45000 15987.2 8471.27 3.69969e+06 253376 -300697 1237.46 -8.09074 5.34888
1010000 FRAC0_S 0 1 45000 15947.8 8777.76 3.40465e+06 376609 -240617 1053.27 -12.4958 4.5484
1010000 FRAC0_S 0 1 45000 15815.6 9057.06 3.39543e+06 443470 -144150 1047.64 -14.7197 2.77966
1010000 FRAC0_S 0 1 45000 15603.5 9281.83 2.93913e+06 419693 -45819.2 785.75 -16.1942 1.04374
1010000 FRAC0_S 0 1 45000 15332.4 9430.08 3.27323e+06 378219 49507.7 967.801 -13.5762 -1.0375
1010000 FRAC0_S 0 1 45000 15028.7 9487.27 3.3142e+06 394116 140780 995.255 -13.601 -2.80868
1010000 FRAC0_S 0 1 45000 14722.2 9447.82 2.93455e+06 275212 91468.1 775.239 -11.1848 -2.13584
1010000 FRAC0_S 0 1 45000 14442.9 9315.6 3.22873e+06 246359 264937 943.689 -8.91819 -5.35979
1010000 FRAC0_S 0 1 45000 14218.2 9103.54 2.70609e+06 136738 285367 665.044 -5.98584 -6.84087
1010000 FRAC0_S 0 1 45000 14070 8832.4 2.91065e+06 -7364.38 327721 769.22 0.317291 -7.5392
1010000 FRAC0_S 0 1 45000 14012.8 8528.73 3.63954e+06 -265812 477661 1217.02 8.23296 -8.10851
1010000 FRAC0_S 0 1 45000 14052.2 8222.24 3.13232e+06 -474791 314288 907.52 15.9246 -6.03949
1010000 FRAC0_S 0 1 45000 14184.4 7942.94 3.7835e+06 -589178 305059 1318.91 16.523 -4.94642
1010000 FRAC0_S 0 1 45000 14396.5 7718.17 3.20906e+06 -599055 47760.2 949.941 20.061 -0.961072
1010000 FRAC0_S 0 1 45000 14667.6 7569.92 3.72239e+06 -583612 -35253.6 1265.24 17.5557 0.631231
1010000 FRAC0_S 0 1 45000 14971.3 7512.73 4.17227e+06 -555532 -212721 1584.73 14.8571 3.29722
1010000 FRAC0_S 0 1 45000 15277.8 7552.18 3.3311e+06 -336375 -162887 1002.39 11.7547 3.25729
1010000 FRAC0_S 0 1 45000 15557.1 7684.4 3.91439e+06 -308531 -367834 1391.86 9.0928 6.03789
1010000 FRAC0_S 0 1 45000 15781.8 7896.46 3.29329e+06 -173267 -203847 974.665 6.45292 4.23019
1010000 FRAC0_S 0 1 45000 15930 8167.6 3.51439e+06 99504.6 -379912 1120.67 -3.44461 7.12116
Step FractureNumber TipNr TipActive TipX TipY TipZ KI KII KIII G Phi Psi Extension
1010101 FRAC0_S 0 1 44986.1 16083.7 8468.3 3.22861e+06 -484538 -155313 953.005 16.4373 3.07838
1010101 FRAC0_S 0 1 44979.3 16039.4 8804.41 3.88134e+06 -383821 -160900 1359 11.6142 2.79192
1010101 FRAC0_S 0 1 44975 15893.6 9110.21 3.75821e+06 -456549 -100196 1278.51 14.0292 1.79342
1010101 FRAC0_S 0 1 44973.9 15661 9356.36 3.1129e+06 -692900 -118246 908.133 22.5383 2.32046
1010101 FRAC0_S 0 1 44975.4 15364.2 9519.13 3.55096e+06 -482295 41190.2 1144.57 15.5911 -0.785162
1010101 FRAC0_S 0 1 44977.5 15031.5 9582.27 2.44472e+06 -312845 88275.8 542.339 14.5443 -2.38775
1010101 FRAC0_S 0 1 44980.5 14695.2 9539.58 3.38187e+06 -314708 147827 1030.89 10.9915 -2.9505
1010101 FRAC0_S 0 1 44984.8 14388.5 9395.12 3.48236e+06 -269135 217960 1093.39 9.17041 -4.18344
1010101 FRAC0_S 0 1 44991 14141.3 9162.74 3.63364e+06 -140924 331048 1192.89 4.72299 -6.07482
1010101 FRAC0_S 0 1 45001.2 13978.4 8865.15 3.48694e+06 -12011.9 289379 1094.62 0.443204 -5.76562
1010101 FRAC0_S 0 1 45014.2 13916.7 8531.81 3.4907e+06 247110 292220 1102.6 -8.32123 -5.48233
1010101 FRAC0_S 0 1 45024.4 13961.5 8195.91 4.05781e+06 209618 345703 1487.08 -6.21698 -5.65991
1010101 FRAC0_S 0 1 45029.6 14107.4 7890.55 3.38861e+06 243413 108218 1030.06 -8.81466 -2.22919
1010101 FRAC0_S 0 1 45031.8 14339.9 7645.02 3.83505e+06 449740 -4715.45 1328.62 -13.909 0.0857053
1010101 FRAC0_S 0 1 45030 14636.5 7482.29 3.71915e+06 516639 -72690.9 1257.06 -15.7812 1.30659
1010101 FRAC0_S 0 1 45025.5 14968.8 7418.49 3.77364e+06 411395 -181220 1288.4 -12.5696 3.18052
1010101 FRAC0_S 0 1 45020.6 15304.8 7460.66 3.7926e+06 353085 -264097 1302.13 -10.7608 4.55297
1010101 FRAC0_S 0 1 45015.8 15611.5 7604.96 3.61506e+06 273384 -410920 1193.66 -8.61916 7.15356
1010101 FRAC0_S 0 1 45008.1 15858.6 7837.31 3.20018e+06 139025 -261780 923.427 -5.30069 5.49594
1010101 FRAC0_S 0 1 44996.3 16021.5 8134.9 4.01904e+06 -72175.8 -280041 1450.26 2.29252 4.86157