
Step FractureNumber TipNr TipActive TipX TipY TipZ KI KII KIII G Phi Psi Extension
1010000 FRAC0_S 0 1 -15000 -44020.2 8624.9 3.61736e+06 1.82312e+06 -289453 1473.36 -37.458 3.85602
1010000 FRAC0_S 0 1 -15000 -44106.8 8921.55 3.5112e+06 1.75132e+06 87286.3 1372.92 -38.329 -1.26385
1010000 FRAC0_S 0 1 -15000 -44280.8 9176.94 3.55901e+06 1.61774e+06 499754 1395.14 -34.2131 -6.61127
1010000 FRAC0_S 0 1 -15000 -44525.1 9366.05 3.75582e+06 1.31366e+06 870875 1511.65 -27.5366 -10.7258
1010000 FRAC0_S 0 1 -15000 -44816 9470.4 3.03833e+06 645937 896214 966.622 -18.3507 -13.9981
1010000 FRAC0_S 0 1 -15000 -45124.9 9479.76 2.94077e+06 197381 957035 895.924 -6.58514 -16.4261
1010000 FRAC0_S 0 1 -15000 -45421.5 9393.21 4.00062e+06 -415321 1.32621e+06 1675.5 9.7598 -16.2546
1010000 FRAC0_S 0 1 -15000 -45676.9 9219.22 2.96549e+06 -140106 825233 875.967 4.90107 -14.9208
1010000 FRAC0_S 0 1 -15000 -45866 8974.84 3.26744e+06 -1.01179e+06 746041 1116.6 25.35 -10.8524
1010000 FRAC0_S 0 1 -15000 -45970.4 8683.98 3.39809e+06 -1.31841e+06 598050 1231.42 30.4226 -8.3595
1010000 FRAC0_S 0 1 -15000 -45979.8 8375.1 3.18593e+06 -1.37156e+06 284991 1082.91 34.0373 -4.47619
1010000 FRAC0_S 0 1 -15000 -45893.2 8078.45 3.08386e+06 -1.36823e+06 23929.5 1014.35 36.2544 -0.416056
1010000 FRAC0_S 0 1 -15000 -45719.2 7823.06 3.44425e+06 -1.53502e+06 -201938 1272.49 35.3332 2.98993
1010000 FRAC0_S 0 1 -15000 -45474.9 7633.95 3.45807e+06 -1.25293e+06 -474516 1235.44 29.7403 6.86129
1010000 FRAC0_S 0 1 -15000 -45184 7529.6 2.22048e+06 -699697 -474997 512.995 25.879 10.2666
1010000 FRAC0_S 0 1 -15000 -44875.1 7520.24 3.03756e+06 -610786 -825819 946.144 17.8074 13.2726
1010000 FRAC0_S 0 1 -15000 -44578.5 7606.79 3.05268e+06 351283 -1.17218e+06 1024.15 -10.3345 17.8145
1010000 FRAC0_S 0 1 -15000 -44323.1 7780.78 3.22236e+06 507583 -1.08041e+06 1103.49 -13.9932 15.8542
1010000 FRAC0_S 0 1 -15000 -44134 8025.16 3.2904e+06 832060 -901584 1134.57 -21.2662 12.9347
1010000 FRAC0_S 0 1 -15000 -44029.6 8316.02 3.13589e+06 680605 -818352 1006.64 -19.0489 12.7433
Step FractureNumber TipNr TipActive TipX TipY TipZ KI KII KIII G Phi Psi Extension
1010101 FRAC0_S 0 1 -15054 -43940 8633.89 4.76211e+06 296767 65602 2029.23 -7.87287 -0.993124
1010101 FRAC0_S 0 1 -15060.3 -44036.6 8954.97 4.59599e+06 -284258 228300 1896.41 7.57338 -3.4199
1010101 FRAC0_S 0 1 -15055.1 -44222.3 9233.08 3.62072e+06 -239376 613056 1223.29 7.2915 -10.0702
1010101 FRAC0_S 0 1 -15045.1 -44484.4 9442.41 4.44185e+06 -372358 1.13975e+06 1943.27 8.48176 -13.7221
1010101 FRAC0_S 0 1 -15030.2 -44799.7 9561.1 4.02568e+06 -363353 1.18373e+06 1642.25 8.83064 -15.0793
1010101 FRAC0_S 0 1 -15009.4 -45137.3 9574.63 4.25863e+06 -80603.5 1.28317e+06 1835.66 1.99267 -16.0826
1010101 FRAC0_S 0 1 -14992.3 -45462.8 9480.55 3.70842e+06 -2278.45 1.20624e+06 1419 0.0648591 -17.1492
1010101 FRAC0_S 0 1 -14980.8 -45741.4 9288.65 3.46009e+06 -90317.2 963814 1191.12 2.77299 -15.1492
1010101 FRAC0_S 0 1 -14963.8 -45943.9 9018.72 4.017e+06 163045 822997 1530.36 -4.48813 -11.938
1010101 FRAC0_S 0 1 -14950 -46053.1 8700.25 3.70324e+06 303022 613698 1280.33 -8.88142 -9.77892
1010101 FRAC0_S 0 1 -14944.5 -46060.2 8365.27 3.71051e+06 305937 299330 1247.12 -9.57256 -5.25111
1010101 FRAC0_S 0 1 -14941.9 -45965 8044.64 2.80332e+06 143913 -43045.8 702.372 -6.57564 1.11599
1010101 FRAC0_S 0 1 -14943.9 -45777.6 7767.47 3.72548e+06 436349 -346238 1269.69 -12.8952 5.79605
1010101 FRAC0_S 0 1 -14949.8 -45514.8 7559.8 3.55876e+06 421100 -617188 1195.02 -12.237 9.87727
1010101 FRAC0_S 0 1 -14958.1 -45199.7 7442.76 3.38144e+06 391563 -853297 1129.4 -11.3479 13.264
1010101 FRAC0_S 0 1 -14978.3 -44862.7 7428.68 3.50498e+06 138932 -953692 1217.4 -4.16664 14.7598
1010101 FRAC0_S 0 1 -15007.4 -44537.8 7521.03 2.79452e+06 -301044 -811717 791.6 10.371 14.7799
1010101 FRAC0_S 0 1 -15025.7 -44258.9 7712 3.58405e+06 -492936 -1.20474e+06 1359.34 12.4563 16.0746
1010101 FRAC0_S 0 1 -15032.4 -44053.2 7980.69 2.99542e+06 -108542 -916211 912.24 3.72887 16.0624
1010101 FRAC0_S 0 1 -15040.6 -43943 8298.53 4.19791e+06 372624 -711996 1650.13 -9.52716 9.9136