
Step FractureNumber TipNr TipActive TipX TipY TipZ KI KII KIII G Phi Psi Extension
1010000 FRAC0_S 0 1 -30000 -44020.2 8624.9 1.98242e+06 669974 -97901.1 391.476 -29.9502 2.73471
1010000 FRAC0_S 0 1 -30000 -44106.8 8921.55 1.87816e+06 668500 47100.1 354.453 -31.4328 -1.40552
1010000 FRAC0_S 0 1 -30000 -44280.8 9176.94 1.95461e+06 596157 194320 377.137 -27.1027 -5.35613
1010000 FRAC0_S 0 1 -30000 -44525.1 9366.05 2.01462e+06 486868 315415 396.026 -22.1062 -8.32009
1010000 FRAC0_S 0 1 -30000 -44816 9470.4 1.59527e+06 247418 335104 247.165 -15.0018 -11.2208
1010000 FRAC0_S 0 1 -30000 -45124.9 9479.76 1.67562e+06 -64081 364417 268.223 4.19878 -12.5191
1010000 FRAC0_S 0 1 -30000 -45421.5 9393.21 1.81193e+06 -127387 354627 310.729 7.5586 -11.2696
1010000 FRAC0_S 0 1 -30000 -45676.9 9219.22 1.58476e+06 243702 374264 247.718 -14.6323 -12.3003
1010000 FRAC0_S 0 1 -30000 -45866 8974.84 1.87522e+06 -407869 279223 338.545 20.5115 -8.108
1010000 FRAC0_S 0 1 -30000 -45970.4 8683.98 1.84006e+06 -508779 210080 330.648 25.0684 -6.18115
1010000 FRAC0_S 0 1 -30000 -45979.8 8375.1 1.91728e+06 -552726 132064 357.109 26.58 -3.87376
1010000 FRAC0_S 0 1 -30000 -45893.2 8078.45 1.74891e+06 -564121 579.272 300.917 29.9742 -0.0195273
1010000 FRAC0_S 0 1 -30000 -45719.2 7823.06 1.72352e+06 -545748 -98332.3 292.531 28.5516 3.1826
1010000 FRAC0_S 0 1 -30000 -45474.9 7633.95 1.35243e+06 -381926 -155726 179.213 25.4313 6.20247
1010000 FRAC0_S 0 1 -30000 -45184 7529.6 1.74449e+06 -378811 -302721 296.158 20.1536 9.21909
1010000 FRAC0_S 0 1 -30000 -44875.1 7520.24 1.74627e+06 -237290 -370699 295.032 13.3997 11.4636
1010000 FRAC0_S 0 1 -30000 -44578.5 7606.79 1.71645e+06 295272 -456047 297.966 -15.749 13.2875
1010000 FRAC0_S 0 1 -30000 -44323.1 7780.78 1.97971e+06 175712 -445397 378.381 -9.1389 12.3899
1010000 FRAC0_S 0 1 -30000 -44134 8025.16 1.83916e+06 379642 -365736 332.048 -19.0542 10.3769
1010000 FRAC0_S 0 1 -30000 -44029.6 8316.02 1.61522e+06 638591 -30517.2 268.945 -33.6669 1.03614
Step FractureNumber TipNr TipActive TipX TipY TipZ KI KII KIII G Phi Psi Extension
1010101 FRAC0_S 0 1 -30051.9 -43937.5 8635.6 2.16918e+06 -117907 -227510 427.416 6.41058 6.78697
1010101 FRAC0_S 0 1 -30050 -44030.5 8957.74 2.23028e+06 -102153 141062 446.822 5.66248 -4.34097
1010101 FRAC0_S 0 1 -30045.2 -44218 9236.85 2.26888e+06 -144001 356139 477.438 7.09132 -9.48614
1010101 FRAC0_S 0 1 -30036.7 -44482.2 9445.65 2.09474e+06 -132262 443481 418.726 6.76213 -12.0432
1010101 FRAC0_S 0 1 -30020.5 -44799.1 9562.89 2.19681e+06 -16775 522977 466.445 0.855562 -13.7011
1010101 FRAC0_S 0 1 -29999.5 -45137.3 9575.37 1.84466e+06 270301 362961 327.254 -14.4388 -10.7172
1010101 FRAC0_S 0 1 -29998 -45462.4 9480.39 1.64045e+06 -164130 426401 266.385 9.9207 -13.7024
1010101 FRAC0_S 0 1 -30000.6 -45741.2 9288.13 1.92919e+06 -425031 423674 371.618 19.782 -11.1287
1010101 FRAC0_S 0 1 -29978.2 -45946 9019.19 2.11609e+06 -158242 299314 413.166 8.34333 -8.62503
1010101 FRAC0_S 0 1 -29958.9 -46057.6 8700.84 1.94549e+06 76678.2 243635 345.695 -4.65763 -8.00555
1010101 FRAC0_S 0 1 -29954.5 -46066 8364.42 2.03043e+06 2677.31 88871.8 368.418 -0.176528 -3.20888
1010101 FRAC0_S 0 1 -29951.8 -45970.6 8042.09 2.097e+06 119744 -80854.1 394 -7.10627 2.70401
1010101 FRAC0_S 0 1 -29952.8 -45781.7 7763.93 1.94108e+06 162220 -213618 344.164 -9.45899 6.91101
1010101 FRAC0_S 0 1 -29957.9 -45516.9 7556.25 1.87619e+06 147838 -333042 330.374 -8.5056 10.3622
1010101 FRAC0_S 0 1 -29966.3 -45200.5 7439.56 1.93715e+06 193058 -427014 361.963 -10.1704 12.1046
1010101 FRAC0_S 0 1 -29986.6 -44863.1 7427.17 1.91751e+06 22576 -428727 352.134 -1.32792 13.0361
1010101 FRAC0_S 0 1 -30011.7 -44537.9 7521.17 1.67323e+06 -603527 -388896 302.055 28.1089 10.6771
1010101 FRAC0_S 0 1 -30022.9 -44258.2 7711.71 1.91491e+06 -39719.1 -585800 372.535 2.17177 16.2314
1010101 FRAC0_S 0 1 -30034.2 -44055.1 7980.58 1.99969e+06 -115659 -416995 380.648 6.24817 11.9493
1010101 FRAC0_S 0 1 -30048.4 -43946.5 8299.65 1.77115e+06 -99907.5 -273725 290.391 6.36953 9.41716