
Step FractureNumber TipNr TipActive TipX TipY TipZ KI KII KIII G Phi Psi Extension
1010000 FRAC0_S 0 1 -15016.2 -29293.7 7809.85 -2.39575e+07 -1.67848e+07 1.11309e+06 25269.6 44.8854 -2.05097
1010000 FRAC0_S 0 1 -15264.6 -29207.9 7972.55 -2.90406e+07 -1.87088e+07 -2.35622e+06 31928.5 42.5149 3.59499
1010000 FRAC0_S 0 1 -15487.1 -29199.8 8186.88 -2.11736e+07 -1.18272e+07 -4.45308e+06 15102.4 37.2291 8.80732
1010000 FRAC0_S 0 1 -15661.9 -29270 8431.86 -2.56194e+07 -1.0256e+07 -6.7233e+06 15385.1 29.6487 11.4886
1010000 FRAC0_S 0 1 -15771.9 -29411.7 8683.51 -2.14756e+07 -5.87787e+06 -6.56263e+06 8806.75 22.1604 13.8572
1010000 FRAC0_S 0 1 -15806.3 -29610.9 8917.2 -1.85582e+07 -2.58469e+06 -5.74645e+06 4987.2 12.8105 15.162
1010000 FRAC0_S 0 1 -15761.8 -29848.2 9110.04 -1.58671e+07 -527387 -4.74845e+06 3023.64 3.44859 15.8534
1010000 FRAC0_S 0 1 -15642.8 -30100.5 9243.17 -1.37986e+07 543049 -3.75838e+06 1904.96 -4.13736 14.7735
1010000 FRAC0_S 0 1 -15460.8 -30342.8 9303.56 -1.33282e+07 1.5937e+06 -3.80825e+06 2155.2 -11.4055 14.4949
1010000 FRAC0_S 0 1 -15233.8 -30551.6 9285.29 -1.27759e+07 4.09045e+06 -3.2167e+06 2867.14 -25.6109 11.6467
1010000 FRAC0_S 0 1 -14983.8 -30706.3 9190.15 -2.64189e+07 8.28026e+06 -4.27698e+06 8542.53 -26.5829 8.16183
1010000 FRAC0_S 0 1 -14735.4 -30792.1 9027.45 -1.25315e+07 1.20421e+07 2.64164e+06 13850.2 -48.2418 -7.26013
1010000 FRAC0_S 0 1 -14512.9 -30800.2 8813.12 -2.00457e+07 1.12247e+07 2.53971e+06 12085.1 -38.7636 -5.67292
1010000 FRAC0_S 0 1 -14338.1 -30730 8568.14 220849 5.46587e+06 1.02847e+07 16734.6 -39.7136 -36.5437
1010000 FRAC0_S 0 1 -14228.1 -30588.3 8316.49 -2.63105e+07 8.72904e+06 1.01599e+07 20518.7 -24.4264 -15.8655
1010000 FRAC0_S 0 1 -14193.7 -30389.1 8082.8 -2.84616e+07 3.38157e+06 1.36792e+07 25906.1 -10.0134 -20.4588
1010000 FRAC0_S 0 1 -14238.2 -30151.8 7889.96 -3.0489e+07 -3.87837e+06 1.48175e+07 30541.7 10.6042 -20.5034
1010000 FRAC0_S 0 1 -14357.2 -29899.5 7756.83 -3.20902e+07 -1.17028e+07 1.38441e+07 37695 25.5402 -16.8313
1010000 FRAC0_S 0 1 -14539.2 -29657.2 7696.44 -3.19394e+07 -1.75515e+07 1.07929e+07 42943.8 34.827 -12.907
1010000 FRAC0_S 0 1 -14766.2 -29448.4 7714.71 -3.35022e+07 -2.44527e+07 7.14705e+06 60075.7 42.7093 -8.16531
Step FractureNumber TipNr TipActive TipX TipY TipZ KI KII KIII G Phi Psi Extension
1010101 FRAC0_S 0 1 -14977.5 -29203.3 7800.57 -1.24687e+07 -3.29103e+07 2.32273e+06 97231.7 63.2695 -3.71979
1010101 FRAC0_S 0 1 -15246.2 -29111.2 7972.61 9.80765e+06 -6.29355e+06 -7.88365e+06 20367.2 31.9159 22.0728
1010101 FRAC0_S 0 1 -15491.9 -29102.4 8197.28 -1.39065e+07 -2.45635e+07 -5.17933e+06 57333.5 56.6166 8.79067
1010101 FRAC0_S 0 1 -15690.5 -29179.5 8455.32 -1.71019e+07 -2.07695e+07 -8.08894e+06 47141.8 48.9711 12.7057
1010101 FRAC0_S 0 1 -15821.3 -29337.2 8722.14 -2.23889e+06 -110106 -1.08204e+07 15572.9 1.16561 41.8097
1010101 FRAC0_S 0 1 -15870.7 -29561.4 8970.22 -1.8451e+07 -7.23986e+06 -3.55385e+06 6350.52 30.3686 8.99133
1010101 FRAC0_S 0 1 -15832.6 -29829.6 9173.83 -1.75161e+07 -3.73403e+06 -2.56656e+06 2118.56 20.2289 8.02228
1010101 FRAC0_S 0 1 -15726 -30086 9302.02 -5.12111e+06 709424 -1.10591e+06 207.513 -13.5863 11.5971
1010101 FRAC0_S 0 1 -15518.2 -30387.9 9367.14 -1.20598e+07 3.4909e+06 -2.96931e+06 2258.57 -23.9019 11.6574
1010101 FRAC0_S 0 1 -15277.2 -30623 9334.91 8.4019e+06 9.00904e+06 1.74256e+06 13926.7 -50.3637 -6.82319
1010101 FRAC0_S 0 1 -15013.9 -30794.2 9218.28 -1.23304e+07 9.29363e+06 -3.3175e+06 9160.34 -42.4474 9.79104
1010101 FRAC0_S 0 1 -14753.5 -30887.6 9030 -7.31714e+06 1.57534e+07 231281 22121.6 -62.6544 -0.770933
1010101 FRAC0_S 0 1 -14514.4 -30897.4 8797.63 -7.19547e+06 2.56745e+07 7.64826e+06 66519.3 -60.6053 -13.5476
1010101 FRAC0_S 0 1 -14318.4 -30821.2 8539.29 -1.77193e+07 2.39335e+07 3.65993e+06 52825 -54.4173 -6.0848
1010101 FRAC0_S 0 1 -14183.2 -30663 8275.29 -1.68389e+07 1.30819e+07 9.44996e+06 27127.1 -38.79 -16.8208
1010101 FRAC0_S 0 1 -14125.1 -30434.2 8034.27 -2.78188e+07 6.6275e+06 1.50153e+07 33900.2 -17.5022 -20.6376
1010101 FRAC0_S 0 1 -14156.5 -30157.7 7841.26 -2.14004e+07 -9.13528e+06 1.2958e+07 29768.4 26.3171 -20.3092
1010101 FRAC0_S 0 1 -14276 -29868.3 7714.36 -2.32719e+07 -2.50349e+07 1.49752e+07 85675.6 44.4298 -16.6101
1010101 FRAC0_S 0 1 -14468.5 -29598 7663.97 -1.47221e+07 -3.04991e+07 9.74435e+06 95518.3 56.1305 -12.7908
1010101 FRAC0_S 0 1 -14710.3 -29370.1 7694.44 -8.97391e+06 -3.04272e+07 4.92851e+06 85729.9 63.1152 -8.26403