
Step FractureNumber TipNr TipActive TipX TipY TipZ KI KII KIII G Phi Psi Extension
1010000 FRAC0_S 0 1 -22045.3 -29123.2 8500 43107.8 -64414.2 47664.3 0.837487 46.0505 -20.844
1010000 FRAC0_S 0 1 -22338.5 -29025.6 8500 43209.4 -192757 45329.4 3.75055 63.0651 -11.7124
1010000 FRAC0_S 0 1 -22647.6 -29023.4 8500 26217.3 -99368.9 24018.9 1.01787 62.1071 -11.6722
1010000 FRAC0_S 0 1 -22942.1 -29116.8 8500 40823.2 2246.07 519.09 0.14899 -7.02822 -0.924215
1010000 FRAC0_S 0 1 -23193.4 -29296.7 8500 31407.2 1233.79 896.061 0.0881416 -5.0557 -2.06049
1010000 FRAC0_S 0 1 -23376.8 -29545.4 8500 46230.5 3037.12 -1405.31 0.191535 -8.13954 2.13779
1010000 FRAC0_S 0 1 -23474.4 -29838.5 8500 40802.3 1307.25 869.599 0.148606 -4.19346 -1.56467
1010000 FRAC0_S 0 1 -23476.6 -30147.5 8500 48226.2 8997.48 -1198.62 0.214654 -19.9008 1.58639
1010000 FRAC0_S 0 1 -23383.2 -30442.1 8500 41542.7 -239.144 1329.09 0.154026 0.774451 -2.37333
1010000 FRAC0_S 0 1 -23203.4 -30693.4 8500 41048.5 -3143.01 145.985 0.151032 9.57261 -0.256465
1010000 FRAC0_S 0 1 -22954.7 -30876.8 8500 46332.9 1025.73 5629.33 0.195604 -2.68386 -7.91411
1010000 FRAC0_S 0 1 -22661.5 -30974.4 8500 40003.8 -2193.09 669.635 0.143091 6.9793 -1.21041
1010000 FRAC0_S 0 1 -22352.4 -30976.6 8500 19330.7 99670.5 -22542.4 0.986122 -63.8738 11.5853
1010000 FRAC0_S 0 1 -22057.9 -30883.2 8500 42431.5 -3691.64 -588.709 0.161697 10.627 0.977793
1010000 FRAC0_S 0 1 -21806.6 -30703.3 8500 33344.4 -1806.43 -937.99 0.0994844 6.83233 2.00502
1010000 FRAC0_S 0 1 -21626.2 -30460.3 8500 45160.2 -114929 -76071.1 2.1284 51.5535 21.7011
1010000 FRAC0_S 0 1 -21525.6 -30161.5 8500 32531.2 76.6244 -444.427 0.0943301 -0.324183 1.04284
1010000 FRAC0_S 0 1 -21523.4 -29852.5 8500 42850.2 -663.219 -1712.19 0.164048 2.038 2.9057
1010000 FRAC0_S 0 1 -21616.8 -29557.9 8500 42703.9 1291.29 -983.349 0.16278 -3.96156 1.68951
1010000 FRAC0_S 0 1 -21796.6 -29306.6 8500 43817.4 -14296.8 8508.65 0.198931 26.8195 -9.42341
Step FractureNumber TipNr TipActive TipX TipY TipZ KI KII KIII G Phi Psi Extension
1010101 FRAC0_S 0 1 -22027.5 -29081.2 8558.29 30979 11429.6 -77250.6 0.890859 -12.7338 36.602
1010101 FRAC0_S 0 1 -22326.9 -28987.9 8562.58 -17894.5 33162.1 -13490.4 0.122201 -53.4504 14.8606
1010101 FRAC0_S 0 1 -22645.7 -29012.2 8522.29 -6515.18 24002.9 -38894.7 0.252542 -40.0415 33.3451
1010101 FRAC0_S 0 1 -22923.5 -29107.5 8500 33000.7 407196 21126.1 14.9316 -69.0364 -3.50277
1010101 FRAC0_S 0 1 -23193.4 -29296.7 8500 41586.7 5806.4 -3735.81 0.158972 -14.9962 5.52302
1010101 FRAC0_S 0 1 -23376.8 -29545.4 8500 41961.2 4575.68 -1185.49 0.158953 -12.7798 1.91726
1010101 FRAC0_S 0 1 -23474.4 -29838.5 8500 34023.7 3275.35 134.367 0.104113 -11.7138 -0.279556
1010101 FRAC0_S 0 1 -23476.6 -30147.5 8500 43196.6 4088.61 1755.98 0.168174 -11.1854 -2.75057
1010101 FRAC0_S 0 1 -23383.2 -30442.1 8500 42469.6 3771.7 2461.9 0.162798 -10.4221 -3.85851
1010101 FRAC0_S 0 1 -23203.4 -30693.4 8500 41173.1 552.297 2307.89 0.151797 -1.74497 -3.99751
1010101 FRAC0_S 0 1 -22954.7 -30876.8 8500 39942.6 1512.74 2959.02 0.143535 -4.68716 -5.05012
1010101 FRAC0_S 0 1 -22661.5 -30974.4 8500 43238 -4019.17 4552.25 0.170789 10.4394 -6.59872
1010101 FRAC0_S 0 1 -22352.4 -30976.6 8500 20767.8 80215.9 -41068.7 0.836142 -56.7355 19.7922
1010101 FRAC0_S 0 1 -22057.9 -30883.2 8500 40249 -8535.2 18764.9 0.19768 16.5722 -19.1215
1010101 FRAC0_S 0 1 -21792.8 -30710.5 8519.58 112688 -49513.8 35689.8 1.51944 30.6467 -12.9939
1010101 FRAC0_S 0 1 -21595.6 -30469 8539.16 214851 -129905 -97007.6 6.86875 35.1154 15.5369
1010101 FRAC0_S 0 1 -21511.8 -30168.6 8519.58 58657.8 5023.33 18671 0.355218 -8.2793 -15.988
1010101 FRAC0_S 0 1 -21523.4 -29852.5 8500 46611.7 -14933.6 -1559.91 0.213801 29.2104 1.90794
1010101 FRAC0_S 0 1 -21616.8 -29557.9 8500 41219 -7590.1 -9386.48 0.16825 17.0686 11.7223
1010101 FRAC0_S 0 1 -21788.6 -29291.2 8518 22032.3 36921.5 -18351.4 0.209522 -50.8974 16.6567