
Step FractureNumber TipNr TipActive TipX TipY TipZ KI KII KIII G Phi Psi Extension
1010000 FRAC0_S 0 1 0 -14017.8 8603.45 78429.4 931199 28019.7 77.9226 -69.2633 -2.08218
1010000 FRAC0_S 0 1 0 -14097.8 8901.92 -4.11892e+06 154071 90109.6 3.19521 -4.85644 -1.59683
1010000 FRAC0_S 0 1 0 -14266.1 9161.05 -7.9646e+06 -1.28625e+07 -8.13979e+06 23554.7 48.3636 19.3125
1010000 FRAC0_S 0 1 0 -14506.3 9355.47 -1.08345e+07 119502 160274 4.68904 -1.4972 -1.11794
1010000 FRAC0_S 0 1 0 -14794.9 9466.15 -1.23279e+07 71048.4 198286 5.67902 -0.787375 -1.21958
1010000 FRAC0_S 0 1 0 -15103.5 9482.25 -1.2613e+07 -131634 171703 5.46515 1.41951 -1.03106
1010000 FRAC0_S 0 1 0 -15401.9 9402.21 -1.16001e+07 -223998 185190 9.03239 2.58694 -1.19496
1010000 FRAC0_S 0 1 0 -15661 9233.85 -8.52608e+06 -159599 113872 3.99439 2.51619 -1.00384
1010000 FRAC0_S 0 1 0 -15855.5 8993.66 -5.98614e+06 -218098 71074.9 4.91053 4.78113 -0.879203
1010000 FRAC0_S 0 1 0 -15966.1 8705.15 -1.86171e+06 -242257 31286.9 5.35994 14.9828 -1.13581
1010000 FRAC0_S 0 1 0 -15982.2 8396.55 2.57097e+06 -529267 -14348.9 613.995 21.7691 0.358647
1010000 FRAC0_S 0 1 0 -15902.2 8098.08 6.06137e+06 -170387 -45639.3 3276.78 3.74845 0.565348
1010000 FRAC0_S 0 1 0 -15733.9 7838.95 1.06777e+07 167266 55301 10162.5 -2.13185 -0.394874
1010000 FRAC0_S 0 1 0 -15493.7 7644.53 1.22119e+07 -102409 -99191.1 13291.2 1.15021 0.62116
1010000 FRAC0_S 0 1 0 -15205.1 7533.85 1.20847e+07 1.51288e+07 1.09206e+07 49270.6 -44.5242 -19.6308
1010000 FRAC0_S 0 1 0 -14896.5 7517.75 1.48673e+07 -792080 230743 19759.5 6.8047 -1.12569
1010000 FRAC0_S 0 1 0 -14598.1 7597.79 1.27345e+07 116940 -165882 14455.7 -1.25203 0.988609
1010000 FRAC0_S 0 1 0 -14339 7766.15 9.75594e+06 1.56659e+07 9.36382e+06 42012.4 -48.8523 -18.6053
1010000 FRAC0_S 0 1 0 -14144.5 8006.34 7.11702e+06 1.20449e+07 -7.31126e+06 24551.1 -49.2071 19.0247
1010000 FRAC0_S 0 1 0 -14033.9 8294.85 3.60698e+06 350596 195317 1175.38 -11.3202 -3.59547
Step FractureNumber TipNr TipActive TipX TipY TipZ KI KII KIII G Phi Psi Extension
1010101 FRAC0_S 0 1 -53.7847 -13953.4 8610.35 -396875 1.23967e+06 -909162 246.876 -51.5756 23.6476
1010101 FRAC0_S 0 1 -8.92895 -14031.2 8934.24 -5.12836e+06 428995 980653 144.303 -8.8848 -10.957
1010101 FRAC0_S 0 1 34.5991 -14206.2 9215.07 -8.66386e+06 -3.48956e+06 339446 1100.42 33.6438 -2.09499
1010101 FRAC0_S 0 1 17.0344 -14463.9 9434.33 -1.23979e+07 -1.8195e+06 -617788 345.767 16.1177 3.19097
1010101 FRAC0_S 0 1 -0.720982 -14774.6 9561.56 -1.6646e+07 1.82322e+06 184189 300.726 -13.0152 -0.766977
1010101 FRAC0_S 0 1 2.02347 -15113.6 9579.24 -1.21526e+07 -325952 234869 16.8042 3.54336 -1.42971
1010101 FRAC0_S 0 1 3.97363 -15441.6 9491.25 -1.31887e+07 -622429 204273 40.0725 6.07939 -1.12983
1010101 FRAC0_S 0 1 5.4072 -15726.2 9306.23 -9.29474e+06 -553510 109793 28.9042 7.56552 -0.85598
1010101 FRAC0_S 0 1 11.7282 -15939 9042.13 -7.49093e+06 1.28998e+07 9.49586e+06 26821.1 -47.3865 -21.4515
1010101 FRAC0_S 0 1 24.2819 -16058.1 8725.19 -3.85471e+06 -1.50872e+06 -146762 205.7 33.0849 2.05409
1010101 FRAC0_S 0 1 26.641 -16074.9 8386.55 2.22279e+06 140329 -53214.8 442.407 -7.89441 1.70178
1010101 FRAC0_S 0 1 11.6105 -15989.5 8058.62 6.68211e+06 381233 96241.9 3992.99 -7.25624 -1.04254
1010101 FRAC0_S 0 1 0.276286 -15806.3 7773.71 9.28562e+06 -111590 -138866 7686.99 1.62868 1.12885
1010101 FRAC0_S 0 1 -17.4565 -15541 7567.07 1.38645e+07 -3.65413e+06 299393 18330.9 25.7672 -1.3013
1010101 FRAC0_S 0 1 -31.5965 -15222.5 7452.64 1.42021e+07 -5.51442e+06 -211306 20689.1 33.3806 0.823369
1010101 FRAC0_S 0 1 -12.1522 -14884.9 7428.1 1.5416e+07 -1.99905e+06 -1.17859e+06 21718.2 14.2426 4.81156
1010101 FRAC0_S 0 1 -16.9558 -14564.1 7515.21 7.27506e+06 -2.01133e+07 1.2411e+07 61251.9 52.8737 -21.1144
1010101 FRAC0_S 0 1 -57.124 -14292.6 7710.7 1.08949e+07 -5.05739e+06 -1.4913e+06 13152.2 34.7059 6.42723
1010101 FRAC0_S 0 1 -61.5865 -14081.2 7972.69 4.168e+06 -2.41348e+06 -652680 2123.75 38.916 6.76869
1010101 FRAC0_S 0 1 -52.122 -13963 8277.43 3.40117e+06 -1.28603e+06 204480 1183.76 31.968 -3.20286