
Step FractureNumber TipNr TipActive TipX TipY TipZ KI KII KIII G Phi Psi Extension
1010000 FRAC0_S 0 1 -29200.9 29694.3 8006.53 1.87184e+06 52534.6 -501896 345.97 -2.99852 14.7229
1010000 FRAC0_S 0 1 -29273.5 29939.9 7833.58 1.72966e+06 185446 -502996 303.308 -10.325 14.7971
1010000 FRAC0_S 0 1 -29417.2 30191.4 7725.86 1.88425e+06 645176 -593148 400.26 -25.938 13.6257
1010000 FRAC0_S 0 1 -29618 30424.1 7693.92 2.01363e+06 786833 -493862 448.921 -29.445 10.9516
1010000 FRAC0_S 0 1 -29856.2 30615.3 7740.88 1.63021e+06 835211 -271898 308.812 -36.1999 7.42213
1010000 FRAC0_S 0 1 -30108.5 30746.3 7862.16 2.11794e+06 1.30027e+06 -70613.4 551.04 -42.4543 1.56519
1010000 FRAC0_S 0 1 -30350.1 30804.2 8045.87 1.86113e+06 1.15528e+06 210248 433.472 -41.1522 -4.94233
1010000 FRAC0_S 0 1 -30557.4 30783.4 8274.03 2.12122e+06 1.17816e+06 529191 561.894 -36.4531 -10.1508
1010000 FRAC0_S 0 1 -30710.2 30685.9 8524.31 1.9848e+06 759621 735382 474.386 -27.2255 -15.0099
1010000 FRAC0_S 0 1 -30793.5 30521.4 8772.21 1.35843e+06 269227 617348 221.584 -15.7825 -18.9537
1010000 FRAC0_S 0 1 -30799.1 30305.7 8993.47 1.94052e+06 -119009 875887 438.852 5.56089 -20.336
1010000 FRAC0_S 0 1 -30726.5 30060.1 9166.42 1.90663e+06 -539296 768345 428.37 21.5189 -16.7596
1010000 FRAC0_S 0 1 -30582.8 29808.6 9274.14 1.928e+06 -920781 576760 451.031 32.5741 -12.1974
1010000 FRAC0_S 0 1 -30382 29575.9 9306.08 2.10598e+06 -1.1619e+06 331621 530.143 37.8975 -6.90602
1010000 FRAC0_S 0 1 -30143.8 29384.7 9259.12 1.93261e+06 -1.1434e+06 3481.86 449.324 42.3311 -0.0881495
1010000 FRAC0_S 0 1 -29891.5 29253.7 9137.84 2.02297e+06 -1.08953e+06 -239834 478.103 38.1068 5.41142
1010000 FRAC0_S 0 1 -29649.9 29195.8 8954.13 2.01737e+06 -777347 -441866 442.474 29.5866 10.0337
1010000 FRAC0_S 0 1 -29442.6 29216.6 8725.97 2.14847e+06 -508400 -556773 475.588 20.3961 12.5232
1010000 FRAC0_S 0 1 -29289.8 29314.1 8475.69 1.80741e+06 24470.7 -551094 331.544 -1.43028 16.2736
1010000 FRAC0_S 0 1 -29206.5 29478.6 8227.79 1.9865e+06 104845 -377899 371.616 -5.81828 11.1644
Step FractureNumber TipNr TipActive TipX TipY TipZ KI KII KIII G Phi Psi Extension
1010101 FRAC0_S 0 1 -29128 29658.7 7952.58 2.47115e+06 -230179 -758322 625.362 9.00466 15.5114
1010101 FRAC0_S 0 1 -29216.1 29921.3 7758.06 2.4745e+06 -51475 -678246 607.053 2.231 15.0319
1010101 FRAC0_S 0 1 -29386.5 30185.6 7633.95 2.15106e+06 -244010 -560962 459.475 11.0795 13.6136
1010101 FRAC0_S 0 1 -29614 30430.7 7596.23 3.14486e+06 -351338 -672776 952.508 11.3013 11.728
1010101 FRAC0_S 0 1 -29877.8 30629.8 7646.31 2.70063e+06 -326634 -256352 668.16 13.2337 5.88833
1010101 FRAC0_S 0 1 -30153.7 30764.5 7776.67 2.59208e+06 -460727 23839.7 617.711 19.3952 -0.60241
1010101 FRAC0_S 0 1 -30414.1 30827.4 7974.73 2.64224e+06 -559911 368514 668.113 20.232 -7.69857
1010101 FRAC0_S 0 1 -30636 30812.8 8223.47 2.40939e+06 -394584 534818 569.214 15.5677 -11.6476
1010101 FRAC0_S 0 1 -30798.6 30719.8 8501.73 2.42186e+06 -157927 745222 598.75 6.49164 -15.8242
1010101 FRAC0_S 0 1 -30881.3 30556.8 8785.39 2.2871e+06 -171576 858201 566.696 7.05464 -17.9724
1010101 FRAC0_S 0 1 -30871.6 30339.4 9044.82 2.2449e+06 30161.2 886898 553.772 -1.32906 -19.282
1010101 FRAC0_S 0 1 -30773.5 30086.3 9246.51 2.30775e+06 150468 842868 571.08 -6.23595 -17.7644
1010101 FRAC0_S 0 1 -30602.7 29823.1 9368.66 2.11535e+06 332312 576022 452.711 -14.5409 -13.6616
1010101 FRAC0_S 0 1 -30377.1 29578.6 9404.22 1.953e+06 161617 219471 348.618 -9.3583 -7.04247
1010101 FRAC0_S 0 1 -30117.4 29375.5 9353.54 2.44316e+06 374129 -26988.7 544.469 -17.2041 0.737153
1010101 FRAC0_S 0 1 -29847.5 29229.4 9222.11 2.57031e+06 478532 -302218 621.26 -18.5646 6.76609
1010101 FRAC0_S 0 1 -29591 29155.1 9020.38 2.5093e+06 343109 -524578 608.18 -13.5017 11.3201
1010101 FRAC0_S 0 1 -29373.6 29161.2 8762.9 2.50074e+06 123353 -534134 596.569 -5.36129 12.2478
1010101 FRAC0_S 0 1 -29217.8 29250.5 8475.81 2.87631e+06 -271731 -662745 802.217 9.62691 12.5671
1010101 FRAC0_S 0 1 -29132.4 29423.3 8196.95 2.44588e+06 -391597 -717316 615.186 14.573 14.3958