
Step FractureNumber TipNr TipActive TipX TipY TipZ KI KII KIII G Phi Psi Extension
1010000 FRAC0_S 0 1 -15000 -44020.2 8624.9 -1.38328e+06 953303 -540305 119.809 -38.705 13.4851
1010000 FRAC0_S 0 1 -15000 -44106.8 8921.55 -1.14259e+06 1.1077e+06 -190212 114.15 -49.1229 5.87883
1010000 FRAC0_S 0 1 -15000 -44280.8 9176.94 -1.13167e+06 1.10794e+06 101590 110.757 -50.5763 -3.32247
1010000 FRAC0_S 0 1 -15000 -44525.1 9366.05 -1.19109e+06 1.05533e+06 386288 119.09 -44.8717 -10.7342
1010000 FRAC0_S 0 1 -15000 -44816 9470.4 -993522 583427 452395 57.5519 -34.4636 -15.7483
1010000 FRAC0_S 0 1 -15000 -45124.9 9479.76 -1.07199e+06 343352 505697 44.5172 -22.7863 -18.246
1010000 FRAC0_S 0 1 -15000 -45421.5 9393.21 -1.50576e+06 212308 690469 67.4241 -11.7968 -19.6487
1010000 FRAC0_S 0 1 -15000 -45676.9 9219.22 -1.3019e+06 480558 620889 71.8506 -25.1948 -17.9483
1010000 FRAC0_S 0 1 -15000 -45866 8974.84 -1.45855e+06 -253711 526578 42.6147 14.9662 -16.5201
1010000 FRAC0_S 0 1 -15000 -45970.4 8683.98 -1.61312e+06 -429378 466628 45.3884 21.9078 -13.3645
1010000 FRAC0_S 0 1 -15000 -45979.8 8375.1 -1.62271e+06 -544918 406522 48.4395 26.4995 -11.4951
1010000 FRAC0_S 0 1 -15000 -45893.2 8078.45 -1.59851e+06 -636347 304547 48.4195 30.6869 -8.8798
1010000 FRAC0_S 0 1 -15000 -45719.2 7823.06 -1.79585e+06 -855165 207112 70.8718 35.622 -5.47892
1010000 FRAC0_S 0 1 -15000 -45474.9 7633.95 -1.84634e+06 -967019 29403.2 83.4441 39.5236 -0.803238
1010000 FRAC0_S 0 1 -15000 -45184 7529.6 -1.19216e+06 -650249 -53226.5 38.0547 39.7868 2.1641
1010000 FRAC0_S 0 1 -15000 -44875.1 7520.24 -1.56498e+06 -804873 -284124 68.4639 36.0197 7.97215
1010000 FRAC0_S 0 1 -15000 -44578.5 7606.79 -1.25551e+06 38740 -782408 81.5513 -2.58733 24.7031
1010000 FRAC0_S 0 1 -15000 -44323.1 7780.78 -1.13677e+06 662277 -1.26383e+06 251.522 -26.999 26.5664
1010000 FRAC0_S 0 1 -15000 -44134 8025.16 -1.36825e+06 65141.4 -711425 67.6928 -4.18746 22.2415
1010000 FRAC0_S 0 1 -15000 -44029.6 8316.02 -1.18824e+06 728887 -1.00877e+06 182.686 -30.5321 22.9697
Step FractureNumber TipNr TipActive TipX TipY TipZ KI KII KIII G Phi Psi Extension
1010101 FRAC0_S 0 1 -15062.9 -43945.6 8632.8 162174 1.78561e+06 -535558 324.61 -64.4741 15.2867
1010101 FRAC0_S 0 1 -15072.8 -44046.3 8948.87 609169 1.31796e+06 -31930.4 187.989 -62.5036 1.26254
1010101 FRAC0_S 0 1 -15075.2 -44234.3 9221.22 536900 1.277e+06 306885 183.527 -58.9193 -10.5959
1010101 FRAC0_S 0 1 -15068.8 -44492.7 9428.26 158320 1.52371e+06 665777 268.074 -61.3756 -19.4651
1010101 FRAC0_S 0 1 -15055.7 -44802.7 9549.3 -443349 1.26374e+06 874759 244.083 -51.7552 -22.6391
1010101 FRAC0_S 0 1 -15038.7 -45137.3 9567.87 -686298 901620 1.42926e+06 344.129 -35.5852 -29.544
1010101 FRAC0_S 0 1 -15030.6 -45460.8 9476.81 -1.26904e+06 464967 638436 73.4759 -24.7494 -18.6004
1010101 FRAC0_S 0 1 -15020 -45739.5 9285.91 -1.3609e+06 147059 690445 65.3301 -9.05185 -21.2421
1010101 FRAC0_S 0 1 -14988.4 -45946.7 9018.86 -1.32447e+06 -581496 730943 101.19 27.469 -19.0857
1010101 FRAC0_S 0 1 -14963.7 -46059.3 8701.4 -1.10572e+06 -1.25677e+06 582593 185.889 46.9957 -14.1385
1010101 FRAC0_S 0 1 -14955.6 -46066.4 8364.59 -976369 -1.43647e+06 443427 210.024 52.7037 -11.3139
1010101 FRAC0_S 0 1 -14948.8 -45969.1 8043.34 -872375 -1.82109e+06 283528 306.215 59.4468 -7.12935
1010101 FRAC0_S 0 1 -14942.3 -45777.5 7769.12 -583833 -1.76568e+06 72850.2 278.518 64.8556 -2.31592
1010101 FRAC0_S 0 1 -14937.7 -45511.8 7567.32 -461740 -1.63535e+06 -154142 241.474 64.761 5.18594
1010101 FRAC0_S 0 1 -14937.4 -45197.9 7454.88 -451682 -1.80747e+06 -369893 309.315 63.1641 10.3209
1010101 FRAC0_S 0 1 -14955.8 -44862.9 7438.67 -850053 -1.50423e+06 -621842 253.06 52.8782 14.8569
1010101 FRAC0_S 0 1 -14999 -44539.3 7525.34 -835967 -119113 -1.49762e+06 299.565 6.63387 35.3234
1010101 FRAC0_S 0 1 -15025.7 -44260 7713.75 -1.89917e+06 301255 -768084 86.5509 -13.4868 17.9728
1010101 FRAC0_S 0 1 -15027.7 -44053.8 7980.95 -1.23478e+06 611014 -908311 142.997 -27.6144 22.1352
1010101 FRAC0_S 0 1 -15040.9 -43949.9 8274.27 -603804 1.31029e+06 -898992 260.479 -50.023 21.5566