
Step FractureNumber TipNr TipActive TipX TipY TipZ KI KII KIII G Phi Psi Extension
1010000 FRAC0_S 0 1 -45000 -36519.8 8621.42 1.66458e+06 -77718.6 -3421.47 247.45 6.09398 0.152746
1010000 FRAC0_S 0 1 -45000 -36605.3 8918.38 1.62456e+06 -45367.7 -16030.3 235.396 3.7166 0.738651
1010000 FRAC0_S 0 1 -45000 -36778.4 9174.38 1.35384e+06 155442 100650 166.829 -12.8647 -4.74742
1010000 FRAC0_S 0 1 -45000 -36977.4 9339.66 1.66081e+06 -57094.8 -31520 246.214 4.49453 1.39464
1010000 FRAC0_S 0 1 -45000 -37312.6 9469.74 1.61526e+06 -37181 -37146.7 232.802 3.04693 1.69893
1010000 FRAC0_S 0 1 -45000 -37621.4 9480.19 1.58776e+06 3371.6 -36950.6 224.828 -0.289626 1.75327
1010000 FRAC0_S 0 1 -45000 -37918.4 9394.7 1.57511e+06 30403.8 -27919.2 221.267 -2.58162 1.32356
1010000 FRAC0_S 0 1 -45000 -38174.4 9221.63 1.35264e+06 10753.9 -22860.8 163.12 -1.08183 1.27732
1010000 FRAC0_S 0 1 -45000 -38364.4 8977.91 1.62476e+06 32785 -22889.8 235.401 -2.70474 1.05634
1010000 FRAC0_S 0 1 -45000 -38469.7 8687.42 1.54854e+06 62783.4 -7825.43 214.042 -5.32335 0.376208
1010000 FRAC0_S 0 1 -45000 -38480.2 8378.58 1.65433e+06 82896.4 24248.8 244.568 -6.43348 -1.06751
1010000 FRAC0_S 0 1 -45000 -38394.7 8081.62 1.58608e+06 39005.8 14157.3 224.331 -3.29168 -0.671186
1010000 FRAC0_S 0 1 -45000 -38221.6 7825.62 1.8463e+06 -19553.5 56120.4 304.213 1.41707 -2.24942
1010000 FRAC0_S 0 1 -45000 -37977.9 7635.63 1.84996e+06 121063 58425 306.726 -8.10235 -2.21816
1010000 FRAC0_S 0 1 -45000 -37687.4 7530.26 1.17367e+06 9891.41 27530.1 122.859 -1.13876 -1.75601
1010000 FRAC0_S 0 1 -45000 -37378.6 7519.81 1.57443e+06 -1112.08 37220.1 221.074 0.0965039 -1.78254
1010000 FRAC0_S 0 1 -45000 -37081.6 7605.3 1.47653e+06 321080 -391398 223.834 -19.0289 12.8915
1010000 FRAC0_S 0 1 -45000 -36825.6 7778.37 1.24429e+06 -34528.7 20779.6 138.129 3.6702 -1.23872
1010000 FRAC0_S 0 1 -45000 -36635.6 8022.09 1.60279e+06 -36231.9 18269.6 229.079 3.02724 -0.855844
1010000 FRAC0_S 0 1 -45000 -36530.3 8312.58 1.49705e+06 609013 -47974.9 233.067 -33.9867 1.72085
Step FractureNumber TipNr TipActive TipX TipY TipZ KI KII KIII G Phi Psi Extension
1010101 FRAC0_S 0 1 -45007.1 -36427.5 8634.17 2.17309e+06 19830.2 -115414 422.612 -1.19753 3.81741
1010101 FRAC0_S 0 1 -44999.7 -36517.6 8959.21 2.1398e+06 177682 118454 412.692 -9.83944 -3.71492
1010101 FRAC0_S 0 1 -45007.6 -36708.1 9240.04 1.59605e+06 -55092.7 54394.9 227.66 4.44928 -2.4541
1010101 FRAC0_S 0 1 -45000.3 -36975.5 9449.14 2.66152e+06 4519.03 144094 633.992 -0.224955 -3.9128
1010101 FRAC0_S 0 1 -44995.5 -37294.1 9565.39 1.58219e+06 116308 91200.8 225.383 -8.80264 -3.88909
1010101 FRAC0_S 0 1 -45000.1 -37633.4 9576.95 2.15849e+06 -4874.21 124498 417.234 0.297948 -4.1468
1010101 FRAC0_S 0 1 -45002.9 -37959.7 9483.02 2.23347e+06 -142139 119730 448.224 7.74753 -3.66658
1010101 FRAC0_S 0 1 -45003.3 -38241 9292.85 2.46505e+06 -126993 118066 544.766 6.40654 -3.33543
1010101 FRAC0_S 0 1 -45005.1 -38449.5 9025.06 2.08132e+06 -255804 68589 392.472 14.095 -2.19702
1010101 FRAC0_S 0 1 -45008.6 -38565.1 8705.89 1.92874e+06 79825.5 4223.77 332.061 -5.44219 -0.163535
1010101 FRAC0_S 0 1 -45009.3 -38576.6 8366.62 1.57092e+06 -291687 -12492.2 227.508 20.0842 0.518181
1010101 FRAC0_S 0 1 -45005 -38482.8 8040.36 2.02967e+06 -248701 -73562.5 373.324 14.0213 2.40736
1010101 FRAC0_S 0 1 -45003.7 -38292.7 7759.26 1.61948e+06 -106576 -47643 235.023 8.15946 2.07134
1010101 FRAC0_S 0 1 -45006.9 -38024.8 7550.71 1.72341e+06 -143726 -63228.4 267.041 10.0357 2.51946
1010101 FRAC0_S 0 1 -45004.4 -37705.8 7434.7 2.0281e+06 -119011 -122596 369.789 7.14837 4.11681
1010101 FRAC0_S 0 1 -45008.5 -37367.2 7424.24 2.04299e+06 -183852 -30539.3 375.065 10.9379 1.04919
1010101 FRAC0_S 0 1 -45014.6 -37041.5 7519.45 2.01082e+06 -262579 -102666 367.854 14.6165 3.30864
1010101 FRAC0_S 0 1 -45003.6 -36759.7 7708.43 2.07116e+06 -74211.6 -83998.5 383.684 4.58278 2.89205
1010101 FRAC0_S 0 1 -45009.7 -36554.6 7975.76 2.04718e+06 -69552.7 86843.6 374.891 4.34915 -3.02274
1010101 FRAC0_S 0 1 -45024 -36443 8295.69 2.02034e+06 -425565 -24248.2 379.945 22.0419 0.762503