
Step FractureNumber TipNr TipActive TipX TipY TipZ KI KII KIII G Phi Psi Extension
1010000 FRAC0_S 0 1 -22500 44049 8233.09 -220640 658161 485132 69.9022 -51.2569 -23.5686
1010000 FRAC0_S 0 1 -22500 44178.1 7952.3 -253653 315305 555996 49.9736 -33.7405 -30.4897
1010000 FRAC0_S 0 1 -22500 44387.6 7725.12 -338945 18231.1 659571 57.8892 -2.48781 -36.7121
1010000 FRAC0_S 0 1 -22500 44657 7573.79 -361250 -310654 609097 57.9426 29.8345 -29.627
1010000 FRAC0_S 0 1 -22500 44960 7513.12 -407140 -645804 540245 75.9824 45.2476 -22.655
1010000 FRAC0_S 0 1 -22500 45266.9 7549.06 -443516 -801132 355221 73.9742 52.5524 -15.6916
1010000 FRAC0_S 0 1 -22500 45547.7 7678.08 -426592 -825670 169178 64.5557 57.703 -8.81599
1010000 FRAC0_S 0 1 -22500 45774.9 7887.55 -326466 -1.43047e+06 627126 234.648 58.8008 -18.2344
1010000 FRAC0_S 0 1 -22500 45926.2 8156.97 -428344 -905427 -158197 76.3806 59.1813 7.89952
1010000 FRAC0_S 0 1 -22500 45986.8 8459.98 -385441 -744578 -283256 60.0734 54.3288 14.3076
1010000 FRAC0_S 0 1 -22500 45951 8766.91 -382830 -646208 -419521 60.6188 48.5239 19.8219
1010000 FRAC0_S 0 1 -22500 45821.9 9047.7 -340861 -459264 -517875 54.4653 40.2843 25.5533
1010000 FRAC0_S 0 1 -22500 45612.4 9274.88 -244155 -1.03266e+06 -875739 197.026 51.0529 26.2713
1010000 FRAC0_S 0 1 -22500 45343 9426.21 -251005 13753.7 -642298 54.8856 -2.10673 38.6858
1010000 FRAC0_S 0 1 -22500 45040 9486.88 -196712 258539 -557609 47.3097 -31.175 32.9396
1010000 FRAC0_S 0 1 -22500 44733.1 9450.94 -79887.7 768631 -1.3832e+06 307.108 -39.9143 35.6671
1010000 FRAC0_S 0 1 -22500 44452.3 9321.92 -171449 843237 -405390 85.2189 -58.4499 19.5774
1010000 FRAC0_S 0 1 -22500 44225.1 9112.45 -164188 1.06081e+06 -199755 105.583 -65.4324 10.2872
1010000 FRAC0_S 0 1 -22500 44073.8 8843.03 -214787 -200269 588612 49.6538 25.1481 -34.3941
1010000 FRAC0_S 0 1 -22500 44013.2 8540.02 -211429 936471 312766 91.1578 -60.9847 -15.1887
Step FractureNumber TipNr TipActive TipX TipY TipZ KI KII KIII G Phi Psi Extension
1010101 FRAC0_S 0 1 -22574.7 43989.5 8213.6 1.27498e+06 1.06498e+06 752334 321.201 -39.9131 -17.0235
1010101 FRAC0_S 0 1 -22548.3 44112.9 7905.42 1.01213e+06 1.3195e+06 917882 358.485 -45.3065 -19.3995
1010101 FRAC0_S 0 1 -22498.8 44355.8 7634.8 17099 128285 747721 75.8512 -18.6652 -42.1721
1010101 FRAC0_S 0 1 -22458.4 44625.7 7495.93 41898 -361805 368062 29.8387 50.248 -29.6933
1010101 FRAC0_S 0 1 -22432.2 44955.1 7442.97 195220 -303865 467384 40.6775 37.0974 -30.0031
1010101 FRAC0_S 0 1 -22421.4 45281.8 7491.09 256665 -642724 47789.7 42.9849 62.7676 -3.85146
1010101 FRAC0_S 0 1 -22416.5 45576.8 7633.18 981345 -467451 715626 173.4 26.9708 -22.1818
1010101 FRAC0_S 0 1 -22414.6 45814.6 7855.92 1.41293e+06 -1.0003e+06 442587 293.111 40.4493 -11.2957
1010101 FRAC0_S 0 1 -22415.4 45974.9 8139.46 1.59126e+06 -1.08413e+06 93623.7 331.535 44.0827 -2.59955
1010101 FRAC0_S 0 1 -22419.1 46043.9 8458.82 1.06427e+06 -875820 -357203 186.254 43.1996 11.3303
1010101 FRAC0_S 0 1 -22426 46013.2 8785.83 1.02543e+06 -960343 -608144 225.07 42.2372 16.4732
1010101 FRAC0_S 0 1 -22429.5 45879.4 9085.65 855635 -1.0414e+06 -1.03971e+06 305.654 40.8431 23.4785
1010101 FRAC0_S 0 1 -22445.9 45656.5 9333.54 570839 -589244 -1.28081e+06 278.159 29.7174 31.8426
1010101 FRAC0_S 0 1 -22495.3 45371 9506.76 171351 -102138 -1.06232e+06 153.638 10.2954 41.1599
1010101 FRAC0_S 0 1 -22542.8 45045.2 9571.51 33638.2 373284 -1.19656e+06 202.94 -28.7979 39.8295
1010101 FRAC0_S 0 1 -22566.3 44716.3 9520.12 567061 520211 -927600 167.208 -31.4798 28.9151
1010101 FRAC0_S 0 1 -22581.4 44424.4 9368.6 1.03325e+06 755464 -843820 240.691 -34.4114 21.6112
1010101 FRAC0_S 0 1 -22556.2 44180.3 9144.08 745109 960231 -457879 159.52 -48.3519 15.0314
1010101 FRAC0_S 0 1 -22523.3 44006.3 8853.14 160995 1.90127e+06 -11786 324.444 -69.5142 0.442178
1010101 FRAC0_S 0 1 -22552.6 43952.6 8544.64 1.03495e+06 742005 438319 170.061 -39.0396 -14.1413