
Step FractureNumber TipNr TipActive TipX TipY TipZ KI KII KIII G Phi Psi Extension
1010000 FRAC0_S 0 1 45000 -14017.8 8603.45 1.51089e+06 1.76015e+06 -746671 553.643 -47.8986 13.3561
1010000 FRAC0_S 0 1 45000 -14097.8 8901.92 1.12864e+06 1.61763e+06 -228316 353.62 -55.4327 5.79253
1010000 FRAC0_S 0 1 45000 -14266.1 9161.05 865351 1.37095e+06 149089 237.167 -57.34 -4.74617
1010000 FRAC0_S 0 1 45000 -14506.3 9355.47 1.04665e+06 1.56578e+06 586621 361.854 -51.7539 -13.1935
1010000 FRAC0_S 0 1 45000 -14794.9 9466.15 803430 923673 732949 204.996 -42.6973 -20.31
1010000 FRAC0_S 0 1 45000 -15103.5 9482.25 918915 576196 938757 222.038 -29.2205 -25.1757
1010000 FRAC0_S 0 1 45000 -15401.9 9402.21 1.12444e+06 172054 1.17488e+06 298.892 -9.40733 -29.6228
1010000 FRAC0_S 0 1 45000 -15649.1 9244.64 1.26553e+06 -354674 1.23513e+06 356.823 16.31 -27.5655
1010000 FRAC0_S 0 1 45000 -15855.5 8993.66 1.29879e+06 -776207 1.06345e+06 354.416 30.3433 -22.6411
1010000 FRAC0_S 0 1 45000 -15966.1 8705.15 1.37958e+06 -1.18173e+06 892969 400.093 39.7022 -17.9585
1010000 FRAC0_S 0 1 45000 -15982.2 8396.55 1.64816e+06 -1.55542e+06 700205 522.858 44.6687 -12.9288
1010000 FRAC0_S 0 1 45000 -15902.2 8098.08 1.66401e+06 -1.70747e+06 369385 524.682 49.3177 -7.38022
1010000 FRAC0_S 0 1 45000 -15733.9 7838.95 2.02042e+06 -2.05174e+06 77563.9 739.677 52.1078 -1.4464
1010000 FRAC0_S 0 1 45000 -15493.7 7644.53 1.84896e+06 -1.75902e+06 -303519 592.608 48.8023 5.85383
1010000 FRAC0_S 0 1 45000 -15205.1 7533.85 1.43513e+06 -1.18424e+06 -464891 337.245 43.4348 11.0072
1010000 FRAC0_S 0 1 45000 -14896.5 7517.75 1.87818e+06 -1.30772e+06 -984452 595.626 37.0175 16.5738
1010000 FRAC0_S 0 1 45000 -14598.1 7597.79 1.81699e+06 -708706 -1.15376e+06 515.993 24.3687 21.2136
1010000 FRAC0_S 0 1 45000 -14339 7766.15 1.65177e+06 -90859.4 -1.12388e+06 411.852 4.36724 25.5088
1010000 FRAC0_S 0 1 45000 -14144.5 8006.34 1.65785e+06 239129 -1.05783e+06 398.839 -10.8716 23.6947
1010000 FRAC0_S 0 1 45000 -14033.9 8294.85 1.41858e+06 1.18674e+06 -1.03179e+06 446.412 -38.2276 19.4716
Step FractureNumber TipNr TipActive TipX TipY TipZ KI KII KIII G Phi Psi Extension
1010101 FRAC0_S 0 1 44926.9 -13952.2 8608.65 2.15569e+06 -34571.2 -520923 450.29 1.77381 13.7686
1010101 FRAC0_S 0 1 44919.2 -14045.2 8924.25 2.45145e+06 -11502 -99674.5 536.848 0.626963 2.98392
1010101 FRAC0_S 0 1 44917.6 -14225.4 9198.28 2.43641e+06 -42283.2 273986 539.107 2.13399 -7.43674
1010101 FRAC0_S 0 1 44922.7 -14477 9409.28 1.78697e+06 49818 510752 319.469 -2.93946 -15.4083
1010101 FRAC0_S 0 1 44934.2 -14781.7 9537.2 1.69448e+06 -16445.5 865843 355.592 0.890658 -22.4835
1010101 FRAC0_S 0 1 44954.6 -15114.3 9566.15 1.56353e+06 -55697.9 1.07005e+06 370.403 2.86953 -25.8113
1010101 FRAC0_S 0 1 44986.7 -15440.4 9486.8 1.70354e+06 -81696.9 1.24581e+06 465.618 3.72262 -26.4844
1010101 FRAC0_S 0 1 45022.6 -15721.9 9302.83 1.27901e+06 -74587.5 1.01074e+06 282.141 4.34689 -27.3138
1010101 FRAC0_S 0 1 45048.2 -15927.8 9037.05 1.25943e+06 -62945.9 693285 205.621 4.30372 -22.9241
1010101 FRAC0_S 0 1 45062.1 -16040.2 8722.06 2.16755e+06 61651.5 787387 501.459 -2.83201 -18.1112
1010101 FRAC0_S 0 1 45070.1 -16051.3 8390.19 1.57193e+06 119732 368993 239.573 -7.89821 -12.909
1010101 FRAC0_S 0 1 45075.2 -15961 8072.67 2.51659e+06 247081 235304 577.156 -11.0592 -5.91685
1010101 FRAC0_S 0 1 45077.2 -15779.8 7797.5 2.49227e+06 153997 -34051.4 555.765 -7.8126 0.985606
1010101 FRAC0_S 0 1 45074.5 -15525.3 7587.97 2.15075e+06 247316 -243452 425.534 -12.4941 6.90845
1010101 FRAC0_S 0 1 45068.2 -15218.8 7464.22 2.50783e+06 301561 -571521 611.979 -11.9304 12.2424
1010101 FRAC0_S 0 1 45057.6 -14886.9 7439.48 2.53117e+06 265569 -832899 669.461 -9.86861 16.1611
1010101 FRAC0_S 0 1 45037.5 -14560.8 7517.81 2.21973e+06 127792 -1.058e+06 589.392 -5.15492 21.0473
1010101 FRAC0_S 0 1 45009.4 -14275.1 7696.03 2.16207e+06 -72013.9 -877923 519.519 3.20221 19.3781
1010101 FRAC0_S 0 1 44977 -14066.1 7959.19 2.23524e+06 156337 -1.18352e+06 633.695 -5.98826 22.2051
1010101 FRAC0_S 0 1 44945.8 -13957.5 8276.18 2.14929e+06 56493.1 -833992 504.432 -2.57767 18.916