
Step FractureNumber TipNr TipActive TipX TipY TipZ KI KII KIII G Phi Psi Extension
1010000 FRAC0_S 0 1 30000 15987.2 8471.27 -1.19835e+07 -6.13728e+06 -6.07693e+06 8268 31.0053 17.5074
1010000 FRAC0_S 0 1 30000 15947.8 8777.76 -5.38431e+06 -146146 -6.21606e+06 5140.94 1.73099 32.0351
1010000 FRAC0_S 0 1 30000 15815.6 9057.06 -1.64599e+06 5.24965e+06 -5.40082e+06 6335.23 -47.0108 27.8929
1010000 FRAC0_S 0 1 30000 15603.5 9281.83 2.73463e+06 6.28197e+06 -1.46712e+06 4469.22 -58.7558 10.2693
1010000 FRAC0_S 0 1 30000 15332.4 9430.08 8.49671e+06 1.04087e+07 1.46432e+06 16372.7 -53.2608 -5.43664
1010000 FRAC0_S 0 1 30000 15028.7 9487.27 6.163e+06 8.77538e+06 2.77608e+06 11271.7 -52.1751 -11.4131
1010000 FRAC0_S 0 1 30000 14722.2 9447.82 4.72324e+06 5.74815e+06 3.48717e+06 6549.59 -45.7815 -17.4266
1010000 FRAC0_S 0 1 30000 14442.9 9315.6 4.78384e+06 6.95825e+06 6.03711e+06 11201.2 -44.0699 -22.6808
1010000 FRAC0_S 0 1 30000 14218.2 9103.54 -306110 6.00939e+06 5.60342e+06 7393.99 -52.792 -29.3763
1010000 FRAC0_S 0 1 30000 14070 8832.4 2.00254e+07 -4.03602e+06 1.18947e+07 56003.3 14.8328 -22.1919
1010000 FRAC0_S 0 1 30000 14012.8 8528.73 -1.11221e+07 6.92657e+06 7.72219e+06 12206.3 -32.5717 -20.4095
1010000 FRAC0_S 0 1 30000 14052.2 8222.24 -6.74611e+06 -995807 1.09912e+07 16155.7 7.24425 -34.4045
1010000 FRAC0_S 0 1 30000 14184.4 7942.94 -4.19747e+07 1.07958e+07 1.51928e+07 41085.1 -20.4724 -15.7874
1010000 FRAC0_S 0 1 30000 14396.5 7718.17 -2.33564e+07 -8.90815e+06 1.42584e+07 34110.4 24.2405 -20.8058
1010000 FRAC0_S 0 1 30000 14653.8 7574.86 -5.58496e+06 -2.2767e+06 4.3896e+06 3024.61 23.5994 -23.7108
1010000 FRAC0_S 0 1 30000 14971.3 7512.73 -2.63092e+07 -8.39116e+06 1.10583e+07 22538.3 23.3191 -16.9226
1010000 FRAC0_S 0 1 30000 15277.8 7552.18 -4.25007e+07 -1.99796e+07 1.18013e+07 54094.6 32.5918 -11.5592
1010000 FRAC0_S 0 1 30000 15557.1 7684.4 -2.4273e+07 -1.55193e+07 4.52768e+06 24188.6 40.44 -7.62397
1010000 FRAC0_S 0 1 30000 15781.8 7896.46 -3.83797e+07 -2.12439e+07 5.14205e+06 43732.1 38.3902 -5.98477
1010000 FRAC0_S 0 1 30000 15930 8167.6 -1.53492e+07 -1.11983e+07 -3.56386e+06 12863.8 42.384 8.76951
Step FractureNumber TipNr TipActive TipX TipY TipZ KI KII KIII G Phi Psi Extension
1010101 FRAC0_S 0 1 30043.4 16071.5 8470.84 -5.14686e+06 -8.32359e+06 -5.51417e+06 10217.7 47.9254 19.8714
1010101 FRAC0_S 0 1 29996.1 16031.2 8800.81 -2.71612e+06 1.02033e+06 -5.94173e+06 4788.22 -13.9816 35.4485
1010101 FRAC0_S 0 1 29942.8 15875.7 9093.59 1.0747e+06 1.21245e+06 -940237 351.493 -42.7153 19.923
1010101 FRAC0_S 0 1 29918.9 15638.5 9326.06 1.06291e+07 1.24576e+06 -412048 10228.4 -13.4748 2.57865
1010101 FRAC0_S 0 1 29918.8 15350.8 9483.82 1.09041e+07 -36083.6 2.04275e+06 11150.3 0.388562 -11.4556
1010101 FRAC0_S 0 1 29922.6 15029.8 9548.73 1.08207e+07 -832207 3.93182e+06 12551.4 7.27624 -17.578
1010101 FRAC0_S 0 1 29927.1 14702.7 9511.45 7.67119e+06 -895438 4.08212e+06 7531.59 9.56016 -21.7358
1010101 FRAC0_S 0 1 29927.4 14405.8 9371.23 5.59345e+06 652928 4.71108e+06 5777.79 -8.0937 -27.4355
1010101 FRAC0_S 0 1 29949.2 14161.4 9144.98 -1.54204e+07 2.50872e+07 -481195 56113.7 -59.4646 0.911146
1010101 FRAC0_S 0 1 29979.5 13991.4 8858.52 -3.06487e+06 4.96873e+06 5.48902e+06 6207.17 -41.9906 -26.224
1010101 FRAC0_S 0 1 29982.7 13924.1 8531.11 -5.8734e+06 4.22552e+06 5.61098e+06 5778.31 -32.5919 -23.649
1010101 FRAC0_S 0 1 29984.1 13964.2 8195.69 -1.27877e+07 5.96652e+06 8.45932e+06 12689.7 -27.3299 -21.0576
1010101 FRAC0_S 0 1 29995.9 14108 7891.5 -1.33238e+07 2.72309e+06 7.50059e+06 8143.2 -15.2538 -21.4971
1010101 FRAC0_S 0 1 30021.7 14341.6 7647.29 -2.16521e+07 -5.75266e+06 1.34481e+07 27002.1 18.326 -22.1004
1010101 FRAC0_S 0 1 30040.2 14637.6 7485.79 -1.94779e+07 -1.08048e+07 1.00454e+07 23824.2 32.4844 -17.3816
1010101 FRAC0_S 0 1 30043.3 14968.2 7425.05 -1.75266e+07 -1.75625e+07 1.03496e+07 41731.4 43.6541 -16.0541
1010101 FRAC0_S 0 1 30053.1 15299.7 7473.09 -1.60804e+07 -2.21559e+07 9.85264e+06 56653.4 49.6429 -14.5957
1010101 FRAC0_S 0 1 30061.5 15599.9 7620.79 -7.64413e+06 -2.06252e+07 4.22e+06 40275.9 60.6656 -9.57458
1010101 FRAC0_S 0 1 30064.2 15841 7850.59 -2.62029e+06 -2.4623e+07 -2.86222e+06 55116.4 67.6785 7.1174
1010101 FRAC0_S 0 1 30062.2 16001.8 8142.57 -3.24832e+06 -2.21794e+07 -9.04521e+06 54717 61.0979 18.1942