
Step FractureNumber TipNr TipActive TipX TipY TipZ KI KII KIII G Phi Psi Extension
1010000 FRAC0_S 0 1 15000 23431.5 8171.35 3.01213e+06 7.06257e+06 -500004 5286.54 -62.2785 3.6143
1010000 FRAC0_S 0 1 15000 23487.4 8475.25 3.4573e+06 5.74141e+06 1.02786e+06 4143.05 -56.5354 -7.50632
1010000 FRAC0_S 0 1 15000 23446.7 8781.58 3.91254e+06 4.00759e+06 1.9522e+06 3302.14 -45.2966 -14.1337
1010000 FRAC0_S 0 1 15000 23313.3 9060.35 8.60819e+06 6.78259e+06 5.95893e+06 15425.2 -37.4117 -19.1998
1010000 FRAC0_S 0 1 15000 23100.4 9284.26 3.75326e+06 392534 1.62748e+06 1621.3 -9.19521 -19.3657
1010000 FRAC0_S 0 1 15000 22828.6 9431.41 5.24996e+06 -748403 1.84986e+06 2961.09 12.7138 -16.5515
1010000 FRAC0_S 0 1 15000 22524.8 9487.38 5.60522e+06 -1.62771e+06 1.66854e+06 3406.07 23.2596 -13.4612
1010000 FRAC0_S 0 1 15000 22218.5 9446.7 4.9706e+06 -2.25423e+06 1.03707e+06 2797.49 32.9874 -9.27092
1010000 FRAC0_S 0 1 15000 21939.6 9313.35 3.44589e+06 -1.32819e+07 -3.81808e+06 18716.6 61.2502 13.3553
1010000 FRAC0_S 0 1 15000 21715.7 9100.39 4.92784e+06 -4.34974e+06 344886 3865.71 48.9818 -2.75327
1010000 FRAC0_S 0 1 15000 21568.5 8828.65 4.95335e+06 -5.98799e+06 -461044 5409.77 54.2164 3.0999
1010000 FRAC0_S 0 1 15000 21512.6 8524.75 3.32186e+06 -5.67743e+06 -1.49496e+06 4152.85 55.2526 10.4418
1010000 FRAC0_S 0 1 15000 21553.3 8218.42 156574 -1.01297e+06 -6.66598e+06 6003.51 16.9292 42.4736
1010000 FRAC0_S 0 1 15000 21686.7 7939.65 8.88375e+06 -1.30005e+07 -1.00638e+07 35563.7 45.3785 21.2959
1010000 FRAC0_S 0 1 15000 21899.6 7715.74 2.65068e+06 4.59903e+06 -1.21049e+07 21999.2 -29.3143 35.8751
1010000 FRAC0_S 0 1 15000 22171.4 7568.59 853754 -862289 -4.87681e+06 3294.39 17.1134 39.6408
1010000 FRAC0_S 0 1 15000 22475.2 7512.62 1.36193e+06 1.56516e+06 -6.0573e+06 5263.47 -22.2649 37.5877
1010000 FRAC0_S 0 1 15000 22781.5 7553.3 1.0669e+06 3.2455e+06 -4.49369e+06 3725.75 -42.0891 31.2097
1010000 FRAC0_S 0 1 15000 23060.4 7686.65 687923 1.66278e+07 1.26128e+06 24891.3 -69.2293 -5.14365
1010000 FRAC0_S 0 1 15000 23284.3 7899.61 1.11131e+07 1.71619e+07 -8.56111e+06 46998.7 -50.0315 16.3456
Step FractureNumber TipNr TipActive TipX TipY TipZ KI KII KIII G Phi Psi Extension
1010101 FRAC0_S 0 1 14915.7 23479.9 8153.5 8.81888e+06 1.86241e+06 -1.26033e+06 7450.66 -20.1317 7.86461
1010101 FRAC0_S 0 1 14918.4 23542.8 8475.71 1.49804e+07 2.5113e+06 2.10245e+06 21147.3 -16.7934 -7.98943
1010101 FRAC0_S 0 1 14928.5 23510.5 8802.53 9.91546e+06 1.87051e+06 2.71184e+06 10050.9 -16.8976 -13.4354
1010101 FRAC0_S 0 1 14947.9 23377.9 9107.49 5.39173e+06 -124333 2.23746e+06 3257.69 2.22699 -19.7606
1010101 FRAC0_S 0 1 14982.3 23154.9 9357.72 6.84578e+06 264172 2.88242e+06 5287.35 -3.65231 -19.7541
1010101 FRAC0_S 0 1 15016.9 22860.4 9519.96 6.85821e+06 556188 2.54778e+06 5082.19 -7.598 -17.7898
1010101 FRAC0_S 0 1 15038.9 22528.1 9576.4 6.76704e+06 3.67211e+06 2.78392e+06 6312.97 -33.4803 -14.959
1010101 FRAC0_S 0 1 15059 22200.3 9519.76 7.60307e+06 1.55604e+06 2.24556e+06 6037.57 -17.7983 -14.0787
1010101 FRAC0_S 0 1 15076.3 21907 9363.23 7.77888e+06 1.76378e+06 2.33663e+06 6395.51 -19.2434 -14.0657
1010101 FRAC0_S 0 1 15079.9 21669 9135.1 9.93814e+06 279090 1.85603e+06 9266.2 -3.19888 -11.2111
1010101 FRAC0_S 0 1 15079.9 21513.7 8848.71 9.87001e+06 -982984 750105 8841.78 11.358 -4.90455
1010101 FRAC0_S 0 1 15068.6 21447.4 8523.51 1.05254e+07 -3.25954e+06 34738.3 10818.8 29.1266 -0.195859
1010101 FRAC0_S 0 1 15052.9 21478.7 8195.17 7.32823e+06 -4.8138e+06 -3.33956e+06 8333.69 36.7634 15.29
1010101 FRAC0_S 0 1 15030.6 21621.5 7895.6 6.24647e+06 -6.17263e+06 -4.3981e+06 9444.79 41.9556 18.1418
1010101 FRAC0_S 0 1 15000.6 21850.7 7648.63 -1.01873e+07 7.42626e+06 2.61322e+06 5822.61 -41.965 -9.52646
1010101 FRAC0_S 0 1 14993 22141.6 7483.09 1.21054e+06 -714179 -7.69724e+06 8055.95 10.0057 41.2791
1010101 FRAC0_S 0 1 14971.6 22471.5 7426.05 2.62605e+06 415379 -6.28318e+06 5880.51 -6.09761 37.5751
1010101 FRAC0_S 0 1 14933.6 22796.6 7487.31 8.1918e+06 2.90065e+06 -7.47005e+06 14151.2 -20.1677 26.045
1010101 FRAC0_S 0 1 14917.3 23088.4 7644.51 1.03594e+07 1.84198e+06 -5.54776e+06 13958.9 -13.7751 21.1561
1010101 FRAC0_S 0 1 14916.1 23325.7 7868.93 9.51073e+06 2.09618e+06 -3.9291e+06 10505.1 -17.615 17.6157