
Step FractureNumber TipNr TipActive TipX TipY TipZ KI KII KIII G Phi Psi Extension
1010000 FRAC0_S 0 1 -45000 -44020.2 8624.9 -1.72167e+06 -178647 81689.8 3.73145 12.0501 -3.15876
1010000 FRAC0_S 0 1 -45000 -44106.8 8921.55 -1.60772e+06 -175637 32954.7 2.89335 12.8834 -1.40435
1010000 FRAC0_S 0 1 -45000 -44280.8 9176.94 -1.59444e+06 -150965 -7894.96 2.03915 11.5355 0.350558
1010000 FRAC0_S 0 1 -45000 -44525.1 9366.05 -1.68515e+06 -113683 -58454.5 1.6061 8.30706 2.42222
1010000 FRAC0_S 0 1 -45000 -44816 9470.4 -1.65413e+06 -88581.7 -227125 7.56014 6.1541 8.55479
1010000 FRAC0_S 0 1 -45000 -45124.9 9479.76 -1.61703e+06 -27133.7 -442103 26.0611 1.80898 15.0472
1010000 FRAC0_S 0 1 -45000 -45421.5 9393.21 -1.6203e+06 49723.5 -243217 8.08788 -3.59119 9.3823
1010000 FRAC0_S 0 1 -45000 -45676.9 9219.22 -1.31612e+06 7307.18 -90348.3 1.09041 -0.721725 4.84986
1010000 FRAC0_S 0 1 -45000 -45866 8974.84 -1.56072e+06 63633.9 -105310 1.83584 -5.05582 4.62669
1010000 FRAC0_S 0 1 -45000 -45970.4 8683.98 -1.58177e+06 130599 -122491 3.5154 -9.61006 5.06003
1010000 FRAC0_S 0 1 -45000 -45979.8 8375.1 -1.65679e+06 145846 -98616.5 3.18891 -10.3276 3.95702
1010000 FRAC0_S 0 1 -45000 -45893.2 8078.45 -1.52935e+06 173089 -59399.3 3.13897 -13.0784 2.59222
1010000 FRAC0_S 0 1 -45000 -45719.2 7823.06 -1.61695e+06 238080 -28240.6 5.15703 -16.5799 1.16223
1010000 FRAC0_S 0 1 -45000 -45474.9 7633.95 -1.53066e+06 214769 19974.2 4.16333 -15.9957 -0.87829
1010000 FRAC0_S 0 1 -45000 -45184 7529.6 -1.15495e+06 -136079 -762432 78.9633 8.97014 24.4114
1010000 FRAC0_S 0 1 -45000 -44875.1 7520.24 -1.54563e+06 167700 100147 3.83998 -12.3478 -4.20682
1010000 FRAC0_S 0 1 -45000 -44578.5 7606.79 -1.37074e+06 65844.9 330412 14.9062 -5.11973 -13.4314
1010000 FRAC0_S 0 1 -45000 -44323.1 7780.78 -1.13084e+06 682315 -283456 52.1717 -38.1475 9.94217
1010000 FRAC0_S 0 1 -45000 -44134 8025.16 -1.59156e+06 -46356.3 148782 3.13559 3.5852 -6.26638
1010000 FRAC0_S 0 1 -45000 -44029.6 8316.02 -1.36363e+06 1.05968e+06 -73904.6 100.791 -46.8036 2.27949
Step FractureNumber TipNr TipActive TipX TipY TipZ KI KII KIII G Phi Psi Extension
1010101 FRAC0_S 0 1 -45002.2 -43932.9 8638.29 -1.99504e+06 -221124 253837 12.9267 11.9723 -7.66736
1010101 FRAC0_S 0 1 -44978.6 -44020.6 8962.23 -1.73761e+06 -1.3337e+06 -247439 166.648 44.9567 5.63207
1010101 FRAC0_S 0 1 -44980.9 -44211.1 9242.61 -1.68815e+06 -1.07051e+06 -338563 117.365 40.0266 8.132
1010101 FRAC0_S 0 1 -44985.1 -44478.9 9450.65 -1.99312e+06 -561409 -165950 31.7484 25.9099 4.63523
1010101 FRAC0_S 0 1 -44990.2 -44798 9565.72 -1.52507e+06 -270522 -164654 10.127 17.9874 6.3189
1010101 FRAC0_S 0 1 -44997.3 -45137.2 9576.32 -2.23644e+06 -123528 -292694 12.7538 6.36768 8.20473
1010101 FRAC0_S 0 1 -45002.7 -45463.2 9481.33 -2.02015e+06 98168.9 -207691 6.59577 -5.784 6.70157
1010101 FRAC0_S 0 1 -45004.4 -45743.7 9290.17 -1.86041e+06 -225468 217496 10.8215 13.0333 -7.07094
1010101 FRAC0_S 0 1 -45008.9 -45951.1 9021.58 -1.85639e+06 351265 -177396 15.1804 -19.1005 5.61893
1010101 FRAC0_S 0 1 -45015 -46065.1 8702.02 -1.8729e+06 505976 -128393 25.0057 -25.4018 3.90772
1010101 FRAC0_S 0 1 -45018.8 -46074.8 8363.08 -1.47808e+06 531707 -49842.3 25.5229 -31.4768 1.86825
1010101 FRAC0_S 0 1 -45023 -45979.1 8038.14 -1.98133e+06 883088 -58627.7 69.9491 -35.9067 1.55118
1010101 FRAC0_S 0 1 -45026.8 -45787.7 7758.76 -1.4726e+06 -40272.6 -475845 30.2595 2.80637 16.7739
1010101 FRAC0_S 0 1 -45017 -45520 7551.12 -1.96393e+06 687384 230101 49.146 -29.4144 -6.0184
1010101 FRAC0_S 0 1 -45004.4 -45201.7 7435.77 -1.91705e+06 310202 164232 12.1619 -16.9818 -5.20091
1010101 FRAC0_S 0 1 -45009 -44862.9 7425 -2.22458e+06 329953 125120 11.7834 -16.1773 -3.57008
1010101 FRAC0_S 0 1 -45025.3 -44540.6 7523.21 -2.06628e+06 673228 112852 42.0817 -29.144 -3.03437
1010101 FRAC0_S 0 1 -45031.6 -44263.6 7717.63 -1.32617e+06 470800 137739 22.2747 -29.923 -5.38587
1010101 FRAC0_S 0 1 -45030.6 -44059.9 7983.66 -2.01624e+06 518247 138897 26.4991 -24.5091 -3.96345
1010101 FRAC0_S 0 1 -45029.7 -43949.9 8300.75 -1.92527e+06 498303 139227 24.7047 -24.5748 -4.14006