
Step FractureNumber TipNr TipActive TipX TipY TipZ KI KII KIII G Phi Psi Extension
1010000 FRAC0_S 0 1 -37359.6 -44382.4 7742.05 1.76338e+06 1.1455e+06 32043.7 394.151 -43.9106 -0.845956
1010000 FRAC0_S 0 1 -37611.8 -44252.4 7864.27 1.76649e+06 1.09363e+06 276780 394.832 -40.3006 -6.62532
1010000 FRAC0_S 0 1 -37853.1 -44195.6 8048.71 1.3977e+06 741296 392844 243.576 -34.9897 -11.3081
1010000 FRAC0_S 0 1 -38059.9 -44217.4 8277.33 1.5128e+06 715514 687583 312.432 -30.1388 -16.5579
1010000 FRAC0_S 0 1 -38211.8 -44315.9 8527.75 1.55234e+06 347265 795124 309.564 -16.8791 -20.1421
1010000 FRAC0_S 0 1 -38294.1 -44481.3 8775.45 1.51063e+06 -810.03 901346 311.402 0.0469934 -24.5332
1010000 FRAC0_S 0 1 -38298.6 -44697.5 8996.18 1.36044e+06 -365270 622346 228.326 20.0848 -18.3554
1010000 FRAC0_S 0 1 -38225 -44943.4 9168.35 1.46093e+06 -770643 716694 311.427 31.8117 -17.0109
1010000 FRAC0_S 0 1 -38080.4 -45194.8 9275.09 1.62545e+06 -1.02765e+06 442283 355.558 38.7638 -10.4713
1010000 FRAC0_S 0 1 -37878.9 -45427.1 9305.97 1.54879e+06 -1.38006e+06 345990 399.39 46.5665 -7.87242
1010000 FRAC0_S 0 1 -37640.4 -45617.6 9257.95 1.68552e+06 -1.31152e+06 -44681.5 406.701 47.3509 1.13867
1010000 FRAC0_S 0 1 -37388.2 -45747.6 9135.73 1.61726e+06 -1.13136e+06 -300233 359.118 42.312 7.36096
1010000 FRAC0_S 0 1 -37146.9 -45804.4 8951.29 1.32916e+06 -757752 -421344 232.205 35.9058 12.1715
1010000 FRAC0_S 0 1 -36940.1 -45782.6 8722.67 1.78765e+06 -758174 -691311 399.554 28.9497 15.1524
1010000 FRAC0_S 0 1 -36788.2 -45684.1 8472.25 1.57606e+06 -246434 -608438 275.995 13.473 17.4553
1010000 FRAC0_S 0 1 -36705.9 -45518.7 8224.55 1.95181e+06 112094 -880652 443.737 -5.2281 20.3763
1010000 FRAC0_S 0 1 -36701.4 -45302.5 8003.82 1.63816e+06 347191 -691603 313.491 -16.98 17.949
1010000 FRAC0_S 0 1 -36775 -45056.6 7831.65 1.65317e+06 583902 -407660 296.018 -27.4971 11.2389
1010000 FRAC0_S 0 1 -36919.6 -44805.2 7724.91 1.74618e+06 907662 -424275 369.062 -35.196 10.1243
1010000 FRAC0_S 0 1 -37121.1 -44572.9 7694.03 1.52608e+06 1.22842e+06 -345120 357.839 -44.4893 8.27562
Step FractureNumber TipNr TipActive TipX TipY TipZ KI KII KIII G Phi Psi Extension
1010101 FRAC0_S 0 1 -37389.2 -44377.3 7648.11 2.15736e+06 -77551.6 -94709.4 416.463 4.58295 3.11651
1010101 FRAC0_S 0 1 -37657.8 -44232.6 7779.58 2.25611e+06 -195444 139246 459.557 10.1629 -4.0969
1010101 FRAC0_S 0 1 -37915.3 -44163.7 7979.71 2.2329e+06 -104556 399559 466.495 5.24596 -10.6834
1010101 FRAC0_S 0 1 -38135.9 -44176.8 8231.94 2.26449e+06 -106233 672624 518.125 4.80163 -15.6272
1010101 FRAC0_S 0 1 -38294.3 -44268.1 8515.58 2.04662e+06 -14036.7 774392 453.026 0.691445 -18.8435
1010101 FRAC0_S 0 1 -38369.8 -44430.6 8802.65 2.09086e+06 120885 847718 486.439 -5.42238 -19.0788
1010101 FRAC0_S 0 1 -38354.8 -44651.3 9058.66 1.95186e+06 256291 809400 432.473 -11.3857 -18.5477
1010101 FRAC0_S 0 1 -38257.4 -44908.3 9253.41 1.66429e+06 141157 569157 291.681 -8.07489 -16.7997
1010101 FRAC0_S 0 1 -38089.3 -45172.5 9370.25 2.15425e+06 56518.7 604363 462.403 -2.78253 -15.2244
1010101 FRAC0_S 0 1 -37865.4 -45415.7 9402.93 2.15519e+06 324219 309466 436.008 -15.3295 -8.24888
1010101 FRAC0_S 0 1 -37608.3 -45618.7 9351.3 2.20832e+06 290736 91932.5 443.218 -14.8281 -2.72602
1010101 FRAC0_S 0 1 -37340.6 -45764.1 9220.29 2.27419e+06 141805 -149048 465.62 -7.52575 4.42095
1010101 FRAC0_S 0 1 -37084.2 -45835.2 9020.25 2.35526e+06 18173.6 -497160 527.216 -0.88353 12.5191
1010101 FRAC0_S 0 1 -36864.7 -45824.8 8766.9 2.44576e+06 -59438.4 -763623 610.902 2.52254 16.4205
1010101 FRAC0_S 0 1 -36708.3 -45735.8 8481.27 2.04701e+06 -84756.5 -760454 450.946 4.04258 18.2272
1010101 FRAC0_S 0 1 -36632.5 -45572.4 8194.49 2.00694e+06 -241243 -841197 458.215 10.5055 18.7918
1010101 FRAC0_S 0 1 -36642.8 -45347.9 7941.43 2.17425e+06 -263781 -900009 535.19 10.626 18.6315
1010101 FRAC0_S 0 1 -36737 -45088.3 7747.73 2.07101e+06 -192605 -692626 449.31 8.82413 16.4634
1010101 FRAC0_S 0 1 -36905.9 -44824.2 7629.86 2.17401e+06 -84912.9 -484627 453.042 4.26594 12.7484
1010101 FRAC0_S 0 1 -37131.4 -44580.8 7596.51 2.30934e+06 -60733.5 -294991 487.131 3.15407 8.22936