
Step FractureNumber TipNr TipActive TipX TipY TipZ KI KII KIII G Phi Psi Extension
1010000 FRAC0_S 0 1 -45000 44049 8233.09 531473 -30969.5 111664 26.9142 6.28408 -12.015
1010000 FRAC0_S 0 1 -45000 44178.1 7952.3 531701 -87557.1 112413 27.5558 15.751 -11.2048
1010000 FRAC0_S 0 1 -45000 44387.6 7725.12 525439 -332570 -156074 37.6976 38.3845 11.223
1010000 FRAC0_S 0 1 -45000 44657 7573.79 416094 -149101 42428.6 17.6484 30.1388 -5.28562
1010000 FRAC0_S 0 1 -45000 44960 7513.12 499336 141780 -85814.5 24.9891 -24.6427 8.74805
1010000 FRAC0_S 0 1 -45000 45266.9 7549.06 451271 -172029 -29090.7 20.8965 32.0494 3.41248
1010000 FRAC0_S 0 1 -45000 45547.7 7678.08 488074 -149868 -71410.6 23.9071 26.4539 7.51783
1010000 FRAC0_S 0 1 -45000 45774.9 7887.55 479405 -105055 -90827.7 22.5607 20.0857 9.89418
1010000 FRAC0_S 0 1 -45000 45926.2 8156.97 556286 -74084.4 -110109 29.677 13.3062 10.8689
1010000 FRAC0_S 0 1 -45000 45986.8 8459.98 477399 1234.04 -97728.2 21.5794 -0.299433 12.277
1010000 FRAC0_S 0 1 -45000 45951 8766.91 497792 35554.4 -88412.1 23.2334 -7.77682 10.4241
1010000 FRAC0_S 0 1 -45000 45821.9 9047.7 489184 71182.1 -66467.5 22.3632 -14.9955 7.89983
1010000 FRAC0_S 0 1 -45000 45612.4 9274.88 492859 83569.1 -51834.6 22.6254 -17.3837 6.21073
1010000 FRAC0_S 0 1 -45000 45343 9426.21 499780 43224.1 -61879.4 22.9337 -9.64675 7.63403
1010000 FRAC0_S 0 1 -45000 45040 9486.88 431237 87564.3 -14852.2 17.2839 -21.0872 2.14528
1010000 FRAC0_S 0 1 -45000 44733.1 9450.94 524282 71954.2 603613 73.4135 -8.14397 -30.888
1010000 FRAC0_S 0 1 -45000 44452.3 9321.92 516480 105376 33980.4 24.9133 -20.6873 -3.95277
1010000 FRAC0_S 0 1 -45000 44225.1 9112.45 523818 101906 53757.7 25.7602 -19.4221 -5.96447
1010000 FRAC0_S 0 1 -45000 44073.8 8843.03 551272 72923.5 82154.9 28.4521 -13.7075 -8.62569
1010000 FRAC0_S 0 1 -45000 44013.2 8540.02 526563 29862.5 105597 26.2699 -6.17269 -11.6019
Step FractureNumber TipNr TipActive TipX TipY TipZ KI KII KIII G Phi Psi Extension
1010101 FRAC0_S 0 1 -44990.4 43956.3 8207.33 597717 -135793 80366.1 34.3381 21.4099 -7.38034
1010101 FRAC0_S 0 1 -44968.2 44102 7903.53 551737 -113631 -23624.2 28.3512 21.1853 2.63567
1010101 FRAC0_S 0 1 -44949.6 44335.7 7660.75 569937 -28961.4 -102420 30.4153 5.66202 10.6873
1010101 FRAC0_S 0 1 -44969.7 44628.9 7495.16 582496 -84112.5 -107284 32.3964 14.3894 10.1788
1010101 FRAC0_S 0 1 -44995 44956.4 7427.04 471729 -209917 -110907 25.3921 32.17 10.2689
1010101 FRAC0_S 0 1 -44972.7 45289.8 7466.93 525719 -93252.2 43666.9 25.6567 18.3157 -4.99679
1010101 FRAC0_S 0 1 -44955.9 45596.6 7605.86 568422 -71443.4 80207.2 30.1022 13.2013 -8.2788
1010101 FRAC0_S 0 1 -44966 45846.9 7831.35 494796 -74552.4 4024.51 22.3136 17.02 -0.545857
1010101 FRAC0_S 0 1 -44980.1 46015.2 8124.51 469035 -38531.1 -67727 20.346 9.06271 8.72528
1010101 FRAC0_S 0 1 -44997.9 46083.5 8456.2 476413 64865.8 -83369.2 21.5246 -13.7833 9.82251
1010101 FRAC0_S 0 1 -45013.3 46043.8 8792.66 456780 130450 -38074.9 20.3018 -26.1601 4.62707
1010101 FRAC0_S 0 1 -45023.8 45900.8 9099.88 487897 144529 28617 23.1824 -27.2632 -3.31483
1010101 FRAC0_S 0 1 -45025.6 45670.7 9348.81 483683 56792.2 42522.4 21.3751 -12.9737 -5.51357
1010101 FRAC0_S 0 1 -45024.9 45375.9 9514.46 483556 23803.9 69866.5 21.536 -5.65433 -8.95753
1010101 FRAC0_S 0 1 -45025.8 45043.8 9580.43 536850 -6649.25 75514.1 26.4445 1.49576 -9.02421
1010101 FRAC0_S 0 1 -45024.9 44707.7 9541.37 516240 11805.8 -48046.1 24.0676 -2.83961 6.27567
1010101 FRAC0_S 0 1 -45029.5 44401.2 9399.3 515271 20095.3 -38046.8 23.8875 -4.82035 5.03013
1010101 FRAC0_S 0 1 -45031.4 44152.4 9169.59 515934 130775 -392778 45.7625 -16.5051 24.7613
1010101 FRAC0_S 0 1 -45022.9 43984.9 8875.52 428923 90316.5 19943.3 17.1738 -21.4868 -2.83991
1010101 FRAC0_S 0 1 -45008.5 43916.7 8543.75 499647 17917 85795.1 23.2536 -4.09563 -10.424