
Step FractureNumber TipNr TipActive TipX TipY TipZ KI KII KIII G Phi Psi Extension
1010000 FRAC0_S 0 1 -201.592 -21723 7924.57 -5.72401e+06 -5.79609e+06 -3.42012e+06 4549.34 43.7778 16.1264
1010000 FRAC0_S 0 1 -433.019 -21694.3 8127.33 -4.81507e+06 -4.45845e+06 -4.07711e+06 3982.14 38.9465 20.7426
1010000 FRAC0_S 0 1 -622.058 -21744.5 8366.56 -4.21875e+06 -2.13388e+06 -4.12491e+06 2668.73 25.6092 25.5931
1010000 FRAC0_S 0 1 -750.206 -21868.7 8618.87 2.68347e+06 6.43455e+06 1.37173e+06 4581.4 -59.5385 -9.63563
1010000 FRAC0_S 0 1 -804.919 -22054.6 8859.53 -2.40331e+06 310471 -3.46804e+06 1608.22 -6.85468 33.3725
1010000 FRAC0_S 0 1 -780.841 -22284.1 9065 -1.73664e+06 1.21476e+06 -3.34432e+06 1619.03 -24.407 32.1221
1010000 FRAC0_S 0 1 -680.329 -22534.8 9215.16 -864357 1.49723e+06 -2.31233e+06 910.889 -37.6641 30.512
1010000 FRAC0_S 0 1 -513.221 -22782.1 9295.32 -622380 2.27196e+06 -2.11277e+06 1053.66 -49.1125 27.0369
1010000 FRAC0_S 0 1 -295.876 -23001.8 9297.63 -653388 3.17212e+06 -1.60899e+06 1240.97 -57.8687 20.2007
1010000 FRAC0_S 0 1 -49.5683 -23172.3 9221.87 -1.11541e+07 -2.51315e+06 -5.43086e+06 4485.55 17.2107 19.512
1010000 FRAC0_S 0 1 201.592 -23277 9075.43 -1.79159e+06 5.03615e+06 469024 2289.34 -63.2812 -4.87736
1010000 FRAC0_S 0 1 433.019 -23305.7 8872.67 -2.646e+06 4.98294e+06 2.15084e+06 2827.85 -53.1597 -15.5582
1010000 FRAC0_S 0 1 622.058 -23255.5 8633.44 -3.54597e+06 3.13867e+06 3.37133e+06 2389.5 -36.8775 -22.4409
1010000 FRAC0_S 0 1 750.206 -23131.3 8381.13 -4.17418e+06 1.09064e+06 4.37039e+06 2646.34 -14.9501 -28.5903
1010000 FRAC0_S 0 1 804.919 -22945.4 8140.47 -4.68676e+06 -1.5415e+06 4.06235e+06 2406.6 19.4008 -25.6489
1010000 FRAC0_S 0 1 780.841 -22715.9 7935 -5.68052e+06 -4.44633e+06 4.03928e+06 3931.68 37.0458 -19.5576
1010000 FRAC0_S 0 1 680.329 -22465.2 7784.84 9.4736e+06 -1.43611e+07 -3.44729e+06 27956.2 54.2988 9.32903
1010000 FRAC0_S 0 1 513.221 -22217.9 7704.68 -5.15547e+06 -6.04169e+06 877242 3355.05 52.526 -5.49275
1010000 FRAC0_S 0 1 295.876 -21998.2 7702.37 -6.24361e+06 -7.63488e+06 -557541 5235.68 54.463 2.96325
1010000 FRAC0_S 0 1 49.5683 -21827.7 7778.13 -5.28447e+06 -5.99356e+06 -1.8596e+06 3661.01 49.3007 10.3795
Step FractureNumber TipNr TipActive TipX TipY TipZ KI KII KIII G Phi Psi Extension
1010101 FRAC0_S 0 1 -176.678 -21627.6 7924.28 -481733 -6.0866e+06 -3.5501e+06 4977.46 58.8858 23.3044
1010101 FRAC0_S 0 1 -433.579 -21596.7 8133.47 -2.11122e+06 -5.63414e+06 -3.72045e+06 4669.62 51.8918 21.8351
1010101 FRAC0_S 0 1 -659.497 -21677 8363.77 -1.26243e+06 -3.74772e+06 -5.92811e+06 5925.54 39.7501 32.5801
1010101 FRAC0_S 0 1 -824.253 -21844.4 8607.54 -2.55054e+06 599492 -3.9021e+06 2057.13 -11.3954 33.0556
1010101 FRAC0_S 0 1 -894.851 -22041 8870.3 -1.78425e+06 893100 -2.6953e+06 1037.28 -21.338 30.8251
1010101 FRAC0_S 0 1 -873.168 -22286.1 9091.94 -9.95704e+06 -848353 -3.28653e+06 1500.7 8.1745 16.3963
1010101 FRAC0_S 0 1 -768.608 -22570.4 9235.51 762787 1.64234e+06 -2.49372e+06 1119.28 -39.0675 31.1542
1010101 FRAC0_S 0 1 -590.708 -22841.8 9303.88 4.50006e+06 2.07339e+06 -2.39827e+06 2952.58 -28.6158 18.4924
1010101 FRAC0_S 0 1 -344.631 -23067.3 9318.66 1.34225e+06 2.18772e+06 -1.41732e+06 854.205 -48.2206 19.6374
1010101 FRAC0_S 0 1 -70.2284 -23237 9257.49 1.20439e+06 3.84295e+06 -827399 1536.31 -61.6271 10.3309
1010101 FRAC0_S 0 1 178.487 -23356.2 9078.58 1.31308e+06 278140 1.11788e+06 326.74 -13.6358 -26.5669
1010101 FRAC0_S 0 1 416.393 -23398.9 8848.58 1.47505e+06 2.93191e+06 1.58352e+06 1293.38 -51.7522 -18.3126
1010101 FRAC0_S 0 1 639.567 -23346.3 8608.99 -735189 2.77606e+06 2.88752e+06 1795.65 -47.5626 -28.4784
1010101 FRAC0_S 0 1 806.99 -23200.1 8358.87 -9.97135e+06 1.53632e+06 -3.39073e+06 1739.43 -13.6924 16.0427
1010101 FRAC0_S 0 1 892.035 -22971.9 8123.54 -3.01875e+06 -2.9007e+06 4.47051e+06 3407.84 33.6296 -27.4518
1010101 FRAC0_S 0 1 875.564 -22700.7 7926.93 1.03726e+07 -5.2263e+06 7.57153e+06 19646 28.0169 -21.9647
1010101 FRAC0_S 0 1 767.699 -22420.5 7783.64 1.24184e+06 -6.28756e+06 2.31682e+06 4374.14 60.8561 -16.5263
1010101 FRAC0_S 0 1 589.807 -22154.9 7704.26 3.19816e+06 -6.90381e+06 667475 5217.91 60.9811 -4.70756
1010101 FRAC0_S 0 1 359.192 -21922.1 7700.62 2.33139e+06 -7.93724e+06 -1.32815e+06 6332.87 63.0293 8.50032
1010101 FRAC0_S 0 1 95.4902 -21740.3 7775.68 2.35573e+06 -9.35124e+06 -2.72593e+06 9275.08 61.3224 13.5546