
Step FractureNumber TipNr TipActive TipX TipY TipZ KI KII KIII G Phi Psi Extension
1010000 FRAC0_S 0 1 537.333 15252.1 7710.55 2.02528e+07 1.83255e+07 -1.17249e+07 84759.8 -41.7121 16.3878
1010000 FRAC0_S 0 1 325.205 15476.4 7698.3 3.5295e+07 2.10693e+06 -9.54814e+06 123528 -6.14166 14.4979
1010000 FRAC0_S 0 1 81.2449 15654.2 7764.52 1.78143e+07 1.15789e+07 -1.19349e+06 40415.5 -42.9669 2.99331
1010000 FRAC0_S 0 1 -170.668 15767.9 7902.75 1.70617e+07 1.12307e+07 832139 37271.5 -43.5767 -2.20166
1010000 FRAC0_S 0 1 -405.875 15806.4 8099.44 6.08757e+06 4.94507e+06 3.48602e+06 7097.61 -39.5635 -16.8258
1010000 FRAC0_S 0 1 -601.353 15766 8335.33 7.70934e+06 7.16726e+06 1.07721e+06 10028 -48.7673 -5.11616
1010000 FRAC0_S 0 1 -737.966 15650.7 8587.35 1.33547e+07 2.58315e+07 1.22047e+07 95163.6 -52.6848 -16.6629
1010000 FRAC0_S 0 1 -802.341 15471.5 8830.81 -759091 7.72081e+06 -197600 5317.13 -69.1492 1.75907
1010000 FRAC0_S 0 1 -788.178 15246.3 9041.89 -4.41451e+06 1.00572e+07 132903 9015.52 -63.2134 -0.707073
1010000 FRAC0_S 0 1 -681.769 14967 9214.83 -7.68995e+06 1.08243e+07 1.62688e+06 10792.5 -55.0215 -6.08508
1010000 FRAC0_S 0 1 -537.333 14747.9 9289.45 -8.95079e+06 1.12352e+07 3.98558e+06 13361.1 -49.9501 -11.964
1010000 FRAC0_S 0 1 -325.205 14523.6 9301.7 -9.16547e+06 8.02167e+06 6.11804e+06 10712.2 -39.895 -18.2022
1010000 FRAC0_S 0 1 -81.2449 14345.8 9235.48 -8.12292e+06 4.36129e+06 7.43304e+06 9043.21 -27.2995 -24.5132
1010000 FRAC0_S 0 1 170.668 14232.1 9097.25 -5.56263e+06 -468272 7.63794e+06 7778.51 4.71402 -33.2813
1010000 FRAC0_S 0 1 405.875 14193.6 8900.56 -2.30091e+06 -5.13106e+06 5.37952e+06 6194.98 44.8423 -26.9337
1010000 FRAC0_S 0 1 601.353 14234 8664.67 231164 -5.26813e+06 2.10922e+06 3069.54 63.3767 -19.087
1010000 FRAC0_S 0 1 737.966 14349.3 8412.65 6.65727e+06 -7.95926e+06 -1.82782e+06 10038.7 51.3629 8.26216
1010000 FRAC0_S 0 1 802.341 14528.5 8169.19 1.07149e+07 -4.90988e+06 -5.02155e+06 15732.5 29.3345 17.0189
1010000 FRAC0_S 0 1 788.178 14753.7 7958.11 1.45457e+07 -400982 -7.15744e+06 25681.4 2.51665 21.7968
1010000 FRAC0_S 0 1 696.863 15003.1 7800.07 1.7214e+07 4.60366e+06 -7.33217e+06 35444.1 -20.3644 17.5317
Step FractureNumber TipNr TipActive TipX TipY TipZ KI KII KIII G Phi Psi Extension
1010101 FRAC0_S 0 1 556.585 15247.9 7618.15 2.38952e+07 -2.26256e+07 3.22293e+06 97878.4 49.1963 -4.91514
1010101 FRAC0_S 0 1 330.702 15494.9 7606.87 7.66129e+06 -1.05333e+07 6.26634e+06 20339.7 47.3063 -17.8161
1010101 FRAC0_S 0 1 58.1404 15673.4 7674.98 2.1158e+07 -721774 -300184 39949.4 4.48172 1.04961
1010101 FRAC0_S 0 1 -222.273 15785 7820.48 2.12768e+07 -3.11523e+06 -77331.2 41205.8 16.689 0.246176
1010101 FRAC0_S 0 1 -474.069 15825.6 8030.92 -2.8804e+07 1.55284e+06 9.54846e+06 12340.9 -5.34183 -16.7743
1010101 FRAC0_S 0 1 -683.044 15774.9 8280.98 1.24287e+07 -1.58175e+06 1.64574e+06 14348.1 13.4298 -7.83453
1010101 FRAC0_S 0 1 -825.175 15640.3 8542.96 6.48674e+06 -563256 807708 3864.59 9.6758 -7.66908
1010101 FRAC0_S 0 1 -888.454 15441.5 8792.95 5.73701e+06 1.78482e+06 -261060 3225.84 -28.4244 2.57921
1010101 FRAC0_S 0 1 -870.291 15184.4 9033.51 4.80888e+06 5.54054e+06 -691586 4859.77 -52.6268 4.75629
1010101 FRAC0_S 0 1 -782.415 14948 9191.7 1.21499e+07 1.04405e+07 -1.86355e+06 23329.8 -47.0126 5.75243
1010101 FRAC0_S 0 1 -614.444 14687.2 9297.71 -3.69328e+06 7.38969e+06 6.96454e+06 11317.2 -45.5882 -25.1859
1010101 FRAC0_S 0 1 -384.599 14450 9326.05 -575259 1.01184e+07 5.26748e+06 12813.5 -60.62 -22.1474
1010101 FRAC0_S 0 1 -108.221 14266.5 9277.88 -4.31847e+06 7.04914e+06 7.73268e+06 12380.5 -42.134 -26.1693
1010101 FRAC0_S 0 1 190.666 14170.1 9157.04 -4.11684e+06 -11961.7 6.94384e+06 6412.86 0.15116 -35.937
1010101 FRAC0_S 0 1 466.016 14171 8966.32 1.85527e+06 -4.02472e+06 4.90231e+06 4946.5 42.5048 -28.642
1010101 FRAC0_S 0 1 681.202 14239.1 8721.47 8.1874e+06 -2.04385e+06 1.69329e+06 6726.94 21.9394 -10.4106
1010101 FRAC0_S 0 1 828.341 14352.2 8446.99 1.1759e+07 -123736 -1.41648e+06 12589.9 1.2965 7.93329
1010101 FRAC0_S 0 1 895.395 14517.2 8165.56 -8.90462e+06 2.89039e+06 4.58039e+06 3534.79 -22.5303 -19.2356
1010101 FRAC0_S 0 1 865.596 14734.2 7910.11 1.81527e+07 260161 -6.86596e+06 35639.4 -1.43342 18.7511
1010101 FRAC0_S 0 1 741.003 14982.7 7719.22 1.78515e+07 -99516.1 -5.06028e+06 31803.7 0.604144 15.5567