
Step FractureNumber TipNr TipActive TipX TipY TipZ KI KII KIII G Phi Psi Extension
1010000 FRAC0_S 0 1 -45000 -29019.2 8617.02 1.91446e+06 520069 -145378 353.515 -25.3773 4.29052
1010000 FRAC0_S 0 1 -45000 -29103.5 8914.36 1.43297e+06 436340 -908.764 199.945 -28.853 0.0378934
1010000 FRAC0_S 0 1 -45000 -29275.4 9171.13 1.89915e+06 557905 133484 351.504 -26.9041 -3.93153
1010000 FRAC0_S 0 1 -45000 -29518.2 9362.22 2.19672e+06 485043 322763 464.826 -20.7769 -7.99838
1010000 FRAC0_S 0 1 -45000 -29808.3 9468.89 1.59261e+06 358060 68945.7 238.077 -22.6205 -2.6243
1010000 FRAC0_S 0 1 -45000 -30117.1 9480.74 1.59576e+06 101490 310920 240.688 -6.8966 -11.2855
1010000 FRAC0_S 0 1 -45000 -30414.4 9396.57 2.29329e+06 -153825 491661 502.904 7.13624 -12.1258
1010000 FRAC0_S 0 1 -45000 -30671.2 9224.65 1.80265e+06 143470 294649 302.949 -8.67685 -9.68597
1010000 FRAC0_S 0 1 -45000 -30862.2 8981.79 1.86281e+06 -324918 296128 330.289 17.1158 -8.83017
1010000 FRAC0_S 0 1 -45000 -30968.9 8691.77 1.8844e+06 -439969 235034 341.022 21.9979 -6.88456
1010000 FRAC0_S 0 1 -45000 -30980.8 8382.98 1.77999e+06 -504894 143864 307.802 26.0785 -4.50444
1010000 FRAC0_S 0 1 -45000 -30896.5 8085.64 1.83059e+06 -555622 49405.5 326.446 28.2945 -1.56862
1010000 FRAC0_S 0 1 -45000 -30724.6 7828.87 1.33875e+06 -417548 -37369.5 175.43 28.7972 1.61074
1010000 FRAC0_S 0 1 -45000 -30481.8 7637.78 1.79361e+06 -517644 -163668 314.11 26.2196 5.01386
1010000 FRAC0_S 0 1 -45000 -30191.7 7531.11 1.55049e+06 -504370 -868.747 236.892 30.135 0.0329567
1010000 FRAC0_S 0 1 -45000 -29882.9 7519.26 1.77807e+06 -293501 -336121 304.426 16.026 10.2459
1010000 FRAC0_S 0 1 -45000 -29585.6 7603.43 1.92347e+06 -145401 -392024 352.006 8.02751 11.5881
1010000 FRAC0_S 0 1 -45000 -29328.8 7775.35 1.87692e+06 147623 -443510 342.023 -8.12347 12.951
1010000 FRAC0_S 0 1 -45000 -29137.8 8018.21 1.97723e+06 304851 -355909 373.498 -15.2438 9.92284
1010000 FRAC0_S 0 1 -45000 -29031.1 8308.23 1.82469e+06 692974 -233295 346.722 -30.8245 6.37745
Step FractureNumber TipNr TipActive TipX TipY TipZ KI KII KIII G Phi Psi Extension
1010101 FRAC0_S 0 1 -45046.3 -28933.5 8627.39 1.92322e+06 -341140 -219351 346.368 17.9086 6.63125
1010101 FRAC0_S 0 1 -45046.2 -29024.9 8950.56 2.14762e+06 -116036 104350 413.649 6.69212 -3.3731
1010101 FRAC0_S 0 1 -45043.6 -29211.3 9231.02 1.88858e+06 -100917 235061 326.088 6.20702 -7.87353
1010101 FRAC0_S 0 1 -45038.7 -29474.5 9440.81 1.89444e+06 -206549 653680 380.439 10.1038 -16.6511
1010101 FRAC0_S 0 1 -45031.1 -29790.8 9559.22 2.06342e+06 -314374 454579 415.695 14.6767 -11.6685
1010101 FRAC0_S 0 1 -45012.5 -30128.8 9575.18 2.06978e+06 -175815 442596 410.553 8.85695 -11.9477
1010101 FRAC0_S 0 1 -45000.5 -30454.9 9484.38 2.04936e+06 -118307 559080 417.07 5.94251 -14.6055
1010101 FRAC0_S 0 1 -44996.9 -30741.5 9289.91 2.00088e+06 -295724 442534 390.594 14.2988 -11.7403
1010101 FRAC0_S 0 1 -44979.7 -30943.4 9027.72 2.24627e+06 -146795 314231 464.676 7.38529 -8.60876
1010101 FRAC0_S 0 1 -44962.9 -31057.5 8709.76 2.27576e+06 -17384.3 326564 475.719 0.925951 -9.21043
1010101 FRAC0_S 0 1 -44956.8 -31068 8372.92 2.45944e+06 49743.1 147129 542.112 -2.59714 -4.21906
1010101 FRAC0_S 0 1 -44953.3 -30974.9 8049.62 1.83196e+06 27100.4 -42381 299.366 -1.98114 1.72214
1010101 FRAC0_S 0 1 -44953 -30787.8 7770.28 2.0023e+06 129755 -195866 363.862 -7.58596 6.32913
1010101 FRAC0_S 0 1 -44953.3 -30524 7562.53 1.67047e+06 212038 26191.4 252.756 -14.6888 -1.06411
1010101 FRAC0_S 0 1 -44957 -30208.3 7445.25 1.89442e+06 305001 -400274 349.398 -15.4615 11.2273
1010101 FRAC0_S 0 1 -44970.1 -29871.1 7427.87 1.86421e+06 295241 -496981 350.298 -14.6952 13.4377
1010101 FRAC0_S 0 1 -44989.6 -29545.2 7516.47 1.59942e+06 85139 -387161 248.538 -5.63519 13.4241
1010101 FRAC0_S 0 1 -45010.2 -29263.7 7704.8 1.96174e+06 16173.8 -472301 372.625 -0.921088 13.8091
1010101 FRAC0_S 0 1 -45029.5 -29057.7 7972.36 1.6771e+06 -46436.3 -339657 266.171 3.11553 11.9465
1010101 FRAC0_S 0 1 -45042.9 -28945.5 8290.81 2.08842e+06 -155670 -320327 404.461 8.24059 9.22823