
Step FractureNumber TipNr TipActive TipX TipY TipZ KI KII KIII G Phi Psi Extension
1010000 FRAC0_S 0 1 44453.8 -29177 8500 -35203 -610075 174752 37.2276 65.4113 -15.1235
1010000 FRAC0_S 0 1 44226.3 -29386.1 8500 -40486.8 -674624 43974 40.8128 69.1334 -4.40781
1010000 FRAC0_S 0 1 44074.4 -29655.2 8500 -32994.4 -491386 -82050.5 22.4119 67.4808 9.94934
1010000 FRAC0_S 0 1 44013.2 -29958.1 8500 -31764 -554015 -235929 34.7539 62.5709 19.6749
1010000 FRAC0_S 0 1 44048.6 -30265.1 8500 -15117.9 -428527 -335150 31.303 55.8403 27.4554
1010000 FRAC0_S 0 1 44177 -30546.2 8500 12657.9 224274 -910820 114.832 -24.6837 41.1166
1010000 FRAC0_S 0 1 44386.1 -30773.7 8500 29990.9 94005.4 -47333.9 1.1656 -55.7417 19.0305
1010000 FRAC0_S 0 1 44655.2 -30925.6 8500 48951 828261 -371772 79.727 -62.0571 20.2936
1010000 FRAC0_S 0 1 44958.1 -30986.8 8500 -9603.14 330829 -352652 26.2933 -50.877 31.1441
1010000 FRAC0_S 0 1 45265.1 -30951.4 8500 -125365 190252 -865154 102.775 -20.7403 39.4346
1010000 FRAC0_S 0 1 45546.2 -30823 8500 -3460.97 530414 -150978 28.1017 -66.4403 15.5916
1010000 FRAC0_S 0 1 45773.7 -30613.9 8500 -1230.99 594287 -25849.7 31.5605 -69.867 3.18779
1010000 FRAC0_S 0 1 45925.6 -30344.8 8500 -50592.5 519288 -263266 33.2475 -60.066 21.3522
1010000 FRAC0_S 0 1 45986.8 -30041.9 8500 -2056.99 422944 170831 19.8215 -64.1064 -19.6507
1010000 FRAC0_S 0 1 45951.4 -29734.9 8500 -3257.87 399090 330581 28.7275 -55.4772 -28.4678
1010000 FRAC0_S 0 1 45823 -29453.8 8500 -7989.76 233931 371675 23.2494 -43.2001 -35.139
1010000 FRAC0_S 0 1 45613.9 -29226.3 8500 -15022.4 51228.1 435762 25.489 -13.5574 -42.8416
1010000 FRAC0_S 0 1 45344.8 -29074.4 8500 -21991 -134721 415001 24.5233 29.1032 -39.2312
1010000 FRAC0_S 0 1 45041.9 -29013.2 8500 -28935.3 -321614 372247 27.6467 48.435 -31.418
1010000 FRAC0_S 0 1 44758 -29042.1 8500 -34033.7 -489128 293154 32.7492 58.7546 -23.7554
Step FractureNumber TipNr TipActive TipX TipY TipZ KI KII KIII G Phi Psi Extension
1010101 FRAC0_S 0 1 44431.9 -29141.7 8590.2 479645 -145413 -458482 50.3422 17.5276 27.096
1010101 FRAC0_S 0 1 44197.6 -29363 8592.55 125139 15307.1 -391997 21.8533 -3.96698 39.5386
1010101 FRAC0_S 0 1 44038 -29642.5 8591.74 -90019.5 103282 -320450 14.6081 -25.3158 35.8132
1010101 FRAC0_S 0 1 43967.7 -29957.6 8588.16 -195272 139281 -251120 10.1158 -29.335 27.3773
1010101 FRAC0_S 0 1 43991.1 -30284.7 8553.12 239897 17647.2 -850334 101.324 -2.21228 40.4271
1010101 FRAC0_S 0 1 44116.9 -30586 8479.14 159605 -20638.1 -427906 26.6607 4.67041 38.5447
1010101 FRAC0_S 0 1 44345.6 -30819.3 8426.14 368377 175550 -536650 53.1417 -20.8968 30.5981
1010101 FRAC0_S 0 1 44637.6 -30974.3 8415.77 375043 219736 -544135 56.2155 -24.4052 29.7332
1010101 FRAC0_S 0 1 44959 -31051.8 8430.27 367718 358575 -340553 38.9314 -39.1472 21.5361
1010101 FRAC0_S 0 1 45282.5 -31020.6 8439.98 424824 376959 -91810 29.8656 -46.6017 7.66557
1010101 FRAC0_S 0 1 45570.2 -30867.5 8421.84 332157 144756 244578 19.6544 -25.2711 -22.649
1010101 FRAC0_S 0 1 45804.4 -30637.3 8408.47 30305.2 -52823.2 261103 9.39776 19.835 -40.1777
1010101 FRAC0_S 0 1 45966.6 -30359.3 8410.71 -12663.4 -24454.4 289926 11.2329 10.077 -43.213
1010101 FRAC0_S 0 1 46033.9 -30043.4 8412.75 -149101 -144637 117643 3.70489 40.5694 -19.6071
1010101 FRAC0_S 0 1 46004.8 -29717.6 8419.2 -26190.4 -23478.7 -47173.7 0.345094 29.8274 30.1647
1010101 FRAC0_S 0 1 45882 -29410.9 8439.31 171170 202615 272474 16.1433 -37.0122 -27.02
1010101 FRAC0_S 0 1 45666.9 -29157.7 8483.32 43255.1 -75720.3 155754 3.90413 33.2689 -33.6143
1010101 FRAC0_S 0 1 45375.8 -28997.9 8537.17 182217 -205786 208542 12.5165 39.9649 -23.2346
1010101 FRAC0_S 0 1 45047.4 -28947.1 8570.94 333628 -230074 -34111.4 14.7903 43.5121 4.34326
1010101 FRAC0_S 0 1 44722.9 -28998.3 8584.19 564146 -257564 -118857 36.1505 33.0883 9.3297