
Step FractureNumber TipNr TipActive TipX TipY TipZ KI KII KIII G Phi Psi Extension
1010000 FRAC0_S 0 1 772.766 44413.9 8313.34 -3.15195e+06 -1.05469e+06 1.78748e+06 524.072 22.4664 -20.3255
1010000 FRAC0_S 0 1 806.209 44613.7 8080.04 -2.85141e+06 -1.89746e+06 1.34111e+06 560.041 36.8246 -15.5765
1010000 FRAC0_S 0 1 760.735 44851.4 7887.84 -1.70228e+06 -1.7319e+06 285203 278.101 50.0122 -5.78703
1010000 FRAC0_S 0 1 640.795 45103.6 7755.57 -2.69115e+06 -2.81625e+06 243964 714.672 51.7692 -3.24926
1010000 FRAC0_S 0 1 458.13 45345.7 7696.17 -2.54068e+06 -2.65932e+06 -408438 652.372 50.6448 5.50538
1010000 FRAC0_S 0 1 230.619 45553.9 7715.46 -2.49412e+06 -2.29098e+06 -965402 591.656 44.6651 12.1647
1010000 FRAC0_S 0 1 -19.466 45707.9 7811.54 -2.88634e+06 -1.95235e+06 -1.67647e+06 713.461 35.667 17.8858
1010000 FRAC0_S 0 1 -267.646 45792.6 7975 -2.02131e+06 -747977 -1.39013e+06 306.87 22.9122 22.3825
1010000 FRAC0_S 0 1 -489.626 45799.7 8189.86 -2.26103e+06 -84253 -1.58708e+06 335.636 2.96744 26.1051
1010000 FRAC0_S 0 1 -663.679 45728.6 8435.08 -2.60973e+06 705755 -1.69254e+06 425.39 -18.3393 22.5921
1010000 FRAC0_S 0 1 -772.766 45586.1 8686.66 -1.87091e+06 992564 -1.00751e+06 222.794 -31.2954 18.0658
1010000 FRAC0_S 0 1 -806.209 45386.3 8919.96 -2.69896e+06 1.94441e+06 -1.047e+06 482.697 -39.665 13.2345
1010000 FRAC0_S 0 1 -766.349 45165.2 9101.14 -2.16605e+06 1.99867e+06 -304811 368.323 -48.607 5.16592
1010000 FRAC0_S 0 1 -640.795 44896.4 9244.43 -2.20464e+06 1.92136e+06 -77294.6 329.756 -49.3688 1.42319
1010000 FRAC0_S 0 1 -458.13 44654.3 9303.83 -2.80672e+06 2.36607e+06 421836 522.528 -46.6883 -5.69361
1010000 FRAC0_S 0 1 -230.619 44446.1 9284.54 -2.84242e+06 2.07077e+06 870806 482.965 -41.15 -10.9952
1010000 FRAC0_S 0 1 19.466 44292.1 9188.46 -2.95949e+06 1.57862e+06 1.26256e+06 434.074 -32.9158 -15.4139
1010000 FRAC0_S 0 1 267.646 44207.4 9025 -2.95054e+06 1.00208e+06 1.49273e+06 385.836 -23.3928 -18.9022
1010000 FRAC0_S 0 1 489.626 44200.3 8810.14 -2.98404e+06 384733 1.66144e+06 380.32 -10.2983 -22.1627
1010000 FRAC0_S 0 1 663.679 44271.4 8564.92 -2.50068e+06 -242849 1.41823e+06 272.769 7.93099 -22.7484
Step FractureNumber TipNr TipActive TipX TipY TipZ KI KII KIII G Phi Psi Extension
1010101 FRAC0_S 0 1 863.564 44382 8319.4 -2.12437e+06 -1.84175e+06 1.82177e+06 743.672 37.4611 -21.2816
1010101 FRAC0_S 0 1 903.206 44615.8 8082.57 -765857 -1.94002e+06 1.16374e+06 515.501 52.5942 -20.4729
1010101 FRAC0_S 0 1 844.792 44909.9 7873.2 -7962.87 -2.90588e+06 987408 882.13 65.4432 -17.6278
1010101 FRAC0_S 0 1 725.492 45154.9 7754.29 398922 -2.37665e+06 348727 533.692 65.9915 -8.29504
1010101 FRAC0_S 0 1 530.831 45412.2 7688.39 519253 -2.38241e+06 -449865 556.72 64.1472 9.87513
1010101 FRAC0_S 0 1 285.744 45633.9 7700.01 -184166 -2.99332e+06 -1.21214e+06 993.837 62.9172 19.0224
1010101 FRAC0_S 0 1 10.2425 45798.1 7789.46 -777663 -2.5562e+06 -1.42872e+06 853.741 54.9764 20.4293
1010101 FRAC0_S 0 1 -272.501 45884.8 7948.93 -1.83124e+06 -1.62687e+06 -1.84206e+06 687.143 36.3775 23.1227
1010101 FRAC0_S 0 1 -533.993 45878.7 8162.97 -1.8807e+06 -246327 -1.65952e+06 371.69 8.81123 27.8463
1010101 FRAC0_S 0 1 -740.494 45780.7 8412.34 -1.50443e+06 921390 -1.36921e+06 324.992 -29.8642 23.8461
1010101 FRAC0_S 0 1 -866.598 45607.7 8672.61 -1.38369e+06 2.01549e+06 -1.43792e+06 636.977 -46.1811 20.2709
1010101 FRAC0_S 0 1 -903.825 45379.7 8913.86 -567740 1.80561e+06 -898136 397.802 -55.9459 18.9265
1010101 FRAC0_S 0 1 -854.294 45117.5 9111.27 -298511 2.54353e+06 -877157 678.831 -63.0053 16.5604
1010101 FRAC0_S 0 1 -725.845 44846.2 9249.93 43243.5 2.36172e+06 -264230 506.482 -69.0711 7.39804
1010101 FRAC0_S 0 1 -525.196 44582.9 9318.18 82528.3 3.53212e+06 151025 1115.37 -69.7307 -3.07517
1010101 FRAC0_S 0 1 -284.293 44366.6 9305.69 -559988 3.05813e+06 788212 916.002 -63.4468 -12.8968
1010101 FRAC0_S 0 1 -8.7995 44202.1 9213.95 -1.28835e+06 2.7388e+06 1.21055e+06 863.32 -54.0664 -16.2647
1010101 FRAC0_S 0 1 270.804 44113.7 9049.85 -2.09169e+06 1.98491e+06 1.55633e+06 673.227 -40.6408 -19.0316
1010101 FRAC0_S 0 1 527.97 44114.8 8830.5 -2.63292e+06 854211 1.78373e+06 488.186 -20.8503 -22.6169
1010101 FRAC0_S 0 1 734.142 44208.1 8578.45 -2.7402e+06 -142959 1.94643e+06 505.705 4.08274 -26.0757