
Step FractureNumber TipNr TipActive TipX TipY TipZ KI KII KIII G Phi Psi Extension
1010000 FRAC0_S 0 1 29664.6 -29071 8500 -2.6288e+06 -1.05732e+07 3.50239e+06 11593.3 60.5697 -14.9035
1010000 FRAC0_S 0 1 29393.9 -29220.1 8500 -3.56555e+06 -1.22441e+07 1.07723e+06 13513.6 64.7088 -4.8414
1010000 FRAC0_S 0 1 29182.6 -29445.6 8500 -3.06486e+06 -1.00526e+07 -1.43063e+06 9277.13 63.3159 7.35125
1010000 FRAC0_S 0 1 29051.3 -29725.3 8500 -3.25879e+06 -9.34344e+06 -3.83365e+06 9733.97 56.9652 16.3981
1010000 FRAC0_S 0 1 29012.8 -30032 8500 -3.2682e+06 -7.34988e+06 -5.71214e+06 9153.4 48.831 23.2459
1010000 FRAC0_S 0 1 29071 -30335.4 8500 -3.20778e+06 -4.29291e+06 -7.19786e+06 8532.84 34.9178 30.2829
1010000 FRAC0_S 0 1 29220.1 -30606.1 8500 -2.31509e+06 -694752 -5.27471e+06 3743.41 11.2483 36.2845
1010000 FRAC0_S 0 1 29445.6 -30817.4 8500 -3.0192e+06 2.10105e+06 -6.72582e+06 6409.84 -22.6287 33.648
1010000 FRAC0_S 0 1 29725.3 -30948.7 8500 -2.61333e+06 4.00038e+06 -4.77221e+06 4454.97 -40.5472 26.8952
1010000 FRAC0_S 0 1 30032 -30987.2 8500 -2.94703e+06 7.86702e+06 -4.91352e+06 8725.99 -52.5144 21.1474
1010000 FRAC0_S 0 1 30335.4 -30929 8500 -2.13532e+06 7.0838e+06 -2.24903e+06 5144.29 -59.7689 14.0275
1010000 FRAC0_S 0 1 30606.1 -30779.9 8500 -2.47113e+06 8.72904e+06 -771642 6869.03 -64.8642 4.89039
1010000 FRAC0_S 0 1 30817.4 -30554.4 8500 -2.5772e+06 9.15645e+06 1.18329e+06 7657.25 -64.0671 -6.86845
1010000 FRAC0_S 0 1 30948.7 -30274.7 8500 -2.58545e+06 7.96583e+06 2.81021e+06 6704.77 -58.585 -14.9453
1010000 FRAC0_S 0 1 30987.2 -29968 8500 -2.85404e+06 7.46075e+06 4.84651e+06 8084.1 -51.942 -21.5616
1010000 FRAC0_S 0 1 30929 -29664.6 8500 -2.83208e+06 4.70557e+06 6.06955e+06 6872.74 -40.0429 -28.2264
1010000 FRAC0_S 0 1 30779.9 -29393.9 8500 -2.67257e+06 1.65034e+06 6.63215e+06 6092.76 -19.5019 -35.1263
1010000 FRAC0_S 0 1 30554.4 -29182.6 8500 -2.76623e+06 -1.43585e+06 6.43999e+06 5699.68 17.6148 -35.1167
1010000 FRAC0_S 0 1 30274.7 -29051.3 8500 -3.00126e+06 -4.93798e+06 6.66023e+06 8072.53 39.3443 -28.7155
1010000 FRAC0_S 0 1 29968 -29012.8 8500 -3.31968e+06 -8.09972e+06 5.54545e+06 9936.12 50.8853 -21.9705
Step FractureNumber TipNr TipActive TipX TipY TipZ KI KII KIII G Phi Psi Extension
1010101 FRAC0_S 0 1 29649.2 -29023.7 8585.55 7.4614e+06 -5.08245e+06 3.60463e+06 8990.93 37.1286 -15.7667
1010101 FRAC0_S 0 1 29367.3 -29185.4 8589.32 8.65106e+06 -5.31012e+06 1.82669e+06 9625.53 39.169 -8.583
1010101 FRAC0_S 0 1 29144.3 -29420.8 8588.24 3.18217e+06 -2.64929e+06 -396138 1548.66 46.8893 4.82806
1010101 FRAC0_S 0 1 28999.3 -29712 8583.07 3.46229e+06 -2.22565e+06 -1.34433e+06 1749.97 37.2971 13.705
1010101 FRAC0_S 0 1 28947.5 -30036.1 8572.91 2.83963e+06 -3.38942e+06 -3.41057e+06 3289.3 40.5716 23.466
1010101 FRAC0_S 0 1 28996.6 -30364.9 8552.31 1.9068e+06 -4.27244e+06 -6.47545e+06 7527.47 39.2874 31.2721
1010101 FRAC0_S 0 1 29149.2 -30662.2 8514.44 -873436 -1.50158e+06 -4.9406e+06 3447.39 25.7869 37.6261
1010101 FRAC0_S 0 1 29395.1 -30888.9 8469.39 -365216 1.33066e+06 -5.39135e+06 4023.65 -23.818 40.2391
1010101 FRAC0_S 0 1 29702.3 -31019.5 8438.04 1.16969e+06 3.19038e+06 -4.27948e+06 3464.69 -42.1531 30.5394
1010101 FRAC0_S 0 1 30031.9 -31047.7 8422.47 3.35589e+06 3.71852e+06 -3.08812e+06 3504.06 -41.8546 20.6549
1010101 FRAC0_S 0 1 30350.9 -30976.2 8414.33 3.8096e+06 3.25541e+06 -1.74714e+06 2643.6 -42.1661 14.1675
1010101 FRAC0_S 0 1 30632.4 -30814.6 8410.65 4.45703e+06 3.23283e+06 -544326 2740.89 -44.1754 5.01203
1010101 FRAC0_S 0 1 30854.5 -30578.7 8411.06 6.68372e+06 4.22562e+06 884401 5675.9 -41.1749 -5.66357
1010101 FRAC0_S 0 1 30998.2 -30287.6 8415.16 3.64249e+06 2.58052e+06 1.32394e+06 2008.8 -39.686 -12.6678
1010101 FRAC0_S 0 1 31048.5 -29964.2 8423.21 2.96463e+06 3.1031e+06 2.63757e+06 2566.5 -41.01 -20.6034
1010101 FRAC0_S 0 1 30999 -29636.6 8439.8 2.22979e+06 3.87073e+06 5.24096e+06 5431.34 -39.627 -28.9974
1010101 FRAC0_S 0 1 30848.5 -29338.8 8474.79 -130303 1.86794e+06 6.44563e+06 5836.56 -27.545 -40.3121
1010101 FRAC0_S 0 1 30605.2 -29110.2 8522.63 -298555 -1.69565e+06 6.83888e+06 6476.66 24.2956 -40.6088
1010101 FRAC0_S 0 1 30298.4 -28978.6 8558.66 1.79556e+06 -4.32663e+06 6.13511e+06 6961.48 40.6959 -30.7737
1010101 FRAC0_S 0 1 29968.3 -28951.1 8576.42 5.04604e+06 -6.04072e+06 5.25321e+06 9190.91 42.1896 -21.6657