
Step FractureNumber TipNr TipActive TipX TipY TipZ KI KII KIII G Phi Psi Extension
1010000 FRAC0_S 0 1 812.916 44439 8500 900396 1.0896e+06 1.071e+06 330.593 -40.9651 -23.2513
1010000 FRAC0_S 0 1 944.619 44711.5 8500 820456 505840 1.22795e+06 283.331 -24.9801 -29.8715
1010000 FRAC0_S 0 1 987.533 45017.5 8500 691368 -90704.9 1.08944e+06 201.181 6.62083 -34.2227
1010000 FRAC0_S 0 1 933.78 45321.8 8500 631308 -518272 954373 180.59 30.239 -28.5914
1010000 FRAC0_S 0 1 788.621 45594.7 8500 458715 -557084 538370 84.9542 41.1885 -23.0596
1010000 FRAC0_S 0 1 566.268 45809.3 8500 596421 -1.24234e+06 608085 218.409 53.0369 -17.3463
1010000 FRAC0_S 0 1 288.484 45944.6 8500 429918 -874619 170453 88.4998 58.4026 -8.57314
1010000 FRAC0_S 0 1 -17.5385 45987.6 8500 587678 -1.54182e+06 -9132.22 242.62 64.5487 0.332468
1010000 FRAC0_S 0 1 -321.845 45933.8 8500 560140 -1.35248e+06 -357307 207.938 58.565 11.4602
1010000 FRAC0_S 0 1 -594.647 45788.6 8500 446426 -865189 -418432 107.749 52.5067 16.9348
1010000 FRAC0_S 0 1 -809.24 45566.3 8500 614499 -921739 -850395 205.539 43.6283 23.6029
1010000 FRAC0_S 0 1 -944.619 45288.5 8500 638878 -409223 -991104 181.938 25.2759 30.1147
1010000 FRAC0_S 0 1 -987.533 44982.5 8500 707896 -17485 -1.17113e+06 227.096 1.28479 35.5825
1010000 FRAC0_S 0 1 -933.78 44678.2 8500 601817 408074 -913122 158.007 -26.5566 29.5969
1010000 FRAC0_S 0 1 -788.621 44405.3 8500 819837 1.07332e+06 -1.04016e+06 306.445 -41.8548 23.5094
1010000 FRAC0_S 0 1 -566.268 44190.7 8500 876108 1.6048e+06 -804659 384.004 -51.6814 17.1234
1010000 FRAC0_S 0 1 -288.484 44055.4 8500 711942 1.44335e+06 -318453 244.294 -57.8551 9.49429
1010000 FRAC0_S 0 1 17.5385 44012.4 8500 913424 2.04711e+06 13202.3 447.802 -63.2032 -0.345641
1010000 FRAC0_S 0 1 321.845 44066.2 8500 901206 1.84693e+06 447575 402.983 -57.5306 -10.277
1010000 FRAC0_S 0 1 594.647 44211.4 8500 808740 1.40789e+06 765594 312.868 -50.492 -17.8493
Step FractureNumber TipNr TipActive TipX TipY TipZ KI KII KIII G Phi Psi Extension
1010101 FRAC0_S 0 1 871.423 44392.7 8437.37 1.91364e+06 425094 1.33545e+06 579.622 -15.2606 -23.991
1010101 FRAC0_S 0 1 1028.26 44687.9 8465.37 1.3705e+06 254490 1.3964e+06 432.483 -11.2955 -29.0004
1010101 FRAC0_S 0 1 1079.29 45018.9 8507.8 1.30121e+06 480.751 1.46191e+06 435.123 -0.024352 -32.0267
1010101 FRAC0_S 0 1 1014.47 45347.7 8544.53 1.17127e+06 -330206 1.16872e+06 313.628 16.2425 -27.818
1010101 FRAC0_S 0 1 847.704 45636.7 8565.49 1.39806e+06 -476770 903694 303.043 21.9617 -21.8781
1010101 FRAC0_S 0 1 602.353 45857.7 8577.71 1.618e+06 -468106 574873 296.763 22.4619 -15.3108
1010101 FRAC0_S 0 1 304.563 45992.7 8585.14 1.36979e+06 -271918 143469 176.525 19.7007 -6.05549
1010101 FRAC0_S 0 1 -18.343 46033.9 8587.78 2.34115e+06 -452160 -40544 506.846 20.5558 1.10919
1010101 FRAC0_S 0 1 -339.694 45981.3 8585.07 1.83066e+06 -373588 -303756 323.346 19.3009 8.96285
1010101 FRAC0_S 0 1 -632.044 45835.6 8578.25 1.56313e+06 -412428 -640712 287.485 20.33 17.1227
1010101 FRAC0_S 0 1 -878.8 45593.9 8564.19 1.41465e+06 -279321 -991776 316.103 13.8031 24.3034
1010101 FRAC0_S 0 1 -1027.68 45311.7 8539.16 1.16328e+06 -250690 -1.19195e+06 315.145 12.8202 28.7732
1010101 FRAC0_S 0 1 -1080.28 44980.9 8500.62 854372 -31302.9 -1.06782e+06 216.785 2.2254 32.7762
1010101 FRAC0_S 0 1 -1015.92 44652 8461.52 1.38815e+06 267131 -1.359e+06 423.707 -11.8573 28.4587
1010101 FRAC0_S 0 1 -848.386 44363 8435.85 1.87638e+06 433935 -1.20843e+06 524.737 -16.2004 22.8951
1010101 FRAC0_S 0 1 -602.795 44141.4 8422.93 2.53664e+06 454907 -914078 702.95 -15.3568 16.4476
1010101 FRAC0_S 0 1 -304.941 44006 8415.74 2.90838e+06 281306 -396306 781.691 -10.5517 8.21713
1010101 FRAC0_S 0 1 18.427 43964.5 8413.11 3.1634e+06 369628 48732.1 904.224 -13.7022 -1.05513
1010101 FRAC0_S 0 1 340.366 44016.9 8416.21 2.72769e+06 404950 445780 704.046 -14.9466 -9.20471
1010101 FRAC0_S 0 1 633.637 44162.4 8423.94 2.33424e+06 414426 945947 619.848 -14.8231 -17.8074