
Step FractureNumber TipNr TipActive TipX TipY TipZ KI KII KIII G Phi Psi Extension
1010000 FRAC0_S 0 1 0 15987.2 8471.27 -1.41443e+06 561070 -42931.4 28.2969 -33.5074 1.64411
1010000 FRAC0_S 0 1 0 15947.8 8777.76 -9.30963e+06 204819 42284.7 3.97603 -2.96831 -0.344472
1010000 FRAC0_S 0 1 0 15815.6 9057.06 -1.59997e+07 128612 55319.6 1.88098 -1.10816 -0.266238
1010000 FRAC0_S 0 1 0 15603.5 9281.83 -2.24932e+07 109793 70642.6 1.7379 -0.676285 -0.242699
1010000 FRAC0_S 0 1 0 15332.4 9430.08 -2.64383e+07 128409 53126.9 1.84472 -0.673707 -0.155538
1010000 FRAC0_S 0 1 0 15028.7 9487.27 -3.14909e+07 29011.3 -674924 60.6595 -0.126099 1.62067
1010000 FRAC0_S 0 1 0 14722.2 9447.82 -2.7292e+07 49484.8 112018 1.88709 -0.252122 -0.317712
1010000 FRAC0_S 0 1 0 14442.9 9315.6 -2.74226e+07 -401795 -405719 36.2787 1.97842 1.11419
1010000 FRAC0_S 0 1 0 14218.2 9103.54 -1.84916e+07 -188959 73625.5 3.90266 1.40347 -0.305706
1010000 FRAC0_S 0 1 0 14070 8832.4 -1.14149e+07 -2.893e+07 1.88427e+07 121801 51.7061 -21.4872
1010000 FRAC0_S 0 1 0 14012.8 8528.73 -2.4595e+06 -678935 -51453.7 41.4276 26.6265 1.24957
1010000 FRAC0_S 0 1 0 14052.2 8222.24 3.90847e+06 -1.55653e+07 9.98021e+06 36198.2 54.4356 -22.6407
1010000 FRAC0_S 0 1 0 14184.4 7942.94 1.10819e+07 -170716 -104217 10947.4 2.08867 0.712996
1010000 FRAC0_S 0 1 0 14396.5 7718.17 1.62443e+07 -2.28917e+07 1.40245e+07 96369.6 47.306 -18.2808
1010000 FRAC0_S 0 1 0 14667.6 7569.92 2.00324e+07 -2.81978e+07 -1.70145e+07 145115 47.431 18.0966
1010000 FRAC0_S 0 1 0 14971.3 7512.73 2.65177e+07 125735 565119 62704.8 -0.645467 -1.60582
1010000 FRAC0_S 0 1 0 15277.8 7552.18 2.0017e+07 -2.47488e+07 1.81351e+07 134026 44.2474 -19.7453
1010000 FRAC0_S 0 1 0 15557.1 7684.4 1.82627e+07 1173.93 -190747 29725.4 -0.00890533 0.802682
1010000 FRAC0_S 0 1 0 15781.8 7896.46 1.22795e+07 -2.55048e+07 1.87607e+07 118213 48.906 -22.2465
1010000 FRAC0_S 0 1 0 15930 8167.6 5.79208e+06 -137014 -357811 3008.17 3.01786 4.33238
Step FractureNumber TipNr TipActive TipX TipY TipZ KI KII KIII G Phi Psi Extension
1010101 FRAC0_S 0 1 -27.5807 16076.4 8468.68 -2.9701e+06 -241779 320848 18.9006 9.25368 -6.81189
1010101 FRAC0_S 0 1 -16.8738 16037.2 8805.3 -1.11438e+07 2.0415e+06 605771 420.191 -19.1903 -3.36246
1010101 FRAC0_S 0 1 -2.55667 15896.1 9112.07 -1.98422e+07 855537 -62415.7 65.7416 -5.6506 0.23421
1010101 FRAC0_S 0 1 -1.36761 15663.2 9359.05 -2.5009e+07 -2.97347e+07 -2.29768e+07 149002 43.3159 20.1752
1010101 FRAC0_S 0 1 -0.938005 15365.2 9521.93 -3.31596e+07 -260627 -34421.7 6.21053 1.08642 0.0802197
1010101 FRAC0_S 0 1 -0.514004 15031.5 9584.78 -2.80342e+07 238514 55953.5 5.48577 -1.17377 -0.153933
1010101 FRAC0_S 0 1 0.58804 14694.8 9541.43 -3.45756e+07 -943650 -496640 112.155 3.62008 1.06931
1010101 FRAC0_S 0 1 2.22846 14388 9396.13 -2.4983e+07 -3.52202e+07 2.07371e+07 167731 47.6652 -17.8177
1010101 FRAC0_S 0 1 21.7088 14149.9 9159.93 -2.03619e+07 -4.45154e+06 1.57246e+06 2094.68 21.6269 -4.53118
1010101 FRAC0_S 0 1 51.0588 13998.6 8858.75 -1.19484e+07 -9.49217e+06 2.53586e+06 8884.2 44.454 -7.8805
1010101 FRAC0_S 0 1 62.3663 13939.5 8531.15 -2.92738e+06 -3.08192e+06 -1.29811e+06 1070.51 46.5941 12.8148
1010101 FRAC0_S 0 1 52.7886 13981.3 8200.61 4.46272e+06 1.74465e+06 207987 2051.69 -32.896 -2.49409
1010101 FRAC0_S 0 1 40.5335 14118.8 7897.25 1.27417e+07 7.46758e+06 -984006 19565 -40.6391 3.55041
1010101 FRAC0_S 0 1 56.072 14349.4 7661.32 1.54668e+07 1.02895e+07 -2.43307e+06 31538.9 -41.7756 6.48645
1010101 FRAC0_S 0 1 54.9161 14645.1 7499.67 1.83909e+07 1.33647e+07 431743 46080.4 -46.0619 -1.04031
1010101 FRAC0_S 0 1 35.2922 14969.2 7429.64 2.26364e+07 9.61697e+06 -518507 53937.8 -35.0553 1.22583
1010101 FRAC0_S 0 1 34.6023 15301.3 7472.17 2.11248e+07 8.86726e+06 -211254 46778.3 -35.0686 0.54395
1010101 FRAC0_S 0 1 36.2769 15603.4 7615.89 2.54937e+07 -1.11364e+07 1.56989e+07 101745 26.6239 -20.4302
1010101 FRAC0_S 0 1 38.9939 15845.5 7847.33 1.62089e+07 1.92254e+06 635913 23794.8 -13.6071 -2.60507
1010101 FRAC0_S 0 1 7.67205 16011 8140.15 6.12726e+06 832833 819527 3496.62 -14.1852 -7.85054