
Step FractureNumber TipNr TipActive TipX TipY TipZ KI KII KIII G Phi Psi Extension
1010000 FRAC0_S 0 1 -15000 984.872 8574.53 -1.82246e+06 2.05214e+06 1.09678e+06 535.258 -45.863 -15.6021
1010000 FRAC0_S 0 1 -15000 913.64 8875.22 -1.35867e+06 1.55539e+06 1.52528e+06 525.001 -40.4582 -22.9039
1010000 FRAC0_S 0 1 -15000 752.975 9139.18 -8.88106e+06 623718 1.66477e+06 403.27 -7.59945 -10.8925
1010000 FRAC0_S 0 1 -15000 518.603 9340.58 -1.14212e+07 107146 1.79971e+06 431.804 -1.12095 -9.93074
1010000 FRAC0_S 0 1 -15000 233.466 9459.7 -2.34177e+07 -859617 1.88097e+06 536.407 4.52509 -5.43812
1010000 FRAC0_S 0 1 -15000 -74.5244 9484.87 -1.32611e+07 -1.59851e+06 1.58921e+06 563.599 12.9442 -7.22798
1010000 FRAC0_S 0 1 -15000 -375.22 9413.64 -1.13178e+07 -2.14062e+06 995480 540.124 19.1986 -5.21553
1010000 FRAC0_S 0 1 -15000 -639.186 9252.98 -8.10356e+06 -1.84521e+06 498640 336.471 22.5431 -3.64766
1010000 FRAC0_S 0 1 -15000 -840.583 9018.61 -1.13154e+07 -2.35396e+06 -194679 498.811 21.7524 1.08877
1010000 FRAC0_S 0 1 -15000 -959.699 8733.46 -3.48295e+06 -2.45953e+06 -544877 578.539 43.0162 6.31848
1010000 FRAC0_S 0 1 -15000 -984.872 8425.47 -196477 -1.97682e+06 -1.0061e+06 482.854 59.9854 21.3781
1010000 FRAC0_S 0 1 -15000 -913.64 8124.78 3.79422e+06 -1.30151e+06 -1.4187e+06 1701.47 25.1764 15.4216
1010000 FRAC0_S 0 1 -15000 -752.975 7860.82 8.18448e+06 -930812 -1.60182e+06 6387.55 11.6314 10.921
1010000 FRAC0_S 0 1 -15000 -518.603 7659.42 9.67246e+06 52970.2 -1.58196e+06 8669.91 -0.654303 10.2667
1010000 FRAC0_S 0 1 -15000 -233.466 7540.3 -8.63453e+06 -270526 -1.1245e+06 174.699 3.72527 8.3304
1010000 FRAC0_S 0 1 -15000 74.5244 7515.13 1.10275e+07 1.40295e+06 -1.26328e+06 11224 -13.6086 6.91481
1010000 FRAC0_S 0 1 -15000 375.22 7586.36 1.02097e+07 2.00898e+06 -908954 9758.25 -19.7854 5.24248
1010000 FRAC0_S 0 1 -15000 639.186 7747.02 6.67357e+06 1.70726e+06 -391941 4248.82 -24.5942 3.41893
1010000 FRAC0_S 0 1 -15000 840.583 7981.39 6.50205e+06 3.12551e+06 144974 4640.57 -37.6154 -1.14985
1010000 FRAC0_S 0 1 -15000 959.699 8266.54 1.21747e+06 1.98986e+06 490493 516.916 -55.0664 -9.76558
Step FractureNumber TipNr TipActive TipX TipY TipZ KI KII KIII G Phi Psi Extension
1010101 FRAC0_S 0 1 -15072.6 1051.1 8580.99 954806 3.61609e+06 -3.67366e+06 3041.39 -47.9384 28.2037
1010101 FRAC0_S 0 1 -15053.7 985.083 8907.02 -2.95365e+06 2.95003e+06 1.42906e+06 1047.11 -44.9936 -13.9478
1010101 FRAC0_S 0 1 -15023.4 821.478 9199.75 -7.81891e+06 687693 3.29975e+06 1490.3 -7.91719 -19.2224
1010101 FRAC0_S 0 1 -15002.3 569.633 9423.38 -1.1074e+07 315601 1.61556e+06 356.012 -3.3562 -9.18027
1010101 FRAC0_S 0 1 -14991 256.533 9553.7 -1.5828e+07 -754818 1.60582e+06 393.733 5.68936 -6.62917
1010101 FRAC0_S 0 1 -14978.6 -81.2794 9579.52 -1.40615e+07 -4.79747e+06 1.7588e+06 2462.36 28.7861 -6.41366
1010101 FRAC0_S 0 1 -14968.4 -409.939 9499.22 -1.19928e+07 -6.43491e+06 1.11612e+06 3855.55 38.5071 -4.34683
1010101 FRAC0_S 0 1 -14963.3 -697.801 9322.21 -9.6612e+06 -5.61408e+06 990726 2939.1 39.9812 -4.62838
1010101 FRAC0_S 0 1 -14954.9 -912.81 9064.91 -1.10073e+07 -8.6612e+06 -347618 6700.78 47.4728 1.34466
1010101 FRAC0_S 0 1 -14935 -1027.45 8753.36 9.77988e+06 4.76504e+06 75823.9 10547.1 -38.1922 -0.403624
1010101 FRAC0_S 0 1 -14929 -1048.5 8419.31 2.31786e+06 -1.1465e+06 -1.14974e+06 771.684 30.465 17.387
1010101 FRAC0_S 0 1 -14952 -986.637 8090.8 5.26571e+06 465851 -1.39491e+06 2748.94 -8.85255 14.0031
1010101 FRAC0_S 0 1 -14979.6 -824.364 7799.25 8.75562e+06 139595 -1.20717e+06 7026.8 -1.92116 8.84931
1010101 FRAC0_S 0 1 -14993.9 -569.418 7576.78 -1.27517e+07 601088 -2.07303e+06 603.758 -5.349 9.88621
1010101 FRAC0_S 0 1 -15002.9 -256.552 7446.32 1.28724e+07 508265 -1.60438e+06 15130.8 -4.66802 7.97282
1010101 FRAC0_S 0 1 -15018.6 81.2309 7420.67 1.11967e+07 -979144 -1.11867e+06 11423.3 9.93132 6.3297
1010101 FRAC0_S 0 1 -15033.2 409.637 7501.28 1.21971e+07 -1.90319e+06 -1.26164e+06 13791.2 16.2702 6.18338
1010101 FRAC0_S 0 1 -15044.5 694.398 7680.21 1.01002e+07 -1.53997e+06 -765302 9379.67 16.3004 4.68629
1010101 FRAC0_S 0 1 -15061.4 902.912 7939.89 8.62151e+06 914465 2.14145e+06 7308.01 -10.5342 -13.1941
1010101 FRAC0_S 0 1 -15074.2 1021.73 8250.68 3.00528e+06 -391408 -3.17607e+06 2160.09 8.08877 29.9855