
Step FractureNumber TipNr TipActive TipX TipY TipZ KI KII KIII G Phi Psi Extension
1010000 FRAC0_S 0 1 14943.8 -14013.9 8500 -679200 2.39603e+06 -2.34519e+06 1243.07 -48.2075 27.57
1010000 FRAC0_S 0 1 14641.8 -14079.6 8500 -7.60201e+06 3.04323e+06 -1.66872e+06 1195.63 -30.3237 9.96413
1010000 FRAC0_S 0 1 14374.9 -14235.3 8500 -472576 3.14989e+06 -765194 962.006 -64.4293 12.5993
1010000 FRAC0_S 0 1 14169.2 -14465.9 8500 -2.47194e+07 3.4713e+06 -264747 1083.09 -16.0369 0.722848
1010000 FRAC0_S 0 1 14044.8 -14748.8 8500 -623635 3.58971e+06 654767 1205.29 -65.1726 -9.89411
1010000 FRAC0_S 0 1 14013.9 -15056.2 8500 -565180 2.77914e+06 1.21718e+06 885.295 -59.3126 -18.4636
1010000 FRAC0_S 0 1 14079.6 -15358.2 8500 -2.11354e+07 2.4988e+06 2.00982e+06 1093.64 -12.9772 -5.91044
1010000 FRAC0_S 0 1 14235.3 -15625.1 8500 -686975 1.36165e+06 2.86133e+06 1254.11 -33.4418 -34.2482
1010000 FRAC0_S 0 1 14465.9 -15830.8 8500 -1.39213e+07 130601 2.7066e+06 975.834 -1.08678 -11.7367
1010000 FRAC0_S 0 1 14748.8 -15955.2 8500 -733940 -1.54668e+06 3.13103e+06 1517.01 34.2948 -34.082
1010000 FRAC0_S 0 1 15056.2 -15986.1 8500 -666730 -2.67732e+06 2.48378e+06 1459.24 49.5428 -27.2489
1010000 FRAC0_S 0 1 15358.2 -15920.4 8500 -738698 -3.68549e+06 1.87439e+06 1677.64 57.9518 -20.2895
1010000 FRAC0_S 0 1 15625.1 -15764.7 8500 3.19728e+07 -4.98141e+06 882399 93408.3 17.2185 -1.80111
1010000 FRAC0_S 0 1 15830.8 -15534.1 8500 3.00949e+07 -4.77715e+06 -353868 82757.3 17.6987 0.780233
1010000 FRAC0_S 0 1 15955.2 -15251.2 8500 -1.21706e+07 -3.71721e+06 -872218 1332.48 27.6072 3.96986
1010000 FRAC0_S 0 1 15986.1 -14943.8 8500 -738429 -3.74587e+06 -1.69817e+06 1633.9 59.1272 18.9349
1010000 FRAC0_S 0 1 15920.4 -14641.8 8500 3.05011e+07 -2.55828e+06 -2.69261e+06 84448.3 9.65945 5.68726
1010000 FRAC0_S 0 1 15764.7 -14374.9 8500 2.79454e+07 -615911 -2.88539e+06 70730.9 2.71517 6.87906
1010000 FRAC0_S 0 1 15534.1 -14169.2 8500 2.14263e+07 349.244 -3.00912e+06 42113.5 -0.00200091 9.10481
1010000 FRAC0_S 0 1 15251.2 -14044.8 8500 2.8953e+07 1.77365e+06 -2.9117e+06 76106.6 -7.18719 6.50435
Step FractureNumber TipNr TipActive TipX TipY TipZ KI KII KIII G Phi Psi Extension
1010101 FRAC0_S 0 1 14940.3 -13936.6 8446.97 2.08011e+06 3.25009e+06 -2.90836e+06 2451.83 -44.3357 23.4229
1010101 FRAC0_S 0 1 14618.4 -14014.4 8433.57 3.29569e+06 4.11465e+06 -1.98668e+06 3001.47 -47.8805 15.0155
1010101 FRAC0_S 0 1 14333.2 -14185.5 8435.36 4.02122e+06 4.24703e+06 -1.20975e+06 3242.87 -48.6779 9.41815
1010101 FRAC0_S 0 1 14111.8 -14428.8 8440.94 -1.17374e+07 -1.73878e+07 -3.67957e+06 28741.9 54.5396 8.33374
1010101 FRAC0_S 0 1 13991.5 -14731.2 8426.21 3.84978e+06 1.15746e+07 3.4819e+06 14871.3 -59.4733 -13.2457
1010101 FRAC0_S 0 1 13955.5 -15063.9 8428.7 1.43293e+07 -273907 5.34265e+06 22099.8 1.90935 -18.5252
1010101 FRAC0_S 0 1 14005.2 -15389.8 8453.5 1.40292e+06 2.23968e+06 2.33778e+06 1349.25 -42.6129 -25.4481
1010101 FRAC0_S 0 1 14166.8 -15681.4 8466.36 -5.47782e+06 6.76674e+06 2.57381e+07 92185.7 -22.7198 -37.702
1010101 FRAC0_S 0 1 14417.4 -15906.1 8499.36 1.79267e+07 -2.52635e+06 8.28314e+06 38331 11.7671 -19.7414
1010101 FRAC0_S 0 1 14725.7 -16032.4 8546.72 1.73869e+06 -2.01593e+06 3.42154e+06 2188.55 33.8047 -29.6879
1010101 FRAC0_S 0 1 15057.6 -16050.8 8573.32 3.6399e+06 -2.64948e+06 2.90135e+06 2925.71 34.5416 -21.3346
1010101 FRAC0_S 0 1 15383.9 -15979.9 8568.8 -4.10101e+07 -3.1254e+07 -4.51037e+06 89749.5 45.3919 4.46847
1010101 FRAC0_S 0 1 15680.1 -15826.9 8543.59 4.78273e+06 -1.33179e+07 1.54839e+06 18162.4 62.7326 -5.94167
1010101 FRAC0_S 0 1 15907.4 -15584 8534.19 -1.89263e+06 5.15744e+06 1.30941e+06 2598.29 -59.7295 -11.4081
1010101 FRAC0_S 0 1 16030.9 -15274.7 8552.23 2.67948e+06 -4.29578e+06 -1.25171e+06 2492.57 54.0167 11.1035
1010101 FRAC0_S 0 1 16056.1 -14939.1 8558.7 -6.8155e+06 4.79672e+06 6.31061e+06 7346.85 -32.4546 -23.3726
1010101 FRAC0_S 0 1 15998.5 -14607.4 8531.03 1.41803e+06 -3.19364e+06 -3.15371e+06 2410.85 45.7375 26.2348
1010101 FRAC0_S 0 1 15839.8 -14313.3 8506.56 -166845 -518836 1.75369e+06 433.021 26.6102 -39.0196
1010101 FRAC0_S 0 1 15586.8 -14087.3 8498.05 -458323 115758 -3.79169e+06 1913.32 -3.66287 42.8514
1010101 FRAC0_S 0 1 15276.4 -13959.2 8475.1 -789997 2.50198e+06 -4.4935e+06 3243.3 -37.7618 34.0259