
Step FractureNumber TipNr TipActive TipX TipY TipZ KI KII KIII G Phi Psi Extension
1010000 FRAC0_S 0 1 -37500 36572.7 8159.93 1.16607e+06 -537529 -78393 147.73 35.8609 3.36749
1010000 FRAC0_S 0 1 -37500 36723.2 7890.02 1.23055e+06 -443257 -346908 168.449 27.3417 12.4181
1010000 FRAC0_S 0 1 -37500 36938.3 7687.49 1.165e+06 -279952 -264891 137.259 21.0456 11.2918
1010000 FRAC0_S 0 1 -37500 37230 7549.91 1.20069e+06 -140684 -306514 142.725 11.4419 13.3666
1010000 FRAC0_S 0 1 -37500 37536.8 7513 1.146e+06 11972.2 -317567 130.454 -1.13132 15.2587
1010000 FRAC0_S 0 1 -37500 37840 7572.7 1.18383e+06 152687 -298640 138.823 -12.4625 13.1449
1010000 FRAC0_S 0 1 -37500 38109.9 7723.17 877014 220591 -204954 78.4623 -21.7017 11.4561
1010000 FRAC0_S 0 1 -37500 38320.1 7949.68 924611 287363 -142357 86.2345 -26.5539 7.83416
1010000 FRAC0_S 0 1 -37500 38450.1 8230.07 1.11126e+06 822127 -53378.4 170.649 -45.9461 2.07181
1010000 FRAC0_S 0 1 -37500 38487 8536.87 1.15956e+06 441663 -517.857 137.197 -33.2814 0.0252147
1010000 FRAC0_S 0 1 -37500 38427.3 8840.07 941571 343992 86351.2 90.5371 -30.7025 -4.77875
1010000 FRAC0_S 0 1 -37500 38276.8 9109.98 1.14647e+06 330545 383908 146.464 -22.6589 -14.6869
1010000 FRAC0_S 0 1 -37500 38050.3 9320.17 915047 210709 200678 83.9252 -20.4731 -11.0454
1010000 FRAC0_S 0 1 -37500 37770 9450.09 1.12823e+06 126980 280215 125.308 -11.0993 -13.1359
1010000 FRAC0_S 0 1 -37500 37463.2 9487 1.20408e+06 -15780.4 312837 142.232 1.43399 -14.5457
1010000 FRAC0_S 0 1 -37500 37160 9427.3 1.20538e+06 -60081.8 455974 157.446 4.80103 -18.3453
1010000 FRAC0_S 0 1 -37500 36890.1 9276.83 1.19397e+06 -270174 250578 141.888 20.3208 -10.6937
1010000 FRAC0_S 0 1 -37500 36674.1 9041.74 1.08921e+06 -340811 167455 119.797 26.682 -7.81373
1010000 FRAC0_S 0 1 -37500 36549.9 8769.93 1.17213e+06 -417549 96849.3 139.211 30.3704 -4.37035
1010000 FRAC0_S 0 1 -37500 36513 8463.13 1.17856e+06 -474271 -3734.52 143.82 34.344 0.175673
Step FractureNumber TipNr TipActive TipX TipY TipZ KI KII KIII G Phi Psi Extension
1010101 FRAC0_S 0 1 -37445.1 36496.5 8131.49 1.63151e+06 -68071 -218596 243.962 4.88008 8.46034
1010101 FRAC0_S 0 1 -37453.4 36656.2 7836.24 1.54694e+06 -77663 -349259 230.004 5.40003 12.7683
1010101 FRAC0_S 0 1 -37465.6 36899.5 7603.79 1.48985e+06 78659.6 -502131 231.877 -5.21732 16.9744
1010101 FRAC0_S 0 1 -37481.6 37204.6 7458.42 1.41505e+06 90267.6 -745730 253.12 -5.50148 22.2183
1010101 FRAC0_S 0 1 -37501.5 37540.4 7416.56 1.43304e+06 -18162.7 -486470 214.502 1.30613 17.5026
1010101 FRAC0_S 0 1 -37520.6 37872.1 7483.62 1.38937e+06 -29196.2 -478684 202.564 2.13785 17.5791
1010101 FRAC0_S 0 1 -37535 38165.6 7651.26 1.48019e+06 2645.81 -463172 223.769 -0.190216 16.6955
1010101 FRAC0_S 0 1 -37549.5 38388.3 7901.75 1.5195e+06 -2192.45 -328518 220.099 0.165798 12.8091
1010101 FRAC0_S 0 1 -37560.9 38523 8208.89 1.65255e+06 -32528 -201494 248.847 2.39304 7.95428
1010101 FRAC0_S 0 1 -37558.2 38565.7 8541.08 1.84686e+06 444587 156879 324.831 -23.1142 -4.86245
1010101 FRAC0_S 0 1 -37548.9 38506.7 8869.9 1.62776e+06 138335 220533 244.281 -9.40922 -8.25199
1010101 FRAC0_S 0 1 -37540.8 38346.4 9165.32 1.53173e+06 71429.4 362334 226.985 -4.99539 -13.2576
1010101 FRAC0_S 0 1 -37532 38101.2 9396.92 1.50586e+06 -10941.2 436704 227.441 0.781916 -15.7877
1010101 FRAC0_S 0 1 -37517.8 37795.4 9541.71 1.20627e+06 -383627 559116 184.355 22.7611 -18.0597
1010101 FRAC0_S 0 1 -37501.5 37459.4 9583.94 1.54064e+06 -8810.42 498796 244.607 0.600906 -17.0378
1010101 FRAC0_S 0 1 -37486.6 37127.3 9517.49 1.44577e+06 -57306.9 454801 214.064 4.03782 -16.3382
1010101 FRAC0_S 0 1 -37469.3 36833.9 9349.54 1.69551e+06 -19611.9 493232 288.56 1.23778 -15.775
1010101 FRAC0_S 0 1 -37456.2 36607.5 9099.54 1.66126e+06 -51078.4 395786 266.99 3.35101 -13.4808
1010101 FRAC0_S 0 1 -37449.4 36469.2 8793.39 1.63071e+06 -111959 179454 242.363 7.91716 -6.9946
1010101 FRAC0_S 0 1 -37444.5 36431.9 8460.5 1.90158e+06 -89746.7 -32841.3 323.083 6.06966 1.25683