
Step FractureNumber TipNr TipActive TipX TipY TipZ KI KII KIII G Phi Psi Extension
1010000 FRAC0_S 0 1 29401.8 -14232.6 8330.75 398924 5.00619e+06 3.97298e+06 4346.8 -54.7872 -27.1216
1010000 FRAC0_S 0 1 29263.9 -14346.6 8582.7 128411 4.93003e+06 4.09193e+06 4394.24 -55.1093 -28.2814
1010000 FRAC0_S 0 1 29198.1 -14524.7 8826.54 51781.3 5.2032e+06 6.58937e+06 8187.57 -47.9929 -33.1802
1010000 FRAC0_S 0 1 29210.9 -14749.3 9038.42 -159033 3.21794e+06 7.6681e+06 8743.12 -34.8467 -38.2462
1010000 FRAC0_S 0 1 29300.8 -14998.4 9197.59 -248103 599457 8.58541e+06 9835.36 -8.61419 -43.6554
1010000 FRAC0_S 0 1 29459.2 -15247.7 9288.48 -592306 -3.08228e+06 9.10618e+06 11875.3 29.6919 -38.8221
1010000 FRAC0_S 0 1 29670.5 -15472.7 9302.19 -1.19338e+06 -4.89247e+06 6.73518e+06 8166.19 43.2305 -31.8684
1010000 FRAC0_S 0 1 29914.1 -15651.5 9237.38 -1.46548e+07 -2.47451e+07 -3.92545e+06 56613.4 57.126 6.79621
1010000 FRAC0_S 0 1 30166.1 -15766.5 9100.38 -1.42183e+06 -1.09188e+07 3.67217e+06 12417.2 62.916 -16.152
1010000 FRAC0_S 0 1 30401.9 -15806.4 8904.62 -1.42029e+06 -1.1681e+07 582180 12203.8 68.5009 -3.25886
1010000 FRAC0_S 0 1 30598.2 -15767.4 8669.25 -631425 -7.21797e+06 -1.43912e+06 4918 66.5216 11.2928
1010000 FRAC0_S 0 1 30736.1 -15653.4 8417.3 247920 -5.89713e+06 -4.76464e+06 6123.71 55.2228 27.771
1010000 FRAC0_S 0 1 30801.9 -15475.3 8173.46 1.06911e+06 -1.07064e+06 -5.00371e+06 3533.93 19.4104 38.4446
1010000 FRAC0_S 0 1 30789.1 -15250.7 7961.58 2.13391e+06 3.85629e+06 -4.9498e+06 4989.49 -40.6516 28.5356
1010000 FRAC0_S 0 1 30699.2 -15001.6 7802.41 2.25867e+06 6.90657e+06 -3.40226e+06 6244.73 -55.7971 18.6976
1010000 FRAC0_S 0 1 30540.8 -14752.3 7711.52 2.41993e+06 8.5189e+06 -677322 7049.71 -65.0235 4.43587
1010000 FRAC0_S 0 1 30329.5 -14527.3 7697.81 2.14951e+06 7.89561e+06 1.32744e+06 6201.26 -63.457 -8.6548
1010000 FRAC0_S 0 1 30085.9 -14348.5 7762.62 1.83925e+06 7.62445e+06 2.60158e+06 6381.78 -60.5169 -15.2845
1010000 FRAC0_S 0 1 29833.9 -14233.5 7899.62 1.13918e+06 7.13089e+06 3.14682e+06 5963.87 -60.1348 -18.992
1010000 FRAC0_S 0 1 29598.1 -14193.6 8095.38 2.50158e+07 -1.48934e+07 -1.22903e+07 95619.9 34.2459 16.5356
Step FractureNumber TipNr TipActive TipX TipY TipZ KI KII KIII G Phi Psi Extension
1010101 FRAC0_S 0 1 29338 -14211.1 8291.24 -1.41569e+07 -5.5029e+06 1.78706e+07 45173.1 19.0226 -29.6586
1010101 FRAC0_S 0 1 29174.1 -14354.6 8541.95 8.26202e+06 2.76313e+07 1.5831e+07 107450 -54.8123 -20.7818
1010101 FRAC0_S 0 1 29102.3 -14535.4 8808.45 1.41193e+07 7.50478e+06 3.18969e+06 24136.4 -35.9391 -9.48126
1010101 FRAC0_S 0 1 29117.6 -14760.2 9054.4 3.92736e+06 2.65182e+06 6.80894e+06 8167.19 -24.9839 -31.1337
1010101 FRAC0_S 0 1 29232.1 -15004 9255.61 4.30103e+06 4.44389e+06 9.37667e+06 15101.8 -30.1222 -31.5244
1010101 FRAC0_S 0 1 29433.9 -15245.2 9377.44 2.41934e+06 -1.53202e+06 8.48064e+06 10296.2 16.1895 -37.8522
1010101 FRAC0_S 0 1 29684.3 -15465.5 9398.29 3.79697e+06 -3.09929e+06 6.48951e+06 7741.78 28.6624 -30.0587
1010101 FRAC0_S 0 1 29954.5 -15639.9 9326.33 7.33382e+06 -3.8251e+06 4.68985e+06 9021.88 29.7115 -20.1916
1010101 FRAC0_S 0 1 30223.7 -15749.3 9179.35 2.35881e+07 -2.88801e+07 1.17052e+07 142126 48.8275 -13.1293
1010101 FRAC0_S 0 1 30470.2 -15785.1 8973.69 8.09067e+06 -2.36777e+06 1.16551e+06 6513.29 25.6131 -7.48912
1010101 FRAC0_S 0 1 30676.4 -15748.1 8726.98 9.00362e+06 -2.76407e+06 -352994 7921.1 28.2861 2.24363
1010101 FRAC0_S 0 1 30824.3 -15649.6 8450.57 6.8627e+06 -3.09743e+06 -3.20486e+06 6417.78 29.064 17.0325
1010101 FRAC0_S 0 1 30877.9 -15500.2 8158.38 5.30545e+06 -1.5459e+06 -4.34987e+06 5237.75 17.9884 25.3138
1010101 FRAC0_S 0 1 30822.6 -15297.7 7897.24 1.11377e+07 3.35646e+06 452488 12085.1 -27.9087 -2.33109
1010101 FRAC0_S 0 1 30693.7 -15050.2 7717.43 2.29554e+07 5.77476e+06 8.92296e+06 60517.6 -19.8249 -16.631
1010101 FRAC0_S 0 1 30515.1 -14792.7 7624.65 1.37892e+07 1.40472e+06 5.10128e+06 20580.4 -9.35469 -17.5207
1010101 FRAC0_S 0 1 30292.3 -14557.3 7610.58 1.0495e+07 1.44583e+06 2.73327e+06 10995 -13.1145 -13.3837
1010101 FRAC0_S 0 1 30039.1 -14367.8 7677.05 8.87436e+06 1.65802e+06 -1.61293e+06 7608.76 -17.8076 9.77661
1010101 FRAC0_S 0 1 29792.9 -14218.7 7837.36 8.32351e+06 1.00323e+07 -969234 15267.3 -53.8138 3.82902
1010101 FRAC0_S 0 1 29562.4 -14147 8060.35 6.41232e+06 1.05171e+07 -3.82711e+06 15468.5 -52.9652 13.2598