
Step FractureNumber TipNr TipActive TipX TipY TipZ KI KII KIII G Phi Psi Extension
1010000 FRAC0_S 0 1 -29609.6 -14584.1 7693.69 -2.01501e+07 -4.55417e+06 -7.15535e+06 8657.67 18.5819 15.8535
1010000 FRAC0_S 0 1 -29846.7 -14391 7737.68 -1.95224e+07 -946076 -7.693e+06 7951 4.62426 18.845
1010000 FRAC0_S 0 1 -30098.9 -14257.5 7856.29 -1.84525e+07 3.11011e+06 -6.89209e+06 7179.57 -14.4658 16.9566
1010000 FRAC0_S 0 1 -30341.4 -14196.5 8037.91 -1.22754e+07 4.52139e+06 -3.55587e+06 3503.35 -27.6467 12.6203
1010000 FRAC0_S 0 1 -30550.5 -14214.4 8264.77 8.76135e+06 174170 2.07991e+06 7418.26 -2.1961 -13.5513
1010000 FRAC0_S 0 1 -30705.6 -14309 8514.65 -3.51561e+07 1.11417e+07 7.5534e+06 18650.1 -25.9693 -10.2914
1010000 FRAC0_S 0 1 -30791.7 -14471.3 8763.09 -7.62761e+06 1.9899e+06 4.99994e+06 3677.77 -17.7612 -22.8191
1010000 FRAC0_S 0 1 -30800.3 -14685.4 8985.79 -2.86107e+06 -4.29671e+06 5.57272e+06 5775.46 39.2778 -27.8207
1010000 FRAC0_S 0 1 -30730.6 -14930.2 9160.93 714156 -1.15577e+07 4.71537e+06 14905.9 62.8488 -19.1088
1010000 FRAC0_S 0 1 -30589.4 -15181.9 9271.37 2.02356e+06 -1.28588e+07 1.70571e+06 15486 66.462 -7.67163
1010000 FRAC0_S 0 1 -30390.4 -15415.9 9306.31 2.3452e+06 -1.31226e+07 -1.4158e+06 16101.7 66.5264 6.30877
1010000 FRAC0_S 0 1 -30153.3 -15609 9262.32 1.44519e+06 -1.18214e+07 -4.27535e+06 15069.8 62.5558 17.0501
1010000 FRAC0_S 0 1 -29901.1 -15742.5 9143.71 104069 -6.36406e+06 -4.05989e+06 5802.24 59.0499 25.1715
1010000 FRAC0_S 0 1 -29658.6 -15803.5 8962.09 -3.4834e+06 -5.97994e+06 -5.25102e+06 6853.78 45.3349 23.6328
1010000 FRAC0_S 0 1 -29451.9 -15786.4 8738.32 -4.14023e+06 -2.45737e+06 -3.07046e+06 1792 31.0621 21.4434
1010000 FRAC0_S 0 1 -29294.4 -15691 8485.35 5.32239e+06 1.3728e+06 -6.06734e+06 7588.31 -14.2492 29.6231
1010000 FRAC0_S 0 1 -29208.3 -15528.7 8236.91 -1.43833e+07 -5.36527e+06 -2.62976e+06 3484.91 29.5417 8.71035
1010000 FRAC0_S 0 1 -29199.7 -15314.6 8014.21 -1.65562e+07 119877 -6.43498e+06 5508.68 -0.724294 19.1597
1010000 FRAC0_S 0 1 -29269.4 -15069.8 7839.07 -4.63267e+07 -1.15158e+07 -7.91804e+06 20155.7 22.3698 8.91333
1010000 FRAC0_S 0 1 -29410.6 -14818.1 7728.63 -1.4063e+07 -5.19142e+06 -4.05744e+06 4591.14 27.7057 12.5762
Step FractureNumber TipNr TipActive TipX TipY TipZ KI KII KIII G Phi Psi Extension
1010101 FRAC0_S 0 1 -29556.6 -14527.7 7635.56 -3.09254e+07 -1.30158e+07 -1.09528e+07 31051.4 29.2597 14.2493
1010101 FRAC0_S 0 1 -29828.7 -14328.7 7667.41 -1.94459e+07 -2.88545e+06 -8.68755e+06 10779.9 12.4174 19.2571
1010101 FRAC0_S 0 1 -30120.2 -14200.4 7782.4 -1.83027e+07 7.09469e+06 -8.14042e+06 13298.7 -26.4835 16.9883
1010101 FRAC0_S 0 1 -30390.6 -14140 7977.91 -1.56365e+07 1.56506e+07 -179532 21831 -52.3156 0.443953
1010101 FRAC0_S 0 1 -30616.1 -14155 8228.71 -1.18642e+07 1.0051e+07 -1.08611e+06 9158.93 -47.8101 3.60956
1010101 FRAC0_S 0 1 -30788.3 -14262.5 8498.1 -9.27217e+06 1.00562e+07 -446225 9038.01 -53.0929 1.74331
1010101 FRAC0_S 0 1 -30867.6 -14429.9 8779.63 -4.23955e+06 476807 5.79644e+06 4488.88 -6.2057 -32.9746
1010101 FRAC0_S 0 1 -30832.6 -14632.8 9045.52 4.50057e+06 -5.67354e+06 5.68902e+06 8977.84 41.1176 -23.7289
1010101 FRAC0_S 0 1 -30721.1 -14876.3 9241.57 1.28526e+07 -3.24759e+06 3.48972e+06 17279.5 21.2853 -12.8476
1010101 FRAC0_S 0 1 -30561.2 -15136.5 9355.28 1.81541e+07 -2.78771e+06 1.1926e+06 30249.9 16.5219 -4.10682
1010101 FRAC0_S 0 1 -30353.6 -15380.6 9391.78 1.7605e+07 -1.17791e+06 -2.50265e+06 28574.9 7.53305 8.71469
1010101 FRAC0_S 0 1 -30108.3 -15585.8 9347.85 1.38246e+07 -1.56943e+06 -5.25097e+06 20917.4 10.2383 17.7041
1010101 FRAC0_S 0 1 -29846.5 -15735.4 9225.42 8.94944e+06 -162686 -6.4571e+06 12684.7 1.45524 26.6731
1010101 FRAC0_S 0 1 -29593 -15818.4 9032.37 3.61351e+06 -5.18656e+06 -7.21029e+06 10475.1 38.007 28.4345
1010101 FRAC0_S 0 1 -29380.7 -15829.4 8774.91 -854466 -3.8693e+06 -6.95217e+06 7762.35 38.7073 34.7437
1010101 FRAC0_S 0 1 -29222.9 -15746.1 8491.4 -9.96567e+06 -4.02608e+06 -3.69652e+06 3261.76 28.2393 14.8593
1010101 FRAC0_S 0 1 -29125.3 -15566.3 8223.16 -1.3464e+07 -6.6413e+06 -2.1508e+06 4545.61 35.5434 7.22964
1010101 FRAC0_S 0 1 -29112.3 -15332 7981.05 -1.64809e+07 -1.12806e+07 -2.60728e+06 12243.5 42.345 6.45337
1010101 FRAC0_S 0 1 -29184.2 -15059.3 7796.07 -1.53243e+07 -1.11211e+07 -2.73151e+06 12013.4 43.1927 7.01303
1010101 FRAC0_S 0 1 -29334.2 -14778.1 7682.76 -3.90717e+06 -1.51366e+07 -3.30448e+06 21869 62.7108 10.8118