
Step FractureNumber TipNr TipActive TipX TipY TipZ KI KII KIII G Phi Psi Extension
1010000 FRAC0_S 0 1 15665.1 44272.3 8562.57 1.43547e+06 101069 -265082 193.873 -7.63355 10.7621
1010000 FRAC0_S 0 1 15770.1 44407.5 8322.53 1.42458e+06 138545 -251010 190.932 -10.2835 10.1606
1010000 FRAC0_S 0 1 15806.4 44605.5 8088.12 1.5147e+06 232280 -254066 217.84 -15.3079 9.37141
1010000 FRAC0_S 0 1 15763.8 44842.2 7894.03 1.42578e+06 435427 -56320.4 198.464 -28.1813 2.2625
1010000 FRAC0_S 0 1 15646.5 45094.3 7759.26 1.6702e+06 433412 -176823 269.475 -24.0795 5.84964
1010000 FRAC0_S 0 1 15446.6 45358.5 7694.82 1.65649e+06 728360 -320750 305.47 -32.6157 8.78316
1010000 FRAC0_S 0 1 15239.6 45547.1 7713.33 1.67757e+06 509979 37272.6 274.137 -28.4132 -1.29748
1010000 FRAC0_S 0 1 14990 45703.3 7806.67 1.72532e+06 508251 180539 292.61 -26.372 -5.64867
1010000 FRAC0_S 0 1 14741.3 45790.8 7967.88 1.65498e+06 343487 256818 263.353 -19.6987 -8.45425
1010000 FRAC0_S 0 1 14517.9 45800.9 8181.18 1.52133e+06 279997 307536 225.806 -17.354 -10.6729
1010000 FRAC0_S 0 1 14341.7 45732.6 8425.69 1.4593e+06 -37402.2 322447 203.719 2.84884 -12.7888
1010000 FRAC0_S 0 1 14229.9 45592.5 8677.47 1.40264e+06 -246398 273723 190.691 16.7912 -10.4352
1010000 FRAC0_S 0 1 14193.6 45394.5 8911.88 958271 -294302 126584 91.6776 26.6874 -6.88113
1010000 FRAC0_S 0 1 14236.2 45157.8 9105.97 1.27344e+06 -432281 59116.6 161.621 30.092 -2.57573
1010000 FRAC0_S 0 1 14353.5 44905.7 9240.74 1.20429e+06 -435609 -54013.1 146.534 31.3734 2.45361
1010000 FRAC0_S 0 1 14534.1 44662.8 9303.01 1.07866e+06 -354660 -171830 118.816 27.5158 7.97164
1010000 FRAC0_S 0 1 14760.4 44452.9 9286.67 1.15979e+06 -274262 -232152 133.733 21.1478 10.2271
1010000 FRAC0_S 0 1 15010 44296.7 9193.33 1.18253e+06 -161566 -268232 136.505 13.326 12.063
1010000 FRAC0_S 0 1 15258.7 44209.2 9032.12 1.14764e+06 -41571.8 -249107 125.771 3.98796 12.5192
1010000 FRAC0_S 0 1 15482.1 44199.1 8818.82 992357 226096 -161512 95.7777 -21.0588 8.67712
Step FractureNumber TipNr TipActive TipX TipY TipZ KI KII KIII G Phi Psi Extension
1010101 FRAC0_S 0 1 15710.3 44185.4 8569.55 1.44553e+06 -193853 -334835 204.459 13.072 12.2799
1010101 FRAC0_S 0 1 15833.7 44339.1 8294.62 1.83292e+06 -74879.1 -293919 311.362 4.68035 9.82454
1010101 FRAC0_S 0 1 15865 44550.9 8033.06 1.7268e+06 -197712 -228630 276.146 12.2653 7.91031
1010101 FRAC0_S 0 1 15809.2 44804.3 7816.48 1.752e+06 -340610 -208441 289.642 19.1895 6.79485
1010101 FRAC0_S 0 1 15677 45075.9 7668 1.90013e+06 -269051 -278052 338.466 14.5456 8.43626
1010101 FRAC0_S 0 1 15477.7 45337.6 7599.8 1.53497e+06 -308048 -89935.3 219.488 20.5334 3.55769
1010101 FRAC0_S 0 1 15232.1 45566.6 7617.53 1.90662e+06 -376158 -39360.7 336.748 20.8415 1.31263
1010101 FRAC0_S 0 1 14964.1 45741.7 7720.47 2.05921e+06 -288484 106434 386.781 15.4898 -3.32073
1010101 FRAC0_S 0 1 14696.6 45843.4 7898.65 1.85752e+06 -204423 205982 316.831 12.0504 -6.81204
1010101 FRAC0_S 0 1 14459 45864.2 8138.46 1.82196e+06 -164620 322110 312.019 9.62672 -10.2402
1010101 FRAC0_S 0 1 14279.5 45804.6 8419.82 1.67458e+06 24579.9 287703 260.948 -1.72125 -10.6027
1010101 FRAC0_S 0 1 14173.3 45664.3 8709.04 1.26973e+06 -196926 13289 147.143 17.3895 -0.697732
1010101 FRAC0_S 0 1 14146.1 45454.6 8972.45 1.48265e+06 235621 282405 211.441 -15.517 -10.3526
1010101 FRAC0_S 0 1 14199 45200.1 9186.3 1.40463e+06 165925 17765.3 178.307 -13.8613 -0.868298
1010101 FRAC0_S 0 1 14327.3 44926.4 9332.99 1.34275e+06 141745 -102514 163.85 -11.9459 4.90078
1010101 FRAC0_S 0 1 14519.6 44658.8 9399.71 1.35088e+06 120744 -192042 168.82 -9.79208 8.56405
1010101 FRAC0_S 0 1 14759.2 44422.7 9379.33 987022 89923.1 -170568 91.4021 -9.72776 10.0478
1010101 FRAC0_S 0 1 15024.3 44242 9272.35 876027 75894.7 -182085 73.308 -9.05612 11.6735
1010101 FRAC0_S 0 1 15283.6 44133.1 9083.74 1.39666e+06 -94513.7 -228541 181.566 7.48282 9.78296
1010101 FRAC0_S 0 1 15516.7 44111.6 8837.89 1.40099e+06 -305880 -308587 195.904 19.6351 11.169