
Step FractureNumber TipNr TipActive TipX TipY TipZ KI KII KIII G Phi Psi Extension
1010000 FRAC0_S 0 1 30000 15987.2 8471.27 -3.40104e+06 6.88181e+06 -9.86494e+06 17163.4 -39.6526 30.2797
1010000 FRAC0_S 0 1 30000 15947.8 8777.76 4.76519e+06 1.50397e+07 -6.73296e+06 28208.7 -56.8592 17.6653
1010000 FRAC0_S 0 1 30000 15815.6 9057.06 1.14939e+07 2.23194e+07 -1.87482e+06 56630.5 -60.1773 4.00653
1010000 FRAC0_S 0 1 30000 15603.5 9281.83 1.33922e+07 1.71153e+07 3.92389e+06 44133.2 -52.2953 -8.46048
1010000 FRAC0_S 0 1 30000 15332.4 9430.08 2.49241e+07 2.20345e+07 1.25156e+07 119454 -42.26 -14.9527
1010000 FRAC0_S 0 1 30000 15028.7 9487.27 2.10573e+07 1.43544e+07 1.45694e+07 86104.7 -34.4339 -19.9328
1010000 FRAC0_S 0 1 30000 14722.2 9447.82 1.61657e+07 5.64962e+06 1.30091e+07 48640 -20.87 -24.5328
1010000 FRAC0_S 0 1 30000 14442.9 9315.6 2.04064e+07 1.0208e+06 1.94981e+07 87763.5 -3.44847 -29.6711
1010000 FRAC0_S 0 1 30000 14218.2 9103.54 1.1759e+07 -2.98078e+06 1.50162e+07 43102.9 13.322 -30.9583
1010000 FRAC0_S 0 1 30000 14070 8832.4 4.32536e+07 -1.89953e+07 2.16079e+07 260965 28.1211 -17.9077
1010000 FRAC0_S 0 1 30000 14012.8 8528.73 -2.31863e+06 -6.64492e+06 1.23412e+07 24191.2 36.8562 -34.1098
1010000 FRAC0_S 0 1 30000 14052.2 8222.24 3.10494e+06 -1.54296e+07 1.42553e+07 49101 50.3786 -27.6731
1010000 FRAC0_S 0 1 30000 14184.4 7942.94 -5.15964e+07 4.17745e+06 1.74785e+07 42186.3 -7.7563 -16.7325
1010000 FRAC0_S 0 1 30000 14396.5 7718.17 -2.19346e+07 -2.22846e+07 1.42617e+07 71304.1 43.1837 -17.0592
1010000 FRAC0_S 0 1 30000 14653.8 7574.86 6.26293e+06 -9.35423e+06 -3.02207e+06 12507.2 52.6298 11.779
1010000 FRAC0_S 0 1 30000 14971.3 7512.73 -2.36482e+07 -1.38993e+07 4.49363e+06 19900.8 38.6343 -7.96013
1010000 FRAC0_S 0 1 30000 15277.8 7552.18 -5.26146e+07 -2.64117e+07 9.0479e+06 73049.4 35.6883 -7.66471
1010000 FRAC0_S 0 1 30000 15557.1 7684.4 -2.10256e+07 -1.37293e+07 -3.41509e+06 18347.9 41.3001 6.71454
1010000 FRAC0_S 0 1 30000 15781.8 7896.46 -4.71086e+07 -2.10663e+07 2.29261e+06 40245.1 35.5971 -2.50275
1010000 FRAC0_S 0 1 30000 15930 8167.6 -9.17125e+06 -2.09039e+06 -9.25901e+06 11791.4 13.5351 28.4756
Step FractureNumber TipNr TipActive TipX TipY TipZ KI KII KIII G Phi Psi Extension
1010101 FRAC0_S 0 1 29953 16061.8 8465.82 6.73468e+06 6.32306e+06 -8.45878e+06 17120.6 -35.0966 25.5639
1010101 FRAC0_S 0 1 29920.5 16003.5 8791.91 3.01363e+07 921958 -1.25757e+07 102039 -2.92686 19.7392
1010101 FRAC0_S 0 1 29916 15858.6 9087.03 2.36323e+07 -1.13698e+06 449697 49908.8 6.16953 -1.38038
1010101 FRAC0_S 0 1 29921.9 15638.7 9330.47 3.6383e+07 725536 2.0648e+06 118571 -2.56895 -4.01964
1010101 FRAC0_S 0 1 29932.5 15354.8 9497.63 2.96483e+07 -4.30378e+06 1.32505e+07 103332 12.1828 -19.2954
1010101 FRAC0_S 0 1 29946 15029.6 9568.33 2.7452e+07 -3.20563e+06 1.54314e+07 99741.3 9.39879 -22.4163
1010101 FRAC0_S 0 1 29966.5 14695.6 9533.88 2.19904e+07 -3.53417e+06 1.428e+07 71326 11.8785 -23.7355
1010101 FRAC0_S 0 1 29993.8 14388.9 9394.1 1.05763e+07 -1.29632e+07 7.92378e+06 33292.7 45.7987 -17.5507
1010101 FRAC0_S 0 1 30021.8 14144.8 9161.3 1.54018e+07 -1.64441e+06 1.25683e+07 42388.2 7.55796 -27.1592
1010101 FRAC0_S 0 1 30044.4 13989.2 8862.69 2.88473e+07 -4.03744e+06 8.75852e+06 85809.8 12.9154 -14.9454
1010101 FRAC0_S 0 1 30061.1 13936.7 8532.83 7.91182e+06 -6.24561e+06 1.11365e+07 25549 30.301 -27.9451
1010101 FRAC0_S 0 1 30050.1 13981.2 8199.88 -112219 -9.45338e+06 7.26967e+06 14992.2 56.5416 -27.5281
1010101 FRAC0_S 0 1 30029.6 14117 7896.08 -1.32642e+07 -1.29296e+07 8.88068e+06 25386.2 42.0963 -17.6336
1010101 FRAC0_S 0 1 30050.7 14348.6 7661.05 270520 -1.49323e+07 5.50355e+06 23904.1 64.5568 -18.4004
1010101 FRAC0_S 0 1 30072.5 14645.7 7507.4 -6.08547e+06 -2.19251e+07 5.98789e+06 47604.8 61.1725 -12.7139
1010101 FRAC0_S 0 1 30065.7 14970.7 7439.91 -8.51171e+06 -2.36265e+07 3.66144e+06 51525.4 61.9063 -7.63231
1010101 FRAC0_S 0 1 30061.3 15299.2 7478.17 -9.09009e+06 -2.38539e+07 1.79134e+06 51130.9 63.1305 -3.93479
1010101 FRAC0_S 0 1 30062.2 15600 7621.48 -3.14347e+07 -4.86059e+07 1.0113e+07 224127 55.1329 -8.33442
1010101 FRAC0_S 0 1 30051.4 15847.5 7847.93 -6.12581e+06 -1.12537e+07 -5.60999e+06 15471.1 51.7583 17.0688
1010101 FRAC0_S 0 1 30010.3 16011.2 8138.25 -5.38287e+06 -2.1248e+06 -9.79085e+06 13151.8 16.1402 33.576