
Step FractureNumber TipNr TipActive TipX TipY TipZ KI KII KIII G Phi Psi Extension
1010000 FRAC0_S 0 1 -14323.9 719.942 8500 -5.99819e+06 -2.06171e+06 2.22951e+06 1039.88 25.2416 -15.3517
1010000 FRAC0_S 0 1 -14579.4 893.655 8500 -28655.1 -2.29191e+06 1.12641e+06 636.831 62.1398 -21.9651
1010000 FRAC0_S 0 1 -14876.1 979.89 8500 -13574 -2.79685e+06 587067 742.888 67.8122 -12.4927
1010000 FRAC0_S 0 1 -15185 970.208 8500 -36395.9 -2.15294e+06 -11841.3 413.057 69.9664 0.418649
1010000 FRAC0_S 0 1 -15475.7 865.554 8500 -41877.2 -2.6669e+06 -616919 684.4 67.2532 13.3335
1010000 FRAC0_S 0 1 -15719.9 676.174 8500 2833.78 -1.81124e+06 -921617 405.301 62.0066 22.5319
1010000 FRAC0_S 0 1 -15893.7 420.606 8500 -55504.3 -1.67547e+06 -1.60501e+06 592.766 52.6565 29.8887
1010000 FRAC0_S 0 1 -15979.9 123.865 8500 -108867 -936662 -2.02242e+06 622.173 36.218 37.0779
1010000 FRAC0_S 0 1 -15970.2 -185 8500 27787.4 -64141.7 -1.99557e+06 530.079 4.23564 44.4075
1010000 FRAC0_S 0 1 -15865.5 -475.757 8500 -8292.73 1.00484e+06 -2.00294e+06 623.536 -38.8728 37.2455
1010000 FRAC0_S 0 1 -15676.1 -719.942 8500 5.64226e+06 901321 -621031 2960.51 -16.5044 6.51312
1010000 FRAC0_S 0 1 -15420.6 -893.655 8500 -8638.02 2.30936e+06 -1.14155e+06 648.555 -62.2626 22.1446
1010000 FRAC0_S 0 1 -15123.9 -979.89 8500 1823.87 2.70047e+06 -571516 693.278 -67.8531 12.6109
1010000 FRAC0_S 0 1 -14815 -970.208 8500 67.0792 2.84168e+06 4145.55 719.581 -69.9998 -0.113551
1010000 FRAC0_S 0 1 -14524.3 -865.554 8500 2868.19 2.67093e+06 604881 684.36 -67.5948 -13.267
1010000 FRAC0_S 0 1 -14292.4 -689.301 8500 -19864.6 2.25375e+06 1.15325e+06 629.513 -61.7968 -22.5121
1010000 FRAC0_S 0 1 -14106.3 -420.606 8500 -3055.27 1.62715e+06 1.57762e+06 566.954 -53.0034 -30.3789
1010000 FRAC0_S 0 1 -14020.1 -123.865 8500 -12814.2 866126 1.87508e+06 534.465 -37.1058 -37.809
1010000 FRAC0_S 0 1 -14029.8 185 8500 4.97823e+06 -135273 762578 2287.37 3.18584 -9.56679
1010000 FRAC0_S 0 1 -14134.5 475.757 8500 224849 -1.10952e+06 2.16671e+06 738.587 37.337 -35.6328
Step FractureNumber TipNr TipActive TipX TipY TipZ KI KII KIII G Phi Psi Extension
1010101 FRAC0_S 0 1 -14270.4 773.053 8558.59 3.55706e+06 -1.62832e+06 -159012 1367.11 36.1569 2.29153
1010101 FRAC0_S 0 1 -14552.7 940.648 8578.01 2.79154e+06 -1.3684e+06 455107 888.813 35.357 -7.37096
1010101 FRAC0_S 0 1 -14870.4 1017.61 8591.88 3.02698e+06 -589332 -463935 876.058 18.7606 8.44216
1010101 FRAC0_S 0 1 -15191.7 1004.87 8593.18 2.16529e+06 -474875 -799521 522.903 17.9939 16.3474
1010101 FRAC0_S 0 1 -15495.2 898.943 8591.68 1.7703e+06 -347941 -1.11072e+06 454.138 14.2731 22.9262
1010101 FRAC0_S 0 1 -15755.5 707.17 8587.08 2.44623e+06 4.45626e+06 -991577 2433.57 -56.7242 9.27694
1010101 FRAC0_S 0 1 -15949.6 444.084 8576.59 942040 -147608 -1.54388e+06 398.037 7.62703 34.3854
1010101 FRAC0_S 0 1 -16058.1 130.712 8551.26 613335 91349 -1.67199e+06 406.072 -5.27759 38.5409
1010101 FRAC0_S 0 1 -16056.2 -201.186 8502.77 832323 -209636 -1.93143e+06 561.794 9.5226 36.7425
1010101 FRAC0_S 0 1 -15940.6 -516.649 8463.36 676405 924784 -1.5104e+06 420.391 -35.4257 30.0864
1010101 FRAC0_S 0 1 -15731 -774.789 8447.98 1.65907e+06 1.7668e+06 -1.56464e+06 849.038 -40.7908 21.2111
1010101 FRAC0_S 0 1 -15448.1 -941.534 8425.48 2.84094e+06 1.54041e+06 -642062 985.475 -36.3482 9.43038
1010101 FRAC0_S 0 1 -15129.5 -1017.52 8408.07 3.31149e+06 3.71583e+06 848980 2303.41 -50.4683 -8.02414
1010101 FRAC0_S 0 1 -14808.4 -1004.71 8406.75 2.31052e+06 417811 929650 606.216 -15.0774 -17.6917
1010101 FRAC0_S 0 1 -14504.9 -898.743 8408.25 1.95759e+06 328497 1.38555e+06 606.429 -11.9653 -24.7352
1010101 FRAC0_S 0 1 -14244.6 -707.108 8412.86 1.49257e+06 -1.0221e+06 1.71724e+06 683.812 29.7298 -26.2173
1010101 FRAC0_S 0 1 -14050.7 -444.008 8422.95 678260 97897 1.1675e+06 223.135 -6.87386 -34.9458
1010101 FRAC0_S 0 1 -13942.4 -130.597 8451.26 681330 2362.06 1.69506e+06 423.505 -0.138948 -38.8249
1010101 FRAC0_S 0 1 -13943.6 201.425 8502.85 766370 -441995 1.93966e+06 570.127 18.2766 -35.5316
1010101 FRAC0_S 0 1 -14059.6 516.063 8542.38 881044 -879736 1.75855e+06 549.439 30.6221 -30.7357