
Step FractureNumber TipNr TipActive TipX TipY TipZ KI KII KIII G Phi Psi Extension
1010000 FRAC0_S 0 1 -15016.2 -29293.7 7809.85 -1.51817e+07 -5.11956e+06 1.80486e+06 2768.81 28.6683 -6.14835
1010000 FRAC0_S 0 1 -15264.6 -29207.9 7972.55 -1.69063e+07 -4.0469e+06 1.62469e+06 1810.46 22.8449 -5.44196
1010000 FRAC0_S 0 1 -15487.1 -29199.8 8186.88 -1.18188e+07 -2.18198e+06 900450 532.092 18.9992 -4.59289
1010000 FRAC0_S 0 1 -15661.9 -29270 8431.86 -1.23351e+07 -905538 2.79464e+06 1111.8 7.68281 -12.5916
1010000 FRAC0_S 0 1 -15771.9 -29411.7 8683.51 -8.07199e+06 -871558 4.41101e+06 2655.47 8.83867 -22.1632
1010000 FRAC0_S 0 1 -15806.3 -29610.9 8917.2 -4.389e+06 -2.65135e+06 5.9967e+06 5409.14 25.5767 -28.8959
1010000 FRAC0_S 0 1 -15761.8 -29848.2 9110.04 -1.32836e+06 -6.0351e+06 6.85286e+06 9491.5 46.8175 -29.9312
1010000 FRAC0_S 0 1 -15642.8 -30100.5 9243.17 1.1709e+06 -1.00912e+07 6.46107e+06 14748.7 57.0196 -24.0495
1010000 FRAC0_S 0 1 -15460.8 -30342.8 9303.56 2.73692e+06 -1.3998e+07 4.42027e+06 20726.7 61.9878 -14.857
1010000 FRAC0_S 0 1 -15233.8 -30551.6 9285.29 2.71145e+06 -1.46509e+07 1.24022e+06 19987 66.8413 -5.05354
1010000 FRAC0_S 0 1 -14983.8 -30706.3 9190.15 -1.76814e+07 -8.12481e+06 -4.40111e+06 8458.55 32.5915 10.6638
1010000 FRAC0_S 0 1 -14735.4 -30792.1 9027.45 1.2195e+06 -1.4279e+06 483625 345.318 49.2882 -11.2607
1010000 FRAC0_S 0 1 -14512.9 -30800.2 8813.12 -6.0064e+06 -2.88433e+06 -4.37521e+06 3287.28 27.1302 22.1355
1010000 FRAC0_S 0 1 -14338.1 -30730 8568.14 2.05106e+07 -5.34359e+06 2.45245e+06 40831.7 23.934 -6.51011
1010000 FRAC0_S 0 1 -14228.1 -30588.3 8316.49 -1.33616e+07 4.09109e+06 -421010 1515.01 -28.3772 1.81896
1010000 FRAC0_S 0 1 -14193.7 -30389.1 8082.8 -1.17456e+07 2.98073e+06 1.9629e+06 1304.17 -22.7713 -8.71744
1010000 FRAC0_S 0 1 -14238.2 -30151.8 7889.96 -1.88767e+07 1.68729e+06 4.88013e+06 3421.18 -8.97606 -13.7463
1010000 FRAC0_S 0 1 -14357.2 -29899.5 7756.83 -1.55941e+07 -1.8728e+06 4.72471e+06 3281.49 11.3164 -15.1107
1010000 FRAC0_S 0 1 -14539.2 -29657.2 7696.44 -2.0306e+07 -4.28141e+06 5.22261e+06 5261.09 18.6633 -12.6525
1010000 FRAC0_S 0 1 -14766.2 -29448.4 7714.71 -2.12394e+07 -6.95596e+06 4.33761e+06 6814 26.7337 -9.81308
Step FractureNumber TipNr TipActive TipX TipY TipZ KI KII KIII G Phi Psi Extension
1010101 FRAC0_S 0 1 -14991.9 -29205.3 7775.09 -1.38791e+07 -1.4026e+07 1.70182e+06 17915.8 50.6137 -4.37445
1010101 FRAC0_S 0 1 -15266.1 -29113.3 7947.96 -1.02413e+07 -7.07852e+06 659706 4522.78 44.268 -2.81756
1010101 FRAC0_S 0 1 -15516.2 -29107.9 8174.81 -1.27993e+07 -5.31522e+06 1.11301e+06 2682.26 33.3521 -4.40456
1010101 FRAC0_S 0 1 -15715.2 -29188.8 8436.32 -1.05391e+07 -1.62429e+06 2.73069e+06 1226.84 14.4353 -13.1913
1010101 FRAC0_S 0 1 -15832.8 -29342.4 8713.1 -8.66706e+06 -214534 2.64199e+06 932.455 2.58211 -16.1483
1010101 FRAC0_S 0 1 -15850.4 -29550.6 8976.6 -333174 -1.82065e+06 5.41453e+06 4194.57 29.6277 -38.9124
1010101 FRAC0_S 0 1 -15776 -29796.1 9190.33 6.64118e+06 -2.56428e+06 8.59446e+06 14340.2 18.7158 -29.9679
1010101 FRAC0_S 0 1 -15631.6 -30057.2 9331.26 1.17447e+07 -1.55729e+06 7.92792e+06 20867 9.89286 -24.5258
1010101 FRAC0_S 0 1 -15432.1 -30307 9391.59 1.76311e+07 -2.62086e+06 5.5599e+06 32423.8 13.4935 -15.2702
1010101 FRAC0_S 0 1 -15196.4 -30534.6 9372.25 1.60777e+07 -3.13413e+06 2.33504e+06 24634.6 18.8829 -8.06535
1010101 FRAC0_S 0 1 -14941.2 -30715.3 9275.87 1.40744e+07 -6.79702e+06 -1.53667e+06 22082.6 36.0254 5.19378
1010101 FRAC0_S 0 1 -14679.1 -30815 9102.87 7.90198e+06 -7.05865e+06 -4.35667e+06 12528.4 41.8103 15.913
1010101 FRAC0_S 0 1 -14441.4 -30836.2 8867.47 2.12042e+06 -7.51244e+06 -8.31212e+06 14618.9 46.3412 29.0493
1010101 FRAC0_S 0 1 -14268 -30783.5 8585.7 -7.2577e+06 -836272 -4.218e+06 2428.59 9.18633 22.8491
1010101 FRAC0_S 0 1 -14173.1 -30654 8286.71 -3.09512e+07 1.91997e+07 -9.14814e+06 43979 -37.9906 11.2478
1010101 FRAC0_S 0 1 -14140.1 -30444.4 8023.7 -1.29569e+07 9.0111e+06 2.73958e+06 8233.92 -41.7484 -8.24293
1010101 FRAC0_S 0 1 -14172.6 -30173.2 7824.01 -1.95489e+07 2.05998e+06 8.65737e+06 10346.5 -9.20441 -19.6111
1010101 FRAC0_S 0 1 -14287.2 -29882.2 7693.44 -1.8727e+07 -4.23846e+06 6.52041e+06 7255.42 18.6779 -15.6349
1010101 FRAC0_S 0 1 -14477.3 -29607.2 7640.27 -1.7449e+07 -1.04707e+07 5.51344e+06 13812.6 36.9799 -11.9655
1010101 FRAC0_S 0 1 -14720.5 -29375.1 7669.14 -1.15622e+07 -1.86316e+07 3.54701e+06 32606.7 55.9632 -7.83507