
Step FractureNumber TipNr TipActive TipX TipY TipZ KI KII KIII G Phi Psi Extension
1010000 FRAC0_S 0 1 -136.633 -14243.4 7880.01 -1.98066e+06 -172787 -1.88711e+06 476.298 5.85883 29.2311
1010000 FRAC0_S 0 1 -375.548 -14194.2 8069.72 975384 1.6667e+06 -598284 379.92 -53.4904 13.2765
1010000 FRAC0_S 0 1 -577.701 -14223.9 8301.55 2.72306e+07 1.33913e+07 -6.49137e+06 87659.7 -34.1378 10.1205
1010000 FRAC0_S 0 1 -723.306 -14329.5 8552.8 7.81696e+06 906448 3.61444e+06 7255.82 -9.9078 -20.0184
1010000 FRAC0_S 0 1 -798.108 -14500.8 8798.89 1.42848e+07 -1.70688e+06 6.15079e+06 23474.8 10.3761 -19.1206
1010000 FRAC0_S 0 1 -794.785 -14721 9015.72 1.67657e+07 -6.51434e+06 6.64649e+06 34704.8 27.158 -15.6955
1010000 FRAC0_S 0 1 -713.664 -14968.4 9182.07 2.05021e+07 -1.22888e+07 6.29248e+06 56179.1 37.0991 -11.7027
1010000 FRAC0_S 0 1 -562.684 -15219 9281.65 2.09932e+07 -1.42047e+07 2.71291e+06 58231 42.6288 -5.41272
1010000 FRAC0_S 0 1 -356.625 -15448.1 9304.71 3.13418e+07 -2.7724e+07 8.74396e+06 166194 45.5379 -9.50926
1010000 FRAC0_S 0 1 -115.656 -15633.3 9249.01 3.54882e+06 -2.29885e+07 -1.06863e+07 63402.7 59.7628 19.6728
1010000 FRAC0_S 0 1 136.633 -15756.6 9119.99 1.85663e+07 -1.01317e+07 -5.62051e+06 44065.7 35.2304 11.8893
1010000 FRAC0_S 0 1 369.838 -15805.5 8935.74 1.56855e+07 -5.67389e+06 -6.22722e+06 29950.5 25.8334 15.9256
1010000 FRAC0_S 0 1 577.701 -15776.1 8698.45 -3.16013e+07 2.04339e+07 -2.06608e+07 93980.6 -33.8215 19.5027
1010000 FRAC0_S 0 1 723.306 -15670.5 8447.2 7.86485e+06 -249707 -3.37311e+06 7030.79 3.0101 20.0579
1010000 FRAC0_S 0 1 798.108 -15499.2 8201.11 1.38099e+06 -193593 -730264 244.21 11.2653 21.4007
1010000 FRAC0_S 0 1 794.785 -15279 7984.28 -442560 -1.30257e+06 -91287.3 152.3 64.0845 3.7958
1010000 FRAC0_S 0 1 713.664 -15031.6 7817.93 2.52589e+07 -1.91488e+07 -1.10177e+07 105673 40.013 14.2012
1010000 FRAC0_S 0 1 562.684 -14781 7718.35 -4.50456e+06 -3.32009e+06 -216274 988.481 45.8719 2.07407
1010000 FRAC0_S 0 1 356.625 -14551.9 7695.29 2.83599e+06 -8.28477e+06 -4.43462e+06 9448.53 54.7075 19.5547
1010000 FRAC0_S 0 1 115.656 -14366.7 7750.99 -4.5394e+06 -2.39328e+06 -1.86011e+06 970.581 32.9201 15.024
Step FractureNumber TipNr TipActive TipX TipY TipZ KI KII KIII G Phi Psi Extension
1010101 FRAC0_S 0 1 -147.522 -14180.5 7825.59 -1.99015e+06 -391965 -2.11945e+06 611.134 11.6595 29.409
1010101 FRAC0_S 0 1 -432.231 -14164.5 8007.17 -1.01317e+07 -3.27184e+06 -447201 980.513 29.1649 2.484
1010101 FRAC0_S 0 1 -655.883 -14192.7 8257.79 3.36488e+06 -1.349e+06 -256752 1179.87 32.8393 3.94095
1010101 FRAC0_S 0 1 -801.817 -14277.8 8548.26 -6.12684e+06 -1.25342e+07 -5.17191e+06 17557.4 54.2674 15.3725
1010101 FRAC0_S 0 1 -864.48 -14443.6 8836.01 -5.88994e+06 -2.04099e+07 1.89374e+07 84817.1 48.9154 -26.8695
1010101 FRAC0_S 0 1 -840.381 -14670.8 9084.64 1.07577e+07 -1.30013e+07 -13002 25375.2 55.6301 0.0426519
1010101 FRAC0_S 0 1 -737.082 -14931.1 9269.55 2.52655e+07 1.07241e+07 -1.18098e+06 67316.7 -34.5647 2.4449
1010101 FRAC0_S 0 1 -565.814 -15195.8 9377.36 3.29191e+07 1.4512e+06 1.5661e+06 97079.4 -5.53938 -3.33655
1010101 FRAC0_S 0 1 -338.375 -15433.3 9400.2 1.17472e+07 -2.14948e+07 -1.4399e+07 81043.2 48.9159 20.5602
1010101 FRAC0_S 0 1 -78.5346 -15629.6 9338.76 2.56696e+07 8.14585e+06 -3.2337e+06 66020.9 -27.3974 6.55654
1010101 FRAC0_S 0 1 184.777 -15778.9 9200.38 2.55993e+07 5.92751e+06 -4.83603e+06 64637.2 -20.9614 9.78984
1010101 FRAC0_S 0 1 420.504 -15861.7 8979.75 1.06591e+07 1.08284e+06 -8.35983e+06 19523.8 -7.33835 26.7308
1010101 FRAC0_S 0 1 619.816 -15853.2 8706.24 1.28347e+07 -3.67634e+06 -5.60629e+06 20063.7 21.3368 17.6511
1010101 FRAC0_S 0 1 788.133 -15736.8 8437.58 1.37624e+07 -4.92654e+06 -2.86471e+06 20132.1 28.3428 9.78407
1010101 FRAC0_S 0 1 884.186 -15524.7 8198.61 2.49131e+07 -7.81698e+06 -1.19841e+07 79853.4 22.3356 18.5347
1010101 FRAC0_S 0 1 884.081 -15260.2 7990.29 380009 -351366 15203.2 23.9001 50.3841 -1.5747
1010101 FRAC0_S 0 1 801.946 -14990.1 7813.91 -8.04588e+06 1.11322e+06 -9.14203e+06 11226.1 -8.2569 30.729
1010101 FRAC0_S 0 1 643.349 -14725.6 7707.6 8.60682e+06 -1.03435e+07 7.53554e+06 23687 43.9981 -19.5207
1010101 FRAC0_S 0 1 421.196 -14479.7 7683.83 6.42679e+06 -1.00129e+07 298745 12626.4 58.6988 -1.38162
1010101 FRAC0_S 0 1 151.289 -14285.2 7720.72 4.52662e+06 -1.19997e+07 -1.65561e+06 15021.6 61.907 6.82891