
Step FractureNumber TipNr TipActive TipX TipY TipZ KI KII KIII G Phi Psi Extension
1010000 FRAC0_S 0 1 -29032.6 44801 8500 20789.5 -15631.7 -76252 0.833599 18.0756 37.6729
1010000 FRAC0_S 0 1 -29018.4 45109.8 8500 25535.1 -14832.4 -24199.7 0.155596 28.4668 24.5986
1010000 FRAC0_S 0 1 -29100.4 45407.7 8500 29890.5 -4750.97 -27401.5 0.181488 10.3101 28.012
1010000 FRAC0_S 0 1 -29270.4 45665.8 8500 34581 2696.73 -24380.1 0.186264 -5.98927 25.6824
1010000 FRAC0_S 0 1 -29511.8 45858.6 8500 34624.1 20648.1 -24681.4 0.225839 -31.4866 20.9336
1010000 FRAC0_S 0 1 -29801 45967.4 8500 35050 29148.8 -17961 0.228089 -40.8586 15.4745
1010000 FRAC0_S 0 1 -30109.8 45981.6 8500 40797 44959.1 -8566.02 0.338193 -50.8277 6.81153
1010000 FRAC0_S 0 1 -30407.7 45899.6 8500 34604.7 38029.3 -1557.29 0.235904 -53.3698 1.6227
1010000 FRAC0_S 0 1 -30665.8 45729.6 8500 21726.5 33069.7 23997.1 0.216104 -46.4278 -20.6946
1010000 FRAC0_S 0 1 -30858.6 45488.2 8500 33674.3 35891 11405.2 0.233136 -48.3029 -10.332
1010000 FRAC0_S 0 1 -30967.4 45199 8500 27456.6 23888.6 14933 0.147687 -41.3664 -15.8988
1010000 FRAC0_S 0 1 -30981.6 44890.2 8500 42072.6 29507.2 32464.2 0.375492 -34.0743 -21.125
1010000 FRAC0_S 0 1 -30899.6 44592.3 8500 26995 12120 24053 0.154973 -24.2847 -24.916
1010000 FRAC0_S 0 1 -30729.6 44334.2 8500 44173 109381 2223.56 1.24066 -63.7904 -1.10664
1010000 FRAC0_S 0 1 -30488.2 44141.4 8500 28787.1 -22798.6 32061.4 0.256878 32.9579 -25.0487
1010000 FRAC0_S 0 1 -30199 44032.6 8500 20725.8 -27379 21280.1 0.165304 44.344 -20.8183
1010000 FRAC0_S 0 1 -29890.2 44018.4 8500 40422.5 -50962.7 19385.3 0.42702 49.5936 -12.6396
1010000 FRAC0_S 0 1 -29592.3 44100.4 8500 27784.5 -57449.7 5805.33 0.367378 60.4709 -4.83965
1010000 FRAC0_S 0 1 -29334.2 44270.4 8500 26932.6 -55360.4 -6754.91 0.343808 59.9818 5.72695
1010000 FRAC0_S 0 1 -29141.4 44511.8 8500 34160.3 -49378.5 -12272.8 0.341289 53.5594 9.44981
Step FractureNumber TipNr TipActive TipX TipY TipZ KI KII KIII G Phi Psi Extension
1010101 FRAC0_S 0 1 -28986 44791.5 8515.51 78600.8 -93327.7 48559.2 1.6403 46.7174 -15.5777
1010101 FRAC0_S 0 1 -28995.2 45104.9 8507.75 38734.5 -45084.5 -32813.5 0.458027 43.6577 19.3326
1010101 FRAC0_S 0 1 -29100.4 45407.7 8500 30622.3 -12136.5 -41821 0.329302 18.6475 30.4995
1010101 FRAC0_S 0 1 -29270.4 45665.8 8500 39120.8 5059.66 -37474.8 0.325438 -8.40614 28.8466
1010101 FRAC0_S 0 1 -29511.8 45858.6 8500 39452.3 18120.5 -31315.5 0.298385 -25.6309 23.3837
1010101 FRAC0_S 0 1 -29801 45967.4 8500 26125.4 23121.7 -18602.1 0.154483 -39.5801 18.9046
1010101 FRAC0_S 0 1 -30109.8 45981.6 8500 27898.8 30763.8 -12784.1 0.17543 -47.3036 12.9001
1010101 FRAC0_S 0 1 -30407.7 45899.6 8500 34520.4 44978.6 -6544.93 0.292162 -54.0556 5.74213
1010101 FRAC0_S 0 1 -30665.8 45729.6 8500 28153.6 37881.5 4161.89 0.200808 -55.1652 -4.50852
1010101 FRAC0_S 0 1 -30858.6 45488.2 8500 41639.4 51830.1 16021.9 0.428025 -50.5864 -10.7071
1010101 FRAC0_S 0 1 -30967.4 45199 8500 33355.3 36638.8 22182.5 0.284207 -44.5883 -16.8597
1010101 FRAC0_S 0 1 -30981.6 44890.2 8500 26191 20469.9 23792 0.173751 -34.7673 -22.5773
1010101 FRAC0_S 0 1 -30899.6 44592.3 8500 42491.9 76140.5 -3186.08 0.678848 -60.1579 2.01746
1010101 FRAC0_S 0 1 -30729.6 44334.2 8500 31965.2 -14676.5 46477.6 0.397547 20.3265 -30.7103
1010101 FRAC0_S 0 1 -30488.2 44141.4 8500 30679.3 -18292.5 37240 0.298136 26.5539 -27.5354
1010101 FRAC0_S 0 1 -30199 44032.6 8500 32545.7 55248.3 40631.9 0.585961 -47.2726 -21.3747
1010101 FRAC0_S 0 1 -29890.2 44018.4 8500 26828.7 -54308.9 22712.3 0.395574 54.07 -15.4804
1010101 FRAC0_S 0 1 -29592.3 44100.4 8500 25833.8 -64424.1 9986.02 0.442582 61.0622 -7.44266
1010101 FRAC0_S 0 1 -29334.2 44270.4 8500 39161.8 -32191.9 58405.1 0.682694 30.4242 -28.4226
1010101 FRAC0_S 0 1 -29104.2 44525.2 8508.83 52044.6 -75886.4 -27928.1 0.858266 51.5704 12.9171