
Step FractureNumber TipNr TipActive TipX TipY TipZ KI KII KIII G Phi Psi Extension
1010000 FRAC0_S 0 1 -14049 22766.9 8500 9.78831e+06 711134 2.11399e+06 9177.16 -7.67056 -12.1457
1010000 FRAC0_S 0 1 -14178 23047.7 8500 -343127 679242 1.23331e+06 243.412 -35.8102 -32.7819
1010000 FRAC0_S 0 1 -14387.5 23274.9 8500 -354016 124514 1.31858e+06 232.622 -9.364 -39.4648
1010000 FRAC0_S 0 1 -14657 23426.2 8500 -1.50682e+07 1.62058e+06 1.17144e+06 416.538 -12.1268 -4.97399
1010000 FRAC0_S 0 1 -14960 23486.8 8500 -802790 -1.5315e+06 1.58452e+06 542.93 44.0218 -26.1432
1010000 FRAC0_S 0 1 -15266.9 23451 8500 8.39018e+06 -3.65239e+06 780521 7542.65 34.1972 -4.62547
1010000 FRAC0_S 0 1 -15547.7 23322 8500 -415197 -1.88689e+06 491725 349.42 62.6236 -12.7061
1010000 FRAC0_S 0 1 -15774.9 23112.5 8500 -331769 -1.87731e+06 84805.8 315.006 67.6914 -2.83859
1010000 FRAC0_S 0 1 -15926.2 22843 8500 -576236 -2.43169e+06 -433848 551.951 63.971 9.30784
1010000 FRAC0_S 0 1 -15986.8 22540 8500 -440163 -2.10871e+06 -874889 498.042 59.6729 17.7769
1010000 FRAC0_S 0 1 -15951 22233.1 8500 -1.47013e+07 -2.53626e+06 33425.1 573.358 19.0495 -0.150832
1010000 FRAC0_S 0 1 -15822 21952.3 8500 6.63895e+06 -203306 -2.15312e+06 4547.84 3.1284 16.7793
1010000 FRAC0_S 0 1 -15612.5 21725.1 8500 -393973 -197762 -1.44217e+06 280.105 12.9508 38.7155
1010000 FRAC0_S 0 1 -15343 21573.8 8500 -5.29445e+06 -259927 -1.48217e+06 298.197 5.07603 14.9656
1010000 FRAC0_S 0 1 -15040 21513.2 8500 -447048 1.12956e+06 -1.3379e+06 351.764 -43.7446 28.8518
1010000 FRAC0_S 0 1 -14733.1 21549 8500 -611111 1.6598e+06 -1.15631e+06 423.32 -51.3836 22.56
1010000 FRAC0_S 0 1 -14452.3 21678 8500 -328343 1.66466e+06 -567800 289.811 -61.4276 15.6724
1010000 FRAC0_S 0 1 -14225.1 21887.5 8500 -278074 1.75367e+06 -107199 275.574 -67.7289 3.82628
1010000 FRAC0_S 0 1 -14073.8 22157 8500 -400621 2.02457e+06 284986 376.053 -65.5202 -7.83713
1010000 FRAC0_S 0 1 -14013.2 22460 8500 -447751 1.93372e+06 796268 417.533 -59.2721 -17.473
Step FractureNumber TipNr TipActive TipX TipY TipZ KI KII KIII G Phi Psi Extension
1010101 FRAC0_S 0 1 -13971.7 22791 8457.21 764090 1.52708e+06 1.55633e+06 581.978 -44.5391 -26.1518
1010101 FRAC0_S 0 1 -14105.2 23096.3 8463.34 164402 1.08287e+06 1.67617e+06 480.568 -42.2531 -33.8734
1010101 FRAC0_S 0 1 -14331.6 23347.8 8471.98 -187516 527764 1.79259e+06 452.2 -26.362 -38.893
1010101 FRAC0_S 0 1 -14624 23509.3 8502.8 214063 -889188 1.70979e+06 463.349 37.2592 -35.2178
1010101 FRAC0_S 0 1 -14955.6 23565.7 8543.55 2.53279e+06 -3.22408e+06 1.66621e+06 1867.15 47.6014 -15.8455
1010101 FRAC0_S 0 1 -15283.7 23518.3 8567.68 2.26593e+06 -3.66383e+06 708350 1720.44 55.9469 -7.94758
1010101 FRAC0_S 0 1 -15573.4 23366.8 8581.58 4.2003e+06 -2.99113e+06 -663909 2428.01 43.1593 6.35659
1010101 FRAC0_S 0 1 -15806.4 23137.6 8590.93 1.68159e+07 -2.41868e+06 -5.01622e+06 29066.1 13.2667 14.7222
1010101 FRAC0_S 0 1 -15966.8 22857.1 8589.64 2.79093e+06 -1.16011e+06 -1.75997e+06 1226 25.5505 20.9034
1010101 FRAC0_S 0 1 -16045.1 22538.5 8573.79 -424674 -1.53657e+06 -142476 213.093 64.9123 5.13126
1010101 FRAC0_S 0 1 -16029.8 22207 8539.27 1.0303e+06 -1.44188e+06 -2.32051e+06 996.029 35.7833 30.0297
1010101 FRAC0_S 0 1 -15901.4 21899.1 8516.49 -201682 -1.21224e+06 -2.21274e+06 782.145 38.9752 35.3056
1010101 FRAC0_S 0 1 -15672.1 21649.7 8514.78 -270675 -90405.3 -2.02181e+06 544.396 5.21075 42.4239
1010101 FRAC0_S 0 1 -15376.1 21490 8492.74 114136 -1.77318e+06 847658 376.902 61.3432 -21.0048
1010101 FRAC0_S 0 1 -15046 21438.7 8448.11 -1.47094e+06 710574 -450602 71.9976 -32.6933 12.386
1010101 FRAC0_S 0 1 -14718.8 21491 8421.69 4.43257e+06 3.36161e+06 -671788 2817.81 -44.5535 5.98164
1010101 FRAC0_S 0 1 -14427.4 21637.3 8413.42 4.53557e+06 2.55809e+06 668615 2475.69 -38.5352 -6.4738
1010101 FRAC0_S 0 1 -14193.9 21862.2 8409.02 6.08854e+06 2.84597e+06 2.23072e+06 4686.91 -31.1374 -14.2665
1010101 FRAC0_S 0 1 -14034.1 22143.3 8409.86 3.49761e+06 1.58182e+06 2.16629e+06 1937.22 -27.2273 -20.3703
1010101 FRAC0_S 0 1 -13954 22462 8430.93 1.60359e+06 1.19796e+06 975925 483.702 -37.3584 -17.949