
Step FractureNumber TipNr TipActive TipX TipY TipZ KI KII KIII G Phi Psi Extension
1010000 FRAC0_S 0 1 -44474.7 -14732.7 7707.43 5.71082e+06 1.72122e+06 -134931 3172.61 -28.2232 1.38037
1010000 FRAC0_S 0 1 -44689.5 -14510.6 7700.19 5.40768e+06 1.54713e+06 225654 2825.91 -26.9152 -2.41864
1010000 FRAC0_S 0 1 -44934.7 -14336.5 7771.25 5.17945e+06 714077 317469 2449.37 -15.1705 -3.90067
1010000 FRAC0_S 0 1 -45186.3 -14227.4 7913.64 5.21794e+06 1.16908e+06 822263 2637.9 -20.862 -8.46709
1010000 FRAC0_S 0 1 -45419.6 -14193.8 8113.43 5.71241e+06 897618 1.34573e+06 3220.46 -14.9046 -12.2496
1010000 FRAC0_S 0 1 -45611.9 -14239.2 8351.05 5.01967e+06 240897 1.30827e+06 2478.12 -5.04004 -14.2258
1010000 FRAC0_S 0 1 -45744.3 -14359 8603.26 3.53318e+06 -267219 1.03905e+06 1262.34 7.51693 -15.2257
1010000 FRAC0_S 0 1 -45803.8 -14541.6 8845.36 5.86505e+06 -1.11641e+06 1.66428e+06 3544.73 16.9108 -13.7919
1010000 FRAC0_S 0 1 -45784.6 -14769 9053.65 4.94593e+06 -1.68747e+06 1.10681e+06 2596.51 27.1948 -10.4788
1010000 FRAC0_S 0 1 -45688.6 -15019.1 9207.75 3.83863e+06 -1.66584e+06 553125 1601.02 33.2063 -6.84711
1010000 FRAC0_S 0 1 -45525.3 -15267.3 9292.57 5.62453e+06 -2.6857e+06 327840 3476.07 36.7612 -2.9128
1010000 FRAC0_S 0 1 -45310.5 -15489.4 9299.81 4.67574e+06 -1.89569e+06 -298578 2280.25 33.3013 3.32763
1010000 FRAC0_S 0 1 -45065.3 -15663.5 9228.75 5.62227e+06 -2.48894e+06 -952605 3489.48 33.1658 7.83327
1010000 FRAC0_S 0 1 -44813.7 -15772.6 9086.36 5.24029e+06 -1.64448e+06 -1.26216e+06 2899.88 25.4073 11.2921
1010000 FRAC0_S 0 1 -44595.6 -15806.6 8902.29 5.42868e+06 -909644 -1.49401e+06 2996.72 15.3153 13.6777
1010000 FRAC0_S 0 1 -44388.1 -15760.8 8648.95 5.45196e+06 -175504 -1.489e+06 2946.31 3.41007 14.8755
1010000 FRAC0_S 0 1 -44255.7 -15641 8396.74 5.4157e+06 362209 -1.21238e+06 2820.77 -7.0663 12.5355
1010000 FRAC0_S 0 1 -44196.2 -15458.4 8154.64 5.1729e+06 1.09069e+06 -1.18077e+06 2675.92 -19.0092 11.5415
1010000 FRAC0_S 0 1 -44215.4 -15231 7946.35 5.62411e+06 1.36752e+06 -770431 3064.2 -22.4925 7.41685
1010000 FRAC0_S 0 1 -44311.4 -14980.9 7792.25 4.07006e+06 1.01538e+06 -288282 1579.06 -23.9542 4.08946
Step FractureNumber TipNr TipActive TipX TipY TipZ KI KII KIII G Phi Psi Extension
1010101 FRAC0_S 0 1 -44454.4 -14735.4 7611.61 5.95751e+06 -620204 -222405 3203.54 12.1864 2.51578
1010101 FRAC0_S 0 1 -44685.9 -14490.1 7604.94 5.93395e+06 -509979 23020 3160.96 10.605 -0.277234
1010101 FRAC0_S 0 1 -44948.2 -14294.1 7684.5 5.82429e+06 -281452 391021 3050.22 5.93368 -4.57504
1010101 FRAC0_S 0 1 -45221.5 -14172.7 7840.87 5.76625e+06 -281561 793239 3053.62 5.64349 -8.60064
1010101 FRAC0_S 0 1 -45473.8 -14130.7 8063.06 5.80317e+06 -214814 1.02557e+06 3144.94 4.20461 -10.6575
1010101 FRAC0_S 0 1 -45676.1 -14169.3 8332.32 6.21907e+06 207032 1.47929e+06 3741.35 -3.61841 -13.4402
1010101 FRAC0_S 0 1 -45809.8 -14289.8 8619.75 4.85544e+06 278051 1.25441e+06 2316.97 -5.96126 -14.0446
1010101 FRAC0_S 0 1 -45862.2 -14481.2 8894.03 5.62424e+06 368809 1.33563e+06 3068.11 -6.8681 -13.1192
1010101 FRAC0_S 0 1 -45828.7 -14722.6 9127.23 5.51866e+06 689965 1.09805e+06 2916.68 -12.5959 -10.9766
1010101 FRAC0_S 0 1 -45715.1 -14989.1 9297.31 6.83321e+06 1.09218e+06 1.03314e+06 4409.05 -16.0277 -8.55641
1010101 FRAC0_S 0 1 -45534.6 -15255.8 9389.73 5.24001e+06 850600 199148 2516.5 -17.6528 -2.43658
1010101 FRAC0_S 0 1 -45303.3 -15497.1 9397.55 7.20833e+06 726664 -24832.4 4677.3 -12.1974 0.243017
1010101 FRAC0_S 0 1 -45040.5 -15689.6 9319.87 4.05128e+06 378699 -469687 1504.67 -10.4025 7.1739
1010101 FRAC0_S 0 1 -44772.2 -15817.6 9162.15 6.08445e+06 543450 -1.08199e+06 3480.92 -9.52044 10.2964
1010101 FRAC0_S 0 1 -44525.5 -15867.8 8937.3 5.91305e+06 221457 -1.15149e+06 3296.37 -4.19062 11.503
1010101 FRAC0_S 0 1 -44324.5 -15831.3 8667.07 5.07075e+06 -6212.87 -1.26232e+06 2503.17 0.137141 14.2234
1010101 FRAC0_S 0 1 -44191 -15710.8 8379.65 5.39477e+06 -285560 -844352 2695.5 5.99317 9.54125
1010101 FRAC0_S 0 1 -44137.4 -15518.6 8105.87 6.13577e+06 -687853 -1.04944e+06 3543.42 11.6972 9.81071
1010101 FRAC0_S 0 1 -44165.1 -15273.9 7874.21 6.28205e+06 -1.01556e+06 -846782 3703.92 16.3689 7.75302
1010101 FRAC0_S 0 1 -44273.5 -15003.5 7704.81 5.33052e+06 -925131 -257636 2617.1 18.473 3.0337