
Step FractureNumber TipNr TipActive TipX TipY TipZ KI KII KIII G Phi Psi Extension
1010000 FRAC0_S 0 1 -310.618 -44200.2 8010.79 -4.38738e+06 -3.75541e+06 1.97418e+06 1775.08 42.3226 -13.964
1010000 FRAC0_S 0 1 -525.393 -44207.5 8232.85 -4.30304e+06 -4.69932e+06 1.008e+06 2103.01 50.2959 -7.51963
1010000 FRAC0_S 0 1 -688.738 -44292.4 8481.06 -3.71291e+06 -4.22191e+06 -31770.3 1588.47 54.5338 0.310535
1010000 FRAC0_S 0 1 -784.666 -44446.5 8731.12 -4.76062e+06 -5.24196e+06 -1.33391e+06 2685.23 49.7688 8.72098
1010000 FRAC0_S 0 1 -803.785 -44654.8 8958.56 -4.36307e+06 -3.89996e+06 -2.34377e+06 2085.94 42.0124 15.6243
1010000 FRAC0_S 0 1 -744.224 -44896.9 9141.11 -3.14573e+06 -1.83833e+06 -2.29774e+06 1003.33 30.8824 21.3268
1010000 FRAC0_S 0 1 -611.813 -45149.1 9260.91 -4.09267e+06 -886718 -3.42115e+06 1626.74 13.9978 26.2926
1010000 FRAC0_S 0 1 -429.335 -45376.6 9305.95 -3.78892e+06 723601 -3.35793e+06 1546.33 -12.2798 27.2717
1010000 FRAC0_S 0 1 -186.149 -45586.5 9272.62 -3.73094e+06 2.14497e+06 -3.03498e+06 1635.07 -29.6438 22.7381
1010000 FRAC0_S 0 1 65.4371 -45728.8 9163.38 -2.43572e+06 2.31364e+06 -1.69085e+06 857.242 -41.2607 18.2039
1010000 FRAC0_S 0 1 310.618 -45799.8 8989.21 -3.47783e+06 4.02385e+06 -1.66396e+06 1811.06 -47.9707 13.0728
1010000 FRAC0_S 0 1 539.069 -45789.2 8750.14 -3.77124e+06 4.60617e+06 -897876 1997.86 -52.2617 7.2414
1010000 FRAC0_S 0 1 688.738 -45707.6 8518.94 -3.39905e+06 4.01906e+06 -78029.2 1440.19 -54.9391 0.808346
1010000 FRAC0_S 0 1 784.666 -45553.5 8268.88 -3.47883e+06 4.38292e+06 835602 1804.66 -52.7745 -7.18928
1010000 FRAC0_S 0 1 803.785 -45345.2 8041.44 -3.25929e+06 3.63042e+06 1.34486e+06 1415.02 -48.1166 -11.8586
1010000 FRAC0_S 0 1 744.224 -45103.1 7858.89 -3.72729e+06 3.14829e+06 2.28265e+06 1576.22 -39.855 -17.3911
1010000 FRAC0_S 0 1 611.813 -44850.9 7739.09 -2.67805e+06 1.43551e+06 1.90507e+06 666.326 -29.4095 -21.383
1010000 FRAC0_S 0 1 419.514 -44613.3 7693.78 -3.43102e+06 665164 2.76603e+06 1057 -12.9127 -26.0787
1010000 FRAC0_S 0 1 186.149 -44413.5 7727.38 -4.57885e+06 -879573 3.54479e+06 1740.16 13.0093 -25.5949
1010000 FRAC0_S 0 1 -65.4371 -44271.2 7836.62 -4.36443e+06 -2.7331e+06 2.72316e+06 1651.92 33.5405 -19.0911
Step FractureNumber TipNr TipActive TipX TipY TipZ KI KII KIII G Phi Psi Extension
1010101 FRAC0_S 0 1 -293.604 -44103.5 8012.68 -205961 -4.06102e+06 1.61439e+06 1816.23 63.2942 -18.924
1010101 FRAC0_S 0 1 -514.629 -44112.8 8258.46 1.09399e+06 -6.17948e+06 1.261e+06 3720.88 64.6701 -10.8044
1010101 FRAC0_S 0 1 -677.63 -44197.5 8512.14 1.39939e+06 -5.47904e+06 -58953.1 2850.03 66.9067 0.660453
1010101 FRAC0_S 0 1 -792.099 -44368 8790.48 881675 -5.50906e+06 -1.13205e+06 2944.18 64.9842 10.9904
1010101 FRAC0_S 0 1 -825.264 -44592.8 9031.27 -322513 -3.87472e+06 -1.72096e+06 1731.76 61.6544 19.8913
1010101 FRAC0_S 0 1 -778.731 -44861.6 9224.25 -1.94828e+06 -3.31891e+06 -3.08074e+06 2243.86 44.5957 24.2909
1010101 FRAC0_S 0 1 -657.086 -45152.4 9343.47 -3.03878e+06 -1.50449e+06 -3.55792e+06 1885.32 23.5855 27.8913
1010101 FRAC0_S 0 1 -469.173 -45432.2 9372 -3.02788e+06 1.28747e+06 -3.73927e+06 2007.33 -20.5894 29.0986
1010101 FRAC0_S 0 1 -230.337 -45662.5 9312.31 -1.5555e+06 3.18911e+06 -2.88835e+06 2015.85 -46.2737 24.7903
1010101 FRAC0_S 0 1 32.198 -45819.9 9177.01 -181185 3.99121e+06 -2.12495e+06 2020.05 -60.6124 22.5626
1010101 FRAC0_S 0 1 288.154 -45895.4 8980.17 974293 4.68719e+06 -1.42303e+06 2311.64 -61.9845 14.336
1010101 FRAC0_S 0 1 511.585 -45886.3 8738.62 1.22657e+06 3.45543e+06 -618297 1248.88 -61.5194 8.6499
1010101 FRAC0_S 0 1 682.385 -45795.6 8473.55 1.95711e+06 4.64071e+06 49158.3 2260.73 -63.6229 -0.575051
1010101 FRAC0_S 0 1 786.747 -45632.2 8208.77 1.67583e+06 4.94828e+06 625626 2484.21 -62.9456 -6.48537
1010101 FRAC0_S 0 1 815.191 -45409.7 7967.71 655700 4.27971e+06 1.32576e+06 1904.21 -62.9894 -15.0364
1010101 FRAC0_S 0 1 763.885 -45146 7773.11 -377231 4.01956e+06 2.08695e+06 2019 -59.8891 -21.6873
1010101 FRAC0_S 0 1 636.953 -44863.4 7646.54 -1.07369e+06 2.72175e+06 1.84542e+06 1113.06 -51.2539 -21.986
1010101 FRAC0_S 0 1 448.005 -44586.8 7607.88 -3.19737e+06 1.73517e+06 3.65402e+06 2044.1 -25.4326 -27.2169
1010101 FRAC0_S 0 1 215.548 -44348.5 7666.64 -3.03582e+06 -1.44723e+06 3.4255e+06 1747.27 23.2753 -27.5937
1010101 FRAC0_S 0 1 -40.5032 -44182.1 7809.33 -1.69364e+06 -3.96102e+06 2.81001e+06 2448.3 50.1844 -22.2569