
Step FractureNumber TipNr TipActive TipX TipY TipZ KI KII KIII G Phi Psi Extension
1010000 FRAC0_S 0 1 -15000 15987.2 8471.27 -8.86841e+06 7.63509e+06 -72767.2 5195.34 -49.6336 0.341772
1010000 FRAC0_S 0 1 -15000 15947.8 8777.76 -8.90121e+06 6.66154e+06 1.47061e+06 4241.99 -44.0458 -6.48829
1010000 FRAC0_S 0 1 -15000 15815.6 9057.06 -8.58789e+06 4.90917e+06 2.48198e+06 2966.86 -36.4044 -11.3194
1010000 FRAC0_S 0 1 -15000 15603.5 9281.83 -7.62086e+06 3.21719e+06 2.90625e+06 2045.67 -28.9351 -15.0177
1010000 FRAC0_S 0 1 -15000 15332.4 9430.08 -9.87037e+06 1.9436e+06 4.27858e+06 2771.35 -15.8876 -18.4054
1010000 FRAC0_S 0 1 -15000 15028.7 9487.27 -1.00337e+07 70019.3 4.5622e+06 2768.65 -0.666806 -21.0705
1010000 FRAC0_S 0 1 -15000 14722.2 9447.82 -7.74418e+06 -1.5985e+06 3.3722e+06 1740.13 16.4943 -18.3657
1010000 FRAC0_S 0 1 -15000 14442.9 9315.6 -1.07403e+07 -4.39589e+06 3.81152e+06 3654.13 28.7124 -14.3551
1010000 FRAC0_S 0 1 -15000 14218.2 9103.54 -9.37253e+06 -5.7297e+06 2.70823e+06 3900.92 37.794 -11.0975
1010000 FRAC0_S 0 1 -15000 14070 8832.4 -9.29704e+06 -8.30382e+06 2.8377e+06 7215.43 45.3249 -10.1934
1010000 FRAC0_S 0 1 -15000 14012.8 8528.73 -8.84259e+06 -7.2216e+06 -187131 4651.88 48.3893 0.893782
1010000 FRAC0_S 0 1 -15000 14052.2 8222.24 -8.09581e+06 -8.09053e+06 -487985 5864.51 51.4493 2.25446
1010000 FRAC0_S 0 1 -15000 14184.4 7942.94 -8.63221e+06 -7.27151e+06 -4.26735e+06 7133.64 41.3721 15.0245
1010000 FRAC0_S 0 1 -15000 14396.5 7718.17 -7.4187e+06 -4.27048e+06 -4.04359e+06 3799.73 32.8439 17.8674
1010000 FRAC0_S 0 1 -15000 14675.1 7567.23 -7.53372e+06 -2.28179e+06 -4.98449e+06 3768.36 19.9206 22.5265
1010000 FRAC0_S 0 1 -15000 14971.3 7512.73 -8.54783e+06 151151 -5.66169e+06 4265.31 -1.46579 25.6222
1010000 FRAC0_S 0 1 -15000 15277.8 7552.18 -5.32337e+06 -992341 -2.57466e+06 969.393 14.7546 19.8212
1010000 FRAC0_S 0 1 -15000 15557.1 7684.4 -7.93766e+06 4.57228e+06 -4.04775e+06 4042.02 -33.3221 17.096
1010000 FRAC0_S 0 1 -15000 15781.8 7896.46 -6.2497e+06 4.75185e+06 -2.23945e+06 2679.12 -41.227 12.2482
1010000 FRAC0_S 0 1 -15000 15930 8167.6 -8.3248e+06 6.83653e+06 -1.46059e+06 4448.57 -45.7399 6.59917
Step FractureNumber TipNr TipActive TipX TipY TipZ KI KII KIII G Phi Psi Extension
1010101 FRAC0_S 0 1 -15073.4 16053.4 8469.52 -1.34068e+06 8.67564e+06 257002 6715.8 -68.307 -1.93063
1010101 FRAC0_S 0 1 -15068.7 16015.2 8798.75 -2.74495e+06 1.12288e+07 1.51323e+06 11540.1 -64.7081 -7.30629
1010101 FRAC0_S 0 1 -15059.1 15879.5 9102.14 -5.13457e+06 6.24441e+06 3.79675e+06 5391.87 -45.7545 -17.4489
1010101 FRAC0_S 0 1 -15045.9 15654.9 9350.47 -5.38638e+06 5.77615e+06 2.67675e+06 3926 -46.2382 -13.852
1010101 FRAC0_S 0 1 -15026.1 15362.6 9517.67 -9.73174e+06 913524 5.93801e+06 4763.94 -7.49977 -23.6985
1010101 FRAC0_S 0 1 -15000.4 15031.5 9582.89 -9.73277e+06 -157592 4.84276e+06 3121.37 1.48949 -22.0731
1010101 FRAC0_S 0 1 -14974.1 14697.1 9536.92 -7.28017e+06 -3.78731e+06 3.51585e+06 2922.21 31.637 -16.8867
1010101 FRAC0_S 0 1 -14953.5 14395.8 9386.89 -5.00698e+06 -5.97825e+06 2.48675e+06 4007.21 48.3414 -13.2734
1010101 FRAC0_S 0 1 -14939.6 14157.9 9151.71 -4.78186e+06 -1.02987e+07 2.51019e+06 10289.3 57.971 -10.4586
1010101 FRAC0_S 0 1 -14930.4 14004.6 8856.79 57603.2 -1.12875e+07 -1.28851e+06 11574.4 69.2053 7.61198
1010101 FRAC0_S 0 1 -14925.3 13948 8531.22 -1.23575e+06 -8.7953e+06 -683224 6955.39 67.7545 4.83969
1010101 FRAC0_S 0 1 -14925.7 13990.2 8203.37 -442612 -8.84756e+06 -1.44935e+06 7254.86 67.8275 9.92547
1010101 FRAC0_S 0 1 -14933.8 14125.7 7900.76 -1.43711e+06 -5.79612e+06 -1.88006e+06 3463.76 60.7257 14.6869
1010101 FRAC0_S 0 1 -14947.8 14347.4 7652.2 -1.51763e+06 -8.46642e+06 -1.36311e+06 6634.56 65.4884 8.89378
1010101 FRAC0_S 0 1 -14970 14638.2 7484.05 -6.01975e+06 -3.97929e+06 -5.37695e+06 5256.27 31.5435 23.2409
1010101 FRAC0_S 0 1 -14986.3 14968.7 7417.44 -7.14227e+06 -888250 -4.87863e+06 3235.85 9.30167 24.7646
1010101 FRAC0_S 0 1 -15001.6 15302.4 7463.55 -6.35904e+06 -840813 -6.31837e+06 5372.6 8.43698 29.2478
1010101 FRAC0_S 0 1 -15037.6 15602.3 7615.21 -2.9437e+06 4.95676e+06 -3.16091e+06 3518.23 -48.6795 19.5946
1010101 FRAC0_S 0 1 -15064.6 15839.8 7850.35 -3.86872e+06 3.01002e+06 -2.94819e+06 1963.37 -36.3149 20.4307
1010101 FRAC0_S 0 1 -15071.4 15994 8143.89 -2.02958e+06 6.20593e+06 -1.94377e+06 3934.45 -59.3346 13.6911