
Step FractureNumber TipNr TipActive TipX TipY TipZ KI KII KIII G Phi Psi Extension
1010000 FRAC0_S 0 1 15058.2 8485.97 8500 -115892 1.49955e+06 -925805 314.374 -58.2378 24.0364
1010000 FRAC0_S 0 1 14750.7 8455.69 8500 -1.1645e+07 3.61598e+06 -408671 1187.36 -28.5793 2.01183
1010000 FRAC0_S 0 1 14474.3 8336.2 8500 6.24428e+06 1.5109e+06 -53682.5 3678.3 -24.4674 0.534656
1010000 FRAC0_S 0 1 14236.6 8126.59 8500 -129989 1.56848e+06 250619 227.575 -67.3307 -9.48386
1010000 FRAC0_S 0 1 14080.2 7860 8500 5.84814e+06 1.25627e+06 360452 3205.54 -21.5782 -3.6894
1010000 FRAC0_S 0 1 14014 7558.16 8500 -135993 1.31335e+06 1.05937e+06 302.965 -54.1073 -27.0531
1010000 FRAC0_S 0 1 14044.3 7250.63 8500 -5.13842e+06 1.05239e+06 1.27743e+06 315.726 -18.3381 -12.3763
1010000 FRAC0_S 0 1 14168.1 6967.51 8500 6.09024e+06 711526 565456 3392.83 -12.8682 -5.79233
1010000 FRAC0_S 0 1 14373.4 6736.52 8500 -87733 -380449 1.0922e+06 171.553 29.9732 -38.4286
1010000 FRAC0_S 0 1 14640 6580.26 8500 -134839 -1.00883e+06 1.13055e+06 260.683 48.3289 -30.6199
1010000 FRAC0_S 0 1 14941.8 6514.03 8500 -141404 -1.57832e+06 918541 334.196 58.7013 -23.1564
1010000 FRAC0_S 0 1 15249.3 6544.31 8500 9.05249e+06 -381384 597754 7362.82 5.22137 -4.53061
1010000 FRAC0_S 0 1 15532.5 6668.14 8500 -7.40016e+06 -2.43501e+06 144728 531.144 29.9916 -1.12421
1010000 FRAC0_S 0 1 15763.4 6873.41 8500 -134137 -1.66853e+06 -250806 256.448 67.5401 9.03446
1010000 FRAC0_S 0 1 15919.8 7140 8500 -1.44267e+07 -2.63325e+06 -1.51328e+06 922.462 18.4417 6.13608
1010000 FRAC0_S 0 1 15986 7441.84 8500 -177335 -1.53583e+06 -1.17317e+06 393.243 54.6752 26.2518
1010000 FRAC0_S 0 1 15955.7 7749.37 8500 -118547 -617558 -1.00729e+06 168.932 40.8084 34.0503
1010000 FRAC0_S 0 1 15831.9 8032.49 8500 -132784 -147591 -1.20146e+06 193.929 13.2496 41.5481
1010000 FRAC0_S 0 1 15626.6 8263.48 8500 1.20933e+07 -93919.6 -512300 13067.9 1.03154 3.09282
1010000 FRAC0_S 0 1 15360 8419.74 8500 -122966 897982 -1.0715e+06 224.554 -47.1894 31.2888
Step FractureNumber TipNr TipActive TipX TipY TipZ KI KII KIII G Phi Psi Extension
1010101 FRAC0_S 0 1 15060.4 8549.32 8427.19 2.3769e+06 2.17555e+06 -591570 971.743 -46.6892 8.53368
1010101 FRAC0_S 0 1 14728.1 8530.48 8444.47 1.86946e+06 2.61548e+06 5813.81 921.009 -57.7935 -0.100925
1010101 FRAC0_S 0 1 14429.9 8397.54 8444.26 1.44679e+06 2.10157e+06 510359 614.729 -53.7232 -9.28624
1010101 FRAC0_S 0 1 14187.7 8166.45 8434.31 1.2239e+06 487132 2.8046e+06 1200.78 -14.2881 -35.7151
1010101 FRAC0_S 0 1 14014.9 7883.92 8438.29 972049 2.0564e+06 902669 569.394 -54.0802 -16.1705
1010101 FRAC0_S 0 1 13940.2 7562.37 8442.44 3.40749e+06 454640 932150 1168.64 -12.6467 -13.918
1010101 FRAC0_S 0 1 13963.2 7226.37 8458.44 545862 45225.3 1.452e+06 307.137 -3.06471 -38.7661
1010101 FRAC0_S 0 1 14090.4 6918.5 8493.48 -2.17177e+06 35969.7 1.96177e+06 511.974 -1.20255 -29.394
1010101 FRAC0_S 0 1 14319.3 6674.42 8538.08 521142 -23889.1 2.63684e+06 948.991 1.04716 -41.9762
1010101 FRAC0_S 0 1 14613.3 6519.59 8571.2 2.16498e+06 -1.75487e+06 1.16251e+06 871.829 39.9945 -16.1147
1010101 FRAC0_S 0 1 14940.5 6448.52 8563.67 3.05641e+06 -573180 1.0132e+06 998.243 16.2169 -15.4504
1010101 FRAC0_S 0 1 15272.9 6464.93 8538.41 1.19719e+06 -2.39102e+06 120680 639.094 61.162 -2.50304
1010101 FRAC0_S 0 1 15569.6 6601.52 8550.37 -1.22149e+07 -1.16902e+07 -293214 12189.2 51.297 0.940292
1010101 FRAC0_S 0 1 15812 6834.41 8566.61 2.35106e+06 -4.68629e+06 2.21804e+06 3103.85 52.9404 -16.7974
1010101 FRAC0_S 0 1 15985.7 7115.81 8559.32 1.49757e+06 -3.66989e+06 -413366 1422.72 61.7928 5.59633
1010101 FRAC0_S 0 1 16055.2 7436.28 8565.04 -9.30606e+06 -4.17941e+06 -3.00403e+06 2756.74 30.9873 13.1147
1010101 FRAC0_S 0 1 16027.2 7771.2 8558.81 808519 -720868 -883991 208.489 35.5721 24.1429
1010101 FRAC0_S 0 1 15907 8082.83 8528.25 243340 -412739 -753982 96.0657 34.9819 32.2724
1010101 FRAC0_S 0 1 15685 8331.06 8488.29 481732 1.22328e+06 -1.52318e+06 462.596 -42.9996 29.4565
1010101 FRAC0_S 0 1 15389.1 8483.85 8442.51 1.55018e+06 1.65119e+06 -1.31559e+06 687.283 -41.8235 19.9186