
Step FractureNumber TipNr TipActive TipX TipY TipZ KI KII KIII G Phi Psi Extension
1010000 FRAC0_S 0 1 22500 -44020.2 8624.9 6.49333e+06 -1.43782e+06 241550 3949.16 22.4636 -2.27652
1010000 FRAC0_S 0 1 22500 -44106.8 8921.55 6.39139e+06 -1.44529e+06 -87786.7 3827.3 23.2052 0.860029
1010000 FRAC0_S 0 1 22500 -44280.8 9176.94 6.58105e+06 -1.2577e+06 -409136 4022.59 19.7207 3.78798
1010000 FRAC0_S 0 1 22500 -44525.1 9366.05 7.29936e+06 -1.02869e+06 -756460 4918.24 14.9554 6.26618
1010000 FRAC0_S 0 1 22500 -44816 9470.4 6.38968e+06 -659799 -833748 3769.42 11.2272 7.88033
1010000 FRAC0_S 0 1 22500 -45124.9 9479.76 6.3171e+06 -222152 -917999 3672.48 4.10849 9.10183
1010000 FRAC0_S 0 1 22500 -45421.5 9393.21 7.14455e+06 138572 -885250 4654.52 -2.35489 8.06569
1010000 FRAC0_S 0 1 22500 -45676.9 9219.22 5.44043e+06 1.47762e+06 -1.06472e+06 2982.83 -23.5158 9.81638
1010000 FRAC0_S 0 1 22500 -45866 8974.84 6.15652e+06 760414 -635732 3482.79 -13.3858 6.3317
1010000 FRAC0_S 0 1 22500 -45970.4 8683.98 6.18753e+06 1.0093e+06 -408913 3524.64 -17.3456 4.09818
1010000 FRAC0_S 0 1 22500 -45979.8 8375.1 6.28798e+06 1.13276e+06 -170078 3641.49 -19.333 1.73108
1010000 FRAC0_S 0 1 22500 -45893.2 8078.45 6.10767e+06 1.22585e+06 -68513.8 3458.66 -21.2655 0.719147
1010000 FRAC0_S 0 1 22500 -45719.2 7823.06 4.39686e+06 854715 102573 1789.2 -20.5652 -1.48219
1010000 FRAC0_S 0 1 22500 -45474.9 7633.95 6.63827e+06 1.21674e+06 456634 4086.43 -18.9945 -4.18565
1010000 FRAC0_S 0 1 22500 -45184 7529.6 4.2705e+06 567719 427343 1678.13 -14.2807 -6.11297
1010000 FRAC0_S 0 1 22500 -44875.1 7520.24 5.8051e+06 517856 747532 3101.15 -9.87836 -7.87773
1010000 FRAC0_S 0 1 22500 -44578.5 7606.79 6.31423e+06 176887 981787 3683.76 -3.27463 -9.678
1010000 FRAC0_S 0 1 22500 -44323.1 7780.78 6.36123e+06 -186590 1.00267e+06 3742.68 3.41697 -9.77611
1010000 FRAC0_S 0 1 22500 -44134 8025.16 6.13817e+06 -744211 772417 3486.11 12.9494 -7.53468
1010000 FRAC0_S 0 1 22500 -44029.6 8316.02 5.47717e+06 -318979 620300 2733.49 6.78677 -7.23211
Step FractureNumber TipNr TipActive TipX TipY TipZ KI KII KIII G Phi Psi Extension
1010101 FRAC0_S 0 1 22531.9 -43929.2 8635.92 7.04929e+06 560194 76222.6 4456.84 -9.8324 -0.770315
1010101 FRAC0_S 0 1 22537.7 -44025.1 8960.21 7.18981e+06 1.07471e+06 -130902 4711.59 -16.7745 1.20816
1010101 FRAC0_S 0 1 22533.2 -44214.1 9240.18 7.16761e+06 894707 -417218 4672.48 -13.9926 3.75793
1010101 FRAC0_S 0 1 22526.2 -44480.2 9448.64 7.26796e+06 879030 -785059 4857.9 -13.0999 6.60068
1010101 FRAC0_S 0 1 22517.9 -44798.4 9564.51 7.4946e+06 546998 -856003 5129.34 -8.34222 7.19864
1010101 FRAC0_S 0 1 22507.4 -45137.3 9575.92 7.79277e+06 412844 -950511 5546.76 -6.17019 7.74166
1010101 FRAC0_S 0 1 22489.7 -45461.7 9479.82 6.49974e+06 417380 -1.20854e+06 3974.38 -7.0065 10.8711
1010101 FRAC0_S 0 1 22473.2 -45740.3 9286.89 5.74411e+06 -1.04599e+06 -703800 3103.54 18.1773 7.03441
1010101 FRAC0_S 0 1 22471 -45947.9 9019.36 6.45831e+06 -414899 -835248 3824.88 7.33255 8.06423
1010101 FRAC0_S 0 1 22471 -46062 8701.58 6.06441e+06 -536581 -447441 3329.49 10.2522 4.81852
1010101 FRAC0_S 0 1 22466.9 -46071.1 8363.63 6.85577e+06 -914882 -181193 4267.27 15.1808 1.76019
1010101 FRAC0_S 0 1 22464.8 -45975.8 8039.54 7.13187e+06 -1.03426e+06 115869 4629.56 16.3916 -1.0848
1010101 FRAC0_S 0 1 22465.3 -45785.7 7760.31 6.24014e+06 -1.02109e+06 210960 3568.71 17.8241 -2.17585
1010101 FRAC0_S 0 1 22468.8 -45519.1 7552.64 5.25191e+06 -1.15147e+06 -211170 2581.97 22.25 2.45652
1010101 FRAC0_S 0 1 22475.3 -45201.2 7436.83 6.42687e+06 -612758 570352 3757.38 10.819 -5.66057
1010101 FRAC0_S 0 1 22483.9 -44862.8 7425 6.4633e+06 -514490 766874 3824.31 8.9915 -7.39997
1010101 FRAC0_S 0 1 22494.4 -44537 7519.04 5.79125e+06 443439 102289 3007.54 -9.45392 -1.25045
1010101 FRAC0_S 0 1 22507.2 -44256.8 7710.15 5.33861e+06 159989 672561 2602.14 -3.58249 -8.10884
1010101 FRAC0_S 0 1 22515.7 -44049.7 7978.94 7.16902e+06 512989 1.05851e+06 4752.26 -7.97562 -8.96209
1010101 FRAC0_S 0 1 22521.1 -43936.5 8297.98 8.19215e+06 59850.5 735586 6052.57 -0.92919 -6.16283