
Step FractureNumber TipNr TipActive TipX TipY TipZ KI KII KIII G Phi Psi Extension
1010000 FRAC0_S 0 1 0 -29019.2 8617.02 2.75263e+06 66676.1 -30940.3 675.706 -3.23673 0.842825
1010000 FRAC0_S 0 1 0 -29103.5 8914.36 2.07592e+06 77014.3 -25431.6 384.627 -4.8621 0.906126
1010000 FRAC0_S 0 1 0 -29275.4 9171.13 1.60358e+06 17102.6 -55955.9 229.586 -1.42079 2.56641
1010000 FRAC0_S 0 1 0 -29518.2 9362.22 1.20014e+06 -18144.2 -85540.5 129.351 1.9347 4.97532
1010000 FRAC0_S 0 1 0 -29808.3 9468.89 1.19921e+06 -25197.2 -87073 129.214 2.66395 5.03319
1010000 FRAC0_S 0 1 0 -30117.1 9480.74 1.05563e+06 45895.4 -100727 100.838 -5.24241 6.30334
1010000 FRAC0_S 0 1 0 -30414.4 9396.57 1.21384e+06 1.24178e+06 -39319 268.909 -52.3399 1.22105
1010000 FRAC0_S 0 1 0 -30671.2 9224.65 1.98272e+06 4.96215e+06 -2.21802e+06 3198.77 -55.2876 16.9475
1010000 FRAC0_S 0 1 0 -30862.2 8981.79 2.2953e+06 36334.9 5701.17 469.589 -2.15945 -0.190059
1010000 FRAC0_S 0 1 0 -30968.9 8691.77 2.91826e+06 -77552.3 6863.92 759.427 3.56918 -0.17813
1010000 FRAC0_S 0 1 0 -30980.8 8382.98 3.53449e+06 -159884 -18308.6 1115.54 5.89919 0.383843
1010000 FRAC0_S 0 1 0 -30896.5 8085.64 4.29389e+06 -184320 -86798.5 1647 5.53862 1.47115
1010000 FRAC0_S 0 1 0 -30724.6 7828.87 3.85734e+06 -149514 -131383 1330.16 4.9668 2.44313
1010000 FRAC0_S 0 1 0 -30481.8 7637.78 5.84218e+06 -270870 -105068 3049.43 5.96576 1.30855
1010000 FRAC0_S 0 1 0 -30191.7 7531.11 5.60599e+06 -142253 -234207 2809.57 3.28939 3.00304
1010000 FRAC0_S 0 1 0 -29882.9 7519.26 5.2694e+06 60398.5 -286246 2485.5 -1.49755 3.88987
1010000 FRAC0_S 0 1 0 -29585.6 7603.43 4.80599e+06 4.34635e+06 -2.35019e+06 4476.18 -42.906 14.5593
1010000 FRAC0_S 0 1 0 -29328.8 7775.35 4.41203e+06 5.61898e+06 75500.1 4548.84 -56.199 -0.580853
1010000 FRAC0_S 0 1 0 -29137.8 8018.21 3.47443e+06 183759 -110511 1080.34 -6.65988 2.25886
1010000 FRAC0_S 0 1 0 -29031.1 8308.23 3.16087e+06 4.07668e+06 1.23764e+06 2574.98 -51.1457 -10.6867
Step FractureNumber TipNr TipActive TipX TipY TipZ KI KII KIII G Phi Psi Extension
1010101 FRAC0_S 0 1 -24.4106 -28931.7 8630.34 3.41125e+06 196240 -102858 1041.78 -7.20878 2.13694
1010101 FRAC0_S 0 1 -6.2693 -29015.1 8955.2 1.58731e+06 374782 -2.5567e+06 1106.42 -11.1299 33.5678
1010101 FRAC0_S 0 1 -2.51467 -29203.9 9237.36 1.47195e+06 53189.4 31129.9 193.449 -4.7031 -1.54703
1010101 FRAC0_S 0 1 2.23011 -29470.6 9447.32 633154 -108560 -82910 37.6872 17.2175 7.50874
1010101 FRAC0_S 0 1 0.883675 -29789.3 9564.42 725637 -157512 -376017 67.9363 16.4175 20.3498
1010101 FRAC0_S 0 1 -23.1978 -30124.5 9568.53 814080 -142870 -1.00865e+06 196.184 9.8061 31.3361
1010101 FRAC0_S 0 1 -62.4172 -30439.8 9459.47 2.82978e+06 409646 -2.31054e+06 1438.55 -9.95211 26.7531
1010101 FRAC0_S 0 1 -61.8343 -30718.7 9271.59 1.30472e+06 -564102 -940451 297.678 25.2896 22.4136
1010101 FRAC0_S 0 1 -20.8782 -30940 9021.45 2.16823e+06 82021.3 -645122 474.878 -3.9098 15.741
1010101 FRAC0_S 0 1 4.74013 -31064.4 8710.69 3.85069e+06 322114 -288889 1341.65 -9.7425 4.91204
1010101 FRAC0_S 0 1 9.10818 -31077.2 8371.48 3.94135e+06 -213063 -257642 1397.13 6.5975 4.44229
1010101 FRAC0_S 0 1 9.55976 -30984.8 8044.89 4.77407e+06 -205776 -398627 2055.88 5.25381 5.59972
1010101 FRAC0_S 0 1 9.34019 -30795.9 7762.87 4.52308e+06 28130.9 -535492 1861.24 -0.772099 7.84556
1010101 FRAC0_S 0 1 8.79565 -30529.1 7552.97 5.43601e+06 -1.24998e+06 -2.86847e+06 3866.79 17.1176 20.443
1010101 FRAC0_S 0 1 4.81396 -30210.6 7435.62 6.15158e+06 183485 -974285 3501.35 -3.47027 9.81054
1010101 FRAC0_S 0 1 -16.8922 -29874.2 7428.54 6.83244e+06 -900281 -1.18918e+06 4420.16 13.4142 9.81018
1010101 FRAC0_S 0 1 -55.4676 -29557.9 7535.17 5.68311e+06 -2.14048e+06 -1.72159e+06 3680.52 27.8745 12.9948
1010101 FRAC0_S 0 1 -61.4681 -29280.6 7726.21 4.49908e+06 -2.02864e+06 -1.71096e+06 2559.8 30.2285 14.7753
1010101 FRAC0_S 0 1 -46.0417 -29069.6 7980.74 5.03491e+06 -644719 -1.01616e+06 2433.34 12.8312 11.0774
1010101 FRAC0_S 0 1 -43.248 -28953.9 8292.99 4.29111e+06 258809 -400725 1668.16 -7.12758 6.09743