
Step FractureNumber TipNr TipActive TipX TipY TipZ KI KII KIII G Phi Psi Extension
1010000 FRAC0_S 0 1 268.801 -14049.6 8500 -320796 1.99524e+06 -437961 380.255 -64.6865 11.5696
1010000 FRAC0_S 0 1 -38.0465 -14013.1 8500 -346316 2.24698e+06 86948.7 450.913 -68.1708 -2.49564
1010000 FRAC0_S 0 1 -341.17 -14073.1 8500 -476359 2.42346e+06 617855 574.129 -63.2268 -12.6821
1010000 FRAC0_S 0 1 -610.898 -14223.9 8500 -2.00856e+07 1.65111e+06 978833 370.358 -9.80627 -3.29982
1010000 FRAC0_S 0 1 -820.827 -14450.7 8500 -1.34691e+07 1.1584e+06 1.31445e+06 349.371 -9.80332 -6.20693
1010000 FRAC0_S 0 1 -950.407 -14731.2 8500 -222664 888448 1.58007e+06 402.39 -38.5895 -34.4203
1010000 FRAC0_S 0 1 -986.955 -15038.1 8500 -335441 -62818.7 1.55338e+06 321.277 4.43376 -41.177
1010000 FRAC0_S 0 1 -926.893 -15341.2 8500 -387671 -590948 1.3767e+06 283.195 30.7193 -34.3172
1010000 FRAC0_S 0 1 -776.1 -15610.9 8500 -700872 -1.67784e+06 1.38771e+06 506.98 48.4749 -24.2588
1010000 FRAC0_S 0 1 -549.337 -15820.8 8500 272406 -2.32529e+06 843814 583.126 62.6362 -17.1407
1010000 FRAC0_S 0 1 -268.801 -15950.4 8500 -248307 -1.92851e+06 334559 346.3 66.2294 -9.80533
1010000 FRAC0_S 0 1 38.0465 -15986.9 8500 -350474 -2.29131e+06 -90451.3 468.926 68.177 2.54604
1010000 FRAC0_S 0 1 341.17 -15926.9 8500 2.00455e+07 -1.98896e+06 -569116 36202.1 11.777 1.94297
1010000 FRAC0_S 0 1 610.898 -15776.1 8500 -4.94012e+06 -1.39108e+06 -1.24492e+06 378.565 23.346 11.926
1010000 FRAC0_S 0 1 820.827 -15549.3 8500 2.65874e+07 -1.22274e+06 -1.13231e+06 63294.5 5.78971 3.00107
1010000 FRAC0_S 0 1 941.446 -15300.5 8500 1.16296e+07 -369736 -1.5544e+06 12385.4 3.76701 8.51132
1010000 FRAC0_S 0 1 986.955 -14961.9 8500 -312710 107473 -1.52433e+06 310.067 -7.52391 40.8661
1010000 FRAC0_S 0 1 926.893 -14658.8 8500 -273133 653075 -1.18621e+06 225.149 -36.5918 33.3944
1010000 FRAC0_S 0 1 776.1 -14389.1 8500 -237806 1.22815e+06 -1.00641e+06 269.121 -52.2718 26.2829
1010000 FRAC0_S 0 1 549.337 -14179.2 8500 -320075 1.56952e+06 -597862 267.051 -60.4674 16.841
Step FractureNumber TipNr TipActive TipX TipY TipZ KI KII KIII G Phi Psi Extension
1010101 FRAC0_S 0 1 281.115 -14009.5 8409.84 2.07856e+06 897308 -13784.6 456.765 -35.7135 0.358938
1010101 FRAC0_S 0 1 -39.7435 -13973.7 8408.67 2.28949e+06 912159 82356.8 542.14 -33.4856 -1.93534
1010101 FRAC0_S 0 1 -364.545 -14023.4 8427.89 2.09746e+06 931150 160057 472.695 -34.9134 -3.8321
1010101 FRAC0_S 0 1 -665.734 -14160.9 8464.9 3.90558e+06 4.73804e+06 1.64905e+06 3721.35 -49.613 -11.6497
1010101 FRAC0_S 0 1 -895.813 -14398.5 8471.63 -136483 2.01637e+06 1.59267e+06 699.666 -55.081 -27.2003
1010101 FRAC0_S 0 1 -1033.39 -14707.8 8466.49 118122 855410 1.70481e+06 452.994 -37.573 -36.2782
1010101 FRAC0_S 0 1 -1075.74 -15042 8501.04 237708 -529389 5.43617e+06 3960.42 11.4378 -43.0114
1010101 FRAC0_S 0 1 -1005.16 -15367.2 8546.19 956251 -1.08837e+06 1.5715e+06 515.499 35.7957 -27.665
1010101 FRAC0_S 0 1 -828.707 -15648.3 8572.4 1.89325e+06 -1.38115e+06 992416 620.38 37.9829 -16.3567
1010101 FRAC0_S 0 1 -577.885 -15859.8 8586 3.17822e+06 -1.27446e+06 705743 1111.09 30.3161 -10.0538
1010101 FRAC0_S 0 1 -280.32 -15988.6 8591.17 -1.8135e+07 1.70916e+06 -2.91113e+06 1387.45 -10.1206 9.43863
1010101 FRAC0_S 0 1 44.4735 -16038.2 8574.4 2.24811e+06 -1.39444e+06 -179112 627.901 41.7635 3.58318
1010101 FRAC0_S 0 1 372.632 -16000.1 8543.32 2.21797e+07 392400 -1.11965e+06 44017 -2.29958 3.6125
1010101 FRAC0_S 0 1 668.416 -15849 8527.44 -3.9306e+06 -1.0071e+06 -411200 112.868 23.8779 5.80127
1010101 FRAC0_S 0 1 900.369 -15601.9 8516.59 -2.40093e+07 -2.64833e+06 431088 649.703 13.0181 -1.23293
1010101 FRAC0_S 0 1 1043.85 -15295.2 8502.53 -74403.5 -491717 -1.38094e+06 275.177 30.8915 38.7211
1010101 FRAC0_S 0 1 1079.33 -14959.9 8480.19 182627 356415 -1.69065e+06 394.444 -20.5903 40.1702
1010101 FRAC0_S 0 1 1001.36 -14634.6 8447.15 -2.28045e+06 -871276 4.98697e+06 3375.34 14.1853 -35.4042
1010101 FRAC0_S 0 1 825.833 -14353 8423.8 -2.00709e+07 2.46778e+07 -441437 54293.3 -55.5775 0.758789
1010101 FRAC0_S 0 1 577.975 -14139 8414.13 1.7141e+06 1.10046e+06 -581491 414.702 -38.0156 12.3881