
Step FractureNumber TipNr TipActive TipX TipY TipZ KI KII KIII G Phi Psi Extension
1010000 FRAC0_S 0 1 15187.2 15969.8 8500 -605358 -6.07224e+06 -1.50137e+06 3585.47 65.3557 13.2061
1010000 FRAC0_S 0 1 14878.4 15980.1 8500 -599345 -4.99932e+06 -2.63435e+06 3150.14 59.2011 21.5793
1010000 FRAC0_S 0 1 14581.4 15894.6 8500 2.08939e+07 -2.7729e+06 -3.28043e+06 41017.9 13.6649 9.00631
1010000 FRAC0_S 0 1 14325.5 15721.5 8500 -2.26256e+07 -2.43063e+06 -4.04951e+06 2707.47 11.2032 10.2134
1010000 FRAC0_S 0 1 14135.5 15477.8 8500 -578496 237618 -4.24883e+06 2406.02 -6.41394 42.2097
1010000 FRAC0_S 0 1 14030.2 15187.2 8500 -429260 1.60838e+06 -2.96316e+06 1398.3 -37.7864 34.6316
1010000 FRAC0_S 0 1 14019.9 14878.4 8500 -602395 3.73368e+06 -3.33992e+06 2725.85 -51.5358 27.6911
1010000 FRAC0_S 0 1 14105.4 14581.4 8500 -4.33021e+06 4.85371e+06 -2.27331e+06 2786.63 -46.7464 14.1774
1010000 FRAC0_S 0 1 14294.8 14308 8500 -576015 5.95035e+06 -1.13094e+06 3325.19 -66.5215 10.8003
1010000 FRAC0_S 0 1 14522.2 14135.5 8500 -653136 5.93737e+06 174327 3145.38 -68.9527 -1.98811
1010000 FRAC0_S 0 1 14812.8 14030.2 8500 -411377 4.42158e+06 1.15551e+06 1919.71 -65.2077 -13.8219
1010000 FRAC0_S 0 1 15121.6 14019.9 8500 -380236 3.71567e+06 1.90093e+06 1710.87 -59.871 -21.4093
1010000 FRAC0_S 0 1 15418.6 14105.4 8500 -599717 3.38268e+06 3.53582e+06 2682.42 -48.8197 -29.3844
1010000 FRAC0_S 0 1 15678.9 14282.5 8500 -539234 1.78064e+06 4.49609e+06 2971.11 -31.7969 -37.0928
1010000 FRAC0_S 0 1 15864.5 14522.2 8500 -629775 -313552 4.27022e+06 2433.99 8.16665 -41.7484
1010000 FRAC0_S 0 1 15969.8 14812.8 8500 -583465 -2.27771e+06 3.99557e+06 2585.58 38.7816 -34.2466
1010000 FRAC0_S 0 1 15980.1 15121.6 8500 -593294 -4.06568e+06 3.31951e+06 2938.51 53.1642 -26.7401
1010000 FRAC0_S 0 1 15894.6 15418.6 8500 -601733 -5.36847e+06 2.40597e+06 3338.09 60.9744 -19.682
1010000 FRAC0_S 0 1 15721.5 15674.5 8500 -3.03927e+07 -6.24529e+06 1.3672e+06 3724.23 21.1156 -2.76326
1010000 FRAC0_S 0 1 15477.8 15864.5 8500 -659302 -6.301e+06 -175446 3542 69.0421 1.89783
Step FractureNumber TipNr TipActive TipX TipY TipZ KI KII KIII G Phi Psi Extension
1010101 FRAC0_S 0 1 15193.9 16010.8 8590.27 5.19687e+06 -1.64635e+06 -1.8363e+06 3096.64 24.037 15.0251
1010101 FRAC0_S 0 1 14866.9 16037.8 8571.58 2.5739e+06 -5.32517e+06 -3.08598e+06 4383.87 51.4173 19.3079
1010101 FRAC0_S 0 1 14542.5 15969.2 8538.15 333197 -931726 -20695.3 87.3076 64.6958 1.24706
1010101 FRAC0_S 0 1 14259.9 15791.3 8512.83 259020 -1.10837e+06 -3.31207e+06 1574.43 29.233 38.6757
1010101 FRAC0_S 0 1 14055.9 15523.4 8483.96 569657 588479 -3.27299e+06 1484.53 -17.3582 39.6094
1010101 FRAC0_S 0 1 13954.3 15204.8 8447 -3.9427e+06 -3.33495e+06 3.64792e+06 2760.94 36.2118 -22.3644
1010101 FRAC0_S 0 1 13954.1 14871.1 8427.32 3.08799e+06 2.53043e+06 -2.4899e+06 2244.85 -36.8734 20.8404
1010101 FRAC0_S 0 1 14051.7 14558.2 8421.08 3.80636e+06 2.57311e+06 -1.29747e+06 2104.94 -39.0605 12.2401
1010101 FRAC0_S 0 1 14244.1 14296.7 8412.6 1.04441e+07 -1.89693e+07 742333 41858 60.3674 -1.90011
1010101 FRAC0_S 0 1 14504.3 14102.7 8407.71 -1.32986e+07 1.29537e+07 -2.31178e+06 15663.4 -49.0934 6.09664
1010101 FRAC0_S 0 1 14806 13989.3 8409.65 1.38405e+06 -5.07032e+06 -986648 2591.02 62.8946 9.76229
1010101 FRAC0_S 0 1 15129.7 13969.7 8415.24 8.39931e+06 -734552 5.04015e+06 9713.26 7.06734 -23.5634
1010101 FRAC0_S 0 1 15448.5 14047.6 8427.57 8.05774e+06 1.60884e+06 1.14733e+07 23524 -10.2492 -32.6127
1010101 FRAC0_S 0 1 15732.1 14220.6 8458.39 1.37931e+06 1.24515e+06 3.26537e+06 1725.82 -26.4685 -33.1007
1010101 FRAC0_S 0 1 15941.4 14479.2 8509.59 1.0481e+06 -654055 3.8996e+06 2158.52 15.392 -38.3067
1010101 FRAC0_S 0 1 16044.6 14795.3 8554.88 7.36498e+06 -9.02311e+06 1.04254e+07 26544.2 39.185 -25.3385
1010101 FRAC0_S 0 1 16040.1 15126.8 8577.54 -1.17631e+07 4.51119e+06 -4.8814e+06 4982.6 -26.6703 16.2406
1010101 FRAC0_S 0 1 15948.5 15446.6 8572.74 3.90612e+06 -3.20836e+06 1.57504e+06 2606.82 42.1483 -13.0539
1010101 FRAC0_S 0 1 15770.9 15719.4 8563.22 3.96106e+06 -3.93068e+06 373562 2793.47 50.7477 -3.45791
1010101 FRAC0_S 0 1 15505.4 15906.3 8578.42 4.44285e+06 -1.72991e+06 -690241 2088.97 30.8414 7.51098