
Step FractureNumber TipNr TipActive TipX TipY TipZ KI KII KIII G Phi Psi Extension
1010000 FRAC0_S 0 1 45000 15987.2 8471.27 -271087 -2.0411e+06 -1.51811e+06 677.759 54.7261 25.7308
1010000 FRAC0_S 0 1 45000 15947.8 8777.76 -417851 -1.33463e+06 -1.67825e+06 533.325 43.8694 30.2593
1010000 FRAC0_S 0 1 45000 15815.6 9057.06 -665170 -660870 -1.81674e+06 477.89 26.3442 34.0619
1010000 FRAC0_S 0 1 45000 15603.5 9281.83 -690721 -164635 -1.87143e+06 468.214 8.19761 37.9886
1010000 FRAC0_S 0 1 45000 15332.4 9430.08 -992403 815436 -1.6995e+06 443.398 -28.7654 30.0471
1010000 FRAC0_S 0 1 45000 15028.7 9487.27 -1.04544e+06 1.54731e+06 -1.50185e+06 513.33 -42.9085 24.1698
1010000 FRAC0_S 0 1 45000 14722.2 9447.82 -771998 1.96945e+06 -778314 426.201 -56.4197 15.6343
1010000 FRAC0_S 0 1 45000 14442.9 9315.6 -962171 2.65452e+06 -522876 664.272 -60.9911 9.32582
1010000 FRAC0_S 0 1 45000 14218.2 9103.54 -719027 2.31165e+06 100722 477.53 -65.2029 -2.47475
1010000 FRAC0_S 0 1 45000 14070 8832.4 -572796 2.3025e+06 753670 547.962 -60.6475 -14.7758
1010000 FRAC0_S 0 1 45000 14012.8 8528.73 -286043 2.19188e+06 1.63698e+06 784.517 -54.7121 -25.8073
1010000 FRAC0_S 0 1 45000 14052.2 8222.24 -280583 1.29925e+06 1.80187e+06 582.239 -43.4553 -32.1918
1010000 FRAC0_S 0 1 45000 14184.4 7942.94 269536 93384.9 2.21374e+06 659.037 -4.98202 -42.6551
1010000 FRAC0_S 0 1 45000 14396.5 7718.17 373786 -1.00056e+06 1.62508e+06 452.895 38.9122 -32.5732
1010000 FRAC0_S 0 1 45000 14667.6 7569.92 550229 -1.90724e+06 1.71321e+06 741.485 49.3832 -26.4721
1010000 FRAC0_S 0 1 45000 14971.3 7512.73 794031 -2.98584e+06 1.40029e+06 1111.41 57.4394 -18.6734
1010000 FRAC0_S 0 1 45000 15277.8 7552.18 973284 -2.22798e+06 -251491 535.155 61.1919 5.50628
1010000 FRAC0_S 0 1 45000 15557.1 7684.4 490563 -3.2638e+06 -40486.3 970.899 68.6292 0.828405
1010000 FRAC0_S 0 1 45000 15781.8 7896.46 734692 -1.66388e+06 -1.00613e+06 429.434 51.7002 20.1681
1010000 FRAC0_S 0 1 45000 15930 8167.6 59455.5 -2.48413e+06 -1.04515e+06 695.484 63.3682 19.9171
Step FractureNumber TipNr TipActive TipX TipY TipZ KI KII KIII G Phi Psi Extension
1010101 FRAC0_S 0 1 45080.5 16044 8471.73 1.64298e+06 -515008 -1.14993e+06 440.048 20.0998 23.1271
1010101 FRAC0_S 0 1 45066.1 16015.3 8800.11 1.37921e+06 -962745 -1.67196e+06 623.894 29.5523 26.7645
1010101 FRAC0_S 0 1 45043 15885 9106.99 185485 -840594 -1.69131e+06 446.481 36.6091 35.7637
1010101 FRAC0_S 0 1 45006.2 15659.6 9354.28 33701.2 -27011.2 -1.74146e+06 403.512 2.08262 44.5583
1010101 FRAC0_S 0 1 44962.5 15362.8 9509.24 215577 775269 -1.65254e+06 420.91 -35.0389 35.8653
1010101 FRAC0_S 0 1 44933.1 15033.3 9557.79 840667 1.34258e+06 -1.42936e+06 495.325 -42.3612 25.6954
1010101 FRAC0_S 0 1 44919.5 14708.2 9502.68 1.65275e+06 1.4083e+06 -920175 532.757 -40.7639 16.2652
1010101 FRAC0_S 0 1 44912.8 14417.1 9355.3 1.7992e+06 1.25578e+06 -336690 444.062 -42.2394 7.41784
1010101 FRAC0_S 0 1 44910.9 14183.2 9130.49 2.0206e+06 932282 197738 446.472 -35.2974 -4.76542
1010101 FRAC0_S 0 1 44913.3 14024.1 8847.48 1.73077e+06 992365 686985 417.459 -34.8129 -14.3742
1010101 FRAC0_S 0 1 44920.2 13954.9 8528.59 1.40985e+06 749653 1.18408e+06 413.672 -27.8701 -23.484
1010101 FRAC0_S 0 1 44943 13982.4 8198.4 988187 299318 1.29236e+06 317.137 -15.3006 -30.7923
1010101 FRAC0_S 0 1 44994.2 14113.9 7894.34 1.22139e+06 21948.8 1.64165e+06 491.415 -1.06106 -33.6992
1010101 FRAC0_S 0 1 45048.2 14346.6 7658 1.6305e+06 -182655 1.69976e+06 624.135 7.09008 -30.0151
1010101 FRAC0_S 0 1 45074.7 14644.4 7510.43 2.44597e+06 -248906 1.50152e+06 838.504 8.05771 -23.6844
1010101 FRAC0_S 0 1 45083 14968.4 7458.94 2.90281e+06 -129838 987188 881.982 4.44887 -17.165
1010101 FRAC0_S 0 1 45088.2 15289.3 7508.08 2.95242e+06 -78531.3 406329 799.259 3.16203 -8.75942
1010101 FRAC0_S 0 1 45088.1 15583 7648.32 2.69345e+06 -83666.4 -66518 647.674 4.05854 1.80651
1010101 FRAC0_S 0 1 45084.8 15822.1 7866.23 2.49507e+06 -354204 -522347 602.213 13.9351 11.2921
1010101 FRAC0_S 0 1 45084.7 15977.9 8150.17 2.24291e+06 -367793 -943432 578.715 13.738 18.3796