
Step FractureNumber TipNr TipActive TipX TipY TipZ KI KII KIII G Phi Psi Extension
1010000 FRAC0_S 0 1 -37359.6 -44382.4 7742.05 1.53523e+06 401136 726072 294.479 -19.5041 -18.8171
1010000 FRAC0_S 0 1 -37611.8 -44252.4 7864.27 1.52901e+06 56562.3 792776 292.203 -3.28991 -22.3332
1010000 FRAC0_S 0 1 -37853.1 -44195.6 8048.71 1.18086e+06 -225668 614026 178.94 14.7629 -20.6559
1010000 FRAC0_S 0 1 -38059.9 -44217.4 8277.33 1.48237e+06 -338462 709641 272.996 17.4733 -19.2789
1010000 FRAC0_S 0 1 -38211.8 -44315.9 8527.75 1.44715e+06 -748649 580907 281.444 32.6579 -14.8738
1010000 FRAC0_S 0 1 -38294.1 -44481.3 8775.45 1.48079e+06 -833564 509958 291.9 35.2219 -13.0078
1010000 FRAC0_S 0 1 -38298.6 -44697.5 8996.18 1.10301e+06 -996586 46673.9 197.206 49.9143 -1.68062
1010000 FRAC0_S 0 1 -38225 -44943.4 9168.35 1.40825e+06 -1.12195e+06 35307.6 289.055 47.8374 -1.06722
1010000 FRAC0_S 0 1 -38080.4 -45194.8 9275.09 1.32068e+06 -1.02776e+06 -420464 273.064 42.3209 11.0835
1010000 FRAC0_S 0 1 -37878.9 -45427.1 9305.97 1.47154e+06 -1.01618e+06 -376309 303.811 40.8609 9.67884
1010000 FRAC0_S 0 1 -37640.4 -45617.6 9257.95 1.37367e+06 -497652 -782214 271.594 23.7939 20.1254
1010000 FRAC0_S 0 1 -37388.2 -45747.6 9135.73 1.3518e+06 -103884 -801473 249.232 6.2951 23.5356
1010000 FRAC0_S 0 1 -37146.9 -45804.4 8951.29 1.11923e+06 220410 -633206 169.28 -14.7673 21.6355
1010000 FRAC0_S 0 1 -36940.1 -45782.6 8722.67 1.37905e+06 607062 -665060 261.133 -28.3869 17.4901
1010000 FRAC0_S 0 1 -36788.2 -45684.1 8472.25 1.13624e+06 891571 -326663 200.071 -42.9764 10.1866
1010000 FRAC0_S 0 1 -36705.9 -45518.7 8224.55 1.67771e+06 1.28209e+06 -315264 410.512 -44.0784 7.20265
1010000 FRAC0_S 0 1 -36701.4 -45302.5 8003.82 1.38658e+06 1.00066e+06 -62792.2 261.075 -45.5029 1.9774
1010000 FRAC0_S 0 1 -36775 -45056.6 7831.65 1.17994e+06 940025 424994 226.827 -42.1613 -12.1053
1010000 FRAC0_S 0 1 -36919.6 -44805.2 7724.91 1.53381e+06 907102 417736 306.169 -37.3762 -10.6935
1010000 FRAC0_S 0 1 -37121.1 -44572.9 7694.03 1.64079e+06 980215 268432 335.103 -39.4378 -6.96149
Step FractureNumber TipNr TipActive TipX TipY TipZ KI KII KIII G Phi Psi Extension
1010101 FRAC0_S 0 1 -37368 -44345.4 7654.43 1.88122e+06 -270041 1.03889e+06 465.404 11.3492 -21.9015
1010101 FRAC0_S 0 1 -37625.6 -44183.1 7800.21 1.79982e+06 -47040.8 841972 383.141 2.42786 -21.1889
1010101 FRAC0_S 0 1 -37876 -44107.6 8016.04 1.90577e+06 -199700 953113 448.018 8.84242 -21.1018
1010101 FRAC0_S 0 1 -38090.7 -44125.3 8276.26 1.34878e+06 -104221 560569 204.872 7.05879 -19.1572
1010101 FRAC0_S 0 1 -38243.9 -44228.9 8557.48 1.95127e+06 -189684 553414 383.221 9.50911 -14.6288
1010101 FRAC0_S 0 1 -38319.7 -44404.9 8831 1.94723e+06 -236077 262054 351.979 12.8633 -7.97978
1010101 FRAC0_S 0 1 -38312.3 -44634.9 9070.52 2.22424e+06 37276.5 -22635.5 441.039 -2.26611 0.769724
1010101 FRAC0_S 0 1 -38231.4 -44898 9255.81 2.29307e+06 180123 -170370 475.309 -9.21411 4.88981
1010101 FRAC0_S 0 1 -38082.1 -45169.7 9370.47 2.15144e+06 218148 -442968 442.802 -10.4376 11.4662
1010101 FRAC0_S 0 1 -37873.1 -45426.9 9403.31 2.09106e+06 152830 -650815 448.053 -7.19638 15.8686
1010101 FRAC0_S 0 1 -37628.7 -45650.4 9347.15 1.70853e+06 166313 -825434 353.203 -8.35721 20.7598
1010101 FRAC0_S 0 1 -37371.8 -45813.9 9201.63 1.67394e+06 78240 -869317 350.748 -4.11602 22.2368
1010101 FRAC0_S 0 1 -37126.9 -45892.7 8981.69 1.866e+06 -186132 -834944 406.082 8.73496 19.7976
1010101 FRAC0_S 0 1 -36920.6 -45877 8715.87 1.60202e+06 469427 -544019 287.698 -22.8724 14.7963
1010101 FRAC0_S 0 1 -36771.5 -45772.9 8434.59 1.84178e+06 -191465 -529683 342.856 10.0681 14.7108
1010101 FRAC0_S 0 1 -36689.8 -45595.8 8165 2.0537e+06 -193621 -316073 392.464 10.1753 9.11589
1010101 FRAC0_S 0 1 -36685.3 -45364 7928.34 2.39025e+06 40176.7 82727.4 510.164 -2.22023 -2.53183
1010101 FRAC0_S 0 1 -36760.4 -45098.6 7743.74 2.20021e+06 -112567 269383 442.155 5.97015 -7.77816
1010101 FRAC0_S 0 1 -36911.7 -44826.6 7629.04 1.88316e+06 -102977 494514 349.48 5.69104 -14.2377
1010101 FRAC0_S 0 1 -37123.2 -44569.5 7596.92 1.50475e+06 -215046 556540 247.085 12.6011 -17.0976