
Step FractureNumber TipNr TipActive TipX TipY TipZ KI KII KIII G Phi Psi Extension
1010000 FRAC0_S 0 1 -30000 -14017.8 8603.45 -1.87509e+06 8.28098e+06 7.37488e+06 13344.4 -50.512 -26.9729
1010000 FRAC0_S 0 1 -30000 -14097.8 8901.92 2.70916e+07 1.47567e+07 1.49588e+07 114568 -31.644 -18.2512
1010000 FRAC0_S 0 1 -30000 -14266.1 9161.05 5.50559e+06 3.9462e+06 1.11314e+07 20568.5 -24.2678 -32.5311
1010000 FRAC0_S 0 1 -30000 -14506.3 9355.47 7.94758e+06 -124939 1.20132e+07 24824.2 0.868131 -34.8468
1010000 FRAC0_S 0 1 -30000 -14794.9 9466.15 8.19532e+06 -3.55078e+06 9.95115e+06 20278.8 21.0364 -28.8322
1010000 FRAC0_S 0 1 -30000 -15103.5 9482.25 1.76765e+07 -4.96868e+06 1.27567e+07 51686.8 18.2702 -23.8217
1010000 FRAC0_S 0 1 -30000 -15401.9 9402.21 9.31772e+06 -1.39326e+07 7.59368e+06 32703.5 48.9565 -17.2031
1010000 FRAC0_S 0 1 -30000 -15661 9233.85 -3.85737e+06 -1.03895e+07 991780 9749.56 62.9118 -4.9367
1010000 FRAC0_S 0 1 -30000 -15855.5 8993.66 4.06725e+06 -1.53838e+07 -601209 22610.9 66.2058 2.30894
1010000 FRAC0_S 0 1 -30000 -15966.1 8705.15 -118115 -1.18781e+07 -4.25363e+06 14978.9 64.9335 18.1564
1010000 FRAC0_S 0 1 -30000 -15982.2 8396.55 -4.48629e+06 -6.81324e+06 -6.61175e+06 9950.64 43.1257 24.2961
1010000 FRAC0_S 0 1 -30000 -15902.2 8098.08 -8.68266e+06 -1.81985e+06 -7.31711e+06 7415.94 13.5676 26.4643
1010000 FRAC0_S 0 1 -30000 -15719.7 7823.19 -1.20235e+07 3.18692e+06 -5.64209e+06 5138.85 -19.7614 18.6886
1010000 FRAC0_S 0 1 -30000 -15493.7 7644.53 -1.4143e+07 6.13457e+06 -3.7494e+06 5223.18 -31.1817 11.3683
1010000 FRAC0_S 0 1 -30000 -15205.1 7533.85 -3.37404e+07 1.51886e+07 3.05326e+06 21796.9 -34.9301 -4.4676
1010000 FRAC0_S 0 1 -30000 -14896.5 7517.75 -1.49085e+07 9.07926e+06 561.111 7345.6 -42.9605 -0.00182449
1010000 FRAC0_S 0 1 -30000 -14598.1 7597.79 -1.43851e+07 8.86927e+06 1.21997e+06 7207.69 -41.5419 -3.80607
1010000 FRAC0_S 0 1 -30000 -14339 7766.15 -9.85177e+06 7.30201e+06 2.21622e+06 5404.54 -42.8288 -8.4924
1010000 FRAC0_S 0 1 -30000 -14144.5 8006.34 5.35588e+06 1.29904e+07 696980 17658.1 -62.9281 -2.81059
1010000 FRAC0_S 0 1 -30000 -14033.9 8294.85 3.67116e+06 1.51918e+07 9.14474e+06 32889.1 -55.3431 -21.9496
Step FractureNumber TipNr TipActive TipX TipY TipZ KI KII KIII G Phi Psi Extension
1010101 FRAC0_S 0 1 -30072.3 -13952.8 8612.49 7.00065e+06 6.5675e+06 6.43777e+06 13722.9 -38.4153 -21.6827
1010101 FRAC0_S 0 1 -30055.8 -14026.1 8936.16 8.09517e+06 3.8576e+06 1.04395e+07 21660.3 -22.0409 -29.1918
1010101 FRAC0_S 0 1 -30033.3 -14200.3 9221.87 3.39511e+07 1.93167e+06 1.35014e+07 127292 -5.36903 -18.8583
1010101 FRAC0_S 0 1 -30000.5 -14459.6 9436.85 1.21682e+07 180620 1.22474e+07 33146.9 -1.0243 -30.6571
1010101 FRAC0_S 0 1 -29973.8 -14775.2 9557.06 1.30357e+07 -1.65811e+06 1.29117e+07 37560 8.15648 -29.2631
1010101 FRAC0_S 0 1 -29956.5 -15110.3 9567.3 1.7254e+07 -4.92227e+06 1.13704e+07 45882.3 19.035 -22.6464
1010101 FRAC0_S 0 1 -29932.2 -15425.4 9464.27 1.7909e+07 2.49546e+06 1.08081e+07 44671.9 -10.7456 -23.0525
1010101 FRAC0_S 0 1 -29913.7 -15691.7 9270.8 1.99743e+07 -130307 4.24349e+06 37948.8 0.747251 -12.5918
1010101 FRAC0_S 0 1 -29909.3 -15891 9014.4 1.88687e+07 287143 1.54474e+06 32050.3 -1.92851 -5.63683
1010101 FRAC0_S 0 1 -29914.7 -16013.8 8712.68 1.75275e+07 -4.36771e+06 -7.74517e+06 37054.1 19.1099 18.1285
1010101 FRAC0_S 0 1 -29937.3 -16051.2 8385.03 4.10041e+06 -7.48349e+06 -6.4111e+06 11955.2 46.115 23.6005
1010101 FRAC0_S 0 1 -29979.6 -15982.3 8060.64 -1.05555e+07 -1.07681e+06 -1.01077e+07 13691.3 6.76263 29.1315
1010101 FRAC0_S 0 1 -30024 -15801.7 7779.05 -9.80922e+06 1.08863e+07 -9.74396e+06 23188.3 -41.116 21.587
1010101 FRAC0_S 0 1 -30048.7 -15536.8 7571.69 -5.79033e+06 1.97205e+07 -7.32159e+06 41784.3 -58.8359 15.7529
1010101 FRAC0_S 0 1 -30058.6 -15222.4 7457.03 -6.44174e+06 1.22919e+07 -1.15189e+06 13640.1 -59.7924 4.40749
1010101 FRAC0_S 0 1 -30065 -14889.3 7444.21 -6.00756e+06 1.60506e+07 -63562 22957.3 -64.7278 0.223843
1010101 FRAC0_S 0 1 -30067.1 -14568.7 7531.78 -4.36202e+06 1.15211e+07 1.72744e+06 12224.9 -61.6303 -7.33359
1010101 FRAC0_S 0 1 -30072.8 -14297 7716.13 10256.6 1.23707e+07 2.46261e+06 14443.6 -68.0572 -12.0322
1010101 FRAC0_S 0 1 -30082.1 -14098.7 7978.39 3.94185e+06 1.05944e+07 3.88209e+06 13390.8 -57.3687 -14.9743
1010101 FRAC0_S 0 1 -30082.7 -13980.4 8284.93 4.02182e+06 7.32853e+06 4.37352e+06 8771.2 -50.0448 -19.1423