
Step FractureNumber TipNr TipActive TipX TipY TipZ KI KII KIII G Phi Psi Extension
1010000 FRAC0_S 0 1 -29799.2 -29424 7723.21 -1.71653e+07 -4.05218e+06 -787230 1545.63 23.4073 2.74826
1010000 FRAC0_S 0 1 -30050.4 -29277.8 7828.17 -1.61336e+07 -3.73846e+06 -1.31182e+06 1474.28 22.5266 4.70362
1010000 FRAC0_S 0 1 -30296.6 -29202.2 7998.91 -1.39855e+07 -1.70029e+06 -1.95887e+06 767.957 12.8408 8.25264
1010000 FRAC0_S 0 1 -30513.8 -29204.8 8218.7 -1.68083e+07 -2.41761e+06 -3.44212e+06 2096.64 14.1352 11.0833
1010000 FRAC0_S 0 1 -30692.7 -29295.6 8488.26 -1.49755e+07 209060 -3.27995e+06 1434.72 -1.57615 12.8143
1010000 FRAC0_S 0 1 -30781.1 -29435.6 8716.66 -1.79406e+07 2.32368e+06 -3.93396e+06 2539.46 -12.7983 11.8085
1010000 FRAC0_S 0 1 -30804.9 -29641.2 8946.1 -1.75353e+07 3.99756e+06 -3.78599e+06 3330.4 -20.3594 10.9257
1010000 FRAC0_S 0 1 -30749.9 -29882 9131.87 -1.80035e+07 6.11941e+06 -2.93046e+06 4479.07 -28.0861 8.06187
1010000 FRAC0_S 0 1 -30621.5 -30134.2 9255.79 -1.80376e+07 7.56677e+06 -1.6237e+06 5452.72 -33.5003 4.53404
1010000 FRAC0_S 0 1 -30432.3 -30373.4 9305.73 -2.14658e+07 9.52143e+06 -83500.7 8079.43 -36.3285 0.209382
1010000 FRAC0_S 0 1 -30200.8 -30576 9276.79 -1.82856e+07 7.81375e+06 1.71293e+06 5830.83 -33.8073 -4.67876
1010000 FRAC0_S 0 1 -29973.9 -30711.4 9185.29 -1.85959e+07 6.83457e+06 2.93614e+06 5309.03 -29.6676 -7.71998
1010000 FRAC0_S 0 1 -29703.4 -30797.8 9001.09 -1.95372e+07 4.99578e+06 4.29204e+06 4674.06 -22.1613 -10.8825
1010000 FRAC0_S 0 1 -29486.2 -30795.2 8781.3 -1.79936e+07 2.19089e+06 4.33314e+06 2924.95 -11.9514 -12.7546
1010000 FRAC0_S 0 1 -29319.2 -30714.8 8533.98 -1.35346e+07 -789685 2.5967e+06 952.367 6.38119 -11.1927
1010000 FRAC0_S 0 1 -29218.9 -30564.4 8283.34 -1.73509e+07 -1.31763e+06 3.60977e+06 1887.76 8.0353 -11.772
1010000 FRAC0_S 0 1 -29195.1 -30358.8 8053.9 -1.35675e+07 -2.13424e+06 1.46507e+06 691.371 16.3234 -6.41643
1010000 FRAC0_S 0 1 -29250.1 -30118 7868.13 -1.6295e+07 -3.04793e+06 1.96279e+06 1340.21 18.5954 -6.90567
1010000 FRAC0_S 0 1 -29378.5 -29865.8 7744.21 -1.60003e+07 -3.39027e+06 1.08889e+06 1181.92 21.2579 -4.05396
1010000 FRAC0_S 0 1 -29567.7 -29626.6 7694.27 -1.60305e+07 -3.58265e+06 369333 1161.9 22.8504 -1.43039
Step FractureNumber TipNr TipActive TipX TipY TipZ KI KII KIII G Phi Psi Extension
1010101 FRAC0_S 0 1 -29758.4 -29349 7675.22 -1.33797e+07 -9.42784e+06 -303866 7932.75 45.4617 1.01983
1010101 FRAC0_S 0 1 -30035.4 -29190.9 7786.36 -1.37425e+07 -8.15771e+06 -1.33708e+06 6167.89 40.5215 4.37887
1010101 FRAC0_S 0 1 -30309.6 -29111 7967.03 -1.50814e+07 -6.66813e+06 -2.12386e+06 4562.12 33.6427 6.67799
1010101 FRAC0_S 0 1 -30553.8 -29118.2 8201.52 -1.37235e+07 -3.75351e+06 -2.58031e+06 2140.97 23.748 9.4883
1010101 FRAC0_S 0 1 -30747.6 -29216.1 8462.27 -1.59534e+07 55308.9 -3.92281e+06 2046.93 -0.387954 14.0733
1010101 FRAC0_S 0 1 -30867.8 -29393 8725.27 -1.66443e+07 5.30896e+06 -4.2627e+06 4928.26 -25.4805 11.8103
1010101 FRAC0_S 0 1 -30899.1 -29627.7 8966.69 -1.5289e+07 9.27686e+06 -3.86969e+06 9660.42 -38.2235 10.0036
1010101 FRAC0_S 0 1 -30842.2 -29897.7 9160.05 -1.27233e+07 1.21875e+07 -3.07562e+06 14494.2 -47.6923 8.1734
1010101 FRAC0_S 0 1 -30704.6 -30176.2 9286.96 -1.07131e+07 1.47036e+07 -1.73775e+06 19666.7 -55.2831 4.85648
1010101 FRAC0_S 0 1 -30500.4 -30436.7 9337.78 -1.07638e+07 1.74342e+07 -208384 27090.9 -59.5563 0.570417
1010101 FRAC0_S 0 1 -30248.6 -30655.5 9308.92 -1.06226e+07 1.4947e+07 1.87848e+06 20377.5 -55.4799 -5.18358
1010101 FRAC0_S 0 1 -29972.4 -30812.6 9201.7 -9.5803e+06 1.04269e+07 2.47196e+06 10500.8 -49.8778 -8.17834
1010101 FRAC0_S 0 1 -29696.7 -30891.8 9025.3 -1.48224e+07 1.03191e+07 4.27436e+06 11918.7 -40.4978 -10.6373
1010101 FRAC0_S 0 1 -29446.5 -30881.1 8798.02 -1.83008e+07 5.27774e+06 4.83792e+06 5595.04 -23.5873 -12.323
1010101 FRAC0_S 0 1 -29250.5 -30782.3 8539.46 -1.41515e+07 -854646 3.01095e+06 1270.84 6.48345 -12.1135
1010101 FRAC0_S 0 1 -29133.4 -30609.6 8272.19 -1.52195e+07 -3.37226e+06 3.05866e+06 2257.64 20.1081 -10.3608
1010101 FRAC0_S 0 1 -29103.7 -30378.4 8026.37 -1.36224e+07 -5.24498e+06 2.39821e+06 3216.33 30.2716 -8.37672
1010101 FRAC0_S 0 1 -29161.4 -30110.7 7827.64 -1.5676e+07 -7.6034e+06 1.47298e+06 5440.16 36.3999 -4.5248
1010101 FRAC0_S 0 1 -29300.4 -29832.8 7695.28 -1.20913e+07 -6.4607e+06 519975 3755.46 39.3926 -2.10204
1010101 FRAC0_S 0 1 -29506.1 -29570.4 7642.99 -1.35702e+07 -8.17718e+06 512956 5993.45 41.9822 -1.77987