
Step FractureNumber TipNr TipActive TipX TipY TipZ KI KII KIII G Phi Psi Extension
1010000 FRAC0_S 0 1 7111.2 -44193.7 8082.52 5.04993e+06 3.51495e+06 846042 3468.61 -42.5245 -6.74549
1010000 FRAC0_S 0 1 6911.9 -44228.1 8316.18 5.77592e+06 3.49716e+06 1.94276e+06 4564.63 -36.8472 -12.5207
1010000 FRAC0_S 0 1 6770.17 -44338 8567.82 4.60543e+06 1.90733e+06 2.02785e+06 2761.11 -27.7743 -16.6596
1010000 FRAC0_S 0 1 6699.88 -44512.7 8812.81 6.07851e+06 1.13714e+06 3.06863e+06 4660.08 -14.6241 -20.3357
1010000 FRAC0_S 0 1 6707.91 -44735.1 9027.19 6.67375e+06 -427393 3.56913e+06 5679.39 5.49533 -22.3982
1010000 FRAC0_S 0 1 6793.47 -44983.4 9189.97 6.22597e+06 -2.00286e+06 3.34115e+06 5296.33 22.1375 -19.7727
1010000 FRAC0_S 0 1 6948.19 -45233.4 9285.21 5.86757e+06 -3.23748e+06 2.26431e+06 4683.81 34.1897 -14.2255
1010000 FRAC0_S 0 1 7156.94 -45460.5 9303.59 4.92795e+06 -3.33729e+06 1.28925e+06 3377.54 40.3604 -9.92418
1010000 FRAC0_S 0 1 7399.26 -45642.5 9243.3 5.09896e+06 -3.93264e+06 394213 3715.62 46.2258 -3.20445
1010000 FRAC0_S 0 1 7651.44 -45761.7 9110.26 3.94744e+06 -3.08694e+06 -302973 2249.89 46.5101 3.1645
1010000 FRAC0_S 0 1 7888.8 -45806.3 8917.48 5.34263e+06 -3.59792e+06 -1.10645e+06 3859.88 41.1583 8.18972
1010000 FRAC0_S 0 1 8088.1 -45771.9 8683.82 4.10027e+06 -2.29853e+06 -1.37565e+06 2220.62 35.2726 12.7685
1010000 FRAC0_S 0 1 8229.83 -45662 8432.18 5.7208e+06 -2.13408e+06 -2.34749e+06 4055.11 26.2217 16.2001
1010000 FRAC0_S 0 1 8300.12 -45487.3 8187.19 4.9951e+06 -944393 -2.33307e+06 3026.81 15.0701 19.3732
1010000 FRAC0_S 0 1 8292.09 -45264.9 7972.81 5.56645e+06 193834 -2.96085e+06 3930.42 -3.07703 22.6776
1010000 FRAC0_S 0 1 8206.53 -45016.6 7810.03 5.78345e+06 1.3902e+06 -2.56595e+06 4028.48 -18.5569 18.259
1010000 FRAC0_S 0 1 8051.81 -44766.6 7714.79 4.91511e+06 2.03632e+06 -1.83342e+06 2969.32 -28.6907 14.8414
1010000 FRAC0_S 0 1 7843.06 -44539.5 7696.41 5.77576e+06 3.20615e+06 -1.56843e+06 4215.83 -36.0803 10.8663
1010000 FRAC0_S 0 1 7600.74 -44357.5 7756.7 6.12417e+06 4.39677e+06 -692733 5128.57 -44.1312 4.69257
1010000 FRAC0_S 0 1 7348.56 -44238.3 7889.74 5.85754e+06 4.61887e+06 11032.6 4958.52 -48.0808 -0.0820179
Step FractureNumber TipNr TipActive TipX TipY TipZ KI KII KIII G Phi Psi Extension
1010101 FRAC0_S 0 1 7043.31 -44174 8014 8.32996e+06 -995347 479076 6301.99 13.4914 -3.73256
1010101 FRAC0_S 0 1 6830.68 -44200.7 8268.67 8.06436e+06 -148267 1.67496e+06 6170.26 2.08359 -12.2662
1010101 FRAC0_S 0 1 6680.22 -44306.5 8549.04 7.97617e+06 -3055.7 2.6627e+06 6612.08 0.0401935 -17.4503
1010101 FRAC0_S 0 1 6611.75 -44479.9 8830.31 7.09477e+06 94869.8 2.95467e+06 5647.33 -1.30316 -19.919
1010101 FRAC0_S 0 1 6636.39 -44704.9 9082.17 7.42418e+06 97576 3.34157e+06 6397.54 -1.25185 -20.8705
1010101 FRAC0_S 0 1 6749.2 -44960.5 9272.43 6.75478e+06 431277 2.69748e+06 5050.17 -5.97574 -18.8301
1010101 FRAC0_S 0 1 6932.92 -45220.6 9380.78 7.19688e+06 18739.8 2.02813e+06 5162.56 -0.283533 -15.5251
1010101 FRAC0_S 0 1 7167.62 -45457.2 9401.27 8.06293e+06 884596 1.71575e+06 6254.37 -11.1323 -11.6961
1010101 FRAC0_S 0 1 7432.42 -45646.5 9336.13 7.38306e+06 894473 806189 5015.09 -13.107 -6.66264
1010101 FRAC0_S 0 1 7703.22 -45774 9193.35 7.45541e+06 721954 57922 4999.91 -11.7352 -0.546972
1010101 FRAC0_S 0 1 7956.21 -45828.5 8985.62 7.39986e+06 494462 -719209 4970.06 -7.80606 6.28275
1010101 FRAC0_S 0 1 8168.94 -45801.7 8730.38 5.25816e+06 242738 -1.08082e+06 2624.35 -5.06809 11.9189
1010101 FRAC0_S 0 1 8320.75 -45693.6 8447.05 7.1606e+06 -158206 -2.2632e+06 5252.51 2.29242 16.5821
1010101 FRAC0_S 0 1 8388.94 -45519.7 8170.14 6.67401e+06 71872.4 -2.47541e+06 4784.6 -1.08693 18.5606
1010101 FRAC0_S 0 1 8366.26 -45293 7919.56 6.5704e+06 -159638 -2.64396e+06 4778.9 2.36388 19.3748
1010101 FRAC0_S 0 1 8255.82 -45035.7 7729.26 6.29415e+06 -544474 -2.30361e+06 4262.41 8.08954 17.5588
1010101 FRAC0_S 0 1 8073.33 -44774.2 7619.96 7.11073e+06 -943039 -2.13259e+06 5189.74 12.3611 14.8835
1010101 FRAC0_S 0 1 7837.21 -44537.8 7598.61 6.99235e+06 -1.0391e+06 -1.59881e+06 4793.04 14.291 12.04
1010101 FRAC0_S 0 1 7569.52 -44351.1 7663.59 7.17813e+06 -1.2893e+06 -998520 4872.17 17.77 7.86067
1010101 FRAC0_S 0 1 7296.73 -44227.1 7806.53 8.21455e+06 -1.08805e+06 -334983 6133.45 14.9133 2.67125