
Step FractureNumber TipNr TipActive TipX TipY TipZ KI KII KIII G Phi Psi Extension
1010000 FRAC0_S 0 1 -30000 984.872 8574.53 -889015 1.53422e+07 -4.30026e+06 23434.5 -65.5283 14.8892
1010000 FRAC0_S 0 1 -30000 913.64 8875.22 -3.19964e+06 1.39684e+07 -481987 17417.6 -66.9543 2.10542
1010000 FRAC0_S 0 1 -30000 752.975 9139.18 1.73748e+07 1.39658e+07 2.61995e+06 45194 -45.735 -5.82107
1010000 FRAC0_S 0 1 -30000 518.603 9340.58 -6.78964e+06 1.29133e+07 5.90578e+06 19498.2 -52.7965 -16.233
1010000 FRAC0_S 0 1 -30000 233.466 9459.7 7.69661e+06 6.93057e+06 6.87293e+06 15841.4 -37.8554 -21.562
1010000 FRAC0_S 0 1 -30000 -74.5244 9484.87 -7.65155e+06 4.80886e+06 9.48592e+06 14028.4 -27.3158 -27.5489
1010000 FRAC0_S 0 1 -30000 -375.22 9413.64 -7.12382e+06 394991 1.01232e+07 13643.7 -3.0994 -33.8918
1010000 FRAC0_S 0 1 -30000 -639.186 9252.98 -4.66343e+06 -3.23002e+06 7.50669e+06 8424.29 26.2842 -30.1797
1010000 FRAC0_S 0 1 -30000 -840.583 9018.61 -4.52815e+06 -8.13769e+06 8.31578e+06 15098.3 43.7689 -25.7305
1010000 FRAC0_S 0 1 -30000 -959.699 8733.46 -2.41445e+06 -1.22051e+07 6.49087e+06 18877.8 57.5434 -20.863
1010000 FRAC0_S 0 1 -30000 -984.872 8425.47 -915387 -1.54424e+07 3.98001e+06 23356.6 65.9443 -14.0005
1010000 FRAC0_S 0 1 -30000 -913.64 8124.78 1.26674e+06 -1.65396e+07 332284 24534.5 69.456 -1.41782
1010000 FRAC0_S 0 1 -30000 -752.975 7860.82 3.60534e+07 -1.59936e+07 -3.34552e+06 140112 34.5869 4.59057
1010000 FRAC0_S 0 1 -30000 -518.603 7659.42 4.30451e+06 -1.33096e+07 -6.5643e+06 23167.5 55.8549 18.7442
1010000 FRAC0_S 0 1 -30000 -233.466 7540.3 3.12773e+07 -9.49295e+06 -8.40062e+06 104590 24.4194 12.3627
1010000 FRAC0_S 0 1 -30000 74.5244 7515.13 5.03115e+06 -4.76347e+06 -1.04646e+07 18842 29.0478 31.485
1010000 FRAC0_S 0 1 -30000 375.22 7586.36 4.65658e+06 159875 -1.105e+07 18174.3 -1.40357 38.3163
1010000 FRAC0_S 0 1 -30000 639.186 7747.02 5.76134e+06 3.91605e+06 -1.01672e+07 18072.7 -24.9011 31.3003
1010000 FRAC0_S 0 1 -30000 840.583 7981.39 2.70061e+07 8.82433e+06 -9.12334e+06 82999.7 -24.7844 14.4708
1010000 FRAC0_S 0 1 -30000 959.699 8266.54 -1.07094e+07 1.16354e+07 -6.36764e+06 17456.6 -45.2381 15.6753
Step FractureNumber TipNr TipActive TipX TipY TipZ KI KII KIII G Phi Psi Extension
1010101 FRAC0_S 0 1 -30086.3 1031.69 8575.65 1.58892e+07 6.58725e+06 -3.30352e+06 27815.4 -31.2023 9.45326
1010101 FRAC0_S 0 1 -30086.7 955.377 8894.73 1.27525e+07 6.99747e+06 -370055 18873.1 -40.2232 1.42344
1010101 FRAC0_S 0 1 -30078.7 796.57 9178.35 1.0027e+07 1.09969e+07 3.07159e+06 20990.2 -49.3139 -9.40686
1010101 FRAC0_S 0 1 -30073 552.445 9396.78 1.22236e+07 1.13581e+07 3.58761e+06 26522 -46.2933 -9.72425
1010101 FRAC0_S 0 1 -30062 249.058 9533.07 -1.73679e+07 1.49795e+07 9.21789e+06 31295.9 -41.3625 -15.675
1010101 FRAC0_S 0 1 -30039.6 -82.6941 9571.44 -3.06462e+06 6.79121e+06 1.04757e+07 18705.3 -38.9533 -31.4283
1010101 FRAC0_S 0 1 -30003.1 -410.369 9499.06 -4.1116e+06 -5.09814e+06 1.10598e+07 18584.5 30.7842 -32.7349
1010101 FRAC0_S 0 1 -29962 -693.045 9319.72 -756310 -6.30246e+06 1.06947e+07 18751.5 40.8782 -35.0119
1010101 FRAC0_S 0 1 -29933.3 -898.854 9057.82 8.65727e+06 -1.32029e+07 3.54961e+06 23887.7 53.845 -10.2522
1010101 FRAC0_S 0 1 -29917.7 -1011.3 8748.52 1.95593e+07 5.93302e+06 8.63637e+06 47147.1 -22.2225 -17.625
1010101 FRAC0_S 0 1 -29909.9 -1026.35 8423.78 1.92338e+07 -5.38297e+06 2.96563e+06 36717.1 24.6562 -8.00498
1010101 FRAC0_S 0 1 -29916.1 -955.722 8104.02 1.32156e+07 -2.96596e+06 305781 16359.5 22.9198 -1.43527
1010101 FRAC0_S 0 1 -29927.5 -799.839 7818.9 8.2352e+06 -1.16347e+07 -4.22941e+06 20484.8 51.2739 12.6725
1010101 FRAC0_S 0 1 -29934 -554.41 7600.09 -3.58098e+06 -1.8782e+07 -5.16579e+06 34983.9 62.9332 13.4747
1010101 FRAC0_S 0 1 -29946.5 -249.946 7462.33 1.11204e+07 -3.29808e+06 -8.45475e+06 21496.1 18.7312 24.3227
1010101 FRAC0_S 0 1 -29966 81.9362 7426.31 1.01455e+07 -3.96827e+06 -1.09625e+07 26558.8 20.4018 27.7922
1010101 FRAC0_S 0 1 -29999.6 410.532 7501.05 8.34343e+06 459438 -1.04564e+07 20763.8 -3.29992 32.621
1010101 FRAC0_S 0 1 -30032.2 697.346 7677.42 7.66382e+06 3.20728e+06 -1.04121e+07 20569.3 -19.5077 30.261
1010101 FRAC0_S 0 1 -30049.3 910.997 7936.11 9.19464e+06 6.03611e+06 -8.64856e+06 20728.3 -30.9159 23.9212
1010101 FRAC0_S 0 1 -30068.8 1023.55 8247.08 1.674e+07 2.0031e+06 -8.29774e+06 34485.9 -9.98664 20.8277