
Step FractureNumber TipNr TipActive TipX TipY TipZ KI KII KIII G Phi Psi Extension
1010000 FRAC0_S 0 1 44054 29715.9 8500 63304.9 186475 -32190.5 3.59355 -61.9711 8.4746
1010000 FRAC0_S 0 1 44188.1 29437.5 8500 61258.4 172784 5655.14 2.99897 -64.5449 -1.82187
1010000 FRAC0_S 0 1 44401.7 29214.1 8500 61473.5 162363 38407.1 2.88202 -59.8457 -10.7157
1010000 FRAC0_S 0 1 44673.8 29067.8 8500 70919.3 149950 81547.8 3.33627 -52.2075 -18.6334
1010000 FRAC0_S 0 1 44977.9 29012.6 8500 61386 94108.1 96183.8 2.3554 -42.5619 -24.9895
1010000 FRAC0_S 0 1 45284.1 29054 8500 39288.1 -26803.2 53865.7 0.587465 27.7869 -28.3712
1010000 FRAC0_S 0 1 45562.5 29188.1 8500 50199.5 -8648.88 91082.6 1.33459 7.84307 -35.206
1010000 FRAC0_S 0 1 45785.9 29401.7 8500 44852.3 -46217.7 82317 1.27083 32.3444 -29.5931
1010000 FRAC0_S 0 1 45932.2 29673.8 8500 91930.6 -212181 187283 9.42986 47.3999 -24.9343
1010000 FRAC0_S 0 1 45987.4 29977.9 8500 54465.9 -130265 57211.4 2.21177 55.0856 -16.5992
1010000 FRAC0_S 0 1 45946 30284.1 8500 56477.1 -150722 29417.5 2.42366 60.7756 -9.18731
1010000 FRAC0_S 0 1 45811.9 30562.5 8500 39803.1 -118167 -4547.02 1.38821 64.787 2.15651
1010000 FRAC0_S 0 1 45598.3 30785.9 8500 39495.6 -107821 -26106.9 1.26559 59.9833 10.9942
1010000 FRAC0_S 0 1 45326.2 30932.2 8500 62655.2 -133430 -69920.2 2.58651 52.6123 18.2225
1010000 FRAC0_S 0 1 45022.1 30987.4 8500 58047.5 -96552.1 -92627.3 2.27208 43.9991 24.5915
1010000 FRAC0_S 0 1 44715.9 30946 8500 57996.3 -48871.3 -107804 2.05823 28.244 30.8479
1010000 FRAC0_S 0 1 44437.5 30811.9 8500 72444.1 55816.2 -171792 4.67046 -23.6207 33.8407
1010000 FRAC0_S 0 1 44214.1 30598.3 8500 61071.8 55160.4 -111832 2.26685 -29.766 30.3128
1010000 FRAC0_S 0 1 44067.8 30326.2 8500 57525 94161.4 -89175.3 2.1426 -44.0328 24.3549
1010000 FRAC0_S 0 1 44012.6 30022.1 8500 53324.2 40514.7 -109908 2.00626 -25.0709 32.4732
Step FractureNumber TipNr TipActive TipX TipY TipZ KI KII KIII G Phi Psi Extension
1010101 FRAC0_S 0 1 44000.1 29703.6 8422.7 630214 298841 -185149 47.9091 -32.5139 12.0501
1010101 FRAC0_S 0 1 44151.6 29411.9 8411.17 742197 276295 -61346.7 56.3898 -31.2386 4.32475
1010101 FRAC0_S 0 1 44372.6 29173.6 8414.44 751935 247724 157282 59.1418 -26.7674 -9.99395
1010101 FRAC0_S 0 1 44655.7 29010.4 8421.96 599746 319938 245251 49.1734 -33.1697 -14.9585
1010101 FRAC0_S 0 1 44978.4 28940.1 8458.08 415459 392064 326080 43.2201 -40.0468 -19.7061
1010101 FRAC0_S 0 1 45310.5 28973 8509.81 54329.9 -138224 178399 6.19845 42.4474 -29.8795
1010101 FRAC0_S 0 1 45613.8 29113.5 8531.85 153778 -158419 256249 13.0768 33.5797 -28.4555
1010101 FRAC0_S 0 1 45849.5 29350.2 8548.56 311971 -292536 258847 25.2097 39.4004 -20.4193
1010101 FRAC0_S 0 1 45995.4 29649.5 8570.68 496042 -340730 222008 38.8268 37.8045 -14.9043
1010101 FRAC0_S 0 1 46043.7 29975.1 8581.22 782875 -312512 -79611.3 64.1607 32.2838 5.13335
1010101 FRAC0_S 0 1 45992.3 30296.9 8586.75 625043 -350065 115800 47.5168 37.717 -7.90786
1010101 FRAC0_S 0 1 45848.6 30588.1 8588.7 738014 -294657 8988.6 56.2827 34.001 -0.670613
1010101 FRAC0_S 0 1 45627.2 30826.1 8585.77 909549 -283197 -308101 93.4907 23.9245 14.6215
1010101 FRAC0_S 0 1 45344.2 30988.9 8578.74 611051 -340307 -286565 54.5139 33.1962 16.2878
1010101 FRAC0_S 0 1 45021.7 31058.9 8566.42 429133 -293835 -129370 26.3297 39.9444 11.0788
1010101 FRAC0_S 0 1 44690.6 31025 8531.01 227722 -193069 -277526 18.1864 33.356 25.7867
1010101 FRAC0_S 0 1 44387.8 30883.8 8479.38 161353 65601.1 -281568 13.2478 -16.8955 33.0713
1010101 FRAC0_S 0 1 44149.6 30649.3 8447.78 302555 256722 -242948 21.8802 -37.6331 20.5952
1010101 FRAC0_S 0 1 43993.9 30351.7 8442.24 398388 364371 -94335.1 27.1573 -46.8662 8.18522
1010101 FRAC0_S 0 1 43939.1 30025.7 8439.37 619094 479759 -187257 59.3279 -42.4837 10.6572