
Step FractureNumber TipNr TipActive TipX TipY TipZ KI KII KIII G Phi Psi Extension
1010000 FRAC0_S 0 1 8165.74 44270.2 8500 -1.50286e+06 -5.00362e+06 -4.15216e+06 4523.95 50.2956 25.3776
1010000 FRAC0_S 0 1 8348.75 44494.9 8500 -1.21271e+06 -2.53459e+06 -4.40365e+06 3151.61 36.7653 32.5083
1010000 FRAC0_S 0 1 8463.3 44781.9 8500 -1.04194e+06 -433667 -4.52556e+06 2740.69 9.75139 40.0542
1010000 FRAC0_S 0 1 8483.56 45090.2 8500 -1.1422e+06 1.67895e+06 -4.66545e+06 3146.13 -27.876 35.7922
1010000 FRAC0_S 0 1 8407.54 45389.7 8500 -878875 3.33963e+06 -3.61472e+06 2731.66 -46.9641 28.9667
1010000 FRAC0_S 0 1 8242.68 45651.1 8500 -795413 3.54904e+06 -2.10671e+06 1712.69 -55.8338 21.9527
1010000 FRAC0_S 0 1 8005.12 45848.8 8500 -742962 6.08601e+06 -1.86604e+06 3763.71 -63.6976 15.2197
1010000 FRAC0_S 0 1 7718.12 45963.3 8500 -851444 6.24575e+06 -336523 3491.19 -68.2123 3.46342
1010000 FRAC0_S 0 1 7409.76 45983.5 8500 -759256 5.88535e+06 910974 3196.9 -66.5793 -8.92472
1010000 FRAC0_S 0 1 7110.24 45907.6 8500 -836505 5.31866e+06 2.12518e+06 3121.44 -61.0447 -17.8452
1010000 FRAC0_S 0 1 6848.88 45742.6 8500 -629528 3.12385e+06 2.45312e+06 1669.94 -52.7316 -25.6742
1010000 FRAC0_S 0 1 6651.25 45505.1 8500 -843696 2.70969e+06 4.17287e+06 2970.19 -40.4897 -32.501
1010000 FRAC0_S 0 1 6536.7 45218.1 8500 -866145 576384 3.72063e+06 1870.74 -14.7564 -39.0714
1010000 FRAC0_S 0 1 6516.44 44909.8 8500 -1.12884e+06 -1.35528e+06 4.52361e+06 2885.26 24.4574 -36.5995
1010000 FRAC0_S 0 1 6592.46 44610.3 8500 -1.15005e+06 -3.26251e+06 3.87467e+06 2945.22 44.2662 -29.2549
1010000 FRAC0_S 0 1 6757.32 44348.9 8500 -1.09992e+06 -4.46835e+06 2.69605e+06 2745.91 55.2318 -21.9337
1010000 FRAC0_S 0 1 7015.13 44139.1 8500 -1.2872e+06 -6.33308e+06 1.85695e+06 4032.63 62.2955 -14.0163
1010000 FRAC0_S 0 1 7281.88 44036.7 8500 -1.53781e+06 -6.91061e+06 273030 4265.5 66.9823 -2.40949
1010000 FRAC0_S 0 1 7590.24 44016.5 8500 -1.1686e+06 -6.9278e+06 -1.30213e+06 4502.29 65.1624 10.1731
1010000 FRAC0_S 0 1 7889.76 44092.4 8500 -1.34898e+06 -5.65111e+06 -2.45491e+06 3647.27 58.67 18.0274
Step FractureNumber TipNr TipActive TipX TipY TipZ KI KII KIII G Phi Psi Extension
1010101 FRAC0_S 0 1 8194.52 44211.1 8574.78 2.05963e+06 -2.08876e+06 -2.26341e+06 1448.15 38.1788 23.4223
1010101 FRAC0_S 0 1 8417.73 44457 8553.4 1.06947e+06 -1.62243e+06 -3.11357e+06 1625.82 33.6581 32.3407
1010101 FRAC0_S 0 1 8550.58 44762.8 8511.75 308172 -177415 -3.47197e+06 1614.53 6.13545 43.0308
1010101 FRAC0_S 0 1 8567.27 45095.6 8462.59 1.00375e+06 1.5843e+06 -3.8548e+06 2289.75 -30.1934 34.8549
1010101 FRAC0_S 0 1 8471.45 45414.5 8431.08 2.06627e+06 1.92748e+06 -2.33333e+06 1435.62 -36.1532 24.2771
1010101 FRAC0_S 0 1 8285.13 45685.9 8417.95 4.00441e+06 2.37796e+06 -1.88544e+06 2405.6 -34.4757 16.0714
1010101 FRAC0_S 0 1 8029.06 45886.1 8411.28 4.10222e+06 1.41586e+06 -835109 1770.95 -27.7236 9.68269
1010101 FRAC0_S 0 1 7726.97 46000.8 8408.22 2.85487e+06 934183 230208 811.086 -28.7582 -4.35928
1010101 FRAC0_S 0 1 7405.22 46023.5 8409.03 2.70771e+06 944011 467186 761.767 -28.4096 -8.42258
1010101 FRAC0_S 0 1 7089.8 45951 8413.41 2.36783e+06 1.04129e+06 858269 694.198 -29.9937 -14.3527
1010101 FRAC0_S 0 1 6807.8 45786.3 8422.1 2.01274e+06 1.41287e+06 1.5666e+06 865.29 -34.0152 -21.2274
1010101 FRAC0_S 0 1 6585.01 45541.3 8441.27 1.34426e+06 1.60932e+06 2.99143e+06 1581.98 -32.7685 -30.8929
1010101 FRAC0_S 0 1 6450.54 45236.5 8481.38 292557 281048 3.66598e+06 1802.11 -8.97318 -42.7724
1010101 FRAC0_S 0 1 6431.09 44903.9 8531.78 770360 -1.28947e+06 3.46902e+06 1801.59 28.844 -35.9488
1010101 FRAC0_S 0 1 6526.18 44584.6 8565.78 2.22015e+06 -2.20641e+06 2.83002e+06 1938.24 36.0964 -25.4004
1010101 FRAC0_S 0 1 6713.49 44313 8580.65 2.95108e+06 -2.12213e+06 1.56993e+06 1505.15 37.5793 -16.5902
1010101 FRAC0_S 0 1 6970.12 44112.3 8587.82 3.32214e+06 -1.66671e+06 666361 1290.07 35.1807 -8.73266
1010101 FRAC0_S 0 1 7272.59 43997.2 8590.84 2.96597e+06 -1.56012e+06 4102.89 1000.79 39.9116 -0.0706158
1010101 FRAC0_S 0 1 7595.13 43974.1 8589.74 3.28697e+06 -1.79802e+06 -437802 1276.33 38.1595 5.97584
1010101 FRAC0_S 0 1 7911.51 44046.1 8584.63 2.81692e+06 -1.96674e+06 -1.35134e+06 1294.65 37.6869 15.5798