
Step FractureNumber TipNr TipActive TipX TipY TipZ KI KII KIII G Phi Psi Extension
1010000 FRAC0_S 0 1 29366.1 748.711 8385.14 5.65223e+06 -2.50006e+06 -2.8816e+06 4508.21 28.1275 18.1197
1010000 FRAC0_S 0 1 29243.1 619.473 8637.43 -3.01332e+07 1.36918e+07 9.20986e+06 27986.3 -31.4778 -12.5501
1010000 FRAC0_S 0 1 29194.1 429.597 8876.26 4.33632e+06 -3.09583e+06 -4.1689e+06 4841.15 32.3752 23.7682
1010000 FRAC0_S 0 1 29224.1 197.668 9078.26 4.23919e+06 -2.21653e+06 -5.38779e+06 5899.93 23.7494 28.6541
1010000 FRAC0_S 0 1 29329.9 -53.6093 9223.66 4.41094e+06 -22265.1 -6.1207e+06 6716.37 0.29504 34.1367
1010000 FRAC0_S 0 1 29501.4 -299.639 9298.22 4.09525e+06 1.98824e+06 -5.79665e+06 6315.69 -21.4695 30.2019
1010000 FRAC0_S 0 1 29721.7 -516.338 9294.64 4.42035e+06 4.14087e+06 -5.13225e+06 6772.34 -35.9346 24.5985
1010000 FRAC0_S 0 1 29969.2 -682.494 9213.29 4.53891e+06 6.64949e+06 -3.95797e+06 7859.39 -47.9707 18.1291
1010000 FRAC0_S 0 1 30219.7 -781.843 9062.11 4.93526e+06 6.71327e+06 -2.09784e+06 6771.77 -51.6762 11.1351
1010000 FRAC0_S 0 1 30448.8 -804.66 8855.91 5.05392e+06 6.23413e+06 -246759 5747.36 -55.2178 1.65352
1010000 FRAC0_S 0 1 30633.9 -748.711 8614.86 3.72106e+06 3.56437e+06 886408 2470.46 -47.7473 -8.07248
1010000 FRAC0_S 0 1 30756.9 -619.473 8362.57 4.87543e+06 1.78802e+06 2.26823e+06 3087.29 -25.2211 -17.6801
1010000 FRAC0_S 0 1 30805.5 -437.375 8131.87 2.96351e+07 -1.61021e+06 1.73295e+07 118432 4.56395 -23.6271
1010000 FRAC0_S 0 1 30775.9 -197.668 7921.74 4.33853e+06 -3.56192e+06 1.20495e+06 3000.97 44.0543 -9.74409
1010000 FRAC0_S 0 1 30670.1 53.6093 7776.34 4.14698e+06 -4.75477e+06 -141824 3549.72 54.2569 1.2151
1010000 FRAC0_S 0 1 30498.6 299.639 7701.78 3.0712e+06 -3.71105e+06 -1.61598e+06 2415.04 48.1955 13.7869
1010000 FRAC0_S 0 1 30278.3 516.338 7705.36 3.38833e+06 -3.12459e+06 -2.33837e+06 2620.28 40.6982 18.3032
1010000 FRAC0_S 0 1 30030.8 682.494 7786.71 4.75184e+06 -2.79813e+06 -2.76264e+06 3724.87 32.8329 18.5271
1010000 FRAC0_S 0 1 29780.3 781.843 7937.89 4.47011e+06 -2.05598e+06 -2.57982e+06 3042.43 28.0414 19.4496
1010000 FRAC0_S 0 1 29551.2 804.66 8144.09 -2.21236e+07 1.60436e+07 1.01939e+07 36757.4 -38.7405 -14.9752
Step FractureNumber TipNr TipActive TipX TipY TipZ KI KII KIII G Phi Psi Extension
1010101 FRAC0_S 0 1 29309.7 808.436 8372.99 4.98434e+06 -2.66697e+06 -3.10797e+06 4132.34 30.4017 19.7778
1010101 FRAC0_S 0 1 29178.5 671.574 8648.3 2.90026e+06 -1.01723e+07 2.96745e+06 11141.4 60.6324 -13.3008
1010101 FRAC0_S 0 1 29139.1 479.65 8922.45 6.20007e+06 -1.71892e+06 -5.45333e+06 7644.01 16.8394 26.3209
1010101 FRAC0_S 0 1 29173.4 234.083 9150.84 5.36789e+06 -311476 -5.01287e+06 5918.42 4.01895 29.3154
1010101 FRAC0_S 0 1 29267 -58.1228 9293.17 5.65441e+06 1.1923e+06 -5.58807e+06 7128.85 -12.7802 28.388
1010101 FRAC0_S 0 1 29436.3 -344.657 9351.46 5.46224e+06 193045 -5.72207e+06 7016.72 -2.35529 30.8818
1010101 FRAC0_S 0 1 29665.1 -589.072 9325.16 6.34944e+06 512256 -4.74148e+06 6605.95 -6.04428 26.3632
1010101 FRAC0_S 0 1 29924.7 -769.717 9221.34 8.00644e+06 258559 -3.9026e+06 7743.81 -2.94337 21.6227
1010101 FRAC0_S 0 1 30187.4 -874.795 9051.76 9.76389e+06 1.7212e+06 3.41623e+06 10311.3 -15.237 -16.1476
1010101 FRAC0_S 0 1 30438.7 -897.986 8822.27 5.49506e+06 -182881 -246102 2701.78 4.25523 3.18339
1010101 FRAC0_S 0 1 30639.8 -839.373 8581.39 6.92259e+06 -709297 1.03869e+06 4458.67 10.9843 -8.8704
1010101 FRAC0_S 0 1 30800.8 -693.262 8326.91 5.60742e+06 -417568 1.81454e+06 3255.35 7.25842 -16.2859
1010101 FRAC0_S 0 1 30884.1 -462.873 8097.27 5.43842e+06 -257742 1.56481e+06 2967.15 4.88136 -15.2771
1010101 FRAC0_S 0 1 30867.3 -181.97 7913.44 5.18202e+06 816306 698233 2517.12 -16.0257 -7.77409
1010101 FRAC0_S 0 1 30756.6 100.88 7775.18 -1.7047e+06 5.64247e+06 -218719 2843.4 -65.476 2.22729
1010101 FRAC0_S 0 1 30573.3 363.097 7691.54 5.39557e+06 832619 -917662 2767.96 -15.3621 9.47246
1010101 FRAC0_S 0 1 30340.2 589.295 7682.99 5.91175e+06 377067 -1.7615e+06 3539.64 -6.40386 15.4873
1010101 FRAC0_S 0 1 30064.4 770.75 7760.41 8.86143e+06 -3.97353e+06 -7.55008e+06 15985.8 24.6296 24.3623
1010101 FRAC0_S 0 1 29774.6 859.543 7902.94 -1.47395e+07 1.05253e+07 5.68593e+06 14171.6 -39.5141 -13.2156
1010101 FRAC0_S 0 1 29510 866.138 8110.45 4.9511e+06 -2.69165e+06 -2.52229e+06 3676.12 32.1631 17.3226