
Step FractureNumber TipNr TipActive TipX TipY TipZ KI KII KIII G Phi Psi Extension
1010000 FRAC0_S 0 1 -29946.5 -44329.9 7776.37 970746 929820 -1.2016e+06 353.047 -35.6738 25.2616
1010000 FRAC0_S 0 1 -30197.8 -44224.1 7921.78 1.19609e+06 1.77645e+06 -1.11617e+06 574.388 -47.6129 18.8338
1010000 FRAC0_S 0 1 -30419.1 -44193.7 8112.75 1.24088e+06 2.3789e+06 -710730 708.681 -55.783 11.9126
1010000 FRAC0_S 0 1 -30619.5 -44243.1 8362.64 1.15845e+06 2.42141e+06 -141696 644.729 -61.4566 2.92196
1010000 FRAC0_S 0 1 -30748.8 -44366.2 8614.93 755060 1.66462e+06 271302 307.512 -59.8169 -7.52846
1010000 FRAC0_S 0 1 -30804.7 -44551.3 8855.97 1.10394e+06 2.14961e+06 887251 625.056 -53.8134 -15.198
1010000 FRAC0_S 0 1 -30781.8 -44780.3 9062.16 1.11454e+06 1.67518e+06 1.33898e+06 599.206 -45.2799 -21.8253
1010000 FRAC0_S 0 1 -30696.7 -45004.2 9200.89 1.01721e+06 928954 1.60505e+06 511.736 -31.8323 -28.5126
1010000 FRAC0_S 0 1 -30516.3 -45278.4 9294.67 211748 143569 1.34317e+06 245.777 -11.3338 -41.0454
1010000 FRAC0_S 0 1 -30299.6 -45498.6 9298.22 695041 -468610 1.23287e+06 264.771 24.6988 -31.393
1010000 FRAC0_S 0 1 -30049.1 -45672.6 9221.64 922622 -1.36159e+06 1.41363e+06 506.836 42.0591 -24.9955
1010000 FRAC0_S 0 1 -29802.2 -45775.9 9078.22 787317 -1.65348e+06 919588 411.334 51.9391 -18.8738
1010000 FRAC0_S 0 1 -29570.3 -45805.9 8876.2 906285 -2.22829e+06 615150 565.975 58.4759 -11.9079
1010000 FRAC0_S 0 1 -29380.5 -45756.9 8637.36 989800 -2.38968e+06 139482 598.759 62.791 -3.03985
1010000 FRAC0_S 0 1 -29251.2 -45633.8 8385.07 1.03137e+06 -2.37593e+06 -353284 614.42 60.5099 7.03638
1010000 FRAC0_S 0 1 -29195.3 -45448.7 8144.03 1.09538e+06 -1.7971e+06 -1.14647e+06 569.522 48.4337 19.4817
1010000 FRAC0_S 0 1 -29218.2 -45219.7 7937.84 1.16213e+06 -1.77508e+06 -1.30206e+06 626.604 46.3482 20.844
1010000 FRAC0_S 0 1 -29317.5 -44969.1 7786.67 1.14877e+06 -1.03439e+06 -1.48508e+06 506.266 33.9118 26.1694
1010000 FRAC0_S 0 1 -29483.7 -44721.6 7705.33 1.98775e+06 -255266 -1.70087e+06 742.659 8.76818 27.5011
1010000 FRAC0_S 0 1 -29700.4 -44501.4 7701.78 944430 -331944 -1.56763e+06 416.143 15.3868 32.9677
Step FractureNumber TipNr TipActive TipX TipY TipZ KI KII KIII G Phi Psi Extension
1010101 FRAC0_S 0 1 -29964 -44300.7 7693.6 2.30088e+06 563850 -1.43819e+06 775.182 -17.1434 22.3839
1010101 FRAC0_S 0 1 -30251.1 -44214 7840.14 2.47627e+06 279634 -1.07618e+06 707.417 -9.84332 19.3024
1010101 FRAC0_S 0 1 -30499.9 -44196 8054.35 3.06507e+06 381992 -566893 892.9 -12.6893 10.3578
1010101 FRAC0_S 0 1 -30699.9 -44255.1 8305.66 2.85219e+06 40925.4 28122.9 725.164 -1.9476 -0.747852
1010101 FRAC0_S 0 1 -30836.5 -44383.5 8572.24 2.66324e+06 358985 492546 675.793 -13.5688 -10.2825
1010101 FRAC0_S 0 1 -30898.2 -44571.9 8832.05 2.70873e+06 146348 980941 783.708 -5.23925 -17.7881
1010101 FRAC0_S 0 1 -30876.1 -44806.2 9063.06 1.5933e+06 250912 931459 347.219 -12.0835 -22.4589
1010101 FRAC0_S 0 1 -30766.9 -45063.5 9245.41 1.51703e+06 127522 1.40922e+06 470.651 -5.72416 -28.9672
1010101 FRAC0_S 0 1 -30570.8 -45311.6 9360.54 1.13858e+06 24789.4 1.30266e+06 341.267 -1.40025 -31.9946
1010101 FRAC0_S 0 1 -30308.3 -45522.2 9387.14 1.64495e+06 131130 1.86985e+06 707.665 -4.94472 -31.3233
1010101 FRAC0_S 0 1 -30022.7 -45682.1 9314.94 1.82812e+06 -357119 1.31426e+06 538.902 13.5578 -24.639
1010101 FRAC0_S 0 1 -29746.7 -45778.7 9159.54 2.17194e+06 -364318 934829 548.417 13.923 -18.6133
1010101 FRAC0_S 0 1 -29499.9 -45799.2 8945.58 2.59397e+06 -276486 493015 638.734 11.0353 -10.7242
1010101 FRAC0_S 0 1 -29300.6 -45742.4 8694.63 2.97674e+06 -142795 -97713.7 792.689 6.07591 2.33856
1010101 FRAC0_S 0 1 -29163.2 -45617.2 8426.58 2.5436e+06 -144677 -400141 599.693 6.40467 9.55188
1010101 FRAC0_S 0 1 -29100.7 -45430.9 8165.43 2.48752e+06 -278465 -850337 654.468 10.3653 16.5162
1010101 FRAC0_S 0 1 -29123.2 -45194.5 7936.98 2.31286e+06 -242393 -1.47837e+06 772.594 8.16026 24.155
1010101 FRAC0_S 0 1 -29233.5 -44936 7755.76 1.79044e+06 -96849.9 -1.38015e+06 539.834 4.08823 27.0591
1010101 FRAC0_S 0 1 -29399 -44702.9 7653.23 1.06108e+06 461937 -1.44375e+06 396.57 -20.1015 30.1429
1010101 FRAC0_S 0 1 -29670.4 -44454.9 7629.51 2.07256e+06 651824 -1.60611e+06 763.72 -19.4868 24.3896