
Step FractureNumber TipNr TipActive TipX TipY TipZ KI KII KIII G Phi Psi Extension
1010000 FRAC0_S 0 1 -14566.1 371.756 7694.36 -6.63471e+06 -4.68746e+06 2.52175e+06 2803.73 39.3779 -13.1132
1010000 FRAC0_S 0 1 -14797.4 574.708 7722.7 -8.41223e+06 1.57116e+07 1.58188e+07 55278.3 -44.2387 -25.715
1010000 FRAC0_S 0 1 -15048.5 721.403 7827.14 2.25662e+07 -1.88606e+07 1.06302e+07 92105.5 41.5343 -14.5518
1010000 FRAC0_S 0 1 -15294.9 797.482 7997.43 1.84169e+07 -1.77385e+07 -1.09219e+07 74128.8 42.8131 16.3198
1010000 FRAC0_S 0 1 -15512.4 795.499 8216.93 736625 -1.39367e+06 564399 263.798 53.6826 -14.8893
1010000 FRAC0_S 0 1 -15679.8 715.646 8464.13 6.18627e+06 -1.4355e+06 2.89849e+06 4711.23 17.7998 -18.9852
1010000 FRAC0_S 0 1 -15780.6 565.741 8714.84 8.75525e+06 -2.2924e+06 3.71574e+06 9135.24 20.0509 -17.5411
1010000 FRAC0_S 0 1 -15805.5 368.244 8937.26 1.60703e+07 -7.38793e+06 5.61408e+06 32068.7 31.0567 -13.8318
1010000 FRAC0_S 0 1 -15750.6 119.889 9130.69 1.72498e+07 -1.00369e+07 4.56263e+06 38260.8 37.1674 -10.4968
1010000 FRAC0_S 0 1 -15622.8 -132.414 9255.13 3.21494e+07 -4.69698e+06 -2.98326e+06 95252.2 15.5363 5.65711
1010000 FRAC0_S 0 1 -15433.9 -371.756 9305.64 7.20064e+06 1.74413e+06 9.19713e+06 16141.5 -12.8124 -31.0614
1010000 FRAC0_S 0 1 -15202.6 -574.708 9277.3 7.56718e+06 -2.10998e+07 1.42822e+06 45045.7 63.7462 -3.6273
1010000 FRAC0_S 0 1 -14951.5 -721.403 9172.86 1.43866e+07 -7.54338e+06 -4.56411e+06 26284.7 34.1861 12.4576
1010000 FRAC0_S 0 1 -14705.1 -797.482 9002.57 1.52838e+07 -4.66581e+06 -6.54281e+06 28448.9 22.4854 17.2508
1010000 FRAC0_S 0 1 -14487.6 -795.499 8783.07 1.1884e+07 -221706 -5.65467e+06 16842 1.73674 21.489
1010000 FRAC0_S 0 1 -14320.2 -715.646 8535.87 1.79014e+07 1.61946e+07 -1.18682e+07 70660.1 -40.6368 17.9399
1010000 FRAC0_S 0 1 -14219.4 -565.741 8285.16 2.01354e+06 3.05803e+06 -146426 1197.45 -58.0055 2.16284
1010000 FRAC0_S 0 1 -14195 -360.457 8055.47 -154397 2.09917e+06 1.50082e+06 692.242 -56.3941 -25.9071
1010000 FRAC0_S 0 1 -14249.4 -119.889 7869.31 -3.79676e+06 204680 3.45976e+06 1595.74 -3.78789 -29.073
1010000 FRAC0_S 0 1 -14377.2 132.414 7744.87 -4.77801e+06 -2.30006e+06 2.61702e+06 1382.3 29.2738 -18.6502
Step FractureNumber TipNr TipActive TipX TipY TipZ KI KII KIII G Phi Psi Extension
1010101 FRAC0_S 0 1 -14516.4 414.951 7647.37 -5.29109e+06 -6.53124e+06 2.38865e+06 4560.03 49.5571 -12.1783
1010101 FRAC0_S 0 1 -14783.9 615.082 7664.59 -7.79354e+06 5.18454e+06 9.0944e+06 13395.4 -29.0221 -26.5357
1010101 FRAC0_S 0 1 -15033.3 792.85 7797.09 -2.5264e+06 -5.09135e+06 -291029 2321.16 61.1165 2.82558
1010101 FRAC0_S 0 1 -15273.7 893.511 8002.6 -3.11023e+06 -1.9113e+06 2.4925e+06 1151.79 31.0819 -22.2425
1010101 FRAC0_S 0 1 -15512.1 888.886 8235.72 -2.16586e+07 -34705.9 -4.81411e+06 3082.47 0.183181 13.0774
1010101 FRAC0_S 0 1 -15713.4 800.921 8488.67 6.7652e+06 1.17975e+06 3.39748e+06 5737.61 -13.8044 -20.4031
1010101 FRAC0_S 0 1 -15829.8 639.463 8755.59 1.31745e+07 390728 4.43616e+06 18097.6 -3.00578 -17.2178
1010101 FRAC0_S 0 1 -15845.1 420.52 9010.2 2.14218e+07 1.88086e+06 2.51313e+06 42047.2 -9.8284 -7.28046
1010101 FRAC0_S 0 1 -15784.8 158.065 9212.95 5.1533e+06 2.73905e+06 9.85345e+06 15948 -19.9412 -33.1357
1010101 FRAC0_S 0 1 -15665.7 -132.379 9337.82 2.38286e+07 -9.58016e+06 4.72374e+06 61742.9 30.7544 -9.15601
1010101 FRAC0_S 0 1 -15462.3 -389.362 9382.94 2.60865e+07 -3.23019e+06 1.67299e+06 61941.7 13.8323 -4.1147
1010101 FRAC0_S 0 1 -15186 -581.059 9359.48 3.61993e+07 -3.82054e+06 -1.28221e+07 139936 9.75625 16.9837
1010101 FRAC0_S 0 1 -14910.2 -742.014 9256.19 2.48572e+07 4.10051e+06 -3.55001e+06 58233.8 -16.5457 8.12445
1010101 FRAC0_S 0 1 -14657.7 -850.428 9066.92 1.23832e+07 -7.94741e+06 3.68455e+06 21098.4 38.6644 -11.1904
1010101 FRAC0_S 0 1 -14444.7 -871.153 8806.84 1.39366e+07 -1.14869e+06 -4.8008e+06 20490.6 7.85331 16.9071
1010101 FRAC0_S 0 1 -14301.3 -801.455 8510.93 9.39319e+06 -2.03286e+06 -2.51828e+06 9074.06 18.922 13.0101
1010101 FRAC0_S 0 1 -14220.1 -645.615 8227.95 -2.58204e+06 -4.75783e+06 5.62382e+06 6223.61 41.9529 -27.627
1010101 FRAC0_S 0 1 -14180.3 -418.409 7986.97 -1.10016e+06 1.67071e+07 -5.94052e+06 29566.6 -63.8471 17.4468
1010101 FRAC0_S 0 1 -14193.4 -134.942 7807.68 -3.09322e+06 -283932 3.54253e+06 1676.27 5.62669 -31.283
1010101 FRAC0_S 0 1 -14300 164.827 7702.16 -9.66518e+06 3.41178e+06 4.55126e+06 3792.22 -24.4736 -17.9384