
Step FractureNumber TipNr TipActive TipX TipY TipZ KI KII KIII G Phi Psi Extension
1010000 FRAC0_S 0 1 7575.69 -21515.2 8500 -571627 1.42528e+06 -863570 280.205 -52.3784 20.5403
1010000 FRAC0_S 0 1 7300.49 -21532.1 8500 -367567 1.64727e+06 -633402 295.158 -59.9994 16.7681
1010000 FRAC0_S 0 1 6982.4 -21658.8 8500 -485508 1.82721e+06 -119538 299.412 -65.6683 3.75374
1010000 FRAC0_S 0 1 6747.78 -21860 8500 -2.9649e+07 181155 -861335 101.597 -0.823905 2.16302
1010000 FRAC0_S 0 1 6586.8 -22123.7 8500 1.15273e+06 1.80371e+06 788483 491.001 -51.1913 -14.9598
1010000 FRAC0_S 0 1 6515.22 -22424.3 8500 -491489 1.27344e+06 995196 276.23 -49.6915 -23.8337
1010000 FRAC0_S 0 1 6540.03 -22732.3 8500 -430345 657485 1.03244e+06 180.291 -36.6821 -30.1566
1010000 FRAC0_S 0 1 6658.8 -23017.6 8500 -675004 176675 1.49056e+06 298.278 -10.1619 -36.2734
1010000 FRAC0_S 0 1 6859.92 -23252.2 8500 -5.83883e+06 -262478 1.07964e+06 161.167 5.02377 -10.9812
1010000 FRAC0_S 0 1 7123.7 -23413.2 8500 -524011 -1.17919e+06 1.24298e+06 329.392 44.8205 -27.0339
1010000 FRAC0_S 0 1 7424.31 -23484.8 8500 -591581 -1.76848e+06 1.19555e+06 468.797 52.3159 -22.496
1010000 FRAC0_S 0 1 7732.32 -23460 8500 1.75249e+07 -3.24211e+06 332945 28319 19.859 -1.22258
1010000 FRAC0_S 0 1 8017.6 -23341.2 8500 -460386 -1.94788e+06 68027.8 338.721 66.8126 -2.11788
1010000 FRAC0_S 0 1 8252.22 -23140 8500 2.40629e+07 -3.19426e+06 -1.27196e+06 52721.1 14.7976 3.41201
1010000 FRAC0_S 0 1 8413.2 -22876.3 8500 -421908 -1.40563e+06 -662974 234.521 56.7173 18.4251
1010000 FRAC0_S 0 1 8484.78 -22575.7 8500 -519182 -1.43712e+06 -1.09591e+06 343.776 50.3996 23.7519
1010000 FRAC0_S 0 1 8459.97 -22267.7 8500 1.66744e+07 -324267 -2.02833e+06 25332.3 2.36562 7.94001
1010000 FRAC0_S 0 1 8341.2 -21982.4 8500 -928064 -136089 -1.65038e+06 363.911 6.84276 35.2243
1010000 FRAC0_S 0 1 8140.08 -21747.8 8500 4.16339e+06 522389 -1.33356e+06 1805.46 -11.6227 15.6609
1010000 FRAC0_S 0 1 7876.3 -21586.8 8500 -474752 814045 -1.08686e+06 216.157 -39.7534 28.7778
Step FractureNumber TipNr TipActive TipX TipY TipZ KI KII KIII G Phi Psi Extension
1010101 FRAC0_S 0 1 7582.41 -21454.9 8422.76 2.25901e+07 -1.08436e+07 -2.25315e+06 56626.9 36.0766 4.79312
1010101 FRAC0_S 0 1 7257.56 -21491.8 8414.12 3.73277e+06 5.4848e+06 -884968 4026.48 -55.375 6.57947
1010101 FRAC0_S 0 1 6949.62 -21612.9 8432.43 8.56507e+06 1.0662e+07 1.21506e+06 16863.4 -53.9774 -4.51966
1010101 FRAC0_S 0 1 6689.83 -21812.8 8457.02 1.78189e+06 -1.68347e+06 -1.17394e+06 718.771 41.5847 17.6244
1010101 FRAC0_S 0 1 6522.67 -22094.3 8441.62 1.72886e+06 2.79883e+06 1.25168e+06 1172.76 -51.3823 -15.3451
1010101 FRAC0_S 0 1 6448.99 -22420.5 8427.46 -4.36106e+06 6.03128e+06 -1.71403e+06 3632.24 -52.3731 10.3818
1010101 FRAC0_S 0 1 6463.96 -22753.4 8446.65 993935 1.3996e+06 1.30761e+06 489.995 -42.9314 -23.4382
1010101 FRAC0_S 0 1 6581.26 -23067.1 8478.43 190467 636882 2.42978e+06 824.586 -24.6985 -39.8226
1010101 FRAC0_S 0 1 6799.93 -23319.4 8517.59 1.48183e+06 -3.11906e+06 5.04624e+06 4449.37 37.9468 -31.7711
1010101 FRAC0_S 0 1 7092.88 -23480.2 8557.22 2.20216e+06 -2.65673e+06 2.37085e+06 1808.69 41.9936 -22.0298
1010101 FRAC0_S 0 1 7420.74 -23554.5 8565.68 2.70087e+06 -3.44548e+06 1.50951e+06 2010.94 48.8285 -14.0964
1010101 FRAC0_S 0 1 7747.38 -23529.3 8559.75 2.50957e+06 -381055 457880 602.032 15.0253 -10.0488
1010101 FRAC0_S 0 1 8051.86 -23396.5 8560.84 3.27017e+06 -3.83366e+06 -204317 2268.14 54.1778 2.15488
1010101 FRAC0_S 0 1 8306.87 -23185 8556.65 2.74557e+06 -3.70548e+06 -1.06424e+06 2045.89 52.0108 10.3838
1010101 FRAC0_S 0 1 8472.86 -22903.6 8567.44 2.11815e+06 -2.32749e+06 -1.34871e+06 1124.46 44.9411 16.3677
1010101 FRAC0_S 0 1 8553.53 -22577.5 8560.45 4.71529e+06 -2.43667e+06 -4.13079e+06 4779.78 26.9701 24.1337
1010101 FRAC0_S 0 1 8545.56 -22244.2 8524.3 -253032 -39351.9 7.33975e+06 7165.11 0.71999 -44.4919
1010101 FRAC0_S 0 1 8423.62 -21931.9 8501.95 -204337 -226881 -2.41608e+06 780.969 10.7111 42.4257
1010101 FRAC0_S 0 1 8200.28 -21679.7 8476.91 442193 1.26661e+06 -2.50432e+06 994.51 -35.7621 34.7043
1010101 FRAC0_S 0 1 7907.99 -21517.4 8443.19 1.7817e+06 2.24566e+06 -1.74474e+06 1137.12 -43.8722 20.562