
Step FractureNumber TipNr TipActive TipX TipY TipZ KI KII KIII G Phi Psi Extension
1010000 FRAC0_S 0 1 537.333 15252.1 7710.55 -9.03909e+06 -4.05324e+06 2.54459e+06 2325.14 31.5861 -11.819
1010000 FRAC0_S 0 1 325.205 15476.4 7698.3 -7.64683e+06 -6.14739e+06 1.6185e+06 3715.91 44.7035 -7.82693
1010000 FRAC0_S 0 1 81.2449 15654.2 7764.52 -9.7483e+06 -6.65381e+06 741394 4018.29 43.7926 -3.3115
1010000 FRAC0_S 0 1 -170.668 15767.9 7902.75 -1.04336e+07 -7.18584e+06 -790306 4684.38 43.981 3.28762
1010000 FRAC0_S 0 1 -405.875 15806.4 8099.44 -1.02059e+07 -5.81505e+06 -2.0323e+06 3562.56 37.8322 8.36247
1010000 FRAC0_S 0 1 -601.353 15766 8335.33 -9.88016e+06 -4.69678e+06 -3.38789e+06 3492.29 31.8173 13.536
1010000 FRAC0_S 0 1 -737.966 15650.7 8587.35 -7.08794e+06 -1.62202e+06 -3.15196e+06 1555.78 17.835 18.3962
1010000 FRAC0_S 0 1 -802.341 15471.5 8830.81 -9.51197e+06 -169113 -4.46173e+06 2650.18 1.66404 21.3229
1010000 FRAC0_S 0 1 -788.178 15246.3 9041.89 -9.83262e+06 2.13301e+06 -4.44926e+06 3038.28 -17.0102 18.7174
1010000 FRAC0_S 0 1 -681.769 14967 9214.83 -9.39834e+06 4.17088e+06 -3.56183e+06 3237.5 -29.9363 14.7909
1010000 FRAC0_S 0 1 -537.333 14747.9 9289.45 -9.64468e+06 5.88785e+06 -2.6289e+06 4008.33 -38.0302 10.5992
1010000 FRAC0_S 0 1 -325.205 14523.6 9301.7 -9.08914e+06 6.28608e+06 -1.12643e+06 3689.92 -43.1732 5.17062
1010000 FRAC0_S 0 1 -81.2449 14345.8 9235.48 -9.11055e+06 6.60215e+06 239294 3891.78 -45.9521 -1.16264
1010000 FRAC0_S 0 1 170.668 14232.1 9097.25 -9.56326e+06 6.61018e+06 1.68544e+06 4271.43 -42.2288 -7.06738
1010000 FRAC0_S 0 1 405.875 14193.6 8900.56 -9.19239e+06 5.24243e+06 2.67772e+06 3402.65 -36.3195 -11.3972
1010000 FRAC0_S 0 1 601.353 14234 8664.67 -6.65902e+06 2.75125e+06 2.60072e+06 1574.09 -28.3958 -15.342
1010000 FRAC0_S 0 1 737.966 14349.3 8412.65 -9.60613e+06 2.24321e+06 4.17432e+06 2765.92 -18.2273 -18.0802
1010000 FRAC0_S 0 1 802.341 14528.5 8169.19 -9.50762e+06 315516 4.33895e+06 2512.79 -3.08431 -20.7998
1010000 FRAC0_S 0 1 788.178 14753.7 7958.11 -9.61542e+06 -1.40667e+06 4.3042e+06 2640.3 12.2598 -19.3026
1010000 FRAC0_S 0 1 696.863 15003.1 7800.07 -9.61851e+06 -3.17659e+06 3.90884e+06 2931.3 24.0923 -16.4455
Step FractureNumber TipNr TipActive TipX TipY TipZ KI KII KIII G Phi Psi Extension
1010101 FRAC0_S 0 1 613.623 15302.8 7677.07 -4.94289e+06 -8.34971e+06 3.41224e+06 7761.1 52.4886 -14.5559
1010101 FRAC0_S 0 1 387.833 15548.9 7676.85 -2.55185e+06 -8.60847e+06 1.94686e+06 7107.67 61.7538 -10.8576
1010101 FRAC0_S 0 1 127.11 15740.8 7752.51 1.42996e+06 -8.61633e+06 -31092.3 6797.97 68.5286 0.240343
1010101 FRAC0_S 0 1 -144.627 15862.8 7898.44 -2.4856e+06 -9.76832e+06 -1.18138e+06 8688.51 64.7854 6.60346
1010101 FRAC0_S 0 1 -401.187 15904.5 8102.81 -3.46279e+06 -7.92489e+06 -2.41962e+06 6375.11 57.2945 12.6554
1010101 FRAC0_S 0 1 -624.623 15859.3 8350.84 -6.14163e+06 -7.23752e+06 -3.74172e+06 6529.79 46.6732 15.4705
1010101 FRAC0_S 0 1 -789.892 15727.2 8613.25 -5.53092e+06 -2.7714e+06 -3.17266e+06 2023.17 29.7292 19.0432
1010101 FRAC0_S 0 1 -878.763 15518 8863.81 -8.69457e+06 -145266 -4.87973e+06 3168.84 1.4745 23.5681
1010101 FRAC0_S 0 1 -877.147 15254.9 9076.62 -7.71638e+06 4.54431e+06 -4.60974e+06 4666.4 -32.6321 18.8492
1010101 FRAC0_S 0 1 -784.745 14970.2 9231.97 -5.69398e+06 7.1187e+06 -3.76806e+06 6404.09 -47.2039 16.0216
1010101 FRAC0_S 0 1 -614.912 14694.1 9316.23 -2.95955e+06 7.9906e+06 -2.27518e+06 6378.11 -59.0334 12.4419
1010101 FRAC0_S 0 1 -388.373 14450.4 9320.97 -1.55038e+06 8.06713e+06 -648527 5855.09 -66.7885 4.79573
1010101 FRAC0_S 0 1 -127.234 14259.2 9247.03 -3.80324e+06 8.72262e+06 311589 6792.77 -62.8081 -1.87377
1010101 FRAC0_S 0 1 145.589 14137 9102.43 -2.97134e+06 9.00512e+06 1.85822e+06 7685.38 -61.4695 -9.88129
1010101 FRAC0_S 0 1 405.357 14095.6 8898.1 -4.41202e+06 7.71976e+06 3.07582e+06 6568.75 -53.0297 -14.426
1010101 FRAC0_S 0 1 627.361 14141 8651.28 -6.26311e+06 6.6785e+06 3.81126e+06 5906.43 -44.6863 -16.037
1010101 FRAC0_S 0 1 790.448 14272.5 8387.09 -8.5661e+06 4.75277e+06 4.42854e+06 4621.28 -32.4719 -17.4087
1010101 FRAC0_S 0 1 877.133 14479.9 8133.96 -8.9905e+06 604055 4.83241e+06 3138.35 -5.73907 -22.4242
1010101 FRAC0_S 0 1 874.794 14740.9 7918.01 -6.18843e+06 -3.06981e+06 4.77766e+06 3875.61 27.2712 -22.7268
1010101 FRAC0_S 0 1 782.557 15024.9 7759.7 -8.2263e+06 -6.1602e+06 4.09564e+06 5612.52 38.8863 -15.6643