
Step FractureNumber TipNr TipActive TipX TipY TipZ KI KII KIII G Phi Psi Extension
1010000 FRAC0_S 0 1 45000 15987.2 8471.27 698637 1.32883e+06 459297 228.901 -54.8227 -13.2806
1010000 FRAC0_S 0 1 45000 15947.8 8777.76 684104 1.06283e+06 644375 197.587 -48.3959 -18.6221
1010000 FRAC0_S 0 1 45000 15815.6 9057.06 770962 761148 812750 192.446 -38.0687 -23.071
1010000 FRAC0_S 0 1 45000 15603.5 9281.83 574570 -239824 291931 45.8779 27.0591 -18.2844
1010000 FRAC0_S 0 1 45000 15332.4 9430.08 838943 -20153.6 947537 182.165 1.55303 -31.8317
1010000 FRAC0_S 0 1 45000 15028.7 9487.27 848672 -433108 917604 192.882 24.8547 -26.7982
1010000 FRAC0_S 0 1 45000 14722.2 9447.82 591994 -562534 -281717 69.9831 44.0954 14.0299
1010000 FRAC0_S 0 1 45000 14442.9 9315.6 784258 -1.15726e+06 540593 213.016 50.057 -15.4227
1010000 FRAC0_S 0 1 45000 14218.2 9103.54 609484 -1.11053e+06 215590 149.181 57.2811 -8.27833
1010000 FRAC0_S 0 1 45000 14070 8832.4 584586 -1.23444e+06 -64144.5 166.79 61.693 2.61854
1010000 FRAC0_S 0 1 45000 14012.8 8528.73 607280 -1.38705e+06 -442731 230.371 57.0057 13.0809
1010000 FRAC0_S 0 1 45000 14052.2 8222.24 590042 -1.79565e+06 -713275 386.011 57.6187 16.2047
1010000 FRAC0_S 0 1 45000 14184.4 7942.94 479642 -652865 -919307 170.884 37.4594 28.323
1010000 FRAC0_S 0 1 45000 14396.5 7718.17 450155 -653146 -1.31777e+06 287.028 32.6741 32.6784
1010000 FRAC0_S 0 1 45000 14667.6 7569.92 372161 336824 -957475 144.381 -25.437 33.9216
1010000 FRAC0_S 0 1 45000 14971.3 7512.73 376290 898344 -949579 204.457 -45.126 27.2856
1010000 FRAC0_S 0 1 45000 15277.8 7552.18 251066 1.16041e+06 -307995 138.225 -62.6001 12.9127
1010000 FRAC0_S 0 1 45000 15557.1 7684.4 432660 1.39732e+06 -376072 209.478 -60.5925 12.3379
1010000 FRAC0_S 0 1 45000 15781.8 7896.46 244830 626372 557560 81.6491 -47.9225 -25.4132
1010000 FRAC0_S 0 1 45000 15930 8167.6 541940 1.40688e+06 176908 206.711 -61.9951 -6.26277
Step FractureNumber TipNr TipActive TipX TipY TipZ KI KII KIII G Phi Psi Extension
1010101 FRAC0_S 0 1 44918.4 16043 8471.15 3.36924e+06 1.35116e+06 -88414.7 1175.28 -33.8102 1.42295
1010101 FRAC0_S 0 1 44926.8 16010.4 8797.78 1.81432e+06 659590 725247 402.054 -25.889 -15.9866
1010101 FRAC0_S 0 1 44961.8 15877.7 9101.55 1.53269e+06 893443 1.00009e+06 413.487 -31.7473 -19.9559
1010101 FRAC0_S 0 1 45008 15655.4 9351.71 861886 602488 1.10826e+06 261.897 -28.9476 -27.4774
1010101 FRAC0_S 0 1 45023.2 15363.4 9517.44 904014 215896 1.1499e+06 252.841 -12.683 -31.0459
1010101 FRAC0_S 0 1 45039.1 15033.4 9573.39 1.15059e+06 141319 1.48204e+06 411.874 -6.95064 -32.2535
1010101 FRAC0_S 0 1 45064.5 14703.7 9518.22 1.37654e+06 -250743 1.04318e+06 319.188 12.5282 -25.434
1010101 FRAC0_S 0 1 45076.7 14409.1 9367.6 1.73288e+06 -324481 932340 392.579 14.3701 -21.1151
1010101 FRAC0_S 0 1 45083.2 14176.6 9137.31 2.03608e+06 -485890 411035 412.923 21.2717 -10.2829
1010101 FRAC0_S 0 1 45086 14023.3 8849.03 2.60612e+06 -551567 236249 639.757 20.9034 -5.26962
1010101 FRAC0_S 0 1 45085.1 13961.5 8529.74 1.94376e+06 -523383 -522910 397.451 22.3611 12.6316
1010101 FRAC0_S 0 1 45078.4 13996.5 8203.91 1.83973e+06 -878005 -1.01167e+06 506.421 29.08 18.7306
1010101 FRAC0_S 0 1 45065 14125.9 7900.13 1.14739e+06 -564506 -1.12905e+06 315.251 25.0547 25.7866
1010101 FRAC0_S 0 1 45031.4 14346.8 7652.4 773506 -284079 -1.27453e+06 276.555 16.015 32.7716
1010101 FRAC0_S 0 1 44974.3 14639.1 7493.12 385649 245252 -796076 102.9 -21.9939 33.2439
1010101 FRAC0_S 0 1 44931.6 14965.9 7445.17 994171 -10812.7 -1.49566e+06 385.605 0.604046 34.8473
1010101 FRAC0_S 0 1 44916.1 15290.6 7502.33 1.3862e+06 346436 -965130 305.811 -16.8239 23.6811
1010101 FRAC0_S 0 1 44915.7 15587.4 7642.85 1.61734e+06 555934 -926221 374.732 -22.8588 20.3618
1010101 FRAC0_S 0 1 44919 15826.4 7861.89 1.94031e+06 734854 -465609 412.435 -28.9241 10.838
1010101 FRAC0_S 0 1 44916.9 15979.9 8149.04 2.71518e+06 894265 -40057.9 728.411 -30.1022 0.852174