
Step FractureNumber TipNr TipActive TipX TipY TipZ KI KII KIII G Phi Psi Extension
1010000 FRAC0_S 0 1 29421.9 -29224 8302.08 4.22234e+06 6.89432e+06 -1.00115e+06 5957.52 -56.9932 6.21893
1010000 FRAC0_S 0 1 29276.5 -29329.8 8553.35 4.69993e+06 7.70396e+06 933900 7373.15 -57.5107 -5.2997
1010000 FRAC0_S 0 1 29201.8 -29501.2 8799.39 4.70806e+06 5.93156e+06 2.48755e+06 5933.38 -48.9675 -13.5957
1010000 FRAC0_S 0 1 29205.3 -29721.4 9016.14 4.78199e+06 3.89128e+06 3.59587e+06 5106.76 -37.3611 -20.0258
1010000 FRAC0_S 0 1 29286.5 -29968.9 9182.36 4.89889e+06 1.56341e+06 4.29428e+06 4809 -18.8695 -25.8799
1010000 FRAC0_S 0 1 29437.7 -30219.5 9281.78 4.86574e+06 -750988 4.04879e+06 4340.21 10.4551 -26.883
1010000 FRAC0_S 0 1 29643.9 -30448.6 9304.68 3.91724e+06 -2.02012e+06 2.80281e+06 2775.84 28.6188 -21.6196
1010000 FRAC0_S 0 1 29884.9 -30633.7 9248.81 3.96503e+06 -3.54945e+06 2.34398e+06 3254.34 41.3317 -16.68
1010000 FRAC0_S 0 1 30137.2 -30756.8 9119.64 4.70415e+06 -3.29549e+06 1.22082e+06 3137.9 41.0955 -9.74896
1010000 FRAC0_S 0 1 30376 -30805.9 8929.82 4.04683e+06 -4.96714e+06 879011 3760.67 52.6458 -6.66993
1010000 FRAC0_S 0 1 30578.1 -30776 8697.92 3.85377e+06 -5.26818e+06 -22979.4 3796.63 57.4203 0.195791
1010000 FRAC0_S 0 1 30723.5 -30670.2 8446.65 3.80689e+06 -5.25053e+06 -957094 3869.84 54.1591 7.1531
1010000 FRAC0_S 0 1 30798.2 -30498.8 8200.61 3.55787e+06 -4.29915e+06 -1.66964e+06 3145.75 48.9231 12.6566
1010000 FRAC0_S 0 1 30794.7 -30278.6 7983.86 3.03018e+06 -3.12871e+06 -2.05773e+06 2253.65 43.1595 17.4643
1010000 FRAC0_S 0 1 30713.5 -30031.1 7817.64 3.66007e+06 -2.74393e+06 -3.10705e+06 3148.6 34.5636 21.9592
1010000 FRAC0_S 0 1 30562.3 -29780.5 7718.22 2.60882e+06 -1.44863e+06 -3.36126e+06 2296.12 24.6684 28.5659
1010000 FRAC0_S 0 1 30356.1 -29551.4 7695.32 3.75106e+06 -9011.22 -3.95513e+06 3334.35 0.163422 31.3136
1010000 FRAC0_S 0 1 30115.1 -29366.3 7751.19 3.50198e+06 1.49952e+06 -4.68114e+06 4207.64 -20.0025 29.9965
1010000 FRAC0_S 0 1 29862.8 -29243.2 7880.36 3.22663e+06 4.00896e+06 -3.91358e+06 4396.94 -41.2899 23.3135
1010000 FRAC0_S 0 1 29624 -29194.1 8070.18 3.23975e+06 4.53026e+06 -2.10993e+06 3356.21 -49.4768 15.1524
Step FractureNumber TipNr TipActive TipX TipY TipZ KI KII KIII G Phi Psi Extension
1010101 FRAC0_S 0 1 29342.6 -29227.6 8242.92 7.44842e+06 207723 -1.34683e+06 5188.83 -3.19292 10.9302
1010101 FRAC0_S 0 1 29188.2 -29340 8509.7 1.16459e+07 270509 402340 12113.8 -3.04052 -2.51233
1010101 FRAC0_S 0 1 29106.8 -29512.7 8777.75 7.08316e+06 821823 1.42619e+06 4801.46 -11.7872 -11.1507
1010101 FRAC0_S 0 1 29109.9 -29734.3 9025.15 8.37651e+06 1.23265e+06 3.74099e+06 8249.22 -12.3297 -19.2659
1010101 FRAC0_S 0 1 29207 -29982.8 9229.41 6.58619e+06 935357 4.9424e+06 7192.2 -10.1121 -25.7409
1010101 FRAC0_S 0 1 29392.2 -30232.2 9362.41 6.29674e+06 70780 3.31564e+06 4995.7 -1.0196 -22.8391
1010101 FRAC0_S 0 1 29637.8 -30460 9400.11 5.53193e+06 2060.14 3.01926e+06 3939.39 -0.0337165 -23.4217
1010101 FRAC0_S 0 1 29910.7 -30646.7 9342.44 6.44543e+06 -156879 2.79514e+06 4743.24 2.31763 -20.2805
1010101 FRAC0_S 0 1 30186 -30770.1 9204.1 7.24027e+06 -270990 2.07338e+06 5249.58 3.90232 -15.329
1010101 FRAC0_S 0 1 30451.2 -30810.9 8994.03 7.65543e+06 -157584 1.26481e+06 5437.33 2.4092 -10.2271
1010101 FRAC0_S 0 1 30657.8 -30771.9 8756.63 6.7492e+06 339425 464745 4098.11 -6.14982 -4.67427
1010101 FRAC0_S 0 1 30812.6 -30662.5 8489.23 7.46702e+06 -125889 -294327 4981.39 2.21673 2.86476
1010101 FRAC0_S 0 1 30893.4 -30487.2 8223.66 6.54099e+06 -396035 -1.23689e+06 4029.99 6.61882 11.0475
1010101 FRAC0_S 0 1 30891 -30259 7984.42 4.27606e+06 -387160 -1.43292e+06 1915.78 8.60894 16.5109
1010101 FRAC0_S 0 1 30803.1 -30000.1 7793.96 6.02308e+06 -879087 -3.18831e+06 4653.53 11.6656 21.3512
1010101 FRAC0_S 0 1 30632.4 -29739.5 7667.94 4.90948e+06 -463313 -3.5774e+06 3869.05 7.05962 25.9046
1010101 FRAC0_S 0 1 30390.5 -29507.1 7619.95 4.5876e+06 -141087 -3.80557e+06 3803.34 2.29532 28.2197
1010101 FRAC0_S 0 1 30107.7 -29329.8 7664.06 5.51288e+06 50714.7 -3.92685e+06 4759.32 -0.746128 26.6242
1010101 FRAC0_S 0 1 29819.2 -29221 7796.96 5.58623e+06 -354781 -3.49166e+06 4413.48 5.16664 24.3512
1010101 FRAC0_S 0 1 29557.4 -29186.1 7997.96 6.48869e+06 -146626 -2.38402e+06 4509.63 2.25746 18.3116