
Step FractureNumber TipNr TipActive TipX TipY TipZ KI KII KIII G Phi Psi Extension
1010000 FRAC0_S 0 1 -44369.9 -29239.4 8500 117276 622089 148166 38.6304 -63.7386 -12.1017
1010000 FRAC0_S 0 1 -44635.8 -29081.9 8500 80614.2 372176 200446 18.2659 -57.0414 -20.8272
1010000 FRAC0_S 0 1 -44937.4 -29014.3 8500 96947.4 336203 345839 26.8172 -47.3836 -28.1245
1010000 FRAC0_S 0 1 -45245.1 -29043.2 8500 64553 -185757 309882 16.2177 38.7264 -33.0494
1010000 FRAC0_S 0 1 -45528.7 -29165.8 8500 182106 -34151.2 104095 4.50021 14.1292 -21.8609
1010000 FRAC0_S 0 1 -45760.6 -29369.9 8500 89214.8 -504081 -158387 26.6884 62.4049 14.9702
1010000 FRAC0_S 0 1 -45918.1 -29635.8 8500 63284.8 -283146 244226 15.434 51.0265 -26.6097
1010000 FRAC0_S 0 1 -45985.7 -29937.4 8500 75887.7 -469422 214212 26.2521 59.788 -19.3738
1010000 FRAC0_S 0 1 -45956.8 -30245.1 8500 153371 81020.6 -183108 7.14033 -24.5325 27.8617
1010000 FRAC0_S 0 1 -45836.2 -30525.6 8500 72753.4 -567497 -9151.49 29.181 68.8865 1.09264
1010000 FRAC0_S 0 1 -45630.1 -30760.6 8500 50862.2 -399185 -95656.6 15.647 64.9537 12.6587
1010000 FRAC0_S 0 1 -45364.2 -30918.1 8500 88845.6 -507158 -259297 32.5656 58.4022 20.6139
1010000 FRAC0_S 0 1 -45062.6 -30985.7 8500 77166.3 -346843 -324887 25.2889 49.8246 27.6274
1010000 FRAC0_S 0 1 -44754.9 -30956.8 8500 84184.3 -182225 -387299 23.5406 33.5865 34.6288
1010000 FRAC0_S 0 1 -44471.3 -30834.2 8500 90427 1592.3 -417992 23.9663 -0.43641 41.7606
1010000 FRAC0_S 0 1 -44255.9 -30649.9 8500 165229 251439 181443 12.445 -46.4835 -20.6252
1010000 FRAC0_S 0 1 -44081.9 -30364.2 8500 109600 357698 -355983 29.3261 -47.613 27.557
1010000 FRAC0_S 0 1 -44014.3 -30062.6 8500 91240.2 432427 -215777 23.5972 -57.9327 19.9511
1010000 FRAC0_S 0 1 -44043.2 -29754.9 8500 90915 482970 -108368 23.0842 -64.0276 11.5568
1010000 FRAC0_S 0 1 -44165.8 -29471.3 8500 108506 645734 10554.1 38.2204 -68.3036 -1.07011
Step FractureNumber TipNr TipActive TipX TipY TipZ KI KII KIII G Phi Psi Extension
1010101 FRAC0_S 0 1 -44343 -29204.8 8410.96 1.39758e+06 462188 -218792 199.455 -27.6693 7.84475
1010101 FRAC0_S 0 1 -44617.7 -29031.2 8417.23 845608 289982 122107 73.1946 -28.558 -7.26179
1010101 FRAC0_S 0 1 -44935.1 -28949 8457.87 288973 -152831 269009 19.1472 26.8653 -24.7928
1010101 FRAC0_S 0 1 -45266.6 -28968 8518.98 66999.5 410392 550325 55.688 -44.7432 -32.3052
1010101 FRAC0_S 0 1 -45568.4 -29098.5 8550 324366 -133235 201069 16.3344 25.4548 -20.7355
1010101 FRAC0_S 0 1 -45806.1 -29328.9 8569.85 222829 -25015 192800 9.42417 7.72209 -27.8106
1010101 FRAC0_S 0 1 -45968.8 -29616 8582.63 157881 -22801.7 318385 15.7496 6.25028 -36.3301
1010101 FRAC0_S 0 1 -46047.5 -29935.6 8552.27 267991 -194515 225505 16.5348 33.9857 -22.0204
1010101 FRAC0_S 0 1 -46021.1 -30260.4 8524.16 256283 -590936 537639 75.415 46.9939 -25.3079
1010101 FRAC0_S 0 1 -45878.3 -30552.1 8558.91 603621 -279564 79214.7 40.267 34.7613 -6.19658
1010101 FRAC0_S 0 1 -45656 -30793.9 8589.92 613847 -150100 71220.8 36.2596 22.9004 -6.41164
1010101 FRAC0_S 0 1 -45381.6 -30966.7 8584.34 726656 -177405 -143218 52.5852 21.7068 10.0495
1010101 FRAC0_S 0 1 -45064.3 -31050.3 8573.32 640236 -43317 -78936 37.5222 7.72748 7.72122
1010101 FRAC0_S 0 1 -44732.2 -31034.4 8546.57 323375 -168602 -373069 30.3624 24.6275 27.5013
1010101 FRAC0_S 0 1 -44426.1 -30907.7 8495.32 221784 -85175 -375498 23.7824 16.3825 32.9265
1010101 FRAC0_S 0 1 -44183.8 -30679.4 8445.08 221625 -27268.1 -344579 20.2348 6.28476 34.1632
1010101 FRAC0_S 0 1 -44024 -30388.5 8423.75 307287 26899.1 -327749 22.7655 -5.57359 30.5304
1010101 FRAC0_S 0 1 -43961.5 -30067.9 8416.69 472454 47349.6 -312880 33.1101 -7.7346 24.6492
1010101 FRAC0_S 0 1 -44000.9 -29745.5 8410.63 684330 98919.4 -314992 55.799 -12.042 19.6569
1010101 FRAC0_S 0 1 -44132.4 -29450.2 8408.64 758609 104036 -222498 58.8304 -12.7788 14.6057