
Step FractureNumber TipNr TipActive TipX TipY TipZ KI KII KIII G Phi Psi Extension
1010000 FRAC0_S 0 1 -45000 984.872 8574.53 -6.9804e+06 -896029 2.6154e+06 981.304 11.4458 -17.3932
1010000 FRAC0_S 0 1 -45000 913.64 8875.22 -6.22555e+06 -2.48894e+06 1.56622e+06 878.276 29.7909 -11.117
1010000 FRAC0_S 0 1 -45000 752.975 9139.18 -7.07929e+06 -2.25483e+06 1.13444e+06 624.221 26.9071 -8.06503
1010000 FRAC0_S 0 1 -45000 518.603 9340.58 -6.10697e+06 -2.30623e+06 605018 522.634 31.2244 -5.08437
1010000 FRAC0_S 0 1 -45000 233.466 9459.7 -6.70932e+06 -2.47823e+06 70045.7 547.935 32.4613 -0.588282
1010000 FRAC0_S 0 1 -45000 -74.5244 9484.87 -7.24588e+06 -2.55529e+06 -500172 615.119 30.4204 3.70942
1010000 FRAC0_S 0 1 -45000 -375.22 9413.64 -7.38689e+06 -2.29897e+06 -1.07185e+06 623.767 26.7218 7.44394
1010000 FRAC0_S 0 1 -45000 -639.186 9252.98 -5.37986e+06 -1.35264e+06 -1.18641e+06 350.247 21.8713 10.9453
1010000 FRAC0_S 0 1 -45000 -840.583 9018.61 -6.54073e+06 -1.28531e+06 -1.92421e+06 639.653 17.2389 14.108
1010000 FRAC0_S 0 1 -45000 -959.699 8733.46 -6.06432e+06 -302398 -2.31155e+06 718.803 4.79337 18.4349
1010000 FRAC0_S 0 1 -45000 -984.872 8425.47 -5.92342e+06 803312 -2.64634e+06 988.915 -11.4844 19.3915
1010000 FRAC0_S 0 1 -45000 -913.64 8124.78 -5.18457e+06 1.85479e+06 -2.16921e+06 932.384 -25.3589 16.5428
1010000 FRAC0_S 0 1 -45000 -728.764 7832.29 -4.16013e+06 1.79635e+06 -1.93656e+06 786.332 -28.2364 17.1509
1010000 FRAC0_S 0 1 -45000 -518.603 7659.42 -4.3112e+06 3.46857e+06 -1.02396e+06 1211.53 -44.2925 8.62574
1010000 FRAC0_S 0 1 -45000 -233.466 7540.3 -2.86883e+06 2.87822e+06 -224614 744.91 -51.2158 2.88716
1010000 FRAC0_S 0 1 -45000 74.5244 7515.13 -3.95139e+06 3.74152e+06 523003 1283.83 -49.2387 -4.83154
1010000 FRAC0_S 0 1 -45000 375.22 7586.36 -4.10664e+06 3.30294e+06 1.29143e+06 1193.95 -43.0577 -10.85
1010000 FRAC0_S 0 1 -45000 639.186 7747.02 -3.90264e+06 3.22404e+06 1.09751e+06 1086.45 -44.1252 -9.8213
1010000 FRAC0_S 0 1 -45000 840.583 7981.39 -3.88832e+06 1.87644e+06 1.98762e+06 839.194 -29.7855 -17.8291
1010000 FRAC0_S 0 1 -45000 959.699 8266.54 -4.99378e+06 1.06493e+06 2.11035e+06 693.381 -17.0611 -17.9478
Step FractureNumber TipNr TipActive TipX TipY TipZ KI KII KIII G Phi Psi Extension
1010101 FRAC0_S 0 1 -44985 1077.03 8580.82 -5.42826e+06 -1.71869e+06 2.71201e+06 1241.44 22.2785 -18.9592
1010101 FRAC0_S 0 1 -44958.9 995.206 8907.98 -4.69308e+06 -4.64542e+06 1.62272e+06 2273.2 46.7599 -10.824
1010101 FRAC0_S 0 1 -44952 818.26 9194.48 -5.11018e+06 -5.32528e+06 1.27123e+06 2741.97 49.2 -8.08087
1010101 FRAC0_S 0 1 -44949.3 563.034 9411.89 -4.76615e+06 -5.96058e+06 437195 3191.37 54.7935 -3.00398
1010101 FRAC0_S 0 1 -44947.5 253.036 9540.38 -3.94984e+06 -4.93362e+06 190712 2173.83 55.4253 -1.62475
1010101 FRAC0_S 0 1 -44950 -81.2745 9569.02 -5.16472e+06 -6.31045e+06 -520740 3584.59 54.276 3.32378
1010101 FRAC0_S 0 1 -44955.5 -408.826 9494.13 -6.0792e+06 -5.73615e+06 -1.26615e+06 3145.25 47.9297 7.24044
1010101 FRAC0_S 0 1 -44962.7 -698.018 9321.55 -6.23374e+06 -4.56132e+06 -1.61699e+06 2201.74 41.9953 9.60147
1010101 FRAC0_S 0 1 -44973.8 -920.447 9067.26 -6.63906e+06 -3.07766e+06 -2.20429e+06 1490.28 31.4783 13.2945
1010101 FRAC0_S 0 1 -44993.4 -1052.86 8755.93 -5.04923e+06 -802630 -1.99599e+06 587.276 13.5861 17.7036
1010101 FRAC0_S 0 1 -45018.6 -1078.84 8419.08 -5.7135e+06 1.88481e+06 -2.71885e+06 1299.72 -23.24 18.2634
1010101 FRAC0_S 0 1 -45038.2 -996.654 8091.51 -3.86693e+06 3.55287e+06 -2.17529e+06 1754.16 -42.2417 15.9872
1010101 FRAC0_S 0 1 -45051.8 -816.85 7808.49 -1.56164e+06 3.67809e+06 -1.72628e+06 1601.86 -54.4055 17.3029
1010101 FRAC0_S 0 1 -45066.3 -557.887 7599.49 -463689 4.85891e+06 -906654 2213.13 -66.6125 10.6537
1010101 FRAC0_S 0 1 -45075.4 -249.033 7478.36 504447 5.17082e+06 -249223 2413.5 -68.8672 3.2228
1010101 FRAC0_S 0 1 -45074.4 80.2254 7450.46 200970 5.10792e+06 603238 2376.96 -68.7048 -7.61508
1010101 FRAC0_S 0 1 -45070.4 401.944 7522.6 -319767 4.55358e+06 1.08035e+06 2002.94 -66.1287 -13.0671
1010101 FRAC0_S 0 1 -45064.3 687.818 7691.37 -1.00183e+06 3.33397e+06 1.26736e+06 1204.12 -58.5192 -15.9542
1010101 FRAC0_S 0 1 -45049.5 912.352 7939.28 -2.41473e+06 3.01669e+06 1.90946e+06 1295.86 -45.7109 -18.0561
1010101 FRAC0_S 0 1 -45022.1 1049.04 8245.69 -4.79321e+06 1.97561e+06 3.01608e+06 1557.67 -25.413 -20.9072