
Step FractureNumber TipNr TipActive TipX TipY TipZ KI KII KIII G Phi Psi Extension
1010000 FRAC0_S 0 1 15000 15987.2 8471.27 -761972 2.95186e+06 -2.58755e+06 1666.95 -50.2215 26.4649
1010000 FRAC0_S 0 1 15000 15947.8 8777.76 -6.97613e+06 4.84288e+06 -1.48845e+06 2384.6 -41.6783 8.31152
1010000 FRAC0_S 0 1 15000 15815.6 9057.06 -2.28599e+07 -402833 -4.96091e+06 3287.67 1.98395 12.6906
1010000 FRAC0_S 0 1 15000 15603.5 9281.83 -1.35954e+07 4.93089e+06 1.61647e+06 2514.12 -30.0768 -6.04701
1010000 FRAC0_S 0 1 15000 15332.4 9430.08 -2.03948e+07 6.78156e+06 3.16041e+06 5426.57 -27.798 -7.7677
1010000 FRAC0_S 0 1 15000 15028.7 9487.27 -2.16119e+07 3.59277e+06 4.73125e+06 4127.4 -15.7939 -11.5033
1010000 FRAC0_S 0 1 15000 14722.2 9447.82 -1.73075e+07 834545 3.95867e+06 2146.31 -5.18674 -12.9126
1010000 FRAC0_S 0 1 15000 14442.9 9315.6 -1.84645e+07 -359333 4.82439e+06 3107.04 2.11113 -14.5391
1010000 FRAC0_S 0 1 15000 14218.2 9103.54 -1.43952e+07 -1.78337e+06 4.23851e+06 2672.75 11.6945 -14.7703
1010000 FRAC0_S 0 1 15000 14070 8832.4 -8.5573e+06 -2.15927e+06 2.74816e+06 1419.94 20.6509 -14.5452
1010000 FRAC0_S 0 1 15000 14012.8 8528.73 -2.17134e+06 -3.38244e+06 2.97923e+06 2199.98 44.4962 -23.2103
1010000 FRAC0_S 0 1 15000 14052.2 8222.24 1.31199e+07 -1.7332e+07 1.16984e+07 60308.6 45.7317 -19.1062
1010000 FRAC0_S 0 1 15000 14184.4 7942.94 8.46778e+06 -1.91001e+06 1.64506e+06 7074.5 20.4744 -10.0547
1010000 FRAC0_S 0 1 15000 14396.5 7718.17 8.49632e+06 -2.43352e+07 1.5012e+07 89176.6 53.0996 -21.2254
1010000 FRAC0_S 0 1 15000 14667.6 7569.92 4.51662e+07 -2.82034e+07 -1.39525e+07 278556 37.9152 11.6205
1010000 FRAC0_S 0 1 15000 14971.3 7512.73 1.85145e+07 -4.14305e+06 1.49261e+06 32371.6 21.9574 -4.69476
1010000 FRAC0_S 0 1 15000 15277.8 7552.18 -1.87938e+07 -2.79358e+07 1.79667e+07 112475 47.4003 -19.1162
1010000 FRAC0_S 0 1 15000 15557.1 7684.4 1.38024e+07 -3.18832e+06 -1.0064e+06 18016.6 22.6051 4.25859
1010000 FRAC0_S 0 1 15000 15781.8 7896.46 -2.30333e+07 -2.44015e+07 1.49658e+07 82847.7 44.0423 -16.8089
1010000 FRAC0_S 0 1 15000 15930 8167.6 4.33056e+06 152797 -2.43254e+06 2460.22 -3.05894 23.3525
Step FractureNumber TipNr TipActive TipX TipY TipZ KI KII KIII G Phi Psi Extension
1010101 FRAC0_S 0 1 14943.6 16060.6 8467.2 236660 3.60504e+06 -2.15563e+06 1781.11 -58.862 23.7723
1010101 FRAC0_S 0 1 14948.4 16020.2 8801.9 -3.95057e+06 8.53563e+06 -1.34971e+06 6734.57 -59.7274 7.29496
1010101 FRAC0_S 0 1 14972.6 15888 9107.63 -5.83248e+07 -1.55393e+07 -9.11601e+06 32569.9 23.7624 8.17064
1010101 FRAC0_S 0 1 14964.2 15658.1 9351.01 -1.4896e+07 1.35976e+07 1.05251e+06 16623.3 -49.6043 -2.73668
1010101 FRAC0_S 0 1 14957.4 15361.2 9512.9 -1.77443e+07 1.86987e+07 2.93579e+06 32303 -50.6947 -5.63167
1010101 FRAC0_S 0 1 14972.5 15030.6 9580.08 -2.1568e+07 1.08997e+07 5.65743e+06 14843.5 -34.3036 -10.8478
1010101 FRAC0_S 0 1 14989.6 14694.9 9540.29 -1.89247e+07 3.39581e+06 4.53497e+06 3762.84 -16.5834 -12.2305
1010101 FRAC0_S 0 1 15004.7 14388.3 9395.71 -2.07237e+07 -782937 5.868e+06 4634.27 3.94685 -15.2036
1010101 FRAC0_S 0 1 15019.9 14143.3 9161.96 -1.0643e+07 -3.28495e+06 3.61515e+06 2699.79 23.7607 -14.6723
1010101 FRAC0_S 0 1 15040.2 13988.7 8863.63 -7.42993e+06 -5.95664e+06 4.32221e+06 5646.41 39.1713 -17.0717
1010101 FRAC0_S 0 1 15061.7 13938.3 8532.73 930798 -5.44233e+06 9.89177e+06 15730.2 39.0075 -35.2314
1010101 FRAC0_S 0 1 15062 13981.5 8199.73 5.30938e+06 -905261 2.64822e+06 3517.73 13.5694 -20.3601
1010101 FRAC0_S 0 1 15055.4 14119.8 7899.72 1.04935e+07 -1.92414e+06 7.07916e+06 16807.4 13.1348 -23.9706
1010101 FRAC0_S 0 1 15064.1 14352.1 7662.61 1.29117e+07 6.63287e+06 357364 18793 -38.8837 -1.38995
1010101 FRAC0_S 0 1 15060.1 14644.5 7497.72 1.54942e+07 1.15405e+07 123204 33262.7 -46.8514 -0.353173
1010101 FRAC0_S 0 1 15052.4 14968.1 7431.57 1.76822e+07 3.56253e+06 1.81693e+06 29431.2 -19.9565 -5.94046
1010101 FRAC0_S 0 1 15055.7 15299.6 7477.46 1.01641e+07 -2.26825e+07 1.0743e+07 70402.3 53.8966 -17.2192
1010101 FRAC0_S 0 1 15055 15602.1 7619.06 1.18327e+07 3.60515e+06 201879 13640.1 -28.5522 -1.00133
1010101 FRAC0_S 0 1 15043 15846.8 7847.04 1.2189e+07 2.17756e+06 -615854 13712.1 -18.8691 3.15045
1010101 FRAC0_S 0 1 14995.5 16007.3 8139.35 5.30457e+06 214509 -2.2928e+06 3210.69 -3.79153 20.0504