
Step FractureNumber TipNr TipActive TipX TipY TipZ KI KII KIII G Phi Psi Extension
1010000 FRAC0_S 0 1 -44633 -29561.6 7694.61 2.06601e+06 1.54313e+06 -488556 624.294 -42.7948 8.83061
1010000 FRAC0_S 0 1 -44872.9 -29373.9 7746.79 2.34701e+06 1.46137e+06 -100727 682.514 -42.5544 1.98794
1010000 FRAC0_S 0 1 -45125.3 -29247.5 7872.7 2.06165e+06 1.61636e+06 269190 621.204 -45.5913 -5.16592
1010000 FRAC0_S 0 1 -45365.3 -29194.7 8060.01 1.87275e+06 1.09854e+06 406885 442.081 -38.124 -8.91599
1010000 FRAC0_S 0 1 -45569.6 -29220.8 8290.39 2.28883e+06 1.04637e+06 790764 647.556 -31.0027 -13.737
1010000 FRAC0_S 0 1 -45718.1 -29323.1 8541.28 2.30065e+06 619510 995238 637.594 -20.3989 -17.6943
1010000 FRAC0_S 0 1 -45796.4 -29491.7 8788.14 2.66918e+06 207792 1.26673e+06 852.124 -6.84449 -20.7607
1010000 FRAC0_S 0 1 -45796.7 -29710.1 9006.8 1.84041e+06 -336414 888761 416.965 14.5205 -19.8398
1010000 FRAC0_S 0 1 -45718.9 -29956.8 9175.84 1.87036e+06 -921631 1.00152e+06 520.825 29.8812 -18.2926
1010000 FRAC0_S 0 1 -45570.9 -30207.8 9278.73 2.34946e+06 -1.36179e+06 811665 744.756 35.8064 -12.9348
1010000 FRAC0_S 0 1 -45400.4 -30406.8 9307.31 2.28884e+06 -1.65228e+06 482868 741.111 42.5233 -8.12038
1010000 FRAC0_S 0 1 -45127.1 -30626.1 9253.21 2.19736e+06 -1.66205e+06 91162.7 677.521 46.5097 -1.78234
1010000 FRAC0_S 0 1 -44874.7 -30752.5 9127.3 2.31432e+06 -1.65934e+06 -263587 731.877 44.0901 4.72446
1010000 FRAC0_S 0 1 -44634.7 -30805.3 8939.99 1.67579e+06 -1.05507e+06 -441098 375.317 38.8227 10.2087
1010000 FRAC0_S 0 1 -44430.4 -30779.2 8709.61 2.50753e+06 -1.14662e+06 -864830 776.929 31.0161 13.7188
1010000 FRAC0_S 0 1 -44281.9 -30676.9 8458.72 2.26795e+06 -597460 -874404 591.844 20.5794 16.4331
1010000 FRAC0_S 0 1 -44203.6 -30508.3 8211.86 2.47306e+06 -184130 -1.13395e+06 719.036 6.63446 20.3779
1010000 FRAC0_S 0 1 -44203.3 -30289.9 7993.2 2.2596e+06 249292 -998353 593.076 -9.59743 19.5291
1010000 FRAC0_S 0 1 -44285.7 -30032.9 7818.57 1.95718e+06 614564 -745331 448.88 -23.5354 15.8601
1010000 FRAC0_S 0 1 -44429.1 -29792.2 7721.27 2.45192e+06 1.053e+06 -706218 700.862 -30.6303 12.1527
Step FractureNumber TipNr TipActive TipX TipY TipZ KI KII KIII G Phi Psi Extension
1010101 FRAC0_S 0 1 -44641.3 -29565.8 7596.97 2.91361e+06 -465260 -413731 798.521 16.1212 8.11623
1010101 FRAC0_S 0 1 -44903.3 -29368.7 7652.99 3.32033e+06 -419599 -128942 1000.3 14.3603 2.56294
1010101 FRAC0_S 0 1 -45173.9 -29232.4 7788.37 3.1827e+06 -162668 171911 908.938 6.32502 -3.7335
1010101 FRAC0_S 0 1 -45429.9 -29168 7991.26 2.95623e+06 -335680 485050 820.092 11.8897 -9.47276
1010101 FRAC0_S 0 1 -45647.4 -29183.7 8244.69 2.94914e+06 -199936 830519 870.33 6.85696 -14.8409
1010101 FRAC0_S 0 1 -45803.8 -29280.6 8526.71 3.10982e+06 -77856.8 1.1364e+06 1034.08 2.49807 -18.2197
1010101 FRAC0_S 0 1 -45877.8 -29447.9 8811.16 2.5645e+06 -46420.6 1.07441e+06 739.766 1.75234 -19.9351
1010101 FRAC0_S 0 1 -45858.8 -29669.5 9066.41 2.73583e+06 133004 1.05524e+06 816.643 -4.66479 -18.5889
1010101 FRAC0_S 0 1 -45755.3 -29925.7 9260.35 2.14153e+06 -12352.5 1.00986e+06 544.321 0.545549 -21.5352
1010101 FRAC0_S 0 1 -45583.1 -30189.7 9374.39 2.96993e+06 319055 860970 893.655 -10.3497 -14.7619
1010101 FRAC0_S 0 1 -45356.1 -30431.5 9402.97 2.91846e+06 329230 436967 794.04 -11.9504 -8.78599
1010101 FRAC0_S 0 1 -45095.3 -30629.1 9346.62 2.91271e+06 376704 109110 770.226 -14.6581 -2.47018
1010101 FRAC0_S 0 1 -44825.6 -30767.1 9211.52 2.90813e+06 349475 -205051 770.099 -13.4167 4.50326
1010101 FRAC0_S 0 1 -44570.1 -30832 9008.87 3.12739e+06 175124 -566684 916.99 -6.19316 10.716
1010101 FRAC0_S 0 1 -44352.5 -30815.9 8755.41 2.81317e+06 -6096.02 -875054 807.053 0.230824 16.624
1010101 FRAC0_S 0 1 -44196.2 -30719.3 8473.32 2.89913e+06 263446 -1.06414e+06 905.756 -8.4541 17.546
1010101 FRAC0_S 0 1 -44120.7 -30551.1 8189.74 2.93828e+06 125486 -1.16263e+06 950.509 -4.09503 18.9596
1010101 FRAC0_S 0 1 -44135.8 -30327.1 7936.08 2.69493e+06 -25336.9 -1.01027e+06 782.978 0.947619 18.703
1010101 FRAC0_S 0 1 -44236.7 -30069.1 7741.9 3.24678e+06 -138647 -972533 1066.87 4.38321 15.7632
1010101 FRAC0_S 0 1 -44411 -29806.2 7626.44 3.33096e+06 -337247 -709273 1065.74 10.3703 11.7718