
Step FractureNumber TipNr TipActive TipX TipY TipZ KI KII KIII G Phi Psi Extension
1010000 FRAC0_S 0 1 44012.4 22496.6 8500 -173321 -1.37027e+06 498315 200.344 62.4266 -17.07
1010000 FRAC0_S 0 1 44061.7 22191.5 8500 -217456 -1.52695e+06 172699 211.735 67.1008 -6.7587
1010000 FRAC0_S 0 1 44202.9 21916.7 8500 -205246 -1.51486e+06 -73940.1 205.216 68.3048 3.15865
1010000 FRAC0_S 0 1 44422.2 21699 8500 -201436 -1.44575e+06 -501528 219.711 62.5078 16.408
1010000 FRAC0_S 0 1 44698 21559.6 8500 -148168 -839702 -598348 110.448 54.4958 24.7273
1010000 FRAC0_S 0 1 45003.4 21512.3 8500 -173418 -658434 -932553 154.296 42.4964 32.0073
1010000 FRAC0_S 0 1 45308.5 21561.8 8500 -142501 -183292 -903797 111.635 19.314 39.5037
1010000 FRAC0_S 0 1 45583.3 21703 8500 -164355 117219 -1.01576e+06 138.45 -12.0781 40.841
1010000 FRAC0_S 0 1 45801 21922.2 8500 -109971 479667 -842583 114.925 -39.036 34.4664
1010000 FRAC0_S 0 1 45940.4 22198 8500 -73656.8 773076 -504695 87.1337 -57.1798 24.5269
1010000 FRAC0_S 0 1 45987.6 22503.4 8500 -119008 1.29567e+06 -430988 174.299 -63.784 16.4146
1010000 FRAC0_S 0 1 45938.3 22808.5 8500 -106614 1.28485e+06 -125553 149.202 -68.3605 6.22949
1010000 FRAC0_S 0 1 45797.1 23083.3 8500 -65386.7 1.02298e+06 111983 94.9202 -68.4716 -6.98955
1010000 FRAC0_S 0 1 45577.8 23301 8500 -71525 876850 319597 82.0986 -63.3395 -17.5637
1010000 FRAC0_S 0 1 45302 23440.4 8500 -105913 1.1201e+06 720595 180.86 -57.3807 -24.352
1010000 FRAC0_S 0 1 44996.6 23487.7 8500 -81091.3 729339 927892 161.912 -46.4166 -32.2327
1010000 FRAC0_S 0 1 44691.5 23438.2 8500 -115544 220310 820223 93.8028 -24.1373 -38.7287
1010000 FRAC0_S 0 1 44416.7 23297 8500 -158625 -213092 1.0318e+06 145.638 19.6423 -39.5071
1010000 FRAC0_S 0 1 44199 23077.8 8500 -163104 -634065 890225 141.228 42.7232 -31.9657
1010000 FRAC0_S 0 1 44059.6 22802 8500 -166836 -977022 688549 148.117 54.7462 -24.6499
Step FractureNumber TipNr TipActive TipX TipY TipZ KI KII KIII G Phi Psi Extension
1010101 FRAC0_S 0 1 43966.2 22497.9 8587.77 1.17951e+06 -503299 196722 151.694 32.4696 -7.80236
1010101 FRAC0_S 0 1 44024.2 22179.9 8591.45 1.03353e+06 -333849 -188164 109.827 26.8224 8.95227
1010101 FRAC0_S 0 1 44172.1 21893.4 8591.66 1.0144e+06 -348550 -406600 124.508 24.8601 16.1802
1010101 FRAC0_S 0 1 44396.8 21660.9 8587.93 858407 -347166 -679904 137.884 23.4045 23.8358
1010101 FRAC0_S 0 1 44682.4 21504.2 8579.77 548995 -335726 -781478 118.125 25.367 29.3241
1010101 FRAC0_S 0 1 45006.4 21439.3 8562.39 254254 -197640 -588699 55.3347 24.0651 33.5654
1010101 FRAC0_S 0 1 45337.7 21478.7 8528.19 174179 -43752.6 -909073 112.787 5.32958 41.4456
1010101 FRAC0_S 0 1 45635.3 21629.8 8482.06 265737 352669 -941289 135.217 -28.077 35.0543
1010101 FRAC0_S 0 1 45859.9 21875.7 8442.27 510255 432013 -606783 88.8005 -33.5999 25.4901
1010101 FRAC0_S 0 1 45993 22178.5 8419.81 1.08334e+06 602919 -550841 177.331 -32.6468 17.2051
1010101 FRAC0_S 0 1 46031.4 22502.2 8410.9 1.53113e+06 583758 -544933 278.767 -27.3544 14.5952
1010101 FRAC0_S 0 1 45974.2 22819.7 8407.84 1.29942e+06 417262 521338 202.125 -23.6687 -16.3791
1010101 FRAC0_S 0 1 45827.2 23106.2 8407.9 1.14241e+06 229204 410972 143.443 -16.8438 -16.2287
1010101 FRAC0_S 0 1 45602.4 23337.5 8411 882544 234156 544885 113.78 -18.3391 -22.0298
1010101 FRAC0_S 0 1 45316.7 23492.4 8417.44 407379 78786 805035 101.536 -8.28185 -35.8034
1010101 FRAC0_S 0 1 44993.5 23556.7 8432.51 362227 200065 779679 96.1093 -19.3158 -34.1783
1010101 FRAC0_S 0 1 44663.3 23517.9 8469.85 210046 74408.4 726450 74.6129 -9.92556 -39.0105
1010101 FRAC0_S 0 1 44366.9 23367.5 8523.55 269286 -287915 874526 115.566 25.3227 -35.3316
1010101 FRAC0_S 0 1 44141.6 23122.7 8562.74 470544 -450024 609560 87.1946 35.1202 -25.8359
1010101 FRAC0_S 0 1 44005.7 22821.5 8579.95 1.18043e+06 -823057 700855 249.861 36.1247 -17.998