
Step FractureNumber TipNr TipActive TipX TipY TipZ KI KII KIII G Phi Psi Extension
1010000 FRAC0_S 0 1 -45000 -14017.8 8603.45 92025.4 -436020 -355412 34.4958 52.0447 26.0383
1010000 FRAC0_S 0 1 -45000 -14097.8 8901.92 28416.2 -61216.2 -416630 23.4921 15.905 41.841
1010000 FRAC0_S 0 1 -45000 -14266.1 9161.05 58871.7 92216.5 -309616 13.8163 -25.2184 37.5154
1010000 FRAC0_S 0 1 -45000 -14506.3 9355.47 47371.9 265894 -334678 21.3973 -45.6632 31.4845
1010000 FRAC0_S 0 1 -45000 -14794.9 9466.15 33509.9 287726 -193827 12.4738 -56.3631 24.6794
1010000 FRAC0_S 0 1 -45000 -15103.5 9482.25 -176391 336396 -613729 60.1801 -35.5642 32.6999
1010000 FRAC0_S 0 1 -45000 -15401.9 9402.21 -97279.3 494826 -66885 22.4138 -65.6559 7.57676
1010000 FRAC0_S 0 1 -45000 -15651 9242.87 -298031 955704 -676820 142.316 -52.1511 23.2895
1010000 FRAC0_S 0 1 -45000 -15855.5 8993.66 -219205 513115 148924 26.4113 -57.7846 -12.239
1010000 FRAC0_S 0 1 -45000 -15966.1 8705.15 -274333 448003 257669 26.7153 -49.3715 -18.227
1010000 FRAC0_S 0 1 -45000 -15982.2 8396.55 -350271 370411 386765 32.1213 -38.9952 -23.2158
1010000 FRAC0_S 0 1 -45000 -15902.2 8098.08 -406048 146973 454022 29.3409 -18.9413 -28.4584
1010000 FRAC0_S 0 1 -45000 -15733.9 7838.95 -559560 -895735 243890 79.4077 54.3493 -10.5158
1010000 FRAC0_S 0 1 -45000 -15493.7 7644.53 -458784 -270250 456760 34.256 28.271 -25.1488
1010000 FRAC0_S 0 1 -45000 -15205.1 7533.85 -345605 -981181 -374786 104.469 57.4532 15.5792
1010000 FRAC0_S 0 1 -45000 -14896.5 7517.75 -430724 -718999 294856 57.6294 52.3402 -14.5459
1010000 FRAC0_S 0 1 -45000 -14598.1 7597.79 -375590 -758537 102602 52.6721 59.5346 -6.24394
1010000 FRAC0_S 0 1 -45000 -14339 7766.15 -296284 -770169 -81076.6 53.7308 62.4302 5.34622
1010000 FRAC0_S 0 1 -45000 -14144.5 8006.34 -199196 -573126 -217114 35.5396 57.6076 15.5267
1010000 FRAC0_S 0 1 -45000 -14033.9 8294.85 -321278 -584038 -448620 57.1629 47.3657 22.2219
Step FractureNumber TipNr TipActive TipX TipY TipZ KI KII KIII G Phi Psi Extension
1010101 FRAC0_S 0 1 -44935.4 -13948.6 8612.94 502442 -541216 -373848 67.1856 43.2487 18.2761
1010101 FRAC0_S 0 1 -44977.2 -14021.7 8938.24 163900 -242917 -408649 29.8622 35.4927 30.8005
1010101 FRAC0_S 0 1 -45032.4 -14201.9 9216.24 69384.3 29749.3 -381057 19.8201 -8.40476 41.1162
1010101 FRAC0_S 0 1 -45067.3 -14469.2 9414.42 152870 208288 -203469 11.4545 -42.1195 23.8228
1010101 FRAC0_S 0 1 -45074 -14782.5 9528.6 176236 216813 -149565 9.93173 -44.764 18.9926
1010101 FRAC0_S 0 1 -45072.7 -15109 9545.66 223799 288196 -329289 26.2857 -39.7447 25.4745
1010101 FRAC0_S 0 1 -45079.8 -15422.7 9452.67 345188 423459 -312611 39.5944 -44.0925 19.7928
1010101 FRAC0_S 0 1 -45083.4 -15697.3 9272.73 426516 532200 -213685 47.5227 -49.1273 13.1203
1010101 FRAC0_S 0 1 -45081 -15904.8 9021.76 492118 657289 -68124.2 60.6959 -55.1786 4.261
1010101 FRAC0_S 0 1 -45074.8 -16028.8 8716.53 420109 746904 103338 66.8588 -58.1151 -6.12664
1010101 FRAC0_S 0 1 -45046.6 -16022.6 8414.96 157946 807373 349225 76.5298 -59.5803 -18.3927
1010101 FRAC0_S 0 1 -45011.7 -15975.6 8067.04 -205951 433027 406859 38.7252 -45.9662 -25.3498
1010101 FRAC0_S 0 1 -44955.7 -15788.1 7790.75 -297885 -195566 376924 22.3037 27.9228 -27.5898
1010101 FRAC0_S 0 1 -44935 -15529.3 7583.48 -188511 -330323 387356 29.679 41.7314 -27.3118
1010101 FRAC0_S 0 1 -44926.3 -15220.1 7473.28 55853.5 -596832 351670 48.4681 58.4754 -23.2654
1010101 FRAC0_S 0 1 -44917.8 -14891 7462.63 402419 -785601 373042 87.9349 52.7266 -16.7549
1010101 FRAC0_S 0 1 -44915 -14578.5 7550.84 491712 -667557 336458 76.3116 48.5399 -15.876
1010101 FRAC0_S 0 1 -44913.1 -14306.7 7730.68 633914 -657279 123661 76.3393 49.931 -6.56527
1010101 FRAC0_S 0 1 -44917.5 -14091.5 7989.78 516324 -471484 18618.1 43.6108 50.2236 -1.43165
1010101 FRAC0_S 0 1 -44922.4 -13973.8 8282.74 1.03909e+06 -927517 -16176.6 172.907 50.1724 0.634171