
Step FractureNumber TipNr TipActive TipX TipY TipZ KI KII KIII G Phi Psi Extension
1010000 FRAC0_S 0 1 -7500 23431.5 8171.35 3.61037e+06 90351.7 -46177.4 1162.54 -3.33522 0.956272
1010000 FRAC0_S 0 1 -7500 23487.4 8475.25 3.42827e+06 188248 -1749.01 1050.47 -7.09431 0.0376961
1010000 FRAC0_S 0 1 -7500 23446.7 8781.58 2.49801e+06 130717 28457.7 557.68 -6.71772 -0.831575
1010000 FRAC0_S 0 1 -7500 23313.3 9060.35 3.73123e+06 152820 46067 1242.96 -5.33796 -0.909747
1010000 FRAC0_S 0 1 -7500 23100.4 9284.26 3.48383e+06 105344 95612.8 1083.74 -3.94524 -2.00173
1010000 FRAC0_S 0 1 -7500 22848.8 9424.3 3.03653e+06 285517 737947 901.332 -9.49923 -13.0871
1010000 FRAC0_S 0 1 -7500 22524.8 9487.38 3.50054e+06 31549.3 134324 1094.42 -1.19951 -2.81335
1010000 FRAC0_S 0 1 -7500 22218.5 9446.7 3.12225e+06 -211259 296590 884.361 7.91041 -6.15255
1010000 FRAC0_S 0 1 -7500 21939.6 9313.35 3.52807e+06 -110951 102583 1111.67 4.08993 -2.11372
1010000 FRAC0_S 0 1 -7500 21715.7 9100.39 3.4543e+06 -152846 73421.9 1066.08 5.69316 -1.54285
1010000 FRAC0_S 0 1 -7500 21568.5 8828.65 2.51631e+06 -208616 8199.8 568.116 10.2782 -0.233715
1010000 FRAC0_S 0 1 -7500 21512.6 8524.75 3.39696e+06 -121936 14300.1 1029.62 4.74824 -0.315153
1010000 FRAC0_S 0 1 -7500 21553.3 8218.42 3.47199e+06 -134500 -47767.4 1076.11 5.05808 1.01396
1010000 FRAC0_S 0 1 -7500 21686.7 7939.65 3.48775e+06 -995282 -349719 1188.5 25.8634 5.47161
1010000 FRAC0_S 0 1 -7500 21899.6 7715.74 3.09145e+06 -276984 -217705 864.773 10.3956 4.61355
1010000 FRAC0_S 0 1 -7500 22171.4 7568.59 2.63004e+06 -3919.03 -88267.9 617.419 0.201405 2.49445
1010000 FRAC0_S 0 1 -7500 22475.2 7512.62 4.08547e+06 168142 -105518 1491.34 -5.29598 1.86875
1010000 FRAC0_S 0 1 -7500 22781.5 7553.3 2.62758e+06 87876.8 -83379.9 616.843 -4.32666 2.2944
1010000 FRAC0_S 0 1 -7500 23060.4 7686.65 3.43325e+06 81669 -115681 1052.73 -3.11383 2.45178
1010000 FRAC0_S 0 1 -7500 23284.3 7899.61 2.64966e+06 57929.6 -52917 626.286 -2.90709 1.48308
Step FractureNumber TipNr TipActive TipX TipY TipZ KI KII KIII G Phi Psi Extension
1010101 FRAC0_S 0 1 -7507.26 23523.1 8138.95 3.69673e+06 -91861.1 10479.6 1218.52 3.34426 -0.21491
1010101 FRAC0_S 0 1 -7510.55 23584.3 8472.79 3.52789e+06 -99706.1 15755.3 1109.98 3.7789 -0.336687
1010101 FRAC0_S 0 1 -7511.26 23539.6 8809.25 3.68684e+06 -109958 39512.3 1212.54 3.95522 -0.799864
1010101 FRAC0_S 0 1 -7509.3 23393.3 9115.48 3.57094e+06 -116656 87144.8 1138.52 4.25976 -1.78314
1010101 FRAC0_S 0 1 -7509.89 23159.4 9361.24 4.03708e+06 -306130 208152 1466.43 9.09988 -3.49822
1010101 FRAC0_S 0 1 -7510.49 22860.9 9522.71 3.59647e+06 -240596 162076 1161.25 8.16929 -3.10696
1010101 FRAC0_S 0 1 -7501.74 22527.1 9584.34 3.21097e+06 -23962.6 506250 952.892 0.89384 -9.95055
1010101 FRAC0_S 0 1 -7491.86 22190.8 9539.69 4.08941e+06 389022 226541 1510.52 -11.0971 -3.67913
1010101 FRAC0_S 0 1 -7490.51 21884.5 9393.28 3.68731e+06 158130 163401 1217.34 -5.41342 -3.12446
1010101 FRAC0_S 0 1 -7488.8 21638.8 9159.34 3.13677e+06 471539 -49336.3 896.918 -16.8852 1.0461
1010101 FRAC0_S 0 1 -7486.53 21477.5 8860.77 3.84794e+06 285061 135376 1329.1 -9.0376 -2.44066
1010101 FRAC0_S 0 1 -7489.19 21415.8 8527.08 3.59462e+06 377737 97568.3 1165.4 -12.3907 -1.85093
1010101 FRAC0_S 0 1 -7482.61 21462.1 8192.08 3.4489e+06 225358 -165890 1068.14 -7.9748 3.30793
1010101 FRAC0_S 0 1 -7471.48 21610.8 7887.5 3.43171e+06 614680 -135652 1085.53 -19.0651 2.49535
1010101 FRAC0_S 0 1 -7479.99 21842.9 7640.35 3.29378e+06 671347 171577 1010.83 -20.877 -3.17842
1010101 FRAC0_S 0 1 -7497.62 22139.1 7477.03 3.46183e+06 1658.39 -84684 1068.87 -0.0654199 1.84282
1010101 FRAC0_S 0 1 -7506.42 22472.8 7415.38 3.98395e+06 -266042 -169735 1424.48 8.17355 2.94684
1010101 FRAC0_S 0 1 -7507.44 22809.3 7460.07 3.56191e+06 -192005 -200710 1139.2 6.63228 3.87376
1010101 FRAC0_S 0 1 -7505.87 23115.6 7606.46 3.51719e+06 -66227.8 -171025 1106.63 2.4478 3.48464
1010101 FRAC0_S 0 1 -7505.34 23361.6 7840.4 3.50567e+06 20858.2 -104844 1096.64 -0.801834 2.22448