
Step FractureNumber TipNr TipActive TipX TipY TipZ KI KII KIII G Phi Psi Extension
1010000 FRAC0_S 0 1 37500 -14017.8 8603.45 1.26153e+07 -5.12701e+06 7.30694e+06 23624.9 25.7223 -19.9448
1010000 FRAC0_S 0 1 37500 -14097.8 8901.92 8.99395e+06 -6.63755e+06 5.81089e+06 15625.1 36.6298 -18.7144
1010000 FRAC0_S 0 1 37500 -14266.1 9161.05 2.15798e+07 -1.36647e+07 2.57608e+06 59019 41.4446 -5.15972
1010000 FRAC0_S 0 1 37500 -14506.3 9355.47 2.0894e+07 -1.18794e+07 -1.12493e+06 51645.2 40.4652 2.55213
1010000 FRAC0_S 0 1 37500 -14794.9 9466.15 1.81212e+07 -8.85445e+06 -3.38261e+06 37769.9 34.8783 8.28129
1010000 FRAC0_S 0 1 37500 -15103.5 9482.25 1.91073e+07 -7.76243e+06 -5.12806e+06 41399.9 29.8434 11.6529
1010000 FRAC0_S 0 1 37500 -15401.9 9402.21 2.08379e+07 -5.65099e+06 -7.19306e+06 48420.4 21.5181 15.1525
1010000 FRAC0_S 0 1 37500 -15661 9233.85 1.4689e+07 -2.28984e+06 -6.14778e+06 24720.9 13.1756 18.4029
1010000 FRAC0_S 0 1 37500 -15855.5 8993.66 1.56118e+07 -316310 -7.93526e+06 30102.2 1.84341 22.2883
1010000 FRAC0_S 0 1 37500 -15966.1 8705.15 1.27238e+07 2.29972e+06 -7.52739e+06 22433.7 -13.5491 22.3592
1010000 FRAC0_S 0 1 37500 -15982.2 8396.55 1.01642e+07 4.54814e+06 -6.94301e+06 17460.7 -26.3156 21.6157
1010000 FRAC0_S 0 1 37500 -15902.2 8098.08 7.07224e+06 6.15906e+06 -5.86063e+06 12405.4 -37.8791 20.834
1010000 FRAC0_S 0 1 37500 -15733.9 7838.95 4.58287e+06 8.1691e+06 -4.72154e+06 10783.2 -50.1521 18.667
1010000 FRAC0_S 0 1 37500 -15493.7 7644.53 2.52599e+06 8.5955e+06 -3.00032e+06 8349.5 -59.2802 15.0823
1010000 FRAC0_S 0 1 37500 -15205.1 7533.85 1.275e+06 9.14351e+06 -1.28627e+06 7814.84 -66.6482 8.17312
1010000 FRAC0_S 0 1 37500 -14896.5 7517.75 1.05593e+06 1.04087e+07 773485 9833.14 -68.4358 -4.79802
1010000 FRAC0_S 0 1 37500 -14598.1 7597.79 1.33506e+06 8.39227e+06 2.68684e+06 7395.01 -62.6527 -15.336
1010000 FRAC0_S 0 1 37500 -14339 7766.15 1.80323e+06 5.08448e+06 3.69077e+06 4405.12 -51.1188 -23.1968
1010000 FRAC0_S 0 1 37500 -14144.5 8006.34 3.69663e+06 3.07475e+06 5.28424e+06 5773.93 -31.1531 -27.849
1010000 FRAC0_S 0 1 37500 -14033.9 8294.85 1.00969e+07 -2.40829e+06 6.51281e+06 15242.8 16.606 -22.8414
Step FractureNumber TipNr TipActive TipX TipY TipZ KI KII KIII G Phi Psi Extension
1010101 FRAC0_S 0 1 37543.8 -13931.2 8611.35 1.49084e+07 991243 5.93415e+06 24576.8 -6.21164 -18.7617
1010101 FRAC0_S 0 1 37557.2 -14024.8 8933.15 2.38482e+07 1.19404e+06 5.23102e+06 54446.4 -5.41301 -12.4926
1010101 FRAC0_S 0 1 37564.2 -14210.4 9210.77 2.49281e+07 3.20049e+06 927116 56401.1 -14.5717 -2.45524
1010101 FRAC0_S 0 1 37563.2 -14469.2 9421.02 2.65362e+07 4.3434e+06 -1.74995e+06 64836.8 -17.3954 4.0883
1010101 FRAC0_S 0 1 37557.2 -14779.1 9544.31 2.81186e+07 5.87805e+06 -4.3274e+06 76024.9 -19.8261 8.3867
1010101 FRAC0_S 0 1 37548.4 -15113.2 9566.7 2.57914e+07 4.72719e+06 -6.02462e+06 66094.2 -16.9389 11.9624
1010101 FRAC0_S 0 1 37536.5 -15439.4 9484.36 2.34654e+07 3.97547e+06 -7.02285e+06 57034.1 -15.2179 14.5242
1010101 FRAC0_S 0 1 37521.4 -15724.7 9303.76 2.12638e+07 2.14739e+06 -7.50765e+06 48198.6 -9.38569 16.9941
1010101 FRAC0_S 0 1 37501.4 -15938.8 9041.77 1.70566e+07 563663 -6.82365e+06 32145.5 -3.19111 19.2025
1010101 FRAC0_S 0 1 37475.8 -16063.8 8694.29 1.67523e+07 179425 -7.33435e+06 32165.2 -1.03134 20.5606
1010101 FRAC0_S 0 1 37456.6 -16068.7 8388.87 1.29464e+07 -253879 -6.58283e+06 20704.8 1.78511 22.3006
1010101 FRAC0_S 0 1 37439 -15972.4 8068.95 9.23043e+06 677201 -4.44716e+06 10263.5 -6.44884 20.9974
1010101 FRAC0_S 0 1 37424.7 -15782 7798.41 1.16043e+07 2.24201e+06 -4.14934e+06 14737.4 -16.3555 16.2304
1010101 FRAC0_S 0 1 37414.8 -15520.4 7601.99 1.03011e+07 2.11683e+06 -1.745e+06 10260.1 -19.361 9.10932
1010101 FRAC0_S 0 1 37409.3 -15214.7 7494.26 1.01337e+07 2.52215e+06 -522296 9754.06 -24.2303 3.03957
1010101 FRAC0_S 0 1 37408.3 -14892 7479.29 9.08869e+06 1.52358e+06 1.15631e+06 7745.55 -16.9514 -7.34526
1010101 FRAC0_S 0 1 37412.9 -14577.2 7556.01 7.40499e+06 1.46966e+06 2.39322e+06 5840.48 -17.0692 -15.078
1010101 FRAC0_S 0 1 37425.9 -14294.8 7721.64 7.77101e+06 1.52902e+06 4.57936e+06 8378.65 -14.5735 -22.1429
1010101 FRAC0_S 0 1 37461.8 -14073.6 7968.31 8.51882e+06 198002 5.66505e+06 10738.6 -1.91417 -25.6041
1010101 FRAC0_S 0 1 37512.2 -13946.1 8276.56 1.13198e+07 800718 8.45969e+06 20993.8 -5.34104 -26.4866