
Step FractureNumber TipNr TipActive TipX TipY TipZ KI KII KIII G Phi Psi Extension
1010000 FRAC0_S 0 1 44323.5 -21781.6 8458.08 38335.1 3.45637e+06 -248387 1072.89 -69.5893 5.03067
1010000 FRAC0_S 0 1 44221 -21929.9 8709 140879 3.11965e+06 460100 897.161 -68.1736 -9.14099
1010000 FRAC0_S 0 1 44194.7 -22134.1 8939.46 93810.4 2.79331e+06 1.0807e+06 851.406 -63.8665 -18.7966
1010000 FRAC0_S 0 1 44247.2 -22374.2 9126.91 70643.6 2.34503e+06 1.74377e+06 894.892 -56.6801 -26.9002
1010000 FRAC0_S 0 1 44373.4 -22626.5 9252.99 16945.8 1.33182e+06 2.03023e+06 706.288 -44.306 -34.9521
1010000 FRAC0_S 0 1 44561.1 -22866.4 9305.36 25746.1 338227 2.2407e+06 678.011 -16.9992 -42.6787
1010000 FRAC0_S 0 1 44791.5 -23070.4 9278.89 251269 -852036 2.33082e+06 792.868 30.4262 -37.7385
1010000 FRAC0_S 0 1 45042.4 -23218.7 9176.19 -4670.05 -1.65964e+06 1.92998e+06 740.845 49.7197 -32.368
1010000 FRAC0_S 0 1 45289.3 -23296.5 9007.29 51375 -2.21061e+06 1.3196e+06 667.297 59.7433 -24.2586
1010000 FRAC0_S 0 1 45507.7 -23296.5 8788.73 65151.4 -2.89881e+06 842216 843.519 66.0218 -15.6438
1010000 FRAC0_S 0 1 45676.5 -23218.4 8541.92 111405 -3.41525e+06 182109 1044.89 69.5616 -3.75042
1010000 FRAC0_S 0 1 45779 -23070.1 8291 143484 -2.94799e+06 -472724 805.978 67.9077 9.76473
1010000 FRAC0_S 0 1 45805.3 -22865.9 8060.54 114360 -2.18201e+06 -918971 537.751 62.7702 19.5974
1010000 FRAC0_S 0 1 45752.8 -22625.8 7873.09 49575.4 -2.05615e+06 -1.64256e+06 735.786 55.734 27.8438
1010000 FRAC0_S 0 1 45626.6 -22373.5 7747.01 199866 -1.11857e+06 -1.83632e+06 563.54 40.839 34.2213
1010000 FRAC0_S 0 1 45438.9 -22133.6 7694.64 177323 -206697 -1.72411e+06 401.959 13.0537 41.719
1010000 FRAC0_S 0 1 45208.5 -21929.6 7721.11 687139 1.05589e+06 -1.98446e+06 665.187 -34.041 32.1727
1010000 FRAC0_S 0 1 44957.6 -21781.3 7823.81 209424 1.51459e+06 -1.6925e+06 589.309 -48.3071 30.5417
1010000 FRAC0_S 0 1 44710.7 -21703.5 7992.71 193564 2.21289e+06 -1.3134e+06 669.126 -58.5118 23.4262
1010000 FRAC0_S 0 1 44492.3 -21703.5 8211.27 193871 2.64027e+06 -786409 706.792 -64.8685 15.3852
Step FractureNumber TipNr TipActive TipX TipY TipZ KI KII KIII G Phi Psi Extension
1010101 FRAC0_S 0 1 44245.2 -21808.5 8402.69 2.38728e+06 228436 298585 524.355 -10.5438 -7.64509
1010101 FRAC0_S 0 1 44138 -21962.1 8664.18 2.42686e+06 176990 613413 577.662 -7.48993 -13.6721
1010101 FRAC0_S 0 1 44107.6 -22170.2 8908.57 1.68692e+06 312401 850242 358.424 -14.507 -20.3354
1010101 FRAC0_S 0 1 44158.8 -22416 9115.72 1.72323e+06 507217 1.34963e+06 529.8 -18.4298 -24.7149
1010101 FRAC0_S 0 1 44293.2 -22674.6 9272.03 1.08695e+06 390031 1.60435e+06 461.172 -16.5995 -31.6659
1010101 FRAC0_S 0 1 44512.6 -22910.1 9363.77 903220 31130.8 1.87372e+06 539.72 -1.54347 -37.3536
1010101 FRAC0_S 0 1 44793.9 -23094.6 9364.86 1.16997e+06 -570871 1.94969e+06 656.591 19.981 -31.9969
1010101 FRAC0_S 0 1 45084.8 -23223 9263.58 1.80842e+06 -852484 1.64072e+06 714.212 24.9956 -24.9498
1010101 FRAC0_S 0 1 45351.7 -23287.7 9083.4 2.71396e+06 -950808 1.04171e+06 881.231 25.4261 -15.6475
1010101 FRAC0_S 0 1 45580.2 -23277 8853.88 2.59207e+06 -494765 252428 629.002 19.2065 -5.70774
1010101 FRAC0_S 0 1 45754.7 -23191.1 8597.25 2.3775e+06 -332894 -256501 522.322 14.8271 6.49679
1010101 FRAC0_S 0 1 45862.3 -23038.3 8335.4 2.35308e+06 -354269 -645660 560.03 14.0106 13.7962
1010101 FRAC0_S 0 1 45893.1 -22830.6 8090.4 2.02221e+06 -337760 -999504 507.433 13.368 20.2854
1010101 FRAC0_S 0 1 45841.6 -22585.2 7881.85 1.35369e+06 -269282 -1.194e+06 359.364 12.7433 27.1324
1010101 FRAC0_S 0 1 45706.1 -22327.4 7723.45 1.0861e+06 -182326 -1.56277e+06 432.896 8.72554 33
1010101 FRAC0_S 0 1 45484.9 -22093.3 7632.05 880567 309832 -1.26435e+06 290.261 -16.5553 31.4203
1010101 FRAC0_S 0 1 45203.6 -21908.2 7633.52 958986 372466 -1.36196e+06 341.021 -18.0216 31.0038
1010101 FRAC0_S 0 1 44914.7 -21776.6 7736.07 1.62403e+06 640977 -1.4265e+06 542.276 -22.1986 25.2136
1010101 FRAC0_S 0 1 44645.5 -21709.9 7918.83 2.47291e+06 750093 -1.00544e+06 729.522 -22.6321 16.6811
1010101 FRAC0_S 0 1 44419.6 -21721.5 8146.01 2.16042e+06 415422 213085 437.332 -19.3004 -5.76686