
Step FractureNumber TipNr TipActive TipX TipY TipZ KI KII KIII G Phi Psi Extension
1010000 FRAC0_S 0 1 29640.5 44080 8500 66179.7 304671 56967.3 9.09347 -64.2 -9.80119
1010000 FRAC0_S 0 1 29942.3 44014 8500 65302 253321 119124 7.98566 -57.575 -18.7823
1010000 FRAC0_S 0 1 30249.8 44044.5 8500 59219.7 185550 153034 6.49524 -50.0717 -25.1227
1010000 FRAC0_S 0 1 30532.9 44168.4 8500 51561 79279.9 153101 3.91449 -33.6325 -32.4632
1010000 FRAC0_S 0 1 30763.8 44373.8 8500 26805 -549821 -439304 52.6696 55.2652 27.558
1010000 FRAC0_S 0 1 30920 44640.5 8500 6296.94 -624680 82914.4 35.6908 68.9069 -8.6141
1010000 FRAC0_S 0 1 30986 44942.3 8500 79342.6 -169076 184689 7.64498 43.9853 -27.2606
1010000 FRAC0_S 0 1 30955.5 45249.8 8500 59333.8 -241493 127999 7.68955 56.6413 -20.3419
1010000 FRAC0_S 0 1 30831.6 45532.9 8500 69997.8 -294412 76365.9 8.93615 62.2816 -12.5232
1010000 FRAC0_S 0 1 30626.2 45763.8 8500 53785.3 -286743 10281.7 7.59859 67.6653 -2.25771
1010000 FRAC0_S 0 1 30359.5 45920 8500 54210.1 -268368 -48550.6 6.9932 64.6334 9.63912
1010000 FRAC0_S 0 1 30057.7 45986 8500 41803.8 -240827 -114413 7.0649 59.1638 19.7365
1010000 FRAC0_S 0 1 29750.2 45955.5 8500 53192.3 -202585 -161261 7.36796 51.4898 25.2269
1010000 FRAC0_S 0 1 29467.1 45831.6 8500 56751.7 -114458 -187458 6.12807 37.5482 31.7523
1010000 FRAC0_S 0 1 29236.2 45626.2 8500 50263.6 -15260.8 -164841 3.85981 8.96729 38.9169
1010000 FRAC0_S 0 1 29080 45359.5 8500 65326.5 72654.4 -201377 6.24417 -26.7646 34.6653
1010000 FRAC0_S 0 1 29014 45057.7 8500 59082 615287 -870110 134.739 -44.6636 33.469
1010000 FRAC0_S 0 1 29041.3 44762.1 8500 71331 243076 -137699 8.24038 -55.0364 20.6955
1010000 FRAC0_S 0 1 29168.4 44467.1 8500 67044.7 299036 -77879.8 9.17569 -62.5408 12.6673
1010000 FRAC0_S 0 1 29373.8 44236.2 8500 69892.2 333906 -15181.5 10.4011 -67.114 2.78296
Step FractureNumber TipNr TipActive TipX TipY TipZ KI KII KIII G Phi Psi Extension
1010101 FRAC0_S 0 1 29625.6 44038.9 8410.85 934675 314699 -369562 104.838 -24.5691 16.0858
1010101 FRAC0_S 0 1 29940.9 43961.6 8416.12 1.03044e+06 500244 -32988.4 117.061 -37.6241 1.63087
1010101 FRAC0_S 0 1 30268.4 43982.5 8426.71 772167 333583 343926 78.779 -28.5087 -16.6476
1010101 FRAC0_S 0 1 30570.4 44108.8 8473.68 439187 409466 359935 49.359 -39.3968 -20.3026
1010101 FRAC0_S 0 1 30805.5 44334.9 8550.57 17473.6 104793 47472.5 1.30551 -59.752 -19.2337
1010101 FRAC0_S 0 1 30965.7 44623.8 8584.56 -111158 160387 -30617.5 2.41695 -54.5895 7.56477
1010101 FRAC0_S 0 1 31043.6 44940.4 8578.93 -128250 180002 299812 14.8422 -35.3093 -30.4361
1010101 FRAC0_S 0 1 31010 45262 8581.25 94229.6 60858.8 471412 30.6777 -12.9392 -40.0072
1010101 FRAC0_S 0 1 30870.5 45556.3 8588.26 107095 43416.3 385557 20.961 -10.8795 -39.0293
1010101 FRAC0_S 0 1 30652 45794.8 8590.97 786151 -166158 818139 146.557 12.5226 -28.9975
1010101 FRAC0_S 0 1 30345.5 45971.8 8589.46 1.05088e+06 -380948 386993 131.259 26.2519 -15.1022
1010101 FRAC0_S 0 1 30059.1 46036.6 8585.09 1.44578e+06 -677941 -53653.2 227.604 36.8039 1.90198
1010101 FRAC0_S 0 1 29732.3 46015.2 8575.83 751619 -434173 -319921 80.7512 34.5488 15.083
1010101 FRAC0_S 0 1 29422.7 45895.7 8553.93 483389 -432952 -441662 63.469 37.5191 21.8773
1010101 FRAC0_S 0 1 29166.5 45682.4 8511.77 209551 -251228 -396367 30.4324 35.0203 29.0126
1010101 FRAC0_S 0 1 29001.6 45392.5 8463.81 78209.8 -104271 -230673 8.59083 30.8743 33.2622
1010101 FRAC0_S 0 1 28943.8 45064.3 8433.11 21922 -166151 -377009 21.4069 35.1124 37.3506
1010101 FRAC0_S 0 1 28989.2 44737.7 8419.27 138493 -84672.5 -601447 50.4593 13.6374 39.3355
1010101 FRAC0_S 0 1 29129 44443.5 8412.12 343080 68001.4 -685170 73.3386 -8.41497 35.8598
1010101 FRAC0_S 0 1 29347.8 44204.8 8409.25 544296 77939.2 -518418 62.6855 -9.23919 28.6338