
Step FractureNumber TipNr TipActive TipX TipY TipZ KI KII KIII G Phi Psi Extension
1010000 FRAC0_S 0 1 14542.6 -44196.1 8153.45 -700532 -3.02896e+06 1.73619e+06 1218.46 56.087 -21.4471
1010000 FRAC0_S 0 1 14359.7 -44255.2 8395.44 -666066 -3.22358e+06 869071 1026.44 62.7153 -13.1443
1010000 FRAC0_S 0 1 14239.6 -44387.2 8647.66 -652604 -3.64747e+06 38730.3 1185.73 68.2228 -0.693637
1010000 FRAC0_S 0 1 14193.8 -44579.2 8885.42 -690161 -3.56441e+06 -802495 1217.79 63.9015 11.5467
1010000 FRAC0_S 0 1 14227 -44812.4 9085.46 -558140 -2.80405e+06 -1.44055e+06 976.645 57.8769 20.4267
1010000 FRAC0_S 0 1 14335.8 -45064 9228.19 -666770 -1.87889e+06 -2.03894e+06 867.496 45.6187 28.1623
1010000 FRAC0_S 0 1 14509.6 -45309.2 9299.64 -251376 -696754 -1.95529e+06 551.741 29.5655 37.5622
1010000 FRAC0_S 0 1 14731.4 -45524.3 9292.81 -117395 -176206 -2.00076e+06 535.169 10.3391 42.924
1010000 FRAC0_S 0 1 14979.6 -45688 9208.38 -117322 755401 -1.55633e+06 372.997 -36.7681 36.4288
1010000 FRAC0_S 0 1 15229.8 -45784.3 9054.61 -165456 1.84804e+06 -1.78369e+06 727.478 -51.5557 29.3581
1010000 FRAC0_S 0 1 15457.4 -45803.9 8846.55 -111247 2.66148e+06 -1.39086e+06 888.495 -60.889 22.3737
1010000 FRAC0_S 0 1 15640.3 -45744.8 8604.56 -83755.9 2.05237e+06 -541362 414.329 -66.1844 14.4218
1010000 FRAC0_S 0 1 15760.4 -45612.8 8352.34 -192303 3.28776e+06 -146736 966.088 -69.3883 3.10177
1010000 FRAC0_S 0 1 15806.2 -45420.8 8114.58 -169513 3.41681e+06 551427 1080.77 -67.875 -9.80876
1010000 FRAC0_S 0 1 15773 -45187.6 7914.54 -351630 2.96898e+06 1.17158e+06 968.045 -61.9518 -18.0981
1010000 FRAC0_S 0 1 15664.2 -44936 7771.81 -353269 2.60603e+06 1.93571e+06 1103.53 -54.6936 -25.6843
1010000 FRAC0_S 0 1 15490.4 -44690.8 7700.36 -429535 1.47994e+06 2.18743e+06 831.554 -41.4384 -32.2385
1010000 FRAC0_S 0 1 15268.6 -44475.7 7707.19 -520197 373602 2.41968e+06 791.131 -14.8954 -39.3619
1010000 FRAC0_S 0 1 15020.4 -44312 7791.62 -432659 -528248 1.77808e+06 445.354 24.397 -36.7285
1010000 FRAC0_S 0 1 14770.2 -44215.7 7945.39 -653030 -1.99217e+06 2.17985e+06 985.637 45.8704 -28.5033
Step FractureNumber TipNr TipActive TipX TipY TipZ KI KII KIII G Phi Psi Extension
1010101 FRAC0_S 0 1 14565.4 -44103.7 8179.82 2.15108e+06 -1.21523e+06 1.31702e+06 774.618 31.6142 -19.325
1010101 FRAC0_S 0 1 14382.4 -44169.7 8440.54 2.44818e+06 -1.21843e+06 682624 728.351 33.7269 -11.4294
1010101 FRAC0_S 0 1 14261.5 -44309.8 8706.11 2.50545e+06 -1.07135e+06 143588 664.39 34.5107 -2.96126
1010101 FRAC0_S 0 1 14209.9 -44510.1 8954.82 2.92553e+06 -1.33726e+06 -348393 938.161 34.7133 5.70484
1010101 FRAC0_S 0 1 14233.2 -44756.1 9166.12 2.24592e+06 -1.35397e+06 -1.04766e+06 758.821 34.8451 15.906
1010101 FRAC0_S 0 1 14331.1 -45030.5 9319.43 1.35888e+06 -1.46759e+06 -1.86608e+06 819.613 36.938 25.7996
1010101 FRAC0_S 0 1 14496.7 -45309.9 9394.63 625375 -667455 -1.66589e+06 443.648 28.0202 33.4558
1010101 FRAC0_S 0 1 14710.5 -45567.4 9367.93 622270 60186.5 -2.50281e+06 867.945 -2.62035 40.9141
1010101 FRAC0_S 0 1 14949.7 -45767.3 9239.59 943622 176526 -1.50346e+06 382.755 -9.1028 33.8612
1010101 FRAC0_S 0 1 15170.8 -45870.2 9070.43 1.65454e+06 798624 -1.60584e+06 643.744 -24.8357 25.6936
1010101 FRAC0_S 0 1 15429 -45893.4 8815.14 1.98196e+06 614071 -973081 509.575 -22.0151 18.8129
1010101 FRAC0_S 0 1 15613.2 -45827.9 8557.12 2.74369e+06 790811 -645349 781.925 -23.9818 11.2562
1010101 FRAC0_S 0 1 15734.6 -45688.9 8293.51 2.49841e+06 537065 -222719 588.532 -21.175 5.1776
1010101 FRAC0_S 0 1 15784.6 -45489.5 8045.96 2.83659e+06 880443 286800 797.016 -27.4011 -5.41792
1010101 FRAC0_S 0 1 15758.2 -45245.8 7835.65 2.57661e+06 965331 768010 753.08 -27.8452 -12.8513
1010101 FRAC0_S 0 1 15656.3 -44976.4 7682.51 2.03684e+06 1.35497e+06 1.52922e+06 844.315 -33.2411 -21.0519
1010101 FRAC0_S 0 1 15490.7 -44699.8 7605.37 722176 1.02432e+06 1.98021e+06 661.493 -33.192 -32.1286
1010101 FRAC0_S 0 1 15280.5 -44439.3 7625.89 366717 466464 2.07665e+06 604.933 -20.644 -38.8584
1010101 FRAC0_S 0 1 15042.5 -44235.1 7748.37 387386 -438627 1.65627e+06 395.367 22.5527 -37.3527
1010101 FRAC0_S 0 1 14794.9 -44122.1 7943.28 1.27133e+06 -1.37576e+06 1.86875e+06 777.155 36.1543 -26.6269