
Step FractureNumber TipNr TipActive TipX TipY TipZ KI KII KIII G Phi Psi Extension
1010000 FRAC0_S 0 1 29218.7 15604.2 8500 8.3392e+06 3.63e+06 -5.31214e+06 11124.2 -26.3189 20.8584
1010000 FRAC0_S 0 1 29070.2 15333.2 8500 7.59367e+06 6.70434e+06 -4.51964e+06 11860.6 -40.9937 16.8304
1010000 FRAC0_S 0 1 29012.8 15029.5 8500 -1.01765e+06 8.28122e+06 -2.59907e+06 7009.48 -63.5318 15.4642
1010000 FRAC0_S 0 1 29052 14723 8500 -2.53175e+07 8.05754e+06 -203988 5790.91 -29.5635 0.47262
1010000 FRAC0_S 0 1 29183.9 14443.7 8500 -957192 9.16342e+06 1.27475e+06 7698.53 -67.3146 -8.31255
1010000 FRAC0_S 0 1 29395.8 14218.7 8500 -2.03529e+07 6.67453e+06 2.96984e+06 5142.85 -27.6851 -7.39885
1010000 FRAC0_S 0 1 29666.8 14070.2 8500 -775873 5.88264e+06 4.40452e+06 5663.86 -54.6512 -25.8234
1010000 FRAC0_S 0 1 29970.4 14012.7 8500 -734034 4.40123e+06 6.37366e+06 7129.06 -43.3016 -33.0755
1010000 FRAC0_S 0 1 30277 14051.9 8500 -1.34149e+06 994273 7.16538e+06 6916.67 -13.8841 -40.0555
1010000 FRAC0_S 0 1 30556.3 14183.9 8500 -1.91049e+07 -2.14127e+06 5.75639e+06 4815.66 10.6616 -15.1283
1010000 FRAC0_S 0 1 30781.3 14395.8 8500 -7.49335e+06 -4.49017e+06 5.15933e+06 5336.89 31.8673 -20.4859
1010000 FRAC0_S 0 1 30929.8 14666.8 8500 -1.9442e+07 -6.57863e+06 3.74769e+06 5724.55 27.5205 -9.29681
1010000 FRAC0_S 0 1 30987.2 14970.5 8500 -1.89434e+06 -1.01424e+07 3.16082e+06 10495.4 62.2551 -14.7951
1010000 FRAC0_S 0 1 30948 15277 8500 1.05359e+07 -9.47599e+06 941286 18011.1 48.9976 -3.43742
1010000 FRAC0_S 0 1 30816.1 15556.3 8500 -861878 -1.18241e+07 -1.6821e+06 12834.7 67.8055 8.67933
1010000 FRAC0_S 0 1 30604.2 15781.3 8500 1.81329e+07 -8.95987e+06 -3.0162e+06 37663.2 35.4626 7.48258
1010000 FRAC0_S 0 1 30333.2 15929.8 8500 -1.06354e+06 -6.88418e+06 -4.89184e+06 7405.81 54.9403 24.9276
1010000 FRAC0_S 0 1 30029.6 15987.3 8500 -463251 -5.42207e+06 -7.10583e+06 9335.28 46.2377 32.791
1010000 FRAC0_S 0 1 29723 15948.1 8500 1.63357e+07 -1.78405e+06 -6.34017e+06 29409.4 9.83888 18.0009
1010000 FRAC0_S 0 1 29443.7 15816.1 8500 1.13745e+07 1.51176e+06 -6.41613e+06 17207.7 -10.5354 22.2811
Step FractureNumber TipNr TipActive TipX TipY TipZ KI KII KIII G Phi Psi Extension
1010101 FRAC0_S 0 1 29151.6 15658.3 8456.86 1.83125e+06 3.47167e+06 -5.13596e+06 4881.12 -38.8177 30.388
1010101 FRAC0_S 0 1 29005.8 15359.9 8433.74 3.92763e+06 3.31565e+06 -3.38041e+06 3874.08 -36.8755 21.478
1010101 FRAC0_S 0 1 28951.8 15030.5 8426.51 6.31728e+06 5.14184e+06 -3.10447e+06 7193.97 -40.7029 15.1275
1010101 FRAC0_S 0 1 28991.1 14705.8 8429.89 7.36311e+06 6.2178e+06 -1.1932e+06 8465.57 -46.5216 6.08424
1010101 FRAC0_S 0 1 29133.6 14409.1 8429.92 8.79673e+06 6.20053e+06 753002 10396.9 -44.2661 -3.65366
1010101 FRAC0_S 0 1 29355.9 14164.6 8433.31 6.78862e+06 6.31559e+06 2.70721e+06 8635.73 -44.7523 -12.3876
1010101 FRAC0_S 0 1 29643 14007.2 8430.46 8.64086e+06 7.58361e+06 7.35659e+06 18976.1 -37.7839 -21.1219
1010101 FRAC0_S 0 1 29971.3 13939.5 8439.32 7.00161e+06 5.94483e+06 1.03395e+07 21736.1 -31.1792 -28.1277
1010101 FRAC0_S 0 1 30303.8 13966.9 8475.48 -1.90575e+07 6.47945e+06 7.52162e+06 11265.6 -24.7508 -16.0386
1010101 FRAC0_S 0 1 30607.6 14107 8516.45 1.21212e+06 -1.6239e+06 6.99894e+06 6880.94 21.2077 -38.7957
1010101 FRAC0_S 0 1 30849.6 14342 8542.58 7.05834e+06 -4.04895e+06 8.4914e+06 15490.2 25.9353 -27.5999
1010101 FRAC0_S 0 1 31000 14638.5 8558.43 -4.92965e+06 -1.01857e+07 3.57617e+06 10946 55.5043 -13.7154
1010101 FRAC0_S 0 1 31047.2 14966.8 8574.67 7.0359e+06 -5.27669e+06 3.05771e+06 8135.93 39.8126 -14.211
1010101 FRAC0_S 0 1 30999 15291.1 8583.01 2.38612e+07 -1.11912e+06 2.4833e+06 51667 5.58866 -6.78307
1010101 FRAC0_S 0 1 30859.9 15587.7 8579.66 2.08389e+07 -5.03729e+06 -715303 41025.9 24.0086 2.0743
1010101 FRAC0_S 0 1 30641.8 15832.4 8572.62 8.66332e+06 -5.89996e+06 -2.57832e+06 10674 39.8939 10.9856
1010101 FRAC0_S 0 1 30355.9 15990.3 8573.49 1.48706e+06 -2.66258e+06 -1.66451e+06 1197.27 49.4326 19.6257
1010101 FRAC0_S 0 1 30028.6 16059 8560.85 4.45817e+06 -3.82441e+06 -5.85875e+06 7639.64 32.7421 26.6511
1010101 FRAC0_S 0 1 29695.9 16033 8522.03 1.53636e+07 334380 -7.23877e+06 28012.7 -2.02609 21.3297
1010101 FRAC0_S 0 1 29391.3 15894.1 8484.05 673297 1.10367e+06 -5.62569e+06 4358.18 -19.3168 40.218