
Step FractureNumber TipNr TipActive TipX TipY TipZ KI KII KIII G Phi Psi Extension
1010000 FRAC0_S 0 1 30000 44049 8233.09 -6.92104e+06 1.38673e+06 572046 214.883 -20.1562 -4.88789
1010000 FRAC0_S 0 1 30000 44178.1 7952.3 -6.54763e+06 1.49898e+06 1.12902e+06 369.758 -21.003 -9.0979
1010000 FRAC0_S 0 1 30000 44387.6 7725.12 -6.6064e+06 88849.2 689391 63.913 -1.6743 -6.99407
1010000 FRAC0_S 0 1 30000 44657 7573.79 -5.48768e+06 33580.1 946744 119.312 -0.724955 -10.7101
1010000 FRAC0_S 0 1 30000 44960 7513.12 -7.80329e+06 -860638 1.27507e+06 282.235 11.598 -9.46346
1010000 FRAC0_S 0 1 30000 45266.9 7549.06 -6.85539e+06 -967602 955904 204.959 14.5803 -8.1019
1010000 FRAC0_S 0 1 30000 45547.7 7678.08 -6.81218e+06 -1.28122e+06 728541 216.87 18.856 -6.2164
1010000 FRAC0_S 0 1 30000 45774.9 7887.55 -7.69965e+06 -1.78841e+06 512254 319.911 22.7982 -3.90887
1010000 FRAC0_S 0 1 30000 45926.2 8156.97 -7.09511e+06 -1.74442e+06 78463.2 271.981 24.7066 -0.683713
1010000 FRAC0_S 0 1 30000 45986.8 8459.98 -6.8016e+06 -1.65375e+06 -222791 250.307 24.137 1.98072
1010000 FRAC0_S 0 1 30000 45951 8766.91 -7.24566e+06 -1.6649e+06 -677652 308.078 22.1991 5.34786
1010000 FRAC0_S 0 1 30000 45821.9 9047.7 -7.2129e+06 -1.31707e+06 -811178 242.091 18.3479 6.52461
1010000 FRAC0_S 0 1 30000 45612.4 9274.88 -5.82087e+06 -695303 -843968 137.813 12.6009 8.51016
1010000 FRAC0_S 0 1 30000 45343 9426.21 -7.14643e+06 -326719 -1.17603e+06 193.459 5.18855 9.9956
1010000 FRAC0_S 0 1 30000 45040 9486.88 -7.16318e+06 227479 -1.24983e+06 212.369 -3.63728 10.5921
1010000 FRAC0_S 0 1 30000 44733.1 9450.94 -7.6041e+06 969050 -1.16861e+06 265.311 -13.2337 8.88193
1010000 FRAC0_S 0 1 30000 44452.3 9321.92 -7.17227e+06 1.33536e+06 -893595 265.101 -18.4734 7.11583
1010000 FRAC0_S 0 1 30000 44225.1 9112.45 -7.25475e+06 1.82273e+06 -604694 344.685 -23.875 4.74272
1010000 FRAC0_S 0 1 30000 44073.8 8843.03 -6.64168e+06 1.89603e+06 -188329 325.06 -27.1149 1.66805
1010000 FRAC0_S 0 1 30000 44013.2 8540.02 -6.99518e+06 1.56082e+06 240662 224.789 -22.6369 -2.10925
Step FractureNumber TipNr TipActive TipX TipY TipZ KI KII KIII G Phi Psi Extension
1010101 FRAC0_S 0 1 29964.2 43961.4 8208.41 -5.87089e+06 4.0264e+06 618503 1495.52 -43.3424 -4.47353
1010101 FRAC0_S 0 1 29972.7 44101.2 7900.47 -6.47806e+06 3.05696e+06 1.17005e+06 1014.81 -34.2704 -8.13109
1010101 FRAC0_S 0 1 29989 44325 7652.3 -6.59351e+06 898448 945680 190.874 -14.1137 -8.32761
1010101 FRAC0_S 0 1 30003.6 44623.1 7482.84 -7.19602e+06 -136329 1.25136e+06 209.923 2.20587 -10.6698
1010101 FRAC0_S 0 1 30016 44955.8 7417.45 -6.70856e+06 -1.63592e+06 1.28469e+06 457.985 21.7645 -9.81907
1010101 FRAC0_S 0 1 30025.7 45292.1 7458.32 -6.7743e+06 -2.83861e+06 1.06109e+06 867.77 32.2806 -7.4278
1010101 FRAC0_S 0 1 30032.1 45598.6 7601.12 -5.96885e+06 -3.30404e+06 840319 1066.7 38.2672 -6.25327
1010101 FRAC0_S 0 1 30037.9 45845.5 7831.39 -5.69325e+06 -3.91195e+06 483665 1394.79 43.7604 -3.66351
1010101 FRAC0_S 0 1 30040.8 46009.7 8125.98 -5.59211e+06 -4.3531e+06 187000 1693.24 47.2275 -1.42832
1010101 FRAC0_S 0 1 30040.3 46076.1 8456.5 -5.46276e+06 -4.28952e+06 -201011 1645 47.334 1.56179
1010101 FRAC0_S 0 1 30037 46038.1 8791.65 -5.73391e+06 -4.02516e+06 -562507 1485.84 43.9509 4.15284
1010101 FRAC0_S 0 1 30030.6 45898.8 9099.4 -6.9188e+06 -3.89492e+06 -987453 1481.52 38.5813 6.29554
1010101 FRAC0_S 0 1 30021 45671.1 9349.67 -7.63319e+06 -2.5434e+06 -1.43546e+06 850.494 27.3061 9.13793
1010101 FRAC0_S 0 1 30008.3 45376.4 9516.98 -7.18342e+06 -950000 -1.3821e+06 334.48 13.2795 10.6331
1010101 FRAC0_S 0 1 29993.9 45055.8 9583.08 -7.77153e+06 791898 -1.54863e+06 374.848 -10.5344 11.1715
1010101 FRAC0_S 0 1 29979 44707.8 9542.47 -7.00154e+06 2.36352e+06 -1.31153e+06 726.564 -27.5619 9.08369
1010101 FRAC0_S 0 1 29968.3 44401.5 9398.99 -7.70157e+06 3.9916e+06 -1.15447e+06 1597.04 -36.7394 6.7425
1010101 FRAC0_S 0 1 29960.5 44155.3 9168.26 -4.16968e+06 3.05192e+06 -489614 861.87 -44.444 4.81948
1010101 FRAC0_S 0 1 29957.5 43991.1 8873.59 -5.6488e+06 4.71036e+06 -102372 1978.52 -48.8447 0.760114
1010101 FRAC0_S 0 1 29960.7 43923.6 8543.27 -5.22482e+06 3.7454e+06 239706 1257.68 -45.3572 -2.00774