
Step FractureNumber TipNr TipActive TipX TipY TipZ KI KII KIII G Phi Psi Extension
1010000 FRAC0_S 0 1 29664.6 -29071 8500 -3.06954e+06 -772090 1.47486e+06 342.422 18.8553 -19.0985
1010000 FRAC0_S 0 1 29393.9 -29220.1 8500 -2.60431e+06 -2.89949e+06 989643 879.413 48.5567 -11.1212
1010000 FRAC0_S 0 1 29182.6 -29445.6 8500 -2.25299e+06 -2.65399e+06 250054 635.977 53.5094 -3.70447
1010000 FRAC0_S 0 1 29051.3 -29725.3 8500 -2.53341e+06 -2.50273e+06 -285318 568.982 50.3599 4.08721
1010000 FRAC0_S 0 1 29012.8 -30032 8500 -2.35186e+06 -2.20678e+06 -832927 526.228 45.5754 11.2624
1010000 FRAC0_S 0 1 29071 -30335.4 8500 -2.38437e+06 -1.53383e+06 -1.1857e+06 396.625 35.7511 16.3394
1010000 FRAC0_S 0 1 29220.1 -30606.1 8500 -1.51574e+06 -661491 -860730 137.526 27.1651 19.4503
1010000 FRAC0_S 0 1 29445.6 -30817.4 8500 -1.93841e+06 -336882 -1.14671e+06 185.002 13.104 22.4322
1010000 FRAC0_S 0 1 29725.3 -30948.7 8500 -1.04948e+06 898044 -1.21495e+06 268.188 -34.1109 25.0953
1010000 FRAC0_S 0 1 30032 -30987.2 8500 -1.74232e+06 421886 -942618 134.035 -17.7203 20.6276
1010000 FRAC0_S 0 1 30335.4 -30929 8500 -1.31223e+06 580338 -574316 73.8801 -29.0612 16.3706
1010000 FRAC0_S 0 1 30606.1 -30779.9 8500 -1.48273e+06 923563 -504559 109.867 -37.3728 12.5288
1010000 FRAC0_S 0 1 30817.4 -30554.4 8500 -1.61299e+06 1.20679e+06 -325772 143.889 -43.4078 7.72417
1010000 FRAC0_S 0 1 30948.7 -30274.7 8500 -1.53936e+06 1.35174e+06 -66230 163.404 -49.3666 1.73027
1010000 FRAC0_S 0 1 30987.2 -29968 8500 -1.84837e+06 1.74427e+06 261594 280.218 -49.0217 -5.14198
1010000 FRAC0_S 0 1 30929 -29664.6 8500 -1.86895e+06 1.56483e+06 685697 280.737 -43.08 -12.069
1010000 FRAC0_S 0 1 30779.9 -29393.9 8500 -2.07535e+06 1.41147e+06 736699 249.711 -38.969 -12.6013
1010000 FRAC0_S 0 1 30554.4 -29182.6 8500 -2.20092e+06 803280 1.0428e+06 202.128 -25.0304 -17.9074
1010000 FRAC0_S 0 1 30274.7 -29051.3 8500 -2.44975e+06 218967 1.57118e+06 332.595 -7.04351 -24.3728
1010000 FRAC0_S 0 1 29968 -29012.8 8500 -2.40311e+06 -1.14949e+06 1.82615e+06 561.274 26.7224 -22.678
Step FractureNumber TipNr TipActive TipX TipY TipZ KI KII KIII G Phi Psi Extension
1010101 FRAC0_S 0 1 29637.6 -28991.1 8546.14 -134079 -4.1607e+06 1.99457e+06 2071.74 61.9815 -21.4175
1010101 FRAC0_S 0 1 29353.3 -29163.4 8565.66 1.39634e+06 -4.36986e+06 1.13677e+06 2047.23 60.5739 -11.95
1010101 FRAC0_S 0 1 29132.5 -29411.4 8578.19 2.32023e+06 -4.2088e+06 129588 2060.45 60.5246 -1.50551
1010101 FRAC0_S 0 1 28990.8 -29708.7 8576.46 1.93126e+06 -3.95248e+06 -674099 1784.88 58.9513 7.66915
1010101 FRAC0_S 0 1 28943.4 -30035.5 8569.57 992478 -3.56394e+06 -1.31603e+06 1449.97 59.1826 15.8226
1010101 FRAC0_S 0 1 28997.7 -30363.4 8558.48 -222012 -3.07998e+06 -1.83777e+06 1294.51 58.7577 23.6706
1010101 FRAC0_S 0 1 29152.2 -30660.4 8543.1 -931467 -1.85763e+06 -1.68983e+06 687.287 46.0237 24.7309
1010101 FRAC0_S 0 1 29394.9 -30891.2 8508.73 -1.79612e+06 -1.2101e+06 -1.34435e+06 370.854 33.525 20.9514
1010101 FRAC0_S 0 1 29700.9 -31032.4 8470.02 -1.27678e+06 905499 -1.5296e+06 384.241 -29.9868 26.5386
1010101 FRAC0_S 0 1 30035.2 -31075.2 8458.61 -942890 1.34041e+06 -1.15433e+06 337.322 -43.9464 22.4708
1010101 FRAC0_S 0 1 30363.2 -31009.6 8452.92 -296860 1.37212e+06 -792349 251.267 -56.2917 21.6899
1010101 FRAC0_S 0 1 30652.9 -30842.1 8440.32 -27235.7 2.22266e+06 -827547 531.307 -64.5996 18.5885
1010101 FRAC0_S 0 1 30875.3 -30595.1 8431.49 601548 2.24742e+06 -311389 495.229 -64.1587 7.36494
1010101 FRAC0_S 0 1 31011.4 -30293.4 8426.01 786017 2.40597e+06 14306.9 570.913 -65.6386 -0.34739
1010101 FRAC0_S 0 1 31052.7 -29965.4 8426.21 1.05696e+06 2.3054e+06 631157 626.14 -57.4919 -11.5032
1010101 FRAC0_S 0 1 30995.1 -29639.8 8431.25 538232 2.38293e+06 1.06973e+06 684.009 -58.6366 -18.5364
1010101 FRAC0_S 0 1 30825.7 -29325.1 8441.86 -243713 2.19778e+06 1.44507e+06 708.154 -56.7836 -24.4393
1010101 FRAC0_S 0 1 30602.1 -29109.4 8460.05 -1.09449e+06 1.52143e+06 1.90023e+06 686.513 -39.2197 -26.9771
1010101 FRAC0_S 0 1 30300.5 -28962.6 8494.53 -1.7832e+06 -403458 2.59081e+06 907.24 11.3238 -32.5943
1010101 FRAC0_S 0 1 29965.5 -28922.1 8527.49 -1.33791e+06 -2.30064e+06 2.3524e+06 1207.65 43.4397 -25.5394