
Step FractureNumber TipNr TipActive TipX TipY TipZ KI KII KIII G Phi Psi Extension
1010000 FRAC0_S 0 1 44208.4 590.716 8500 -792763 -2.91537e+06 378663 776.453 64.2488 -6.94379
1010000 FRAC0_S 0 1 44064.6 317.195 8500 -927138 -3.0115e+06 522640 844.48 62.6077 -8.68482
1010000 FRAC0_S 0 1 44012.4 12.6255 8500 -924918 -3.18252e+06 -170043 906.39 65.4131 3.0486
1010000 FRAC0_S 0 1 44056.8 -293.18 8500 -725498 -2.30617e+06 -657731 531.46 60.1604 12.8567
1010000 FRAC0_S 0 1 44193.6 -570.287 8500 -928672 -2.52816e+06 -1.48235e+06 861.8 53.3202 20.437
1010000 FRAC0_S 0 1 44409.3 -791.57 8500 -863491 -1.57201e+06 -1.80949e+06 655.685 42.2453 27.2525
1010000 FRAC0_S 0 1 44682.8 -935.369 8500 -625653 -504810 -1.52883e+06 333.571 24.0536 33.9354
1010000 FRAC0_S 0 1 44987.4 -987.607 8500 -730155 279491 -1.94618e+06 510.714 -12.612 37.0508
1010000 FRAC0_S 0 1 45293.2 -943.172 8500 -554888 883547 -1.42807e+06 340.803 -36.5019 30.6686
1010000 FRAC0_S 0 1 45570.3 -806.413 8500 -566839 1.21437e+06 -809481 218.559 -50.2436 21.1499
1010000 FRAC0_S 0 1 45791.6 -590.716 8500 -554941 2.65339e+06 -232799 634.583 -66.3317 5.12582
1010000 FRAC0_S 0 1 45935.4 -317.195 8500 -439311 1.15328e+06 -620727 169.765 -53.9434 19.2797
1010000 FRAC0_S 0 1 45987.6 -12.6255 8500 -549160 2.61241e+06 97298 609.406 -67.2455 -2.29938
1010000 FRAC0_S 0 1 45943.2 293.18 8500 -526017 2.41825e+06 516060 556.531 -63.6516 -10.8986
1010000 FRAC0_S 0 1 45806.4 570.287 8500 -463137 1.58261e+06 849084 319.076 -55.6165 -20.0392
1010000 FRAC0_S 0 1 45590.7 791.57 8500 -473614 1.10964e+06 1.10837e+06 273.109 -45.8191 -26.5235
1010000 FRAC0_S 0 1 45317.2 935.369 8500 -634098 693008 1.67422e+06 415.597 -28.594 -33.2419
1010000 FRAC0_S 0 1 45012.6 987.607 8500 -690747 -118842 1.95954e+06 511.952 5.87942 -38.671
1010000 FRAC0_S 0 1 44706.8 943.172 8500 -599579 -748835 1.3748e+06 301.348 33.2045 -30.9672
1010000 FRAC0_S 0 1 44429.7 806.413 8500 -843905 -1.86279e+06 1.58484e+06 643.269 47.58 -24.3044
Step FractureNumber TipNr TipActive TipX TipY TipZ KI KII KIII G Phi Psi Extension
1010101 FRAC0_S 0 1 44170.4 621.171 8585.69 1.38135e+06 -1.2427e+06 495694 340.327 44.6599 -11.5602
1010101 FRAC0_S 0 1 44023.7 331.212 8589.65 1.48496e+06 -1.13582e+06 131025 313.741 45.86 -3.63909
1010101 FRAC0_S 0 1 43968.8 12.893 8589.35 1.80424e+06 -1.12553e+06 -64158.9 403.511 42.7382 1.65636
1010101 FRAC0_S 0 1 44010.4 -309.054 8586.15 1.44698e+06 -1.295e+06 -321426 349.754 46.6733 7.8208
1010101 FRAC0_S 0 1 44146.2 -606.056 8578.59 1.24408e+06 -1.38866e+06 -776438 389.935 45.412 16.0528
1010101 FRAC0_S 0 1 44367.6 -851.477 8563.85 714566 -1.4221e+06 -1.24561e+06 432.07 46.489 24.2498
1010101 FRAC0_S 0 1 44633.2 -1008.96 8535.03 -281957 470582 -1.84321e+06 471.593 -23.0799 38.7475
1010101 FRAC0_S 0 1 44985.4 -1077.21 8484.4 -329497 -831749 -934515 177.798 44.5366 28.2193
1010101 FRAC0_S 0 1 45314.1 -1019 8445.58 484821 1.08123e+06 -1.12554e+06 293.611 -44.9432 26.8466
1010101 FRAC0_S 0 1 45602.8 -857.713 8423.79 1.25606e+06 1.37774e+06 -802793 395.447 -44.8757 16.4201
1010101 FRAC0_S 0 1 45830.8 -620.499 8414.78 1.1963e+06 883791 -240331 204.812 -43.168 7.72464
1010101 FRAC0_S 0 1 45980.9 -332.772 8413.62 1.2043e+06 747228 525504 215.724 -35.8627 -15.0625
1010101 FRAC0_S 0 1 46031.4 -14.305 8411.28 1.02385e+06 474935 -297651 125.295 -32.12 12.0178
1010101 FRAC0_S 0 1 45985.5 307.795 8411.51 1.27768e+06 682648 -118509 188.863 -38.4248 4.33933
1010101 FRAC0_S 0 1 45850.5 603.848 8418.4 1.17645e+06 1.02885e+06 380658 236.928 -44.6199 -10.7667
1010101 FRAC0_S 0 1 45630.1 848.438 8431.54 718240 1.07396e+06 810527 236.122 -45.8497 -21.09
1010101 FRAC0_S 0 1 45342.1 1015.78 8460.7 334612 1.11812e+06 1.40089e+06 382.395 -44.1086 -30.3385
1010101 FRAC0_S 0 1 45014.1 1078.11 8506.84 -155357 -188699 1.4396e+06 278.809 14.0276 -41.4574
1010101 FRAC0_S 0 1 44685 1021.76 8548.39 221995 -974320 1.26371e+06 301.381 44.468 -31.3602
1010101 FRAC0_S 0 1 44395.3 860.422 8573.12 963915 -1.44242e+06 1.05193e+06 415.367 46.2154 -20.6726