
Step FractureNumber TipNr TipActive TipX TipY TipZ KI KII KIII G Phi Psi Extension
1010000 FRAC0_S 0 1 -44017.5 30101.1 8500 -38625.3 -481335 -279968 31.0702 58.8963 23.257
1010000 FRAC0_S 0 1 -44096.8 30399.8 8500 -35895.3 -355122 -405895 33.1496 48.4866 31.1672
1010000 FRAC0_S 0 1 -44264.6 30659.3 8500 -23086.5 -126528 -357876 18.4606 30.5537 38.5941
1010000 FRAC0_S 0 1 -44504.3 30854.3 8500 -25264 61945.2 -484132 31.515 -14.356 42.3995
1010000 FRAC0_S 0 1 -44792.5 30965.6 8500 -15776 265408 -426931 30.519 -42.6395 35.0315
1010000 FRAC0_S 0 1 -45101.1 30982.5 8500 -11229.7 445993 -351022 34.1127 -55.9384 27.6511
1010000 FRAC0_S 0 1 -45399.8 30903.2 8500 -5258.83 567146 -239402 36.2853 -63.642 20.1324
1010000 FRAC0_S 0 1 -45659.3 30735.4 8500 -7550.6 734288 -123517 50.0753 -68.3942 10.4611
1010000 FRAC0_S 0 1 -45854.3 30495.7 8500 27086.6 737242 31509.2 48.631 -69.6205 -3.03649
1010000 FRAC0_S 0 1 -45965.6 30207.5 8500 21689.7 -96294.8 -164832 4.48176 39.5528 34.2507
1010000 FRAC0_S 0 1 -45982.5 29898.9 8500 -5013.02 502982 275710 32.6542 -61.0185 -23.3564
1010000 FRAC0_S 0 1 -45903.2 29600.2 8500 -60194.9 746939 380594 68.9813 -60.3589 -21.6058
1010000 FRAC0_S 0 1 -45735.4 29340.7 8500 -16104.1 139981 358458 18.8355 -32.9061 -38.3232
1010000 FRAC0_S 0 1 -45495.7 29145.7 8500 -21730.6 -25996.9 406923 22.0832 7.77632 -43.3766
1010000 FRAC0_S 0 1 -45207.5 29034.4 8500 -63156 99207.9 492086 33.0828 -19.614 -39.9918
1010000 FRAC0_S 0 1 -44898.9 29017.5 8500 -35122.2 -450922 376196 36.9414 54.0706 -27.7496
1010000 FRAC0_S 0 1 -44600.2 29096.8 8500 -32492.5 -463899 199812 24.4867 62.2063 -19.668
1010000 FRAC0_S 0 1 -44340.7 29264.6 8500 -42156.3 -743431 121406 51.2105 67.7236 -9.84946
1010000 FRAC0_S 0 1 -44145.7 29504.3 8500 -60407.8 -761280 -25876.4 51.7325 69.2745 2.35061
1010000 FRAC0_S 0 1 -44034.4 29792.5 8500 -48760.9 -553931 -159553 30.7282 64.7719 14.8811
Step FractureNumber TipNr TipActive TipX TipY TipZ KI KII KIII G Phi Psi Extension
1010101 FRAC0_S 0 1 -43966.2 30108.3 8584.14 57052.1 -23041.2 -275892 10.4608 8.76827 40.6296
1010101 FRAC0_S 0 1 -44037.6 30428.9 8571.55 -27044.8 80510.9 -138273 3.12049 -38.3429 33.4326
1010101 FRAC0_S 0 1 -44205.3 30715.7 8537.94 29273.5 93367.7 -140636 3.48374 -40.8454 32.2493
1010101 FRAC0_S 0 1 -44460.2 30928.5 8483.38 311409 707685 -314661 66.438 -54.5762 16.5651
1010101 FRAC0_S 0 1 -44774.2 31036.5 8439.22 214019 128044 -205571 11.1631 -28.907 24.6296
1010101 FRAC0_S 0 1 -45104.7 31038.4 8419.25 267506 106660 819.293 7.39052 -34.1579 -0.170262
1010101 FRAC0_S 0 1 -45416.3 30944.2 8411.24 593301 170767 26528.3 34.0594 -26.9738 -2.58012
1010101 FRAC0_S 0 1 -45683.7 30763.6 8407.67 254653 17877.7 172287 9.75494 -5.51367 -25.2604
1010101 FRAC0_S 0 1 -45894.4 30515.3 8445.8 283859 35459.6 240660 14.9951 -8.58456 -27.4267
1010101 FRAC0_S 0 1 -46022.9 30218.7 8486.53 122693 359680 167989 16.6229 -56.0162 -17.9457
1010101 FRAC0_S 0 1 -46036.7 29895.4 8450.45 90654.4 133253 191340 7.18385 -37.7176 -28.9346
1010101 FRAC0_S 0 1 -45953.5 29574.9 8421.09 3520.05 3484.42 165507 3.64541 -2.79918 -44.4584
1010101 FRAC0_S 0 1 -45790.4 29286.2 8454.49 28819.2 -79717.8 178767 4.89065 33.4564 -35.757
1010101 FRAC0_S 0 1 -45541.1 29065.8 8484.79 57416.8 134605 202800 7.37831 -39.5935 -31.3581
1010101 FRAC0_S 0 1 -45228.2 28952.3 8506.84 75419.6 -256795 206728 12.067 50.8148 -25.0639
1010101 FRAC0_S 0 1 -44896.1 28954.6 8554.21 453199 -448624 298813 48.1122 42.5385 -17.3685
1010101 FRAC0_S 0 1 -44583 29053.8 8587.61 -140527 155530 -22677.1 2.22393 -51.6472 5.38244
1010101 FRAC0_S 0 1 -44315.7 29235.4 8591.76 164944 -24214.4 -226859 9.32146 7.91159 32.7212
1010101 FRAC0_S 0 1 -44113.6 29486.1 8592.51 -97045.1 126489 -243442 9.30786 -32.7857 31.6942
1010101 FRAC0_S 0 1 -43993 29785 8590.02 -35765 63325.4 -235551 7.73676 -23.986 38.5532