
Step FractureNumber TipNr TipActive TipX TipY TipZ KI KII KIII G Phi Psi Extension
1010000 FRAC0_S 0 1 -36524.7 44844.1 8500 65074.2 221762 124475 6.82033 -55.1338 -20.5828
1010000 FRAC0_S 0 1 -36524.2 45153.1 8500 54347.7 118613 128756 3.72176 -44.2193 -27.2764
1010000 FRAC0_S 0 1 -36619.3 45447.2 8500 63056.8 67552 182855 5.20795 -26.9194 -34.271
1010000 FRAC0_S 0 1 -36800.7 45697.5 8500 62200.7 -38159.4 199570 5.77165 16.6788 -37.2898
1010000 FRAC0_S 0 1 -37050.4 45879.4 8500 57811.1 -95823.6 164915 4.73323 35.7796 -31.5364
1010000 FRAC0_S 0 1 -37344.1 45975.3 8500 55663 -178667 142218 5.81068 50.6685 -24.7523
1010000 FRAC0_S 0 1 -37653.1 45975.8 8500 53214.3 -219745 94543 5.74409 58.6845 -17.8821
1010000 FRAC0_S 0 1 -37947.2 45880.7 8500 53705.5 -250442 43618.1 6.09914 64.5177 -9.26394
1010000 FRAC0_S 0 1 -38197.5 45699.3 8500 67056.2 -248248 3248.16 5.89369 66.5904 -0.791905
1010000 FRAC0_S 0 1 -38379.4 45449.6 8500 51546.3 -234941 -61956.7 5.66594 62.5724 12.8258
1010000 FRAC0_S 0 1 -38475.3 45155.9 8500 54865.1 -200659 -108939 5.43456 55.8603 20.3661
1010000 FRAC0_S 0 1 -38475.8 44846.9 8500 53781.1 -139867 -149936 4.99091 45.3914 27.7539
1010000 FRAC0_S 0 1 -38380.7 44552.8 8500 99172.2 328163 -207167 16.1808 -53.6831 21.9493
1010000 FRAC0_S 0 1 -38199.3 44302.5 8500 51991.9 8779.29 -153255 3.37154 -5.62497 38.9321
1010000 FRAC0_S 0 1 -37949.6 44120.6 8500 63995.2 94280.1 -177029 5.32511 -33.8307 31.9826
1010000 FRAC0_S 0 1 -37655.9 44024.7 8500 78253.5 -498570 238580 30.2664 59.4315 -19.997
1010000 FRAC0_S 0 1 -37346.9 44024.2 8500 118165 726138 173857 52.25 -64.2417 -12.3568
1010000 FRAC0_S 0 1 -37052.8 44119.3 8500 68263.3 282632 -49635.7 7.86111 -63.9348 9.15933
1010000 FRAC0_S 0 1 -36802.5 44300.7 8500 66820.4 288713 10294.1 7.83972 -66.8896 -2.16873
1010000 FRAC0_S 0 1 -36620.6 44550.4 8500 68621.1 258401 70373.4 7.02826 -61.4366 -12.7779
Step FractureNumber TipNr TipActive TipX TipY TipZ KI KII KIII G Phi Psi Extension
1010101 FRAC0_S 0 1 -36468.2 44837 8419.58 180844 6827.18 455987 30.5724 -1.47708 -38.6957
1010101 FRAC0_S 0 1 -36454.9 45166.6 8433.3 98755.7 -63760.4 256809 10.0028 19.6692 -35.3924
1010101 FRAC0_S 0 1 -36545 45487.1 8467.1 54920 383303 -723142 82.9113 -38.5812 35.7734
1010101 FRAC0_S 0 1 -36737.6 45759.4 8517.64 250863 72666.6 274530 16.1022 -15.9771 -28.8512
1010101 FRAC0_S 0 1 -37012.4 45948 8555.74 355040 -321346 297378 32.1961 38.5774 -20.7427
1010101 FRAC0_S 0 1 -37331.9 46037.5 8574.65 890260 -614149 224868 110.961 40.8916 -9.5848
1010101 FRAC0_S 0 1 -37659.6 46026.7 8584.62 1.03205e+06 -501733 -70179.6 118.001 36.9438 3.34963
1010101 FRAC0_S 0 1 -37966 45919.7 8589.44 994415 -366742 -430836 124.79 25.72 16.8455
1010101 FRAC0_S 0 1 -38226.6 45728.3 8590.64 354288 -35739.6 -510153 45.913 5.44804 33.6056
1010101 FRAC0_S 0 1 -38420.8 45469.4 8588.01 300200 -40811.5 -408785 30.4039 7.41284 32.7164
1010101 FRAC0_S 0 1 -38530.6 45162.8 8581.37 197070 18027.9 -638534 57.7173 -2.92544 39.881
1010101 FRAC0_S 0 1 -38537.5 44836.9 8536.15 231456 -55924.5 -548443 45.0575 9.05394 36.9728
1010101 FRAC0_S 0 1 -38442.1 44519.1 8475.06 142307 72320.8 -388963 22.3925 -15.7695 36.5604
1010101 FRAC0_S 0 1 -38257.3 44242.3 8461.04 113814 124499 -355496 19.3437 -26.2756 34.8689
1010101 FRAC0_S 0 1 -37988.2 44053.5 8491.23 60044.6 112594 -238014 8.98552 -33.1232 34.1229
1010101 FRAC0_S 0 1 -37667.6 43970.3 8506.62 84328.1 287397 -152536 11.0885 -55.711 19.9008
1010101 FRAC0_S 0 1 -37340.5 43980.5 8454.04 314132 89969.6 -2006.56 9.51514 -27.5801 0.384589
1010101 FRAC0_S 0 1 -37034.2 44082.1 8409.58 810913 256237 304791 76.8031 -23.706 -15.6998
1010101 FRAC0_S 0 1 -36773.1 44271.5 8409.6 704669 148473 426203 70.3721 -15.3048 -22.3226
1010101 FRAC0_S 0 1 -36578.3 44530.3 8412.58 430165 92746.9 535034 55.3284 -11.7354 -31.0067