
Step FractureNumber TipNr TipActive TipX TipY TipZ KI KII KIII G Phi Psi Extension
1010000 FRAC0_S 0 1 0 -14017.8 8603.45 -8.19288e+06 722096 91705.1 47.5824 -10.7743 -0.790767
1010000 FRAC0_S 0 1 0 -14097.8 8901.92 -1.0206e+07 226084 195176 9.6212 -2.94668 -1.42139
1010000 FRAC0_S 0 1 0 -14266.1 9161.05 -1.36795e+07 -1.04558e+07 -6.12114e+06 14725.2 40.0208 14.4294
1010000 FRAC0_S 0 1 0 -14506.3 9355.47 -1.65461e+07 138644 297107 13.4531 -1.13833 -1.35455
1010000 FRAC0_S 0 1 0 -14794.9 9466.15 -1.78356e+07 41335.6 344088 15.899 -0.317239 -1.4612
1010000 FRAC0_S 0 1 0 -15103.5 9482.25 -1.83857e+07 -214599 339649 19.4468 1.57728 -1.38816
1010000 FRAC0_S 0 1 0 -15401.9 9402.21 -1.74707e+07 -395503 299080 25.8355 3.01497 -1.27528
1010000 FRAC0_S 0 1 0 -15661 9233.85 -1.3945e+07 -312964 174531 12.7793 3.00295 -0.938425
1010000 FRAC0_S 0 1 0 -15855.5 8993.66 -1.29443e+07 -390916 95335.8 14.8262 4.01561 -0.552016
1010000 FRAC0_S 0 1 0 -15966.1 8705.15 -9.33315e+06 -417766 862.279 15.5523 5.86913 -0.00689672
1010000 FRAC0_S 0 1 0 -15982.2 8396.55 -6.85927e+06 -667756 -234174 47.0273 11.5271 2.3234
1010000 FRAC0_S 0 1 0 -15902.2 8098.08 -3.16163e+06 -299554 -142996 10.7156 11.1523 3.04272
1010000 FRAC0_S 0 1 0 -15733.9 7838.95 36378.7 114.123 -295143 11.7035 -0.0481686 43.28
1010000 FRAC0_S 0 1 0 -15493.7 7644.53 1.86073e+06 -68865.2 -202388 314.398 4.4491 7.10711
1010000 FRAC0_S 0 1 0 -15205.1 7533.85 2.72883e+06 1.32497e+07 8.93869e+06 26934 -54.6519 -23.7345
1010000 FRAC0_S 0 1 0 -14896.5 7517.75 3.26331e+06 -208340 57860 953.26 8.02003 -1.2698
1010000 FRAC0_S 0 1 0 -14598.1 7597.79 2.41461e+06 204898 -166664 526.979 -9.91716 4.54773
1010000 FRAC0_S 0 1 0 -14339 7766.15 1.05235e+06 1.27331e+07 7.99966e+06 23057.5 -57.9144 -24.1924
1010000 FRAC0_S 0 1 0 -14144.5 8006.34 -1.07776e+06 9.7735e+06 -6.26461e+06 13731.5 -57.1183 24.1281
1010000 FRAC0_S 0 1 0 -14033.9 8294.85 -5.18889e+06 443367 208122 23.2776 -10.2246 -2.73762
Step FractureNumber TipNr TipActive TipX TipY TipZ KI KII KIII G Phi Psi Extension
1010101 FRAC0_S 0 1 -15.0699 -13922.1 8613.65 -9.0895e+06 1.49218e+06 191474 203.287 -18.0483 -1.37589
1010101 FRAC0_S 0 1 8.83275 -14013.5 8937.63 -1.42818e+07 -709233 845039 139.798 6.12961 -4.06823
1010101 FRAC0_S 0 1 30.3714 -14202.4 9218.49 -1.69511e+07 -3.543e+06 -475590 1148.67 21.6559 1.75206
1010101 FRAC0_S 0 1 14.9449 -14461.9 9436.03 -1.86999e+07 -2.29178e+06 -575618 512.094 14.0862 2.05826
1010101 FRAC0_S 0 1 -0.08537 -14774.6 9561.56 -2.3133e+07 1.51393e+06 649632 260.369 -8.12792 -1.98133
1010101 FRAC0_S 0 1 2.55277 -15113.6 9579.23 -1.60345e+07 -465449 294267 30.8219 3.82632 -1.35658
1010101 FRAC0_S 0 1 4.62766 -15441.6 9491.23 -1.94573e+07 -1.22073e+06 271740 142.611 7.92004 -1.00619
1010101 FRAC0_S 0 1 5.685 -15726.2 9306.22 -1.53463e+07 -1.27478e+07 8.69942e+06 24546.5 40.1028 -16.5974
1010101 FRAC0_S 0 1 7.36752 -15939.7 9042.3 -1.38958e+07 9.2278e+06 7.69906e+06 15471.6 -35.6396 -17.4243
1010101 FRAC0_S 0 1 11.8593 -16060.8 8725.37 -1.04678e+07 -1.31339e+06 144013 156.473 14.5699 -0.937141
1010101 FRAC0_S 0 1 17.3834 -16077.7 8386.6 -7.61983e+06 -1.27536e+06 -65767.8 145.516 18.5074 0.570694
1010101 FRAC0_S 0 1 14.6456 -15989.9 8058.82 -3.15573e+06 -520895 -69850.1 24.8272 18.1119 1.44278
1010101 FRAC0_S 0 1 6.73272 -15805.9 7773.92 -206040 914386 -42669.3 74.7471 -66.7992 2.8171
1010101 FRAC0_S 0 1 -16.5336 -15540.2 7570.48 2.07901e+06 -441906 215826 408.756 20.7809 -5.94602
1010101 FRAC0_S 0 1 -35.3553 -15221 7459.34 3.27252e+06 -1.49063e+06 -5657.28 1152.32 36.9217 0.0924856
1010101 FRAC0_S 0 1 -17.7209 -14884.3 7431.86 3.93481e+06 -668054 -295872 1431.08 17.7904 4.59063
1010101 FRAC0_S 0 1 -26.3046 -14566.5 7518.31 -3.2266e+06 -1.28851e+07 8.17721e+06 23687.9 54.5695 -22.5195
1010101 FRAC0_S 0 1 -67.6632 -14299.4 7717.14 223660 -1.58986e+06 -264338 238.989 66.139 9.38883
1010101 FRAC0_S 0 1 -67.6087 -14088.1 7977.8 514901 1.7675e+06 907190 411.468 -56.085 -19.5154
1010101 FRAC0_S 0 1 -34.5437 -13949.6 8280.42 1.79578e+06 1.19255e+07 8.84221e+06 23358.9 -54.4401 -25.4989