
Step FractureNumber TipNr TipActive TipX TipY TipZ KI KII KIII G Phi Psi Extension
1010000 FRAC0_S 0 1 14635.6 805.231 8059.1 1.20044e+07 209155 -4.00978e+06 14983.6 -1.79328 17.2626
1010000 FRAC0_S 0 1 14431.2 779.483 8289.33 4.17648e+06 5.6342e+06 936344 4499.68 -54.1568 -6.54532
1010000 FRAC0_S 0 1 14282.4 677.432 8540.2 -3.40538e+06 1.14672e+07 6.64662e+06 17593.2 -54.726 -20.9436
1010000 FRAC0_S 0 1 14203.8 509.071 8787.13 8.39848e+06 4.15898e+06 5.36996e+06 11661.9 -28.7112 -20.4032
1010000 FRAC0_S 0 1 14203.2 290.878 9005.95 1.00643e+07 982894 6.87392e+06 15396.3 -7.46784 -25.0631
1010000 FRAC0_S 0 1 14280.5 44.2111 9175.24 1.09567e+07 -3.03629e+06 6.89395e+06 17840.1 18.8723 -22.1497
1010000 FRAC0_S 0 1 14428.3 -206.783 9278.45 1.07385e+07 -5.95915e+06 5.61971e+06 17640.4 32.3917 -17.5487
1010000 FRAC0_S 0 1 14632.1 -437.535 9305.44 8.95894e+06 -6.52677e+06 3.14808e+06 12266.3 40.4491 -12.2358
1010000 FRAC0_S 0 1 14871.9 -625.459 9253.59 1.00691e+07 -8.61334e+06 1.88671e+06 16119.1 46.3504 -6.87693
1010000 FRAC0_S 0 1 15124.2 -752.158 9127.99 1.0145e+07 -1.00147e+07 208316 18114.2 51.9134 -0.794301
1010000 FRAC0_S 0 1 15358.8 -804.889 8946.14 8.98135e+06 -8.43432e+06 -1.44667e+06 13805.5 48.6051 5.78818
1010000 FRAC0_S 0 1 15568.8 -779.483 8710.67 5.81249e+06 -4.90515e+06 -1.97037e+06 5670.97 43.6616 11.3171
1010000 FRAC0_S 0 1 15717.6 -677.432 8459.8 6.64992e+06 -5.76183e+06 -3.11722e+06 8191.28 42.3084 14.3277
1010000 FRAC0_S 0 1 15796.2 -509.071 8212.87 -8.41561e+06 -1.09866e+07 -7.68555e+06 18612 45.2676 19.4742
1010000 FRAC0_S 0 1 15796.8 -290.878 7994.05 4.2794e+06 -3.12531e+06 -3.76614e+06 4388.73 33.6892 22.546
1010000 FRAC0_S 0 1 15719.5 -44.2111 7824.76 -6.4122e+06 -7.50673e+06 -8.0697e+06 13682.4 39.6364 24.181
1010000 FRAC0_S 0 1 15571.7 206.783 7721.55 1.56939e+07 -7.19007e+06 2.07037e+06 27124.6 34.5267 -6.24422
1010000 FRAC0_S 0 1 15367.9 437.535 7694.56 2.45712e+06 1.50248e+06 -3.8999e+06 2761.99 -24.2053 30.5786
1010000 FRAC0_S 0 1 15128.1 625.459 7746.41 2.90079e+06 3.64874e+06 -3.5878e+06 3648.19 -41.3218 23.4722
1010000 FRAC0_S 0 1 14875.8 752.158 7872.01 3.6569e+06 6.2556e+06 -2.72488e+06 5666.29 -52.1488 15.2842
Step FractureNumber TipNr TipActive TipX TipY TipZ KI KII KIII G Phi Psi Extension
1010101 FRAC0_S 0 1 14582.8 845.21 7999.91 6.83755e+06 3.41553e+06 -4.63118e+06 8058.18 -28.4401 21.0746
1010101 FRAC0_S 0 1 14359 797.227 8236.89 1.02952e+07 224284 1.72333e+06 9844.31 -2.54126 -10.3256
1010101 FRAC0_S 0 1 14193 677.89 8502.43 1.01925e+07 -1.45745e+06 3.25387e+06 10854.7 13.0213 -15.4564
1010101 FRAC0_S 0 1 14110.4 521.348 8785.63 5.92742e+06 1.13084e+07 7.91721e+06 22862.8 -48.7929 -21.282
1010101 FRAC0_S 0 1 14122.2 311.821 9047.88 6.14979e+06 -5.89008e+06 9.38198e+06 18168.5 33.2018 -27.8313
1010101 FRAC0_S 0 1 14229 64.4033 9252.12 1.31722e+07 418456 6.30976e+06 20772 -2.9129 -21.4136
1010101 FRAC0_S 0 1 14409 -193.493 9372.91 1.47383e+07 754866 5.59359e+06 23568.3 -4.92203 -18.3687
1010101 FRAC0_S 0 1 14640.4 -432.833 9403.18 1.69137e+07 3.00693e+06 5.80598e+06 30781 -15.4069 -15.9223
1010101 FRAC0_S 0 1 14903.9 -625.873 9346.86 1.65542e+07 1.19742e+06 1.85038e+06 25002.9 -8.2909 -7.06896
1010101 FRAC0_S 0 1 15175.9 -756.058 9212.13 1.5985e+07 1.41107e+06 76665.6 22947.6 -10.8497 -0.341608
1010101 FRAC0_S 0 1 15431.9 -815.222 9012.31 9.78811e+06 1.01078e+06 -1.14015e+06 8801.3 -11.351 7.14786
1010101 FRAC0_S 0 1 15649.7 -793.713 8765.48 1.14738e+07 1.70649e+06 -1.97751e+06 12510.8 -14.8742 9.61433
1010101 FRAC0_S 0 1 15808.8 -686.486 8496.69 6.73242e+06 724561 -2.43379e+06 4873.54 -9.88023 17.1951
1010101 FRAC0_S 0 1 15893 -507.786 8229.46 8.00169e+06 752324 -2.80066e+06 6799.11 -8.81863 16.9672
1010101 FRAC0_S 0 1 15894 -277.587 7989.93 1.28088e+07 -3.34788e+06 1.19457e+06 15808.4 24.4067 -5.21361
1010101 FRAC0_S 0 1 15810.8 -13.147 7806.14 3.07295e+06 713333 -2.84087e+06 1960.19 -14.2583 27.3723
1010101 FRAC0_S 0 1 15637.6 244.298 7676.98 3.82213e+06 1.0565e+06 -3.5052e+06 3035.34 -16.5307 26.8427
1010101 FRAC0_S 0 1 15386 460.754 7613.62 7.10213e+06 4.50264e+06 -896014 6408.1 -41.3449 5.42124
1010101 FRAC0_S 0 1 15103.2 634.646 7653.03 4.87486e+06 304405 -2.84411e+06 3201.73 -5.2108 23.5027
1010101 FRAC0_S 0 1 14832.4 775.008 7794.25 6.02282e+06 2.0543e+06 -2.63241e+06 4530.1 -24.2791 17.1787