
Step FractureNumber TipNr TipActive TipX TipY TipZ KI KII KIII G Phi Psi Extension
1010000 FRAC0_S 0 1 -14124.7 15457.6 8500 8490.13 809849 -3.32772e+06 1531.26 -24.6754 41.3459
1010000 FRAC0_S 0 1 -14309 15705.7 8500 1.3804e+07 2.94371e+06 -2.71717e+06 18734.1 -19.5715 10.2452
1010000 FRAC0_S 0 1 -14560.8 15884.7 8500 312431 2.9333e+06 -2.07871e+06 1350.12 -55.8824 25.4221
1010000 FRAC0_S 0 1 -14855.7 15977.1 8500 289934 3.77187e+06 -1.34829e+06 1517.04 -63.5815 17.3894
1010000 FRAC0_S 0 1 -15164.7 15973.8 8500 320246 4.22879e+06 -519732 1638.59 -68.0777 7.65087
1010000 FRAC0_S 0 1 -15457.6 15875.3 8500 665873 5.25482e+06 427673 2524.44 -67.9229 -5.1049
1010000 FRAC0_S 0 1 -15705.7 15691 8500 275173 3.02928e+06 966351 948.668 -64.0845 -15.9595
1010000 FRAC0_S 0 1 -15884.7 15439.2 8500 363443 3.13653e+06 2.0346e+06 1438.99 -56.8586 -24.2144
1010000 FRAC0_S 0 1 -15977.1 15144.3 8500 241814 2.06687e+06 2.65614e+06 1324.21 -46.1508 -32.2843
1010000 FRAC0_S 0 1 -15973.8 14835.3 8500 333319 811774 2.94891e+06 1225.2 -25.0075 -39.062
1010000 FRAC0_S 0 1 -15875.3 14542.4 8500 298955 -524002 2.84858e+06 1111.65 18.555 -40.6523
1010000 FRAC0_S 0 1 -15678.6 14282.1 8500 1.90318e+06 -1.41119e+06 1.86338e+06 962.022 32.957 -23.7968
1010000 FRAC0_S 0 1 -15439.2 14115.3 8500 268945 -2.87302e+06 2.05486e+06 1303.57 56.0034 -25.6823
1010000 FRAC0_S 0 1 -15144.3 14022.9 8500 -4.12055e+06 -3.37011e+06 1.39766e+06 1271.89 43.0192 -11.4493
1010000 FRAC0_S 0 1 -14835.3 14026.2 8500 252442 -3.96951e+06 506206 1443.87 68.1978 -7.97258
1010000 FRAC0_S 0 1 -14542.4 14124.7 8500 254904 -4.02827e+06 -396743 1472.71 68.6428 6.37533
1010000 FRAC0_S 0 1 -14301.9 14301.2 8500 278981 -3.75254e+06 -1.25859e+06 1472.42 64.0865 16.6894
1010000 FRAC0_S 0 1 -14115.3 14560.8 8500 262274 -2.93844e+06 -1.95108e+06 1281.84 57.0794 24.807
1010000 FRAC0_S 0 1 -14022.9 14855.7 8500 285455 -1.90988e+06 -2.53228e+06 1185.16 45.1336 32.3117
1010000 FRAC0_S 0 1 -14026.2 15164.7 8500 2.95366e+06 -623422 -3.06259e+06 2059.5 12.528 28.957
Step FractureNumber TipNr TipActive TipX TipY TipZ KI KII KIII G Phi Psi Extension
1010101 FRAC0_S 0 1 -14043.9 15499.6 8476.17 1.41247e+06 616090 -3.83911e+06 2171.86 -13.9279 36.9072
1010101 FRAC0_S 0 1 -14249.7 15762.4 8452.12 9.54018e+06 -1.46777e+06 -3.64427e+06 10068.7 13.3219 17.3586
1010101 FRAC0_S 0 1 -14530.3 15937.7 8427.85 824216 2.84198e+06 801203 865.64 -60.7334 -12.9274
1010101 FRAC0_S 0 1 -14847.9 16020.9 8411.33 6.4289e+06 1.98538e+06 -2.29011e+06 4731.77 -23.5582 15.177
1010101 FRAC0_S 0 1 -15170.6 16011.6 8408.06 7.2237e+06 1.87311e+06 -747878 5036.96 -24.1032 5.73503
1010101 FRAC0_S 0 1 -15475.7 15908.8 8407.98 6.89725e+06 -10318.2 1.49244e+06 4535.39 0.171865 -12.8167
1010101 FRAC0_S 0 1 -15734.4 15724.1 8410.86 1.33939e+07 6.09812e+06 2.55749e+06 20169.8 -33.3649 -8.60314
1010101 FRAC0_S 0 1 -15934.1 15461.5 8417.62 4.75823e+06 1.51822e+06 3.44295e+06 3799.48 -20.1607 -23.4894
1010101 FRAC0_S 0 1 -16046 15151.6 8432.44 8.32249e+06 5.65454e+06 7.13032e+06 15783.2 -32.4815 -22.5835
1010101 FRAC0_S 0 1 -16056.6 14819.2 8468.79 1.4985e+06 464676 3.20453e+06 1585.12 -12.0227 -35.6787
1010101 FRAC0_S 0 1 -15945.8 14485.8 8521.49 1.73775e+06 -597172 4.06279e+06 2496.21 12.4579 -36.2249
1010101 FRAC0_S 0 1 -15747.6 14240.8 8555.88 -1.01966e+07 -8.52052e+06 6.91518e+06 12829.3 38.803 -18.6413
1010101 FRAC0_S 0 1 -15468.9 14057.2 8572.11 4.02081e+06 -2.15739e+06 3.32612e+06 3326.77 28.172 -23.2552
1010101 FRAC0_S 0 1 -15154.3 13965 8578.05 5.83975e+06 -2.98192e+06 2.24123e+06 4499.32 32.6502 -14.4476
1010101 FRAC0_S 0 1 -14830.6 13981.7 8586.76 8.73173e+06 -2.74154e+06 329965 7478.26 28.7414 -2.15474
1010101 FRAC0_S 0 1 -14524.6 14091.8 8592.26 6.57343e+06 -1.58058e+06 -1.05381e+06 4220.76 21.9693 8.49466
1010101 FRAC0_S 0 1 -14262.3 14279.6 8589.24 5.64186e+06 -1.59878e+06 -2.3022e+06 3769.11 21.4904 16.8968
1010101 FRAC0_S 0 1 -14065.7 14538.6 8582.18 3.47565e+06 -76760.6 -3.11382e+06 2366.54 1.6028 29.234
1010101 FRAC0_S 0 1 -13951.8 14848.6 8561.85 2.78071e+06 -1.17426e+06 -3.70655e+06 2639.12 19.813 30.0118
1010101 FRAC0_S 0 1 -13940.4 15180.8 8518.12 1.92015e+06 -563089 -4.06435e+06 2553.81 11.5222 35.7022