
Step FractureNumber TipNr TipActive TipX TipY TipZ KI KII KIII G Phi Psi Extension
1010000 FRAC0_S 0 1 446.563 880.97 8500 93751.3 2.74286e+06 -1.03578e+06 813.87 -64.0442 18.5024
1010000 FRAC0_S 0 1 152.472 975.848 8500 99941.5 3.0378e+06 -360960 840.545 -68.7852 7.696
1010000 FRAC0_S 0 1 -156.544 975.204 8500 100670 2.81702e+06 214856 714.183 -69.2898 -5.19465
1010000 FRAC0_S 0 1 -450.236 879.099 8500 146686 2.57564e+06 802631 678.745 -64.9229 -16.0496
1010000 FRAC0_S 0 1 -698.371 698.433 8500 71114.6 1.23903e+06 816904 226.008 -57.7993 -25.0888
1010000 FRAC0_S 0 1 -880.97 446.563 8500 162812 1.34382e+06 1.71608e+06 554.957 -46.2065 -32.1775
1010000 FRAC0_S 0 1 -975.848 152.472 8500 70840.3 542636 1.94407e+06 529.345 -26.5528 -40.2228
1010000 FRAC0_S 0 1 -975.204 -156.544 8500 197675 -319514 1.98659e+06 537.47 16.7258 -41.1132
1010000 FRAC0_S 0 1 -879.099 -450.236 8500 118206 -1.18108e+06 1.74531e+06 530.682 43.7755 -33.8692
1010000 FRAC0_S 0 1 -698.433 -698.371 8500 1.93857e+06 -1.46841e+06 783664 608.699 40.4615 -13.4323
1010000 FRAC0_S 0 1 -446.563 -880.97 8500 152561 -2.46439e+06 971909 668.893 63.1281 -18.7032
1010000 FRAC0_S 0 1 -152.472 -975.848 8500 91278.5 -2.73105e+06 359683 682.588 68.594 -8.39519
1010000 FRAC0_S 0 1 156.544 -975.204 8500 135226 -2.87322e+06 -187054 741.919 69.288 4.45279
1010000 FRAC0_S 0 1 450.236 -879.099 8500 117341 -2.58532e+06 -813831 684.915 65.0916 16.2842
1010000 FRAC0_S 0 1 698.371 -698.433 8500 964206 -1.70787e+06 -656034 400.003 53.4094 14.093
1010000 FRAC0_S 0 1 880.97 -446.563 8500 143260 -1.45556e+06 -1.69737e+06 573.803 48.1723 31.4154
1010000 FRAC0_S 0 1 975.848 -152.472 8500 19383.6 -675596 -1.96522e+06 554.365 31.0401 39.6127
1010000 FRAC0_S 0 1 975.204 156.544 8500 88287.2 334519 -1.88528e+06 483.387 -18.8202 41.6944
1010000 FRAC0_S 0 1 879.099 450.236 8500 149803 1.17705e+06 -1.75892e+06 536.933 -43.2172 33.7387
1010000 FRAC0_S 0 1 698.433 698.371 8500 -262308 1.87174e+06 -1.68945e+06 691.802 -51.7599 28.0221
Step FractureNumber TipNr TipActive TipX TipY TipZ KI KII KIII G Phi Psi Extension
1010101 FRAC0_S 0 1 468.773 920.393 8412.1 3.1812e+06 847120 -1.22144e+06 1164.17 -20.7682 16.3615
1010101 FRAC0_S 0 1 158.811 1012.21 8407.52 4.61243e+06 863996 -547198 2002.12 -18.6407 6.81335
1010101 FRAC0_S 0 1 -162.78 1011.03 8407.28 3.84805e+06 892156 283111 1401.08 -22.6564 -4.2912
1010101 FRAC0_S 0 1 -470.738 916.09 8410.17 3.28043e+06 714678 1.19126e+06 1193.19 -17.9627 -16.1748
1010101 FRAC0_S 0 1 -735.375 736.364 8416.86 2.46242e+06 711669 1.77705e+06 1005.45 -18.6771 -23.7445
1010101 FRAC0_S 0 1 -943.368 475.062 8431.58 2.23307e+06 -242395 1.89721e+06 928.31 7.54565 -27.6303
1010101 FRAC0_S 0 1 -1059.11 163.404 8466.8 1.04086e+06 281645 2.03577e+06 654.81 -11.2489 -35.1566
1010101 FRAC0_S 0 1 -1060.64 -168.91 8520.51 734267 -281713 1.51456e+06 360.202 14.718 -34.8628
1010101 FRAC0_S 0 1 -948.293 -483.967 8558.01 1.32278e+06 -136808 2.03093e+06 706.171 5.37965 -34.2119
1010101 FRAC0_S 0 1 -742.166 -747.697 8572.16 1.80133e+06 -929447 1.68103e+06 741.961 26.3874 -24.9292
1010101 FRAC0_S 0 1 -471.612 -923.622 8584.1 2.82926e+06 -1.47566e+06 1.25473e+06 1116.73 32.2278 -15.9226
1010101 FRAC0_S 0 1 -158.997 -1012.69 8592.23 3.9665e+06 -895527 528852 1510.64 21.325 -7.3343
1010101 FRAC0_S 0 1 162.738 -1011.05 8592.72 3.28312e+06 -221711 -269879 974.574 7.98153 5.40805
1010101 FRAC0_S 0 1 471.798 -917.088 8588.81 2.818e+06 -642881 -1.07045e+06 896.861 18.4535 16.5846
1010101 FRAC0_S 0 1 735.774 -739.441 8581.61 1.90179e+06 -673568 -1.56188e+06 687.175 20.9374 24.7432
1010101 FRAC0_S 0 1 942.437 -475.462 8570.22 1.08954e+06 -335936 -1.5133e+06 420.42 15.0889 31.415
1010101 FRAC0_S 0 1 1056.41 -162.873 8536.34 1.05489e+06 -221938 -2.09748e+06 688.671 8.90539 35.7341
1010101 FRAC0_S 0 1 1059.31 169.044 8479.64 938391 175441 -2.28551e+06 775.944 -7.039 37.5251
1010101 FRAC0_S 0 1 945.814 481.562 8438.06 1.47578e+06 589250 -2.25095e+06 898.895 -17.8091 31.7039
1010101 FRAC0_S 0 1 739.045 740.673 8421.09 2.26891e+06 765882 -1.8655e+06 973.858 -20.1711 24.9114