
Step FractureNumber TipNr TipActive TipX TipY TipZ KI KII KIII G Phi Psi Extension
1010000 FRAC0_S 0 1 44453.8 -29177 8500 -2880.04 -338874 106448 11.7401 65.835 -16.6636
1010000 FRAC0_S 0 1 44226.3 -29386.1 8500 -3240.94 -378136 31885.4 12.8768 69.4943 -5.82168
1010000 FRAC0_S 0 1 44074.4 -29655.2 8500 -5500.87 -281366 -39923.1 7.26653 68.6475 9.03654
1010000 FRAC0_S 0 1 44013.2 -29958.1 8500 2224.04 -318777 -124919 11.1311 64.3093 19.261
1010000 FRAC0_S 0 1 44048.6 -30265.1 8500 10003.7 -263637 -184687 10.739 57.369 26.0724
1010000 FRAC0_S 0 1 44177 -30546.2 8500 31734.7 -53279.6 -161952 3.83108 26.9451 36.9588
1010000 FRAC0_S 0 1 44386.1 -30773.7 8500 19628.9 -185578 -258184 11.9688 44.8401 33.2145
1010000 FRAC0_S 0 1 44655.2 -30925.6 8500 42242.4 930.947 -201204 5.54331 -0.53231 41.85
1010000 FRAC0_S 0 1 44958.1 -30986.8 8500 14665.4 173833 -197504 7.89992 -48.8513 31.2705
1010000 FRAC0_S 0 1 45265.1 -30951.4 8500 -27201.8 337358 17997.5 10.1847 -69.0228 -3.59649
1010000 FRAC0_S 0 1 45546.2 -30823 8500 18077.8 293885 -90789.5 8.82172 -64.8853 15.906
1010000 FRAC0_S 0 1 45773.7 -30613.9 8500 20978.5 327485 -22410.1 9.66274 -69.0419 4.59268
1010000 FRAC0_S 0 1 45925.6 -30344.8 8500 -6253.5 295180 77713 8.56751 -66.5668 -14.6011
1010000 FRAC0_S 0 1 45986.8 -30041.9 8500 18284.3 241840 89672.3 6.31099 -63.3325 -17.827
1010000 FRAC0_S 0 1 45951.4 -29734.9 8500 23977.7 238615 175994 9.24444 -55.4479 -25.9858
1010000 FRAC0_S 0 1 45823 -29453.8 8500 15781.6 140778 205482 7.40385 -43.8543 -33.6397
1010000 FRAC0_S 0 1 45613.9 -29226.3 8500 14330.9 50498.1 247805 8.4127 -20.7871 -41.0926
1010000 FRAC0_S 0 1 45344.8 -29074.4 8500 9770.77 -66399.9 234114 7.69102 26.7539 -40.0655
1010000 FRAC0_S 0 1 45041.9 -29013.2 8500 2950.52 -170643 212867 8.62212 48.1697 -32.9513
1010000 FRAC0_S 0 1 44758 -29042.1 8500 1686.85 -265959 170424 10.1663 59.1949 -25.3502
Step FractureNumber TipNr TipActive TipX TipY TipZ KI KII KIII G Phi Psi Extension
1010101 FRAC0_S 0 1 44432.2 -29142.2 8590.5 536037 -157074 228434 34.7433 21.8289 -17.307
1010101 FRAC0_S 0 1 44198.4 -29363.5 8592.92 589509 -160678 240307 40.9485 20.8687 -16.9814
1010101 FRAC0_S 0 1 44039.7 -29643 8592.51 763518 -197115 17223 55.4494 25.3767 -1.36358
1010101 FRAC0_S 0 1 43970 -29957.6 8589.4 515801 -219333 -10500.3 28.0092 35.1249 1.09188
1010101 FRAC0_S 0 1 43993.1 -30284.2 8575.96 482911 -279656 -135417 30.1887 36.8107 11.012
1010101 FRAC0_S 0 1 44115.9 -30588.3 8561.33 340901 -334842 -268909 29.9642 40.8296 19.5297
1010101 FRAC0_S 0 1 44336.8 -30837.2 8546.35 202638 -218724 -347884 24.0182 34.1477 28.5256
1010101 FRAC0_S 0 1 44626 -31002.7 8498.34 187346 -137532 -399972 26.0902 24.0433 32.9924
1010101 FRAC0_S 0 1 44950.4 -31051.7 8438.77 308514 199157 -214513 18.136 -33.2844 20.2571
1010101 FRAC0_S 0 1 45275.1 -30993.9 8411.85 348401 101266 -209495 17.5674 -19.8559 21.4566
1010101 FRAC0_S 0 1 45567.3 -30854.9 8408.03 427316 92548.7 -102975 18.4449 -19.2573 11.9938
1010101 FRAC0_S 0 1 45802.9 -30637.4 8407.73 517113 116461 -185951 29.636 -18.4815 15.9993
1010101 FRAC0_S 0 1 45962.4 -30357.7 8408.44 667464 161996 -138444 44.5869 -21.4707 10.4816
1010101 FRAC0_S 0 1 46032.2 -30042.5 8411.79 739926 322651 -130772 60.3381 -32.7353 8.15125
1010101 FRAC0_S 0 1 46005 -29717.8 8419.16 712166 343213 21649.3 55.7539 -37.5049 -1.55454
1010101 FRAC0_S 0 1 45881.2 -29411.8 8435.89 472556 411822 262234 44.1579 -41.2531 -16.1128
1010101 FRAC0_S 0 1 45665.8 -29158.8 8476.18 171361 184771 312356 18.6352 -33.3484 -29.2412
1010101 FRAC0_S 0 1 45375.6 -28997.7 8532.26 137204 -47448 278831 12.2184 13.5986 -34.9813
1010101 FRAC0_S 0 1 45047.7 -28946.6 8569.98 250317 -141229 175322 11.449 30.5346 -20.9674
1010101 FRAC0_S 0 1 44723 -28998.7 8584.38 296462 -112695 194260 13.9826 23.7051 -21.6906