
Step FractureNumber TipNr TipActive TipX TipY TipZ KI KII KIII G Phi Psi Extension
1010000 FRAC0_S 0 1 0 -44020.2 8624.9 4.55392e+06 396041 63422.9 1862.49 -10.6227 -0.981474
1010000 FRAC0_S 0 1 0 -44106.8 8921.55 4.51528e+06 341066 118579 1828.99 -9.26899 -1.84041
1010000 FRAC0_S 0 1 0 -44280.8 9176.94 4.74976e+06 196997 162832 2017.32 -5.29356 -2.45219
1010000 FRAC0_S 0 1 0 -44525.1 9366.05 4.59071e+06 141506 225367 1886.5 -3.93904 -3.47762
1010000 FRAC0_S 0 1 0 -44816 9470.4 3.89056e+06 18374.9 210732 1354.75 -0.623047 -3.90357
1010000 FRAC0_S 0 1 0 -45124.9 9479.76 3.79552e+06 -7384.27 197427 1288.91 0.258189 -3.76912
1010000 FRAC0_S 0 1 0 -45421.5 9393.21 4.11059e+06 -138295 194828 1512.44 4.28921 -3.35636
1010000 FRAC0_S 0 1 0 -45676.9 9219.22 4.08256e+06 543428 86665.9 1512.54 -15.213 -1.42326
1010000 FRAC0_S 0 1 0 -45866 8974.84 4.24229e+06 -404813 84515.1 1619.26 11.4653 -1.38269
1010000 FRAC0_S 0 1 0 -45970.4 8683.98 4.07132e+06 -424357 36214.3 1493.27 12.4956 -0.621191
1010000 FRAC0_S 0 1 0 -45979.8 8375.1 4.00191e+06 -362310 -60015 1439.3 10.9955 1.052
1010000 FRAC0_S 0 1 0 -45893.2 8078.45 3.89391e+06 -379109 -132807 1366.28 11.5283 2.32121
1010000 FRAC0_S 0 1 0 -45719.2 7823.06 4.25429e+06 -403977 -157804 1630.65 11.2508 2.52033
1010000 FRAC0_S 0 1 0 -45474.9 7633.95 3.83281e+06 -176750 -263803 1321.1 5.67077 4.68933
1010000 FRAC0_S 0 1 0 -45184 7529.6 2.6847e+06 -18811.4 -192455 647.227 0.906451 5.03785
1010000 FRAC0_S 0 1 0 -44875.1 7520.24 3.70823e+06 92102.1 -251630 1234.53 -3.14607 4.71659
1010000 FRAC0_S 0 1 0 -44578.5 7606.79 3.51888e+06 925878 -771891 1259.04 -22.6429 10.8189
1010000 FRAC0_S 0 1 0 -44323.1 7780.78 3.62886e+06 -91465.3 1234.88 1174.2 3.39851 -0.0258781
1010000 FRAC0_S 0 1 0 -44134 8025.16 4.12325e+06 351322 -97354.9 1527.24 -10.3447 1.64597
1010000 FRAC0_S 0 1 0 -44029.6 8316.02 4.08772e+06 -657399 -89927.2 1528.57 17.7411 1.43931
Step FractureNumber TipNr TipActive TipX TipY TipZ KI KII KIII G Phi Psi Extension
1010101 FRAC0_S 0 1 -5.62587 -43925.8 8637.21 4.59174e+06 322833 253458 1896.64 -8.47227 -3.74602
1010101 FRAC0_S 0 1 -14.9684 -44019.7 8962.78 4.22486e+06 -21523.7 123226 1592.63 0.687909 -2.1734
1010101 FRAC0_S 0 1 -10.357 -44210.3 9243.46 4.0243e+06 3143.88 224186 1449.82 -0.103485 -4.02114
1010101 FRAC0_S 0 1 -6.01308 -44478.4 9451.42 4.81895e+06 -17534.7 305102 2081.74 0.476638 -4.51232
1010101 FRAC0_S 0 1 -2.14842 -44797.9 9566.19 3.84488e+06 3850.67 240033 1324.99 -0.131785 -4.4653
1010101 FRAC0_S 0 1 1.82324 -45137.2 9576.46 4.0316e+06 132022 215871 1456.13 -4.15677 -3.76454
1010101 FRAC0_S 0 1 -2.70799 -45462.6 9480.67 4.52937e+06 -277995 340876 1850.45 7.35561 -5.01986
1010101 FRAC0_S 0 1 -6.70209 -45725.2 9304.7 4.55602e+06 -701751 173639 1897.57 16.9198 -2.45988
1010101 FRAC0_S 0 1 8.78763 -45949.5 9020.51 3.12886e+06 -97749 26321.3 873.307 4.14373 -0.628982
1010101 FRAC0_S 0 1 20.5558 -46064.2 8701.75 4.45651e+06 149264 152045 1774.83 -4.32323 -2.45894
1010101 FRAC0_S 0 1 19.9419 -46074.6 8362.99 4.26366e+06 161173 71693.8 1622.91 -4.9282 -1.23526
1010101 FRAC0_S 0 1 19.6385 -45979.8 8037.64 3.89503e+06 139700 -150385 1356.65 -4.59524 2.76018
1010101 FRAC0_S 0 1 17.2218 -45789.1 7757.18 2.93587e+06 128605 -178673 773.788 -5.44153 4.19705
1010101 FRAC0_S 0 1 10.2137 -45521.3 7548.95 4.11479e+06 96703.9 -228287 1516.53 -3.01616 3.9234
1010101 FRAC0_S 0 1 1.88926 -45202.1 7433.91 3.77428e+06 -38855.6 -282009 1280.1 1.32205 5.21492
1010101 FRAC0_S 0 1 -11.9732 -44863.6 7425.3 3.78519e+06 -513857 -155412 1303.48 15.2186 2.68117
1010101 FRAC0_S 0 1 -19.1394 -44538.5 7522.13 4.22404e+06 -844122 -223458 1660.08 20.5516 3.23499
1010101 FRAC0_S 0 1 -11.1499 -44257.4 7711.74 4.0298e+06 -200069 -247445 1458.8 6.11613 4.20998
1010101 FRAC0_S 0 1 0.12143 -44050.3 7978.9 4.19689e+06 286098 -172147 1580.81 -8.3398 2.83931
1010101 FRAC0_S 0 1 6.13804 -43936.8 8298.44 3.82027e+06 2.00462e+06 178626 1662.84 -38.9425 -2.29157