
Step FractureNumber TipNr TipActive TipX TipY TipZ KI KII KIII G Phi Psi Extension
1010000 FRAC0_S 0 1 -30000 984.872 8574.53 -3.67539e+06 1.09153e+07 4.86754e+06 13768.1 -56.5071 -17.4469
1010000 FRAC0_S 0 1 -30000 913.64 8875.22 -2.83707e+06 7.20251e+06 5.76728e+06 9046.47 -49.2584 -24.066
1010000 FRAC0_S 0 1 -30000 752.975 9139.18 -2.01722e+07 5.29806e+06 7.33729e+06 9661.43 -20.783 -15.7938
1010000 FRAC0_S 0 1 -30000 518.603 9340.58 -1.0842e+06 1.17567e+06 8.26687e+06 9212.54 -14.7626 -40.903
1010000 FRAC0_S 0 1 -30000 233.466 9459.7 -1.22561e+07 -2.94065e+06 7.30013e+06 7858.4 17.1039 -21.8358
1010000 FRAC0_S 0 1 -30000 -74.5244 9484.87 -377869 -5.94089e+06 7.07026e+06 9793.55 48.3382 -31.9869
1010000 FRAC0_S 0 1 -30000 -375.22 9413.64 -769785 -9.21353e+06 5.48688e+06 11568.5 58.5504 -23.5134
1010000 FRAC0_S 0 1 -30000 -639.186 9252.98 -817377 -8.60255e+06 2.55996e+06 7466.08 64.4366 -15.1608
1010000 FRAC0_S 0 1 -30000 -840.583 9018.61 -2.25979e+06 -1.19539e+07 610723 12783.1 67.3754 -3.15736
1010000 FRAC0_S 0 1 -30000 -959.699 8733.46 -3.66119e+06 -1.23355e+07 -2.07582e+06 14132.6 62.9461 8.52374
1010000 FRAC0_S 0 1 -30000 -984.872 8425.47 -5.07002e+06 -1.107e+07 -4.74153e+06 13910.1 54.5458 16.0098
1010000 FRAC0_S 0 1 -30000 -913.64 8124.78 -6.37174e+06 -8.54001e+06 -6.6622e+06 12402.1 44.45 20.94
1010000 FRAC0_S 0 1 -30000 -752.975 7860.82 -3.45186e+07 -5.06877e+06 -7.3521e+06 9478.56 14.3017 11.4075
1010000 FRAC0_S 0 1 -30000 -518.603 7659.42 -8.45283e+06 -1.54358e+06 -8.69556e+06 10268.8 11.0838 29.1442
1010000 FRAC0_S 0 1 -30000 -233.466 7540.3 -2.82892e+07 1.07545e+06 -8.68404e+06 10132.9 -3.90119 16.0833
1010000 FRAC0_S 0 1 -30000 74.5244 7515.13 -8.97855e+06 6.20223e+06 -7.66772e+06 11247.5 -32.8451 22.4595
1010000 FRAC0_S 0 1 -30000 375.22 7586.36 -8.91882e+06 9.79766e+06 -6.16736e+06 13612.9 -44.2711 17.3049
1010000 FRAC0_S 0 1 -30000 639.186 7747.02 -9.61179e+06 1.11458e+07 -4.94173e+06 14317.9 -47.5512 13.7785
1010000 FRAC0_S 0 1 -30000 840.583 7981.39 -2.70629e+07 1.38821e+07 -1.90607e+06 17655.8 -38.0081 3.40424
1010000 FRAC0_S 0 1 -30000 959.699 8266.54 4.15277e+06 1.13187e+07 1.07791e+06 13107.4 -63.0072 -4.94038
Step FractureNumber TipNr TipActive TipX TipY TipZ KI KII KIII G Phi Psi Extension
1010101 FRAC0_S 0 1 -30082.9 1038.51 8580.12 7.04404e+06 7.04934e+06 4.06656e+06 11049.1 -43.7974 -15.8118
1010101 FRAC0_S 0 1 -30067.6 975.402 8903.78 5.02144e+06 5.35169e+06 5.46793e+06 8775.52 -39.3078 -22.9918
1010101 FRAC0_S 0 1 -30043 816.399 9196.21 2.0591e+06 4.07481e+06 7.22745e+06 8804.79 -36.1853 -32.5362
1010101 FRAC0_S 0 1 -30014.3 567.456 9420.07 1.33861e+06 1.95235e+06 7.62023e+06 8222.37 -22.8092 -38.3786
1010101 FRAC0_S 0 1 -29973 256.201 9543.27 2.14644e+07 438114 4.8527e+06 44203.7 -2.27372 -13.0616
1010101 FRAC0_S 0 1 -29934 -76.3393 9553.29 -1.0614e+07 -6.43456e+06 7.29199e+06 10761.5 32.1179 -20.4057
1010101 FRAC0_S 0 1 -29916.1 -393.365 9462.56 3.10591e+06 -5.79644e+06 5.79347e+06 8317.65 44.3298 -25.6209
1010101 FRAC0_S 0 1 -29910.5 -666.288 9286.54 1.01803e+07 -1.84559e+06 2.39746e+06 10303.3 16.768 -12.0534
1010101 FRAC0_S 0 1 -29909 -874.983 9039.61 9.03535e+06 -4.36809e+06 213167 8981 37.7073 -1.21299
1010101 FRAC0_S 0 1 -29912 -1004.44 8742.79 8.41548e+06 -4.5753e+06 2.42982e+06 8961.41 35.3759 -11.4711
1010101 FRAC0_S 0 1 -29919.5 -1041.35 8419.19 8.05169e+06 -8.26492e+06 -2.81548e+06 12918.3 47.4157 10.7638
1010101 FRAC0_S 0 1 -29938.5 -979.587 8094.45 6.68134e+06 -2.29647e+06 -9.707e+06 16979.9 16.1494 31.6155
1010101 FRAC0_S 0 1 -29965.3 -819.301 7801.8 -2.92458e+06 -6.81192e+06 -8.30589e+06 13310.3 42.879 28.9141
1010101 FRAC0_S 0 1 -29985.9 -568.73 7577.75 -3.18196e+07 -4.25742e+06 -1.0205e+07 15466 12.2861 15.5942
1010101 FRAC0_S 0 1 -30012.1 -256.554 7450.01 -6.66723e+06 3.78732e+06 -1.01361e+07 14942.7 -23.3825 30.4001
1010101 FRAC0_S 0 1 -30046.2 78.599 7432.45 -2.28506e+06 7.44883e+06 -6.71315e+06 10938.1 -49.0476 26.3392
1010101 FRAC0_S 0 1 -30066.9 401.325 7519.44 1.95259e+06 1.07562e+07 -6.0875e+06 15578 -57.1921 21.8003
1010101 FRAC0_S 0 1 -30069.7 684.589 7694.4 4.03824e+06 1.22465e+07 -3.87415e+06 16813.7 -59.2159 13.7713
1010101 FRAC0_S 0 1 -30071.5 896.056 7945.17 4.98125e+06 1.12787e+07 -1.82185e+06 13988.2 -60.0911 7.52393
1010101 FRAC0_S 0 1 -30080.8 1012.27 8251.87 7.6924e+06 9.63565e+06 2.03772e+06 14098.7 -52.3289 -7.84201