
Step FractureNumber TipNr TipActive TipX TipY TipZ KI KII KIII G Phi Psi Extension
1010000 FRAC0_S 0 1 -30000 984.872 8574.53 4.80908e+06 1.6506e+07 -4.40061e+06 28914.2 -61.0217 12.3814
1010000 FRAC0_S 0 1 -30000 913.64 8875.22 1.88831e+06 1.45999e+07 -491068 19344.2 -68.6254 2.22828
1010000 FRAC0_S 0 1 -30000 752.975 9139.18 2.30101e+07 1.47337e+07 2.66841e+06 67471.6 -41.7374 -5.00645
1010000 FRAC0_S 0 1 -30000 518.603 9340.58 -927402 1.34582e+07 6.15089e+06 21171.8 -61.6843 -20.4015
1010000 FRAC0_S 0 1 -30000 233.466 9459.7 1.31081e+07 7.4839e+06 7.36103e+06 27508.5 -32.4648 -18.2518
1010000 FRAC0_S 0 1 -30000 -74.5244 9484.87 -1.86177e+06 4.93363e+06 9.90818e+06 15225.9 -35.2441 -34.6565
1010000 FRAC0_S 0 1 -30000 -375.22 9413.64 -1.2232e+06 391340 1.05636e+07 14855.1 -4.42656 -42.829
1010000 FRAC0_S 0 1 -30000 -639.186 9252.98 -239571 -3.43814e+06 7.8132e+06 9172.49 35.6221 -37.779
1010000 FRAC0_S 0 1 -30000 -840.583 9018.61 1.05944e+06 -8.47493e+06 8.65829e+06 16470.8 50.0274 -29.6474
1010000 FRAC0_S 0 1 -30000 -959.699 8733.46 3.28404e+06 -1.26478e+07 6.77771e+06 21325.4 56.2587 -20.3398
1010000 FRAC0_S 0 1 -30000 -984.872 8425.47 5.02047e+06 -1.60607e+07 4.14564e+06 27517.5 60.7585 -11.9269
1010000 FRAC0_S 0 1 -30000 -913.64 8124.78 7.15869e+06 -1.72116e+07 359900 30981.6 63.5298 -1.12815
1010000 FRAC0_S 0 1 -30000 -752.975 7860.82 4.18559e+07 -1.68666e+07 -3.27267e+06 182888 32.9076 4.02559
1010000 FRAC0_S 0 1 -30000 -518.603 7659.42 1.01739e+07 -1.39448e+07 -6.83071e+06 32757.3 48.8686 15.6076
1010000 FRAC0_S 0 1 -30000 -233.466 7540.3 3.47686e+07 -1.00405e+07 -8.64511e+06 126645 23.8271 11.7517
1010000 FRAC0_S 0 1 -30000 74.5244 7515.13 1.0802e+07 -5.01304e+06 -1.0903e+07 28447.6 23.8035 26.3346
1010000 FRAC0_S 0 1 -30000 375.22 7586.36 1.05563e+07 214223 -1.15399e+07 27645.7 -1.33781 31.5161
1010000 FRAC0_S 0 1 -30000 639.186 7747.02 1.12029e+07 3.74943e+06 -1.04724e+07 27022.7 -19.1237 26.5292
1010000 FRAC0_S 0 1 -30000 840.583 7981.39 3.28377e+07 8.92212e+06 -9.53755e+06 115280 -22.2325 13.3615
1010000 FRAC0_S 0 1 -30000 959.699 8266.54 -5.74595e+06 1.20876e+07 -6.53562e+06 18700.8 -52.2203 18.5454
Step FractureNumber TipNr TipActive TipX TipY TipZ KI KII KIII G Phi Psi Extension
1010101 FRAC0_S 0 1 -30086.8 1032.34 8576.19 1.59579e+07 1.77833e+06 458675 23002 -13.0146 -1.94533
1010101 FRAC0_S 0 1 -30085.1 956.796 8895.13 1.40847e+07 4.57608e+06 -488889 19575.4 -29.4576 1.96982
1010101 FRAC0_S 0 1 -30078.6 796.073 9176.88 1.64983e+07 5.11334e+06 3.53563e+06 28247.8 -25.5728 -10.3142
1010101 FRAC0_S 0 1 -30074.1 550.262 9393.33 1.07066e+07 7.86964e+06 6.3552e+06 21105.2 -37.2166 -17.7385
1010101 FRAC0_S 0 1 -30063.3 248.123 9531.14 7.09714e+06 7.31819e+06 9.11732e+06 20316.5 -36.7676 -25.2663
1010101 FRAC0_S 0 1 -30044.2 -82.0886 9569.14 2.44702e+06 4.56926e+06 1.05187e+07 17109.7 -31.7279 -34.915
1010101 FRAC0_S 0 1 -30003.7 -408.85 9495.61 2.3912e+06 -41639.2 1.14684e+07 18002.5 0.418721 -41.8892
1010101 FRAC0_S 0 1 -29953.6 -688.626 9315.45 7.95404e+06 -5.27545e+06 9.23651e+06 19464.3 29.0149 -26.4904
1010101 FRAC0_S 0 1 -29926.3 -894.564 9054.24 9.12121e+06 -4.15831e+06 8.6748e+06 18963 24.0058 -25.6679
1010101 FRAC0_S 0 1 -29917.4 -1012.53 8747.54 1.36289e+07 -4.79784e+06 7.47584e+06 26036.4 23.53 -19.763
1010101 FRAC0_S 0 1 -29913.2 -1033.03 8422.68 1.45669e+07 -1.98888e+06 2.71754e+06 20243.5 13.7016 -10.3419
1010101 FRAC0_S 0 1 -29919.9 -962.434 8101.81 2.00239e+07 -3.43877e+06 643970 36838.1 18.5464 -2.0601
1010101 FRAC0_S 0 1 -29931.6 -803.919 7815.42 2.19326e+07 -3.65044e+06 -3.37865e+06 45571 16.5341 8.65031
1010101 FRAC0_S 0 1 -29938.6 -557.278 7595.62 1.92419e+07 -2.42642e+06 -7.15844e+06 40332.9 11.2882 17.3345
1010101 FRAC0_S 0 1 -29950.8 -251.186 7459.06 1.61806e+07 -1.67617e+06 -8.74291e+06 33746.6 8.5441 22.0723
1010101 FRAC0_S 0 1 -29970.3 82.0651 7424.17 1.46104e+07 -605815 -1.06149e+07 34040.4 3.2449 26.4803
1010101 FRAC0_S 0 1 -29999.2 411.221 7499.31 1.44694e+07 -1.56435e+06 -1.16419e+07 36900.2 7.68978 26.9717
1010101 FRAC0_S 0 1 -30026.4 698.946 7675.75 1.2607e+07 2.19768e+06 -1.01206e+07 28215.9 -11.7997 26.2303
1010101 FRAC0_S 0 1 -30046.9 910.14 7935.47 1.50799e+07 3.92141e+06 -8.75762e+06 31834.9 -18.3803 21.3235
1010101 FRAC0_S 0 1 -30070.9 1021.23 8248.06 1.59482e+07 2.74102e+06 -5.53085e+06 27402.8 -14.9474 16.0911