
Step FractureNumber TipNr TipActive TipX TipY TipZ KI KII KIII G Phi Psi Extension
1010000 FRAC0_S 0 1 30000 984.872 8574.53 -1.22591e+06 1.64944e+06 -7.91443e+06 8573.32 -19.7661 39.4586
1010000 FRAC0_S 0 1 30000 913.64 8875.22 -5.99563e+06 3.98126e+06 -5.91723e+06 6069.24 -30.676 24.4648
1010000 FRAC0_S 0 1 30000 752.975 9139.18 4.34071e+06 5.51004e+06 -4.12233e+06 6644.57 -44.3217 20.1393
1010000 FRAC0_S 0 1 30000 518.603 9340.58 6.49213e+06 8.83882e+06 -3.32309e+06 12186.2 -50.6201 12.8479
1010000 FRAC0_S 0 1 30000 233.466 9459.7 6.12702e+06 6.95628e+06 -1.009e+06 7792.65 -52.0507 5.41558
1010000 FRAC0_S 0 1 30000 -74.5244 9484.87 7.78726e+06 9.45144e+06 560728 13405.7 -54.6025 -2.42445
1010000 FRAC0_S 0 1 30000 -375.22 9413.64 7.26088e+06 9.00036e+06 2.53936e+06 12774 -50.9792 -9.93328
1010000 FRAC0_S 0 1 30000 -639.186 9252.98 4.66426e+06 5.69961e+06 3.33895e+06 6316.16 -46.1216 -17.0468
1010000 FRAC0_S 0 1 30000 -840.583 9018.61 1.16669e+07 5.37797e+06 5.88056e+06 19305.9 -28.9898 -17.8364
1010000 FRAC0_S 0 1 30000 -959.699 8733.46 855301 2.28552e+06 7.03278e+06 7108.84 -27.9185 -38.1501
1010000 FRAC0_S 0 1 30000 -984.872 8425.47 -1.82238e+06 -1.28449e+06 7.75815e+06 8152.14 15.5728 -38.8702
1010000 FRAC0_S 0 1 30000 -913.64 8124.78 -4.41337e+06 -4.60108e+06 6.53627e+06 7568.58 35.2946 -26.9549
1010000 FRAC0_S 0 1 30000 -749.835 7857.12 -4.7632e+06 -4.38034e+06 2.97402e+06 2886.15 41.4611 -17.1558
1010000 FRAC0_S 0 1 30000 -518.603 7659.42 -8.695e+06 -8.89318e+06 3.15325e+06 8370 47.1583 -11.0954
1010000 FRAC0_S 0 1 30000 -233.466 7540.3 2.9199e+07 -8.01466e+06 699606 81762.6 26.4671 -1.42808
1010000 FRAC0_S 0 1 30000 74.5244 7515.13 -9.65643e+06 -9.55387e+06 -819292 8222.92 50.8521 3.1353
1010000 FRAC0_S 0 1 30000 375.22 7586.36 -9.15751e+06 -8.97177e+06 -2.76448e+06 8189.14 47.2091 9.74257
1010000 FRAC0_S 0 1 30000 639.186 7747.02 -1.11242e+07 -7.68395e+06 -3.74766e+06 7129.3 39.5693 12.0487
1010000 FRAC0_S 0 1 30000 840.583 7981.39 -4.33533e+07 -5.43606e+06 -5.46434e+06 6604.52 13.3248 7.52128
1010000 FRAC0_S 0 1 30000 959.699 8266.54 -2.24545e+06 -1.7319e+06 -5.89651e+06 4891.54 22.4028 34.8116
Step FractureNumber TipNr TipActive TipX TipY TipZ KI KII KIII G Phi Psi Extension
1010101 FRAC0_S 0 1 29979.8 1074.14 8580.78 2.26932e+06 970866 -5.68904e+06 4847.46 -14.3945 36.3002
1010101 FRAC0_S 0 1 29948.6 990.516 8904.9 6.41379e+06 2.16703e+06 -7.44758e+06 11461.2 -17.6484 29.118
1010101 FRAC0_S 0 1 29933 808.463 9184 7.33675e+06 -92100.8 -3.78706e+06 6704.82 1.14491 22.5745
1010101 FRAC0_S 0 1 29924.2 552.529 9394.09 1.10275e+07 -502327 -3.17414e+06 12198.8 4.70109 15.3
1010101 FRAC0_S 0 1 29920.8 247.97 9517.51 4.43112e+06 -6.67224e+06 518635 5752.5 57.3029 -3.41506
1010101 FRAC0_S 0 1 29920.1 -79.055 9543.25 2.54315e+07 5.38894e+06 687313 60283.6 -21.8972 -1.6858
1010101 FRAC0_S 0 1 29922.8 -399.485 9470.41 1.16828e+07 -799349 2.29327e+06 12918.8 7.36913 -11.3113
1010101 FRAC0_S 0 1 29932.4 -686.203 9305.44 5.12141e+06 790455 3.06367e+06 3641.28 -11.7866 -22.7794
1010101 FRAC0_S 0 1 29946 -910.482 9059.99 3.6294e+07 -1.33178e+07 7.52931e+06 140725 28.8271 -9.70487
1010101 FRAC0_S 0 1 29971.2 -1045.25 8753.57 2.00059e+07 -4.47684e+06 3.13269e+06 38756 20.8563 -8.42367
1010101 FRAC0_S 0 1 30016.1 -1073.24 8419.31 1.34161e+06 -610063 -1.40292e+06 455.322 23.1452 26.8486
1010101 FRAC0_S 0 1 30052.1 -989.688 8095.34 5.97763e+06 1.33977e+06 1.21187e+06 3539.36 -20.2639 -10.4163
1010101 FRAC0_S 0 1 30065.9 -809.341 7814.34 821262 -7.39711e+06 3.64892e+06 6706.81 60.0678 -20.8633
1010101 FRAC0_S 0 1 30064.3 -556.027 7596.61 -8.40537e+06 -4.68909e+06 -2.52963e+06 2810.39 35.7117 11.7636
1010101 FRAC0_S 0 1 30060 -251.781 7466.6 441207 -9.92974e+06 1.24587e+06 9010.02 68.5236 -7.98571
1010101 FRAC0_S 0 1 30068.3 78.0677 7446.19 8.36358e+06 -2.73973e+07 -687573 73183.1 65.6833 1.45967
1010101 FRAC0_S 0 1 30072 401.785 7524.51 -2.46866e+07 -2.4083e+07 -480607 51713.6 51.721 0.75802
1010101 FRAC0_S 0 1 30055.9 691.283 7689.16 1.08871e+07 -1.40985e+07 -1.0041e+07 41683.8 45.0103 19.6482
1010101 FRAC0_S 0 1 30037 916.922 7935.69 -2.22678e+06 -7.00414e+06 -6.24054e+06 9551.15 49.0334 26.0929
1010101 FRAC0_S 0 1 30016.3 1048.78 8244.61 -4.26276e+07 -1.05616e+07 -5.63354e+06 14160.9 22.8802 7.16749