
Step FractureNumber TipNr TipActive TipX TipY TipZ KI KII KIII G Phi Psi Extension
1010000 FRAC0_S 0 1 45000 -44020.2 8624.9 6.09206e+06 304988 169548 3319.27 -6.35136 -1.99194
1010000 FRAC0_S 0 1 45000 -44106.8 8921.55 5.40051e+06 144226 114463 2602.54 -3.52246 -1.56413
1010000 FRAC0_S 0 1 45000 -44280.8 9176.94 5.60406e+06 78234.4 109384 2800.68 -1.87836 -1.46138
1010000 FRAC0_S 0 1 45000 -44525.1 9366.05 5.46001e+06 6535.44 149653 2659.51 -0.16282 -2.05501
1010000 FRAC0_S 0 1 45000 -44816 9470.4 4.52642e+06 -94404.2 121893 1828.5 2.75898 -1.98289
1010000 FRAC0_S 0 1 45000 -45124.9 9479.76 5.07472e+06 -184672 339825 2313.23 4.5413 -4.61238
1010000 FRAC0_S 0 1 45000 -45421.5 9393.21 5.23597e+06 -204645 131362 2449.01 5.04743 -1.82055
1010000 FRAC0_S 0 1 45000 -45676.9 9219.22 6.42279e+06 -222932 196188 3685.54 4.48734 -2.20947
1010000 FRAC0_S 0 1 45000 -45866 8974.84 5.39014e+06 -207216 30647.3 2592.92 5.05973 -0.42377
1010000 FRAC0_S 0 1 45000 -45970.4 8683.98 5.37329e+06 -231793 -34459.9 2577.75 5.63594 0.47538
1010000 FRAC0_S 0 1 45000 -45979.8 8375.1 5.92967e+06 -162795 -55144.7 3135.96 3.65825 0.697013
1010000 FRAC0_S 0 1 45000 -45893.2 8078.45 5.31155e+06 -148201 -143913 2518.74 3.65365 1.98143
1010000 FRAC0_S 0 1 45000 -45719.2 7823.06 5.65263e+06 13882.6 -146655 2850.14 -0.333938 1.94679
1010000 FRAC0_S 0 1 45000 -45474.9 7633.95 5.44721e+06 27281.9 -176324 2648.28 -0.674282 2.40172
1010000 FRAC0_S 0 1 45000 -45184 7529.6 4.61613e+06 52629.8 416723 1922.16 -1.44137 -6.17002
1010000 FRAC0_S 0 1 45000 -44875.1 7520.24 5.30998e+06 188329 -114096 2517.43 -4.619 1.57204
1010000 FRAC0_S 0 1 45000 -44578.5 7606.79 4.89129e+06 558179 -480344 2190.38 -12.5581 6.10185
1010000 FRAC0_S 0 1 45000 -44323.1 7780.78 5.69025e+06 242309 11620.7 2890.53 -5.59065 -0.152361
1010000 FRAC0_S 0 1 45000 -44134 8025.16 5.37396e+06 202357 16857.2 2577.14 -4.97347 -0.234783
1010000 FRAC0_S 0 1 45000 -44029.6 8316.02 5.90198e+06 154492 96889 3107.37 -3.47085 -1.21998
Step FractureNumber TipNr TipActive TipX TipY TipZ KI KII KIII G Phi Psi Extension
1010101 FRAC0_S 0 1 44991.4 -43923.8 8637.18 5.74574e+06 -347485 99330.5 2953.91 7.63545 -1.24265
1010101 FRAC0_S 0 1 44993.4 -44018.8 8963.11 6.2418e+06 -296886 78248.4 3480.4 6.14055 -0.917771
1010101 FRAC0_S 0 1 44996.7 -44209.8 9243.75 5.36803e+06 410636 574744 2626.73 -8.75613 -6.786
1010101 FRAC0_S 0 1 45000.3 -44478.3 9451.55 5.90056e+06 49879.5 113656 3104.45 -1.14682 -1.45032
1010101 FRAC0_S 0 1 45004.4 -44797.9 9566.11 5.75603e+06 316270 621651 3012.69 -6.45834 -6.95907
1010101 FRAC0_S 0 1 45007.4 -45137.1 9576.26 5.94323e+06 334615 29996.7 3157.64 -7.22965 -0.370179
1010101 FRAC0_S 0 1 45008.4 -45463 9481.12 6.23926e+06 311468 170669 3481.43 -6.33725 -1.95929
1010101 FRAC0_S 0 1 45008.3 -45743.6 9290.02 5.81761e+06 253116 76440.4 3022.38 -5.64598 -0.964832
1010101 FRAC0_S 0 1 45008.8 -45951.3 9021.58 5.98514e+06 209396 57566.9 3196.44 -4.61037 -0.715395
1010101 FRAC0_S 0 1 45008.7 -46065.9 8702.06 5.79991e+06 250841 -35994.3 3003.35 -5.65067 0.460104
1010101 FRAC0_S 0 1 45007.2 -46076.2 8362.78 4.83903e+06 216694 -66557.2 2091.39 -5.79731 1.00793
1010101 FRAC0_S 0 1 45004.6 -45981.3 8036.87 6.53664e+06 120465 -38308.7 3808.95 -2.49624 0.445207
1010101 FRAC0_S 0 1 45001 -45790.2 7756.23 5.17633e+06 -194267 -171103 2394.91 4.82174 2.37683
1010101 FRAC0_S 0 1 44998.6 -45521.7 7548.41 5.78592e+06 -36234.7 -183162 2987.7 0.842181 2.3483
1010101 FRAC0_S 0 1 44996.4 -45202.1 7433.85 5.99094e+06 43443.5 -48379 3198.75 -0.99632 0.618282
1010101 FRAC0_S 0 1 44989.9 -44863.1 7424.18 5.7822e+06 -449885 -25527.4 2997.41 9.70335 0.317645
1010101 FRAC0_S 0 1 44984.7 -44537.4 7519.82 5.80583e+06 -728543 -68249.6 3051.6 14.5955 0.80274
1010101 FRAC0_S 0 1 44987.5 -44256.7 7710.49 6.34386e+06 -344625 -4178.75 3596.78 7.02341 0.0486886
1010101 FRAC0_S 0 1 44991.9 -44033.1 8006.89 5.83622e+06 -233713 -10196.1 3040.1 5.27801 0.13071
1010101 FRAC0_S 0 1 44992 -43934 8297.9 5.77925e+06 -216109 92125.7 2981.54 4.88185 -1.17286