
Step FractureNumber TipNr TipActive TipX TipY TipZ KI KII KIII G Phi Psi Extension
1010000 FRAC0_S 0 1 29218.7 15604.2 8500 1.0031e+07 3.76676e+06 -7.57953e+06 17871.4 -22.4952 23.5072
1010000 FRAC0_S 0 1 29070.2 15333.2 8500 1.00242e+07 7.9565e+06 -6.66451e+06 20502.7 -37.9019 18.6794
1010000 FRAC0_S 0 1 29012.8 15029.5 8500 -1.31362e+06 1.02558e+07 -5.07966e+06 12804.5 -59.678 20.726
1010000 FRAC0_S 0 1 29052 14723 8500 -3.24546e+07 1.14441e+07 -3.91066e+06 13704.6 -29.501 6.15937
1010000 FRAC0_S 0 1 29183.9 14443.7 8500 -1.21532e+06 1.30135e+07 35274.2 15091.1 -69.4619 -0.192687
1010000 FRAC0_S 0 1 29395.8 14218.7 8500 -2.68991e+07 1.23045e+07 1.56003e+06 13815.1 -35.8811 -2.93674
1010000 FRAC0_S 0 1 29666.8 14070.2 8500 -1.64283e+06 9.9265e+06 4.92457e+06 12005.9 -58.9022 -20.3467
1010000 FRAC0_S 0 1 29970.4 14012.7 8500 -1.09166e+06 8.41336e+06 7.94185e+06 14696.3 -51.2338 -28.6679
1010000 FRAC0_S 0 1 30277 14051.9 8500 -1.70775e+06 3.8381e+06 9.4655e+06 13228.9 -31.2191 -36.0625
1010000 FRAC0_S 0 1 30556.3 14183.9 8500 -2.57249e+07 1.75324e+06 9.22169e+06 11584.2 -6.52837 -17.5157
1010000 FRAC0_S 0 1 30781.3 14395.8 8500 -9.09731e+06 -3.62133e+06 8.0481e+06 9783.25 22.2848 -25.2723
1010000 FRAC0_S 0 1 30929.8 14666.8 8500 -2.58005e+07 -6.39763e+06 8.03341e+06 12230.5 20.4927 -14.2592
1010000 FRAC0_S 0 1 30987.2 14970.5 8500 -2.23945e+06 -1.26727e+07 6.09734e+06 19255.3 58.9778 -19.8576
1010000 FRAC0_S 0 1 30948 15277 8500 1.4734e+07 -1.18975e+07 1.36839e+06 32207.6 46.8491 -3.73313
1010000 FRAC0_S 0 1 30816.1 15556.3 8500 -1.20249e+06 -1.64791e+07 -405367 24220.6 69.4468 1.73157
1010000 FRAC0_S 0 1 30604.2 15781.3 8500 2.44488e+07 -1.0633e+07 -4.11676e+06 65593.9 32.8257 7.82783
1010000 FRAC0_S 0 1 30333.2 15929.8 8500 -1.41035e+06 -1.11182e+07 -5.523e+06 15072.2 59.6734 20.7755
1010000 FRAC0_S 0 1 30029.6 15987.3 8500 -635645 -1.01884e+07 -8.88608e+06 19751.9 53.6638 28.458
1010000 FRAC0_S 0 1 29723 15948.1 8500 2.12246e+07 -2.36833e+06 -8.11994e+06 49411.5 10.0649 17.8081
1010000 FRAC0_S 0 1 29443.7 15816.1 8500 1.54485e+07 1.3782e+06 -8.30113e+06 30600.7 -7.46809 22.1663
Step FractureNumber TipNr TipActive TipX TipY TipZ KI KII KIII G Phi Psi Extension
1010101 FRAC0_S 0 1 29149.6 15659.6 8462.26 1.95689e+06 3.00513e+06 -6.96488e+06 7597.75 -30.8307 34.2957
1010101 FRAC0_S 0 1 29002.2 15361 8438.14 1.20634e+07 9.98682e+06 -1.11761e+07 38467.8 -35.7557 22.5027
1010101 FRAC0_S 0 1 28948.1 15030.9 8429.17 6.91249e+06 6.27567e+06 -4.09334e+06 9995.89 -41.609 16.6239
1010101 FRAC0_S 0 1 28990.3 14706.3 8430.39 6.88989e+06 5.69912e+06 -1.19561e+06 7314.51 -45.9164 6.51708
1010101 FRAC0_S 0 1 29136.1 14411.7 8426.21 1.02816e+07 6.70718e+06 903820 13537.4 -42.6438 -3.85585
1010101 FRAC0_S 0 1 29359.4 14169.6 8425.88 1.08919e+07 8.81974e+06 4.0277e+06 19660.7 -42.3513 -12.2838
1010101 FRAC0_S 0 1 29645.2 14014.2 8423.04 1.03354e+07 8.38183e+06 7.95443e+06 24194.5 -37.0833 -20.3272
1010101 FRAC0_S 0 1 29971.1 13948.7 8426.65 5.2298e+06 3.62304e+06 5.67622e+06 7892.11 -30.5583 -25.4362
1010101 FRAC0_S 0 1 30302.4 13974.7 8451.75 -1.22851e+07 1.19921e+07 5.48461e+06 16815.7 -45.0459 -13.2534
1010101 FRAC0_S 0 1 30608.7 14108.2 8490.84 1.18589e+06 -283767 8.35505e+06 9416.8 3.98523 -42.4665
1010101 FRAC0_S 0 1 30854 14339 8524.87 -6.54848e+06 -6.41121e+06 8.38784e+06 13020.1 35.7319 -25.5529
1010101 FRAC0_S 0 1 31005 14636.5 8548.41 5.11152e+06 -6.87567e+06 6.17645e+06 11614.7 42.9651 -22.7077
1010101 FRAC0_S 0 1 31051.4 14966.6 8569.84 8.01107e+06 -6.86814e+06 3.5603e+06 11608.1 42.4343 -13.83
1010101 FRAC0_S 0 1 31001 15291.1 8581.31 9.699e+06 -5.79647e+06 1.02465e+06 11516.3 40.5044 -4.71094
1010101 FRAC0_S 0 1 30859.9 15587.7 8578.61 7.6407e+06 -1.32063e+07 -849818 20839.6 59.2805 3.00447
1010101 FRAC0_S 0 1 30641.5 15831.3 8572.09 8.9209e+06 -5.88299e+06 -2.82653e+06 11238.2 38.9216 11.6568
1010101 FRAC0_S 0 1 30355 15984.9 8576.85 6.69907e+06 -4.9906e+06 -4.68893e+06 9142.56 36.1593 19.6255
1010101 FRAC0_S 0 1 30027.8 16052.3 8566.23 3.8116e+06 -2.54747e+06 -3.23273e+06 3262.83 32.2447 22.5399
1010101 FRAC0_S 0 1 29695.8 16030.6 8525.63 934082 -3.12593e+06 -5.353e+06 4759.54 38.7724 33.685
1010101 FRAC0_S 0 1 29390.6 15894.8 8488.3 608096 -137845 -8.90474e+06 10580.8 1.9854 43.8753