
Step FractureNumber TipNr TipActive TipX TipY TipZ KI KII KIII G Phi Psi Extension
1010000 FRAC0_S 0 1 15000 44049 8233.09 -8.66076e+06 2.85063e+06 1.52858e+06 1034.88 -27.2597 -8.68991
1010000 FRAC0_S 0 1 15000 44178.1 7952.3 -9.69233e+06 2.81615e+06 2.20572e+06 1353.78 -24.2304 -10.951
1010000 FRAC0_S 0 1 15000 44387.6 7725.12 -9.33864e+06 667412 2.32984e+06 761.635 -7.36955 -13.5545
1010000 FRAC0_S 0 1 15000 44657 7573.79 -8.89382e+06 450134 2.98126e+06 1200.15 -5.01963 -16.9361
1010000 FRAC0_S 0 1 15000 44960 7513.12 -1.0698e+07 -2.03411e+06 2.38997e+06 1128.39 17.5652 -11.5032
1010000 FRAC0_S 0 1 15000 45266.9 7549.06 -9.2501e+06 -2.28614e+06 1.58727e+06 800.812 22.264 -8.95125
1010000 FRAC0_S 0 1 15000 45547.7 7678.08 -9.18185e+06 -2.84417e+06 1.08412e+06 877.156 27.0777 -6.22441
1010000 FRAC0_S 0 1 15000 45774.9 7887.55 -1.01232e+07 -3.70868e+06 475635 1255.74 31.5864 -2.55655
1010000 FRAC0_S 0 1 15000 45926.2 8156.97 -9.27081e+06 -3.24928e+06 -116740 942.618 31.3698 0.717752
1010000 FRAC0_S 0 1 15000 45986.8 8459.98 -9.35745e+06 -3.23924e+06 -729614 1005.8 29.8941 4.17158
1010000 FRAC0_S 0 1 15000 45951 8766.91 -1.06476e+07 -3.25895e+06 -1.56753e+06 1273.22 26.3802 7.56281
1010000 FRAC0_S 0 1 15000 45821.9 9047.7 -9.7599e+06 -2.37635e+06 -1.87583e+06 971.198 21.7297 9.85061
1010000 FRAC0_S 0 1 15000 45638.3 9254.46 -1.0433e+07 -1.6469e+06 -2.53048e+06 1093.33 14.8915 12.5195
1010000 FRAC0_S 0 1 15000 45343 9426.21 -1.01638e+07 -291711 -2.5625e+06 880.914 3.102 14.075
1010000 FRAC0_S 0 1 15000 45040 9486.88 -9.69735e+06 109584 -2.69644e+06 968.082 -1.22164 15.2865
1010000 FRAC0_S 0 1 15000 44733.1 9450.94 -8.40111e+06 1.67766e+06 -2.03226e+06 800.106 -18.05 12.1594
1010000 FRAC0_S 0 1 15000 44452.3 9321.92 -1.03622e+07 3.20416e+06 -1.86585e+06 1377.89 -26.0502 8.94825
1010000 FRAC0_S 0 1 15000 44225.1 9112.45 -1.04968e+07 4.24097e+06 -1.12155e+06 1770.01 -32.432 5.351
1010000 FRAC0_S 0 1 15000 44073.8 8843.03 -9.89812e+06 2.63876e+06 858593 718.521 -24.8621 -4.8639
1010000 FRAC0_S 0 1 15000 44013.2 8540.02 -1.0222e+07 3.78084e+06 870141 1374.5 -31.0657 -4.45044
Step FractureNumber TipNr TipActive TipX TipY TipZ KI KII KIII G Phi Psi Extension
1010101 FRAC0_S 0 1 14953.9 43965.9 8209.31 -7.87233e+06 6.42521e+06 1.33765e+06 3916.73 -45.711 -6.43164
1010101 FRAC0_S 0 1 14964.8 44103.3 7901.56 -8.38523e+06 4.9573e+06 1.99288e+06 2718.08 -37.9414 -9.57902
1010101 FRAC0_S 0 1 14981.2 44329.2 7650.23 -9.52953e+06 2.44239e+06 2.31366e+06 1243.52 -21.8895 -11.7671
1010101 FRAC0_S 0 1 14999.9 44623.3 7483.82 -9.39378e+06 -560131 2.26794e+06 712.05 6.26921 -13.3377
1010101 FRAC0_S 0 1 15022.3 44955.7 7419.86 -8.67604e+06 -3.28236e+06 1.99754e+06 1490.75 29.0551 -10.4882
1010101 FRAC0_S 0 1 15037.9 45290.8 7462.17 -8.11952e+06 -5.29274e+06 1.35775e+06 2741.44 41.1794 -6.89139
1010101 FRAC0_S 0 1 15045.3 45595.3 7605.55 -6.86491e+06 -5.99827e+06 738093 3278.56 48.1269 -4.13561
1010101 FRAC0_S 0 1 15050.6 45840.6 7835.2 -6.2156e+06 -6.79516e+06 543172 4153.83 52.5938 -3.07284
1010101 FRAC0_S 0 1 15051.6 46004.6 8128.07 -6.33694e+06 -6.24889e+06 -87859.6 3480.65 52.0108 0.539144
1010101 FRAC0_S 0 1 15049 46071.8 8456.86 -7.60788e+06 -7.11379e+06 -723176 4579.06 49.6328 3.57985
1010101 FRAC0_S 0 1 15043.9 46035 8791 -7.36658e+06 -6.14895e+06 -1.06997e+06 3521.47 46.5801 5.54435
1010101 FRAC0_S 0 1 15036 45897.1 9098.46 -9.00522e+06 -5.76745e+06 -1.75346e+06 3373.04 40.333 7.90447
1010101 FRAC0_S 0 1 15023.5 45670.4 9349.07 -9.48741e+06 -3.67096e+06 -2.27157e+06 1887.13 29.3455 10.7678
1010101 FRAC0_S 0 1 15008.6 45376.4 9516.96 -1.16788e+07 -1.57344e+06 -2.9373e+06 1368.1 12.9452 13.0654
1010101 FRAC0_S 0 1 14992.5 45044.3 9583.12 -1.05306e+07 1.53675e+06 -2.68939e+06 1172.41 -13.8203 13.1193
1010101 FRAC0_S 0 1 14972.9 44708.8 9540.37 -9.60108e+06 4.89662e+06 -2.39359e+06 2898.58 -34.7021 10.3904
1010101 FRAC0_S 0 1 14956.8 44404.4 9395.27 -8.29403e+06 6.94317e+06 -1.55859e+06 4618.87 -45.912 6.95395
1010101 FRAC0_S 0 1 14951.7 44158.3 9165.18 -6.32986e+06 6.09061e+06 -339600 3320.92 -50.8762 2.05254
1010101 FRAC0_S 0 1 14952.7 43993.3 8872.73 -7.51839e+06 6.86926e+06 152650 4207.91 -50.5168 -0.815238
1010101 FRAC0_S 0 1 14952.2 43927.7 8543.63 -5.70615e+06 5.0202e+06 397120 2266.76 -48.9262 -2.74262