
Step FractureNumber TipNr TipActive TipX TipY TipZ KI KII KIII G Phi Psi Extension
1010000 FRAC0_S 0 1 29640.5 44080 8500 56562.8 1221.98 4202.82 0.287577 -2.73265 -5.13678
1010000 FRAC0_S 0 1 29942.3 44014 8500 56911.6 -525.174 4219.89 0.291014 1.1874 -5.18387
1010000 FRAC0_S 0 1 30249.8 44044.5 8500 59332.3 -16020 11593.1 0.35444 23.419 -9.81361
1010000 FRAC0_S 0 1 30532.9 44168.4 8500 45868.7 -5339.38 1808.97 0.190457 13.3895 -2.62299
1010000 FRAC0_S 0 1 30763.8 44373.8 8500 37729.9 -196885 -163520 7.13735 52.1141 26.4692
1010000 FRAC0_S 0 1 30920 44640.5 8500 43925 69530.9 -89817.2 1.67566 -39.6977 28.0219
1010000 FRAC0_S 0 1 30986 44942.3 8500 66503.7 1110.94 3347.39 0.395711 -2.17459 -3.60595
1010000 FRAC0_S 0 1 30955.5 45249.8 8500 53969.1 4947.75 -940.649 0.261847 -11.0939 1.2176
1010000 FRAC0_S 0 1 30831.6 45532.9 8500 62623.8 15145.4 -356.192 0.369924 -24.5097 0.354935
1010000 FRAC0_S 0 1 30626.2 45763.8 8500 53284.2 7136.87 57.3132 0.257541 -15.5462 -0.0738882
1010000 FRAC0_S 0 1 30359.5 45920 8500 52278.6 9252.1 -2372.16 0.251918 -18.8024 2.84999
1010000 FRAC0_S 0 1 30057.7 45986 8500 52735.8 18123.1 3280.33 0.27852 -30.0398 -3.38654
1010000 FRAC0_S 0 1 29750.2 45955.5 8500 54941.7 4342.91 3409.46 0.272213 -9.36211 -4.14424
1010000 FRAC0_S 0 1 29467.1 45831.6 8500 54356.7 2921.17 3800.83 0.265971 -6.53556 -4.72602
1010000 FRAC0_S 0 1 29236.2 45626.2 8500 44706.8 684.66 1961.33 0.178657 -2.00959 -3.17411
1010000 FRAC0_S 0 1 29080 45359.5 8500 55881.3 711.654 1756.59 0.278721 -1.69708 -2.31825
1010000 FRAC0_S 0 1 29014 45057.7 8500 58402.6 -89973.3 -193911 6.02632 31.9636 33.5972
1010000 FRAC0_S 0 1 29041.3 44762.1 8500 58393 3516.09 901.267 0.305051 -7.61777 -1.11243
1010000 FRAC0_S 0 1 29168.4 44467.1 8500 54311.4 2876.66 2068.29 0.264157 -6.63147 -2.68232
1010000 FRAC0_S 0 1 29373.8 44236.2 8500 58461 7469.63 1240.98 0.309726 -14.7027 -1.42977
Step FractureNumber TipNr TipActive TipX TipY TipZ KI KII KIII G Phi Psi Extension
1010101 FRAC0_S 0 1 29640.5 44080 8500 57867.5 7191.9 5434.03 0.306935 -13.5545 -5.81658
1010101 FRAC0_S 0 1 29942.3 44014 8500 73750.9 -41616.6 -2104.16 0.639609 40.8122 1.38655
1010101 FRAC0_S 0 1 30249.8 44044.5 8500 108413 29379.3 32846.9 1.26776 -22.0291 -13.7917
1010101 FRAC0_S 0 1 30544.8 44158.7 8519.73 79060.7 -11163.1 24032.2 0.644908 13.0102 -14.9463
1010101 FRAC0_S 0 1 30805.5 44347.3 8523.49 136286 -106703 -121073 4.61929 35.0194 22.2901
1010101 FRAC0_S 0 1 30967.7 44616.7 8487.79 71637.2 -23180.3 -125544 2.60143 13.9523 33.7269
1010101 FRAC0_S 0 1 31003.9 44935.3 8484.03 29118.2 51507 75849.4 1.07713 -38.4992 -30.0556
1010101 FRAC0_S 0 1 30955.5 45249.8 8500 62439.4 8170.53 24492.9 0.433147 -11.5111 -17.8994
1010101 FRAC0_S 0 1 30831.6 45532.9 8500 60868.4 32107.5 -20848.4 0.479821 -33.9213 13.1796
1010101 FRAC0_S 0 1 30626.2 45763.8 8500 55600.1 7969.07 -1942.31 0.281632 -15.9943 2.28357
1010101 FRAC0_S 0 1 30359.5 45920 8500 33644.2 350687 -116089 12.8522 -63.7329 16.3188
1010101 FRAC0_S 0 1 30057.7 45986 8500 62706.2 18364.8 15542.4 0.412569 -24.0827 -11.694
1010101 FRAC0_S 0 1 29750.2 45955.5 8500 58502.2 8439.03 5001.33 0.314653 -15.4591 -5.26294
1010101 FRAC0_S 0 1 29467.1 45831.6 8500 56846.7 -199.9 4490.81 0.290649 0.454041 -5.51645
1010101 FRAC0_S 0 1 29236.2 45626.2 8500 54809.2 -2757.72 10005 0.281681 5.59704 -10.8256
1010101 FRAC0_S 0 1 29058.9 45360.7 8513.24 45927.8 -24461.5 46684.7 0.531154 26.1957 -25.8561
1010101 FRAC0_S 0 1 28971.7 45060.2 8526.47 105467 -61109.4 -27627.6 1.42548 37.1223 10.4285
1010101 FRAC0_S 0 1 29023.2 44751.4 8513.24 43834 -3085.51 -16384.4 0.20777 6.65748 17.9774
1010101 FRAC0_S 0 1 29168.4 44467.1 8500 59681.7 880.622 -8558.57 0.327212 -1.77228 9.15204
1010101 FRAC0_S 0 1 29373.8 44236.2 8500 58305.9 9292.1 -2283.08 0.311323 -17.3782 2.51311