
Step FractureNumber TipNr TipActive TipX TipY TipZ KI KII KIII G Phi Psi Extension
1010000 FRAC0_S 0 1 44208.4 590.716 8500 -1.07417e+06 -2.92222e+06 1.5822e+06 1093.89 54.1282 -19.4679
1010000 FRAC0_S 0 1 44064.6 317.195 8500 -1.26884e+06 -3.95372e+06 937298 1509.8 61.0211 -11.1046
1010000 FRAC0_S 0 1 44012.4 12.6255 8500 -1.26623e+06 -4.26871e+06 24335.1 1623.83 66.2276 -0.340805
1010000 FRAC0_S 0 1 44056.8 -293.18 8500 -996368 -3.16648e+06 -690966 956.97 61.5407 10.435
1010000 FRAC0_S 0 1 44193.6 -570.287 8500 -1.27187e+06 -3.5919e+06 -1.76846e+06 1565.62 55.2897 18.4521
1010000 FRAC0_S 0 1 44409.3 -791.57 8500 -1.18719e+06 -2.35912e+06 -2.26375e+06 1177.51 45.3048 25.3812
1010000 FRAC0_S 0 1 44682.8 -935.369 8500 -856130 -889404 -1.96888e+06 586.064 29.5091 32.0731
1010000 FRAC0_S 0 1 44987.4 -987.607 8500 -1.00576e+06 82939.3 -2.5656e+06 876.057 -3.14144 38.4959
1010000 FRAC0_S 0 1 45293.2 -943.172 8500 -759242 950718 -1.93129e+06 576.618 -31.7815 32.0872
1010000 FRAC0_S 0 1 45570.3 -806.413 8500 -831640 1.8503e+06 -1.69904e+06 689.013 -46.6423 25.2867
1010000 FRAC0_S 0 1 45791.6 -590.716 8500 -765767 2.60544e+06 -1.27311e+06 820.475 -56.5092 18.9018
1010000 FRAC0_S 0 1 45935.4 -317.195 8500 -672870 2.5804e+06 -622726 644.913 -62.1789 11.6798
1010000 FRAC0_S 0 1 45987.6 -12.6255 8500 -757397 3.5112e+06 -27878.7 1098.7 -67.6616 0.504731
1010000 FRAC0_S 0 1 45943.2 293.18 8500 -705465 3.00109e+06 633377 855.926 -63.3382 -10.6806
1010000 FRAC0_S 0 1 45806.4 570.287 8500 -631592 2.25204e+06 1.04374e+06 596.825 -57.2621 -18.3986
1010000 FRAC0_S 0 1 45590.7 791.57 8500 -647650 1.66212e+06 1.42815e+06 517.448 -48.4122 -24.9842
1010000 FRAC0_S 0 1 45317.2 935.369 8500 -866677 1.18065e+06 2.22287e+06 781.388 -33.357 -31.661
1010000 FRAC0_S 0 1 45012.6 987.607 8500 -946538 119862 2.68092e+06 957.197 -4.40644 -38.9126
1010000 FRAC0_S 0 1 44706.8 943.172 8500 -817395 -797370 1.9212e+06 547.561 28.0108 -32.638
1010000 FRAC0_S 0 1 44429.7 806.413 8500 -1.1561e+06 -2.25378e+06 2.28204e+06 1145.26 44.4595 -25.9678
Step FractureNumber TipNr TipActive TipX TipY TipZ KI KII KIII G Phi Psi Extension
1010101 FRAC0_S 0 1 44163.2 626.697 8579.9 2.15047e+06 -2.02958e+06 1.47369e+06 1068 41.2365 -18.0892
1010101 FRAC0_S 0 1 44019.9 333.865 8586.88 3.25828e+06 -2.58927e+06 896131 1650.25 43.4342 -9.78227
1010101 FRAC0_S 0 1 43969.4 13.237 8589.61 3.16722e+06 -1.81289e+06 102812 1188.16 41.0283 -1.5642
1010101 FRAC0_S 0 1 44012.4 -308.343 8587.39 3.21906e+06 -1.74397e+06 -589256 1240.59 37.0678 7.90635
1010101 FRAC0_S 0 1 44148.4 -604.355 8580.86 2.38996e+06 -2.21219e+06 -1.42241e+06 1214.17 41.969 16.5764
1010101 FRAC0_S 0 1 44369.6 -848.578 8568.41 1.37857e+06 -1.65325e+06 -1.83064e+06 858.627 39.5083 24.6884
1010101 FRAC0_S 0 1 44657.9 -1015.63 8541.03 355029 -1.23929e+06 -2.40531e+06 917.567 36.6587 34.973
1010101 FRAC0_S 0 1 44986.1 -1078.43 8496.41 -56983.8 20998.8 -2.48917e+06 824.106 -1.14049 44.605
1010101 FRAC0_S 0 1 45315.4 -1022.74 8454.12 398820 1.08809e+06 -2.17353e+06 747.998 -35.4306 34.6803
1010101 FRAC0_S 0 1 45607.4 -862.984 8429.63 1.37445e+06 1.51804e+06 -1.87889e+06 843.207 -37.4561 25.598
1010101 FRAC0_S 0 1 45834.6 -624.977 8418.01 2.05543e+06 1.44745e+06 -1.15357e+06 740.155 -36.7549 17.2981
1010101 FRAC0_S 0 1 45978 -333.061 8411.8 2.3484e+06 1.11115e+06 -522816 637.813 -33.613 9.67129
1010101 FRAC0_S 0 1 46028.3 -13.2855 8409.3 2.82327e+06 1.16756e+06 -85399.5 832.727 -34.3575 1.61966
1010101 FRAC0_S 0 1 45985.1 307.524 8411.16 2.12439e+06 1.03554e+06 332613 512.427 -35.3562 -7.12903
1010101 FRAC0_S 0 1 45849.1 602.529 8416.9 2.08221e+06 1.45988e+06 1.01529e+06 713.36 -37.6637 -15.739
1010101 FRAC0_S 0 1 45628.3 845.751 8427.83 1.54456e+06 1.68033e+06 1.71872e+06 857.075 -39.4987 -23.1291
1010101 FRAC0_S 0 1 45340.8 1013.15 8451.89 658985 1.25559e+06 2.26682e+06 862.598 -35.7275 -32.5869
1010101 FRAC0_S 0 1 45013.4 1078.31 8494.16 -24320.9 193809 2.52016e+06 848.055 -9.55817 -43.8347
1010101 FRAC0_S 0 1 44681.7 1024.1 8539.32 224731 -1.00667e+06 2.276e+06 783.765 34.4156 -36.7193
1010101 FRAC0_S 0 1 44390.8 865.388 8567.02 1.40267e+06 -1.78633e+06 2.11458e+06 1054.37 39.2131 -25.8533