
Step FractureNumber TipNr TipActive TipX TipY TipZ KI KII KIII G Phi Psi Extension
1010000 FRAC0_S 0 1 -15000 984.872 8574.53 7.75643e+06 334018 -1.55011e+06 5690.57 -4.76657 11.6885
1010000 FRAC0_S 0 1 -15000 913.64 8875.22 6.82137e+06 1.14455e+06 -1.73615e+06 4664.01 -15.5416 12.9011
1010000 FRAC0_S 0 1 -15000 752.975 9139.18 1.86336e+07 2.17288e+06 -842180 31455 -13.3466 2.98443
1010000 FRAC0_S 0 1 -15000 518.603 9340.58 2.23007e+07 1.96908e+06 -547979 44701.6 -10.6672 1.70616
1010000 FRAC0_S 0 1 -15000 233.466 9459.7 3.92897e+07 3.26102e+06 -1.49026e+06 138800 -9.98253 2.60158
1010000 FRAC0_S 0 1 -15000 -74.5244 9484.87 2.51266e+07 2.30902e+06 193483 56739.3 -11.2112 -0.544605
1010000 FRAC0_S 0 1 -15000 -375.22 9413.64 2.15992e+07 2.15513e+06 729483 42056.7 -11.7808 -2.29468
1010000 FRAC0_S 0 1 -15000 -639.186 9252.98 1.62166e+07 919309 827697 23600.5 -6.98132 -3.52389
1010000 FRAC0_S 0 1 -15000 -840.583 9018.61 2.20671e+07 840548 1.59866e+06 43795.7 -4.71954 -4.94786
1010000 FRAC0_S 0 1 -15000 -959.699 8733.46 1.03559e+07 435202 1.51754e+06 9879.76 -4.86252 -9.11504
1010000 FRAC0_S 0 1 -15000 -984.872 8425.47 5.61914e+06 -426731 1.50113e+06 3129.55 7.69225 -14.209
1010000 FRAC0_S 0 1 -15000 -913.64 8124.78 -439695 -1.14609e+06 1.43507e+06 390.953 43.0392 -29.607
1010000 FRAC0_S 0 1 -15000 -752.975 7860.82 -6.47925e+06 -1.57177e+06 1.14707e+06 395.14 21.8792 -9.21395
1010000 FRAC0_S 0 1 -15000 -518.603 7659.42 -9.33387e+06 -1.8848e+06 712522 384.083 20.3693 -4.54041
1010000 FRAC0_S 0 1 -15000 -233.466 7540.3 1.71545e+07 115008 623830 26275.9 -0.896951 -2.67927
1010000 FRAC0_S 0 1 -15000 74.5244 7515.13 -1.14502e+07 -2.09419e+06 -106163 392.301 19.8304 0.604622
1010000 FRAC0_S 0 1 -15000 375.22 7586.36 -1.01792e+07 -2.03609e+06 -554762 410.354 20.5425 3.32623
1010000 FRAC0_S 0 1 -15000 639.186 7747.02 -6.09279e+06 -1.15402e+06 -672258 178.779 18.9151 6.38369
1010000 FRAC0_S 0 1 -15000 840.583 7981.39 -4.01452e+06 -1.72035e+06 -1.50665e+06 565.637 29.3087 14.7999
1010000 FRAC0_S 0 1 -15000 959.699 8266.54 2.31086e+06 -314060 -1.24794e+06 691.771 10.8926 21.7073
Step FractureNumber TipNr TipActive TipX TipY TipZ KI KII KIII G Phi Psi Extension
1010101 FRAC0_S 0 1 -15006.2 1080.69 8581.63 8.72853e+06 -154423 -1.26153e+06 7002.83 2.11491 9.18948
1010101 FRAC0_S 0 1 -15021.2 1001.59 8911.14 1.56347e+07 -512041 -4.02472e+06 23960.1 3.50871 14.2492
1010101 FRAC0_S 0 1 -15022.8 825.243 9200.73 1.68167e+07 -1.94628e+06 -697056 25602.7 13.3018 2.7516
1010101 FRAC0_S 0 1 -15019.3 568.766 9422.07 4.19177e+06 -667140 1.47937e+06 1896.48 13.9603 -16.4076
1010101 FRAC0_S 0 1 -15018.2 256.155 9552.91 2.88853e+07 -1.2877e+06 553717 74538.6 5.74419 -1.3949
1010101 FRAC0_S 0 1 -15019.2 -81.7023 9580.34 2.96991e+07 -4.99436e+06 669912 80880.8 18.376 -1.46576
1010101 FRAC0_S 0 1 -15018.1 -411.723 9502.29 2.669e+07 -3.14845e+06 368876 64379.3 13.8315 -0.947575
1010101 FRAC0_S 0 1 -15013.2 -701.804 9326.53 2.42945e+07 -3.70174e+06 372461 53834.3 17.0763 -1.01839
1010101 FRAC0_S 0 1 -15009.3 -923.255 9069.58 1.88027e+07 -712257 918828 31661.7 4.7949 -3.44063
1010101 FRAC0_S 0 1 -15003 -1054.01 8756.45 1.21202e+07 106219 1.32725e+06 13325.4 -1.09288 -7.32175
1010101 FRAC0_S 0 1 -14978.4 -1075.38 8420.68 5.99142e+06 1.38801e+06 86767.4 3371.47 -23.6076 -0.902009
1010101 FRAC0_S 0 1 -14953.2 -989.834 8094.02 617847 -104855 1.16128e+06 214.355 7.57504 -35.5407
1010101 FRAC0_S 0 1 -14955.6 -817.555 7803.9 -5.31481e+06 -2.90974e+06 893634 860.669 37.5476 -7.32747
1010101 FRAC0_S 0 1 -14973.7 -566.809 7580.22 -9.54878e+06 -3.78343e+06 741450 1348.67 32.5774 -4.01772
1010101 FRAC0_S 0 1 -14983.6 -255.814 7448.33 -1.31534e+07 -4.29697e+06 603883 1693.82 29.3552 -2.57204
1010101 FRAC0_S 0 1 -14974.6 81.0582 7422.29 -1.22257e+07 -5.24873e+06 198347 2460.14 35.405 -0.871265
1010101 FRAC0_S 0 1 -14965.9 410.086 7501.57 -9.77707e+06 -4.96805e+06 -997001 2331.57 37.2108 4.80763
1010101 FRAC0_S 0 1 -14962.8 697.242 7677.86 -7.70941e+06 -4.5121e+06 -1.26731e+06 2027.8 38.9983 7.03703
1010101 FRAC0_S 0 1 -14962.7 916.851 7934.67 -2.50251e+06 -6.12646e+06 -5.08429e+06 6782.65 48.5744 24.3829
1010101 FRAC0_S 0 1 -14980.4 1050.8 8245.36 2.32788e+06 103864 -1.42432e+06 753.666 -3.72015 24.3086