
Step FractureNumber TipNr TipActive TipX TipY TipZ KI KII KIII G Phi Psi Extension
1010000 FRAC0_S 0 1 14999 987.687 8500 -241644 -2.66243e+06 -1.09671e+06 791.627 62.1666 18.902
1010000 FRAC0_S 0 1 14693.8 939.03 8500 6.08292e+06 -1.72401e+06 -1.53008e+06 3873.47 23.4635 11.8959
1010000 FRAC0_S 0 1 14418.7 798.454 8500 -118939 -1.22151e+06 -1.97703e+06 652.81 42.0585 34.7637
1010000 FRAC0_S 0 1 14200.4 579.719 8500 -127816 -186492 -1.76461e+06 417.24 11.9956 42.4314
1010000 FRAC0_S 0 1 14060.3 304.238 8500 -252161 588250 -1.52599e+06 340.545 -30.4762 36.5761
1010000 FRAC0_S 0 1 14012.3 -1.025 8500 -252361 1.56503e+06 -1.79549e+06 647.024 -47.5101 30.6133
1010000 FRAC0_S 0 1 14061 -306.187 8500 -223767 1.81926e+06 -1.091e+06 453.236 -57.6806 23.1538
1010000 FRAC0_S 0 1 14201.6 -581.378 8500 -1.73721e+07 2.88495e+06 -1.32658e+06 975.712 -17.4623 4.66941
1010000 FRAC0_S 0 1 14420.2 -799.659 8500 -200102 2.65769e+06 -130047 631.661 -69.1453 3.33246
1010000 FRAC0_S 0 1 14695.7 -939.664 8500 -8.63346e+06 3.27372e+06 236613 962.462 -32.654 -1.50724
1010000 FRAC0_S 0 1 15001 -987.687 8500 -203695 2.58368e+06 1.07781e+06 749.347 -62.3052 -19.1843
1010000 FRAC0_S 0 1 15306.2 -939.03 8500 -5.33165e+06 1.93764e+06 1.43081e+06 606.841 -27.708 -11.9353
1010000 FRAC0_S 0 1 15581.3 -798.454 8500 -634455 1.33859e+06 2.36027e+06 900.593 -36.5673 -32.6947
1010000 FRAC0_S 0 1 15799.6 -579.719 8500 5.2831e+06 -46036.3 1.62151e+06 2837.05 0.924194 -16.4005
1010000 FRAC0_S 0 1 15939.7 -304.238 8500 -1.59037e+07 -222584 2.32971e+06 726.279 1.67825 -9.32015
1010000 FRAC0_S 0 1 15987.7 1.025 8500 231011 -2.16101e+06 2.25669e+06 1098.22 49.954 -30.088
1010000 FRAC0_S 0 1 15939 306.187 8500 -213788 -2.40181e+06 1.42801e+06 785.261 58.4602 -23.4302
1010000 FRAC0_S 0 1 15798.4 581.378 8500 -446031 -3.08576e+06 981792 976.701 62.9951 -15.4051
1010000 FRAC0_S 0 1 15579.8 799.659 8500 -17495 -3.43809e+06 169544 1057.15 69.8137 -3.5758
1010000 FRAC0_S 0 1 15304.3 939.664 8500 7.15213e+06 -2.24569e+06 -631310 5060.64 27.8386 4.77916
Step FractureNumber TipNr TipActive TipX TipY TipZ KI KII KIII G Phi Psi Extension
1010101 FRAC0_S 0 1 14998.7 1053.87 8565.84 1.75757e+06 -1.55895e+06 -685801 554.385 43.9112 12.3964
1010101 FRAC0_S 0 1 14668.7 1009.32 8558.76 1.61435e+06 -1.53383e+06 -973189 567.84 42.4077 16.5783
1010101 FRAC0_S 0 1 14369.9 864.621 8548.65 6.64012e+06 -4.85724e+06 4.1011e+06 8268.25 36.8074 -18.2264
1010101 FRAC0_S 0 1 14129.3 630.068 8514.46 562798 -196979 -1.80655e+06 465.742 10.3333 38.5549
1010101 FRAC0_S 0 1 13982.6 331.847 8461.4 -2.1105e+07 -2.55121e+06 -1.88994e+06 1055.05 13.2832 5.58993
1010101 FRAC0_S 0 1 13945.3 1.4335 8429.33 8.49837e+06 -1.32417e+07 -231305 22067.7 58.9496 0.81749
1010101 FRAC0_S 0 1 13999.4 -328.529 8431.81 1.52619e+06 1.20361e+06 -1.3089e+06 564.509 -35.5057 21.8128
1010101 FRAC0_S 0 1 14145.1 -620.801 8440.5 -713275 -3.62775e+06 -4.2893e+06 3619.69 46.4803 30.6149
1010101 FRAC0_S 0 1 14384 -848.132 8432.28 605167 6.14632e+06 1.54481e+06 3716.36 -65.2989 -13.3798
1010101 FRAC0_S 0 1 14677.5 -998.539 8427.52 3.59221e+06 1.72714e+06 1.66184e+06 1782.99 -30.3514 -16.6976
1010101 FRAC0_S 0 1 15001.4 -1051.99 8430.61 2.13709e+06 1.84688e+06 598377 758.554 -45.0549 -9.62276
1010101 FRAC0_S 0 1 15331.8 -1008.97 8439.72 -3.0708e+06 8.3164e+06 -1.53849e+06 6477.88 -61.0986 8.81651
1010101 FRAC0_S 0 1 15632.2 -866.632 8458.99 819935 1.35685e+06 1.41017e+06 488.444 -42.9419 -25.5644
1010101 FRAC0_S 0 1 15875.7 -632.992 8486.64 -3.77989e+06 -7.78663e+06 6.30171e+06 10684.5 47.716 -23.4042
1010101 FRAC0_S 0 1 16023.5 -334.288 8521 1.69116e+07 -343914 236975 25503.7 2.72543 -1.05063
1010101 FRAC0_S 0 1 16056.1 -2.585 8560.31 2.31846e+06 -285733 1.19064e+06 674.81 10.1445 -21.2242
1010101 FRAC0_S 0 1 15989.2 320.994 8584.02 2.28779e+06 -1.25319e+06 506239 640.432 36.6385 -9.24017
1010101 FRAC0_S 0 1 15834.3 605.78 8589.32 2.5435e+06 -1.03802e+06 -153998 675.654 33.4978 3.1595
1010101 FRAC0_S 0 1 15605.9 841.341 8580.88 2.12632e+06 -8.69349e+06 -1.36311e+06 7384.65 64.2574 8.31406
1010101 FRAC0_S 0 1 15322.9 1000.38 8568.92 1.46496e+06 -3.915e+06 -1.61293e+06 1903.06 56.439 16.2353