
Step FractureNumber TipNr TipActive TipX TipY TipZ KI KII KIII G Phi Psi Extension
1010000 FRAC0_S 0 1 36771.7 8163.99 8564.36 1.20301e+07 3.21853e+06 3.03506e+06 15044.6 -22.4754 -12.0385
1010000 FRAC0_S 0 1 36700.3 7990.07 8809.62 7.53104e+06 6.3471e+06 5.45605e+06 12603.1 -38.4158 -19.3834
1010000 FRAC0_S 0 1 36707.3 7768.17 9024.57 6.64674e+06 5.2066e+06 6.84432e+06 12582.8 -33.5569 -24.1303
1010000 FRAC0_S 0 1 36791.8 7520.02 9188.17 4.60984e+06 3.08002e+06 7.27136e+06 9771.05 -25.8547 -30.1142
1010000 FRAC0_S 0 1 36945.6 7269.91 9284.42 4.34632e+06 617152 8.03554e+06 10305.1 -6.48897 -35.6067
1010000 FRAC0_S 0 1 37153.8 7042.32 9303.87 3.89222e+06 -2.58127e+06 7.51276e+06 9450.42 23.4538 -32.3764
1010000 FRAC0_S 0 1 37395.8 6859.54 9244.64 8.49211e+06 -2.55915e+06 3.81686e+06 8947.46 22.0234 -17.849
1010000 FRAC0_S 0 1 37673.8 6730.74 9095.48 3.9523e+06 -5.60881e+06 3.41686e+06 5748.01 47.4306 -18.2485
1010000 FRAC0_S 0 1 37885.7 6693.81 8920.43 7.09294e+06 -8.56305e+06 2.0244e+06 11562.2 51.3855 -8.49832
1010000 FRAC0_S 0 1 38085.7 6727.08 8687.2 5.98102e+06 -1.00504e+07 299225 12200.6 59.6475 -1.41811
1010000 FRAC0_S 0 1 38228.3 6836.01 8435.64 1.07629e+07 -5.62285e+06 -2.65887e+06 14080.1 35.2325 10.2466
1010000 FRAC0_S 0 1 38299.7 7009.93 8190.38 1.20608e+07 -2.89148e+06 -3.75339e+06 15581 19.9682 14.3224
1010000 FRAC0_S 0 1 38292.7 7231.83 7975.43 1.34262e+07 2.60128e+06 -2.62454e+06 17582.3 -18.1634 10.3221
1010000 FRAC0_S 0 1 38208.2 7479.98 7811.83 1.50102e+07 3.7465e+06 -4.0482e+06 23507.3 -21.1106 12.8063
1010000 FRAC0_S 0 1 38053.4 7731.31 7715.28 1.3294e+07 5.86214e+06 -4.35006e+06 21327.4 -30.5606 13.3045
1010000 FRAC0_S 0 1 37846.2 7957.68 7696.13 1.56738e+07 7.13299e+06 -1.99933e+06 26956.9 -34.4691 6.0723
1010000 FRAC0_S 0 1 37604.2 8140.46 7755.36 1.60262e+07 8.2244e+06 -230230 28921.5 -39.1329 0.730633
1010000 FRAC0_S 0 1 37352 8260.55 7887.49 1.52495e+07 9.23088e+06 1.22937e+06 28516.1 -41.2422 -3.6543
1010000 FRAC0_S 0 1 37114.3 8306.19 8079.57 1.43343e+07 5.40214e+06 2.23564e+06 21575 -30.1894 -7.59476
1010000 FRAC0_S 0 1 36914.3 8272.92 8312.8 9.63022e+06 6.2404e+06 3.39203e+06 13264.6 -38.0082 -12.712
Step FractureNumber TipNr TipActive TipX TipY TipZ KI KII KIII G Phi Psi Extension
1010101 FRAC0_S 0 1 36681.2 8191.3 8540.88 1.38642e+07 1.35089e+06 5.93752e+06 21979.9 -8.65545 -19.2944
1010101 FRAC0_S 0 1 36603.5 7999.26 8803.03 9.57865e+06 13175.8 5.92409e+06 12843.5 -0.118835 -24.9703
1010101 FRAC0_S 0 1 36610.6 7758.44 9037.3 8.16736e+06 -34292.7 6.14659e+06 10969.1 0.334204 -27.3581
1010101 FRAC0_S 0 1 36706.7 7498.61 9228.12 6.43796e+06 500823 6.82717e+06 9914.88 -5.00073 -30.567
1010101 FRAC0_S 0 1 36889.8 7244.36 9354.4 6.9372e+06 -770657 3.82175e+06 6283.88 9.04508 -22.229
1010101 FRAC0_S 0 1 37129 7021.61 9393.98 5.10551e+06 -121200 9.55594e+06 14469.1 1.14313 -36.6317
1010101 FRAC0_S 0 1 37412.6 6833.04 9335.94 7.77369e+06 -2.95213e+06 6.62962e+06 12007.1 21.7884 -24.98
1010101 FRAC0_S 0 1 37694.7 6723.6 9195.56 1.05649e+07 -1.78405e+06 3.19905e+06 11590.9 15.1426 -14.6517
1010101 FRAC0_S 0 1 37953.6 6691.07 8992.25 1.0891e+07 700801 950251 10733.6 -7.60409 -5.72024
1010101 FRAC0_S 0 1 38166.4 6725.35 8741.81 1.06979e+07 2.61495e+06 -861433 10906.2 -23.4456 4.61852
1010101 FRAC0_S 0 1 38319 6821.04 8462.04 1.22038e+07 2.71051e+06 -2.28273e+06 14619.1 -20.3272 9.77226
1010101 FRAC0_S 0 1 38383 6948.23 8222.63 1.19835e+07 1.1307e+06 -3.77751e+06 14808.4 -9.05768 15.7928
1010101 FRAC0_S 0 1 38357.4 7197.53 7917.31 1.60866e+07 -1.34908e+06 -4.2045e+06 25573 8.45575 13.909
1010101 FRAC0_S 0 1 38250.5 7455.36 7727.38 1.71591e+07 -1.87464e+06 -4.30427e+06 29014.2 10.7939 13.2632
1010101 FRAC0_S 0 1 38074.4 7721.15 7620.33 1.77779e+07 -898189 -2.66457e+06 29179.7 5.76835 9.22453
1010101 FRAC0_S 0 1 37842 7961.58 7598.08 1.86706e+07 -1.91563e+06 -2.05358e+06 31950.9 11.3447 6.8036
1010101 FRAC0_S 0 1 37576.8 8153.73 7661.78 2.02903e+07 -2.35412e+06 621508 37231.4 13.449 -2.06009
1010101 FRAC0_S 0 1 37304.5 8284.31 7804.95 1.95045e+07 -1.73772e+06 1.81699e+06 34607.8 10.1527 -5.94125
1010101 FRAC0_S 0 1 37054.6 8338.25 8008.22 1.84824e+07 -139793 3.67115e+06 32234 0.875134 -11.9498
1010101 FRAC0_S 0 1 36834.9 8306.37 8267.08 1.77603e+07 1.01482e+06 5.17741e+06 31764.7 -5.80586 -15.3181