
Step FractureNumber TipNr TipActive TipX TipY TipZ KI KII KIII G Phi Psi Extension
1010000 FRAC0_S 0 1 -30000 -29019.2 8617.02 -4.07721e+06 -3.60729e+06 4.72469e+06 4128.47 34.7821 -24.914
1010000 FRAC0_S 0 1 -30000 -29103.5 8914.36 -4.67671e+06 -5.3475e+06 2.32129e+06 3264.82 47.508 -13.4994
1010000 FRAC0_S 0 1 -30000 -29275.4 9171.13 -6.49731e+06 -8.21552e+06 1.04947e+06 6160.94 53.9534 -5.04702
1010000 FRAC0_S 0 1 -30000 -29518.2 9362.22 -7.08679e+06 -8.25085e+06 -1.09308e+06 6225.21 52.6509 5.04301
1010000 FRAC0_S 0 1 -30000 -29808.3 9468.89 -6.18432e+06 -5.73053e+06 -2.63289e+06 3848.25 44.286 13.0358
1010000 FRAC0_S 0 1 -30000 -30117.1 9480.74 -6.12768e+06 -4.36383e+06 -3.81222e+06 3629.81 36.1963 18.4444
1010000 FRAC0_S 0 1 -30000 -30414.4 9396.57 -6.96486e+06 -2.99033e+06 -5.3046e+06 4539.29 24.7465 23.1266
1010000 FRAC0_S 0 1 -30000 -30671.2 9224.65 -4.25703e+06 -1.57351e+06 -4.41956e+06 2818.46 19.8421 27.4964
1010000 FRAC0_S 0 1 -30000 -30862.2 8981.79 -4.31968e+06 55627 -4.95838e+06 3270.16 -0.831887 32.1234
1010000 FRAC0_S 0 1 -30000 -30968.9 8691.77 -3.17887e+06 1.37366e+06 -4.3018e+06 2629.38 -20.0348 30.1063
1010000 FRAC0_S 0 1 -30000 -30980.8 8382.98 -2.33437e+06 2.60999e+06 -3.93581e+06 2667.27 -35.1008 28.0882
1010000 FRAC0_S 0 1 -30000 -30896.5 8085.64 -1.54243e+06 3.73933e+06 -3.56628e+06 2937.53 -46.664 26.0775
1010000 FRAC0_S 0 1 -30000 -30724.6 7828.87 -221301 3.24639e+06 -2.29208e+06 1637.86 -56.6708 25.8139
1010000 FRAC0_S 0 1 -30000 -30481.8 7637.78 -8990.63 6.11722e+06 -2.40369e+06 4102.96 -64.3997 19.3596
1010000 FRAC0_S 0 1 -30000 -30191.7 7531.11 1.71821e+06 4.81391e+06 -1.70817e+06 2716.16 -57.8973 14.751
1010000 FRAC0_S 0 1 -30000 -29882.9 7519.26 476666 6.51511e+06 57348.8 3803.11 -69.5983 -0.632392
1010000 FRAC0_S 0 1 -30000 -29585.6 7603.43 -746889 5.65492e+06 1.87061e+06 3314.96 -62.9918 -15.9504
1010000 FRAC0_S 0 1 -30000 -29328.8 7775.35 -36323 4.62338e+06 2.59621e+06 2801.24 -60.7857 -23.684
1010000 FRAC0_S 0 1 -30000 -29137.8 8018.21 -953136 3.49842e+06 4.83826e+06 4203.98 -42.7949 -31.6723
1010000 FRAC0_S 0 1 -30000 -29031.1 8308.23 -3.35077e+06 -833036 4.86714e+06 3212.48 12.2924 -32.4017
Step FractureNumber TipNr TipActive TipX TipY TipZ KI KII KIII G Phi Psi Extension
1010101 FRAC0_S 0 1 -29947.7 -28939.2 8624.23 -689370 -3.99415e+06 4.9135e+06 4632.54 46.1413 -31.2844
1010101 FRAC0_S 0 1 -29928.6 -29041.6 8940.95 905732 -7.26532e+06 3.63284e+06 6532.04 59.6513 -20.88
1010101 FRAC0_S 0 1 -29921.2 -29231.1 9211.45 2.38776e+06 -6.36346e+06 1.66619e+06 4485.67 59.3993 -11.6313
1010101 FRAC0_S 0 1 -29922.5 -29489.1 9416.24 2.17489e+06 -8.79774e+06 -611293 7368.33 65.9505 4.02423
1010101 FRAC0_S 0 1 -29930.4 -29796.2 9537.27 118801 -8.1866e+06 -2.37826e+06 6725.71 66.176 15.7281
1010101 FRAC0_S 0 1 -29942.5 -30127.9 9558.96 -2.24525e+06 -8.10396e+06 -4.26257e+06 8268.76 56.1145 19.9459
1010101 FRAC0_S 0 1 -29955.8 -30451.8 9475.08 -3.94543e+06 -5.64789e+06 -5.08954e+06 6287.63 43.4948 23.0722
1010101 FRAC0_S 0 1 -29973 -30734.4 9291.96 -5.73738e+06 -1.89732e+06 -5.27598e+06 4022.97 19.0623 26.364
1010101 FRAC0_S 0 1 -30000.8 -30944.9 9027.99 -2.94575e+06 -176529 -4.76751e+06 3025.75 3.09736 35.0831
1010101 FRAC0_S 0 1 -30031.9 -31057.1 8710.65 -1.93526e+06 2.01191e+06 -4.50269e+06 3057.17 -29.3656 32.1936
1010101 FRAC0_S 0 1 -30055.5 -31060 8375.49 116440 1.53691e+06 -3.31832e+06 1676.19 -36.5892 37.3598
1010101 FRAC0_S 0 1 -30072.6 -30946.6 8037.01 1.22506e+06 1.76389e+06 -2.98045e+06 1592.43 -35.2565 30.7179
1010101 FRAC0_S 0 1 -30082.5 -30765.6 7793.57 3.10467e+06 1.47426e+06 -2.72463e+06 2039.95 -25.4075 24.5057
1010101 FRAC0_S 0 1 -30087.1 -30504.9 7596.56 4.37185e+06 807296 -2.47332e+06 2574.85 -13.9902 21.7628
1010101 FRAC0_S 0 1 -30088.3 -30201.2 7486.95 5.70673e+06 694009 -1.84161e+06 3396.02 -11.2918 15.7803
1010101 FRAC0_S 0 1 -30090.3 -29878.8 7478.63 5.64153e+06 604722 -1.1728e+06 3051.61 -10.9462 11.5056
1010101 FRAC0_S 0 1 -30089.8 -29566.8 7565.21 5.19614e+06 688863 -295595 2459.86 -14.7342 3.65497
1010101 FRAC0_S 0 1 -30082.9 -29291.5 7738.2 7.22091e+06 2.97692e+06 2.90178e+06 6555.94 -28.2003 -15.659
1010101 FRAC0_S 0 1 -30050.5 -29073.5 7986.62 3.58932e+06 3.27733e+06 3.93523e+06 4164.79 -36.0328 -24.0364
1010101 FRAC0_S 0 1 -29992.1 -28946.7 8292.23 -480223 272666 4.19385e+06 2345.88 -7.50416 -42.4092