
Step FractureNumber TipNr TipActive TipX TipY TipZ KI KII KIII G Phi Psi Extension
1010000 FRAC0_S 0 1 44523.2 -44135 8500 19466.5 -180214 36947.4 3.10938 66.0213 -11.3745
1010000 FRAC0_S 0 1 44279.2 -44324.7 8500 43882.2 -209869 -1970.37 4.09695 67.7494 0.599044
1010000 FRAC0_S 0 1 44105.9 -44580.5 8500 105685 -266801 -502958 40.9829 36.165 33.92
1010000 FRAC0_S 0 1 44020 -44877.3 8500 24947.6 -131576 -70820.4 2.26522 57.5785 21.0956
1010000 FRAC0_S 0 1 44030 -45186.2 8500 53787.9 -66815.5 -512977 35.654 13.9855 41.5201
1010000 FRAC0_S 0 1 44135 -45476.8 8500 39810.9 -55193.2 -126129 2.52852 30.5822 33.7535
1010000 FRAC0_S 0 1 44324.7 -45720.8 8500 65562.8 127259 76838.3 2.61142 -50.4795 -19.5463
1010000 FRAC0_S 0 1 44580.5 -45894.1 8500 25901.7 51363.1 -82194 1.1934 -37.8325 31.4376
1010000 FRAC0_S 0 1 44877.3 -45980 8500 33885.5 115039 -90938.9 2.38149 -51.043 24.8286
1010000 FRAC0_S 0 1 45186.2 -45970 8500 482.328 -541532 -57457 26.5712 69.3461 7.17284
1010000 FRAC0_S 0 1 45476.8 -45865 8500 35395 166136 -27293.4 2.67025 -64.7463 8.83409
1010000 FRAC0_S 0 1 45720.8 -45675.3 8500 37524.5 158716 1208.2 2.37042 -67.3063 -0.476051
1010000 FRAC0_S 0 1 45894.1 -45419.5 8500 34303.3 139571 33181.6 1.98715 -62.564 -11.6524
1010000 FRAC0_S 0 1 45980 -45122.7 8500 36180.4 130581 69889.5 2.28575 -55.9374 -20.1573
1010000 FRAC0_S 0 1 45970 -44813.8 8500 31517.5 86051.2 84239.2 1.69216 -46.9689 -26.809
1010000 FRAC0_S 0 1 45865 -44523.2 8500 30914.4 42284.6 100460 1.58675 -29.9387 -34.0787
1010000 FRAC0_S 0 1 45675.3 -44279.2 8500 -44660.1 600894 -203094 37.6612 -64.034 16.7766
1010000 FRAC0_S 0 1 45419.5 -44105.9 8500 27959.9 -53392.2 104305 1.77065 34.4726 -33.4055
1010000 FRAC0_S 0 1 45122.7 -44020 8500 24874.4 -107214 87991.7 2.10919 51.5895 -25.9106
1010000 FRAC0_S 0 1 44813.8 -44030 8500 -46024.5 134015 272207 11.4553 -35.3395 -34.9929
Step FractureNumber TipNr TipActive TipX TipY TipZ KI KII KIII G Phi Psi Extension
1010101 FRAC0_S 0 1 44502.7 -44090.7 8554.36 83135.3 -70573.5 -125153 3.14293 30.9474 28.3595
1010101 FRAC0_S 0 1 44242.3 -44294.3 8583.87 52000.4 -2419.02 -289083 11.3561 0.982438 42.2706
1010101 FRAC0_S 0 1 44049.1 -44555.1 8573.74 -8511.96 68792.5 -159728 3.81494 -34.7352 37.5764
1010101 FRAC0_S 0 1 43951.3 -44869.9 8563 -18693.1 96028.1 -127527 2.98473 -44.497 31.9164
1010101 FRAC0_S 0 1 43950.2 -45204 8545.9 -13869.8 223878 -108714 6.0382 -61.237 21.2259
1010101 FRAC0_S 0 1 44062.6 -45513.7 8512.19 49605.6 36240.1 -105481 1.8161 -24.0066 32.9722
1010101 FRAC0_S 0 1 44275.7 -45772.3 8458.82 159092 155103 40684.4 4.61926 -47.8168 -8.50843
1010101 FRAC0_S 0 1 44550.8 -45957.1 8430.6 126835 -154388 -50036.9 3.89051 50.0437 11.029
1010101 FRAC0_S 0 1 44866.7 -46037.8 8469.18 94544.1 151242 -138702 5.39353 -44.2391 23.8436
1010101 FRAC0_S 0 1 45192.6 -46012.3 8504.74 26675 146562 -21203.6 2.03732 -65.7557 8.11343
1010101 FRAC0_S 0 1 45495.8 -45898.9 8455.11 64744.5 74652.7 166313 4.54892 -30.0131 -32.667
1010101 FRAC0_S 0 1 45750.4 -45702.7 8409.07 424092 546698 657943 100.234 -39.1055 -26.1238
1010101 FRAC0_S 0 1 45935.9 -45437.6 8411.85 -71929.4 -93740.4 152606 3.88043 35.1614 -29.8126
1010101 FRAC0_S 0 1 46035 -45127.8 8418.11 -112234 -120089 65599.4 1.85742 45.0587 -15.5748
1010101 FRAC0_S 0 1 46036.4 -44798.7 8430.27 -59886.7 -110742 -19442.3 1.1431 57.8065 7.6333
1010101 FRAC0_S 0 1 45927.2 -44491.1 8434.3 62684.4 -28758.7 -125035 2.50313 17.3633 34.0428
1010101 FRAC0_S 0 1 45718 -44234.2 8456.72 8626.08 -28680.4 -41573.5 0.309801 41.6493 31.943
1010101 FRAC0_S 0 1 45446.5 -44045.2 8525.42 99857.7 -134200 37391.9 2.67935 52.1046 -10.1183
1010101 FRAC0_S 0 1 45131.5 -43950.5 8538.87 132449 -377269 123832 16.2859 58.5457 -13.9849
1010101 FRAC0_S 0 1 44803.2 -43965.6 8513.51 64426.5 -159553 -19735.9 2.69017 61.6523 6.09997