
Step FractureNumber TipNr TipActive TipX TipY TipZ KI KII KIII G Phi Psi Extension
1010000 FRAC0_S 0 1 29421.9 -29224 8302.08 -260592 -5.00817e+06 1.79605e+06 2664.07 64.0678 -17.6967
1010000 FRAC0_S 0 1 29276.5 -29329.8 8553.35 -267251 -6.0163e+06 495979 3258.13 69.1128 -5.52973
1010000 FRAC0_S 0 1 29201.8 -29501.2 8799.39 -542825 -5.19895e+06 -772564 2487.95 67.1459 8.78622
1010000 FRAC0_S 0 1 29205.3 -29721.4 9016.14 -629918 -4.26717e+06 -1.77397e+06 2041.13 60.9106 18.4082
1010000 FRAC0_S 0 1 29286.5 -29968.9 9182.36 -624265 -3.05751e+06 -2.59099e+06 1725.89 51.6087 26.588
1010000 FRAC0_S 0 1 29437.7 -30219.5 9281.78 -647561 -1.55298e+06 -2.88796e+06 1324.17 36.2072 33.639
1010000 FRAC0_S 0 1 29643.9 -30448.6 9304.68 -483680 -157997 -2.38735e+06 760.248 7.11208 40.9769
1010000 FRAC0_S 0 1 29884.9 -30633.7 9248.81 -308797 761618 -2.48756e+06 874.686 -26.7608 38.403
1010000 FRAC0_S 0 1 30137.2 -30756.8 9119.64 -162524 586200 -1.65608e+06 395.389 -29.9672 38.065
1010000 FRAC0_S 0 1 30376 -30805.9 8929.82 -116225 3.07957e+06 -1.92539e+06 1338.14 -58.8749 24.6607
1010000 FRAC0_S 0 1 30578.1 -30776 8697.92 -14155.3 3.96976e+06 -1.32467e+06 1637.67 -65.5477 17.4088
1010000 FRAC0_S 0 1 30723.5 -30670.2 8446.65 151197 4.70122e+06 -578220 2015.97 -68.7372 7.93084
1010000 FRAC0_S 0 1 30798.2 -30498.8 8200.61 126587 4.38401e+06 386870 1733.99 -69.2306 -5.9556
1010000 FRAC0_S 0 1 30794.7 -30278.6 7983.86 144649 3.67829e+06 1.02571e+06 1347.43 -65.9216 -15.0237
1010000 FRAC0_S 0 1 30713.5 -30031.1 7817.64 137832 3.78026e+06 2.12789e+06 1877.32 -60.1695 -23.3645
1010000 FRAC0_S 0 1 30562.3 -29780.5 7718.22 -67784.7 2.06502e+06 3.43958e+06 1953.48 -42.2682 -35.5728
1010000 FRAC0_S 0 1 30356.1 -29551.4 7695.32 88205.2 1.44664e+06 3.49938e+06 1815.85 -34.4502 -38.274
1010000 FRAC0_S 0 1 30115.1 -29366.3 7751.19 -62330 346569 4.03975e+06 2181.21 -10.4818 -43.6182
1010000 FRAC0_S 0 1 29862.8 -29243.2 7880.36 -213825 -2.89741e+06 3.82364e+06 2692.57 46.2733 -32.9743
1010000 FRAC0_S 0 1 29624 -29194.1 8070.18 -140087 -3.02376e+06 2.31933e+06 1530.19 55.9169 -27.0888
Step FractureNumber TipNr TipActive TipX TipY TipZ KI KII KIII G Phi Psi Extension
1010101 FRAC0_S 0 1 29448.6 -29138 8343.48 4.24169e+06 -1.18951e+06 848602 1825.12 24.007 -9.93769
1010101 FRAC0_S 0 1 29302.4 -29251 8608.31 3.57276e+06 -780527 -101998 1193.13 22.3783 1.76842
1010101 FRAC0_S 0 1 29222.6 -29429.2 8864.81 3.66194e+06 -1.06142e+06 -780931 1376.45 24.394 10.4021
1010101 FRAC0_S 0 1 29216.6 -29659.3 9092.35 1.88018e+06 -1.13199e+06 -963498 552.665 34.1871 16.965
1010101 FRAC0_S 0 1 29286.7 -29925.2 9269.88 1.17265e+06 -1.17596e+06 -1.40981e+06 510.11 36.9513 24.6151
1010101 FRAC0_S 0 1 29424.7 -30209.1 9374.8 533172 -842512 -1.85532e+06 546.398 31.7465 33.9083
1010101 FRAC0_S 0 1 29617.4 -30484.3 9383.59 371102 55113.8 -2.7365e+06 1008.5 -2.4184 42.7835
1010101 FRAC0_S 0 1 29855.3 -30708.6 9298.03 625070 951868 -2.08214e+06 692.153 -31.6823 33.6993
1010101 FRAC0_S 0 1 30112.2 -30848.1 9136.09 1.44477e+06 1.29704e+06 -1.61839e+06 684.266 -35.4519 24.4051
1010101 FRAC0_S 0 1 30349.9 -30896.7 8911.67 2.6444e+06 1.27196e+06 -1.11981e+06 934.081 -30.8939 15.712
1010101 FRAC0_S 0 1 30549.7 -30861.1 8655.12 3.31223e+06 774533 -572757 1074.7 -21.3374 9.08929
1010101 FRAC0_S 0 1 30696.5 -30748.7 8391.52 2.88496e+06 378482 -96966 755.679 -14.8802 2.22324
1010101 FRAC0_S 0 1 30773.7 -30570.4 8135.79 3.55726e+06 450992 326234 1159.89 -13.8088 -5.68371
1010101 FRAC0_S 0 1 30774.8 -30341.5 7909.55 2.89194e+06 537162 815308 859.377 -16.5969 -13.7653
1010101 FRAC0_S 0 1 30702.1 -30078.5 7732.56 3.60921e+06 1.15965e+06 1.77817e+06 1701.15 -22.6015 -18.7504
1010101 FRAC0_S 0 1 30559.7 -29803.4 7623.45 2.26995e+06 1.13602e+06 1.18927e+06 762.264 -30.3322 -17.9765
1010101 FRAC0_S 0 1 30355.8 -29541.5 7599.78 1.6872e+06 887921 3.09351e+06 1596.7 -20.2118 -32.7386
1010101 FRAC0_S 0 1 30122.9 -29315.1 7683.29 1.42206e+06 -343586 3.28573e+06 1626.59 9.1987 -36.7737
1010101 FRAC0_S 0 1 29885.7 -29159.3 7864.13 2.7239e+06 -1.33326e+06 3.03985e+06 2048.57 23.8302 -27.3553
1010101 FRAC0_S 0 1 29651.8 -29102.1 8092.28 3.08403e+06 -1.41419e+06 1.88812e+06 1499.9 27.5692 -20.1762