
Step FractureNumber TipNr TipActive TipX TipY TipZ KI KII KIII G Phi Psi Extension
1010000 FRAC0_S 0 1 44210.8 30250.9 9038.31 -1.38105e+06 4.26521e+06 1.21273e+06 1816.7 -59.9898 -12.7595
1010000 FRAC0_S 0 1 44300.8 30001.8 9197.53 -1.40539e+06 3.45258e+06 2.02846e+06 1609.47 -52.595 -20.1124
1010000 FRAC0_S 0 1 44459.1 29752.4 9288.46 -1.54111e+06 2.57625e+06 2.89884e+06 1709.06 -41.9683 -26.5935
1010000 FRAC0_S 0 1 44670.4 29527.4 9302.2 -1.46163e+06 994401 3.04182e+06 1318.72 -23.0319 -33.0537
1010000 FRAC0_S 0 1 44914 29348.6 9237.43 -1.44866e+06 -444710 3.08539e+06 1283.73 11.9465 -35.664
1010000 FRAC0_S 0 1 45166 29233.5 9100.47 -1.46215e+06 -1.90368e+06 2.83153e+06 1389.27 36.3996 -28.7489
1010000 FRAC0_S 0 1 45401.8 29193.6 8904.73 -1.55973e+06 -3.37775e+06 2.49042e+06 1841.56 49.1883 -22.4422
1010000 FRAC0_S 0 1 45598.2 29232.5 8669.38 -1.06594e+06 -4.41057e+06 1.70747e+06 2121.23 59.5674 -16.6746
1010000 FRAC0_S 0 1 45736 29346.5 8417.44 -8808.53 -4.06051e+06 195511 1474.31 69.8393 -3.50636
1010000 FRAC0_S 0 1 45801.8 29524.5 8173.59 -1.3063e+06 -4.5113e+06 -367466 1831.51 64.8738 4.51764
1010000 FRAC0_S 0 1 45789.2 29749.1 7961.69 -1.24489e+06 -4.03857e+06 -1.26219e+06 1665.27 59.7309 13.8137
1010000 FRAC0_S 0 1 45699.2 29998.2 7802.47 -1.21656e+06 -3.32335e+06 -2.07453e+06 1556.58 52.6703 21.2175
1010000 FRAC0_S 0 1 45540.9 30247.6 7711.54 -314218 -1.46029e+06 -2.77585e+06 1214.83 37.7193 35.3018
1010000 FRAC0_S 0 1 45329.6 30472.6 7697.8 -668234 -687092 -2.95241e+06 1201.39 20.5494 37.9578
1010000 FRAC0_S 0 1 45086 30651.4 7762.57 -1.21777e+06 448942 -3.04733e+06 1253.02 -12.698 36.632
1010000 FRAC0_S 0 1 44834 30766.5 7899.53 -870282 1.25118e+06 -1.97581e+06 658.704 -36.2242 29.9397
1010000 FRAC0_S 0 1 44598.2 30806.4 8095.27 -1.25542e+06 2.99651e+06 -2.32993e+06 1522.13 -49.2287 23.4762
1010000 FRAC0_S 0 1 44392.2 30763.1 8344.7 -1.5403e+06 3.34991e+06 -1.43378e+06 1273.4 -54.5182 15.9879
1010000 FRAC0_S 0 1 44264 30653.5 8582.56 -1.84082e+06 3.86974e+06 -820995 1424.06 -58.3743 9.28295
1010000 FRAC0_S 0 1 44198.2 30475.5 8826.41 -1.59265e+06 5.03212e+06 217578 2262.76 -65.1005 -2.44693
Step FractureNumber TipNr TipActive TipX TipY TipZ KI KII KIII G Phi Psi Extension
1010101 FRAC0_S 0 1 44122 30212.8 9016.6 2.74403e+06 2.19579e+06 987675 1230.36 -42.2559 -12.0806
1010101 FRAC0_S 0 1 44214 29955.3 9195.55 1.88243e+06 2.20043e+06 1.63365e+06 1102.18 -43.5178 -19.5956
1010101 FRAC0_S 0 1 44383.9 29695.8 9311.13 1.03807e+06 2.07995e+06 2.42123e+06 1261.22 -42.6994 -27.7891
1010101 FRAC0_S 0 1 44624.7 29466.7 9354.72 -818473 1.58902e+06 2.42935e+06 1009.93 -38.4383 -30.8515
1010101 FRAC0_S 0 1 44914.3 29298.6 9313.77 -309455 -539391 2.66048e+06 967.322 19.8646 -40.1667
1010101 FRAC0_S 0 1 45208.3 29203.9 9180.94 -519743 -1.88626e+06 2.57254e+06 1197.24 42.9945 -31.4934
1010101 FRAC0_S 0 1 45468.9 29184.3 8975.39 2.1324e+06 -2.79259e+06 2.24142e+06 1768.31 43.9255 -21.1677
1010101 FRAC0_S 0 1 45675.9 29243.2 8729.06 2.66579e+06 -2.19579e+06 949045 1182.69 42.9087 -11.8594
1010101 FRAC0_S 0 1 45817.8 29372.8 8467.27 3.47037e+06 -2.23949e+06 165244 1523.74 43.1946 -2.16773
1010101 FRAC0_S 0 1 45887.7 29557.6 8211.14 2.95218e+06 -1.83172e+06 -472226 1105.27 40.2877 6.74138
1010101 FRAC0_S 0 1 45878.1 29787.1 7983.21 2.32052e+06 -1.56436e+06 -1.01903e+06 836.024 37.5369 14.7834
1010101 FRAC0_S 0 1 45785.9 30044.3 7802.66 2.26655e+06 -1.80682e+06 -2.15668e+06 1367.31 34.7147 23.047
1010101 FRAC0_S 0 1 45615.4 30302.9 7684.46 731620 -1.61337e+06 -2.02277e+06 823.833 42.1625 29.0452
1010101 FRAC0_S 0 1 45374 30531.8 7641.56 -49027.1 -906141 -2.82699e+06 1136.09 29.5236 39.8647
1010101 FRAC0_S 0 1 45084.9 30700.7 7685.07 -148623 639591 -2.97453e+06 1213.21 -21.7747 41.0382
1010101 FRAC0_S 0 1 44791.6 30796 7818.94 967358 2.20905e+06 -2.81845e+06 1574.74 -42.0837 29.3771
1010101 FRAC0_S 0 1 44530.7 30817.9 8024.99 1.81627e+06 2.47574e+06 -1.96674e+06 1354.59 -44.4261 21.252
1010101 FRAC0_S 0 1 44321.2 30765.3 8273.32 2.85355e+06 2.78187e+06 -1.35712e+06 1660.16 -44.6177 13.8953
1010101 FRAC0_S 0 1 44177.7 30637.7 8536.32 3.48948e+06 2.93919e+06 -360511 1872.14 -47.4897 4.04881
1010101 FRAC0_S 0 1 44110.4 30446.5 8790.31 3.41006e+06 2.18061e+06 551400 1500.37 -40.8808 -6.73644