
Step FractureNumber TipNr TipActive TipX TipY TipZ KI KII KIII G Phi Psi Extension
1010000 FRAC0_S 0 1 -29040.2 22733.1 8500 43264.7 3415.66 -7096.67 0.174537 -8.60974 9.71856
1010000 FRAC0_S 0 1 -29159.2 23018.3 8500 35313.7 1531.7 -3245.06 0.112735 -5.24667 6.09737
1010000 FRAC0_S 0 1 -29360.5 23252.7 8500 53787.6 -72906.4 34291.1 0.887846 49.0459 -15.1173
1010000 FRAC0_S 0 1 -29624.4 23413.5 8500 48198.9 128884 -49844.8 2.01767 -56.9334 15.5406
1010000 FRAC0_S 0 1 -29925.1 23484.8 8500 40840.2 8017.72 -517.263 0.154392 -20.8879 0.813521
1010000 FRAC0_S 0 1 -30233.1 23459.8 8500 36662.1 -233376 -23607.8 5.04723 67.0512 6.05754
1010000 FRAC0_S 0 1 -30518.3 23340.8 8500 23766.1 8657.05 13453.8 0.0810836 -23.9256 -20.0361
1010000 FRAC0_S 0 1 -30752.7 23139.5 8500 22940.7 -217032 -135978 6.70342 57.4921 23.8948
1010000 FRAC0_S 0 1 -30913.5 22875.6 8500 42083.5 -501.954 3437.76 0.15941 1.51859 -5.64218
1010000 FRAC0_S 0 1 -30984.9 22574.9 8500 41748 1084.03 3944.41 0.157483 -3.20686 -6.34268
1010000 FRAC0_S 0 1 -30959.8 22266.9 8500 41722.6 -1452.39 4103.29 0.157548 4.23474 -6.52106
1010000 FRAC0_S 0 1 -30840.8 21981.7 8500 56998.7 -10061.1 9031.71 0.309374 17.2875 -8.79331
1010000 FRAC0_S 0 1 -30639.5 21747.3 8500 49028.5 56617 -27984.7 0.604001 -46.7502 14.8874
1010000 FRAC0_S 0 1 -30375.6 21586.5 8500 40958.4 -5920.94 1302.17 0.15284 16.1472 -2.08395
1010000 FRAC0_S 0 1 -30074.9 21515.2 8500 43059.7 -6937.19 2791.91 0.170548 17.1891 -4.03298
1010000 FRAC0_S 0 1 -29766.9 21540.2 8500 58567.6 -86652.8 6512 0.980403 57.1225 -3.28679
1010000 FRAC0_S 0 1 -29481.7 21659.2 8500 40742.6 -6530.88 -1721.04 0.152114 17.418 2.69921
1010000 FRAC0_S 0 1 -29247.3 21860.5 8500 46879.8 -134236 -81391 2.6826 53.2864 21.0117
1010000 FRAC0_S 0 1 -29086.5 22124.4 8500 34748.6 -34269.4 -54479.9 0.607 33.4585 27.987
1010000 FRAC0_S 0 1 -29015.1 22425.1 8500 42476.1 -1275.57 -3813.48 0.162853 3.70409 6.04144
Step FractureNumber TipNr TipActive TipX TipY TipZ KI KII KIII G Phi Psi Extension
1010101 FRAC0_S 0 1 -29040.2 22733.1 8500 41096.3 -100353 324716 15.0715 26.8942 -38.3205
1010101 FRAC0_S 0 1 -29148.6 23030.8 8518.88 26431.9 27047.2 -14253.8 0.154467 -44.743 14.953
1010101 FRAC0_S 0 1 -29348.3 23304.5 8514.21 66687.8 -47407.7 -35961.4 0.768568 37.2435 16.7976
1010101 FRAC0_S 0 1 -29603.5 23451.2 8476.98 -206919 -402102 154833 17.5963 54.3 -14.4547
1010101 FRAC0_S 0 1 -29922.2 23506.9 8502.07 71644.6 -45449.9 71219.1 1.31607 29.7117 -24.7791
1010101 FRAC0_S 0 1 -30237.7 23478.7 8546.04 -50902.8 56545.4 73468.6 1.0028 -36.9188 -26.233
1010101 FRAC0_S 0 1 -30530.8 23359 8544.11 31102.2 24879.7 73546 0.860758 -24.3086 -33.6493
1010101 FRAC0_S 0 1 -30773.2 23156.9 8542.17 51744.6 4416.45 66336.2 0.825596 -4.95649 -32.562
1010101 FRAC0_S 0 1 -30923.8 22884.3 8521.08 96441.2 -25531.4 -26322.7 0.979043 22.0283 12.8054
1010101 FRAC0_S 0 1 -30984.9 22574.9 8500 45154.7 7577.97 87384.9 1.20241 -7.36687 -35.8099
1010101 FRAC0_S 0 1 -30959.8 22266.9 8500 37598.6 762.794 7990.67 0.134515 -2.28496 -12.4658
1010101 FRAC0_S 0 1 -30840.8 21981.7 8500 34871.5 -516.434 5256.25 0.112058 1.76757 -9.53533
1010101 FRAC0_S 0 1 -30639.5 21747.3 8500 43722.3 -2489.91 6186.29 0.175988 6.49457 -8.74889
1010101 FRAC0_S 0 1 -30375.6 21586.5 8500 17305.5 223788 -67120.9 5.0886 -64.7477 15.4213
1010101 FRAC0_S 0 1 -30074.9 21515.2 8500 39510.5 -1263.31 12093.8 0.158703 3.30543 -16.1161
1010101 FRAC0_S 0 1 -29766.9 21540.2 8500 43993.1 -112448 22808.8 1.3684 60.2779 -9.39087
1010101 FRAC0_S 0 1 -29470.3 21649.5 8520.04 43007 -14690.7 65609.3 0.756558 15.6859 -32.1597
1010101 FRAC0_S 0 1 -29205.2 21833.3 8553.87 85005.9 -47009.4 100318 2.1793 25.4613 -27.5267
1010101 FRAC0_S 0 1 -29036.5 22098.9 8547.61 94003.8 -49235.7 71060.7 1.67505 28.4702 -22.2358
1010101 FRAC0_S 0 1 -28995.8 22417.2 8513.79 78506.6 -121702 -197621 7.06327 36.2773 30.6033