
Step FractureNumber TipNr TipActive TipX TipY TipZ KI KII KIII G Phi Psi Extension
1010000 FRAC0_S 0 1 -29354.2 -14252.7 8500 -708447 5.98325e+06 1.15314e+06 3366.93 -66.0582 -10.7524
1010000 FRAC0_S 0 1 -29616.7 -14089.7 8500 -330833 5.54013e+06 2.55772e+06 3605.14 -61.7787 -20.6306
1010000 FRAC0_S 0 1 -29916.8 -14015.8 8500 -479589 4.85061e+06 4.19931e+06 4441.96 -53.125 -27.9637
1010000 FRAC0_S 0 1 -30225 -14038.2 8500 -514837 2.04092e+06 3.82567e+06 2317.73 -37.6151 -34.9008
1010000 FRAC0_S 0 1 -30511.2 -14154.9 8500 -8.24389e+06 668688 4.84129e+06 3157.11 -6.64109 -23.3669
1010000 FRAC0_S 0 1 -30747.3 -14354.2 8500 -623431 -1.60001e+06 3.90952e+06 2260.95 31.7599 -36.3122
1010000 FRAC0_S 0 1 -30910.3 -14616.7 8500 -1.26546e+07 -3.38302e+06 4.23452e+06 3404.7 21.4138 -14.853
1010000 FRAC0_S 0 1 -30984.2 -14916.7 8500 -1.2693e+06 -6.48134e+06 3.52304e+06 5394.08 57.3508 -21.1524
1010000 FRAC0_S 0 1 -30961.7 -15224.9 8500 -707602 -7.13729e+06 1.78611e+06 4963.65 65.307 -13.3305
1010000 FRAC0_S 0 1 -30845.1 -15511.1 8500 -691748 -7.60081e+06 217593 5154.39 69.2008 -1.97278
1010000 FRAC0_S 0 1 -30661.5 -15733.8 8500 -9.50286e+06 -7.39601e+06 -1.06877e+06 5026.33 45.7674 4.5229
1010000 FRAC0_S 0 1 -30383.3 -15910.3 8500 -676812 -6.24115e+06 -2.85345e+06 4553.91 60.8631 19.9635
1010000 FRAC0_S 0 1 -30083.2 -15984.2 8500 -243822 -4.94317e+06 -4.11918e+06 4434.09 54.6139 28.0597
1010000 FRAC0_S 0 1 -29775 -15961.8 8500 -683235 -2.51822e+06 -4.72381e+06 3532.9 37.4171 34.7676
1010000 FRAC0_S 0 1 -29488.8 -15845.1 8500 -652085 -277241 -5.01061e+06 3345.98 6.38187 42.3148
1010000 FRAC0_S 0 1 -29273.8 -15670.3 8500 -435600 1.29382e+06 -3.09443e+06 1422.71 -32.5142 36.4562
1010000 FRAC0_S 0 1 -29089.7 -15383.3 8500 1.8351e+06 3.94045e+06 -3.87936e+06 3685.29 -45.4782 26.0129
1010000 FRAC0_S 0 1 -29015.8 -15083.3 8500 -4.23749e+06 4.82343e+06 -2.84918e+06 3152.86 -45.2171 16.7709
1010000 FRAC0_S 0 1 -29038.3 -14775.1 8500 -566129 5.34095e+06 -1.34343e+06 2781.97 -65.1446 13.3195
1010000 FRAC0_S 0 1 -29154.9 -14488.9 8500 -547196 6.73032e+06 -145665 4039.25 -69.3902 1.51788
Step FractureNumber TipNr TipActive TipX TipY TipZ KI KII KIII G Phi Psi Extension
1010101 FRAC0_S 0 1 -29328.8 -14221.9 8408.87 5.30868e+06 1.59679e+06 1.36076e+06 2984.79 -24.4318 -11.9458
1010101 FRAC0_S 0 1 -29599.7 -14045.3 8413.1 9.35583e+06 1.27175e+06 4.69052e+06 10870.2 -11.1407 -20.79
1010101 FRAC0_S 0 1 -29914.1 -13955.7 8422.72 3.10165e+06 2.41062e+06 3.85555e+06 3352.17 -31.3909 -26.5128
1010101 FRAC0_S 0 1 -30245.5 -13963.5 8446.6 1.71693e+06 1.27356e+06 4.05728e+06 2596.6 -23.0128 -33.9667
1010101 FRAC0_S 0 1 -30557.4 -14079.1 8492.12 1.15988e+06 -283794 4.77283e+06 3156.79 6.24534 -40.4334
1010101 FRAC0_S 0 1 -30813.7 -14296.1 8532.56 1.24018e+06 -2.31358e+06 4.50775e+06 3316.56 34.4132 -33.2971
1010101 FRAC0_S 0 1 -30982.7 -14583.6 8552.46 6.08619e+06 -8.12375e+06 7.57837e+06 16820 42.4677 -23.1376
1010101 FRAC0_S 0 1 -31042.7 -14907.8 8573.94 1.18545e+07 2.20584e+06 1.7263e+06 13352.5 -18.1952 -8.13485
1010101 FRAC0_S 0 1 -31003.1 -15233.2 8589.85 6.41383e+06 -1.88751e+06 686230 4045.84 26.3144 -5.76316
1010101 FRAC0_S 0 1 -30881.9 -15535.9 8587.37 5.65469e+06 -2.166e+06 -304142 3279.71 32.3477 2.87358
1010101 FRAC0_S 0 1 -30680.9 -15789.5 8581.03 5.85241e+06 -3.01237e+06 -1.60782e+06 4204.52 34.4783 11.1973
1010101 FRAC0_S 0 1 -30405.3 -15960.4 8581.97 520220 -9552.85 807148 110.772 0.996784 -35.063
1010101 FRAC0_S 0 1 -30085.9 -16043.6 8577.79 907644 -497883 -213049 101.536 36.4413 9.6952
1010101 FRAC0_S 0 1 -29754.4 -16036.1 8553.54 2.01023e+06 -1.4639e+06 -4.04425e+06 2726.4 24.6055 32.4087
1010101 FRAC0_S 0 1 -29442.7 -15920.8 8507.31 1.15404e+06 39633.2 -4.72616e+06 3089.59 -0.934161 41.2386
1010101 FRAC0_S 0 1 -29191.8 -15701.5 8458.08 1.9468e+06 1.90894e+06 -4.36908e+06 3201.27 -28.7225 32.1222
1010101 FRAC0_S 0 1 -29023.9 -15412.2 8433.17 3.38726e+06 2.77809e+06 -3.41598e+06 3262.1 -34.7079 23.6143
1010101 FRAC0_S 0 1 -28954.4 -15090.6 8424 4.90445e+06 3.1793e+06 -2.19037e+06 3682.24 -36.6196 15.1291
1010101 FRAC0_S 0 1 -28992.8 -14767.2 8413.48 7.65899e+06 33059 -610284 5276.83 -0.556355 5.55528
1010101 FRAC0_S 0 1 -29123 -14469.6 8407.66 1.37974e+07 2.57364e+06 1.05552e+06 17702.1 -19.1492 -4.60335