
Step FractureNumber TipNr TipActive TipX TipY TipZ KI KII KIII G Phi Psi Extension
1010000 FRAC0_S 0 1 -15000 -29019.2 8617.02 2.03333e+06 2.79525e+06 2.88443e+06 2171.22 -41.5433 -24.5545
1010000 FRAC0_S 0 1 -15000 -29103.5 8914.36 1.88209e+06 2.72526e+06 3.02115e+06 2191.42 -41.0808 -25.7149
1010000 FRAC0_S 0 1 -15000 -29275.4 9171.13 2.87093e+06 2.75341e+06 4.99512e+06 4728.54 -31.5934 -29.3879
1010000 FRAC0_S 0 1 -15000 -29518.2 9362.22 3.42148e+06 1.22751e+06 6.04554e+06 6038.4 -15.1469 -33.5475
1010000 FRAC0_S 0 1 -15000 -29808.3 9468.89 3.26314e+06 -770608 5.64413e+06 5238.64 10.7038 -34.2655
1010000 FRAC0_S 0 1 -15000 -30117.1 9480.74 3.6558e+06 -3.2959e+06 5.44719e+06 6105.3 32.2688 -27.8983
1010000 FRAC0_S 0 1 -15000 -30414.4 9396.57 4.25758e+06 -5.88784e+06 4.70855e+06 7653.1 44.4952 -21.4092
1010000 FRAC0_S 0 1 -15000 -30671.2 9224.65 3.44885e+06 -6.2787e+06 2.47141e+06 5385.17 53.5133 -14.4477
1010000 FRAC0_S 0 1 -15000 -30862.2 8981.79 3.42402e+06 -5.94573e+06 397414 4215.91 59.2845 -3.11909
1010000 FRAC0_S 0 1 -15000 -30968.9 8691.77 2.39798e+06 -4.25103e+06 -1.09772e+06 2283 55.7462 10.3901
1010000 FRAC0_S 0 1 -15000 -30980.8 8382.98 1.43408e+06 -1.44722e+06 -1.72236e+06 764.445 37.0932 24.5629
1010000 FRAC0_S 0 1 -15000 -30896.5 8085.64 590925 1.31501e+06 -1.31881e+06 416.532 -45.4499 26.38
1010000 FRAC0_S 0 1 -15000 -30724.6 7828.87 -1.08266e+07 1.86457e+07 1.05646e+07 45824.5 -50.0176 -18.2843
1010000 FRAC0_S 0 1 -15000 -30481.8 7637.78 -528945 3.96275e+06 1.23347e+06 1601.68 -63.3665 -15.2731
1010000 FRAC0_S 0 1 -15000 -30191.7 7531.11 -9.22637e+06 1.78217e+07 1.19648e+07 47342.3 -49.3466 -20.8178
1010000 FRAC0_S 0 1 -15000 -29882.9 7519.26 -398864 2.31545e+06 3.12527e+06 1776.8 -44.5059 -32.2926
1010000 FRAC0_S 0 1 -15000 -29585.6 7603.43 6.48303e+06 1.14381e+07 -3.75122e+06 17275 -54.3901 12.5122
1010000 FRAC0_S 0 1 -15000 -29328.8 7775.35 -189110 1.53086e+07 1.2269e+07 40903.4 -55.9086 -28.0222
1010000 FRAC0_S 0 1 -15000 -29137.8 8018.21 -6.78518e+06 -1.03431e+07 9.88536e+06 22529.8 43.3419 -24.1242
1010000 FRAC0_S 0 1 -15000 -29031.1 8308.23 4.78951e+06 1.08738e+07 8.61554e+06 22452.6 -48.6607 -23.5235
Step FractureNumber TipNr TipActive TipX TipY TipZ KI KII KIII G Phi Psi Extension
1010101 FRAC0_S 0 1 -15068.4 -28948.8 8626.16 4.01361e+06 1.01454e+06 3.43097e+06 3092.82 -15.784 -26.2076
1010101 FRAC0_S 0 1 -15062.6 -29035 8946.86 1.07193e+07 2.56824e+06 8.05316e+06 19452.2 -15.8345 -24.735
1010101 FRAC0_S 0 1 -15049.2 -29215.3 9229.05 1.06409e+07 1.01039e+07 -1.2142e+06 19383 -49.5977 4.21203
1010101 FRAC0_S 0 1 -15021.5 -29474.3 9442.91 5.96271e+06 92561.7 7.37878e+06 10410.3 -0.961288 -32.8866
1010101 FRAC0_S 0 1 -14983.9 -29789.5 9559.14 6.77748e+06 -606997 7.73651e+06 12086.6 5.50717 -31.2694
1010101 FRAC0_S 0 1 -14951.1 -30124.7 9563 7.96632e+06 -891371 7.51031e+06 13227.8 7.41654 -28.8419
1010101 FRAC0_S 0 1 -14931.5 -30441.9 9460.84 9.76575e+06 -1.33423e+06 5.73784e+06 13035.8 10.6541 -22.748
1010101 FRAC0_S 0 1 -14920.8 -30710 9268.88 1.06561e+07 -1.37279e+06 3.46204e+06 11880.7 11.8569 -15.7838
1010101 FRAC0_S 0 1 -14916.2 -30908.4 9007.88 1.20868e+07 -1.67366e+06 68179.3 13268.4 15.9186 -0.38376
1010101 FRAC0_S 0 1 -14922.1 -31027.5 8701.1 8.09426e+06 -2.00546e+06 -1.14643e+06 6371.42 22.7394 7.60835
1010101 FRAC0_S 0 1 -14967 -31050.1 8373.63 -1.11273e+07 8.34862e+06 3.26479e+06 7628.54 -41.9626 -10.518
1010101 FRAC0_S 0 1 -15039.7 -30960 8057.65 8.81903e+06 1.06557e+07 -1.28238e+07 38920.2 -38.5689 25.7669
1010101 FRAC0_S 0 1 -15078.5 -30769.7 7789.89 3.63951e+06 2.27441e+06 -1.74805e+06 2047.73 -35.39 16.0778
1010101 FRAC0_S 0 1 -15082.8 -30507.7 7591.33 2.23807e+06 1.92457e+06 602970 824.766 -45.122 -9.34068
1010101 FRAC0_S 0 1 -15077.8 -30201.4 7471.67 5.38313e+06 1.16361e+07 8.59897e+06 24481.9 -49.1481 -22.4634
1010101 FRAC0_S 0 1 -15074.3 -29875.8 7454.67 -566151 -530244 2.70924e+06 1001.27 18.1475 -38.8038
1010101 FRAC0_S 0 1 -15078.9 -29561.8 7549.02 -1.63717e+06 2.7634e+06 7.57731e+06 8316.75 -28.5733 -36.1371
1010101 FRAC0_S 0 1 -15044.6 -29287.8 7732.71 -5.44441e+06 -7.00682e+06 -1.83676e+06 4823.61 51.8215 9.48177
1010101 FRAC0_S 0 1 -15005.1 -29080.3 7986.99 1.05847e+06 1.25787e+06 3.26666e+06 1660.08 -27.9892 -34.3408
1010101 FRAC0_S 0 1 -15036.9 -28964.3 8295.17 1.29683e+07 6.53427e+06 -2.94954e+06 19948 -34.8155 9.67737