
Step FractureNumber TipNr TipActive TipX TipY TipZ KI KII KIII G Phi Psi Extension
1010000 FRAC0_S 0 1 -37500 8486.75 8543.02 -3.17023e+06 -9.34492e+06 1.42048e+06 8050.11 62.4037 -7.60777
1010000 FRAC0_S 0 1 -37500 8425.17 8845.84 -5.95544e+06 -7.40072e+06 -146834 4883.49 55.7038 0.844286
1010000 FRAC0_S 0 1 -37500 8273.02 9114.8 -9.34264e+06 -5.70466e+06 -1.21028e+06 3094.73 40.5062 5.62373
1010000 FRAC0_S 0 1 -37500 8045.2 9323.58 -1.35574e+07 -5.5349e+06 -2.76446e+06 3746.31 30.964 9.3376
1010000 FRAC0_S 0 1 -37500 7764.01 9451.74 -1.74806e+07 -3.26207e+06 -4.00269e+06 3079.1 17.2391 11.7535
1010000 FRAC0_S 0 1 -37500 7456.98 9486.75 -1.64174e+07 -763048 -4.24924e+06 2453.34 4.89625 14.169
1010000 FRAC0_S 0 1 -37500 7154.16 9425.17 -1.61475e+07 1.62727e+06 -4.66565e+06 3131.15 -9.78402 14.7907
1010000 FRAC0_S 0 1 -37500 6885.2 9273.02 -1.07408e+07 3.57757e+06 -3.1368e+06 2449.17 -25.7535 12.9513
1010000 FRAC0_S 0 1 -37500 6684.14 9056.86 -9.34343e+06 5.81822e+06 -2.44695e+06 3812.87 -38.6163 10.2019
1010000 FRAC0_S 0 1 -37500 6548.26 8764.01 -6.31844e+06 9.76868e+06 -1.46064e+06 8787.26 -56.2434 6.2639
1010000 FRAC0_S 0 1 -37500 6513.25 8456.98 -1.81833e+06 1.08284e+07 1.02813e+06 10589.2 -66.9671 -5.67781
1010000 FRAC0_S 0 1 -37500 6574.83 8154.16 3.06332e+06 9.92456e+06 3.45618e+06 11202 -58.9971 -14.9361
1010000 FRAC0_S 0 1 -37500 6726.98 7885.2 6.16683e+06 9.81271e+06 7.66441e+06 19782 -46.0459 -21.8168
1010000 FRAC0_S 0 1 -37500 6954.8 7676.42 9.57568e+06 5.87684e+06 9.34407e+06 22860.9 -29.2484 -24.7066
1010000 FRAC0_S 0 1 -37500 7235.99 7548.26 1.43306e+07 1.32791e+06 9.06617e+06 29389.4 -7.31718 -24.1643
1010000 FRAC0_S 0 1 -37500 7543.02 7513.25 1.15454e+07 -2.99309e+06 1.00755e+07 26177.9 15.9891 -26.399
1010000 FRAC0_S 0 1 -37500 7845.84 7574.83 1.02887e+07 -6.2365e+06 8.82108e+06 23247.7 30.2094 -23.1488
1010000 FRAC0_S 0 1 -37500 8114.8 7726.98 8.54008e+06 -8.95392e+06 8.07589e+06 22317.5 40.4409 -21.3434
1010000 FRAC0_S 0 1 -37500 8323.58 7954.8 2.22374e+06 -8.93032e+06 4.90261e+06 10744 56.2114 -20.7394
1010000 FRAC0_S 0 1 -37500 8451.74 8235.99 2.49796e+06 -1.05914e+07 2.82849e+06 11616.3 62.162 -12.8181
Step FractureNumber TipNr TipActive TipX TipY TipZ KI KII KIII G Phi Psi Extension
1010101 FRAC0_S 0 1 -37413 8534.33 8545.84 8.13138e+06 -6.59315e+06 787186 9847.9 46.8597 -3.87334
1010101 FRAC0_S 0 1 -37420.3 8478 8868.04 3.63351e+06 -1.02094e+07 -973327 10590.5 63.2325 4.98167
1010101 FRAC0_S 0 1 -37434 8327.8 9161.28 -3.20794e+06 -1.32667e+07 -2.8602e+06 16771.9 63.1051 10.8164
1010101 FRAC0_S 0 1 -37450.7 8090.12 9394.17 -9.19511e+06 -1.16883e+07 -3.83335e+06 14128.2 50.5508 11.3034
1010101 FRAC0_S 0 1 -37470.2 7787.52 9540.53 -1.6169e+07 -8.75683e+06 -5.21032e+06 10443.7 34.7702 12.4992
1010101 FRAC0_S 0 1 -37492.5 7452.57 9582.6 -1.39822e+07 -1.02482e+06 -3.78387e+06 1997.84 7.42715 14.3685
1010101 FRAC0_S 0 1 -37517.2 7121.81 9513.82 -1.54726e+07 5.29204e+06 -5.37845e+06 6342.97 -25.4712 14.6503
1010101 FRAC0_S 0 1 -37541.5 6832.25 9342.12 -1.00598e+07 1.02714e+07 -4.65813e+06 12287 -45.718 13.3929
1010101 FRAC0_S 0 1 -37562.8 6616.44 9088.1 -2.00936e+06 1.34233e+07 -2.64598e+06 16987.4 -65.3584 10.7092
1010101 FRAC0_S 0 1 -37580.2 6495.42 8781.79 7.13974e+06 9.66852e+06 -876676 12974.7 -55.6169 3.78551
1010101 FRAC0_S 0 1 -37588.3 6468.25 8455.33 8.90811e+06 3.46907e+06 1.22338e+06 8342.72 -31.1554 -6.74917
1010101 FRAC0_S 0 1 -37583.9 6527.36 8133.92 1.47793e+07 2.3251e+06 3.51386e+06 21588.1 -14.8975 -12.3347
1010101 FRAC0_S 0 1 -37569.7 6675.73 7840.9 1.4988e+07 943899 7.37794e+06 27336.9 -5.55431 -21.3822
1010101 FRAC0_S 0 1 -37545.6 6910.52 7605.34 1.37612e+07 1.5081e+06 9.32529e+06 28643.4 -8.32135 -24.8303
1010101 FRAC0_S 0 1 -37511.7 7211.74 7458.26 1.51032e+07 -1.04965e+06 9.22775e+06 31749.9 5.67019 -23.9967
1010101 FRAC0_S 0 1 -37476.8 7546.05 7421.1 1.47887e+07 295700 1.04138e+07 33920.1 -1.61415 -26.3518
1010101 FRAC0_S 0 1 -37451.8 7873.86 7495.46 1.71004e+07 179987 8.4894e+06 35646.1 -0.974406 -22.1144
1010101 FRAC0_S 0 1 -37434.2 8157.65 7669.29 1.64878e+07 -51935.5 7.44837e+06 31603.1 0.30278 -21.0376
1010101 FRAC0_S 0 1 -37420.1 8369.87 7921.44 1.33912e+07 -1.09895e+06 4.43806e+06 18706.9 7.89227 -16.4743
1010101 FRAC0_S 0 1 -37412.8 8497.41 8222.58 1.10955e+07 -2.98142e+06 2.91788e+06 12894.8 22.406 -12.4192