
Step FractureNumber TipNr TipActive TipX TipY TipZ KI KII KIII G Phi Psi Extension
1010000 FRAC0_S 0 1 -14718.8 -44053.2 8500 145800 1.75113e+06 15986.8 275.182 -69.4993 -0.649564
1010000 FRAC0_S 0 1 -15025.1 -44012.6 8500 134746 1.78192e+06 428481 308.981 -65.9624 -13.1497
1010000 FRAC0_S 0 1 -15329 -44068.7 8500 100464 1.72791e+06 832137 359.048 -61.3988 -21.168
1010000 FRAC0_S 0 1 -15600.7 -44216 8500 131077 956252 952803 203.757 -50.242 -29.2305
1010000 FRAC0_S 0 1 -15813.6 -44439.9 8500 150815 526779 1.24097e+06 231.577 -33.1624 -36.6457
1010000 FRAC0_S 0 1 -15946.8 -44718.8 8500 159388 -50339.9 1.30201e+06 227.956 4.58429 -42.7001
1010000 FRAC0_S 0 1 -15987.3 -45025.1 8500 133309 -631754 1.16049e+06 216.265 38.3975 -35.0227
1010000 FRAC0_S 0 1 -15931.3 -45329 8500 122976 -1.12627e+06 982624 242.8 52.8226 -27.9444
1010000 FRAC0_S 0 1 -15784.1 -45600.7 8500 69267.7 -648258 201214 43.2598 63.9328 -15.5
1010000 FRAC0_S 0 1 -15560.1 -45813.6 8500 2810.65 -1.84212e+06 42727.5 302.63 69.9593 -1.74864
1010000 FRAC0_S 0 1 -15281.2 -45946.8 8500 117865 -1.86174e+06 -40320.7 310.318 69.5707 1.54384
1010000 FRAC0_S 0 1 -14974.9 -45987.4 8500 99876.4 -1.65465e+06 -394511 265.559 66.2954 13.2068
1010000 FRAC0_S 0 1 -14671 -45931.3 8500 155967 -2.1306e+06 -867510 506.772 62.6293 18.957
1010000 FRAC0_S 0 1 -14399.3 -45784 8500 152248 -1.20953e+06 -663655 191.008 58.641 22.0146
1010000 FRAC0_S 0 1 -14186.4 -45560.1 8500 118137 -459323 -1.00338e+06 153.943 34.7683 36.2132
1010000 FRAC0_S 0 1 -14053.2 -45281.2 8500 151655 -257316 -1.36154e+06 254.503 18.8683 40.4674
1010000 FRAC0_S 0 1 -14012.7 -44974.9 8500 134279 578667 -1.22722e+06 231.754 -35.5289 36.1344
1010000 FRAC0_S 0 1 -14068.7 -44671 8500 182463 1.16598e+06 -1.07182e+06 276.902 -51.1998 28.0705
1010000 FRAC0_S 0 1 -14215.9 -44399.3 8500 144333 1.33459e+06 -665006 219.391 -60.0244 21.0191
1010000 FRAC0_S 0 1 -14439.9 -44186.4 8500 150859 1.51231e+06 -316242 219.13 -66.1019 11.6194
Step FractureNumber TipNr TipActive TipX TipY TipZ KI KII KIII G Phi Psi Extension
1010101 FRAC0_S 0 1 -14708.3 -44017.9 8407.47 3.08058e+06 504848 -239654 876.003 -17.2583 4.75742
1010101 FRAC0_S 0 1 -15027.1 -43972.6 8408.97 2.91255e+06 599319 480074 818.574 -19.4407 -8.90307
1010101 FRAC0_S 0 1 -15346.9 -44023.3 8414.05 2.65089e+06 744485 1.21626e+06 872.332 -20.7767 -18.2761
1010101 FRAC0_S 0 1 -15616.5 -44150.3 8424.44 1.59893e+06 528050 1.53875e+06 567.572 -18.7146 -26.9271
1010101 FRAC0_S 0 1 -15881.6 -44396.4 8455.43 1.08354e+06 23915.8 1.52112e+06 412.407 -1.26798 -34.0865
1010101 FRAC0_S 0 1 -16031.4 -44693.2 8505.85 840312 45561.6 1.79591e+06 492.073 -2.35829 -37.4352
1010101 FRAC0_S 0 1 -16064.7 -45024 8552.97 869179 -224600 1.53211e+06 384.015 11.4625 -34.276
1010101 FRAC0_S 0 1 -15988.1 -45346.2 8577.82 1.47626e+06 -517477 1.47312e+06 506.684 19.3374 -27.1851
1010101 FRAC0_S 0 1 -15820.6 -45626.1 8588.32 1.68664e+06 -399454 1.08235e+06 423.521 16.5376 -22.7942
1010101 FRAC0_S 0 1 -15569.2 -45850.6 8592.94 2.65773e+06 -644467 754146 742.082 20.4761 -13.3609
1010101 FRAC0_S 0 1 -15290.8 -45980.7 8593.24 3.36966e+06 -749522 261598 1070.97 21.9039 -4.54008
1010101 FRAC0_S 0 1 -14973 -46026.7 8591.41 2.6657e+06 -597671 -366974 682.956 21.1512 7.54744
1010101 FRAC0_S 0 1 -14655.1 -45973.4 8588.64 2.25598e+06 -601249 -1.17564e+06 669.557 19.3163 19.9338
1010101 FRAC0_S 0 1 -14362.8 -45827.1 8579.15 1.96023e+06 -778621 -1.74549e+06 801.642 22.198 25.361
1010101 FRAC0_S 0 1 -14122 -45600.3 8557.94 956827 -265686 -1.72052e+06 481.575 12.0682 34.3211
1010101 FRAC0_S 0 1 -13970.5 -45305.8 8515.9 916410 -141577 -2.08412e+06 654.312 6.16599 37.218
1010101 FRAC0_S 0 1 -13934.5 -44975.4 8459.55 1.04343e+06 295415 -1.72392e+06 500.056 -12.8523 33.4484
1010101 FRAC0_S 0 1 -14009 -44652.5 8424.85 1.69903e+06 618373 -1.99601e+06 821.19 -18.6318 29.0277
1010101 FRAC0_S 0 1 -14175.7 -44370.6 8414.35 1.9608e+06 603321 -1.27722e+06 592 -20.2617 22.2862
1010101 FRAC0_S 0 1 -14416 -44153.8 8409.21 2.38584e+06 578333 -757353 613.325 -20.0658 14.5068