
Step FractureNumber TipNr TipActive TipX TipY TipZ KI KII KIII G Phi Psi Extension
1010000 FRAC0_S 0 1 757.049 15634.3 8500 -2.91382e+07 -1.53126e+06 1.4378e+06 483.885 6.51764 -3.42674
1010000 FRAC0_S 0 1 523.97 15837.2 8500 270131 -2.72342e+06 1.26389e+06 879.889 60.9121 -20.2473
1010000 FRAC0_S 0 1 239.601 15958.1 8500 -3.35015e+07 -2.56899e+06 247874 596.272 9.55269 -0.530814
1010000 FRAC0_S 0 1 -68.2213 15985.3 8500 -464585 -3.34743e+06 -253558 1007.05 67.8159 4.73628
1010000 FRAC0_S 0 1 -369.366 15916 8500 2.20006e+07 -2.56634e+06 -619224 43769.3 13.5385 1.89776
1010000 FRAC0_S 0 1 -634.354 15757 8500 -3.72783e+06 -1.98801e+06 -1.48381e+06 645.004 33.3205 14.6737
1010000 FRAC0_S 0 1 -837.248 15524 8500 -2.25912e+07 -1.39418e+06 -2.02522e+06 718.708 7.30296 5.87313
1010000 FRAC0_S 0 1 -958.186 15239.6 8500 1.30551e+07 -285232 -2.01178e+06 15733 2.57695 9.65467
1010000 FRAC0_S 0 1 -985.33 14931.8 8500 -306061 270134 -2.3911e+06 766.912 -12.1651 41.4255
1010000 FRAC0_S 0 1 -916.022 14630.7 8500 7.56924e+06 858761 -1.66094e+06 5538.05 -11.4095 11.9467
1010000 FRAC0_S 0 1 -757.049 14365.7 8500 3.39197e+07 1.73297e+06 -1.44979e+06 103072 -6.38635 2.99749
1010000 FRAC0_S 0 1 -523.97 14162.8 8500 -298329 1.85625e+06 -761010 384.069 -60.7591 18.1108
1010000 FRAC0_S 0 1 -239.601 14041.9 8500 -241996 2.2968e+06 -439497 495.771 -66.3349 10.7916
1010000 FRAC0_S 0 1 68.2213 14014.7 8500 -299438 2.74712e+06 147893 675.393 -68.6273 -3.54042
1010000 FRAC0_S 0 1 369.366 14084 8500 -1.21047e+07 2.48509e+06 715045 618.317 -20.8867 -3.57214
1010000 FRAC0_S 0 1 634.354 14243 8500 -1.53258e+06 2.24446e+06 1.55232e+06 769.387 -46.5453 -19.9198
1010000 FRAC0_S 0 1 837.248 14476 8500 -1.63752e+07 1.47175e+06 1.57823e+06 524.293 -10.2053 -6.1194
1010000 FRAC0_S 0 1 958.186 14760.4 8500 -229212 456228 1.47824e+06 309.179 -26.4077 -37.8867
1010000 FRAC0_S 0 1 985.33 15068.2 8500 -425987 -214188 2.01467e+06 543.92 10.8393 -40.1876
1010000 FRAC0_S 0 1 916.022 15369.3 8500 -412932 -1.11196e+06 1.91712e+06 599.004 37.9223 -33.2068
Step FractureNumber TipNr TipActive TipX TipY TipZ KI KII KIII G Phi Psi Extension
1010101 FRAC0_S 0 1 819.863 15683.9 8542.89 1.05735e+06 -2.06067e+06 1.51658e+06 783.915 48.4093 -21.9903
1010101 FRAC0_S 0 1 561.884 15897.7 8550.68 1.5847e+06 -2.33214e+06 1.09202e+06 867.039 50.0094 -15.4369
1010101 FRAC0_S 0 1 257.358 16025.7 8553.29 2.04901e+06 -2.33837e+06 331925 876.027 52.1829 -5.32277
1010101 FRAC0_S 0 1 -72.6342 16050.6 8556.3 -1.00272e+07 -5.6458e+06 35576.7 2840.56 41.275 -0.176485
1010101 FRAC0_S 0 1 -401.614 15986.5 8548.59 1.41722e+06 -2.12016e+06 -623855 631.295 53.1589 10.9521
1010101 FRAC0_S 0 1 -691.299 15824.7 8536.5 -3.23626e+06 1.11956e+07 6.28819e+06 16428.2 -55.2091 -20.6323
1010101 FRAC0_S 0 1 -916.932 15572.4 8521.21 -391982 -948479 -887052 184.817 46.9207 25.8283
1010101 FRAC0_S 0 1 -1052.04 15263.2 8500.15 -94506.2 -765312 -2.15968e+06 672.534 30.9871 38.9071
1010101 FRAC0_S 0 1 -1081.05 14925.3 8485.64 -67759.8 323513 -2.15468e+06 626.801 -16.6594 42.3764
1010101 FRAC0_S 0 1 -1004.9 14594.6 8482.06 -339318 -288903 1.75947e+06 419.171 15.9147 -39.5583
1010101 FRAC0_S 0 1 -824.342 14314.2 8467.68 980637 1.99991e+06 -1.63901e+06 799.386 -47.4896 23.5202
1010101 FRAC0_S 0 1 -558.404 14116.3 8430.69 -7.80282e+06 2.43473e+06 1.41081e+06 792.955 -26.2044 -8.96302
1010101 FRAC0_S 0 1 -250.319 14002.9 8409.11 2.65871e+06 1.2804e+06 -195904 781.09 -36.639 3.62133
1010101 FRAC0_S 0 1 75.7808 13965.1 8421.63 2.70226e+06 1.39052e+06 2026.86 823.001 -39.4693 -0.0386005
1010101 FRAC0_S 0 1 398.509 14018.4 8440.75 1.73218e+06 2.38394e+06 672133 833.882 -52.3508 -10.2987
1010101 FRAC0_S 0 1 686.033 14181.9 8450.37 1.28683e+06 2.43174e+06 1.1153e+06 839.937 -52.7138 -16.2398
1010101 FRAC0_S 0 1 911.73 14431.3 8461.88 605975 1.41955e+06 1.37576e+06 464.021 -46.2369 -26.1506
1010101 FRAC0_S 0 1 1046.99 14738.2 8478.03 -556565 1.75299e+06 3.65157e+06 2047.25 -35.1165 -35.3972
1010101 FRAC0_S 0 1 1074.34 15073.5 8513.64 -3.03761e+07 -3.83582e+06 689960 1374.43 14.5409 -1.52905
1010101 FRAC0_S 0 1 996.138 15401.7 8538.27 323660 -1.46555e+06 1.93061e+06 696.452 44.2921 -31.5934