
Step FractureNumber TipNr TipActive TipX TipY TipZ KI KII KIII G Phi Psi Extension
1010000 FRAC0_S 0 1 -44193.9 44575.6 8118.3 1.95429e+06 -1.01155e+06 -1.57016e+06 759.412 27.7395 23.046
1010000 FRAC0_S 0 1 -44225.7 44808.3 7917.46 2.66847e+06 -510095 -2.10403e+06 1246.5 12.8659 25.8319
1010000 FRAC0_S 0 1 -44333.4 45059.8 7773.64 2.23742e+06 802284 -2.04891e+06 1061.78 -20.3327 26.0563
1010000 FRAC0_S 0 1 -44506.3 45305.3 7700.93 2.51022e+06 1.60209e+06 -1.87454e+06 1257.57 -32.4514 21.1873
1010000 FRAC0_S 0 1 -44727.5 45521 7706.42 2.46081e+06 2.34166e+06 -1.45813e+06 1311.02 -42.5714 16.3766
1010000 FRAC0_S 0 1 -44975.3 45685.7 7789.6 2.45103e+06 2.83666e+06 -882482 1355.94 -49.5682 10.4808
1010000 FRAC0_S 0 1 -45225.7 45783.3 7942.33 1.71053e+06 2.74411e+06 20818.6 931.794 -59.5241 -0.362121
1010000 FRAC0_S 0 1 -45453.8 45804.2 8149.63 2.51359e+06 3.2075e+06 440581 1505.6 -53.9094 -5.40855
1010000 FRAC0_S 0 1 -45637.6 45746.4 8391.24 2.41941e+06 2.73642e+06 1.05788e+06 1337.7 -48.0781 -12.3229
1010000 FRAC0_S 0 1 -45759 45615.5 8643.49 2.58455e+06 2.13039e+06 1.2522e+06 1208.22 -41.0604 -14.915
1010000 FRAC0_S 0 1 -45806.1 45424.4 8881.7 2.93024e+06 1.43342e+06 2.34242e+06 1677.98 -26.7267 -23.2189
1010000 FRAC0_S 0 1 -45774.3 45191.7 9082.54 2.48437e+06 356319 2.19758e+06 1203.61 -9.55104 -27.7435
1010000 FRAC0_S 0 1 -45666.6 44940.2 9226.36 2.58626e+06 -868598 2.28485e+06 1357.6 19.5833 -25.8207
1010000 FRAC0_S 0 1 -45493.7 44694.7 9299.07 1.88827e+06 -1.58597e+06 1.68236e+06 918.301 36.437 -21.9352
1010000 FRAC0_S 0 1 -45272.5 44479 9293.58 2.57505e+06 -2.60762e+06 1.56972e+06 1524.52 43.6255 -16.3492
1010000 FRAC0_S 0 1 -45024.7 44314.3 9210.4 2.4218e+06 -3.02329e+06 895549 1443.8 50.8391 -10.3584
1010000 FRAC0_S 0 1 -44774.3 44216.7 9057.67 2.45331e+06 -3.25888e+06 204482 1488.26 55.8751 -2.65629
1010000 FRAC0_S 0 1 -44546.2 44195.8 8850.37 2.42733e+06 -3.25747e+06 -473448 1500.4 54.4686 5.80161
1010000 FRAC0_S 0 1 -44362.4 44253.6 8608.76 2.44069e+06 -2.77257e+06 -1.09931e+06 1376.56 47.9863 12.5827
1010000 FRAC0_S 0 1 -44241 44384.5 8356.51 2.56386e+06 -2.27105e+06 -1.70637e+06 1432.61 40.1685 18.1016
Step FractureNumber TipNr TipActive TipX TipY TipZ KI KII KIII G Phi Psi Extension
1010101 FRAC0_S 0 1 -44098 44565.9 8110.01 3.55035e+06 -70824.2 -2.25425e+06 1799.54 1.67743 25.0688
1010101 FRAC0_S 0 1 -44145.6 44798.9 7871.05 3.27737e+06 -76025.4 -2.34467e+06 1688.83 1.85546 26.5083
1010101 FRAC0_S 0 1 -44286.7 45049.8 7693.15 3.32191e+06 -50337.9 -2.31715e+06 1697.66 1.2332 26.2937
1010101 FRAC0_S 0 1 -44494.5 45299.2 7604.48 3.66584e+06 24071.5 -2.20856e+06 1846.29 -0.570171 24.579
1010101 FRAC0_S 0 1 -44744.6 45520 7609.85 3.94741e+06 99290.3 -1.62456e+06 1740.4 -2.42961 19.6356
1010101 FRAC0_S 0 1 -45016.6 45683.9 7700.15 4.27557e+06 -45771.6 -977537 1756.26 1.20409 13.2663
1010101 FRAC0_S 0 1 -45285.4 45779.2 7863.6 5.22859e+06 -135048 -389998 2457.96 3.24748 5.13544
1010101 FRAC0_S 0 1 -45527.5 45804.4 8083.69 4.71064e+06 -206609 290665 1992.4 5.44393 -4.25056
1010101 FRAC0_S 0 1 -45723 45752.7 8342.46 4.42144e+06 177353 1.07651e+06 1898.96 -4.30663 -13.608
1010101 FRAC0_S 0 1 -45853.1 45625 8619.57 4.60458e+06 145804 1.85061e+06 2346.71 -3.0582 -19.2738
1010101 FRAC0_S 0 1 -45901.2 45435.2 8891.37 3.57828e+06 220546 2.17827e+06 1776.37 -5.07049 -24.0432
1010101 FRAC0_S 0 1 -45853.4 45202.9 9131.13 3.489e+06 124780 2.49781e+06 1915.93 -2.82919 -26.3664
1010101 FRAC0_S 0 1 -45711.9 44951.8 9307.67 3.53748e+06 267100 2.4835e+06 1941.77 -5.8205 -25.6588
1010101 FRAC0_S 0 1 -45502.8 44703.2 9395.43 3.89022e+06 -10493.6 2.32755e+06 2069.11 0.235677 -24.5405
1010101 FRAC0_S 0 1 -45253.3 44482.4 9389.97 3.965e+06 -244073 1.64693e+06 1766.97 5.71348 -19.3265
1010101 FRAC0_S 0 1 -44982.9 44315.9 9299.86 4.69786e+06 -129065 1.08181e+06 2123.78 3.02464 -13.1746
1010101 FRAC0_S 0 1 -44714.8 44218.4 9136.85 5.14804e+06 -113850 314710 2375.95 2.82901 -4.29676
1010101 FRAC0_S 0 1 -44472.7 44194.5 8916.59 5.13192e+06 -386391 -488240 2391.86 8.7163 6.12217
1010101 FRAC0_S 0 1 -44276.9 44247 8657.32 4.94747e+06 -369535 -1.14271e+06 2367.03 7.77976 12.7654
1010101 FRAC0_S 0 1 -44146.7 44374.5 8380.31 4.20737e+06 -99189 -1.86136e+06 2039.1 2.2333 20.5335