
Step FractureNumber TipNr TipActive TipX TipY TipZ KI KII KIII G Phi Psi Extension
1010000 FRAC0_S 0 1 -36969 -36667.2 8500 92101.9 702570 127832 46.9144 -66.0213 -10.1749
1010000 FRAC0_S 0 1 -37252.3 -36543.8 8500 26169.7 137295 263447 10.9715 -37.7842 -35.567
1010000 FRAC0_S 0 1 -37559.8 -36514.1 8500 73693.5 322309 265960 19.1487 -51.5709 -26.0115
1010000 FRAC0_S 0 1 -37861.6 -36580.9 8500 95877.8 225987 389873 25.5861 -37.395 -32.8246
1010000 FRAC0_S 0 1 -38127.9 -36737.6 8500 88957.5 36938.5 409034 23.0788 -9.33363 -40.3479
1010000 FRAC0_S 0 1 -38332.8 -36969 8500 87530.5 -145215 400009 23.8428 28.4427 -36.1212
1010000 FRAC0_S 0 1 -38456.2 -37252.3 8500 98882.7 -342611 365766 29.1246 46.8089 -28.5667
1010000 FRAC0_S 0 1 -38485.9 -37559.8 8500 87526.6 -440057 252356 26.4087 56.7067 -21.7828
1010000 FRAC0_S 0 1 -38419.1 -37861.6 8500 77114.3 -525999 146957 28.0567 63.7531 -14.0153
1010000 FRAC0_S 0 1 -38262.4 -38127.9 8500 25461.2 -286563 -215420 13.5473 55.4001 26.3523
1010000 FRAC0_S 0 1 -38031 -38332.8 8500 47924.9 -646075 -109220 38.9869 67.3206 9.99613
1010000 FRAC0_S 0 1 -37747.7 -38456.2 8500 84659.6 -566420 -219537 35.6381 61.4542 17.5703
1010000 FRAC0_S 0 1 -37440.2 -38485.9 8500 74967.7 -393332 -304832 26.6457 53.1073 25.6239
1010000 FRAC0_S 0 1 -37138.4 -38419.1 8500 124011 -557444 -421887 52.7333 52.8643 25.0001
1010000 FRAC0_S 0 1 -36872.1 -38262.4 8500 124301 -138521 -465238 31.874 24.1026 36.3678
1010000 FRAC0_S 0 1 -36667.2 -38031 8500 112177 -93028.1 -557544 43.2363 16.0337 39.3831
1010000 FRAC0_S 0 1 -36543.8 -37747.7 8500 73931.5 353208 -274449 21.622 -52.74 25.4624
1010000 FRAC0_S 0 1 -36514.1 -37440.2 8500 102774 481241 -291994 32.9181 -55.7844 22.3327
1010000 FRAC0_S 0 1 -36580.9 -37138.4 8500 153608 715735 -489567 79.6284 -54.319 23.8175
1010000 FRAC0_S 0 1 -36737.6 -36872.1 8500 146150 764610 -54549.1 54.3954 -66.9741 4.30236
Step FractureNumber TipNr TipActive TipX TipY TipZ KI KII KIII G Phi Psi Extension
1010101 FRAC0_S 0 1 -36945.5 -36624.7 8415.99 1.12193e+06 493010 107960 135.374 -34.3294 -4.75804
1010101 FRAC0_S 0 1 -37237.8 -36481.6 8426.94 587765 295954 280643 49.0647 -31.0623 -16.883
1010101 FRAC0_S 0 1 -37564.1 -36445.5 8430.34 501966 253444 445564 54.5811 -26.4271 -24.396
1010101 FRAC0_S 0 1 -37892.8 -36509.4 8446 387393 145270 521168 51.3785 -17.9688 -30.5036
1010101 FRAC0_S 0 1 -38185.1 -36669.3 8488.62 225127 -4692.57 437621 29.9894 0.980837 -36.9554
1010101 FRAC0_S 0 1 -38402.1 -36922.1 8537.98 510592 -540435 162489 52.7693 48.4651 -9.85252
1010101 FRAC0_S 0 1 -38521.5 -37232.7 8569.26 571176 -289267 445708 62.9489 27.5719 -22.7739
1010101 FRAC0_S 0 1 -38540.1 -37561.3 8582.45 712700 -282517 217151 58.6466 28.8229 -12.9121
1010101 FRAC0_S 0 1 -38464.3 -37879.6 8586.32 770219 -280493 98655.7 61.1686 29.9968 -6.45198
1010101 FRAC0_S 0 1 -38299.7 -38158.1 8586.65 884670 -325794 -74798.6 79.9435 30.99 4.42761
1010101 FRAC0_S 0 1 -38055.3 -38369.6 8588.67 832272 -331040 -200534 76.8382 29.8574 10.7553
1010101 FRAC0_S 0 1 -37757.9 -38502.3 8586.99 683898 -187684 -323338 58.7219 20.2626 18.69
1010101 FRAC0_S 0 1 -37435.7 -38541.4 8581.88 617138 -159479 -347012 52.2203 18.4603 20.9414
1010101 FRAC0_S 0 1 -37111.9 -38479.8 8570.06 378590 -100446 -410962 36.1336 14.9089 28.9808
1010101 FRAC0_S 0 1 -36817.3 -38324.6 8547.25 591513 -566021 -824418 150.123 34.273 26.7353
1010101 FRAC0_S 0 1 -36597.5 -38078.3 8504.12 225228 27323.2 -636432 58.4579 -4.23683 38.9276
1010101 FRAC0_S 0 1 -36480.3 -37767.3 8446.44 644542 325042 -456312 74.1273 -28.2764 21.5818
1010101 FRAC0_S 0 1 -36457.8 -37436.8 8418.45 832462 348300 -374153 91.1815 -27.8476 16.8581
1010101 FRAC0_S 0 1 -36532.2 -37120.6 8415.7 1.06121e+06 383371 -155888 116.681 -29.5187 7.28425
1010101 FRAC0_S 0 1 -36703.5 -36845.7 8410.83 1.02699e+06 258339 72714.2 100.635 -24.0989 -4.08178