
Step FractureNumber TipNr TipActive TipX TipY TipZ KI KII KIII G Phi Psi Extension
1010000 FRAC0_S 0 1 -44780.2 -44438 7718.14 9370.29 516296 -957054 145.583 -40.2618 36.5979
1010000 FRAC0_S 0 1 -45007.2 -44297.7 7804.93 -534587 578603 -934823 146.06 -33.9655 28.7278
1010000 FRAC0_S 0 1 -45278.2 -44205.3 7983.59 682188 1.83579e+06 -511265 376.546 -59.1347 12.2245
1010000 FRAC0_S 0 1 -45498.5 -44201.8 8200.28 -63038.2 1.96745e+06 -498799 378.024 -66.546 14.0989
1010000 FRAC0_S 0 1 -45670 -44276.3 8446.31 -89414.5 1.56315e+06 -57179.8 218.169 -69.4854 2.57169
1010000 FRAC0_S 0 1 -45775.9 -44421.7 8697.59 -97778.5 2.17132e+06 398715 441.263 -67.5755 -10.9203
1010000 FRAC0_S 0 1 -45805.9 -44623.6 8929.52 -55392.2 1.69063e+06 733267 326.208 -62.9169 -20.1825
1010000 FRAC0_S 0 1 -45757 -44862.4 9119.42 -58919.9 1.19631e+06 1.01227e+06 263.813 -54.378 -28.2445
1010000 FRAC0_S 0 1 -45633.9 -45114.7 9248.68 -54073.6 697099 1.22022e+06 241.332 -40.7523 -35.6364
1010000 FRAC0_S 0 1 -45448.8 -45355.8 9304.66 -53688.9 107216 1.45651e+06 283.172 -8.97281 -43.4796
1010000 FRAC0_S 0 1 -45219.8 -45562 9281.86 63076.9 -527381 987770 154.906 38.966 -35.8914
1010000 FRAC0_S 0 1 -44969.3 -45713.3 9182.54 -76266.9 -1.1521e+06 1.12642e+06 287.032 51.7401 -29.7604
1010000 FRAC0_S 0 1 -44721.8 -45794.7 9016.41 -109545 -1.15696e+06 649138 175.323 59.0203 -22.6419
1010000 FRAC0_S 0 1 -44501.5 -45798.2 8799.72 -183847 -1.89792e+06 526907 357.908 64.8037 -14.4083
1010000 FRAC0_S 0 1 -44330 -45723.7 8553.69 -460069 -1.76334e+06 254170 285.667 64.1826 -7.65458
1010000 FRAC0_S 0 1 -44224.1 -45578.3 8302.41 -188738 -1.92785e+06 -336142 346.214 66.7943 10.0699
1010000 FRAC0_S 0 1 -44194.1 -45376.4 8070.48 -179841 -1.66519e+06 -724008 316.808 61.3354 19.361
1010000 FRAC0_S 0 1 -44243 -45137.6 7880.58 -165883 -1.26519e+06 -1.08132e+06 298.151 52.7497 27.4579
1010000 FRAC0_S 0 1 -44366.1 -44885.3 7751.32 -162354 -666677 -1.19707e+06 230.193 38.4872 34.5649
1010000 FRAC0_S 0 1 -44551.2 -44644.2 7695.34 -161420 -111968 -1.39955e+06 261.631 9.05648 42.1577
Step FractureNumber TipNr TipActive TipX TipY TipZ KI KII KIII G Phi Psi Extension
1010101 FRAC0_S 0 1 -44785.6 -44416.9 7629.04 356743 396098 -1.10137e+06 186.653 -26.7125 34.6878
1010101 FRAC0_S 0 1 -45069.3 -44273.5 7729.15 848854 815382 -1.10812e+06 286.769 -35.1205 25.9047
1010101 FRAC0_S 0 1 -45337.2 -44207.8 7906.75 1.7019e+06 711254 -719691 372.072 -28.1763 16.177
1010101 FRAC0_S 0 1 -45570.5 -44221.3 8134.67 1.91687e+06 548190 -297203 365.953 -25.027 8.0103
1010101 FRAC0_S 0 1 -45748 -44303.5 8390.62 2.18933e+06 526617 61805.6 452.338 -24.0258 -1.71918
1010101 FRAC0_S 0 1 -45859.2 -44452.8 8652.82 1.86604e+06 398338 506484 358.548 -18.6797 -13.155
1010101 FRAC0_S 0 1 -45893.9 -44658.1 8899.68 1.47882e+06 448914 664416 271.546 -22.1461 -17.8248
1010101 FRAC0_S 0 1 -45846.5 -44902 9111.24 1.01377e+06 468870 912382 221.885 -24.7248 -24.925
1010101 FRAC0_S 0 1 -45713.4 -45158.9 9273.81 639518 398032 1.1436e+06 224.502 -23.2171 -31.8244
1010101 FRAC0_S 0 1 -45492.6 -45391.7 9369.79 387266 268303 1.40104e+06 280.848 -17.0728 -37.8218
1010101 FRAC0_S 0 1 -45197.2 -45585 9367.98 621725 -423489 1.30458e+06 276.782 22.9577 -33.133
1010101 FRAC0_S 0 1 -44924.9 -45712.9 9270.17 967662 -640601 1.04642e+06 265.643 29.7072 -25.6185
1010101 FRAC0_S 0 1 -44659.5 -45786 9092.93 1.36486e+06 -703553 726829 280.368 30.8029 -18.0506
1010101 FRAC0_S 0 1 -44428.2 -45782.3 8864.98 1.99447e+06 -816317 441060 439.724 30.7333 -9.97234
1010101 FRAC0_S 0 1 -44249.8 -45701.7 8608.45 1.70617e+06 -615452 -84761.6 294.109 31.2273 2.7065
1010101 FRAC0_S 0 1 -44139.2 -45550.2 8346.04 1.58185e+06 -563181 -419069 274.597 27.3728 11.8666
1010101 FRAC0_S 0 1 -44105.1 -45343.2 8098.67 459555 -1.56004e+06 31814 235.824 65.9839 -1.20171
1010101 FRAC0_S 0 1 -44152.9 -45099.4 7886.18 928410 -660413 -952981 236.46 31.6494 24.6053
1010101 FRAC0_S 0 1 -44286.5 -44842.2 7723.78 1.05104e+06 224056 -1.49828e+06 401.476 -10.8535 32.5073
1010101 FRAC0_S 0 1 -44507.7 -44609 7629.38 414342 -59075.5 -1.47754e+06 305.963 4.17506 40.1449