
Step FractureNumber TipNr TipActive TipX TipY TipZ KI KII KIII G Phi Psi Extension
1010000 FRAC0_S 0 1 -14323.9 719.942 8500 -1.90277e+07 2.98233e+06 -171339 796.474 -17.5578 0.600539
1010000 FRAC0_S 0 1 -14579.4 893.655 8500 -259382 2.18899e+06 341881 442.533 -66.7496 -9.06165
1010000 FRAC0_S 0 1 -14876.1 979.89 8500 -208379 1.9865e+06 857394 449.417 -61.4655 -19.3065
1010000 FRAC0_S 0 1 -15185 970.208 8500 -141833 1.04515e+06 905085 206.288 -52.4704 -27.5684
1010000 FRAC0_S 0 1 -15475.7 865.554 8500 -256749 787099 1.42793e+06 326.39 -37.4828 -34.047
1010000 FRAC0_S 0 1 -15719.9 676.174 8500 -234394 102399 1.29418e+06 223.696 -8.51386 -41.1148
1010000 FRAC0_S 0 1 -15893.7 420.606 8500 -335907 -655081 1.51208e+06 342.327 31.8451 -35.0765
1010000 FRAC0_S 0 1 -15979.9 123.865 8500 -346488 -1.43669e+06 1.34843e+06 425.759 49.4951 -27.4674
1010000 FRAC0_S 0 1 -15970.2 -185 8500 -103811 -1.95954e+06 1.10705e+06 505.162 59.7892 -23.2126
1010000 FRAC0_S 0 1 -15865.5 -475.757 8500 -282808 -2.38313e+06 566006 548.691 65.1717 -12.6479
1010000 FRAC0_S 0 1 -15676.1 -719.942 8500 1.82293e+07 -1.18961e+06 -32259.1 29738.3 8.30039 0.129269
1010000 FRAC0_S 0 1 -15420.6 -893.655 8500 -291689 -2.20038e+06 -429245 455.948 65.7368 10.7485
1010000 FRAC0_S 0 1 -15123.9 -979.89 8500 -217485 -1.99056e+06 -841113 447.178 61.5628 19.0052
1010000 FRAC0_S 0 1 -14815 -970.208 8500 -205692 -1.5028e+06 -1.20614e+06 394.73 53.5754 26.6269
1010000 FRAC0_S 0 1 -14524.3 -865.554 8500 -262614 -847947 -1.4521e+06 344.516 38.66 33.6022
1010000 FRAC0_S 0 1 -14292.4 -689.301 8500 -223642 -145754 -1.53908e+06 316.938 10.2838 41.441
1010000 FRAC0_S 0 1 -14106.3 -420.606 8500 -222340 543957 -1.51169e+06 330.298 -29.439 37.229
1010000 FRAC0_S 0 1 -14020.1 -123.865 8500 -204881 1.19769e+06 -1.23578e+06 330.936 -49.1283 29.2947
1010000 FRAC0_S 0 1 -14029.8 185 8500 9.88637e+06 1.6865e+06 -1.44767e+06 9241.83 -16.9593 8.2644
1010000 FRAC0_S 0 1 -14134.5 475.757 8500 -333368 2.32457e+06 -625303 533.521 -64.032 13.6584
Step FractureNumber TipNr TipActive TipX TipY TipZ KI KII KIII G Phi Psi Extension
1010101 FRAC0_S 0 1 -14277.4 768.892 8439.47 1.67124e+06 1.74694e+06 -691076 584.354 -46.8662 12.1843
1010101 FRAC0_S 0 1 -14553.2 940.737 8424.56 2.64592e+06 3.52397e+06 1.50889e+06 2033.25 -49.5065 -14.0529
1010101 FRAC0_S 0 1 -14871.7 1027.48 8413.28 2.42556e+06 2.14043e+06 685836 995.077 -45.4309 -9.62324
1010101 FRAC0_S 0 1 -15198.7 1029.36 8423.17 2.04144e+06 1.5029e+06 770530 651.602 -40.2708 -12.8765
1010101 FRAC0_S 0 1 -15515.7 932.212 8446.04 2.91347e+06 -895441 2.97338e+06 2003.7 17.2635 -27.853
1010101 FRAC0_S 0 1 -15784.7 736.456 8490.57 452295 266064 1.65709e+06 389.749 -14.8026 -38.3532
1010101 FRAC0_S 0 1 -15966.2 457.656 8541.69 870604 -1.80594e+06 1.90194e+06 839.279 44.3309 -26.7072
1010101 FRAC0_S 0 1 -16043.7 134.626 8572.81 2.52349e+06 -1.88932e+06 1.05188e+06 1032.69 40.0354 -13.7913
1010101 FRAC0_S 0 1 -16020.2 -192.732 8584.91 1.39322e+06 -690529 529256 252.712 32.1087 -14.4448
1010101 FRAC0_S 0 1 -15913.2 -506.257 8570.6 -3.28431e+06 -4.0991e+06 1.5102e+06 1800.62 49.6563 -12.2934
1010101 FRAC0_S 0 1 -15723.7 -770.358 8552.7 1.22169e+06 -1.49377e+06 491002 363.899 50.0288 -11.1702
1010101 FRAC0_S 0 1 -15447.8 -942.086 8571.18 2.43244e+06 -1.62714e+06 188198 767.88 43.3567 -3.39102
1010101 FRAC0_S 0 1 -15128.5 -1027.38 8586.88 3.26487e+06 -1.78951e+06 -2.47145e+06 2047.59 29.3317 22.056
1010101 FRAC0_S 0 1 -14801.5 -1028.28 8577.84 1.46237e+07 1.75753e+07 3.77427e+06 48476.2 -51.6905 -7.8204
1010101 FRAC0_S 0 1 -14447.8 -913.463 8552.02 1.56592e+06 -1.3211e+06 -1.23536e+06 577.005 37.6768 20.4108
1010101 FRAC0_S 0 1 -14215.1 -736.234 8512.26 1.80698e+07 2.1361e+06 1.14179e+06 29676 -13.3079 -4.07747
1010101 FRAC0_S 0 1 -14032.8 -458.041 8460.98 -3.89574e+06 -3.34689e+06 -659330 1056 46.7395 6.27848
1010101 FRAC0_S 0 1 -13944.5 -132.761 8442.61 -850515 -2.11068e+06 -737858 469.393 57.0931 14.2458
1010101 FRAC0_S 0 1 -13957 197.18 8444.03 -1.08258e+06 -1.13254e+06 -1.39625e+06 373.582 37.0201 25.2241
1010101 FRAC0_S 0 1 -14075.5 508.155 8440.21 1.38326e+06 1.34521e+06 -868474 432.072 -42.5676 16.9091