
Step FractureNumber TipNr TipActive TipX TipY TipZ KI KII KIII G Phi Psi Extension
1010000 FRAC0_S 0 1 30000 984.872 8574.53 -62890.1 -761918 -6.67463e+06 5976.98 13.501 43.281
1010000 FRAC0_S 0 1 30000 913.64 8875.22 -4.1353e+06 1.60723e+06 -5.35183e+06 4039.59 -18.8126 29.9474
1010000 FRAC0_S 0 1 30000 752.975 9139.18 4.31837e+06 3.40156e+06 -4.08878e+06 4916.32 -34.5194 23.0512
1010000 FRAC0_S 0 1 30000 518.603 9340.58 6.25956e+06 6.30787e+06 -3.86701e+06 9025.99 -43.4226 16.5263
1010000 FRAC0_S 0 1 30000 233.466 9459.7 5.75703e+06 5.4003e+06 -1.83323e+06 5999.12 -46.1023 10.3502
1010000 FRAC0_S 0 1 30000 -74.5244 9484.87 7.34379e+06 8.00407e+06 -826693 10605.6 -52.1381 3.90043
1010000 FRAC0_S 0 1 30000 -375.22 9413.64 6.91979e+06 8.19442e+06 909515 10360.5 -53.2884 -4.321
1010000 FRAC0_S 0 1 30000 -639.186 9252.98 4.5659e+06 5.67503e+06 2.0204e+06 5270.5 -49.8021 -11.9567
1010000 FRAC0_S 0 1 30000 -840.583 9018.61 1.05651e+07 6.03882e+06 4.22324e+06 15568.4 -34.7079 -14.4596
1010000 FRAC0_S 0 1 30000 -959.699 8733.46 1.62037e+06 3.73122e+06 5.5395e+06 5555.8 -39.7472 -31.1357
1010000 FRAC0_S 0 1 30000 -984.872 8425.47 -500228 1.02334e+06 6.56812e+06 5830.96 -16.586 -41.5706
1010000 FRAC0_S 0 1 30000 -913.64 8124.78 -2.69004e+06 -2.03849e+06 5.91562e+06 5024.57 24.2444 -33.1567
1010000 FRAC0_S 0 1 30000 -749.835 7857.12 -3.35467e+06 -2.73759e+06 2.97429e+06 1844.4 35.8903 -22.0366
1010000 FRAC0_S 0 1 30000 -518.603 7659.42 -6.21322e+06 -6.35359e+06 3.72631e+06 5443.96 43.9492 -16.1128
1010000 FRAC0_S 0 1 30000 -233.466 7540.3 2.51191e+07 -6.36615e+06 1.70488e+06 60223.9 24.2778 -3.91956
1010000 FRAC0_S 0 1 30000 74.5244 7515.13 -7.03926e+06 -8.0892e+06 617389 5881.63 53.4483 -3.00762
1010000 FRAC0_S 0 1 30000 375.22 7586.36 -6.61848e+06 -8.19085e+06 -1.08877e+06 6136.05 53.5485 5.18702
1010000 FRAC0_S 0 1 30000 639.186 7747.02 -8.25287e+06 -7.48439e+06 -2.11053e+06 5584.02 46.3988 8.76217
1010000 FRAC0_S 0 1 30000 840.583 7981.39 -3.50871e+07 -5.9782e+06 -3.876e+06 5182.8 17.3845 6.48171
1010000 FRAC0_S 0 1 30000 959.699 8266.54 -1.11044e+06 -2.99798e+06 -4.6377e+06 3661.51 39.7642 32.0814
Step FractureNumber TipNr TipActive TipX TipY TipZ KI KII KIII G Phi Psi Extension
1010101 FRAC0_S 0 1 30019.6 1073.92 8582.64 1.65932e+06 -932861 -3.51798e+06 1968.93 19.7427 33.9698
1010101 FRAC0_S 0 1 29975.5 997.365 8908.36 5.12093e+06 710464 -5.76956e+06 6809.08 -8.31132 30.6298
1010101 FRAC0_S 0 1 29946.4 815.806 9190.29 6.40909e+06 -323198 -3.86902e+06 5660.55 4.20307 24.0712
1010101 FRAC0_S 0 1 29933.4 557.471 9401.66 9.64772e+06 -516384 -3.79093e+06 10229.3 5.08463 18.7537
1010101 FRAC0_S 0 1 29927 250.037 9524.13 1.03104e+07 -1.24352e+06 -2.10782e+06 10201.5 12.1631 11.2488
1010101 FRAC0_S 0 1 29922.5 -78.4197 9546.14 1.86593e+07 1.90971e+06 -750486 31425.2 -11.979 2.70485
1010101 FRAC0_S 0 1 29921.1 -398.174 9468.89 1.09673e+07 -1.27028e+06 1.00845e+06 10997.4 12.7821 -5.74705
1010101 FRAC0_S 0 1 29927.5 -683.238 9302.19 1.12286e+07 6.05609e+06 6.01766e+06 19319.7 -31.6567 -17.9422
1010101 FRAC0_S 0 1 29936.5 -904.684 9057.03 -1.86525e+07 1.50992e+07 -862984 20415 -47.7497 1.92411
1010101 FRAC0_S 0 1 29946.7 -1038.43 8751.54 4.93277e+06 -1.1544e+06 -190490 2291.82 23.3775 2.33645
1010101 FRAC0_S 0 1 29980 -1072.42 8417.74 1.8261e+06 679388 6.14418e+06 5359.16 -10.5644 -38.7552
1010101 FRAC0_S 0 1 30028 -995.143 8092.54 -189238 -2.41345e+06 5.82916e+06 5038.26 34.3373 -38.1517
1010101 FRAC0_S 0 1 30056.9 -814.392 7810.62 -86979.1 -5.24672e+06 4.20638e+06 4806.29 55.8229 -27.976
1010101 FRAC0_S 0 1 30059.7 -558.331 7593.53 -75385 -8.06735e+06 3.46288e+06 7394.35 63.4936 -20.3356
1010101 FRAC0_S 0 1 30058 -252.566 7465.85 -506730 -7.92117e+06 1.9871e+06 6116.37 65.9866 -13.6805
1010101 FRAC0_S 0 1 30070.5 77.027 7449.55 1.63466e+06 -9.83685e+06 873161 8962.12 67.1111 -5.35198
1010101 FRAC0_S 0 1 30078.4 398.786 7530.89 -6.21768e+06 -5.59906e+06 2.06011e+06 3358.01 45.0916 -10.8523
1010101 FRAC0_S 0 1 30063.7 687.448 7694.47 2.0138e+06 -8.21555e+06 -2.48429e+06 7196.71 61.2378 13.9814
1010101 FRAC0_S 0 1 30049 911.024 7938.66 3.34755e+06 -1.13804e+07 -9.03494e+06 23396.4 50.993 24.886
1010101 FRAC0_S 0 1 30045.3 1041.59 8246.76 1.13801e+06 -4.15192e+06 -5.6081e+06 5834.48 43.1769 31.3999