
Step FractureNumber TipNr TipActive TipX TipY TipZ KI KII KIII G Phi Psi Extension
1010000 FRAC0_S 0 1 0 8486.75 8543.02 -1.56758e+06 308951 -9123.92 8.51667 -21.0589 0.376638
1010000 FRAC0_S 0 1 0 8425.17 8845.84 -5.60209e+06 -9.19861e+06 -6.80185e+06 13693.3 46.9215 21.2877
1010000 FRAC0_S 0 1 0 8273.02 9114.8 -1.14729e+07 262277 135551 8.57359 -3.05906 -0.886379
1010000 FRAC0_S 0 1 0 8045.2 9323.58 -1.32293e+07 391810 77240.8 14.4732 -3.9471 -0.438768
1010000 FRAC0_S 0 1 0 7764.01 9451.74 -1.29211e+07 9.47483e+06 -5.95786e+06 12720.6 -38.9664 14.9328
1010000 FRAC0_S 0 1 0 7456.98 9486.75 -1.5641e+07 -173078 190698 7.50603 1.50579 -0.92469
1010000 FRAC0_S 0 1 0 7154.16 9425.17 -1.53001e+07 3.40477e+06 -2.67309e+06 1983.34 -20.5215 9.23712
1010000 FRAC0_S 0 1 0 6885.2 9273.02 -1.16572e+07 -7.48175e+06 -4.25164e+06 7392.24 37.6189 13.0876
1010000 FRAC0_S 0 1 0 6676.42 9045.2 -9.19141e+06 -252773 96441.3 6.93062 3.66007 -0.78509
1010000 FRAC0_S 0 1 0 6548.26 8764.01 -5.57251e+06 -308900 101538 9.87404 7.04162 -1.31425
1010000 FRAC0_S 0 1 0 6513.25 8456.98 -208419 -310965 -3467.24 8.61844 58.504 0.515799
1010000 FRAC0_S 0 1 0 6574.83 8154.16 4.45648e+06 -509984 -54510.1 1793.31 13.4977 0.842916
1010000 FRAC0_S 0 1 0 6726.98 7885.2 8.04331e+06 -6.32134e+06 -3.40763e+06 10870.1 40.9401 13.7424
1010000 FRAC0_S 0 1 0 6954.8 7676.42 1.19334e+07 92813.3 -205080 12696.2 -1.05831 1.29853
1010000 FRAC0_S 0 1 0 7235.99 7548.26 1.27253e+07 -9.66767e+06 -5.46951e+06 26737.2 40.1494 14.04
1010000 FRAC0_S 0 1 0 7543.02 7513.25 1.39171e+07 27419.4 -270052 17269.1 -0.269795 1.46995
1010000 FRAC0_S 0 1 0 7845.84 7574.83 1.39986e+07 -312943 45648.3 17471.1 3.01832 -0.247665
1010000 FRAC0_S 0 1 0 8114.8 7726.98 8.90638e+06 -48245.4 -112804 7070.43 0.742922 0.965254
1010000 FRAC0_S 0 1 0 8323.58 7954.8 7.08288e+06 204523 -128650 4476.32 -3.80774 1.34318
1010000 FRAC0_S 0 1 0 8451.74 8235.99 2.07141e+06 234066 -40569.7 387.448 -13.2711 1.33897
Step FractureNumber TipNr TipActive TipX TipY TipZ KI KII KIII G Phi Psi Extension
1010101 FRAC0_S 0 1 -5.44485 8572.81 8544.53 -1.8293e+06 615645 234930 41.1149 -28.4677 -6.58422
1010101 FRAC0_S 0 1 26.2036 8500 8874.35 -3.23711e+06 -8.66578e+06 5.99367e+06 11469.7 51.3776 -22.4213
1010101 FRAC0_S 0 1 13.8713 8341.85 9172.65 -1.14308e+07 -1.0504e+06 -564723 140.734 10.8184 3.31457
1010101 FRAC0_S 0 1 -20.4975 8097.47 9399.45 -1.23261e+07 7.86791e+06 -4.92681e+06 8744.63 -36.9817 14.0284
1010101 FRAC0_S 0 1 -32.5072 7787.08 9534.98 -1.51659e+07 4.84213e+06 280210 2099.73 -29.426 -1.071
1010101 FRAC0_S 0 1 -23.1717 7451.8 9577.35 -1.76453e+07 3.80066e+06 495696 1319.87 -22.15 -1.7453
1010101 FRAC0_S 0 1 -1.6109 7124.35 9509.49 -1.44899e+07 126651 722134 70.7858 -1.15121 -3.59904
1010101 FRAC0_S 0 1 23.3522 6831.55 9339.71 -1.38786e+07 -4.36864e+06 609038 1750 28.678 -2.48489
1010101 FRAC0_S 0 1 21.5167 6598.58 9094.87 -1.02187e+07 -2.589e+06 -687735 660.203 24.2817 3.88922
1010101 FRAC0_S 0 1 29.0423 6466.58 8790.48 -5.20351e+06 -1.9142e+06 363339 344.071 31.2393 -3.71046
1010101 FRAC0_S 0 1 51.5337 6440.47 8453.96 96850 -465743 -41682.5 20.3964 66.321 5.22337
1010101 FRAC0_S 0 1 49.369 6501.46 8124.81 6.63724e+06 1.42486e+06 -1677.31 4106.48 -22.5523 0.016223
1010101 FRAC0_S 0 1 38.1369 6660.86 7832.33 1.06473e+07 -1.7273e+06 1.86398e+06 10830 15.9534 -9.64548
1010101 FRAC0_S 0 1 31.5778 6907.32 7604.56 1.29051e+07 3.70024e+06 -798244 16145.3 -26.6017 3.50818
1010101 FRAC0_S 0 1 31.6597 7213.07 7465.61 1.44221e+07 5.27635e+06 -639560 21069.8 -31.6093 2.4202
1010101 FRAC0_S 0 1 17.2005 7548.83 7421.5 1.59388e+07 2.99777e+06 344673 23454.6 -20.0745 -1.38379
1010101 FRAC0_S 0 1 2.83919 7879.97 7483.53 1.68488e+07 836070 -237110 25366.3 -6.37876 1.02618
1010101 FRAC0_S 0 1 0.30446 8175.47 7650.71 9.69419e+06 404952 -67561.7 8389.53 -5.46531 0.516883
1010101 FRAC0_S 0 1 -8.73522 8404.2 7901.2 8.46962e+06 335579 -34799.1 6402.45 -5.21373 0.30654
1010101 FRAC0_S 0 1 -22.1213 8542.75 8210.23 3.85505e+06 -226899 78646.4 1329.71 7.42676 -1.46262