
Step FractureNumber TipNr TipActive TipX TipY TipZ KI KII KIII G Phi Psi Extension
1010000 FRAC0_S 0 1 -22142.3 -44079.3 8500 45021.5 -42306 28752.6 0.450062 41.7258 -17.2956
1010000 FRAC0_S 0 1 -22444.3 -44013.9 8500 39086.9 -2407.06 -82.8428 0.136658 7.87057 0.155286
1010000 FRAC0_S 0 1 -22751.8 -44044.9 8500 39956.4 -109305 1683.9 1.20729 64.673 -0.866037
1010000 FRAC0_S 0 1 -23034.5 -44169.4 8500 33424.2 1338.24 -5.05017 0.0997115 -5.28506 0.0113292
1010000 FRAC0_S 0 1 -23265 -44375.3 8500 33857 -1072.56 399.084 0.10227 4.1858 -0.876903
1010000 FRAC0_S 0 1 -23420.6 -44642.3 8500 47739.6 -95669 -96788.3 2.26461 44.6565 26.0721
1010000 FRAC0_S 0 1 -23486.1 -44944.3 8500 42581.2 -1361.99 112.07 0.161737 4.26126 -0.198208
1010000 FRAC0_S 0 1 -23455 -45251.8 8500 40895.1 -9067.38 -1711.95 0.156745 22.4106 2.54788
1010000 FRAC0_S 0 1 -23330.5 -45534.6 8500 41673.1 -4244.5 -889.438 0.156463 12.1197 1.47026
1010000 FRAC0_S 0 1 -23124.7 -45765.1 8500 30660.8 1944.9 1751.3 0.084516 -7.70086 -3.89019
1010000 FRAC0_S 0 1 -22857.7 -45920.7 8500 49315.3 -100.008 3180.24 0.218062 0.265949 -4.59569
1010000 FRAC0_S 0 1 -22555.7 -45986.1 8500 40595.6 -876.772 -116.412 0.146924 2.92036 0.218072
1010000 FRAC0_S 0 1 -22248.2 -45955.1 8500 40454 -723.713 -172.805 0.145881 2.42883 0.325388
1010000 FRAC0_S 0 1 -21965.5 -45830.6 8500 57555.2 -97.1786 273.177 0.295197 0.234673 -0.367114
1010000 FRAC0_S 0 1 -21735 -45624.7 8500 45584.2 -218892 -91753.1 5.57445 59.5957 17.901
1010000 FRAC0_S 0 1 -21579.4 -45357.7 8500 43902.8 -1011.43 4.18076 0.171847 3.1169 -0.00725953
1010000 FRAC0_S 0 1 -21513.9 -45055.7 8500 43014.4 -1315.28 68.3216 0.16503 4.08602 -0.119952
1010000 FRAC0_S 0 1 -21545 -44748.2 8500 49462.4 3892.34 1304.2 0.219586 -9.61463 -1.84235
1010000 FRAC0_S 0 1 -21669.5 -44465.4 8500 43970.6 12749.7 1299.01 0.186996 -27.3846 -1.72982
1010000 FRAC0_S 0 1 -21875.3 -44234.9 8500 33608.1 135.023 493.596 0.100684 -0.551042 -1.11768
Step FractureNumber TipNr TipActive TipX TipY TipZ KI KII KIII G Phi Psi Extension
1010101 FRAC0_S 0 1 -22142.3 -44079.3 8500 47602.9 10716.6 10987.6 0.228218 -19.9738 -11.5364
1010101 FRAC0_S 0 1 -22444.3 -44013.9 8500 41059.8 5955.38 4949.42 0.15665 -15.1252 -7.12982
1010101 FRAC0_S 0 1 -22751.8 -44044.9 8500 40181.3 7228.71 14327.7 0.175831 -15.4326 -16.3245
1010101 FRAC0_S 0 1 -23042.4 -44174.5 8500 42753.8 -11760.9 26041.5 0.265403 18.9475 -21.7665
1010101 FRAC0_S 0 1 -23281.6 -44368.8 8517.57 55584.4 -20083.5 34243.4 0.467216 23.2442 -21.0981
1010101 FRAC0_S 0 1 -23453.7 -44629.4 8535.14 86702.9 -35685.5 41349.5 1.01075 27.187 -17.5932
1010101 FRAC0_S 0 1 -23502.7 -44937.9 8517.57 37792.9 27215.4 26257.9 0.284978 -35.5232 -19.7095
1010101 FRAC0_S 0 1 -23455 -45251.8 8500 23520.5 -112979 210735 7.09314 38.141 -35.1832
1010101 FRAC0_S 0 1 -23330.5 -45534.6 8500 38787.9 12312.6 2069.04 0.148145 -28.6663 -2.98532
1010101 FRAC0_S 0 1 -23124.7 -45765.1 8500 41604.1 -436.515 2438.9 0.155048 1.3672 -4.17768
1010101 FRAC0_S 0 1 -22857.7 -45920.7 8500 39540.7 6052.74 5733.68 0.146958 -15.536 -8.30147
1010101 FRAC0_S 0 1 -22555.7 -45986.1 8500 38538.4 -92.8706 8532.13 0.14203 0.275406 -13.0307
1010101 FRAC0_S 0 1 -22248.2 -45955.1 8500 25875.5 40188 2551.12 0.204448 -57.9853 -2.85445
1010101 FRAC0_S 0 1 -21955.7 -45838.5 8521.56 229143 -95441.2 4484.97 5.49325 34.7163 -1.05695
1010101 FRAC0_S 0 1 -21715.4 -45640.7 8543.12 77594.8 -10190.9 67641.2 1.1543 8.87846 -27.6953
1010101 FRAC0_S 0 1 -21555.2 -45318.5 8514.94 101178 -17465.2 -6465.71 0.944965 18.1797 3.94294
1010101 FRAC0_S 0 1 -21513.9 -45055.7 8500 32741.2 -77610.2 -155800 3.86064 34.8721 34.3516
1010101 FRAC0_S 0 1 -21545 -44748.2 8500 39596.4 2918.26 -2752.85 0.14148 -8.73444 4.62136
1010101 FRAC0_S 0 1 -21669.5 -44465.4 8500 34076.1 -701.377 -552.441 0.103557 2.75172 1.21159
1010101 FRAC0_S 0 1 -21875.3 -44234.9 8500 32572.3 1596.01 -304.669 0.0947808 -6.33162 0.68678