
Step FractureNumber TipNr TipActive TipX TipY TipZ KI KII KIII G Phi Psi Extension
1010000 FRAC0_S 0 1 14581.2 -14193.8 8112.54 2.89564e+06 3.76215e+06 -56973.1 2008.84 -56.4653 0.659435
1010000 FRAC0_S 0 1 14388.7 -14238.8 8350.06 566094 2.71363e+06 -296885 696.467 -65.9247 6.2472
1010000 FRAC0_S 0 1 14256.1 -14358.3 8602.26 -1.51561e+07 2.38046e+07 1.3606e+07 75116.4 -49.0435 -17.9782
1010000 FRAC0_S 0 1 14196.3 -14540.7 8844.45 -4.87676e+06 4.53174e+06 -1.46363e+06 2114.94 -46.1932 9.9025
1010000 FRAC0_S 0 1 14215.2 -14768.1 9052.92 -6.81399e+06 6.20662e+06 -1.13647e+06 3604.49 -47.9232 6.04885
1010000 FRAC0_S 0 1 14310.8 -15018.1 9207.27 -9.04402e+06 8.15846e+06 -120046 5933.12 -50.4092 0.538958
1010000 FRAC0_S 0 1 14473.9 -15266.3 9292.39 -9.22757e+06 7.77592e+06 1.62423e+06 5738.9 -46.2435 -6.55027
1010000 FRAC0_S 0 1 14688.6 -15488.5 9299.94 -8.40253e+06 5.73415e+06 2.81395e+06 3983.12 -39.3494 -12.0392
1010000 FRAC0_S 0 1 14933.7 -15662.9 9229.19 9.10911e+06 2.36622e+07 1.67707e+07 94693.6 -50.8982 -22.6226
1010000 FRAC0_S 0 1 15185.3 -15772.4 9087.05 -7.43268e+06 1.05853e+06 4.6297e+06 2950.58 -10.8389 -23.4136
1010000 FRAC0_S 0 1 15418.8 -15806.2 8887.46 -5.41811e+06 -1.88062e+06 3.85174e+06 2288.33 21.621 -23.0061
1010000 FRAC0_S 0 1 15611.3 -15761.2 8649.94 -1.55095e+07 2.13816e+07 -1.55698e+07 72980.2 -45.432 20.2428
1010000 FRAC0_S 0 1 15743.9 -15641.7 8397.74 5.96777e+06 5.47374e+06 6.69898e+06 11812 -35.8705 -24.3039
1010000 FRAC0_S 0 1 15803.7 -15459.3 8155.55 2.32641e+06 -3.28315e+06 -1.97973e+06 1964.07 47.4642 18.1014
1010000 FRAC0_S 0 1 15784.8 -15231.9 7947.08 4.42649e+06 -1.12231e+06 -3.39002e+06 3386.72 16.4742 24.8349
1010000 FRAC0_S 0 1 15689.2 -14981.9 7792.73 5.47614e+06 1.63541e+06 -3.09263e+06 4182.63 -20.6396 20.6086
1010000 FRAC0_S 0 1 15526.1 -14733.7 7707.61 -1.44085e+07 2.89831e+07 -1.96583e+07 126252 -49.5642 21.1116
1010000 FRAC0_S 0 1 15311.4 -14511.5 7700.06 6.43978e+06 4.45054e+06 -1.90991e+06 5945.64 -40.2146 10.9036
1010000 FRAC0_S 0 1 15066.3 -14337.1 7770.81 5.56921e+06 4.42024e+06 -624499 4556.79 -46.1634 4.47509
1010000 FRAC0_S 0 1 14814.7 -14227.6 7912.95 5.38093e+06 5.06175e+06 -347733 4879.33 -50.2699 2.47937
Step FractureNumber TipNr TipActive TipX TipY TipZ KI KII KIII G Phi Psi Extension
1010101 FRAC0_S 0 1 14511.9 -14199.2 8042.32 5.98537e+06 -832088 814745 3342.32 14.4312 -7.95052
1010101 FRAC0_S 0 1 14308.7 -14250.5 8293.96 88132.1 -1.2207e+06 1.95689e+06 642.788 42.5504 -34.8901
1010101 FRAC0_S 0 1 14165.7 -14366.6 8564.75 1.52488e+06 2.75152e+06 -489295 913.684 -57.4963 7.66043
1010101 FRAC0_S 0 1 14100 -14552.5 8825.15 -196000 4.10529e+06 -1.27048e+06 1716.48 -65.1509 16.0699
1010101 FRAC0_S 0 1 14120.3 -14795.4 9046.16 -429765 7.02865e+06 -1.42668e+06 4672.92 -66.9441 11.6736
1010101 FRAC0_S 0 1 14222.7 -15062.8 9209.96 -388031 8.98724e+06 -705020 7263.57 -69.1769 5.29393
1010101 FRAC0_S 0 1 14397.2 -15326.7 9306.06 2.13255e+07 1.27285e+07 -6.76954e+06 61057.2 -36.846 12.0269
1010101 FRAC0_S 0 1 14626.2 -15562.8 9316.83 1.88121e+07 1.21407e+07 9.4448e+06 56534.2 -35.752 -16.4323
1010101 FRAC0_S 0 1 14895.9 -15747 9248.45 2.51465e+07 1.19756e+07 1.43754e+07 96612.7 -28.7711 -19.202
1010101 FRAC0_S 0 1 15192.1 -15851.6 9125.69 -4.7317e+06 2.6674e+06 4.57634e+06 3419.42 -27.7106 -24.9881
1010101 FRAC0_S 0 1 15451.6 -15879.3 8920.59 -5.4846e+06 -1.23086e+06 3.54812e+06 1809.36 15.7828 -23.0208
1010101 FRAC0_S 0 1 15634.3 -15844.1 8638.57 -4.60658e+06 -1.95531e+06 1.92072e+06 831.348 28.5517 -15.9697
1010101 FRAC0_S 0 1 15782.5 -15705.9 8373.74 -1.70356e+06 -9.48384e+06 1.1204e+06 8181.79 66.3149 -6.82699
1010101 FRAC0_S 0 1 15882.5 -15476.9 8145.15 3.44976e+06 -1.85901e+06 -2.53915e+06 2225.92 29.2353 21.782
1010101 FRAC0_S 0 1 15866.8 -15236.9 7911.32 5.64653e+06 936740 -2.90586e+06 4042.37 -13.1382 20.7913
1010101 FRAC0_S 0 1 15732.5 -14999.4 7715.72 6.92353e+06 -217985 -2.83039e+06 5341.22 3.02694 19.4806
1010101 FRAC0_S 0 1 15529.3 -14751.5 7613 1.42677e+07 1.44018e+07 6.20519e+06 41743.3 -45.8768 -12.8337
1010101 FRAC0_S 0 1 15293.2 -14516.7 7603.31 6.8025e+06 -2.33185e+07 9.39192e+06 64309 58.2415 -16.6756
1010101 FRAC0_S 0 1 15030.4 -14333.2 7679.05 1.02576e+07 1.01857e+07 9.2114e+06 29906.1 -39.8284 -21.0444
1010101 FRAC0_S 0 1 14759.4 -14224.4 7831.11 8.91501e+06 -861060 76108.5 7149.07 11.701 -0.600584