
Step FractureNumber TipNr TipActive TipX TipY TipZ KI KII KIII G Phi Psi Extension
1010000 FRAC0_S 0 1 30000 -14017.8 8603.45 -4.68611e+06 9.55351e+06 6.66415e+06 14039.7 -49.3623 -21.5126
1010000 FRAC0_S 0 1 30000 -14097.8 8901.92 -7.30971e+06 6.22162e+06 6.23891e+06 8626.22 -37.1251 -21.3282
1010000 FRAC0_S 0 1 30000 -14266.1 9161.05 -1.13267e+07 6.31626e+06 1.11804e+07 20180.2 -27.3177 -25.2904
1010000 FRAC0_S 0 1 30000 -14506.3 9355.47 -1.39101e+07 1.57963e+06 1.15474e+07 17956.8 -7.94049 -27.2938
1010000 FRAC0_S 0 1 30000 -14794.9 9466.15 -2.44934e+07 -9.19554e+06 1.44239e+07 35205.5 24.2004 -20.418
1010000 FRAC0_S 0 1 30000 -15103.5 9482.25 -1.37357e+07 -7.15994e+06 9.46258e+06 16477.1 29.125 -21.1063
1010000 FRAC0_S 0 1 30000 -15401.9 9402.21 -1.50498e+07 -1.24488e+07 8.23535e+06 22829.7 40.2768 -16.2234
1010000 FRAC0_S 0 1 30000 -15661 9233.85 -1.21933e+07 -1.31442e+07 4.19742e+06 17738.8 48.4413 -10.4186
1010000 FRAC0_S 0 1 30000 -15855.5 8993.66 -1.03906e+07 -1.4893e+07 670392 19824.5 57.2862 -1.99272
1010000 FRAC0_S 0 1 30000 -15966.1 8705.15 -6.72813e+06 -1.25409e+07 -3.05631e+06 15257.1 56.5546 10.0596
1010000 FRAC0_S 0 1 30000 -15982.2 8396.55 -3.20381e+06 -8.09884e+06 -5.05396e+06 9241.98 52.1583 20.9503
1010000 FRAC0_S 0 1 30000 -15902.2 8098.08 499422 -3.35703e+06 -5.8893e+06 5639.42 39.9188 35.0843
1010000 FRAC0_S 0 1 30000 -15733.9 7838.95 4.36875e+06 1.16675e+06 -5.67792e+06 6109.82 -13.809 31.0345
1010000 FRAC0_S 0 1 30000 -15493.7 7644.53 5.86902e+06 3.96521e+06 -4.06632e+06 6669.65 -34.2398 19.9934
1010000 FRAC0_S 0 1 30000 -15205.1 7533.85 -1.15074e+07 -2.93499e+06 -6.96336e+06 7216.57 17.8797 21.8815
1010000 FRAC0_S 0 1 30000 -14896.5 7517.75 7.59157e+06 8.43768e+06 -1.54824e+06 11798.5 -51.074 6.61429
1010000 FRAC0_S 0 1 30000 -14598.1 7597.79 5.89422e+06 7.8377e+06 -81347.4 8570.7 -56.9002 0.458204
1010000 FRAC0_S 0 1 30000 -14339 7766.15 2.41363e+06 2.12395e+06 -3.15866e+06 2248.07 -33.3049 26.4539
1010000 FRAC0_S 0 1 30000 -14144.5 8006.34 1.67029e+06 7.45686e+06 2.3129e+06 5915.03 -61.514 -14.4208
1010000 FRAC0_S 0 1 30000 -14033.9 8294.85 -2.17017e+06 1.06087e+07 4.45e+06 12662.6 -59.6647 -17.9449
Step FractureNumber TipNr TipActive TipX TipY TipZ KI KII KIII G Phi Psi Extension
1010101 FRAC0_S 0 1 29925.4 -13954.8 8612.35 4.51146e+06 7.96432e+06 5.28991e+06 11187.7 -48.6937 -20.2995
1010101 FRAC0_S 0 1 29939.4 -14028.6 8934.71 846764 9.45645e+06 8.79032e+06 18309.4 -52.1673 -28.9154
1010101 FRAC0_S 0 1 29958.5 -14202.5 9220.34 -6.29251e+06 9.43584e+06 1.04822e+07 22547.5 -41.3281 -25.916
1010101 FRAC0_S 0 1 29991.8 -14460.4 9435.53 -1.19437e+07 4.68392e+06 1.28727e+07 23993.8 -20.4639 -27.7524
1010101 FRAC0_S 0 1 30029.2 -14775.3 9553.92 -1.19359e+07 -7.14276e+06 1.33034e+07 28084.7 27.4751 -26.4748
1010101 FRAC0_S 0 1 30050.7 -15111 9565.42 -8.61521e+06 -1.5005e+07 1.13394e+07 37164.5 47.194 -21.828
1010101 FRAC0_S 0 1 30063.2 -15430.8 9471.09 628467 -9.14962e+06 7.29422e+06 14571.4 54.925 -27.3018
1010101 FRAC0_S 0 1 30074.6 -15702.7 9282.67 -194337 -2.09318e+07 7.39898e+06 46323.9 65.0397 -18.0117
1010101 FRAC0_S 0 1 30081.7 -15903.5 9022.35 6.21047e+06 -1.34056e+07 793790 19534.6 61.7559 -2.9837
1010101 FRAC0_S 0 1 30082.5 -16020.1 8716.02 6.34739e+06 -9.81035e+06 -2.00591e+06 12701.5 55.195 8.21149
1010101 FRAC0_S 0 1 30076.4 -16043.8 8388.4 5.14321e+06 -6.61417e+06 -7.3058e+06 13354.3 40.1477 25.046
1010101 FRAC0_S 0 1 30045.9 -15970.5 8064.62 4.16541e+06 -1.13129e+06 -4.39091e+06 4224.42 15.3942 28.5742
1010101 FRAC0_S 0 1 29990 -15797.8 7780.75 5.81617e+06 574915 -2.80224e+06 4088.24 -8.48131 20.7093
1010101 FRAC0_S 0 1 29973.6 -15537.3 7569.2 6.73649e+06 1.23077e+06 -3.19026e+06 5532.46 -14.5915 19.6045
1010101 FRAC0_S 0 1 29981.9 -15223.7 7453.78 2.53456e+07 1.54517e+07 272534 78529.4 -42.7638 -0.516145
1010101 FRAC0_S 0 1 29947.9 -14892.7 7450.76 1.05014e+07 36618.7 547464 9866.91 -0.4617 -3.77161
1010101 FRAC0_S 0 1 29924.9 -14571.4 7541.7 1.04085e+07 -1.04411e+06 -41853.5 9751.25 12.1395 0.283575
1010101 FRAC0_S 0 1 29929.7 -14295.1 7716.67 1.01836e+07 528494 1.07786e+06 9420.65 -6.13495 -6.85508
1010101 FRAC0_S 0 1 29920.8 -14097.6 7976.27 5.44206e+06 1.89262e+06 1.83768e+06 3407.43 -25.9072 -14.3027
1010101 FRAC0_S 0 1 29915.9 -13982.6 8285.35 7.05689e+06 6.52842e+06 4.73184e+06 11213.5 -41.0054 -17.9474