
Step FractureNumber TipNr TipActive TipX TipY TipZ KI KII KIII G Phi Psi Extension
1010000 FRAC0_S 0 1 22966.4 44197 8836.53 2.88229e+06 -2.2418e+06 -1.10028e+06 1349.14 41.3429 12.7568
1010000 FRAC0_S 0 1 23146.9 44259.5 8593.59 2.4933e+06 -1.35767e+06 -1.19045e+06 906.695 32.6258 16.5783
1010000 FRAC0_S 0 1 23264 44394.5 8341.49 2.43168e+06 -568002 -1.33924e+06 794.208 17.1276 20.9314
1010000 FRAC0_S 0 1 23306.4 44588.7 8104.91 2.42596e+06 37655.2 -1.39059e+06 781.752 -1.3611 23.8465
1010000 FRAC0_S 0 1 23269.8 44823.2 7907 2.43824e+06 607717 -1.61344e+06 908.893 -17.0692 23.0526
1010000 FRAC0_S 0 1 23157.9 45075 7767.13 2.48657e+06 1.37121e+06 -1.29578e+06 941.831 -32.2943 17.5256
1010000 FRAC0_S 0 1 22981.5 45319.5 7699 2.23948e+06 1.82031e+06 -970997 867.576 -41.4921 13.8255
1010000 FRAC0_S 0 1 22758.1 45532.6 7709.28 1.97439e+06 1.73502e+06 -391301 635.981 -46.7032 7.1425
1010000 FRAC0_S 0 1 22509.3 45693.7 7796.97 2.46692e+06 2.28536e+06 -13037.3 1007.73 -51.0415 0.213151
1010000 FRAC0_S 0 1 22259.7 45786.8 7953.46 2.5497e+06 2.3217e+06 576001 1103.76 -46.953 -7.87865
1010000 FRAC0_S 0 1 22033.6 45803 8163.47 2.59963e+06 1.96869e+06 977578 1074.68 -40.8766 -12.7238
1010000 FRAC0_S 0 1 21853.1 45740.5 8406.41 1.76983e+06 966262 921341 475.217 -32.101 -17.5548
1010000 FRAC0_S 0 1 21736 45605.5 8658.51 2.10477e+06 638476 1.30262e+06 656.766 -20.3501 -21.6923
1010000 FRAC0_S 0 1 21693.6 45411.3 8895.09 2.16381e+06 -23540.3 1.66963e+06 788.028 0.851853 -27.5811
1010000 FRAC0_S 0 1 21730.2 45176.8 9093 2.68706e+06 -809745 1.73665e+06 1102.95 19.9857 -22.2494
1010000 FRAC0_S 0 1 21842.1 44925 9232.87 2.36728e+06 -1.36483e+06 1.26523e+06 878.269 33.0144 -17.6327
1010000 FRAC0_S 0 1 22018.5 44680.5 9301 2.10129e+06 -1.68688e+06 833796 739.489 41.7717 -12.9972
1010000 FRAC0_S 0 1 22241.9 44467.4 9290.72 2.4455e+06 -2.32192e+06 493178 1045.69 48.156 -7.02242
1010000 FRAC0_S 0 1 22490.7 44306.3 9203.03 2.44559e+06 -2.43727e+06 -28562.9 1062.41 52.2362 0.452501
1010000 FRAC0_S 0 1 22740.3 44213.2 9046.54 2.61879e+06 -2.40586e+06 -550271 1167.17 47.3806 7.37746
Step FractureNumber TipNr TipActive TipX TipY TipZ KI KII KIII G Phi Psi Extension
1010101 FRAC0_S 0 1 23039.6 44174.7 8898.17 3.77955e+06 -86944.4 -935753 1390.07 2.51175 13.9459
1010101 FRAC0_S 0 1 23231.2 44227.4 8629.5 3.49056e+06 -74979.3 -1.37591e+06 1338 2.10818 19.16
1010101 FRAC0_S 0 1 23351.1 44354.9 8341.77 3.33402e+06 -27549 -1.66727e+06 1360.3 0.764847 22.2329
1010101 FRAC0_S 0 1 23383.7 44548.2 8066.06 3.0574e+06 -79225.4 -1.73656e+06 1234.61 2.25754 23.6048
1010101 FRAC0_S 0 1 23325.1 44789.3 7836.1 2.50985e+06 193793 -1.6024e+06 906.184 -6.15892 24.4562
1010101 FRAC0_S 0 1 23184.6 45050.8 7677.01 3.23399e+06 -116102 -1.2775e+06 1150.23 3.46841 19.0178
1010101 FRAC0_S 0 1 22981.1 45305.1 7601.88 3.56034e+06 -173362 -982822 1260.71 5.05131 14.8206
1010101 FRAC0_S 0 1 22734.6 45526.4 7613.66 4.09278e+06 -231941 -595023 1544.55 6.4447 8.95106
1010101 FRAC0_S 0 1 22466.5 45695.1 7707.92 3.52256e+06 -237031 -292200 1122.08 7.95048 5.45344
1010101 FRAC0_S 0 1 22200.8 45798.6 7875.19 3.69778e+06 -211191 295452 1234.04 6.85567 -5.31824
1010101 FRAC0_S 0 1 21960.6 45826 8102.02 4.20119e+06 58105.8 991353 1703.8 -1.54073 -13.5505
1010101 FRAC0_S 0 1 21768.6 45772.1 8369.91 3.66822e+06 4003.29 1.42839e+06 1470.41 -0.109838 -19.2553
1010101 FRAC0_S 0 1 21647.9 45643 8656.53 3.128e+06 110909 1.30482e+06 1099.42 -3.37559 -19.6778
1010101 FRAC0_S 0 1 21616.7 45451 8933.3 3.21963e+06 149290 1.73543e+06 1326.26 -4.03479 -22.7047
1010101 FRAC0_S 0 1 21677.1 45212 9164.71 2.69401e+06 -107071 1.30282e+06 873.503 3.60494 -21.436
1010101 FRAC0_S 0 1 21817.1 44950.3 9323.48 2.93269e+06 1407.82 1.19632e+06 956.756 -0.0477097 -19.8233
1010101 FRAC0_S 0 1 22019.8 44695.8 9397.99 2.57678e+06 113985 706092 659.137 -4.61902 -14.7877
1010101 FRAC0_S 0 1 22266.4 44475.1 9385.96 4.01086e+06 232046 594380 1485.3 -6.55476 -9.08597
1010101 FRAC0_S 0 1 22534.3 44306.6 9291.74 4.15953e+06 -28858.4 158508 1545.17 0.926352 -2.80036
1010101 FRAC0_S 0 1 22799.4 44202.4 9124.75 4.17272e+06 -93171.7 -337467 1567.47 2.80492 5.54074