
Step FractureNumber TipNr TipActive TipX TipY TipZ KI KII KIII G Phi Psi Extension
1010000 FRAC0_S 0 1 812.916 44439 8500 156133 796833 793168 142.424 -49.3105 -28.6218
1010000 FRAC0_S 0 1 944.619 44711.5 8500 156396 388100 941995 133.62 -31.7803 -36.1767
1010000 FRAC0_S 0 1 987.533 45017.5 8500 126750 -60085 884859 105.889 7.62913 -41.905
1010000 FRAC0_S 0 1 933.78 45321.8 8500 115528 -440796 826312 109.315 37.5184 -34.829
1010000 FRAC0_S 0 1 788.621 45594.7 8500 144346 -371281 377967 33.1408 46.0845 -27.088
1010000 FRAC0_S 0 1 566.268 45809.3 8500 119520 -1.14465e+06 559002 159.587 60.3045 -20.8133
1010000 FRAC0_S 0 1 288.484 45944.6 8500 130487 -705207 138278 48.3762 64.6697 -10.4087
1010000 FRAC0_S 0 1 -17.5385 45987.6 8500 91806.8 -1.46063e+06 -26109.1 190.952 69.6094 1.28109
1010000 FRAC0_S 0 1 -321.845 45933.8 8500 100217 -1.45146e+06 -389649 208.819 65.5429 14.3262
1010000 FRAC0_S 0 1 -594.647 45788.6 8500 88131.4 -796417 -408945 79.4551 59.6625 21.3616
1010000 FRAC0_S 0 1 -809.24 45566.3 8500 77406.4 -903241 -888961 178.337 51.2983 29.6268
1010000 FRAC0_S 0 1 -944.619 45288.5 8500 111121 -348888 -920741 124.7 30.9059 37.3393
1010000 FRAC0_S 0 1 -987.533 44982.5 8500 107177 32213.2 -958159 123.219 -4.04872 42.9437
1010000 FRAC0_S 0 1 -933.78 44678.2 8500 103641 332360 -678013 71.9409 -35.5376 35.2486
1010000 FRAC0_S 0 1 -788.621 44405.3 8500 121705 810943 -738300 132.418 -51.4572 28.0214
1010000 FRAC0_S 0 1 -566.268 44190.7 8500 124755 1.13545e+06 -537309 154.669 -60.5037 20.367
1010000 FRAC0_S 0 1 -288.484 44055.4 8500 101806 972319 -197875 90.3761 -66.1146 11.3353
1010000 FRAC0_S 0 1 17.5385 44012.4 8500 112949 1.37217e+06 23584.9 168.992 -69.4267 -1.21127
1010000 FRAC0_S 0 1 321.845 44066.2 8500 133530 1.23703e+06 307461 150.522 -65.1654 -13.1839
1010000 FRAC0_S 0 1 594.647 44211.4 8500 113411 977630 529306 123.576 -58.9866 -21.9583
Step FractureNumber TipNr TipActive TipX TipY TipZ KI KII KIII G Phi Psi Extension
1010101 FRAC0_S 0 1 864.028 44398.6 8427.49 1.40749e+06 669914 1.20097e+06 408.352 -25.6851 -24.1453
1010101 FRAC0_S 0 1 1023.4 44690.2 8458.02 744833 344081 903608 168.581 -22.0886 -28.5861
1010101 FRAC0_S 0 1 1076.16 45018.7 8508.7 614825 -78303.5 1.30167e+06 259.577 5.38769 -36.8461
1010101 FRAC0_S 0 1 1009.89 45345.6 8551.78 924238 -605642 1.31043e+06 337.196 26.6696 -28.9623
1010101 FRAC0_S 0 1 841.38 45633 8573.01 1.53477e+06 -757105 1.08439e+06 417.375 27.8741 -21.6479
1010101 FRAC0_S 0 1 597.438 45850.2 8584.04 1.78692e+06 -772498 675740 398.443 29.4383 -14.8524
1010101 FRAC0_S 0 1 301.678 45984 8590.35 2.17881e+06 -745443 326252 486.699 28.4249 -7.49638
1010101 FRAC0_S 0 1 -18.0965 46025 8592.22 2.56085e+06 -622543 -73570.6 619.637 24.2024 1.74508
1010101 FRAC0_S 0 1 -336.347 45972.1 8590.53 2.10162e+06 -558302 -376245 440.187 23.3768 9.15906
1010101 FRAC0_S 0 1 -626.031 45827.5 8585.42 1.91911e+06 -828724 -789610 472.315 28.9562 15.7665
1010101 FRAC0_S 0 1 -862.971 45600.6 8573.44 1.43159e+06 -799660 -1.22127e+06 437.975 28.6711 23.462
1010101 FRAC0_S 0 1 -1023.39 45309.6 8543.42 659398 -394850 -1.01345e+06 189.24 24.1819 30.3028
1010101 FRAC0_S 0 1 -1077.15 44981.2 8494.78 558330 106354 -1.66599e+06 397.929 -6.24275 38.8937
1010101 FRAC0_S 0 1 -1009.62 44655 8449.62 964111 528280 -1.37011e+06 357.367 -23.4531 29.7738
1010101 FRAC0_S 0 1 -839.788 44369.9 8424.6 1.46378e+06 683984 -1.05245e+06 379.938 -26.7246 22.0827
1010101 FRAC0_S 0 1 -595.777 44151.5 8414.06 2.15679e+06 769930 -880914 570.55 -25.4468 16.2793
1010101 FRAC0_S 0 1 -301.299 44017.1 8409.11 2.40558e+06 659905 -390078 574.706 -24.1828 8.38444
1010101 FRAC0_S 0 1 18.315 43975.3 8407.64 2.82006e+06 703714 119227 754.688 -24.4316 -2.51741
1010101 FRAC0_S 0 1 336.598 44027.3 8409.79 2.30941e+06 631816 485852 542.223 -23.4312 -10.3947
1010101 FRAC0_S 0 1 626.932 44171.5 8415.5 2.0951e+06 724893 972502 563.752 -24.2021 -17.8315