
Step FractureNumber TipNr TipActive TipX TipY TipZ KI KII KIII G Phi Psi Extension
1010000 FRAC0_S 0 1 -14627.4 -29085.3 8500 -1.17362e+06 8.89954e+06 883030 7161.38 -67.5334 -6.07216
1010000 FRAC0_S 0 1 -14928.3 -29015 8500 -1.30818e+06 9.15903e+06 3.14118e+06 8787.57 -62.5169 -16.2462
1010000 FRAC0_S 0 1 -15236.2 -29041 8500 -1.29207e+06 7.49681e+06 4.97918e+06 8305.54 -55.4768 -23.8924
1010000 FRAC0_S 0 1 -15521 -29160.9 8500 -1.22973e+06 5.23825e+06 6.78746e+06 8572.38 -44.3933 -31.2875
1010000 FRAC0_S 0 1 -15754.8 -29363 8500 -1.05959e+06 1.33199e+06 5.66176e+06 4421.49 -21.2405 -38.5261
1010000 FRAC0_S 0 1 -15914.7 -29627.4 8500 -1.51085e+07 -2.14983e+06 5.95445e+06 5127.43 12.3656 -17.8368
1010000 FRAC0_S 0 1 -15985.1 -29928.3 8500 -1.97269e+06 -5.9319e+06 7.87228e+06 11377.9 42.7425 -30.7039
1010000 FRAC0_S 0 1 -15959 -30236.2 8500 -2.98242e+06 -7.0658e+06 4.72347e+06 7416.25 50.9505 -21.5674
1010000 FRAC0_S 0 1 -15839.1 -30521 8500 1.94109e+07 -1.13228e+07 5.06569e+06 48412.3 37.2773 -10.3764
1010000 FRAC0_S 0 1 -15637 -30754.8 8500 1.14916e+07 -1.1184e+07 1.86378e+06 23375.5 49.266 -5.7338
1010000 FRAC0_S 0 1 -15372.6 -30914.7 8500 -1.18393e+06 -1.12216e+07 -1.06159e+06 11371 68.0538 5.94355
1010000 FRAC0_S 0 1 -15071.7 -30985 8500 -1.74751e+06 -1.0581e+07 -3.5696e+06 11671.2 62.17 15.8497
1010000 FRAC0_S 0 1 -14763.8 -30959 8500 -1.23531e+06 -8.15466e+06 -5.23103e+06 9565.04 56.3082 23.6823
1010000 FRAC0_S 0 1 -14479 -30839.1 8500 -1.01956e+06 -5.54478e+06 -7.04337e+06 9337.65 45.4239 31.5318
1010000 FRAC0_S 0 1 -14245.2 -30637 8500 -1.02125e+06 -1.72301e+06 -6.09773e+06 5209.79 24.6233 38.0968
1010000 FRAC0_S 0 1 -14085.3 -30372.6 8500 -1.27365e+06 1.39523e+06 -7.249e+06 7162.36 -18.3097 39.3812
1010000 FRAC0_S 0 1 -14014.9 -30071.7 8500 -1.50101e+06 5.02534e+06 -7.02499e+06 8813.99 -42.2908 31.5668
1010000 FRAC0_S 0 1 -14041 -29763.8 8500 -996771 5.88501e+06 -4.22224e+06 5457.21 -54.5363 24.8877
1010000 FRAC0_S 0 1 -14160.9 -29479 8500 -1.24517e+06 9.14223e+06 -3.35968e+06 8949.08 -62.1457 17.0916
1010000 FRAC0_S 0 1 -14363 -29245.2 8500 -1.37852e+06 8.98613e+06 -1.1053e+06 7358.16 -66.7174 7.21
Step FractureNumber TipNr TipActive TipX TipY TipZ KI KII KIII G Phi Psi Extension
1010101 FRAC0_S 0 1 -14613 -29048.5 8408.65 1.61652e+07 6.31836e+06 623094 26894.7 -33.0481 -2.07935
1010101 FRAC0_S 0 1 -14926.4 -28969.3 8411.94 -4.41945e+06 1.40679e+07 1.03574e+06 17778.1 -64.5346 -4.04518
1010101 FRAC0_S 0 1 -15251.5 -28986.7 8419.14 9.45852e+06 4.97983e+06 5.6738e+06 14463.5 -30.3729 -19.3781
1010101 FRAC0_S 0 1 -15561 -29101.7 8435.37 5.2856e+06 4.54557e+06 7.14247e+06 11115.7 -32.472 -26.9789
1010101 FRAC0_S 0 1 -15822.5 -29308.5 8469.75 2.05891e+07 -1.36736e+06 1.104e+07 54151.8 5.68131 -22.4032
1010101 FRAC0_S 0 1 -16003.2 -29611.6 8521.73 412268 -2.76314e+06 1.09155e+07 16542.1 24.7615 -40.6199
1010101 FRAC0_S 0 1 -16059.6 -29920.2 8558.71 4.65742e+06 -4.40968e+06 7.56399e+06 11275.2 32.1993 -28.6491
1010101 FRAC0_S 0 1 -16024.8 -30252.9 8570.94 1.09147e+07 -1.04431e+07 1.05369e+07 35100.3 38.3349 -22.1668
1010101 FRAC0_S 0 1 -15898.7 -30558.2 8568.64 -7.73395e+06 -1.83214e+07 2.03051e+06 30460.3 61.5391 -5.46664
1010101 FRAC0_S 0 1 -15678.5 -30798.8 8576.21 1.18275e+07 -6.63464e+06 2.15865e+06 17007.7 37.798 -7.80366
1010101 FRAC0_S 0 1 -15391 -30956.1 8587.42 1.26057e+07 -6.00827e+06 -466423 17405.7 37.1439 1.887
1010101 FRAC0_S 0 1 -15073.7 -31030.5 8588.2 9.69225e+06 -6.0595e+06 -2.49198e+06 12468.8 38.7776 10.0386
1010101 FRAC0_S 0 1 -14748.8 -31012.6 8581.52 9.16227e+06 -5.70972e+06 -5.22915e+06 14022.4 34.1191 18.0578
1010101 FRAC0_S 0 1 -14439.8 -30897.1 8566.84 6.05254e+06 -5.24119e+06 -7.37166e+06 12939.7 33.7923 25.6579
1010101 FRAC0_S 0 1 -14179.3 -30690.2 8530.78 3.01797e+06 -3.10406e+06 -9.02521e+06 12503.7 25.75 34.7594
1010101 FRAC0_S 0 1 -14005.5 -30406.5 8477.89 2.1568e+06 1.09939e+06 -9.05012e+06 11415.5 -11.9483 39.5145
1010101 FRAC0_S 0 1 -13941.9 -30079.9 8438.14 4.13718e+06 3.70368e+06 -7.59866e+06 10426.9 -29.5556 30.395
1010101 FRAC0_S 0 1 -13984.4 -29752 8420.35 6.50805e+06 4.31101e+06 -5.46017e+06 9395.51 -32.1654 22.4493
1010101 FRAC0_S 0 1 -14120.6 -29455.7 8412.47 -7632.48 6.72416e+06 -524677 4065.66 -69.6233 5.46725
1010101 FRAC0_S 0 1 -14336.7 -29215.1 8408.86 1.31394e+07 4.77586e+06 -2.11792e+06 18013.3 -29.3974 7.87739