
Step FractureNumber TipNr TipActive TipX TipY TipZ KI KII KIII G Phi Psi Extension
1010000 FRAC0_S 0 1 22365.2 36521.5 8500 1.41151e+06 3.40436e+06 1.22303e+06 1409.24 -56.6773 -14.4435
1010000 FRAC0_S 0 1 22674.1 36527.8 8500 1.21711e+06 2.14169e+06 1.49379e+06 837.516 -48.1537 -20.8839
1010000 FRAC0_S 0 1 22966 36629.2 8500 1.32795e+06 1.42096e+06 1.96225e+06 849.173 -35.8581 -26.763
1010000 FRAC0_S 0 1 23212.3 36815.8 8500 1.09572e+06 367197 1.98187e+06 641.399 -14.1279 -33.9524
1010000 FRAC0_S 0 1 23388.9 37069.4 8500 1.14843e+06 -492965 2.05892e+06 702.989 17.4088 -33.1838
1010000 FRAC0_S 0 1 23478.5 37365.1 8500 1.30875e+06 -1.48529e+06 2.02045e+06 892.147 36.5284 -26.9217
1010000 FRAC0_S 0 1 23472.2 37674.1 8500 1.04861e+06 -2.05547e+06 1.3886e+06 730.922 49.3997 -20.9558
1010000 FRAC0_S 0 1 23370.8 37966 8500 982487 -2.49903e+06 873048 743.898 57.29 -14.3118
1010000 FRAC0_S 0 1 23184.2 38212.3 8500 694108 -1.98218e+06 226356 399.865 62.9608 -5.88196
1010000 FRAC0_S 0 1 22930.6 38388.9 8500 951398 -2.73899e+06 -250384 757.506 63.4899 4.82265
1010000 FRAC0_S 0 1 22634.8 38478.5 8500 1.02452e+06 -2.78837e+06 -832765 878.599 58.8118 12.9216
1010000 FRAC0_S 0 1 22325.9 38472.2 8500 999710 -2.08968e+06 -1.29449e+06 701.048 50.8291 20.1548
1010000 FRAC0_S 0 1 22034 38370.8 8500 1.19088e+06 -1.73136e+06 -1.95044e+06 899.454 40.9071 25.9345
1010000 FRAC0_S 0 1 21787.7 38184.2 8500 1.07289e+06 -786703 -2.09438e+06 741.118 25.0841 32.057
1010000 FRAC0_S 0 1 21611.1 37930.6 8500 1.20209e+06 388658 -2.22272e+06 799.311 -13.5413 34.2522
1010000 FRAC0_S 0 1 21521.5 37634.9 8500 1.06108e+06 1.0674e+06 -1.74743e+06 607.971 -33.2462 28.4582
1010000 FRAC0_S 0 1 21527.8 37325.9 8500 1.30901e+06 2.50654e+06 -1.88881e+06 1187.04 -48.0016 22.2091
1010000 FRAC0_S 0 1 21629.2 37034 8500 1.69813e+06 3.59478e+06 -1.37901e+06 1661.4 -55.1101 14.7119
1010000 FRAC0_S 0 1 21815.8 36787.7 8500 1.54405e+06 3.95636e+06 -522492 1643.57 -61.7591 6.51823
1010000 FRAC0_S 0 1 22069.4 36611.1 8500 1.63081e+06 3.91036e+06 375315 1618.3 -61.952 -4.81518
Step FractureNumber TipNr TipActive TipX TipY TipZ KI KII KIII G Phi Psi Extension
1010101 FRAC0_S 0 1 22359.2 36467.4 8417.53 5.60508e+06 712172 1.19775e+06 3035.56 -12.6387 -11.5934
1010101 FRAC0_S 0 1 22687.7 36463.5 8427.22 3.50889e+06 663857 1.58395e+06 1470.1 -15.2138 -18.9633
1010101 FRAC0_S 0 1 23005.6 36560.3 8445.99 3.38821e+06 853065 2.56576e+06 1963.38 -16.4456 -24.7119
1010101 FRAC0_S 0 1 23278.3 36754 8480.63 2.56924e+06 415617 2.78156e+06 1632.63 -9.72693 -29.9465
1010101 FRAC0_S 0 1 23469.2 37029 8523.73 2.09154e+06 -189920 2.43133e+06 1179.24 5.52816 -31.4572
1010101 FRAC0_S 0 1 23555.7 37352.1 8556.22 2.45461e+06 -579779 2.02005e+06 1109.57 15.1379 -25.9024
1010101 FRAC0_S 0 1 23536.1 37683.5 8573.88 3.59271e+06 -644576 1.7811e+06 1609.13 14.1912 -20.1934
1010101 FRAC0_S 0 1 23418.6 37989.8 8583.32 3.55176e+06 -614805 1.16162e+06 1337.27 15.2222 -15.4366
1010101 FRAC0_S 0 1 23216.7 38245.1 8587.94 3.42673e+06 -388308 427078 1084.07 12.2286 -7.51823
1010101 FRAC0_S 0 1 22950 38430 8588.4 3.83955e+06 -599530 -91531 1346.82 17.3002 1.56235
1010101 FRAC0_S 0 1 22640.5 38529.7 8584.53 3.05784e+06 -711972 -508996 912.841 21.3572 8.8117
1010101 FRAC0_S 0 1 22313.2 38532.8 8576.52 2.96186e+06 -699466 -1.28668e+06 1045.51 18.392 18.0516
1010101 FRAC0_S 0 1 21997 38435.4 8562.72 2.7349e+06 -688822 -1.94177e+06 1210.26 16.8195 23.9061
1010101 FRAC0_S 0 1 21693.7 38212.9 8526.12 2.25697e+06 -345810 -2.32471e+06 1183.34 9.4804 29.454
1010101 FRAC0_S 0 1 21530.3 37970.3 8485.19 2.239e+06 71101.1 -2.52492e+06 1295.08 -2.04362 31.7334
1010101 FRAC0_S 0 1 21441.7 37648.2 8448.16 2.92546e+06 674906 -2.38881e+06 1562.17 -14.8874 25.8609
1010101 FRAC0_S 0 1 21461.5 37316.1 8428.63 4.29904e+06 881432 -2.06718e+06 2284.48 -15.9909 19.5626
1010101 FRAC0_S 0 1 21579.3 37009 8418.38 5.06993e+06 696591 -1.49327e+06 2630.31 -12.7888 14.6477
1010101 FRAC0_S 0 1 21781.7 36753.3 8413.38 5.23657e+06 521081 -658406 2525.4 -10.9084 7.65673
1010101 FRAC0_S 0 1 22049.1 36567.9 8412.96 6.29784e+06 759252 314933 3598.91 -13.6762 -3.27194