
Step FractureNumber TipNr TipActive TipX TipY TipZ KI KII KIII G Phi Psi Extension
1010000 FRAC0_S 0 1 15365.1 44082.3 8500 799101 2.28248e+06 1.35226e+06 764.346 -53.5197 -20.7194
1010000 FRAC0_S 0 1 15661.6 44265.6 8500 743501 1.68611e+06 1.841e+06 753.373 -44.3627 -27.4922
1010000 FRAC0_S 0 1 15834.9 44472.2 8500 665704 641821 1.91028e+06 561.539 -25.1394 -34.6752
1010000 FRAC0_S 0 1 15957.1 44756 8500 615932 -227624 1.85072e+06 493.972 11.3281 -38.008
1010000 FRAC0_S 0 1 15985.6 45063.7 8500 617256 -1.13358e+06 1.85436e+06 605.798 37.0995 -31.3893
1010000 FRAC0_S 0 1 15917.7 45365.2 8500 521274 -1.64365e+06 1.3195e+06 496.515 50.4639 -24.8052
1010000 FRAC0_S 0 1 15744.4 45649.6 8500 383068 -1.54186e+06 635944 278.71 58.9164 -17.3347
1010000 FRAC0_S 0 1 15527.8 45834.8 8500 492938 -2.45033e+06 414968 579.582 64.8837 -9.13438
1010000 FRAC0_S 0 1 15244 45957 8500 344531 -1.82254e+06 -68896.2 307.2 67.6069 2.37206
1010000 FRAC0_S 0 1 14936.3 45985.6 8500 516523 -2.71767e+06 -723650 751.565 63.127 13.1583
1010000 FRAC0_S 0 1 14634.9 45917.7 8500 501157 -2.37886e+06 -1.21252e+06 722.189 57.7265 20.2128
1010000 FRAC0_S 0 1 14369.1 45760 8500 483330 -1.26743e+06 -1.34185e+06 403.436 45.6186 27.6308
1010000 FRAC0_S 0 1 14165.1 45527.8 8500 561303 -834923 -1.91308e+06 576.957 30.8657 34.0629
1010000 FRAC0_S 0 1 14042.9 45244 8500 611516 97151.9 -2.02308e+06 578.516 -4.89042 39.6661
1010000 FRAC0_S 0 1 14014.4 44936.3 8500 647449 965730 -1.87145e+06 586.272 -33.4231 32.3723
1010000 FRAC0_S 0 1 14082.3 44634.8 8500 799210 2.10544e+06 -1.81773e+06 891.384 -48.5037 25.1343
1010000 FRAC0_S 0 1 14240 44369.1 8500 763454 2.63758e+06 -1.1862e+06 859.001 -57.3552 17.9631
1010000 FRAC0_S 0 1 14472.2 44165.2 8500 794989 3.07115e+06 -564394 939.165 -63.4102 9.40071
1010000 FRAC0_S 0 1 14756 44043 8500 676346 2.48077e+06 119565 591.069 -65.8699 -2.80225
1010000 FRAC0_S 0 1 15063.7 44014.4 8500 736931 3.02371e+06 771205 942.21 -62.2477 -12.318
Step FractureNumber TipNr TipActive TipX TipY TipZ KI KII KIII G Phi Psi Extension
1010101 FRAC0_S 0 1 15388.3 44029.3 8420.2 3.72212e+06 1.20541e+06 1.63722e+06 1720.53 -23.3464 -17.4004
1010101 FRAC0_S 0 1 15678.4 44186.7 8434.32 2.60355e+06 941970 2.16219e+06 1304.88 -21.1983 -24.8123
1010101 FRAC0_S 0 1 15908.3 44428.3 8466.19 1.2565e+06 352203 1.83871e+06 601.391 -13.5724 -32.2145
1010101 FRAC0_S 0 1 16043.6 44733.1 8514.28 1.19378e+06 -78616.6 1.92775e+06 621.802 3.39707 -35.0118
1010101 FRAC0_S 0 1 16064 45066.1 8554.35 1.75248e+06 -623232 2.10982e+06 900.315 18.1006 -29.3873
1010101 FRAC0_S 0 1 15977.1 45386.5 8575.05 2.52079e+06 -966096 1.90606e+06 1132.6 22.8333 -23.4457
1010101 FRAC0_S 0 1 15800.3 45662.2 8584.73 2.74616e+06 -922394 1.18061e+06 933.208 24.0976 -17.0343
1010101 FRAC0_S 0 1 15551.4 45870.2 8589.79 3.20258e+06 -925381 601712 1038.42 24.7119 -9.3891
1010101 FRAC0_S 0 1 15253.6 45995.8 8591.17 4.03771e+06 -812444 27546.9 1511.69 21.3768 -0.439453
1010101 FRAC0_S 0 1 14932.2 46029.8 8588.85 3.68916e+06 -820859 -684982 1335.23 20.3736 9.71089
1010101 FRAC0_S 0 1 14613.1 45967.3 8582.44 4.11566e+06 -933029 -1.47703e+06 1877.14 18.5858 15.964
1010101 FRAC0_S 0 1 14323.7 45810.7 8569.7 1.90935e+06 -747444 -1.44882e+06 653.821 23.1675 23.4158
1010101 FRAC0_S 0 1 14093.6 45570.3 8541.39 1.42648e+06 -767458 -2.3653e+06 977.894 21.5828 31.584
1010101 FRAC0_S 0 1 13955.7 45266.4 8494.79 1.48659e+06 23425 -2.43815e+06 987.609 -0.828172 35.5834
1010101 FRAC0_S 0 1 13933.2 44933.6 8451.6 1.7945e+06 573333 -2.38777e+06 1074.54 -15.8609 30.8442
1010101 FRAC0_S 0 1 14020.3 44612.6 8427.73 2.53712e+06 1.21679e+06 -2.11566e+06 1300.84 -26.0144 23.8274
1010101 FRAC0_S 0 1 14197.9 44336.3 8416.82 3.71186e+06 905875 -1.52247e+06 1609.16 -19.1308 17.3113
1010101 FRAC0_S 0 1 14450.5 44125.8 8411.39 3.69331e+06 645909 -691983 1316.37 -16.8196 10.1037
1010101 FRAC0_S 0 1 14745.7 44002 8409.89 5.1548e+06 917165 4163.88 2442.79 -19.5375 -0.0534367
1010101 FRAC0_S 0 1 15068.2 43967.4 8412.83 5.14448e+06 1.44691e+06 937335 2661.76 -24.3205 -9.19957