
Step FractureNumber TipNr TipActive TipX TipY TipZ KI KII KIII G Phi Psi Extension
1010000 FRAC0_S 0 1 344.507 -6574.35 8500 44445.5 73536.6 -38305.4 0.853053 -50.3757 17.1351
1010000 FRAC0_S 0 1 41.602 -6513.19 8500 39944.5 2021.16 996.035 0.142677 -6.43144 -1.79063
1010000 FRAC0_S 0 1 -265.376 -6548.63 8500 38152.7 -174308 -35612.4 3.00585 63.8107 10.5173
1010000 FRAC0_S 0 1 -546.377 -6677.2 8500 35385 621.175 -17.0885 0.111609 -2.39331 0.0369936
1010000 FRAC0_S 0 1 -773.894 -6886.31 8500 30117.6 -181566 -104232 4.46341 57.3402 22.1427
1010000 FRAC0_S 0 1 -925.658 -7155.49 8500 47624.7 -5394.13 -82552.8 1.11109 5.45951 35.26
1010000 FRAC0_S 0 1 -986.812 -7458.4 8500 42196.1 848.028 -549.168 0.158765 -2.69695 0.977371
1010000 FRAC0_S 0 1 -951.369 -7765.37 8500 33812.5 1199.72 -344.318 0.102022 -4.66989 0.75647
1010000 FRAC0_S 0 1 -822.8 -8046.38 8500 37796.6 68423.2 -91035.4 1.64672 -40.1401 28.9691
1010000 FRAC0_S 0 1 -613.69 -8273.89 8500 37735.3 250.823 197.886 0.126899 -0.916611 -0.403344
1010000 FRAC0_S 0 1 -344.507 -8425.65 8500 33832.6 -213.554 528.376 0.10204 0.862057 -1.18431
1010000 FRAC0_S 0 1 -41.602 -8486.81 8500 39441.3 369.666 -845.151 0.138728 -1.26716 1.60719
1010000 FRAC0_S 0 1 265.376 -8451.37 8500 37622.8 173984 39427.8 3.03027 -63.4055 -11.4367
1010000 FRAC0_S 0 1 546.377 -8322.8 8500 37894.8 219.605 -1768.15 0.128383 -0.768758 3.39319
1010000 FRAC0_S 0 1 773.894 -8113.69 8500 33155.6 -1460.89 -811.753 0.0982358 5.6539 1.76986
1010000 FRAC0_S 0 1 925.658 -7844.51 8500 27319.2 -4907.77 -114148 1.80162 4.61533 40.7584
1010000 FRAC0_S 0 1 986.812 -7541.6 8500 52192.9 901.212 2296.12 0.243518 -2.2593 -3.17667
1010000 FRAC0_S 0 1 951.369 -7234.63 8500 52223 -50326.1 -35049.7 0.632103 41.8404 17.7273
1010000 FRAC0_S 0 1 822.8 -6953.62 8500 36183.9 -1861.17 -185.936 0.116983 6.6496 0.378571
1010000 FRAC0_S 0 1 613.69 -6726.11 8500 31709.7 1385.68 -114.151 0.0897734 -5.71969 0.267718
Step FractureNumber TipNr TipActive TipX TipY TipZ KI KII KIII G Phi Psi Extension
1010101 FRAC0_S 0 1 344.507 -6574.35 8500 69805.7 -300776 119044 10.3805 59.5864 -17.0136
1010101 FRAC0_S 0 1 38.6375 -6502.56 8522.43 -60837.1 46255 58727.3 0.649356 -33.6059 -23.4855
1010101 FRAC0_S 0 1 -271.305 -6527.38 8544.87 9104.72 28114.7 86160.4 1.06516 -28.2672 -38.377
1010101 FRAC0_S 0 1 -559.912 -6658.19 8543.48 251912 -79097.5 -26743.6 6.30752 27.5315 5.64644
1010101 FRAC0_S 0 1 -818.36 -6860.87 8544.47 234485 -181819 -95640.4 9.06192 40.8922 13.4201
1010101 FRAC0_S 0 1 -982.876 -7129.75 8525.8 46701.7 -28029.9 45098.4 0.534869 28.9179 -24.6814
1010101 FRAC0_S 0 1 -1010.14 -7449.71 8502.38 39400.1 -15320.6 -123827 2.19855 11.4975 38.2227
1010101 FRAC0_S 0 1 -967.291 -7775.94 8483.88 52365.9 -7138.46 28220.4 0.354817 10.9288 -21.677
1010101 FRAC0_S 0 1 -854.643 -8067.52 8467.77 78884.5 40007.1 52444.9 1.06295 -28.8735 -20.7834
1010101 FRAC0_S 0 1 -629.611 -8284.47 8483.88 15731.2 9559.29 104867 1.49281 -9.90457 -41.4224
1010101 FRAC0_S 0 1 -344.507 -8425.65 8500 41118.8 5990.47 30061.4 0.274051 -10.4459 -25.3769
1010101 FRAC0_S 0 1 -38.595 -8497.59 8477.65 -105429 -77883.9 -12695.9 0.56197 44.5768 4.91377
1010101 FRAC0_S 0 1 271.39 -8472.93 8455.29 215836 66859.7 -28766.5 4.65959 -26.8273 6.92255
1010101 FRAC0_S 0 1 549.383 -8333.58 8477.65 -8960.39 -32475.7 4472.13 0.0966417 64.0072 -7.28518
1010101 FRAC0_S 0 1 797.248 -8122.38 8502.01 16590.9 129974 240602 9.22914 -39.1099 -35.7282
1010101 FRAC0_S 0 1 972.366 -7861.89 8504.02 44015.6 -17629.4 4954.59 0.203599 32.1541 -5.62008
1010101 FRAC0_S 0 1 1010.17 -7550.3 8502.01 48649.5 29443.9 124553 2.35144 -18.8638 -35.4748
1010101 FRAC0_S 0 1 951.369 -7234.63 8500 42556.1 593.981 78.9999 0.161412 -1.91043 -0.142433
1010101 FRAC0_S 0 1 822.8 -6953.62 8500 42113.3 4674.31 2771.3 0.161007 -12.5819 -4.25851
1010101 FRAC0_S 0 1 613.69 -6726.11 8500 43905.7 9602.78 7758.22 0.188001 -20.2236 -9.348