
Step FractureNumber TipNr TipActive TipX TipY TipZ KI KII KIII G Phi Psi Extension
1010000 FRAC0_S 0 1 -44553.7 -22141.5 7695.15 3.36221e+06 1.56397e+06 -285421 1236.13 -35.7092 4.17281
1010000 FRAC0_S 0 1 -44783.1 -21935.8 7718.88 3.32965e+06 1.64598e+06 52316.4 1229.71 -38.3295 -0.808028
1010000 FRAC0_S 0 1 -45033.7 -21785.4 7819.07 3.1778e+06 1.09996e+06 379282 1026.82 -29.1619 -6.13364
1010000 FRAC0_S 0 1 -45281.1 -21704.9 7985.91 2.96201e+06 1.171e+06 647217 959.708 -30.0947 -9.95585
1010000 FRAC0_S 0 1 -45500.9 -21702.1 8203.08 3.05638e+06 876555 951792 1021.37 -22.8686 -13.9454
1010000 FRAC0_S 0 1 -45671.7 -21777.6 8449.3 2.96041e+06 510856 1.18166e+06 989.928 -14.5271 -17.6806
1010000 FRAC0_S 0 1 -45776.8 -21923.7 8700.5 3.26632e+06 -176711 1.32445e+06 1186.79 5.09305 -19.1222
1010000 FRAC0_S 0 1 -45805.7 -22126.3 8932.07 2.20312e+06 -490727 859392 552.202 17.9998 -16.9348
1010000 FRAC0_S 0 1 -45755.9 -22365.5 9121.34 3.12422e+06 -1.23891e+06 985357 1135.69 28.6734 -13.2499
1010000 FRAC0_S 0 1 -45632.1 -22617.7 9249.79 2.97672e+06 -1.58886e+06 652497 1071.17 36.1387 -9.23757
1010000 FRAC0_S 0 1 -45446.3 -22858.5 9304.85 2.57932e+06 -1.58419e+06 272794 826.372 41.0673 -4.67154
1010000 FRAC0_S 0 1 -45216.9 -23064.2 9281.12 3.0586e+06 -1.9277e+06 -97303.8 1166.02 43.0225 1.48088
1010000 FRAC0_S 0 1 -44966.3 -23214.6 9180.93 2.96062e+06 -1.46201e+06 -478324 1001.97 35.5343 7.29832
1010000 FRAC0_S 0 1 -44718.9 -23295.1 9014.09 2.74672e+06 -1.27795e+06 -721729 887.095 32.62 11.0975
1010000 FRAC0_S 0 1 -44499.1 -23297.9 8796.92 3.09011e+06 -823638 -935726 1027.8 21.7585 13.8218
1010000 FRAC0_S 0 1 -44328.3 -23222.4 8550.7 2.80644e+06 -390681 -1.0364e+06 858.3 12.3234 17.1173
1010000 FRAC0_S 0 1 -44223.2 -23076.3 8299.5 3.75503e+06 218787 -1.25632e+06 1470.66 -5.73396 16.8321
1010000 FRAC0_S 0 1 -44194.3 -22873.7 8067.93 2.68295e+06 557064 -863821 768.329 -17.7141 14.9562
1010000 FRAC0_S 0 1 -44244.1 -22634.5 7878.66 3.42254e+06 1.07429e+06 -919616 1259.13 -25.0137 12.2918
1010000 FRAC0_S 0 1 -44367.9 -22382.3 7750.21 3.3474e+06 1.36348e+06 -599795 1212 -31.3298 8.38849
Step FractureNumber TipNr TipActive TipX TipY TipZ KI KII KIII G Phi Psi Extension
1010101 FRAC0_S 0 1 -44550.7 -22146.3 7597.04 3.51607e+06 -494765 -275766 1133.57 15.2264 4.88133
1010101 FRAC0_S 0 1 -44799.3 -21923.6 7622.9 3.74378e+06 -551440 -67483.6 1276.66 16.5774 1.19863
1010101 FRAC0_S 0 1 -45067.3 -21755.4 7731.94 2.87008e+06 -270934 192000 745.473 10.9178 -4.38374
1010101 FRAC0_S 0 1 -45332.9 -21662.7 7914.3 3.65984e+06 -286570 644638 1256.17 8.46596 -10.3015
1010101 FRAC0_S 0 1 -45568.9 -21652 8154.65 3.15598e+06 53343.5 971863 1013.43 -1.77472 -16.3472
1010101 FRAC0_S 0 1 -45747.4 -21720.7 8433.39 3.73828e+06 -172895 1.14969e+06 1423.75 4.70116 -16.0164
1010101 FRAC0_S 0 1 -45848.4 -21864.6 8723.17 3.41257e+06 93123.6 1.11139e+06 1202.79 -2.79523 -16.8635
1010101 FRAC0_S 0 1 -45863.8 -22073.7 8988.85 3.32443e+06 259620 1.07731e+06 1145.19 -7.58033 -16.2643
1010101 FRAC0_S 0 1 -45794.9 -22326.1 9201.49 3.56165e+06 260415 923087 1249.77 -7.47239 -13.9247
1010101 FRAC0_S 0 1 -45649.7 -22593 9343.04 3.92947e+06 338903 765332 1464.06 -9.10843 -11.0964
1010101 FRAC0_S 0 1 -45443 -22847.7 9402.68 3.37007e+06 93089.3 378337 1031.86 -3.35146 -7.36189
1010101 FRAC0_S 0 1 -45216 -23053.1 9382.41 3.9906e+06 148342 88643.3 1422.07 -4.82629 -1.62098
1010101 FRAC0_S 0 1 -44928.5 -23237 9268.8 3.6271e+06 510786 -362086 1213 -14.9893 6.06253
1010101 FRAC0_S 0 1 -44665.2 -23333.2 9086.31 2.908e+06 128054 -566564 797.709 -4.8878 11.4505
1010101 FRAC0_S 0 1 -44431.4 -23348.5 8844.66 3.34919e+06 423716 -788505 1098.24 -12.4008 12.4973
1010101 FRAC0_S 0 1 -44253.7 -23281.3 8565.2 3.33618e+06 166478 -902767 1102.67 -5.19054 14.5981
1010101 FRAC0_S 0 1 -44157.1 -23151.1 8299.3 3.59935e+06 -134216 -1.09491e+06 1315.5 3.83747 15.9905
1010101 FRAC0_S 0 1 -44134.9 -22925.7 8011.47 3.39503e+06 -255319 -844007 1127.65 7.72734 13.4841
1010101 FRAC0_S 0 1 -44200.5 -22671.3 7799.42 3.72728e+06 -447421 -839538 1349.55 11.9349 12.1345
1010101 FRAC0_S 0 1 -44343.6 -22402.4 7657.45 3.73296e+06 -522916 -552562 1306.72 14.3971 8.5276