
Step FractureNumber TipNr TipActive TipX TipY TipZ KI KII KIII G Phi Psi Extension
1010000 FRAC0_S 0 1 -45000 15987.2 8471.27 -607217 81923.3 -558366 42.0639 -8.89187 28.3007
1010000 FRAC0_S 0 1 -45000 15947.8 8777.76 -497081 251796 -472625 35.3585 -25.8846 25.2395
1010000 FRAC0_S 0 1 -45000 15815.6 9057.06 -358388 477741 -155333 23.5472 -51.2068 11.4103
1010000 FRAC0_S 0 1 -45000 15603.5 9281.83 -276298 412206 -139608 17.7332 -52.3433 12.2118
1010000 FRAC0_S 0 1 -45000 15332.4 9430.08 -212468 536461 -156943 28.921 -58.3592 12.5231
1010000 FRAC0_S 0 1 -45000 15028.7 9487.27 -155848 543655 -37697.4 26.5264 -65.1751 3.90231
1010000 FRAC0_S 0 1 -45000 14722.2 9447.82 -81716.7 501656 73910.6 23.1519 -66.0757 -8.35371
1010000 FRAC0_S 0 1 -45000 14442.9 9315.6 -128346 583069 253536 38.844 -59.0366 -18.2159
1010000 FRAC0_S 0 1 -45000 14218.2 9103.54 -103260 393512 332392 28.4933 -50.676 -25.9652
1010000 FRAC0_S 0 1 -45000 14070 8832.4 -164665 946834 430446 104.529 -59.5731 -19.2027
1010000 FRAC0_S 0 1 -45000 14012.8 8528.73 -292955 -22064.2 607675 49.1561 3.30777 -37.0565
1010000 FRAC0_S 0 1 -45000 14052.2 8222.24 -488880 -909414 562842 115.83 49.8681 -19.6677
1010000 FRAC0_S 0 1 -45000 14184.4 7942.94 -678297 -357538 943754 129.851 23.0023 -29.6856
1010000 FRAC0_S 0 1 -45000 14396.5 7718.17 -543229 -702158 256959 52.7152 50.1417 -12.3756
1010000 FRAC0_S 0 1 -45000 14667.6 7569.92 -866666 -1.33108e+06 137683 160.403 57.054 -4.48372
1010000 FRAC0_S 0 1 -45000 14971.3 7512.73 -879029 -1.15418e+06 -122073 120.688 54.8976 4.31199
1010000 FRAC0_S 0 1 -45000 15277.8 7552.18 -596544 42423.4 -895900 106.911 -3.81609 34.2853
1010000 FRAC0_S 0 1 -45000 15557.1 7684.4 -858762 -688939 -485922 73.6989 39.3946 16.7535
1010000 FRAC0_S 0 1 -45000 15781.8 7896.46 -497876 247326 -314178 18.579 -28.8694 20.2299
1010000 FRAC0_S 0 1 -45000 15930 8167.6 -672406 -165291 -549960 42.6612 15.683 25.7298
Step FractureNumber TipNr TipActive TipX TipY TipZ KI KII KIII G Phi Psi Extension
1010101 FRAC0_S 0 1 -45011.9 16080.9 8468.07 -372334 155660 -389907 22.3788 -21.7285 27.1784
1010101 FRAC0_S 0 1 -45045.2 16028.6 8798.53 -206505 505446 -390845 43.0825 -49.4617 23.4991
1010101 FRAC0_S 0 1 -45069.7 15872.4 9093.14 136617 478005 -148874 24.9715 -60.2126 13.9545
1010101 FRAC0_S 0 1 -45080.4 15639.6 9327.2 256196 240204 179611 15.2809 -40.9076 -18.3945
1010101 FRAC0_S 0 1 -45085 15350.9 9477.35 334499 398898 -93856.5 25.3213 -51.2315 8.42475
1010101 FRAC0_S 0 1 -45089.5 15030.9 9530.33 399540 309717 -67120.3 23.3718 -44.7097 6.49671
1010101 FRAC0_S 0 1 -45089.8 14709.6 9488.39 509967 348772 65326.9 34.5817 -42.8686 -5.34928
1010101 FRAC0_S 0 1 -45085.1 14413.1 9356.25 497577 278155 19836.4 29.0089 -40.3914 -1.9243
1010101 FRAC0_S 0 1 -45081.7 14173.9 9137.79 645973 453730 141884 58.2065 -41.8136 -8.48261
1010101 FRAC0_S 0 1 -45061 14008.5 8851.33 375260 478079 397572 53.9378 -43.2813 -21.457
1010101 FRAC0_S 0 1 -44999.5 13935.4 8529.91 -39408.2 12922.6 609987 49.502 -2.70492 -43.8458
1010101 FRAC0_S 0 1 -44950.5 13977.3 8200.92 45767.6 -532471 423710 49.3291 54.6313 -27.0836
1010101 FRAC0_S 0 1 -44942.1 14121.1 7899.76 7602.97 -886898 542737 109.275 59.7363 -24.7489
1010101 FRAC0_S 0 1 -44930.9 14353.3 7667.02 335893 -958635 132234 94.2698 62.4643 -6.94567
1010101 FRAC0_S 0 1 -44918.4 14648.2 7517.27 981247 -1.03075e+06 -744161 254.125 42.5669 18.6543
1010101 FRAC0_S 0 1 -44939.7 14972.9 7447.25 153183 -874975 -95058.4 71.5138 66.5808 6.36482
1010101 FRAC0_S 0 1 -44967 15302.2 7473.97 -361430 -980512 -296431 97.3575 58.714 13.0323
1010101 FRAC0_S 0 1 -44982 15603.2 7615.17 -490143 -634657 -326263 50.0501 47.8416 15.8695
1010101 FRAC0_S 0 1 -45001.5 15850.1 7845.65 -525441 224201 -345125 20.321 -25.7353 21.3099
1010101 FRAC0_S 0 1 -45002.4 16017.4 8137.3 -660365 -82125.4 -319684 14.1933 10.4061 20.4865