
Step FractureNumber TipNr TipActive TipX TipY TipZ KI KII KIII G Phi Psi Extension
1010000 FRAC0_S 0 1 30000 984.872 8574.53 1.00483e+07 -2.20214e+06 8.20685e+06 18387.2 14.2593 -25.9804
1010000 FRAC0_S 0 1 30000 913.64 8875.22 1.33945e+07 -5.17334e+06 5.84924e+06 22922.7 26.52 -16.7916
1010000 FRAC0_S 0 1 30000 752.975 9139.18 1.5535e+06 -6.43716e+06 3.8764e+06 5906.03 55.3447 -21.9577
1010000 FRAC0_S 0 1 30000 518.603 9340.58 727516 -9.75582e+06 2.76908e+06 9548.12 65.127 -14.8573
1010000 FRAC0_S 0 1 30000 233.466 9459.7 -723416 -7.53565e+06 413924 5082.98 68.7962 -3.64744
1010000 FRAC0_S 0 1 30000 -74.5244 9484.87 -669701 -9.63015e+06 -1.39334e+06 8522.25 67.8211 8.82577
1010000 FRAC0_S 0 1 30000 -375.22 9413.64 -16485.7 -8.86747e+06 -3.40566e+06 8549.5 64.5723 19.0809
1010000 FRAC0_S 0 1 30000 -639.186 9252.98 819642 -5.25844e+06 -3.90996e+06 4557.14 54.3041 25.4772
1010000 FRAC0_S 0 1 30000 -840.583 9018.61 -4.60571e+06 -4.64329e+06 -6.44871e+06 7452.14 35.2866 26.4737
1010000 FRAC0_S 0 1 30000 -959.699 8733.46 6.77042e+06 -1.49015e+06 -7.46814e+06 11700.4 12.6354 29.5955
1010000 FRAC0_S 0 1 30000 -984.872 8425.47 1.06645e+07 2.263e+06 -7.85448e+06 18796.1 -14.4149 24.766
1010000 FRAC0_S 0 1 30000 -913.64 8124.78 1.27672e+07 5.60348e+06 -6.55515e+06 23038 -27.9352 18.2306
1010000 FRAC0_S 0 1 30000 -749.835 7857.12 9.93834e+06 4.92658e+06 -2.87603e+06 12064.4 -33.4793 11.7775
1010000 FRAC0_S 0 1 30000 -518.603 7659.42 1.75466e+07 9.63267e+06 -2.82565e+06 36765.8 -37.7306 7.05282
1010000 FRAC0_S 0 1 30000 -233.466 7540.3 -2.26209e+07 8.00861e+06 -101674 5716.7 -31.7304 0.257702
1010000 FRAC0_S 0 1 30000 74.5244 7515.13 1.84613e+07 9.79438e+06 1.34044e+06 39157.8 -38.6646 -3.46501
1010000 FRAC0_S 0 1 30000 375.22 7586.36 1.79849e+07 8.94928e+06 3.30591e+06 37413.4 -35.3011 -8.13275
1010000 FRAC0_S 0 1 30000 639.186 7747.02 1.97992e+07 7.25771e+06 4.41861e+06 42222.5 -28.5597 -10.2995
1010000 FRAC0_S 0 1 30000 840.583 7981.39 5.25308e+07 5.25384e+06 6.07774e+06 253271 -11.0438 -7.12431
1010000 FRAC0_S 0 1 30000 959.699 8266.54 8.74333e+06 978221 6.20636e+06 12020.4 -8.33414 -25.3826
Step FractureNumber TipNr TipActive TipX TipY TipZ KI KII KIII G Phi Psi Extension
1010101 FRAC0_S 0 1 30019.9 1077.93 8580.84 1.08034e+07 -716529 8.53283e+06 20129.6 4.91315 -27.2153
1010101 FRAC0_S 0 1 30049.1 990.026 8903.25 1.02255e+07 -2.2615e+06 6.05944e+06 14656.4 16.0304 -21.9614
1010101 FRAC0_S 0 1 30075 800.864 9175.03 7.6969e+06 -4.90493e+06 2.56588e+06 8298.56 37.953 -12.2507
1010101 FRAC0_S 0 1 30089.3 542.62 9376.47 1.21149e+07 -4.08354e+06 2.998e+06 15760.2 26.6137 -11.3767
1010101 FRAC0_S 0 1 30092.4 242.549 9495.63 8.56143e+06 -2.94244e+06 -167041 7306.81 30.847 1.10963
1010101 FRAC0_S 0 1 30092.2 -77.8891 9522.41 8.56133e+06 1.2322e+07 -1.2432e+06 20266.8 -56.2557 4.27832
1010101 FRAC0_S 0 1 30088.7 -393.528 9454.03 8.50137e+06 -3.09139e+06 -1.81253e+06 7728.81 28.5627 9.94311
1010101 FRAC0_S 0 1 30077.7 -679.511 9295.86 1.14725e+07 -1.19409e+06 -5.12511e+06 15349 9.08083 19.7305
1010101 FRAC0_S 0 1 30054.7 -908.46 9056.92 -1.82619e+07 -1.59751e+07 -3.53737e+06 24405.4 46.6875 7.01489
1010101 FRAC0_S 0 1 30019.1 -1048.62 8753.89 9.28457e+06 -264193 -7.1642e+06 14514.1 2.19558 27.3718
1010101 FRAC0_S 0 1 29981.3 -1077.3 8419.2 1.23582e+07 191720 -7.13304e+06 20379.7 -1.35702 23.933
1010101 FRAC0_S 0 1 29956.5 -994.544 8092.68 7.40408e+06 5.27807e+06 -9.5203e+06 19422.1 -29.3256 27.3785
1010101 FRAC0_S 0 1 29945.4 -815.581 7808.6 1.52577e+07 -2.56346e+06 -3.35646e+06 22828.4 15.9208 11.5334
1010101 FRAC0_S 0 1 29942.4 -560.289 7591.6 2.08804e+07 -3.50404e+06 -2.9908e+06 41134.9 16.7732 8.12777
1010101 FRAC0_S 0 1 29942.8 -252.427 7462.69 2.28464e+07 -3.38918e+06 -1.02001e+06 47673.6 16.3263 2.87285
1010101 FRAC0_S 0 1 29941.2 80.1951 7436.66 2.13877e+07 -2.51256e+06 960638 41447.3 13.4341 -2.96469
1010101 FRAC0_S 0 1 29943.5 406.405 7512.41 1.90166e+07 1.78501e+06 3.78989e+06 34419.1 -9.79329 -11.2371
1010101 FRAC0_S 0 1 29956.8 696.239 7681.79 1.72047e+07 -674695 3.81035e+06 28348.3 4.28719 -12.6842
1010101 FRAC0_S 0 1 29974.9 920.595 7933.04 1.74419e+07 878440 6.57548e+06 32928.4 -4.85269 -18.2993
1010101 FRAC0_S 0 1 29994.1 1052.82 8243.79 1.12113e+07 590398 5.76412e+06 15650.4 -4.62642 -22.0419