
Step FractureNumber TipNr TipActive TipX TipY TipZ KI KII KIII G Phi Psi Extension
1010000 FRAC0_S 0 1 15000 -29019.2 8617.02 -4.32992e+06 3.3914e+06 4.30797e+06 3493.2 -33.9061 -23.7013
1010000 FRAC0_S 0 1 15000 -29103.5 8914.36 1.01869e+07 -1.70438e+07 -9.79213e+06 47885.8 49.6152 18.3216
1010000 FRAC0_S 0 1 15000 -29275.4 9171.13 -6.06181e+06 3.47234e+06 7.16424e+06 7900.82 -26.0854 -27.3905
1010000 FRAC0_S 0 1 15000 -29518.2 9362.22 -7.45719e+06 1.40422e+06 8.92078e+06 10759.9 -10.619 -30.825
1010000 FRAC0_S 0 1 15000 -29808.3 9468.89 -6.35083e+06 -1.37915e+06 7.84117e+06 8346.86 11.8508 -30.9102
1010000 FRAC0_S 0 1 15000 -30117.1 9480.74 -2.87766e+06 -1.7558e+07 264814 27480.5 68.3868 -0.992426
1010000 FRAC0_S 0 1 15000 -30414.4 9396.57 -8.09195e+06 -8.827e+06 6.52279e+06 12601.8 42.7918 -19.1488
1010000 FRAC0_S 0 1 15000 -30671.2 9224.65 -6.89734e+06 -9.36913e+06 3.32172e+06 9289.62 50.9484 -12.2781
1010000 FRAC0_S 0 1 15000 -30862.2 8981.79 -7.21808e+06 -1.0727e+07 471574 10283.3 57.7963 -1.97562
1010000 FRAC0_S 0 1 15000 -30968.9 8691.77 -4.91622e+06 -6.04288e+06 -1.9293e+06 3749.03 50.2525 10.9366
1010000 FRAC0_S 0 1 15000 -30980.8 8382.98 -3.37945e+06 -1.90691e+06 -2.80653e+06 1371.62 29.1015 23.0809
1010000 FRAC0_S 0 1 15000 -30896.5 8085.64 -1.78694e+06 2.26446e+06 -2.22303e+06 1114.2 -41.4088 23.493
1010000 FRAC0_S 0 1 15000 -30724.6 7828.87 15219.4 4.23071e+06 254258 1603.59 -69.749 -4.30162
1010000 FRAC0_S 0 1 15000 -30481.8 7637.78 31271.3 6.26788e+06 1.78354e+06 3923.97 -66.471 -15.6048
1010000 FRAC0_S 0 1 15000 -30191.7 7531.11 -1.17102e+07 -1.51499e+07 -1.00418e+07 33863.8 45.6779 18.7818
1010000 FRAC0_S 0 1 15000 -29882.9 7519.26 -302871 3.73859e+06 4.36953e+06 3784.84 -48.3985 -31.6151
1010000 FRAC0_S 0 1 15000 -29585.6 7603.43 8.14065e+06 -1.1129e+07 1.30465e+07 39580.1 39.9114 -26.1112
1010000 FRAC0_S 0 1 15000 -29328.8 7775.35 -2.46865e+06 -1.65891e+07 -9.50406e+06 36536.5 57.6998 22.3009
1010000 FRAC0_S 0 1 15000 -29137.8 8018.21 -2.67275e+06 1.66454e+06 4.44822e+06 2878.52 -24.0122 -31.0328
1010000 FRAC0_S 0 1 15000 -29031.1 8308.23 1.00524e+06 -7.77364e+06 -4.21164e+06 7834.06 58.7107 21.8196
Step FractureNumber TipNr TipActive TipX TipY TipZ KI KII KIII G Phi Psi Extension
1010101 FRAC0_S 0 1 15012.5 -28950.7 8626.21 -5.6979e+06 3.40325e+06 5.36737e+06 4863.64 -29.0576 -24.3942
1010101 FRAC0_S 0 1 15013.2 -29036.9 8945.66 -5.1935e+06 3.6202e+06 5.02212e+06 4522.35 -31.8392 -23.9645
1010101 FRAC0_S 0 1 14992.4 -29215.7 9229.9 -5.94115e+06 7.00843e+06 4.8556e+06 7512.63 -44.261 -18.817
1010101 FRAC0_S 0 1 14985 -29473 9444.37 -3.95623e+06 2.30043e+06 7.18556e+06 7338.65 -21.9087 -32.2654
1010101 FRAC0_S 0 1 15028.9 -29787.9 9547.49 -4.23433e+06 -2.4044e+06 1.0082e+07 14034.2 18.6842 -35.0335
1010101 FRAC0_S 0 1 15068.6 -30122.1 9539.68 -1.62365e+06 -7.50368e+06 8.8354e+06 15399.9 46.2678 -30.3822
1010101 FRAC0_S 0 1 15076.6 -30441.5 9450.57 1.7419e+06 -1.85626e+07 1.22396e+07 50899.5 57.08 -24.6676
1010101 FRAC0_S 0 1 15077 -30711.9 9270.91 1.52934e+07 -2.01786e+07 -8.6299e+06 67030.3 49.402 13.9995
1010101 FRAC0_S 0 1 15081 -30911.8 9009.45 1.08821e+06 -7.86468e+06 2.46527e+06 6425.58 63.2203 -15.3025
1010101 FRAC0_S 0 1 15071.8 -31033.5 8701.89 511058 -5.37105e+06 -1.06818e+06 2745.68 66.386 11.2083
1010101 FRAC0_S 0 1 15027 -31056.8 8373.04 -1.48202e+06 -1.76213e+06 -2.0673e+06 845.105 38.742 25.3597
1010101 FRAC0_S 0 1 14955.6 -30958.7 8061.44 1.10283e+06 3.02369e+06 -1.20093e+06 1114.9 -56.9102 15.9061
1010101 FRAC0_S 0 1 14913.6 -30759.2 7800.53 4.84617e+06 2.49968e+06 1.01209e+06 2785.81 -35.6096 -8.96137
1010101 FRAC0_S 0 1 14948.6 -30501.2 7597.34 6.13675e+06 3.65024e+06 2.29413e+06 5243.16 -35.9098 -13.6218
1010101 FRAC0_S 0 1 14994.1 -30201.4 7471.64 1.19682e+06 -5.06897e+06 6.13913e+06 7429.9 45.5193 -30.5194
1010101 FRAC0_S 0 1 14996.5 -29874.4 7451.77 -1.10468e+07 -1.85329e+07 -1.07716e+07 46038.2 49.5341 18.4702
1010101 FRAC0_S 0 1 15034.5 -29558.5 7542.34 1.89531e+06 4.17734e+06 8.78126e+06 12130.8 -33.8357 -34.5786
1010101 FRAC0_S 0 1 15048.1 -29282.7 7727.2 4.7742e+06 -7.47816e+06 -499884 7047.61 58.0266 3.00687
1010101 FRAC0_S 0 1 15022.1 -29076.1 7983.61 -1.78863e+06 110634 3.28901e+06 1439.83 -2.95351 -36.185
1010101 FRAC0_S 0 1 15018.6 -28965.1 8294.51 -5.5065e+06 2.93966e+06 4.13464e+06 3043.72 -28.8908 -22.0702