
Step FractureNumber TipNr TipActive TipX TipY TipZ KI KII KIII G Phi Psi Extension
1010000 FRAC0_S 0 1 14999 987.687 8500 296248 -880828 1.33987e+06 315.726 40.4213 -32.1708
1010000 FRAC0_S 0 1 14693.8 939.03 8500 -8.99399e+06 -2.06657e+06 962594 503.799 21.9955 -6.03329
1010000 FRAC0_S 0 1 14418.7 798.454 8500 194076 -2.04112e+06 688970 437.738 63.6165 -16.5458
1010000 FRAC0_S 0 1 14200.4 579.719 8500 228742 -1.73894e+06 263024 283.324 66.598 -8.73825
1010000 FRAC0_S 0 1 14060.3 304.238 8500 335160 -1.69218e+06 -195286 270.245 66.013 6.59853
1010000 FRAC0_S 0 1 14012.3 -1.025 8500 344833 -1.93938e+06 -612608 395.671 62.3532 15.0193
1010000 FRAC0_S 0 1 14061 -306.187 8500 294861 -1.25893e+06 -729221 219.702 55.9151 21.5474
1010000 FRAC0_S 0 1 14201.6 -581.378 8500 2.05533e+07 58364.4 -1.2652e+06 37856.6 -0.373002 4.40059
1010000 FRAC0_S 0 1 14420.2 -799.659 8500 315752 -373067 -1.2986e+06 245.573 23.8135 36.8768
1010000 FRAC0_S 0 1 14695.7 -939.664 8500 8.73214e+06 1.47418e+06 -1.32881e+06 7223.15 -16.7486 8.54744
1010000 FRAC0_S 0 1 15001 -987.687 8500 317803 961693 -1.33516e+06 328.508 -42.0233 31.2253
1010000 FRAC0_S 0 1 15306.2 -939.03 8500 8.20505e+06 635692 -1.03649e+06 6178.03 -8.72036 7.82175
1010000 FRAC0_S 0 1 15581.3 -798.454 8500 755243 2.10147e+06 -963644 567.858 -55.8295 17.5751
1010000 FRAC0_S 0 1 15799.6 -579.719 8500 -3.72174e+06 1.22135e+06 -1.16508e+06 313.462 -25.1949 13.6772
1010000 FRAC0_S 0 1 15939.7 -304.238 8500 1.99893e+07 1.37364e+06 209365 35779.9 -8.63085 -0.753902
1010000 FRAC0_S 0 1 15987.7 1.025 8500 -77159.3 2.63681e+06 677911 680.682 -66.5311 -14.2711
1010000 FRAC0_S 0 1 15939 306.187 8500 280676 1.66783e+06 970780 380.236 -57.136 -22.2889
1010000 FRAC0_S 0 1 15798.4 581.378 8500 438464 1.13629e+06 1.39522e+06 391.09 -43.3166 -29.3597
1010000 FRAC0_S 0 1 15579.8 799.659 8500 111822 324647 1.70813e+06 398.562 -19.589 -41.1909
1010000 FRAC0_S 0 1 15304.3 939.664 8500 -6.89172e+06 932913 1.41531e+06 343.968 -13.4216 -11.1733
Step FractureNumber TipNr TipActive TipX TipY TipZ KI KII KIII G Phi Psi Extension
1010101 FRAC0_S 0 1 14999.3 1070.92 8535.98 1.09489e+06 -898603 1.02633e+06 318.876 35.4612 -22.6977
1010101 FRAC0_S 0 1 14672.9 1011.12 8557.33 1.19237e+06 -899875 545257 238.392 39.6174 -14.7148
1010101 FRAC0_S 0 1 14390.3 844.282 8577.1 3.10409e+06 -358902 784902 952.023 11.3288 -13.2857
1010101 FRAC0_S 0 1 14168.1 603.487 8591.13 1.59405e+06 57419.6 -594194 273.68 -3.53391 18.3281
1010101 FRAC0_S 0 1 14021.4 316.314 8590.77 -6.00914e+06 -1.05638e+06 -2.0873e+06 678.9 15.2258 16.0717
1010101 FRAC0_S 0 1 13966.1 -2.262 8587.83 -1.18512e+07 5.96957e+06 -978789 3302.92 -37.3972 3.97158
1010101 FRAC0_S 0 1 14002.5 -329.601 8563.39 972662 -33648.6 -893358 190.551 2.45784 29.383
1010101 FRAC0_S 0 1 14134.4 -633.669 8530.47 -4.57715e+06 221487 -1.34292e+06 244.229 -4.95788 15.4778
1010101 FRAC0_S 0 1 14365.9 -874.185 8512.82 -1.51375e+07 1.22654e+06 2.0082e+06 670.427 -9.03449 -8.1316
1010101 FRAC0_S 0 1 14667.6 -1022.3 8478.95 739292 370304 -1.13229e+06 231.441 -21.2147 30.977
1010101 FRAC0_S 0 1 15001.3 -1071.1 8455.54 1.00102e+06 924229 -1.41741e+06 432.613 -33.3579 27.1412
1010101 FRAC0_S 0 1 15329.8 -1015.94 8455 1.49439e+06 1.37751e+06 -912937 478.938 -41.6812 16.8943
1010101 FRAC0_S 0 1 15623.9 -857.928 8444.2 4.17998e+06 -2.71079e+06 -318018 2225.21 42.7471 3.37678
1010101 FRAC0_S 0 1 15868.1 -625.239 8454.28 1.24748e+06 1.17806e+06 166278 266.019 -49.1724 -4.86826
1010101 FRAC0_S 0 1 16015 -332.732 8458.92 994566 840925 569272 194.26 -40.3969 -16.6154
1010101 FRAC0_S 0 1 16044 -2.3625 8429.38 960001 114756 849212 179.212 -8.10134 -27.999
1010101 FRAC0_S 0 1 15989.5 325.315 8417.92 -1.39606e+07 1.16955e+07 -315247 12202 -48.8499 0.941925
1010101 FRAC0_S 0 1 15854.6 626.066 8436.32 9.50557e+06 67015.5 2.04269e+06 8606.97 -0.805414 -12.6967
1010101 FRAC0_S 0 1 15629.6 871.639 8460.29 1.78673e+07 2.54429e+06 8.60212e+06 38866 -11.7387 -20.225
1010101 FRAC0_S 0 1 15333 1024.03 8496.22 6.05779e+06 1.05172e+06 4.29749e+06 5824.92 -12.3129 -24.702