
Step FractureNumber TipNr TipActive TipX TipY TipZ KI KII KIII G Phi Psi Extension
1010000 FRAC0_S 0 1 0 15987.2 8471.27 5.37333e+06 886631 -10343.9 2642.91 -18.3966 0.128585
1010000 FRAC0_S 0 1 0 15947.8 8777.76 6.31449e+06 819159 144610 3615.64 -14.8701 -1.53673
1010000 FRAC0_S 0 1 0 15815.6 9057.06 6.82968e+06 611893 275552 4199.95 -10.6605 -2.74304
1010000 FRAC0_S 0 1 0 15603.5 9281.83 8.32601e+06 521701 438065 6227.1 -7.64464 -3.60628
1010000 FRAC0_S 0 1 0 15332.4 9430.08 8.89182e+06 264181 535008 7089.73 -3.76444 -4.20554
1010000 FRAC0_S 0 1 0 15028.7 9487.27 1.0323e+07 5622.85 841127 9590.04 -0.0704583 -5.68658
1010000 FRAC0_S 0 1 0 14722.2 9447.82 9.01885e+06 -265413 537587 7292.9 3.73206 -4.17037
1010000 FRAC0_S 0 1 0 14442.9 9315.6 9.5466e+06 -386747 654111 8191.51 5.02063 -4.69301
1010000 FRAC0_S 0 1 0 14218.2 9103.54 7.69913e+06 -667410 357128 5338.8 10.3011 -3.13784
1010000 FRAC0_S 0 1 0 14070 8832.4 5.87274e+06 4.77013e+06 -3.16777e+06 6435.57 -40.0045 16.1548
1010000 FRAC0_S 0 1 0 14012.8 8528.73 5.54833e+06 -1.16518e+06 54037 2864.53 22.029 -0.620704
1010000 FRAC0_S 0 1 0 14052.2 8222.24 4.04162e+06 1.81018e+06 -2.14047e+06 2356.93 -28.1179 18.5228
1010000 FRAC0_S 0 1 0 14184.4 7942.94 2.1729e+06 -520046 -222953 451.443 22.7422 5.77103
1010000 FRAC0_S 0 1 0 14396.5 7718.17 2.38699e+06 3.69634e+06 -3.65158e+06 3498.66 -43.0659 24.6148
1010000 FRAC0_S 0 1 0 14667.6 7569.92 1.64229e+06 4.4761e+06 2.67076e+06 2974.38 -53.1433 -20.6547
1010000 FRAC0_S 0 1 0 14971.3 7512.73 2.03411e+06 -64726.2 -733702 440.671 3.16258 17.9899
1010000 FRAC0_S 0 1 0 15277.8 7552.18 1.82285e+06 5.68923e+06 -4.15238e+06 5473.57 -51.6313 23.5849
1010000 FRAC0_S 0 1 0 15557.1 7684.4 2.47629e+06 460417 -502577 598.907 -17.4873 10.6933
1010000 FRAC0_S 0 1 0 15781.8 7896.46 2.94367e+06 5.66723e+06 -3.53682e+06 5297.86 -50.0784 19.9124
1010000 FRAC0_S 0 1 0 15930 8167.6 4.43967e+06 817038 -193396 1820.88 -19.4146 2.72627
Step FractureNumber TipNr TipActive TipX TipY TipZ KI KII KIII G Phi Psi Extension
1010101 FRAC0_S 0 1 -30.5054 16080.1 8468.75 6.36863e+06 -617916 -87178.1 3649.28 11.6954 0.956276
1010101 FRAC0_S 0 1 -25.346 16038.2 8804.52 7.90995e+06 -739304 169917 5627.91 11.2442 -1.49056
1010101 FRAC0_S 0 1 -18.9909 15894.5 9111.19 8.55786e+06 -542367 428889 6576.82 7.74159 -3.4438
1010101 FRAC0_S 0 1 -12.9175 15662.5 9358.41 9.65125e+06 4.92718e+06 5.12687e+06 13959.5 -30.6295 -18.06
1010101 FRAC0_S 0 1 -6.63919 15365.1 9521.66 9.93681e+06 -331681 541019 8847.48 4.22987 -3.82125
1010101 FRAC0_S 0 1 -0.075585 15031.6 9584.68 9.2199e+06 6.03463e+06 -3.49288e+06 12442.7 -37.8118 13.3869
1010101 FRAC0_S 0 1 5.41165 14694.9 9541.26 9.58991e+06 2.52994e+06 1.74751e+06 9171.63 -23.2115 -9.30523
1010101 FRAC0_S 0 1 10.4735 14388.3 9395.7 9.37163e+06 416371 404692 7863.53 -5.60218 -3.0449
1010101 FRAC0_S 0 1 -4.9423 14147.1 9160.61 8.36567e+06 -1.10945e+06 936497 6462.64 14.1234 -6.7489
1010101 FRAC0_S 0 1 -18.2949 13991.2 8861 7.5033e+06 5.71671e+06 4.51029e+06 10634.6 -37.8625 -17.7064
1010101 FRAC0_S 0 1 -9.09957 13927.2 8530.32 5.76286e+06 -1.28555e+06 -100339 3107.99 22.9123 1.08829
1010101 FRAC0_S 0 1 -4.52281 13967.7 8197.5 4.4725e+06 -1.0651e+06 -159048 1886.95 23.7287 2.15201
1010101 FRAC0_S 0 1 -9.52389 14114 7896.27 3.46318e+06 -269686 -19108.2 1075.28 9.70133 0.396385
1010101 FRAC0_S 0 1 -44.4808 14350 7662.13 1.88266e+06 -2.09499e+06 -653807 763.8 49.0048 10.3533
1010101 FRAC0_S 0 1 -55.6986 14645.6 7502.27 2.12673e+06 -265980 171385 413.253 13.7693 -5.06611
1010101 FRAC0_S 0 1 -36.8458 14969.1 7433.81 1.50386e+06 -1.09968e+06 -590611 355.684 39.9021 13.2942
1010101 FRAC0_S 0 1 -45.3348 15299.2 7477.74 1.78449e+06 -775063 -673604 397.641 29.5385 14.8183
1010101 FRAC0_S 0 1 -53.7986 15601 7620.32 2.52999e+06 -798098 -954882 748.409 23.6573 15.7497
1010101 FRAC0_S 0 1 -54.1685 15842.8 7849.22 2.69516e+06 -642610 -577718 728.475 21.0913 10.7902
1010101 FRAC0_S 0 1 -43.6829 16010.9 8141.23 4.5441e+06 -757775 -641267 1945.88 16.7126 8.03203