
Step FractureNumber TipNr TipActive TipX TipY TipZ KI KII KIII G Phi Psi Extension
1010000 FRAC0_S 0 1 -44193.9 44575.6 8118.3 825462 -2.0604e+06 -1.27853e+06 656.42 52.1317 20.8366
1010000 FRAC0_S 0 1 -44225.7 44808.3 7917.46 1.19221e+06 -1.92342e+06 -2.1916e+06 1095.14 41.544 26.5825
1010000 FRAC0_S 0 1 -44333.4 45059.8 7773.64 1.86672e+06 -48733.4 -2.29885e+06 1013.6 1.60957 32.7287
1010000 FRAC0_S 0 1 -44506.3 45305.3 7700.93 1.09985e+06 369284 -2.40376e+06 888.43 -12.7127 35.6994
1010000 FRAC0_S 0 1 -44727.5 45521 7706.42 1.08538e+06 1.42632e+06 -2.21356e+06 937.944 -35.8811 29.2975
1010000 FRAC0_S 0 1 -44975.3 45685.7 7789.6 1.08969e+06 2.29963e+06 -1.78447e+06 1000.57 -48.3976 22.977
1010000 FRAC0_S 0 1 -45225.7 45783.3 7942.33 715416 2.25919e+06 -824262 590.782 -58.5013 15.3705
1010000 FRAC0_S 0 1 -45453.8 45804.2 8149.63 1.11817e+06 3.59124e+06 -516835 1296.2 -63.149 7.39086
1010000 FRAC0_S 0 1 -45637.6 45746.4 8391.24 1.05589e+06 3.49742e+06 231690 1196.48 -64.9315 -3.6994
1010000 FRAC0_S 0 1 -45759 45615.5 8643.49 630407 3.47181e+06 683056 1171.55 -64.7262 -10.4614
1010000 FRAC0_S 0 1 -45806.1 45424.4 8881.7 1.40591e+06 2.9408e+06 1.86208e+06 1407.94 -50.6069 -20.4248
1010000 FRAC0_S 0 1 -45774.3 45191.7 9082.54 1.12164e+06 1.78481e+06 2.08985e+06 976.847 -41.0789 -26.8522
1010000 FRAC0_S 0 1 -45666.6 44940.2 9226.36 1.95131e+06 212725 2.49562e+06 1171.67 -6.24546 -32.3094
1010000 FRAC0_S 0 1 -45493.7 44694.7 9299.07 563754 -209736 2.01766e+06 573.678 10.1248 -39.1402
1010000 FRAC0_S 0 1 -45272.5 44479 9293.58 1.10102e+06 -1.56236e+06 2.29724e+06 1027.42 37.1498 -29.0443
1010000 FRAC0_S 0 1 -45024.7 44314.3 9210.4 1.03137e+06 -2.4302e+06 1.79579e+06 1049.97 49.7575 -22.7927
1010000 FRAC0_S 0 1 -44774.3 44216.7 9057.67 1.03674e+06 -3.11464e+06 1.18799e+06 1147.94 57.8473 -15.721
1010000 FRAC0_S 0 1 -44546.2 44195.8 8850.37 1.01898e+06 -3.57304e+06 490849 1262.2 63.8236 -7.22466
1010000 FRAC0_S 0 1 -44362.4 44253.6 8608.76 1.03518e+06 -3.50887e+06 -267311 1202.13 64.8701 4.23169
1010000 FRAC0_S 0 1 -44241 44384.5 8356.51 1.06497e+06 -3.4122e+06 -1.03192e+06 1280.21 59.8587 13.4526
Step FractureNumber TipNr TipActive TipX TipY TipZ KI KII KIII G Phi Psi Extension
1010101 FRAC0_S 0 1 -44099.7 44595.8 8138.43 3.17867e+06 -515151 -1.67359e+06 1296.53 12.7921 21.1125
1010101 FRAC0_S 0 1 -44136.1 44826.9 7902.03 2.23291e+06 -566175 -1.72063e+06 866.612 16.4391 24.9115
1010101 FRAC0_S 0 1 -44265.6 45073.9 7713.33 1.8161e+06 -511091 -2.36632e+06 1061.91 14.415 30.937
1010101 FRAC0_S 0 1 -44473.9 45318.2 7612.41 1.66236e+06 -9235.95 -2.51436e+06 1087.09 0.308557 34.9455
1010101 FRAC0_S 0 1 -44734.6 45530.6 7611.32 2.15813e+06 488024 -2.18806e+06 1073.01 -13.4199 28.5438
1010101 FRAC0_S 0 1 -45014.3 45687.5 7699.72 2.73775e+06 609237 -1.68484e+06 1078.52 -15.9246 22.4174
1010101 FRAC0_S 0 1 -45284.7 45776.4 7863.34 3.99047e+06 900016 -1.39355e+06 1749.44 -18.6153 15.6745
1010101 FRAC0_S 0 1 -45525.2 45789.8 8081.95 4.44767e+06 413540 -535276 1816.1 -10.3173 7.41213
1010101 FRAC0_S 0 1 -45716.8 45726.2 8334.38 3.92069e+06 228971 397630 1395.49 -6.87196 -6.56825
1010101 FRAC0_S 0 1 -45845.5 45593.3 8601.22 4.27193e+06 111024 1.14778e+06 1802.52 -2.78216 -14.7659
1010101 FRAC0_S 0 1 -45899.8 45403.5 8861.78 3.08e+06 414146 1.58208e+06 1193.51 -10.956 -21.1044
1010101 FRAC0_S 0 1 -45865.2 45172.6 9097.48 2.57088e+06 558721 2.06263e+06 1182.62 -14.2544 -25.7781
1010101 FRAC0_S 0 1 -45737.3 44923.2 9283.85 903414 416195 1.5605e+06 412.04 -18.7692 -32.5742
1010101 FRAC0_S 0 1 -45528.4 44679.7 9385.4 1.44189e+06 -27178.6 2.06482e+06 752.374 1.07258 -34.3087
1010101 FRAC0_S 0 1 -45265.2 44470.1 9388.11 3.08335e+06 -443680 2.2581e+06 1542.88 10.3253 -25.4179
1010101 FRAC0_S 0 1 -44984.9 44313.7 9300.12 2.9332e+06 -659163 1.75579e+06 1215.4 16.1917 -22.0505
1010101 FRAC0_S 0 1 -44715.2 44223.8 9136.64 3.60214e+06 -733044 1.22287e+06 1403.01 17.2468 -15.5639
1010101 FRAC0_S 0 1 -44474.9 44210.5 8918.07 4.39857e+06 -513654 349195 1763.78 13.0006 -5.03142
1010101 FRAC0_S 0 1 -44282.4 44272.3 8664.76 3.81521e+06 -236076 -458342 1329.98 7.13707 7.58674
1010101 FRAC0_S 0 1 -44152.9 44403.6 8397.53 3.92381e+06 -424453 -1.15253e+06 1564.69 10.3859 14.894