
Step FractureNumber TipNr TipActive TipX TipY TipZ KI KII KIII G Phi Psi Extension
1010000 FRAC0_S 0 1 -14499.2 -14148.7 8500 -205244 3.62646e+06 -567097 1214.68 -67.842 9.50734
1010000 FRAC0_S 0 1 -14786.8 -14035.6 8500 -1.60868e+07 4.03922e+06 260577 1462.89 -24.9905 -0.99159
1010000 FRAC0_S 0 1 -15095.2 -14016.9 8500 -169034 3.32332e+06 1.00156e+06 1117.59 -65.2503 -15.7448
1010000 FRAC0_S 0 1 -15394.4 -14094.5 8500 -172311 2.72146e+06 1.69764e+06 1043.28 -58.3891 -24.3285
1010000 FRAC0_S 0 1 -15679.6 -14282.5 8500 -111201 1.21054e+06 1.3957e+06 389.665 -48.4748 -31.3562
1010000 FRAC0_S 0 1 -15851.3 -14499.2 8500 -208248 736973 2.49646e+06 877.293 -26.7688 -39.2152
1010000 FRAC0_S 0 1 -15964.4 -14786.8 8500 -198977 -409123 2.53178e+06 867.436 17.0534 -41.4382
1010000 FRAC0_S 0 1 -15983.1 -15095.2 8500 -217856 -1.60822e+06 2.51418e+06 1071.18 42.2642 -34.1098
1010000 FRAC0_S 0 1 -15905.5 -15394.4 8500 -192658 -2.46911e+06 1.87084e+06 1008.77 55.4919 -26.5726
1010000 FRAC0_S 0 1 -15739.4 -15654.9 8500 -144744 -3.19572e+06 1.28506e+06 1129.68 63.3115 -19.1228
1010000 FRAC0_S 0 1 -15500.8 -15851.3 8500 -185414 -3.77477e+06 538098 1308.23 68.1891 -8.85838
1010000 FRAC0_S 0 1 -15213.2 -15964.4 8500 -3.79846e+06 -2.48065e+06 -108687 549.919 43.8112 1.3176
1010000 FRAC0_S 0 1 -14904.8 -15983.1 8500 -192359 -3.9871e+06 -1.13249e+06 1587.15 65.6457 15.1294
1010000 FRAC0_S 0 1 -14605.6 -15905.5 8500 9.35457e+06 -2.50478e+06 -1.602e+06 8698.24 23.6265 8.81522
1010000 FRAC0_S 0 1 -14345.1 -15739.4 8500 -152519 -1.81777e+06 -2.17227e+06 922.042 47.9542 31.8274
1010000 FRAC0_S 0 1 -14148.7 -15500.8 8500 -168535 -704382 -2.17667e+06 674.354 28.6021 38.8613
1010000 FRAC0_S 0 1 -14035.6 -15213.2 8500 1.14542e+07 264033 -1.96719e+06 12212.1 -2.67496 10.5301
1010000 FRAC0_S 0 1 -14016.9 -14904.8 8500 -78659.1 1.58053e+06 -2.66293e+06 1165.73 -41.835 35.5303
1010000 FRAC0_S 0 1 -14094.5 -14605.6 8500 -2.61604e+06 2.63131e+06 -2.01138e+06 1155.05 -41.5518 19.0798
1010000 FRAC0_S 0 1 -14260.6 -14345.1 8500 -208462 2.78125e+06 -1.1059e+06 851.959 -62.7908 18.6555
Step FractureNumber TipNr TipActive TipX TipY TipZ KI KII KIII G Phi Psi Extension
1010101 FRAC0_S 0 1 -14476.2 -14102.8 8420.9 -3.03365e+06 -2.97223e+06 -1.86763e+06 1251.12 42.8743 16.6452
1010101 FRAC0_S 0 1 -14773.2 -13972.8 8433.02 1.66921e+06 -2.08713e+06 -1.47888e+06 927.337 44.6882 19.4006
1010101 FRAC0_S 0 1 -15097.6 -13961.9 8422.74 7.56508e+06 4.31364e+06 6.07573e+06 11667.5 -29.5951 -22.616
1010101 FRAC0_S 0 1 -15416.8 -14047.6 8416 1.99668e+06 1.06447e+06 986238 585.592 -31.9784 -17.0471
1010101 FRAC0_S 0 1 -15701.3 -14212.5 8430.02 1.70234e+06 968996 470196 371.31 -36.5229 -10.9351
1010101 FRAC0_S 0 1 -15924.2 -14459 8466.09 988027 752287 2.00154e+06 670.24 -25.3171 -32.2806
1010101 FRAC0_S 0 1 -16048.8 -14767 8520.22 513180 6731.35 1.68718e+06 402.066 -0.426331 -40.342
1010101 FRAC0_S 0 1 -16056.2 -15099.3 8561.56 1.18855e+06 -4.75463e+06 3.73243e+06 3993.18 51.8931 -25.1783
1010101 FRAC0_S 0 1 -15958.3 -15414.9 8580.36 9.19612e+06 7.92031e+06 1.13591e+06 13297.5 -47.5698 -4.72643
1010101 FRAC0_S 0 1 -15773.9 -15683.5 8588.48 1.49189e+06 -818448 1.02507e+06 397.779 30.1386 -20.8549
1010101 FRAC0_S 0 1 -15522.6 -15892.4 8586.06 1.80542e+06 -688659 647642 388.502 27.3244 -14.6768
1010101 FRAC0_S 0 1 -15224.7 -16017.9 8580.6 2.10051e+06 -1.08256e+06 99945.1 498.924 38.5531 -2.34398
1010101 FRAC0_S 0 1 -14897.5 -16042.2 8572.87 2.10161e+06 -1.40339e+06 -340270 584.481 41.7711 6.64385
1010101 FRAC0_S 0 1 -14575.2 -15970.3 8561.38 1.78273e+06 -4.25914e+06 -3.51621e+06 3544.06 48.4854 24.2285
1010101 FRAC0_S 0 1 -14294.8 -15796.5 8559.12 7.59583e+06 5.01793e+06 3.18237e+06 8732.06 -37.4097 -14.3749
1010101 FRAC0_S 0 1 -14075.4 -15541 8541.34 3.64742e+06 -1.40864e+06 5.64368e+06 5598.51 17.218 -31.9608
1010101 FRAC0_S 0 1 -13949.4 -15233.4 8492.96 186548 -4.89954e+06 3.49544e+06 3767.25 57.1135 -26.296
1010101 FRAC0_S 0 1 -13938.3 -14899.1 8448.91 891337 595626 -1.83846e+06 551.941 -22.8301 33.0361
1010101 FRAC0_S 0 1 -14033 -14581.3 8427.93 1.27621e+06 833197 -1.41104e+06 471.805 -29.2133 25.962
1010101 FRAC0_S 0 1 -14221.6 -14314.4 8415.8 1379.72 -5.58109e+06 -622425 2827.18 69.2925 7.49227