
Step FractureNumber TipNr TipActive TipX TipY TipZ KI KII KIII G Phi Psi Extension
1010000 FRAC0_S 0 1 -30000 -14017.8 8603.45 -70333.1 2.4557e+06 7.94319e+06 8928.91 -28.9875 -40.1835
1010000 FRAC0_S 0 1 -30000 -14097.8 8901.92 3.28866e+07 1.09427e+07 1.50519e+07 137178 -23.6005 -17.7827
1010000 FRAC0_S 0 1 -30000 -14266.1 9161.05 8.97263e+06 -591513 9.706e+06 19734.7 4.23146 -30.9152
1010000 FRAC0_S 0 1 -30000 -14506.3 9355.47 1.20506e+07 -3.38324e+06 9.90661e+06 27013.1 17.4438 -25.4498
1010000 FRAC0_S 0 1 -30000 -14794.9 9466.15 1.18579e+07 -5.1126e+06 7.94013e+06 23244.1 25.7847 -21.5093
1010000 FRAC0_S 0 1 -30000 -15103.5 9482.25 2.30368e+07 -4.73566e+06 1.11785e+07 65908.1 15.9865 -19.6671
1010000 FRAC0_S 0 1 -30000 -15401.9 9402.21 1.36575e+07 -1.32515e+07 4.74124e+06 35259.3 46.3451 -10.9439
1010000 FRAC0_S 0 1 -30000 -15661 9233.85 -1.66541e+06 -8.07626e+06 -2.00906e+06 6349.12 63.1553 12.3712
1010000 FRAC0_S 0 1 -30000 -15855.5 8993.66 7.07157e+06 -1.16071e+07 -2.90979e+06 17587.6 55.0365 9.91367
1010000 FRAC0_S 0 1 -30000 -15966.1 8705.15 1.80202e+06 -6.65434e+06 -5.70486e+06 8563.71 50.3295 26.0668
1010000 FRAC0_S 0 1 -30000 -15982.2 8396.55 -3.69579e+06 -282991 -6.83692e+06 6224.02 3.61516 36.1197
1010000 FRAC0_S 0 1 -30000 -15902.2 8098.08 -8.3994e+06 5.30128e+06 -6.07358e+06 7410.46 -32.5016 20.8442
1010000 FRAC0_S 0 1 -30000 -15719.7 7823.19 -1.35483e+07 1.02153e+07 -2.50253e+06 10131.7 -43.8602 7.13199
1010000 FRAC0_S 0 1 -30000 -15493.7 7644.53 -1.5482e+07 1.0899e+07 419329 10608.7 -45.3576 -1.21234
1010000 FRAC0_S 0 1 -30000 -15205.1 7533.85 -3.79676e+07 1.97833e+07 8.98091e+06 45603.1 -35.3522 -9.89969
1010000 FRAC0_S 0 1 -30000 -14896.5 7517.75 -1.61737e+07 9.36498e+06 5.94577e+06 12517 -35.4494 -13.5532
1010000 FRAC0_S 0 1 -30000 -14598.1 7597.79 -1.57411e+07 6.75235e+06 6.33554e+06 9401.4 -28.9508 -15.5477
1010000 FRAC0_S 0 1 -30000 -14339 7766.15 -1.05339e+07 4.17454e+06 5.66625e+06 5823.05 -25.7458 -19.1397
1010000 FRAC0_S 0 1 -30000 -14144.5 8006.34 7.18532e+06 8.76461e+06 2.77652e+06 12471.2 -50.1908 -10.8394
1010000 FRAC0_S 0 1 -30000 -14033.9 8294.85 5.63325e+06 9.36792e+06 1.16548e+07 28713.9 -40.5557 -27.7954
Step FractureNumber TipNr TipActive TipX TipY TipZ KI KII KIII G Phi Psi Extension
1010101 FRAC0_S 0 1 -30050.4 -13934.8 8613.41 4.84583e+06 2.20249e+06 8.25413e+06 11586.1 -18.7002 -32.4717
1010101 FRAC0_S 0 1 -30030.2 -14015.7 8939.55 2.49502e+07 2.71397e+06 8.241e+06 65161.2 -10.1822 -16.1642
1010101 FRAC0_S 0 1 -29998.8 -14196.3 9224.4 1.23626e+07 784071 9.75071e+06 26319 -4.71191 -27.2315
1010101 FRAC0_S 0 1 -29972.3 -14459.3 9435.49 1.48989e+07 5.70887e+06 9.81518e+06 35497.6 -23.8061 -21.7298
1010101 FRAC0_S 0 1 -29963.9 -14776.1 9554.75 1.49266e+07 896328 9.08449e+06 30901.8 -4.94745 -24.059
1010101 FRAC0_S 0 1 -29957.3 -15110.9 9567.84 2.03352e+07 -1.51731e+06 8.82815e+06 47419.5 6.75247 -19.7117
1010101 FRAC0_S 0 1 -29934.6 -15426.1 9466.03 1.87143e+07 1.31707e+06 4.19935e+06 33708.4 -7.40293 -12.5268
1010101 FRAC0_S 0 1 -29916.8 -15695.6 9273.55 1.55407e+07 2.23843e+06 1.95526e+06 22476.2 -14.9793 -7.40419
1010101 FRAC0_S 0 1 -29917.4 -15903.5 9019.68 1.45094e+07 -409689 -1.17434e+06 18958 3.51861 5.51597
1010101 FRAC0_S 0 1 -29939.5 -16034.6 8716.32 8.68402e+06 -3.58837e+06 -4.71619e+06 10825.6 26.4481 19.1103
1010101 FRAC0_S 0 1 -29991.1 -16066.7 8386.05 2.10308e+07 -7.91087e+06 -1.37557e+07 70155.8 23.5359 21.7039
1010101 FRAC0_S 0 1 -30042.6 -15978.9 8066.24 -1.89083e+06 1.42627e+07 -1.39661e+07 44069.1 -50.5985 29.0724
1010101 FRAC0_S 0 1 -30065.8 -15788.7 7791.03 -2.62625e+06 1.33178e+07 -2.42631e+06 16587.9 -64.7048 9.72635
1010101 FRAC0_S 0 1 -30067.3 -15528.8 7582.09 -2.7808e+06 1.45575e+07 219405 18890.7 -67.9561 -0.969551
1010101 FRAC0_S 0 1 -30061.2 -15220.2 7458.49 -6.26592e+06 1.54271e+07 3.61132e+06 22942.2 -59.3345 -10.4597
1010101 FRAC0_S 0 1 -30055.6 -14887.6 7437.31 -9.15203e+06 1.49196e+07 5.77099e+06 24264.8 -52.4959 -13.8496
1010101 FRAC0_S 0 1 -30049.6 -14563.1 7520.84 -1.00648e+07 1.24604e+07 6.83639e+06 20051.4 -46.8062 -16.3721
1010101 FRAC0_S 0 1 -30053 -14286.1 7704.7 -9.74343e+06 1.19541e+07 7.04126e+06 19328 -46.1226 -17.1297
1010101 FRAC0_S 0 1 -30065.5 -14083.2 7969.66 -1.91886e+06 6.61561e+06 5.04715e+06 7288.02 -51.5854 -24.4288
1010101 FRAC0_S 0 1 -30063.8 -13961.1 8281.25 492029 4.88549e+06 8.12117e+06 10920.3 -41.5001 -34.9824