
Step FractureNumber TipNr TipActive TipX TipY TipZ KI KII KIII G Phi Psi Extension
1010000 FRAC0_S 0 1 103.378 -44017.8 8500 -1.23343e+06 -4.39627e+06 510719 1756.94 64.3523 -6.25923
1010000 FRAC0_S 0 1 -193.121 -44031.3 8500 -1.20858e+06 -4.48282e+06 -787836 1873.27 63.3541 8.99642
1010000 FRAC0_S 0 1 -493.726 -44144.6 8500 -1.33866e+06 -4.10275e+06 -1.68516e+06 1877.64 57.3977 16.5989
1010000 FRAC0_S 0 1 -733.904 -44339 8500 -1.1701e+06 -2.85733e+06 -2.44522e+06 1522.74 48.1613 24.757
1010000 FRAC0_S 0 1 -902.243 -44598.1 8500 -1.09341e+06 -1.82095e+06 -2.57855e+06 1179.78 38.7184 29.3436
1010000 FRAC0_S 0 1 -982.264 -44896.6 8500 -1.02958e+06 -330164 -2.83791e+06 1080.86 10.5785 37.6501
1010000 FRAC0_S 0 1 -966.133 -45205.2 8500 -910461 732278 -2.7195e+06 1031.41 -21.5289 35.8011
1010000 FRAC0_S 0 1 -855.431 -45493.7 8500 -787971 1.03128e+06 -2.04917e+06 653.252 -32.3476 32.0582
1010000 FRAC0_S 0 1 -660.994 -45733.9 8500 -782831 2.78604e+06 -1.6651e+06 1060.42 -54.688 21.4745
1010000 FRAC0_S 0 1 -401.854 -45902.2 8500 -728052 3.30404e+06 -973070 1098.72 -61.914 13.917
1010000 FRAC0_S 0 1 -103.378 -45982.2 8500 -709284 3.86011e+06 -279720 1338.18 -67.0881 4.3896
1010000 FRAC0_S 0 1 205.218 -45966.1 8500 -806296 3.87297e+06 532506 1374.35 -65.3809 -7.62505
1010000 FRAC0_S 0 1 493.726 -45855.4 8500 -752713 3.20749e+06 1.20318e+06 1109.3 -59.9557 -16.3838
1010000 FRAC0_S 0 1 733.904 -45661 8500 -709960 2.83211e+06 1.3754e+06 966.339 -57.4115 -19.2347
1010000 FRAC0_S 0 1 902.243 -45401.9 8500 -858252 1.64468e+06 2.3858e+06 998.082 -39.1766 -30.2062
1010000 FRAC0_S 0 1 982.264 -45103.4 8500 -951151 576362 2.73886e+06 1027.29 -17.6356 -36.4733
1010000 FRAC0_S 0 1 966.133 -44794.8 8500 -1.07314e+06 -806988 2.88483e+06 1164.89 21.7025 -35.1274
1010000 FRAC0_S 0 1 855.431 -44506.3 8500 -1.16277e+06 -2.07808e+06 2.63355e+06 1307.25 40.7654 -28.3357
1010000 FRAC0_S 0 1 660.994 -44266.1 8500 -1.19246e+06 -3.30096e+06 2.13997e+06 1580.04 52.3336 -21.7288
1010000 FRAC0_S 0 1 401.854 -44097.8 8500 -1.34221e+06 -4.2036e+06 1.34269e+06 1814.37 59.3658 -13.9499
Step FractureNumber TipNr TipActive TipX TipY TipZ KI KII KIII G Phi Psi Extension
1010101 FRAC0_S 0 1 108.496 -43973.6 8588.93 2.39152e+06 -1.40106e+06 142592 687.278 40.9716 -2.78302
1010101 FRAC0_S 0 1 -215.478 -43989.5 8588.29 2.75452e+06 -1.52085e+06 -320631 895.895 38.662 5.28091
1010101 FRAC0_S 0 1 -521.913 -44099.1 8583.09 2.83075e+06 -2.32654e+06 -1.6453e+06 1556.42 39.6933 16.9349
1010101 FRAC0_S 0 1 -783.238 -44297.1 8573.95 1.37487e+06 -1.62524e+06 -2.00049e+06 936.076 38.1071 25.9226
1010101 FRAC0_S 0 1 -974.712 -44568.6 8554.49 419571 -848283 -2.04357e+06 635.243 31.27 35.568
1010101 FRAC0_S 0 1 -1071.71 -44888.3 8515.64 -15863.2 -133781 -2.12061e+06 599.695 8.00683 44.0656
1010101 FRAC0_S 0 1 -1054.36 -45222.9 8472.87 53053.6 799601 -2.25937e+06 736.157 -31.3502 39.2349
1010101 FRAC0_S 0 1 -924.435 -45530.4 8443.68 1.21002e+06 1.74705e+06 -1.60142e+06 743.538 -43.3736 23.3291
1010101 FRAC0_S 0 1 -703.418 -45776.7 8423.77 1.52109e+06 1.32999e+06 -1.30682e+06 590.932 -37.6197 21.2554
1010101 FRAC0_S 0 1 -422.122 -45944.2 8412.46 1.62106e+06 788690 -616205 340.097 -31.7345 14.5154
1010101 FRAC0_S 0 1 -108.04 -46022.6 8409.16 1.57762e+06 617343 -39552.8 255.954 -33.3356 1.37032
1010101 FRAC0_S 0 1 214.784 -46007 8409.88 2.52384e+06 967515 449547 677.902 -30.1517 -8.46822
1010101 FRAC0_S 0 1 518.409 -45896.3 8412.92 1.77956e+06 1.06666e+06 1.01445e+06 520.452 -33.3371 -18.2171
1010101 FRAC0_S 0 1 777.874 -45697.7 8420.44 1.32344e+06 1.1785e+06 1.54934e+06 599.097 -34.8019 -25.0034
1010101 FRAC0_S 0 1 971.351 -45429.1 8439.78 700489 1.00146e+06 2.05808e+06 696.444 -32.3224 -32.8071
1010101 FRAC0_S 0 1 1070.08 -45111.4 8478.31 67964.6 445788 2.45149e+06 817.424 -19.4652 -41.9303
1010101 FRAC0_S 0 1 1051.67 -44778.1 8527.24 125752 -646185 2.56128e+06 911.12 24.5099 -40.451
1010101 FRAC0_S 0 1 921.174 -44471.2 8561.68 788949 -1.39169e+06 2.28152e+06 920.365 36.8551 -31.2545
1010101 FRAC0_S 0 1 703.024 -44222.3 8577.41 1.68395e+06 -1.71887e+06 1.72673e+06 912.518 39.0527 -22.5173
1010101 FRAC0_S 0 1 423.577 -44052.3 8585.35 2.58296e+06 -2.05982e+06 1.05442e+06 1120.46 41.4666 -13.3057