
Step FractureNumber TipNr TipActive TipX TipY TipZ KI KII KIII G Phi Psi Extension
1010000 FRAC0_S 0 1 14917.7 -29015.8 8500 1.38544e+06 -1.01637e+07 2.82577e+06 10438.1 63.9923 -14.0578
1010000 FRAC0_S 0 1 14617.5 -29089.3 8500 1.26596e+06 -1.05861e+07 392673 10149.4 68.7156 -2.46743
1010000 FRAC0_S 0 1 14354.9 -29252.1 8500 1.26246e+07 -1.05026e+07 -2.22301e+06 24688.9 45.9868 6.5862
1010000 FRAC0_S 0 1 14155.3 -29488 8500 1.20858e+06 -9.3096e+06 -4.19034e+06 10188.5 60.5687 19.5432
1010000 FRAC0_S 0 1 14038.5 -29774.1 8500 914614 -5.5705e+06 -4.72346e+06 5807.04 52.2884 27.0099
1010000 FRAC0_S 0 1 14015.7 -30082.3 8500 1.28176e+06 -4.01162e+06 -7.28787e+06 8644.49 37.5231 34.1096
1010000 FRAC0_S 0 1 14089.3 -30382.4 8500 1.25459e+06 -495030 -7.92746e+06 8520.43 6.97851 41.7517
1010000 FRAC0_S 0 1 14252.1 -30645.1 8500 987819 2.54007e+06 -6.46374e+06 6218.61 -31.0668 36.6489
1010000 FRAC0_S 0 1 14488.1 -30844.6 8500 1.25456e+06 6.46718e+06 -6.75116e+06 9929.12 -48.5816 29.204
1010000 FRAC0_S 0 1 14774.1 -30961.5 8500 1.30778e+06 9.31514e+06 -5.06709e+06 11299.5 -58.4444 21.7483
1010000 FRAC0_S 0 1 15082.3 -30984.2 8500 1.3753e+06 1.12306e+07 -2.91009e+06 12534 -64.6603 13.4684
1010000 FRAC0_S 0 1 15382.5 -30910.7 8500 1.31657e+06 1.20416e+07 -501925 13109 -68.795 2.78139
1010000 FRAC0_S 0 1 15645.1 -30747.9 8500 1.52028e+07 1.0263e+07 2.42179e+06 30761.3 -42.0415 -6.52475
1010000 FRAC0_S 0 1 15844.7 -30512 8500 1.34712e+06 1.05216e+07 4.46349e+06 12676.2 -61.1396 -18.8522
1010000 FRAC0_S 0 1 15961.5 -30225.9 8500 1.02765e+06 5.91859e+06 4.78735e+06 6263.8 -52.8076 -26.3309
1010000 FRAC0_S 0 1 15984.3 -29917.7 8500 1.33466e+06 4.47552e+06 7.39173e+06 9210.45 -39.416 -33.327
1010000 FRAC0_S 0 1 15910.7 -29617.6 8500 -1.3628e+07 1.56919e+06 7.2638e+06 7236.87 -9.43914 -21.7736
1010000 FRAC0_S 0 1 15747.9 -29354.9 8500 1.09633e+06 -2.12885e+06 5.86774e+06 5090.19 28.9401 -36.5921
1010000 FRAC0_S 0 1 15511.9 -29155.4 8500 -4.24993e+06 -5.11358e+06 6.44989e+06 7863.06 37.952 -26.3243
1010000 FRAC0_S 0 1 15225.9 -29038.5 8500 -1.68488e+07 -7.02908e+06 4.75119e+06 7405.05 30.1534 -12.0357
Step FractureNumber TipNr TipActive TipX TipY TipZ KI KII KIII G Phi Psi Extension
1010101 FRAC0_S 0 1 14917.3 -28964.5 8580.79 3.71249e+07 8.74666e+06 3.5893e+06 131347 -22.5686 -5.48656
1010101 FRAC0_S 0 1 14598.3 -29048.6 8587.04 1.23959e+07 -2.85478e+06 598446 14466.3 22.946 -2.89815
1010101 FRAC0_S 0 1 14318.2 -29211.1 8581.03 1.1731e+07 -3.75912e+06 -2.26862e+06 14206.7 26.4983 9.42571
1010101 FRAC0_S 0 1 14108.1 -29458.7 8581.3 8.7718e+06 -2.73442e+06 -4.63151e+06 10375.8 21.7122 19.6678
1010101 FRAC0_S 0 1 13978.5 -29762.4 8576.56 7.45708e+06 -9.06195e+06 -9.02942e+06 23116.4 40.8509 23.4451
1010101 FRAC0_S 0 1 13938.4 -30091.7 8553.27 6.04148e+06 -1.51285e+06 -7.29583e+06 10535.9 13.5359 30.3558
1010101 FRAC0_S 0 1 14007.6 -30417.3 8508.4 4.2725e+06 58785.9 -4.53768e+06 4365.49 -0.924882 31.2691
1010101 FRAC0_S 0 1 14188.2 -30696.8 8458.48 5.2015e+06 1.20595e+06 -8.05943e+06 11179.5 -11.1839 33.2117
1010101 FRAC0_S 0 1 14451.7 -30899.7 8428.3 7.30901e+06 2.16734e+06 -6.95929e+06 11620.4 -17.2443 27.1107
1010101 FRAC0_S 0 1 14760.4 -31011.8 8416.05 7.97247e+06 1.97312e+06 -4.41806e+06 8606.84 -17.9107 20.8696
1010101 FRAC0_S 0 1 15084.6 -31026.7 8410.2 1.03826e+07 2.07177e+06 -2.67297e+06 10938.7 -17.8607 12.7521
1010101 FRAC0_S 0 1 15402.4 -30952.1 8414.05 8.96053e+06 3.73844e+06 -487232 8431.71 -34.0651 2.83706
1010101 FRAC0_S 0 1 15683.2 -30790.7 8421.32 9.08089e+06 3.51207e+06 1.81912e+06 8887.5 -29.9596 -9.31956
1010101 FRAC0_S 0 1 15892.2 -30542 8419.56 9.29411e+06 3.38034e+06 4.41877e+06 11312.5 -24.9487 -17.9585
1010101 FRAC0_S 0 1 16020.5 -30237.5 8422.4 7.00969e+06 1.80866e+06 5.26599e+06 8358.17 -16.8239 -24.5502
1010101 FRAC0_S 0 1 16060.2 -29908.4 8444.24 5.87681e+06 1.72899e+06 7.60533e+06 11036.8 -15.0089 -30.7493
1010101 FRAC0_S 0 1 15992 -29582.6 8488.02 1.55257e+07 -657938 1.3923e+07 47300.2 3.02608 -29.014
1010101 FRAC0_S 0 1 15814 -29299.9 8535.46 4.58633e+06 -1.63401e+06 7.92324e+06 10461.7 15.2399 -33.3394
1010101 FRAC0_S 0 1 15553.9 -29086.3 8555.41 7.32928e+06 -4.45742e+06 9.56933e+06 18736.4 26.1712 -28.3249
1010101 FRAC0_S 0 1 15245.1 -28968.6 8562.96 8.67163e+06 -5.1304e+06 5.11994e+06 12532.7 32.8129 -18.6893