
Step FractureNumber TipNr TipActive TipX TipY TipZ KI KII KIII G Phi Psi Extension
1010000 FRAC0_S 0 1 -30000 -44020.2 8624.9 -1.82092e+06 324735 -262752 18.579 -17.6041 8.11686
1010000 FRAC0_S 0 1 -30000 -44106.8 8921.55 -1.66538e+06 366408 -126831 14.1029 -21.747 4.46902
1010000 FRAC0_S 0 1 -30000 -44280.8 9176.94 -1.73342e+06 396310 -28293.7 14.1023 -23.3495 1.01698
1010000 FRAC0_S 0 1 -30000 -44525.1 9366.05 -1.79523e+06 385730 68864.5 13.8892 -21.9452 -2.35656
1010000 FRAC0_S 0 1 -30000 -44816 9470.4 -1.44202e+06 229394 102485 6.08604 -16.9337 -4.39623
1010000 FRAC0_S 0 1 -30000 -45124.9 9479.76 -1.77787e+06 43236.6 -253963 8.74471 -2.88668 9.05195
1010000 FRAC0_S 0 1 -30000 -45421.5 9393.21 -1.92581e+06 297520 -228400 14.8261 -15.9583 6.97998
1010000 FRAC0_S 0 1 -30000 -45676.9 9219.22 -1.54446e+06 833416 252453 70.3706 -37.3313 -7.1823
1010000 FRAC0_S 0 1 -30000 -45866 8974.84 -1.86218e+06 31314.9 218492 6.43666 -2.06042 -7.71618
1010000 FRAC0_S 0 1 -30000 -45970.4 8683.98 -1.84923e+06 -42432.9 219966 6.59567 2.78501 -7.76709
1010000 FRAC0_S 0 1 -30000 -45979.8 8375.1 -1.93692e+06 -146193 219370 8.30491 8.60692 -7.13193
1010000 FRAC0_S 0 1 -30000 -45893.2 8078.45 -1.80329e+06 -220654 197408 9.52163 13.216 -6.67113
1010000 FRAC0_S 0 1 -30000 -45719.2 7823.06 -1.78276e+06 -275563 148187 9.68717 16.3924 -5.08955
1010000 FRAC0_S 0 1 -30000 -45474.9 7633.95 -1.39907e+06 -304387 70212.6 8.91186 21.9644 -3.03599
1010000 FRAC0_S 0 1 -30000 -45184 7529.6 -1.77384e+06 -445544 4544.14 17.6919 25.2382 -0.159239
1010000 FRAC0_S 0 1 -30000 -44875.1 7520.24 -1.74715e+06 -423876 -104263 17.4563 23.6519 3.50496
1010000 FRAC0_S 0 1 -30000 -44578.5 7606.79 -1.51329e+06 319918 -475435 39.1833 -18.0562 14.6636
1010000 FRAC0_S 0 1 -30000 -44323.1 7780.78 -1.90537e+06 -242161 -291116 16.4971 13.212 8.84105
1010000 FRAC0_S 0 1 -30000 -44134 8025.16 -1.70156e+06 -43870.6 -308430 12.8237 2.95847 10.9691
1010000 FRAC0_S 0 1 -30000 -44029.6 8316.02 -1.65734e+06 -269437 130698 8.74096 17.1333 -4.82167
Step FractureNumber TipNr TipActive TipX TipY TipZ KI KII KIII G Phi Psi Extension
1010101 FRAC0_S 0 1 -30017 -43928.5 8636.39 -1.58767e+06 615106 -322028 47.5076 -29.9528 9.41171
1010101 FRAC0_S 0 1 -30035.9 -44024.4 8960.12 -1.44846e+06 1.0462e+06 -103644 98.9624 -45.0219 3.05884
1010101 FRAC0_S 0 1 -30038.4 -44215.2 9238.64 -1.40724e+06 1.09999e+06 26833.9 107.916 -47.5815 -0.822263
1010101 FRAC0_S 0 1 -30035.9 -44481.7 9445.95 -1.59801e+06 1.12844e+06 166408 117.154 -43.9597 -4.37764
1010101 FRAC0_S 0 1 -30025.1 -44799.1 9562.5 -1.70253e+06 723384 203125 52.1174 -33.2216 -5.82946
1010101 FRAC0_S 0 1 -30016.7 -45137 9574.53 -1.7617e+06 492866 132316 23.9748 -25.9238 -4.22248
1010101 FRAC0_S 0 1 -30030.2 -45458.9 9475.93 -1.36793e+06 513215 -7007.49 23.4772 -32.8815 0.289026
1010101 FRAC0_S 0 1 -30038.1 -45736.3 9281.93 -1.7406e+06 962058 119529 84.3764 -39.5903 -3.24435
1010101 FRAC0_S 0 1 -30015.8 -45948 9018 -1.90499e+06 315499 281645 19.4201 -16.5399 -8.36172
1010101 FRAC0_S 0 1 -29994.7 -46065.9 8702.16 -1.84951e+06 -136714 238143 9.20825 8.34027 -7.97253
1010101 FRAC0_S 0 1 -29985.6 -46075.3 8363.11 -1.13263e+06 -1.50106e+06 390496 221.061 52.2437 -9.5215
1010101 FRAC0_S 0 1 -29977.8 -45979.2 8038.11 -1.87757e+06 -694669 226228 49.8082 30.4391 -6.08987
1010101 FRAC0_S 0 1 -29970.8 -45787.3 7759.47 -1.69123e+06 -900284 167898 75.9739 38.2252 -4.62378
1010101 FRAC0_S 0 1 -29963.6 -45518.8 7554.63 -1.59376e+06 -1.12384e+06 9817.71 112.561 45.8023 -0.280344
1010101 FRAC0_S 0 1 -29959.3 -45200.7 7442.12 -1.49397e+06 -1.11516e+06 -24489 110.895 46.7299 0.72244
1010101 FRAC0_S 0 1 -29977 -44863.3 7431.1 -1.6142e+06 -894051 -252334 79.6964 37.9987 6.85394
1010101 FRAC0_S 0 1 -29999.7 -44538.5 7523.36 -2.17706e+06 -345141 -344063 26.3594 15.8431 8.88752
1010101 FRAC0_S 0 1 -29995 -44257.7 7711.83 -1.95803e+06 -420626 -176171 19.8937 21.1522 5.22167
1010101 FRAC0_S 0 1 -29984.3 -44050 7978.98 -1.73456e+06 -1.70049e+06 112873 259.37 51.0204 -2.44808
1010101 FRAC0_S 0 1 -29991.5 -43937.1 8298.13 -1.71619e+06 -84904.1 -334010 15.4802 5.45652 11.3945