
Step FractureNumber TipNr TipActive TipX TipY TipZ KI KII KIII G Phi Psi Extension
1010000 FRAC0_S 0 1 15846.5 29491.1 8500 1.08143e+06 -242186 -6.34177e+06 5458.43 4.3534 41.944
1010000 FRAC0_S 0 1 15962.3 29777.6 8500 1.32511e+06 2.72872e+06 -6.3535e+06 6188.78 -31.8947 35.3189
1010000 FRAC0_S 0 1 15984 30085.8 8500 1.17631e+06 5.4593e+06 -5.35578e+06 6594.15 -49.2287 28.2546
1010000 FRAC0_S 0 1 15909.3 30385.7 8500 1.10019e+06 7.60441e+06 -4.03489e+06 7426.11 -58.6267 21.394
1010000 FRAC0_S 0 1 15745.6 30647.8 8500 822201 6.74e+06 -1.68125e+06 4484.23 -64.8654 13.0953
1010000 FRAC0_S 0 1 15508.9 30846.5 8500 1.02483e+06 9.9805e+06 -169182 8973.68 -69.2008 1.17335
1010000 FRAC0_S 0 1 15222.4 30962.3 8500 1.28288e+07 8.14449e+06 1.69716e+06 20959.5 -41.2613 -5.65432
1010000 FRAC0_S 0 1 14914.1 30984 8500 1.20483e+06 7.93758e+06 3.69589e+06 7560.47 -59.7999 -19.7198
1010000 FRAC0_S 0 1 14614.3 30909.3 8500 1.672e+07 5.19776e+06 4.82935e+06 30420.8 -24.5627 -13.0076
1010000 FRAC0_S 0 1 14352.2 30745.6 8500 1.04176e+06 2.53128e+06 4.93239e+06 3903.36 -35.4651 -34.1352
1010000 FRAC0_S 0 1 14153.5 30508.9 8500 1.02383e+06 341261 5.51863e+06 4154.34 -6.76848 -41.3226
1010000 FRAC0_S 0 1 14037.7 30222.4 8500 -1.36425e+07 -2.11759e+06 5.59767e+06 4566.99 13.1927 -18.1762
1010000 FRAC0_S 0 1 14016 29914.2 8500 1.12001e+06 -4.82607e+06 4.97116e+06 5473.98 48.2092 -28.6749
1010000 FRAC0_S 0 1 14090.7 29614.3 8500 693579 -6.6543e+06 3.74602e+06 5854.97 58.7897 -22.5753
1010000 FRAC0_S 0 1 14254.4 29352.2 8500 1.06725e+06 -7.4513e+06 1.82086e+06 5490.02 64.5382 -12.713
1010000 FRAC0_S 0 1 14491.1 29153.5 8500 698326 -6.10998e+06 188240 3374.81 68.876 -2.07468
1010000 FRAC0_S 0 1 14777.6 29037.7 8500 824191 -8.69062e+06 -1.70785e+06 7178.67 66.4367 11.1057
1010000 FRAC0_S 0 1 15085.9 29016 8500 1.0161e+06 -7.41114e+06 -3.41401e+06 6536.55 60.2021 19.7454
1010000 FRAC0_S 0 1 15385.7 29090.7 8500 4.41559e+06 -5.2944e+06 -4.71898e+06 7196.98 41.9454 21.9801
1010000 FRAC0_S 0 1 15670.2 29273.9 8500 1.28935e+06 -3.27005e+06 -6.09029e+06 6034.2 36.388 33.8139
Step FractureNumber TipNr TipActive TipX TipY TipZ KI KII KIII G Phi Psi Extension
1010101 FRAC0_S 0 1 15923.1 29445.4 8505.42 3.06512e+06 -62516.5 -5.56823e+06 4961.22 1.00287 36.415
1010101 FRAC0_S 0 1 16036.4 29729.2 8459.97 4.11877e+06 1.26284e+06 -5.67835e+06 5942.21 -15.0728 31.3477
1010101 FRAC0_S 0 1 16049.1 30089 8427.58 2.11466e+06 -2.08357e+06 622059 836.797 47.4362 -9.51632
1010101 FRAC0_S 0 1 15957.5 30404.2 8415.74 7.69641e+06 1.69409e+06 -3.32944e+06 7008.48 -17.4041 18.1556
1010101 FRAC0_S 0 1 15778.2 30674.4 8410.02 8.01335e+06 1.20655e+06 -1.48697e+06 6145.88 -14.8876 10.1961
1010101 FRAC0_S 0 1 15530.4 30887 8414.13 8.63486e+06 2.06251e+06 -302084 7035.32 -23.7902 2.11727
1010101 FRAC0_S 0 1 15234.4 31019.1 8422.04 9.14952e+06 3.29842e+06 1.68963e+06 8808.9 -28.8529 -8.8507
1010101 FRAC0_S 0 1 14907.4 31048.2 8429.9 7.3727e+06 3.49777e+06 3.30067e+06 7382.89 -30.2908 -16.3771
1010101 FRAC0_S 0 1 14582.1 30979 8443.1 5.11618e+06 2.97636e+06 4.85214e+06 6253.13 -28.4894 -24.6007
1010101 FRAC0_S 0 1 14295.3 30810.1 8457.65 -1.40503e+07 1.00151e+07 5.4321e+06 12862.5 -39.4641 -13.2449
1010101 FRAC0_S 0 1 14073.9 30555.4 8485.31 -9.3574e+06 1.92135e+06 6.9275e+06 6711.66 -13.9949 -24.9013
1010101 FRAC0_S 0 1 13952.3 30244.8 8527.1 4.91668e+06 -4.34607e+06 1.33589e+07 27572.5 24.3131 -34.5536
1010101 FRAC0_S 0 1 13947.2 29911.7 8564.37 7.27663e+06 -4.81091e+06 7.58815e+06 14438.9 30.0465 -25.1733
1010101 FRAC0_S 0 1 14049.5 29579.9 8584.39 6.18423e+06 -1.15376e+06 2.62404e+06 4442.39 15.2753 -18.2559
1010101 FRAC0_S 0 1 14221.6 29325.3 8589.84 6.98677e+06 2.66877e+06 614416 5034.78 -31.6537 -4.54836
1010101 FRAC0_S 0 1 14471.5 29121.3 8592.12 6.82657e+06 -784877 -11297.2 4207.62 13.673 0.115526
1010101 FRAC0_S 0 1 14769.5 28998.1 8590.84 1.71085e+07 -2.19735e+06 -2.83071e+06 27578.4 13.2072 9.43462
1010101 FRAC0_S 0 1 15093 28964.5 8583.01 7.04972e+06 -556635 -2.55542e+06 5324.76 7.45878 17.5281
1010101 FRAC0_S 0 1 15414.5 29029 8569.94 1.38437e+07 3.09664e+06 -6.03536e+06 22776.9 -17.5974 18.2123
1010101 FRAC0_S 0 1 15702.8 29194.1 8548.27 3.40322e+06 -1.26565e+06 -4.81931e+06 4263.84 17.4293 31.1047