
Step FractureNumber TipNr TipActive TipX TipY TipZ KI KII KIII G Phi Psi Extension
1010000 FRAC0_S 0 1 14902.5 -44017.1 8500 603070 4.09329e+06 -358894 1542.58 -67.4653 5.37122
1010000 FRAC0_S 0 1 14603.6 -44095.3 8500 711369 3.65935e+06 256276 1247.09 -66.9385 -4.21896
1010000 FRAC0_S 0 1 14343.5 -44262.1 8500 542292 2.64814e+06 802455 736.747 -62.0603 -14.3429
1010000 FRAC0_S 0 1 14147.6 -44501.1 8500 745937 2.69712e+06 1.69189e+06 1078.52 -54.2227 -22.1174
1010000 FRAC0_S 0 1 14035.1 -44788.9 8500 670985 1.84147e+06 2.16656e+06 966.593 -44.256 -29.0416
1010000 FRAC0_S 0 1 14017.2 -45097.5 8500 675661 782894 2.52837e+06 945.523 -24.792 -36.1934
1010000 FRAC0_S 0 1 14095.3 -45396.4 8500 570856 -393823 2.33918e+06 770.605 15.6935 -38.6827
1010000 FRAC0_S 0 1 14262.1 -45656.6 8500 457777 -694232 2.09971e+06 647.989 26.6989 -36.6068
1010000 FRAC0_S 0 1 14501.1 -45852.5 8500 496798 -2.21272e+06 1.64783e+06 819.431 53.0427 -24.778
1010000 FRAC0_S 0 1 14788.9 -45964.9 8500 449507 -2.75875e+06 1.08208e+06 851.923 61.0793 -17.5734
1010000 FRAC0_S 0 1 15097.5 -45982.9 8500 460679 -3.29528e+06 484683 1017.79 66.5212 -8.4839
1010000 FRAC0_S 0 1 15396.4 -45904.7 8500 426719 -3.05846e+06 -191266 854.64 68.0221 3.96861
1010000 FRAC0_S 0 1 15656.5 -45737.9 8500 365132 -2.77957e+06 -344955 716.171 67.1016 7.3879
1010000 FRAC0_S 0 1 15852.4 -45498.9 8500 335278 -1.95432e+06 -1.15703e+06 528.413 56.8772 22.4656
1010000 FRAC0_S 0 1 15964.9 -45211.1 8500 468037 -2.26544e+06 -2.07779e+06 1051.04 50.4009 27.5304
1010000 FRAC0_S 0 1 15982.8 -44902.5 8500 588924 -906709 -2.40522e+06 873.581 28.7595 35.5479
1010000 FRAC0_S 0 1 15904.7 -44603.6 8500 577201 715288 -2.42289e+06 856.042 -24.3584 36.8319
1010000 FRAC0_S 0 1 15737.9 -44343.4 8500 522088 1.10792e+06 -1.84132e+06 584.6 -37.5522 32.0891
1010000 FRAC0_S 0 1 15498.9 -44147.5 8500 601579 1.96603e+06 -1.62825e+06 729.295 -50.2303 25.2992
1010000 FRAC0_S 0 1 15211.1 -44035.1 8500 669029 2.96766e+06 -1.234e+06 1027.2 -59.3142 17.6433
Step FractureNumber TipNr TipActive TipX TipY TipZ KI KII KIII G Phi Psi Extension
1010101 FRAC0_S 0 1 14899.4 -43976.6 8409.32 4.46671e+06 924788 -266275 1863.52 -21.0134 3.59786
1010101 FRAC0_S 0 1 14587 -44059.1 8408.82 5.30585e+06 776061 605334 2611.03 -15.3044 -6.79021
1010101 FRAC0_S 0 1 14311.4 -44228.3 8412.54 4.39747e+06 834774 1.57029e+06 2113.24 -16.126 -16.247
1010101 FRAC0_S 0 1 14097 -44473.8 8419.9 3.7874e+06 850316 2.37709e+06 2094.18 -15.9419 -22.6422
1010101 FRAC0_S 0 1 13964.9 -44776.1 8434.34 2.18814e+06 517965 2.56335e+06 1324.48 -13.085 -30.1344
1010101 FRAC0_S 0 1 13932.4 -45107.7 8468.35 2.02704e+06 209575 2.79097e+06 1406.06 -5.71427 -33.1306
1010101 FRAC0_S 0 1 14012 -45432.8 8514.27 1.50078e+06 -392728 2.72677e+06 1203.34 11.3944 -34.5395
1010101 FRAC0_S 0 1 14199.2 -45708.9 8549.21 1.80148e+06 -391398 2.40895e+06 1074.65 11.401 -31.7883
1010101 FRAC0_S 0 1 14466.7 -45905 8573.07 2.35989e+06 -907405 1.61096e+06 914.794 23.6194 -22.1594
1010101 FRAC0_S 0 1 14818.9 -46019.2 8587.43 3.27664e+06 -848782 1.23737e+06 1224.55 20.4046 -16.2403
1010101 FRAC0_S 0 1 15100.6 -46023 8590.93 3.25081e+06 -485281 342621 978.29 15.6662 -6.31931
1010101 FRAC0_S 0 1 15411.4 -45938.9 8592.33 4.57127e+06 -478459 -545777 1922.11 11.4593 7.29404
1010101 FRAC0_S 0 1 15685 -45767.8 8590.18 3.56808e+06 -658651 -1.46634e+06 1459.1 15.2601 17.9009
1010101 FRAC0_S 0 1 15898 -45523.4 8584.17 2.83455e+06 -685263 -1.83014e+06 1203.29 16.7838 22.8209
1010101 FRAC0_S 0 1 16029.7 -45222.6 8571.49 2.03341e+06 -488941 -2.24641e+06 1060.92 13.6183 29.4204
1010101 FRAC0_S 0 1 16063 -44892.5 8533.01 1.69716e+06 -392749 -2.80387e+06 1316.02 10.7848 33.8569
1010101 FRAC0_S 0 1 15983 -44570 8476.17 1.62737e+06 38314.2 -2.73425e+06 1230.45 -1.2138 35.7277
1010101 FRAC0_S 0 1 15796.4 -44294.2 8439.99 1.80106e+06 484090 -2.372e+06 1058.25 -13.7961 31.1667
1010101 FRAC0_S 0 1 15532.6 -44094.3 8424.83 4.62032e+06 1.53853e+06 -2.68924e+06 3075.05 -22.2272 20.6585
1010101 FRAC0_S 0 1 15223.6 -43986.8 8414.69 4.99148e+06 1.19757e+06 -1.58921e+06 2683.87 -19.8956 14.559