
Step FractureNumber TipNr TipActive TipX TipY TipZ KI KII KIII G Phi Psi Extension
1010000 FRAC0_S 0 1 30098 44257.7 9144.19 -3.60315e+06 1.09431e+06 3.13297e+06 1412.17 -18.198 -25.9252
1010000 FRAC0_S 0 1 30340.6 44196.7 8962.74 -3.49917e+06 -404948 3.20074e+06 1377.17 7.75202 -28.4417
1010000 FRAC0_S 0 1 30549.9 44214.2 8736 -3.53613e+06 -1.91519e+06 2.98899e+06 1515.08 28.1632 -23.4838
1010000 FRAC0_S 0 1 30705.3 44308.6 8486.16 -1.78012e+06 -3.35195e+06 1.5868e+06 1336.09 52.4219 -16.5807
1010000 FRAC0_S 0 1 30791.6 44470.7 8237.67 -3.22999e+06 -4.16233e+06 1.55781e+06 1866.59 49.9686 -12.5765
1010000 FRAC0_S 0 1 30800.5 44684.6 8014.85 -3.12008e+06 -4.6442e+06 598851 1969.68 56.1581 -5.41607
1010000 FRAC0_S 0 1 30730.9 44929.4 7839.53 -3.05699e+06 -4.27705e+06 -134224 1632.5 57.2188 1.3912
1010000 FRAC0_S 0 1 30589.9 45181.1 7728.86 -3.06979e+06 -4.49116e+06 -1.48885e+06 2092.21 52.238 11.9392
1010000 FRAC0_S 0 1 30391.2 45415.2 7693.68 -2.94396e+06 -3.28996e+06 -2.17871e+06 1595.83 44.0446 17.9872
1010000 FRAC0_S 0 1 30154.1 45608.5 7737.42 -3.00463e+06 -2.23586e+06 -2.78447e+06 1476.65 33.5721 23.0912
1010000 FRAC0_S 0 1 29902 45742.3 7855.81 -3.21431e+06 -868889 -3.23112e+06 1455.81 15.6432 28.0169
1010000 FRAC0_S 0 1 29659.4 45803.3 8037.26 -3.08994e+06 550870 -3.18315e+06 1374.66 -10.8454 29.2039
1010000 FRAC0_S 0 1 29450.1 45785.8 8264 -2.41151e+06 1.44023e+06 -2.21063e+06 834.793 -29.309 24.0545
1010000 FRAC0_S 0 1 29294.7 45691.4 8513.84 -3.51389e+06 3.34379e+06 -2.55921e+06 1867.43 -40.8859 18.7606
1010000 FRAC0_S 0 1 29208.4 45529.3 8762.33 -3.6061e+06 4.35367e+06 -1.87028e+06 2154.26 -48.2743 13.6458
1010000 FRAC0_S 0 1 29199.5 45315.4 8985.15 -3.37256e+06 4.59633e+06 -743013 1955.99 -54.3782 6.41236
1010000 FRAC0_S 0 1 29269.1 45070.6 9160.47 -3.35275e+06 4.53134e+06 239054 1837.3 -56.3141 -2.26686
1010000 FRAC0_S 0 1 29410.1 44818.9 9271.14 -3.54882e+06 4.45378e+06 1.1828e+06 1953.67 -51.4253 -9.49683
1010000 FRAC0_S 0 1 29608.8 44584.8 9306.32 -3.64158e+06 3.67913e+06 2.09422e+06 1789.5 -44.0192 -15.7173
1010000 FRAC0_S 0 1 29845.9 44391.5 9262.58 -3.63372e+06 2.55889e+06 2.78954e+06 1618.43 -34.2029 -21.0412
Step FractureNumber TipNr TipActive TipX TipY TipZ KI KII KIII G Phi Psi Extension
1010101 FRAC0_S 0 1 30092.9 44174 9187.56 -2.82728e+06 2.51634e+06 3.16375e+06 1895.48 -35.2855 -24.4431
1010101 FRAC0_S 0 1 30378.5 44127.1 9012.91 -3.01998e+06 -185434 3.4872e+06 1620.42 3.82527 -31.6827
1010101 FRAC0_S 0 1 30620.8 44175.3 8784.93 -1.4426e+06 -3.06146e+06 3.20632e+06 2202.49 44.5522 -26.7293
1010101 FRAC0_S 0 1 30792.9 44301.9 8527.47 244388 -3.56654e+06 2.05719e+06 1701.68 59.2316 -23.2888
1010101 FRAC0_S 0 1 30885 44484 8267.6 1.22884e+06 -3.85626e+06 1.28987e+06 1680.97 59.0731 -14.431
1010101 FRAC0_S 0 1 30893.1 44713.4 8035.02 2.21991e+06 -4.41225e+06 407342 2195.99 60.2497 -4.40299
1010101 FRAC0_S 0 1 30819.1 44973.6 7850.31 2.07158e+06 -3.84218e+06 -409503 1720.18 59.223 4.91298
1010101 FRAC0_S 0 1 30670.4 45238.4 7726.23 1.24995e+06 -2.91929e+06 -942348 1016.75 57.1239 13.2582
1010101 FRAC0_S 0 1 30457.2 45485.4 7675.76 561041 -2.98977e+06 -1.67711e+06 1198.67 57.1702 21.6262
1010101 FRAC0_S 0 1 30195.2 45689.7 7704.77 -778555 -2.90955e+06 -2.6265e+06 1671.86 49.6458 26.7341
1010101 FRAC0_S 0 1 29905 45824.3 7809.87 -1.73622e+06 -1.23688e+06 -2.8127e+06 1188.52 26.7299 30.1199
1010101 FRAC0_S 0 1 29619.3 45870.2 7984.74 -1.9949e+06 832806 -2.95633e+06 1224.21 -18.7065 31.2463
1010101 FRAC0_S 0 1 29377.6 45827.5 8216.05 -1.33709e+06 2.64116e+06 -2.78184e+06 1650.84 -44.0127 26.5095
1010101 FRAC0_S 0 1 29205.5 45707.4 8476.85 -123938 3.91143e+06 -2.2664e+06 2046.49 -59.9286 23.7839
1010101 FRAC0_S 0 1 29113.7 45522.3 8735.87 789288 4.26838e+06 -1.57557e+06 2009.17 -61.1027 16.6652
1010101 FRAC0_S 0 1 29106.1 45288.2 8966.9 1.44398e+06 4.20615e+06 -677659 1823.39 -62.1307 7.97475
1010101 FRAC0_S 0 1 29180.3 45027.2 9151.3 2.04124e+06 4.49322e+06 355094 2187.11 -61.5314 -3.93253
1010101 FRAC0_S 0 1 29329.4 44761.9 9274.82 1.55175e+06 5.07729e+06 882156 2615.22 -62.65 -8.70557
1010101 FRAC0_S 0 1 29542.6 44514.7 9324.35 266199 4.36818e+06 1.78563e+06 2130.68 -62.85 -19.1417
1010101 FRAC0_S 0 1 29803.9 44309.9 9293.91 -1.14226e+06 3.55508e+06 2.64313e+06 2055.38 -51.3847 -23.8073