
Step FractureNumber TipNr TipActive TipX TipY TipZ KI KII KIII G Phi Psi Extension
1010000 FRAC0_S 0 1 15000 29248.7 7858.8 -6.40796e+06 -4.13488e+06 1.89873e+07 49472.3 18.2307 -36.5095
1010000 FRAC0_S 0 1 15000 29487.6 7655.6 2.87503e+06 -3.42342e+06 1.82901e+06 2225.84 46.5506 -15.882
1010000 FRAC0_S 0 1 15000 29773.6 7538.6 2.93797e+06 -3.50838e+06 1.62762e+06 2218.34 47.617 -14.3829
1010000 FRAC0_S 0 1 15000 30081.8 7515.7 2.01987e+06 -3.94289e+06 1.09085e+06 1907.16 56.3857 -11.2735
1010000 FRAC0_S 0 1 15000 30382 7589.16 1.92673e+06 -3.77101e+06 -31860.9 1598.13 61.8203 0.432719
1010000 FRAC0_S 0 1 15000 30644.7 7751.78 1.87953e+06 -1.87732e+07 -1.37458e+07 56850.1 55.5564 25.8996
1010000 FRAC0_S 0 1 15000 30844.5 7987.64 -4.78314e+06 -1.17449e+07 5.62439e+06 16499.4 54.5493 -17.6765
1010000 FRAC0_S 0 1 15000 30961.5 8273.65 -952757 -8.67283e+06 -1.24659e+07 27370.6 44.1735 33.5064
1010000 FRAC0_S 0 1 15000 30984.3 8581.81 4.77505e+06 7.02029e+06 -2.03685e+06 6975.33 -53.0233 10.7703
1010000 FRAC0_S 0 1 15000 30910.8 8881.97 4.79299e+06 8.27528e+06 178055 8153.6 -60.1417 -1.0425
1010000 FRAC0_S 0 1 15000 30748.2 9144.74 -3.02578e+06 -4.68193e+06 -5.42493e+06 5867.49 41.0145 26.5897
1010000 FRAC0_S 0 1 15000 30512.4 9344.4 7.00379e+06 1.01439e+07 6.48536e+06 19134.4 -47.1951 -18.9196
1010000 FRAC0_S 0 1 15000 30226.4 9461.4 5.43103e+06 5.19637e+06 7.25906e+06 12042.9 -34.7646 -26.2203
1010000 FRAC0_S 0 1 15000 29918.2 9484.3 6.81247e+06 2.79652e+06 9.83726e+06 17703.1 -18.6854 -31.013
1010000 FRAC0_S 0 1 15000 29618 9410.84 4.53123e+06 -1.1292e+06 7.38874e+06 9204.17 11.5906 -33.5853
1010000 FRAC0_S 0 1 15000 29355.3 9248.22 5.49775e+06 -4.51842e+06 8.21887e+06 13496.8 30.3924 -28.4522
1010000 FRAC0_S 0 1 15000 29155.5 9012.36 5.10331e+06 -6.44989e+06 6.49483e+06 11638.2 41.0922 -23.7958
1010000 FRAC0_S 0 1 15000 29038.5 8726.35 1.3854e+07 -2.28479e+07 1.59934e+07 97640.8 47.5422 -20.6337
1010000 FRAC0_S 0 1 15000 29015.7 8418.19 3.29902e+06 -4.55684e+06 2.60307e+06 3721.39 47.7087 -17.3689
1010000 FRAC0_S 0 1 15000 29089.2 8118.03 3.8008e+06 -4.87214e+06 2.2186e+06 4057.21 48.6191 -14.5193
Step FractureNumber TipNr TipActive TipX TipY TipZ KI KII KIII G Phi Psi Extension
1010101 FRAC0_S 0 1 15052.5 29191.7 7803.16 4.63352e+06 -1.759e+06 1.13517e+06 2360.25 28.8917 -11.0119
1010101 FRAC0_S 0 1 15062.5 29448 7594.29 3.94085e+06 896004 205717 1461.07 -22.6662 -3.12717
1010101 FRAC0_S 0 1 15075.9 29758.1 7477.3 5.27536e+06 -587317 407510 2532.71 12.4994 -4.92996
1010101 FRAC0_S 0 1 15082.1 30084.8 7460.83 -1.74977e+07 9.64953e+06 1.00404e+07 21705.1 -31.6143 -18.6539
1010101 FRAC0_S 0 1 15085.5 30401.4 7542.88 4.54926e+06 304633 -114321 1854.2 -8.32112 1.77734
1010101 FRAC0_S 0 1 15083.5 30687.9 7718.42 3.35706e+06 960065 -655534 1143.54 -24.4204 9.70907
1010101 FRAC0_S 0 1 15078.8 30895.9 7957.77 2.62829e+06 1.74869e+06 -1.36778e+06 1136.87 -36.1295 16.7004
1010101 FRAC0_S 0 1 15035.3 31023.7 8259.15 2.30749e+06 5.76842e+06 -2.3845e+06 4195.79 -55.9163 16.0657
1010101 FRAC0_S 0 1 14955.8 31043.2 8585.01 1.02847e+07 4.88198e+06 -681121 11611.1 -36.4847 3.2914
1010101 FRAC0_S 0 1 14953.1 30963.1 8905.16 6.52304e+06 2.46229e+06 1.57912e+06 4663.54 -28.8276 -10.9218
1010101 FRAC0_S 0 1 14992.7 30797.1 9188.7 7.53318e+06 1.03622e+07 4.03446e+06 16790 -50.5233 -13.2328
1010101 FRAC0_S 0 1 14965.5 30549 9405.75 7.66279e+06 5.38807e+06 7.24807e+06 14806.5 -32.2291 -23.6438
1010101 FRAC0_S 0 1 14945.1 30242.6 9539.51 1.23016e+07 2.78485e+06 1.08576e+07 29855.2 -14.2211 -26.8634
1010101 FRAC0_S 0 1 14974.7 29909.5 9574.07 -8.69807e+06 -1.7785e+07 -3.20057e+06 29548.4 58.7524 8.02652
1010101 FRAC0_S 0 1 15014.6 29583.1 9495.94 1.39312e+06 1.38845e+06 3.76059e+06 2225.62 -26.5594 -33.9323
1010101 FRAC0_S 0 1 15046.7 29301.6 9313.25 8.04195e+06 -2.42717e+06 9.16458e+06 17458.6 16.2374 -29.2186
1010101 FRAC0_S 0 1 15064 29092.9 9052.11 2.36247e+07 -7.04566e+06 1.39212e+07 79933.8 20.373 -21.1348
1010101 FRAC0_S 0 1 15071.8 28972.9 8742.47 2.00485e+07 -7.15218e+06 644356 40430.5 31.3417 -1.78731
1010101 FRAC0_S 0 1 15074.2 28950.6 8412.87 1.07812e+07 -3.29627e+06 3.69976e+06 13146.4 23.5523 -14.8039
1010101 FRAC0_S 0 1 15063.8 29024 8088.35 4.20428e+06 -354700 -878051 1688.86 8.83537 11.7359