
Step FractureNumber TipNr TipActive TipX TipY TipZ KI KII KIII G Phi Psi Extension
1010000 FRAC0_S 0 1 802.035 29671.9 8026.05 1.61404e+07 -6.63878e+06 -1.02015e+07 40983 25.3447 20.9693
1010000 FRAC0_S 0 1 736.756 29915.6 7847.62 3.54087e+07 -1.03271e+07 -1.75631e+07 162253 20.9776 19.1016
1010000 FRAC0_S 0 1 599.358 30167.6 7733.05 2.05427e+07 4.6482e+06 -1.31804e+07 62635.3 -15.932 22.8991
1010000 FRAC0_S 0 1 403.291 30403.1 7693.56 1.89736e+07 9.79038e+06 -1.07345e+07 55946 -30.4008 18.7607
1010000 FRAC0_S 0 1 167.748 30599.2 7733 2.09386e+07 1.68536e+07 -9.27445e+06 75819.3 -41.1556 14.0885
1010000 FRAC0_S 0 1 -84.2162 30736.7 7847.53 2.01714e+07 1.88671e+07 -5.32191e+06 71744.7 -46.8815 8.88269
1010000 FRAC0_S 0 1 -327.937 30802 8025.92 1.72936e+07 1.76902e+07 -949600 54656.4 -51.9572 2.03823
1010000 FRAC0_S 0 1 -539.557 30788.8 8250.72 2.06101e+07 2.2468e+07 3.06819e+06 84087.7 -51.57 -5.0402
1010000 FRAC0_S 0 1 -698.361 30698.4 8499.92 1.93996e+07 1.90036e+07 7.06045e+06 72347 -46.289 -11.3174
1010000 FRAC0_S 0 1 -788.805 30539.7 8749.13 1.91555e+07 1.55464e+07 1.06437e+07 69301.7 -39.7701 -16.4903
1010000 FRAC0_S 0 1 -803.905 30344.5 8959.46 1.99406e+07 1.10331e+07 1.43113e+07 73520 -29.9542 -21.3543
1010000 FRAC0_S 0 1 -736.756 30084.4 9152.38 1.81562e+07 4.33349e+06 1.52269e+07 61885.5 -15.1614 -26.1115
1010000 FRAC0_S 0 1 -599.358 29832.4 9266.95 1.79621e+07 -4.11798e+06 1.72633e+07 69898.2 13.8866 -27.8717
1010000 FRAC0_S 0 1 -403.291 29596.9 9306.44 1.77529e+07 -9.52682e+06 1.45035e+07 64148.8 28.2818 -23.0987
1010000 FRAC0_S 0 1 -167.748 29400.8 9267 1.71892e+07 -1.57375e+07 1.16198e+07 66356.6 40.7229 -18.1007
1010000 FRAC0_S 0 1 84.2162 29263.3 9152.47 1.72447e+07 -1.98573e+07 7.52619e+06 69170.1 48.4343 -12.2156
1010000 FRAC0_S 0 1 327.937 29198 8974.08 1.7677e+07 -2.17776e+07 2.7505e+06 71112.6 53.6017 -4.9431
1010000 FRAC0_S 0 1 539.557 29211.2 8749.28 2.48931e+07 -2.37509e+07 293244 105497 51.4583 -0.466211
1010000 FRAC0_S 0 1 698.361 29301.6 8500.08 1.44069e+07 -1.36217e+07 -4.75924e+06 38042.5 46.081 10.6266
1010000 FRAC0_S 0 1 788.805 29460.3 8250.87 1.98324e+07 -1.4256e+07 -1.01822e+07 66948.5 37.824 16.1942
Step FractureNumber TipNr TipActive TipX TipY TipZ KI KII KIII G Phi Psi Extension
1010101 FRAC0_S 0 1 898.288 29670.5 8010.35 1.82468e+07 1.25967e+06 -9.80397e+06 42593.8 -5.88746 22.3979
1010101 FRAC0_S 0 1 817.068 29920.8 7799.83 2.52207e+07 2.70512e+06 -1.35899e+07 81896.8 -8.82504 21.9967
1010101 FRAC0_S 0 1 644.691 30172.5 7652.63 2.63248e+07 966876 -1.26045e+07 82966.3 -3.35176 21.3489
1010101 FRAC0_S 0 1 410.616 30408.2 7596.99 2.77069e+07 -2.71822e+06 -1.16029e+07 86971.3 8.76188 19.0187
1010101 FRAC0_S 0 1 144.651 30606.8 7638.04 2.89741e+07 -1.15678e+06 -8.93862e+06 85553.6 4.08377 16.1181
1010101 FRAC0_S 0 1 -130.987 30744.2 7761 2.86568e+07 394889 -4.63612e+06 76051 -1.63146 10.1094
1010101 FRAC0_S 0 1 -392.691 30807.7 7951.34 2.94797e+07 -2.54084e+06 -1.48546e+06 78309.9 10.214 3.39321
1010101 FRAC0_S 0 1 -618.279 30794 8191.06 3.25161e+07 -1.28041e+06 2.1298e+06 94965.3 4.90068 -4.50804
1010101 FRAC0_S 0 1 -774.086 30717.3 8431.29 3.75219e+07 -1.18386e+06 5.89716e+06 130208 3.66658 -9.73588
1010101 FRAC0_S 0 1 -885.407 30544 8733.11 2.16237e+07 129926 8.3899e+06 51030 -0.602135 -19.1534
1010101 FRAC0_S 0 1 -897.98 30327.6 8988.1 4.14794e+07 352987 1.35892e+07 177889 -0.888837 -17.1414
1010101 FRAC0_S 0 1 -816.364 30080.3 9202.2 3.50726e+06 -4.52897e+06 9.69957e+06 15436.8 31.1855 -32.7876
1010101 FRAC0_S 0 1 -645.81 29827.3 9348.55 2.53565e+07 -1.89984e+06 2.04046e+07 112990 5.4694 -27.3449
1010101 FRAC0_S 0 1 -412.657 29589.9 9402.52 2.32092e+07 -552624 1.49778e+07 77864.1 1.98287 -25.2241
1010101 FRAC0_S 0 1 -145.287 29392.9 9361.83 2.63026e+07 -1.03562e+06 1.20971e+07 81207.1 3.62829 -20.8218
1010101 FRAC0_S 0 1 131.386 29257.6 9238.85 2.93529e+07 -611439 8.05461e+06 85438.6 2.23344 -15.0437
1010101 FRAC0_S 0 1 393.036 29194.4 9048.54 4.57818e+07 1.18729e+06 6.01243e+06 191706 -3.10219 -8.42658
1010101 FRAC0_S 0 1 618.356 29206.6 8808.86 3.08353e+07 -2.63538e+06 -2.69451e+06 86311.7 9.83017 5.62826
1010101 FRAC0_S 0 1 788.099 29294.7 8539.97 3.07376e+07 -356469 -6.41349e+06 89673.4 1.32423 12.3725
1010101 FRAC0_S 0 1 885.233 29453.3 8264.35 2.93879e+07 52384.4 -1.09101e+07 92790.9 -0.181635 18.6774