
Step FractureNumber TipNr TipActive TipX TipY TipZ KI KII KIII G Phi Psi Extension
1010000 FRAC0_S 0 1 -201.592 -21723 7924.57 1.10023e+06 -656443 1.30377e+06 372.343 26.8085 -27.2396
1010000 FRAC0_S 0 1 -433.019 -21694.3 8127.33 1.05297e+06 -1.1181e+06 1.07437e+06 363.718 39.9237 -22.2047
1010000 FRAC0_S 0 1 -622.058 -21744.5 8366.56 938385 -1.38498e+06 662985 307.856 49.872 -15.69
1010000 FRAC0_S 0 1 -750.206 -21868.7 8618.87 1.22149e+06 -2.14323e+06 487600 573.898 56.2221 -9.34401
1010000 FRAC0_S 0 1 -804.919 -22054.6 8859.53 1.08191e+06 -2.02654e+06 -6945.67 470.274 61.4491 0.173735
1010000 FRAC0_S 0 1 -780.841 -22284.1 9065 1.05613e+06 -1.92074e+06 -421838 451.811 56.7627 9.17275
1010000 FRAC0_S 0 1 -680.329 -22534.8 9215.16 1.09927e+06 -1.56912e+06 -637277 381.095 50.6824 13.8106
1010000 FRAC0_S 0 1 -513.221 -22782.1 9295.32 900331 -974557 -940581 274.53 40.073 22.3749
1010000 FRAC0_S 0 1 -295.876 -23001.8 9297.63 804664 -327441 -1.42213e+06 336.238 16.797 33.1984
1010000 FRAC0_S 0 1 -49.5683 -23172.3 9221.87 911567 25893.7 -1.11863e+06 240.532 -1.75201 32.6685
1010000 FRAC0_S 0 1 201.592 -23277 9075.43 1.1458e+06 661770 -1.31844e+06 387.204 -26.5006 27.0274
1010000 FRAC0_S 0 1 433.019 -23305.7 8872.67 660472 1.63965e+06 -926942 392.715 -53.0619 19.682
1010000 FRAC0_S 0 1 622.058 -23255.5 8633.44 1.1282e+06 1.62578e+06 -792310 432.447 -49.4702 15.7795
1010000 FRAC0_S 0 1 750.206 -23131.3 8381.13 1.12189e+06 1.88268e+06 -394896 448.747 -56.0644 8.61548
1010000 FRAC0_S 0 1 804.919 -22945.4 8140.47 1.12935e+06 1.89514e+06 17835.5 433.74 -60.0471 -0.456138
1010000 FRAC0_S 0 1 780.841 -22715.9 7935 1.11251e+06 1.88935e+06 435678 453.626 -55.8012 -9.35573
1010000 FRAC0_S 0 1 680.329 -22465.2 7784.84 677338 1.37143e+06 1.10744e+06 371.596 -47.6161 -23.3056
1010000 FRAC0_S 0 1 513.221 -22217.9 7704.68 847563 879024 847165 228.32 -39.6496 -22.0988
1010000 FRAC0_S 0 1 295.876 -21998.2 7702.37 1.0632e+06 550657 1.21553e+06 324.257 -24.5955 -27.4189
1010000 FRAC0_S 0 1 49.5683 -21827.7 7778.13 1.31802e+06 396061 1.06958e+06 320.93 -18.5022 -25.0983
Step FractureNumber TipNr TipActive TipX TipY TipZ KI KII KIII G Phi Psi Extension
1010101 FRAC0_S 0 1 -200.213 -21638.4 7891.7 2.01803e+06 -617397 1.67201e+06 768.68 18.6285 -25.3049
1010101 FRAC0_S 0 1 -428.459 -21597.1 8133.76 1.8436e+06 146049 1.10952e+06 468.501 -6.44207 -23.6949
1010101 FRAC0_S 0 1 -617.984 -21652 8399.99 2.51076e+06 -232107 936681 683.235 8.55269 -17.7175
1010101 FRAC0_S 0 1 -743.497 -21785.4 8672.1 2.79615e+06 -29409 558062 738.202 1.21153 -11.9669
1010101 FRAC0_S 0 1 -796.358 -21982.5 8927.17 2.9545e+06 -79431 53285.7 778.785 3.55573 -1.33646
1010101 FRAC0_S 0 1 -775.166 -22225.4 9144.49 2.56564e+06 -90054.8 -423551 611.151 4.03453 10.1045
1010101 FRAC0_S 0 1 -698.961 -22453.7 9286.17 1.6126e+06 -142211 -607783 282.662 8.17335 17.8818
1010101 FRAC0_S 0 1 -517.262 -22771.8 9390.86 2.1801e+06 -294574 -1.21686e+06 628.197 10.7259 22.1258
1010101 FRAC0_S 0 1 -304.217 -23031.3 9387.15 1.88828e+06 -337393 -1.30877e+06 555.687 12.7263 24.3578
1010101 FRAC0_S 0 1 -57.8316 -23239.2 9287.6 1.6161e+06 -89577.1 -1.47959e+06 524.611 3.88177 29.1114
1010101 FRAC0_S 0 1 191.198 -23366.3 9100.57 1.84675e+06 -54616.9 -1.30041e+06 529.087 2.36779 26.2362
1010101 FRAC0_S 0 1 420.505 -23400.7 8858.76 2.18931e+06 81493.7 -1.22155e+06 626.163 -3.22877 23.2453
1010101 FRAC0_S 0 1 614.256 -23347 8596.36 2.52576e+06 122970 -964455 693.533 -4.68363 18.469
1010101 FRAC0_S 0 1 744.386 -23214.6 8327.99 2.94868e+06 487417 -396619 816.879 -16.6721 7.71825
1010101 FRAC0_S 0 1 798.049 -23017.5 8072.73 2.58112e+06 187839 28758.5 596.919 -9.08409 -0.798297
1010101 FRAC0_S 0 1 777.796 -22774.1 7855.13 2.65732e+06 181292 444346 658.425 -7.51766 -9.95271
1010101 FRAC0_S 0 1 682.185 -22504 7694.42 2.67062e+06 369617 924526 761.409 -12.4432 -16.3941
1010101 FRAC0_S 0 1 516.554 -22229.9 7608.02 1.46226e+06 267589 1.46206e+06 481.22 -11.2447 -28.8042
1010101 FRAC0_S 0 1 294.882 -21979.4 7607.02 1.69239e+06 -5365.54 1.89145e+06 731.05 0.209131 -31.9402
1010101 FRAC0_S 0 1 45.5448 -21775 7703.46 1.31535e+06 -291521 1.36421e+06 409.27 13.0628 -28.8573