
Step FractureNumber TipNr TipActive TipX TipY TipZ KI KII KIII G Phi Psi Extension
1010000 FRAC0_S 0 1 7751.73 955.071 8500 5.07585e+06 -1.97411e+06 -81826.8 2644.01 33.3891 0.890591
1010000 FRAC0_S 0 1 7444.27 986.116 8500 -129017 -2.93296e+06 -606790 815.515 67.1843 11.998
1010000 FRAC0_S 0 1 7142.27 920.632 8500 1.92436e+06 -2.1511e+06 -915309 853.745 47.338 13.1953
1010000 FRAC0_S 0 1 6875.29 765.031 8500 1.09335e+07 -859145 -1.17462e+06 10901.6 8.96842 6.79473
1010000 FRAC0_S 0 1 6669.46 534.543 8500 -2.64162e+06 -1.17274e+06 -1.72101e+06 516.484 26.5188 21.0611
1010000 FRAC0_S 0 1 6544.93 251.731 8500 -116436 -63496.3 -1.63451e+06 355.684 4.81357 43.4855
1010000 FRAC0_S 0 1 6513.88 -55.723 8500 -153756 711933 -1.80442e+06 478.204 -32.3519 37.6406
1010000 FRAC0_S 0 1 6579.37 -357.722 8500 -3.98075e+06 1.34451e+06 -1.65601e+06 525.821 -24.366 16.6454
1010000 FRAC0_S 0 1 6734.97 -624.705 8500 -118654 2.08026e+06 -1.1973e+06 576.28 -59.4903 23.3967
1010000 FRAC0_S 0 1 6965.46 -830.537 8500 -5.05489e+06 2.3985e+06 -817567 601.53 -34.7121 7.3877
1010000 FRAC0_S 0 1 7248.27 -955.071 8500 -6.4948e+06 2.93455e+06 -303301 779.614 -35.8484 2.39869
1010000 FRAC0_S 0 1 7555.73 -986.116 8500 456819 2.6881e+06 418795 685.823 -65.7741 -8.71054
1010000 FRAC0_S 0 1 7857.73 -920.632 8500 -96043.2 1.98244e+06 902341 458.499 -62.1473 -20.5878
1010000 FRAC0_S 0 1 8124.71 -765.031 8500 -790762 2.15305e+06 1.71663e+06 805.009 -49.7377 -24.2533
1010000 FRAC0_S 0 1 8330.54 -534.543 8500 3.20626e+06 739852 1.43179e+06 1237.49 -17.9353 -18.4273
1010000 FRAC0_S 0 1 8455.07 -251.731 8500 -24146.2 136678 1.49547e+06 299.108 -11.0762 -43.5237
1010000 FRAC0_S 0 1 8486.12 55.723 8500 -299438 -638783 1.92969e+06 531.612 27.7101 -37.5425
1010000 FRAC0_S 0 1 8420.63 357.722 8500 7.50929e+06 -1.20172e+06 1.16567e+06 5334.27 15.9978 -8.74608
1010000 FRAC0_S 0 1 8265.03 624.705 8500 -8280.7 -1.61746e+06 959737 355.633 60.1874 -24.4067
1010000 FRAC0_S 0 1 8034.54 830.537 8500 -149048 -2.09724e+06 647332 447.674 64.6978 -15.7979
Step FractureNumber TipNr TipActive TipX TipY TipZ KI KII KIII G Phi Psi Extension
1010101 FRAC0_S 0 1 7767.6 1014.1 8573.16 2.12205e+06 -2.80078e+06 -680266 1161.83 52.4904 8.98347
1010101 FRAC0_S 0 1 7442.37 1041.45 8578.23 2.37497e+06 -1.39074e+06 -109261 676.562 41.2296 2.17311
1010101 FRAC0_S 0 1 7113.84 981.021 8563.71 2.14271e+06 -1.66095e+06 -711539 722.291 42.0277 11.4723
1010101 FRAC0_S 0 1 6830.64 840.026 8537.96 1.83594e+06 -3.14922e+06 -471988 1213.74 57.4798 6.49936
1010101 FRAC0_S 0 1 6592.13 584.233 8528.32 486768 -1.36549e+06 -1.71048e+06 576.388 43.3751 29.8416
1010101 FRAC0_S 0 1 6456.86 275.344 8501.98 383368 1.3862e+06 -2.28955e+06 881.517 -39.6468 33.4969
1010101 FRAC0_S 0 1 6426.4 -60.0045 8465.03 -2.38756e+06 -3.08172e+06 -3.15256e+06 2168.12 41.0974 24.1085
1010101 FRAC0_S 0 1 6505.99 -383.437 8444.45 1.13154e+06 1.4422e+06 -1.33224e+06 535.495 -42.149 22.765
1010101 FRAC0_S 0 1 6682.96 -666.289 8432.37 1.61365e+06 1.52553e+06 -988662 569.414 -42.1792 16.7888
1010101 FRAC0_S 0 1 6928.22 -892.721 8435.35 1.55987e+06 259349 -3.43763e+06 1794.52 -6.73658 36.8951
1010101 FRAC0_S 0 1 7227.4 -1021.78 8433.68 2.20311e+06 1.86289e+06 -319060 755.296 -46.8422 5.50063
1010101 FRAC0_S 0 1 7555.95 -1037.08 8417.66 3.55687e+06 180401 -632831 1183.52 -5.66001 10.6031
1010101 FRAC0_S 0 1 7876.98 -965.164 8413.92 1.07821e+06 918991 2.37913e+06 931.668 -26.312 -32.6508
1010101 FRAC0_S 0 1 8169.37 -813.82 8432.04 2.0115e+06 1.45429e+06 1.07203e+06 701.868 -37.6779 -16.5852
1010101 FRAC0_S 0 1 8404.48 -579.056 8460.73 998753 1.34413e+06 1.684e+06 627.048 -38.9315 -26.8476
1010101 FRAC0_S 0 1 8544.61 -275.86 8494.32 424948 459608 1.93297e+06 531.853 -20.9748 -37.98
1010101 FRAC0_S 0 1 8576.44 60.671 8525.33 1.67622e+06 -4.87781e+06 1.49338e+06 2667.18 59.1409 -13.3382
1010101 FRAC0_S 0 1 8497.16 384.24 8547.1 1.10072e+06 -1.21403e+06 1.60365e+06 581.336 36.6564 -26.3951
1010101 FRAC0_S 0 1 8312.47 658.116 8572.88 1.9106e+06 -1.00624e+06 897503 522.646 32.0612 -16.5261
1010101 FRAC0_S 0 1 8061.05 876.552 8580.66 2.03372e+06 -1.19209e+06 629330 547.867 36.5978 -11.8537