
Step FractureNumber TipNr TipActive TipX TipY TipZ KI KII KIII G Phi Psi Extension
1010000 FRAC0_S 0 1 44054 29715.9 8500 -37918.8 -810495 172438 62.4913 67.0277 -12.2339
1010000 FRAC0_S 0 1 44188.1 29437.5 8500 -44278.1 -788941 -3734.27 55.4665 69.7696 0.347359
1010000 FRAC0_S 0 1 44401.7 29214.1 8500 -41629.9 -733110 -170462 51.7568 66.4755 12.9936
1010000 FRAC0_S 0 1 44673.8 29067.8 8500 -54046.3 -683405 -356080 58.4816 60.1537 21.8997
1010000 FRAC0_S 0 1 44977.9 29012.6 8500 -35814.2 -438094 -425437 41.1751 51.5872 29.5134
1010000 FRAC0_S 0 1 45284.1 29054 8500 11645 -500020 -419865 45.7375 54.9794 28.4526
1010000 FRAC0_S 0 1 45562.5 29188.1 8500 -19534.5 19235.2 -414835 22.9207 -5.81085 43.7333
1010000 FRAC0_S 0 1 45785.9 29401.7 8500 -7980.88 195206 -378338 22.4332 -39.1075 36.7784
1010000 FRAC0_S 0 1 45932.2 29673.8 8500 -103352 989595 -409391 109.556 -61.8462 18.8047
1010000 FRAC0_S 0 1 45987.4 29977.9 8500 -6552.6 568788 -264351 38.123 -62.714 21.2852
1010000 FRAC0_S 0 1 45946 30284.1 8500 -7170.69 660712 -133787 41.2807 -67.8359 12.098
1010000 FRAC0_S 0 1 45811.9 30562.5 8500 1641.1 529567 4711.49 24.9933 -69.9902 -0.683179
1010000 FRAC0_S 0 1 45598.3 30785.9 8500 197.309 484069 115229 22.6465 -67.405 -13.7732
1010000 FRAC0_S 0 1 45326.2 30932.2 8500 -16850.4 618742 301343 46.1924 -61.9265 -21.6732
1010000 FRAC0_S 0 1 45022.1 30987.4 8500 -10525 449681 404197 39.7481 -53.8869 -29.2575
1010000 FRAC0_S 0 1 44715.9 30946 8500 -21207.7 230841 474326 34.6715 -37.4221 -36.8627
1010000 FRAC0_S 0 1 44437.5 30811.9 8500 -74756.6 -83373.9 791339 83.9064 11.7538 -42.0861
1010000 FRAC0_S 0 1 44214.1 30598.3 8500 -34489.1 -234551 496551 37.6952 36.321 -36.7078
1010000 FRAC0_S 0 1 44067.8 30326.2 8500 -39288.6 -413552 393624 35.847 51.6903 -29.1356
1010000 FRAC0_S 0 1 44012.6 30022.1 8500 -7877.55 -168046 -49287.5 2.8395 65.49 15.4898
Step FractureNumber TipNr TipActive TipX TipY TipZ KI KII KIII G Phi Psi Extension
1010101 FRAC0_S 0 1 44017.9 29705.6 8592.24 -384484 193412 285026 14.1383 -27.8625 -22.1633
1010101 FRAC0_S 0 1 44158.5 29416.9 8592.85 -766343 403659 285802 25.3835 -33.4369 -14.041
1010101 FRAC0_S 0 1 44378.4 29181.6 8590.98 2828.75 80380.3 426112 24.7255 -20.3511 -42.1587
1010101 FRAC0_S 0 1 44659.2 29020.7 8585.88 922086 -406868 175548 94.6152 32.7413 -8.65192
1010101 FRAC0_S 0 1 44977.2 28956 8581.34 313212 -194519 64037.2 12.659 39.5271 -8.32195
1010101 FRAC0_S 0 1 45306.1 28990.6 8558.01 49393.7 39877.1 430698 25.0307 -10.3251 -41.9671
1010101 FRAC0_S 0 1 45610.4 29121.7 8499.65 297262 -954218 -600456 136.964 53.5515 21.8209
1010101 FRAC0_S 0 1 45842.1 29353.8 8443.89 -190155 -262634 7879.18 6.15475 57.0639 -1.32444
1010101 FRAC0_S 0 1 45981.4 29654 8417.93 -497487 -332335 60417 10.3274 42.5082 -5.14156
1010101 FRAC0_S 0 1 46030.5 29976.2 8410.37 -472699 -313288 -218586 15.1008 36.8526 15.4097
1010101 FRAC0_S 0 1 45982.5 30294.1 8407.98 -800665 -423974 -231142 23.1236 34.8356 11.5525
1010101 FRAC0_S 0 1 45840.8 30582.6 8406.79 -655989 -300920 -114418 9.81035 33.8012 7.954
1010101 FRAC0_S 0 1 45620.8 30817.1 8408.29 -3866.83 -55751.4 -429961 24.8642 15.0349 43.0493
1010101 FRAC0_S 0 1 45340.1 30976.8 8412.6 -260359 -266499 -772736 85.7459 25.7653 34.7116
1010101 FRAC0_S 0 1 45021 31047 8422.35 574524 385552 292268 54.0204 -36.4663 -16.406
1010101 FRAC0_S 0 1 44690.9 31018.8 8454.51 214369 214636 133623 10.5749 -43.2211 -16.6635
1010101 FRAC0_S 0 1 44387.9 30883.3 8509.8 -4310.77 392345 44659.3 13.9824 -69.1381 -7.55534
1010101 FRAC0_S 0 1 44153.5 30647.9 8554.33 -185958 218911 -152211 7.3517 -44.2053 18.8484
1010101 FRAC0_S 0 1 44012.1 30348.8 8576.79 -396176 367562 33033.8 12.1841 -49.6872 -3.17712
1010101 FRAC0_S 0 1 43967.9 30024.9 8588.13 -470006 287592 275777 17.4853 -33.5408 -18.4656