
Step FractureNumber TipNr TipActive TipX TipY TipZ KI KII KIII G Phi Psi Extension
1010000 FRAC0_S 0 1 -45000 29251.8 7855.26 -3.59106e+06 -168848 -588217 48.5583 5.33097 9.94795
1010000 FRAC0_S 0 1 -45000 29487.6 7655.6 -4.4162e+06 185481 -731770 74.2855 -4.7841 10.0807
1010000 FRAC0_S 0 1 -45000 29773.6 7538.6 -4.804e+06 642235 -755951 112.759 -13.7464 9.01676
1010000 FRAC0_S 0 1 -45000 30081.8 7515.7 -4.27654e+06 795420 -491562 88.5165 -18.585 6.63403
1010000 FRAC0_S 0 1 -45000 30382 7589.16 -4.44527e+06 979864 -299096 97.4556 -21.9138 3.98547
1010000 FRAC0_S 0 1 -45000 30644.7 7751.78 -3.33573e+06 781810 -77901.5 55.2736 -23.6579 1.43694
1010000 FRAC0_S 0 1 -45000 30844.5 7987.64 -4.48886e+06 950496 110688 82.1352 -21.9232 -1.54248
1010000 FRAC0_S 0 1 -45000 30961.5 8273.65 -4.06276e+06 2.02413e+06 -2439.99 365.092 -38.8022 0.0312492
1010000 FRAC0_S 0 1 -45000 30984.3 8581.81 -4.44117e+06 725040 403276 68.4736 -17.039 -5.47482
1010000 FRAC0_S 0 1 -45000 30910.8 8881.97 -3.74694e+06 486377 448104 47.7861 -13.7897 -7.16377
1010000 FRAC0_S 0 1 -45000 30748.2 9144.74 -3.66992e+06 325315 497689 42.3738 -9.76988 -8.23527
1010000 FRAC0_S 0 1 -45000 30512.4 9344.4 -3.74206e+06 80156 549108 40.6746 -2.54361 -9.27732
1010000 FRAC0_S 0 1 -45000 30226.4 9461.4 -4.26622e+06 -118518 610715 50.8571 3.28214 -9.0426
1010000 FRAC0_S 0 1 -45000 29918.2 9484.3 -4.71814e+06 -451869 619288 69.2028 10.5009 -7.96614
1010000 FRAC0_S 0 1 -45000 29618 9410.84 -3.56086e+06 -579604 360635 47.2334 16.867 -6.03765
1010000 FRAC0_S 0 1 -45000 29355.3 9248.22 -4.58052e+06 -962977 266099 92.0514 21.2826 -3.50343
1010000 FRAC0_S 0 1 -45000 29155.5 9012.36 -4.56194e+06 -1.03513e+06 48200.1 95.7897 23.3172 -0.663569
1010000 FRAC0_S 0 1 -45000 29038.5 8726.35 -3.66507e+06 -787319 -195648 60.3277 21.7058 3.22475
1010000 FRAC0_S 0 1 -45000 29015.7 8418.19 -4.06037e+06 331392 -373390 28.329 -9.39772 5.90934
1010000 FRAC0_S 0 1 -45000 29089.2 8118.03 -4.52348e+06 -539211 -656798 83.2827 12.5765 8.52196
Step FractureNumber TipNr TipActive TipX TipY TipZ KI KII KIII G Phi Psi Extension
1010101 FRAC0_S 0 1 -44992 29178.6 7792.02 -3.79879e+06 700729 -49551.9 44.0815 -19.9044 0.845718
1010101 FRAC0_S 0 1 -45009 29458.6 7560.31 -4.34193e+06 602743 -807309 119.056 -13.9018 10.2975
1010101 FRAC0_S 0 1 -45022 29751.6 7446.41 -4.23972e+06 1.58101e+06 -687201 285.547 -29.8797 7.86841
1010101 FRAC0_S 0 1 -45031.2 30089.2 7423.45 -3.77182e+06 2.13392e+06 -443283 431.907 -39.1468 5.28502
1010101 FRAC0_S 0 1 -45036.7 30416.9 7505.42 -2.77656e+06 1.81989e+06 -166520 298.821 -43.2732 2.68664
1010101 FRAC0_S 0 1 -45038.7 30703.5 7683.67 -3.67539e+06 2.48213e+06 -45805.5 549.284 -44.8109 0.574155
1010101 FRAC0_S 0 1 -45044.3 30918 7941.77 -3.51178e+06 1.99654e+06 154874 358.399 -40.6563 -2.10842
1010101 FRAC0_S 0 1 -45048 31043 8254.67 -3.10878e+06 2.41098e+06 226804 524.823 -46.4156 -3.02709
1010101 FRAC0_S 0 1 -45036.3 31073.3 8590.7 -3.82105e+06 2.16748e+06 540184 457.444 -38.7635 -6.22779
1010101 FRAC0_S 0 1 -45023.5 30998.1 8918.81 -4.21083e+06 1.57767e+06 536708 260.11 -30.5647 -6.38087
1010101 FRAC0_S 0 1 -45015.6 30820.8 9207.65 -4.25409e+06 965018 619697 134.06 -21.2266 -7.90675
1010101 FRAC0_S 0 1 -45005 30562.6 9427.48 -4.44645e+06 420276 902657 124.107 -9.82698 -11.3958
1010101 FRAC0_S 0 1 -44993.7 30248.7 9555.84 -4.39126e+06 -623653 -30947.3 34.7861 16.2342 0.47715
1010101 FRAC0_S 0 1 -44982.2 29910.5 9579.65 -4.98614e+06 -1.28117e+06 637327 200.286 23.5672 -6.91857
1010101 FRAC0_S 0 1 -44971.9 29582.2 9497.11 -3.1923e+06 -1.42742e+06 348839 197.748 34.4431 -5.31366
1010101 FRAC0_S 0 1 -44964.7 29295.9 9317.49 -4.06049e+06 -2.32848e+06 278048 493.421 40.3571 -3.19559
1010101 FRAC0_S 0 1 -44961.9 29078.5 9059.15 -3.79687e+06 -2.06078e+06 -121783 380.405 39.9356 1.57494
1010101 FRAC0_S 0 1 -44975.7 28949.2 8746.86 -4.07657e+06 -578176 -585795 75.4281 14.5938 8.3066
1010101 FRAC0_S 0 1 -44993.5 28921.5 8409.98 -5.27697e+06 -931626 -435185 102.529 18.2551 4.96762
1010101 FRAC0_S 0 1 -44990.9 29000.7 8080.86 -4.90217e+06 -1.01458e+06 -535466 129.862 20.2835 6.2459