
Step FractureNumber TipNr TipActive TipX TipY TipZ KI KII KIII G Phi Psi Extension
1010000 FRAC0_S 0 1 29701.1 -44058.7 8500 -15853.6 -332740 67935.8 10.4797 67.1674 -11.8439
1010000 FRAC0_S 0 1 29424.8 -44197.1 8500 -15504.5 -462170 -10788.7 19.0494 69.7972 1.70668
1010000 FRAC0_S 0 1 29204.9 -44414.1 8500 -12367.3 -358527 -94593.1 12.6444 66.304 14.4879
1010000 FRAC0_S 0 1 29062.8 -44688.4 8500 -12779.8 -320894 -175968 13.2942 60.3987 22.9975
1010000 FRAC0_S 0 1 29012.4 -44993.3 8500 -3893.83 -239104 -253671 13.6529 51.1749 31.2297
1010000 FRAC0_S 0 1 29058.7 -45298.9 8500 9640.77 -183414 -238234 10.5544 46.8779 33.0164
1010000 FRAC0_S 0 1 29197.1 -45575.2 8500 3279.96 18096.6 -308432 12.6825 -7.47106 44.0836
1010000 FRAC0_S 0 1 29414.1 -45795.1 8500 6601.74 145063 -263354 11.1033 -40.3825 36.2077
1010000 FRAC0_S 0 1 29688.4 -45937.2 8500 58297.3 41836.2 -174106 4.49045 -19.7284 36.2188
1010000 FRAC0_S 0 1 29993.3 -45987.6 8500 10732.6 329727 -148743 12.6408 -62.5611 20.6652
1010000 FRAC0_S 0 1 30298.9 -45941.3 8500 14413.1 373408 -71546.2 13.1242 -67.5489 11.3479
1010000 FRAC0_S 0 1 30575.2 -45802.9 8500 5667.78 432014 16889.7 16.6719 -69.8276 -2.85256
1010000 FRAC0_S 0 1 30795.1 -45585.9 8500 -39558.8 435199 160749 20.314 -63.0457 -17.6184
1010000 FRAC0_S 0 1 30937.2 -45311.6 8500 -23423 311593 228090 15.571 -56.0351 -26.1801
1010000 FRAC0_S 0 1 30987.6 -45006.7 8500 -11448.9 308968 215840 14.7027 -57.425 -26.0485
1010000 FRAC0_S 0 1 30941.3 -44701.1 8500 -32495.6 -71035.3 331993 15.1089 20.9722 -40.2826
1010000 FRAC0_S 0 1 30799.2 -44419.6 8500 24627.4 -5600.72 338556 15.3014 2.11003 -43.7947
1010000 FRAC0_S 0 1 30585.9 -44204.9 8500 -7365.28 -264381 224476 12.9304 54.7199 -28.5318
1010000 FRAC0_S 0 1 30311.6 -44062.8 8500 -27612.8 -324150 247905 17.5369 55.2233 -26.6057
1010000 FRAC0_S 0 1 30006.7 -44012.4 8500 -9918.53 -375093 179474 16.8214 62.1201 -21.4636
Step FractureNumber TipNr TipActive TipX TipY TipZ KI KII KIII G Phi Psi Extension
1010101 FRAC0_S 0 1 29690.3 -44021.4 8591.65 362434 -93946.5 156066 15.7312 19.8283 -17.7334
1010101 FRAC0_S 0 1 29403.7 -44167.8 8592.86 382313 -91166.4 158444 17.1041 18.7406 -17.4826
1010101 FRAC0_S 0 1 29171.9 -44391.3 8590.99 542832 -154682 93418.3 29.5505 24.7023 -8.75235
1010101 FRAC0_S 0 1 29015.6 -44674.6 8585.85 424697 -158165 21872.8 18.3654 31.8278 -2.77803
1010101 FRAC0_S 0 1 28953 -44994.4 8578.94 488211 -286907 -118248 30.4342 37.7417 9.74609
1010101 FRAC0_S 0 1 28990.2 -45323.6 8552.72 321637 -76126.2 -323933 23.6909 13.9887 28.3619
1010101 FRAC0_S 0 1 29129.2 -45624.5 8495.54 139758 -264918 -238714 15.5733 45.7776 24.3972
1010101 FRAC0_S 0 1 29363.9 -45862.6 8455.92 121182 123374 -190687 7.50104 -34.0599 27.8389
1010101 FRAC0_S 0 1 29662.2 -46008.8 8444.74 208097 189630 -134295 9.46187 -41.0075 17.5864
1010101 FRAC0_S 0 1 29988.6 -46042.1 8424.08 314496 129375 -54510.5 10.7004 -31.6255 8.13648
1010101 FRAC0_S 0 1 30309.6 -45978.1 8408.14 391505 37050.2 -177438 17.9682 -8.29788 20.0096
1010101 FRAC0_S 0 1 30597.2 -45832.8 8407.68 418362 82318.3 -185204 20.7624 -15.7942 18.6556
1010101 FRAC0_S 0 1 30831.6 -45610.7 8411.23 473949 158357 -145544 25.0685 -25.6004 13.4393
1010101 FRAC0_S 0 1 30986.3 -45327.1 8415.18 527084 340587 -86043.4 36.0777 -41.0691 6.76849
1010101 FRAC0_S 0 1 31050.1 -45004.2 8446.08 468715 457995 -27818.7 38.3715 -51.0584 2.2452
1010101 FRAC0_S 0 1 31019.7 -44672.6 8497.75 71279.9 219030 292301 16.0913 -42.7389 -30.8268
1010101 FRAC0_S 0 1 30874.4 -44377.1 8531.2 72437.3 -6922.5 237154 7.95204 3.02847 -39.9167
1010101 FRAC0_S 0 1 30627.9 -44153.6 8562.27 211748 -195749 91163.2 8.51527 44.1703 -13.1567
1010101 FRAC0_S 0 1 30329.1 -44012.4 8583.58 295197 -131496 61198.7 9.80413 32.6478 -9.2647
1010101 FRAC0_S 0 1 30008.3 -43966.1 8587.78 276890 -87932.2 48931.8 7.83935 26.5916 -8.76297