
Step FractureNumber TipNr TipActive TipX TipY TipZ KI KII KIII G Phi Psi Extension
1010000 FRAC0_S 0 1 -7479.02 -14312.3 7791.35 2.78626e+07 1.13558e+07 -1.55613e+06 80991.3 -33.561 2.92875
1010000 FRAC0_S 0 1 -7729.18 -14215.8 7944.99 5.29656e+06 4.87174e+06 2.49342e+06 5441.65 -43.5037 -14.0805
1010000 FRAC0_S 0 1 -7956.89 -14196.1 8152.95 2.35172e+07 6.07534e+06 247385 52580.1 -25.6021 -0.644383
1010000 FRAC0_S 0 1 -8139.88 -14255 8394.88 1.86053e+06 1.46691e+06 2.2134e+06 1151.8 -32.158 -25.8927
1010000 FRAC0_S 0 1 -8260.24 -14386.8 8647.1 -348580 942314 1.08897e+06 236.844 -44.4589 -28.7815
1010000 FRAC0_S 0 1 -8306.17 -14578.7 8884.93 -1.81633e+06 1.14036e+06 890569 221.365 -35.3472 -16.2873
1010000 FRAC0_S 0 1 -8273.2 -14811.9 9085.07 -2.97932e+06 1.47921e+06 650878 251.322 -34.664 -9.40077
1010000 FRAC0_S 0 1 -8164.54 -15063.4 9227.94 -5.93601e+06 3.57655e+06 -9856.53 1139.88 -42.7081 0.0807014
1010000 FRAC0_S 0 1 -7990.82 -15308.7 9299.56 -4.39086e+06 1.70627e+06 1.26109e+06 470.946 -28.7001 -12.3987
1010000 FRAC0_S 0 1 -7769.07 -15523.9 9292.91 -9.3931e+06 2.33145e+06 999039 617.117 -23.3031 -5.921
1010000 FRAC0_S 0 1 -7520.98 -15687.7 9208.65 5.81793e+06 3.89442e+06 4.82304e+06 7461.51 -32.4848 -22.2481
1010000 FRAC0_S 0 1 -7270.82 -15784.2 9055.01 -2.84612e+06 -1.60809e+06 1.30188e+06 455.855 33.6487 -15.9535
1010000 FRAC0_S 0 1 -7043.11 -15803.9 8847.05 -1.14723e+06 -3.19457e+06 88151 910.427 64.5562 -1.53904
1010000 FRAC0_S 0 1 -6860.12 -15745 8605.12 249505 -2.91367e+06 -1.23001e+06 963.263 62.0607 19.2517
1010000 FRAC0_S 0 1 -6739.76 -15613.2 8352.9 -7.6863e+06 1.87996e+06 -111595 316.594 -24.5541 0.895029
1010000 FRAC0_S 0 1 -6693.71 -15417.3 8111 3.93598e+06 689628 -3.41496e+06 2973.9 -11.4927 27.1752
1010000 FRAC0_S 0 1 -6726.8 -15188.1 7914.93 5.44131e+06 3.43828e+06 -3.59321e+06 5408.98 -33.2734 19.7318
1010000 FRAC0_S 0 1 -6835.46 -14936.6 7772.06 6.70034e+06 5.76271e+06 -2.88132e+06 8063.96 -42.7051 13.483
1010000 FRAC0_S 0 1 -7009.18 -14691.3 7700.44 7.11248e+06 7.03345e+06 -1.50832e+06 9218.64 -48.771 7.20909
1010000 FRAC0_S 0 1 -7230.93 -14476.1 7707.09 7.12949e+06 7.38832e+06 158741 9397.05 -52.7379 -0.839784
Step FractureNumber TipNr TipActive TipX TipY TipZ KI KII KIII G Phi Psi Extension
1010101 FRAC0_S 0 1 -7515.62 -14298.2 7701.73 9.36069e+06 382766 999555 7953.99 -4.89925 -6.97162
1010101 FRAC0_S 0 1 -7781.67 -14188.2 7867.65 2.42066e+07 -3.81202e+06 1.60876e+06 53854.1 16.8543 -4.13808
1010101 FRAC0_S 0 1 -8025.76 -14159.1 8094.57 4.56056e+06 863633 2.11312e+06 2513.71 -15.1223 -19.2739
1010101 FRAC0_S 0 1 -8223.18 -14225.4 8353.4 2.91635e+06 372880 2.64281e+06 1699.21 -8.52363 -28.2002
1010101 FRAC0_S 0 1 -8354.31 -14376.3 8621.86 -266248 1.12649e+06 4.19273e+06 2451.08 -25.3883 -39.956
1010101 FRAC0_S 0 1 -8404.31 -14581.4 8880.64 -905279 1.43434e+06 859238 281.521 -48.701 -18.5705
1010101 FRAC0_S 0 1 -8368.95 -14831.1 9096.36 2.40013e+07 -8.32296e+06 1.23243e+06 57707.9 30.4175 -2.82018
1010101 FRAC0_S 0 1 -8250.97 -15103.5 9250.23 -2.27786e+06 3.63678e+06 604590 1227.2 -56.3155 -6.94987
1010101 FRAC0_S 0 1 -8060.59 -15365.2 9337.68 -3.14854e+06 4.7115e+06 1.0985e+06 2138.58 -54.2675 -9.06824
1010101 FRAC0_S 0 1 -7819.03 -15595.9 9336.56 1.73948e+06 1.31918e+07 1.83942e+06 16226.8 -66.8121 -8.15813
1010101 FRAC0_S 0 1 -7536.51 -15759 9255.83 -3.81226e+06 2.60761e+06 2.16016e+06 1226.53 -36.0827 -17.546
1010101 FRAC0_S 0 1 -7235.36 -15819.4 9118.59 -1.86031e+06 -2.58577e+06 1.41281e+06 861.282 48.1531 -16.89
1010101 FRAC0_S 0 1 -6973.93 -15800 8914.36 1.00168e+06 -2.33674e+06 -152069 579.058 62.352 3.33557
1010101 FRAC0_S 0 1 -6789.93 -15753 8640.54 -2.43543e+06 -759947 3.0526e+06 1290.8 15.9928 -30.2315
1010101 FRAC0_S 0 1 -6679.29 -15662.8 8335.7 3.32589e+06 -1.24441e+06 -2.7348e+06 2118.41 21.8174 24.5757
1010101 FRAC0_S 0 1 -6639.64 -15479.9 8060.54 6.12498e+06 334587 -5.89777e+06 7979.21 -3.73932 29.71
1010101 FRAC0_S 0 1 -6690.22 -15233.9 7838.57 8.14196e+06 -74171.8 -3.37356e+06 7421.39 0.893106 19.9084
1010101 FRAC0_S 0 1 -6824.54 -14971.4 7680.9 1.30775e+07 402411 -4.08173e+06 17469.9 -3.17123 16.3463
1010101 FRAC0_S 0 1 -7019.31 -14714.7 7605.08 1.12748e+07 -1.09826e+06 -1.33172e+06 11671.1 10.7697 7.26782
1010101 FRAC0_S 0 1 -7255.87 -14482.3 7612.69 9.94752e+06 -575774 -61602.2 8847.77 7.40829 0.452828