
Step FractureNumber TipNr TipActive TipX TipY TipZ KI KII KIII G Phi Psi Extension
1010000 FRAC0_S 0 1 -6539.26 37270.9 8500 5.98628e+06 1.65957e+06 4.01827e+06 5586.21 -18.5021 -22.9545
1010000 FRAC0_S 0 1 -6515.48 37579 8500 7.04635e+06 -527366 3.55594e+06 6130.93 6.47657 -21.5524
1010000 FRAC0_S 0 1 -6588.06 37879.4 8500 7.55632e+06 -1.5834e+06 2.06848e+06 5880.46 18.381 -13.271
1010000 FRAC0_S 0 1 -6749.91 38142.6 8500 8.17846e+06 -1.87994e+06 895046 6381.79 21.9663 -6.15332
1010000 FRAC0_S 0 1 -6985.19 38343 8500 7.89489e+06 -630591 -94239.6 5590.78 9.86731 0.848831
1010000 FRAC0_S 0 1 -7270.86 38460.7 8500 1.06841e+07 1.24906e+06 -685855 10373.5 -13.1717 4.14189
1010000 FRAC0_S 0 1 -7578.96 38484.5 8500 7.71866e+06 502639 72287.4 5332.18 -8.22768 -0.677345
1010000 FRAC0_S 0 1 -7879.34 38412 8500 8.57952e+06 1.08092e+06 714121 6731.17 -13.8266 -5.21269
1010000 FRAC0_S 0 1 -8142.58 38250.1 8500 7.7362e+06 -221805 555951 5378.62 3.59977 -4.95259
1010000 FRAC0_S 0 1 -8342.91 38014.8 8500 8.40633e+06 -1.35637e+06 168431 6464.8 17.8151 -1.31338
1010000 FRAC0_S 0 1 -8460.74 37729.1 8500 6.19403e+06 -1.68052e+06 -677376 3731.48 24.808 5.97114
1010000 FRAC0_S 0 1 -8484.52 37421 8500 7.09074e+06 -1.64598e+06 -2.29898e+06 5424.69 19.3238 14.817
1010000 FRAC0_S 0 1 -8411.94 37120.6 8500 5.63641e+06 -331645 -2.98885e+06 4028.87 5.08777 22.3534
1010000 FRAC0_S 0 1 -8250.09 36857.4 8500 1.90616e+07 146360 -1.98458e+06 32903.3 -0.963528 7.01494
1010000 FRAC0_S 0 1 -8014.81 36657 8500 5.26613e+06 4.56145e+06 -3.4699e+06 5926.66 -39.7874 18.1066
1010000 FRAC0_S 0 1 -7729.14 36539.3 8500 8.32823e+06 5.74514e+06 -1.84555e+06 9574.85 -41.4086 8.59933
1010000 FRAC0_S 0 1 -7421.04 36515.5 8500 1.42823e+07 5.13597e+06 -804593 20613.6 -31.0406 3.0511
1010000 FRAC0_S 0 1 -7120.66 36588 8500 6.57508e+06 8.54885e+06 1.28391e+06 10584 -53.9406 -5.90144
1010000 FRAC0_S 0 1 -6857.42 36749.9 8500 3.78852e+06 4.64317e+06 2.21063e+06 3850.07 -47.7564 -14.7783
1010000 FRAC0_S 0 1 -6657.09 36985.2 8500 6.54791e+06 3.99486e+06 3.95123e+06 7319.12 -33.2693 -18.8112
Step FractureNumber TipNr TipActive TipX TipY TipZ KI KII KIII G Phi Psi Extension
1010101 FRAC0_S 0 1 -6450.53 37251 8473.23 6.06405e+06 634031 1.9235e+06 3804.71 -9.91704 -15.7594
1010101 FRAC0_S 0 1 -6420.98 37586.6 8505.59 8.00008e+06 1.32808e+06 2.16061e+06 6481.21 -15.2483 -13.5018
1010101 FRAC0_S 0 1 -6501.88 37914.6 8527.94 7.96967e+06 2.28367e+06 1.59798e+06 6464.21 -24.3779 -9.91721
1010101 FRAC0_S 0 1 -6679.96 38202.9 8530.87 7.54205e+06 2.3354e+06 816742 5643.54 -27.2349 -5.76457
1010101 FRAC0_S 0 1 -6936.26 38423.7 8512.22 8.68026e+06 1.88163e+06 799754 7114.73 -21.2658 -5.32696
1010101 FRAC0_S 0 1 -7248.71 38553.8 8489.31 9.53854e+06 -237317 1.09742e+06 8272.75 3.02226 -7.53622
1010101 FRAC0_S 0 1 -7586.59 38579.9 8481.17 9.83508e+06 -1.32644e+06 1.37344e+06 9027.17 14.0308 -8.15019
1010101 FRAC0_S 0 1 -7916.19 38500.4 8486.05 9.14384e+06 -786937 1.4271e+06 7776.52 9.36395 -9.27958
1010101 FRAC0_S 0 1 -8204.68 38322.8 8504.82 9.3539e+06 142907 1.41114e+06 8063.39 -1.82215 -9.53841
1010101 FRAC0_S 0 1 -8421.85 38063.8 8527.36 9.31323e+06 1.1798e+06 1.57118e+06 8181.42 -13.0216 -9.59858
1010101 FRAC0_S 0 1 -8548.72 37750.1 8536.9 1.19718e+07 1.28537e+06 718482 12987.5 -12.2839 -3.92273
1010101 FRAC0_S 0 1 -8576.63 37413 8529.25 9.31869e+06 -696924 -1.38539e+06 8036.69 8.29639 8.99086
1010101 FRAC0_S 0 1 -8500.42 37083.4 8512.28 9.84691e+06 -1.37205e+06 -2.12383e+06 9407.93 13.6561 11.5795
1010101 FRAC0_S 0 1 -8321.06 36799 8485.37 1.9889e+07 -4.53048e+06 -813612 37166.4 22.8798 2.48071
1010101 FRAC0_S 0 1 -8058.17 36589.8 8451.04 4.38063e+06 -2.74371e+06 -984854 2509.83 39.3549 8.98628
1010101 FRAC0_S 0 1 -7746.14 36465 8438.04 5.79557e+06 -710528 -2.23044e+06 3699.73 10.923 17.7625
1010101 FRAC0_S 0 1 -7416.31 36441 8437.47 7.58159e+06 695451 -1.31379e+06 5394.75 -9.78363 10.0655
1010101 FRAC0_S 0 1 -7096.72 36526.8 8428.18 6.41347e+06 496450 -371921 3705.69 -9.21934 3.89777
1010101 FRAC0_S 0 1 -6812.07 36699.9 8429.06 6.64825e+06 -544587 106854 3966.54 10.055 -1.13471
1010101 FRAC0_S 0 1 -6587.41 36945.2 8446.13 6.22697e+06 215700 1.25379e+06 3668.47 -3.86863 -11.8308