
Step FractureNumber TipNr TipActive TipX TipY TipZ KI KII KIII G Phi Psi Extension
1010000 FRAC0_S 0 1 -14566.1 371.756 7694.36 -2.28824e+06 -2.82e+06 256738 717.403 54.2482 -3.65707
1010000 FRAC0_S 0 1 -14797.4 574.708 7722.7 -4.0002e+06 7.05673e+06 5.98477e+06 9201.17 -45.9693 -23.3224
1010000 FRAC0_S 0 1 -15048.5 721.403 7827.14 8.70792e+06 -8.4798e+06 3.8796e+06 15166.5 45.0104 -13.2448
1010000 FRAC0_S 0 1 -15294.9 797.482 7997.43 7.96608e+06 -7.86487e+06 -5.62762e+06 15378.9 41.9087 18.1862
1010000 FRAC0_S 0 1 -15512.4 795.499 8216.93 567127 29179.5 -342610 44.3483 -4.28328 24.0681
1010000 FRAC0_S 0 1 -15679.8 715.646 8464.13 2.78593e+06 440902 653331 765.71 -15.0044 -12.1979
1010000 FRAC0_S 0 1 -15780.6 565.741 8714.84 3.72319e+06 -202390 1.34302e+06 1478.8 5.27473 -17.7387
1010000 FRAC0_S 0 1 -15805.5 368.244 8937.26 6.87122e+06 -1.73155e+06 2.28362e+06 5167.97 20.497 -14.9099
1010000 FRAC0_S 0 1 -15750.6 119.889 9130.69 7.21781e+06 -3.10575e+06 2.05944e+06 6065.97 30.7097 -12.0596
1010000 FRAC0_S 0 1 -15622.8 -132.414 9255.13 1.32099e+07 -811582 -1.18049e+06 15793.8 7.27463 5.858
1010000 FRAC0_S 0 1 -15433.9 -371.756 9305.64 3.84107e+06 1.95081e+06 4.44851e+06 4285.81 -24.1299 -27.6564
1010000 FRAC0_S 0 1 -15202.6 -574.708 9277.3 3.55421e+06 -8.59436e+06 1.46683e+06 7993.77 60.4803 -8.02017
1010000 FRAC0_S 0 1 -14951.5 -721.403 9172.86 5.95924e+06 -3.02886e+06 -1.37483e+06 4233.41 34.9391 9.76729
1010000 FRAC0_S 0 1 -14705.1 -797.482 9002.57 6.37514e+06 -2.1197e+06 -2.02548e+06 4567.67 25.3663 13.7941
1010000 FRAC0_S 0 1 -14487.6 -795.499 8783.07 5.01472e+06 -623893 -1.71003e+06 2664.49 11.3813 16.3637
1010000 FRAC0_S 0 1 -14320.2 -715.646 8535.87 6.69389e+06 6.22948e+06 -4.84617e+06 10574.4 -40.4769 18.8179
1010000 FRAC0_S 0 1 -14219.4 -565.741 8285.16 1.04726e+06 375870 207935 116.071 -28.545 -9.40745
1010000 FRAC0_S 0 1 -14195 -360.457 8055.47 162506 -83515.1 672592 63.1413 12.1494 -39.4192
1010000 FRAC0_S 0 1 -14249.4 -119.889 7869.31 -1.18434e+06 -1.25841e+06 1.19514e+06 331.086 40.0522 -22.0634
1010000 FRAC0_S 0 1 -14377.2 132.414 7744.87 -1.66991e+06 -1.76328e+06 707470 343.624 46.9242 -12.3637
Step FractureNumber TipNr TipActive TipX TipY TipZ KI KII KIII G Phi Psi Extension
1010101 FRAC0_S 0 1 -14515.4 418.745 7667.39 -272838 -3.39185e+06 348198 1041.31 68.3234 -6.5196
1010101 FRAC0_S 0 1 -14783.6 614.504 7672.57 -1.95407e+06 -2.72156e+06 -518327 695.759 54.1387 7.45531
1010101 FRAC0_S 0 1 -15032.6 792.035 7799.59 -657785 -1.87983e+06 -826855 405.825 56.3697 17.1762
1010101 FRAC0_S 0 1 -15291.4 888.928 7987.73 332070 -232348 -2.5217e+06 860.377 10.1436 41.7015
1010101 FRAC0_S 0 1 -15556.7 871.924 8196.04 1.53813e+06 513141 132342 236.613 -29.0339 -4.60611
1010101 FRAC0_S 0 1 -15752.9 777.753 8453.42 3.40525e+06 -383757 1.79988e+06 1477.29 9.28296 -21.6971
1010101 FRAC0_S 0 1 -15851.7 624.274 8739.31 5.46275e+06 223007 1.22024e+06 2861.65 -4.44786 -12.7518
1010101 FRAC0_S 0 1 -15860.4 413.224 9003.55 4.949e+06 340095 1.35966e+06 2438.72 -6.97808 -14.5709
1010101 FRAC0_S 0 1 -15796.4 151.953 9209.27 8.82745e+06 -548966 2.54228e+06 7830.25 6.2998 -15.1361
1010101 FRAC0_S 0 1 -15675.2 -139.916 9330.51 7.29616e+06 -3.62143e+06 1.81895e+06 6352.38 34.1475 -10.4664
1010101 FRAC0_S 0 1 -15469.5 -396.837 9374.11 6.42987e+06 4.86715e+06 5.36427e+06 9622.16 -34.9237 -21.6922
1010101 FRAC0_S 0 1 -15189.2 -585.114 9356.75 1.05178e+07 674771 -1.09006e+06 10056.4 -7.47991 6.66243
1010101 FRAC0_S 0 1 -14910 -741.472 9257.26 1.17667e+07 3.89377e+06 -2.83613e+06 14758.6 -26.3697 11.1841
1010101 FRAC0_S 0 1 -14654.4 -845.188 9070.02 7.90177e+06 482955 -1.78263e+06 6007.27 -6.49213 12.6612
1010101 FRAC0_S 0 1 -14439.8 -864.486 8811.82 6.18583e+06 -399118 -821074 3513.6 7.34145 8.24192
1010101 FRAC0_S 0 1 -14286.8 -798.31 8516.71 3.61799e+06 -1.06719e+06 -736466 1340.06 24.8453 9.98644
1010101 FRAC0_S 0 1 -14171.8 -633.723 8245.16 3.52841e+06 -1.06203e+06 1.26698e+06 1423.4 23.0827 -15.3277
1010101 FRAC0_S 0 1 -14114.8 -384.732 8024.95 24874.8 2.0469e+06 411207 395.897 -67.8408 -12.0125
1010101 FRAC0_S 0 1 -14157.5 -99.0084 7852.97 -3.3553e+06 1.78634e+06 442295 310.37 -37.6232 -5.97122
1010101 FRAC0_S 0 1 -14292.7 182.256 7736.71 303143 -2.49444e+06 886966 667.285 62.697 -16.8643