
Step FractureNumber TipNr TipActive TipX TipY TipZ KI KII KIII G Phi Psi Extension
1010000 FRAC0_S 0 1 537.333 15252.1 7710.55 1.20132e+07 5.57947e+06 -9.34363e+06 27245.5 -25.9956 23.0858
1010000 FRAC0_S 0 1 325.205 15476.4 7698.3 1.51101e+07 7.52745e+06 -8.37798e+06 34729.8 -29.8547 18.6616
1010000 FRAC0_S 0 1 81.2449 15654.2 7764.52 1.26551e+07 1.17421e+07 -5.40986e+06 30449.8 -44.2881 13.0696
1010000 FRAC0_S 0 1 -170.668 15767.9 7902.75 1.32202e+07 1.46334e+07 -2.92037e+06 35790.1 -50.7439 7.10481
1010000 FRAC0_S 0 1 -405.875 15806.4 8099.44 1.07472e+07 1.25369e+07 429681 24322.7 -54.4497 -1.40248
1010000 FRAC0_S 0 1 -601.353 15766 8335.33 1.11494e+07 1.33611e+07 2.57472e+06 27866.8 -52.0278 -7.11646
1010000 FRAC0_S 0 1 -737.966 15650.7 8587.35 1.00094e+07 1.32897e+07 5.66134e+06 28928.8 -49.5041 -13.9868
1010000 FRAC0_S 0 1 -802.341 15471.5 8830.81 9.41602e+06 8.35231e+06 6.55862e+06 19838.1 -39.8154 -18.6304
1010000 FRAC0_S 0 1 -788.178 15246.3 9041.89 9.21297e+06 5.49934e+06 8.055e+06 18887.9 -29.7323 -23.4655
1010000 FRAC0_S 0 1 -681.769 14967 9214.83 8.1281e+06 1.46824e+06 8.36275e+06 15380.7 -10.9778 -29.1656
1010000 FRAC0_S 0 1 -537.333 14747.9 9289.45 8.11833e+06 -2.27923e+06 8.65296e+06 16294.1 15.7478 -28.6203
1010000 FRAC0_S 0 1 -325.205 14523.6 9301.7 7.49322e+06 -5.794e+06 7.35438e+06 15188.4 33.782 -23.6015
1010000 FRAC0_S 0 1 -81.2449 14345.8 9235.48 7.6235e+06 -9.067e+06 5.76963e+06 16932 45.1093 -17.8592
1010000 FRAC0_S 0 1 170.668 14232.1 9097.25 8.45975e+06 -1.22291e+07 3.63512e+06 21461.2 52.6926 -10.9198
1010000 FRAC0_S 0 1 405.875 14193.6 8900.56 8.74438e+06 -1.27563e+07 766531 21392.2 57.2295 -2.64598
1010000 FRAC0_S 0 1 601.353 14234 8664.67 6.67614e+06 -8.86813e+06 -1.54041e+06 11295.2 53.8094 6.76446
1010000 FRAC0_S 0 1 737.966 14349.3 8412.65 1.06811e+07 -1.11289e+07 -5.07201e+06 24624.2 45.9616 13.542
1010000 FRAC0_S 0 1 802.341 14528.5 8169.19 1.12111e+07 -7.68324e+06 -7.22698e+06 23406.9 35.123 19.0542
1010000 FRAC0_S 0 1 788.178 14753.7 7958.11 1.20762e+07 -3.95125e+06 -8.86133e+06 24830.1 20.4616 23.5878
1010000 FRAC0_S 0 1 696.863 15003.1 7800.07 1.25028e+07 352021 -9.48341e+06 25902.1 -2.18883 27.1663
Step FractureNumber TipNr TipActive TipX TipY TipZ KI KII KIII G Phi Psi Extension
1010101 FRAC0_S 0 1 566.159 15253.7 7618.93 1.98419e+07 -3.01073e+06 -1.00128e+07 49224.4 12.2377 20.7006
1010101 FRAC0_S 0 1 322.405 15484.2 7601.04 2.06723e+07 1.02407e+06 -8.43569e+06 47638.5 -4.67718 19.2502
1010101 FRAC0_S 0 1 50.0758 15662.1 7672.2 1.96313e+07 -10125.3 -5.53312e+06 38413.9 0.0562973 15.5495
1010101 FRAC0_S 0 1 -224.811 15772 7820.23 2.09725e+07 -1.52322e+06 -3.53784e+06 41066.2 7.95172 9.9904
1010101 FRAC0_S 0 1 -475.962 15808.3 8029.48 2.39644e+07 -652241 -496337 51245.8 3.5889 1.52871
1010101 FRAC0_S 0 1 -683.663 15767 8280.27 1.95486e+07 -151795 2.63181e+06 34976.5 0.948362 -8.73385
1010101 FRAC0_S 0 1 -829.764 15650.5 8551.51 1.69378e+07 -70561.4 4.9202e+06 28784.9 0.449765 -15.8398
1010101 FRAC0_S 0 1 -899.613 15469.4 8820.4 9.41985e+06 226126 4.43146e+06 10523.4 -2.23076 -21.2837
1010101 FRAC0_S 0 1 -880.706 15234.7 9067.96 1.24239e+07 527725 8.05431e+06 22407.2 -3.47299 -25.056
1010101 FRAC0_S 0 1 -770.647 14987.3 9257.12 3.63908e+06 -1.71308e+06 5.62768e+06 5653.8 20.1389 -31.3094
1010101 FRAC0_S 0 1 -574.559 14738.6 9375.29 7.2661e+06 -141019 6.19097e+06 9804.09 1.44434 -28.6717
1010101 FRAC0_S 0 1 -323.236 14515.8 9398 1.1273e+07 -1.07238e+06 7.42027e+06 18749.7 7.38959 -24.6313
1010101 FRAC0_S 0 1 -48.4138 14340.5 9327.74 1.43447e+07 -1.8188e+06 6.34565e+06 23986.5 10.8554 -19.3666
1010101 FRAC0_S 0 1 225.338 14231.2 9179.52 1.72466e+07 -292011 4.22904e+06 28891.7 1.86549 -13.9083
1010101 FRAC0_S 0 1 476.006 14195.7 8970.57 1.89471e+07 -839382 853470 32149.6 5.57771 -3.1689
1010101 FRAC0_S 0 1 683.685 14234.4 8719.35 1.79486e+07 305826 -2.08344e+06 29292.6 -2.08939 7.64413
1010101 FRAC0_S 0 1 830.239 14346 8445.9 1.81718e+07 -630248 -5.34265e+06 33257 3.60672 15.6438
1010101 FRAC0_S 0 1 899.269 14523.7 8173.13 1.27045e+07 25076.1 -5.61687e+06 18579 -0.191222 20.787
1010101 FRAC0_S 0 1 877.641 14750.2 7925.7 1.33708e+07 -244295 -7.77735e+06 23981.1 1.58962 23.9956
1010101 FRAC0_S 0 1 760.647 15000.7 7731.47 1.88153e+07 -2.87391e+06 -9.58033e+06 44489.5 12.2758 20.7999