
Step FractureNumber TipNr TipActive TipX TipY TipZ KI KII KIII G Phi Psi Extension
1010000 FRAC0_S 0 1 -44216.9 22275.3 7941.56 -813937 -472257 -435479 45.0963 33.1353 17.618
1010000 FRAC0_S 0 1 -44314.8 22525.7 7789.11 -567044 -137651 -378613 20.7537 16.6589 23.2299
1010000 FRAC0_S 0 1 -44479.8 22773.5 7706.24 -762658 32728.9 -505910 34.1362 -3.47686 25.3366
1010000 FRAC0_S 0 1 -44695.6 22994.6 7701.07 -729885 258864 -440995 31.8367 -23.0531 20.9191
1010000 FRAC0_S 0 1 -44941.3 23167.2 7774.1 -737399 368028 -339532 27.4019 -31.1167 16.5061
1010000 FRAC0_S 0 1 -45192.7 23274.5 7918.19 -666122 506223 -229290 29.8278 -41.4324 11.8767
1010000 FRAC0_S 0 1 -45425.3 23306.1 8119.23 -632542 490264 -111481 23.0713 -44.5646 6.77579
1010000 FRAC0_S 0 1 -45616.2 23258.7 8357.55 -635452 496246 -18086.3 21.9878 -47.3845 1.21879
1010000 FRAC0_S 0 1 -45746.8 23137 8609.81 -588825 412031 47847.8 15.4326 -44.1997 -3.49011
1010000 FRAC0_S 0 1 -45804.3 22953 8851.32 -527518 327917 98919.5 10.8834 -39.8398 -7.73023
1010000 FRAC0_S 0 1 -45783.1 22724.7 9058.44 -1.00403e+06 89333.6 -132345 3.04065 -9.83181 8.03724
1010000 FRAC0_S 0 1 -45685.2 22474.3 9210.89 -825559 358539 202383 16.9027 -31.5224 -10.6824
1010000 FRAC0_S 0 1 -45520.2 22226.5 9293.76 -547776 138330 207802 7.44831 -19.9883 -16.3489
1010000 FRAC0_S 0 1 -45304.4 22005.4 9298.93 -662781 44041.8 286812 11.1136 -6.06783 -19.7651
1010000 FRAC0_S 0 1 -45058.7 21832.8 9225.9 -773459 -121036 346714 17.2934 12.9864 -19.2132
1010000 FRAC0_S 0 1 -44807.3 21725.5 9081.81 -763340 -346456 302568 22.8718 30.1302 -15.1953
1010000 FRAC0_S 0 1 -44596 21693.2 8902.79 -774134 -505348 223806 29.4185 39.1523 -10.881
1010000 FRAC0_S 0 1 -44383.8 21741.3 8642.45 -796556 -677999 78569.5 41.7833 47.7758 -3.86141
1010000 FRAC0_S 0 1 -44253.2 21863 8390.19 -940925 -848433 -142629 66.8505 47.9813 5.57851
1010000 FRAC0_S 0 1 -44195.7 22047 8148.68 -749254 -324846 -188840 14.1462 31.3788 10.9251
Step FractureNumber TipNr TipActive TipX TipY TipZ KI KII KIII G Phi Psi Extension
1010101 FRAC0_S 0 1 -44122.3 22284.1 7920.49 -438208 -619952 -216217 40.4663 51.5404 12.2839
1010101 FRAC0_S 0 1 -44236.6 22544.3 7738.03 -590308 -452477 -475966 48.3744 35.4966 21.2036
1010101 FRAC0_S 0 1 -44433 22796.2 7627.02 -672230 37612.7 -522231 36.3985 -4.20868 27.1326
1010101 FRAC0_S 0 1 -44686.7 23019.4 7608.43 -536019 423793 -415908 39.0105 -36.4846 20.5649
1010101 FRAC0_S 0 1 -44958.1 23188.5 7679.8 -723174 443156 38786.8 17.7001 -42.0163 -2.47625
1010101 FRAC0_S 0 1 -45243.2 23296.2 7836.82 -932454 418237 87163.9 16.5978 -34.8 -4.60715
1010101 FRAC0_S 0 1 -45495.3 23322.4 8051.59 -580227 478220 -84204.9 21.3219 -46.3315 5.56881
1010101 FRAC0_S 0 1 -45700 23269.3 8306.36 -222336 482813 -60368.6 21.2569 -60.4533 5.94585
1010101 FRAC0_S 0 1 -45840.1 23142 8578.18 -335641 322793 -31469.1 9.41653 -50.1795 3.48921
1010101 FRAC0_S 0 1 -45899.7 22956.7 8849.86 -263139 433019 -11758.7 16.727 -59.4446 1.2865
1010101 FRAC0_S 0 1 -45874.2 22722.3 9086.73 -314210 391215 47530.2 13.9387 -53.8433 -4.79224
1010101 FRAC0_S 0 1 -45769.1 22449.8 9251.88 -496657 556015 127397 29.7072 -50.4238 -8.03608
1010101 FRAC0_S 0 1 -45586.4 22181.5 9348.04 -492333 396512 234573 21.3283 -40.693 -14.8479
1010101 FRAC0_S 0 1 -45338.3 21952.8 9371.2 -620598 112133 310870 13.9736 -14.2346 -20.3066
1010101 FRAC0_S 0 1 -45052.9 21782.7 9306.76 -659865 -167773 285336 13.3366 19.5134 -17.8281
1010101 FRAC0_S 0 1 -44765.1 21686.1 9159.51 -424838 -288681 140107 10.0369 39.3398 -11.9133
1010101 FRAC0_S 0 1 -44507.2 21668.7 8947.04 -428775 -575069 171428 33.3776 51.7435 -10.6752
1010101 FRAC0_S 0 1 -44300.6 21730.1 8694.12 -297712 -777550 136806 56.3637 61.0038 -8.38347
1010101 FRAC0_S 0 1 -44160.4 21858.4 8420.95 -249382 -771839 37646.8 53.2745 64.8564 -2.73148
1010101 FRAC0_S 0 1 -44098 22045.6 8153.45 -182743 -974908 -176954 88.8588 64.9153 9.76183