
Step FractureNumber TipNr TipActive TipX TipY TipZ KI KII KIII G Phi Psi Extension
1010000 FRAC0_S 0 1 45000 44049 8233.09 2.96937e+06 -83309.8 35619.3 786.484 3.72569 -0.895234
1010000 FRAC0_S 0 1 45000 44178.1 7952.3 3.06904e+06 -17587 -3458.09 839.357 0.794532 0.0872477
1010000 FRAC0_S 0 1 45000 44387.6 7725.12 2.91748e+06 -183205 -184984 766.02 7.58861 4.28681
1010000 FRAC0_S 0 1 45000 44657 7573.79 2.49588e+06 -7813.13 -14921.9 555.137 0.433629 0.460965
1010000 FRAC0_S 0 1 45000 44960 7513.12 3.22063e+06 51287.3 2889.8 924.528 -2.17539 -0.0688041
1010000 FRAC0_S 0 1 45000 45266.9 7549.06 3.4425e+06 3700.9 -7858.54 1056.04 -0.149925 0.177292
1010000 FRAC0_S 0 1 45000 45547.7 7678.08 3.0634e+06 18751.9 -11035.6 836.295 -0.846153 0.277862
1010000 FRAC0_S 0 1 45000 45774.9 7887.55 2.63827e+06 533263 173446 649.588 -20.54 -3.95577
1010000 FRAC0_S 0 1 45000 45926.2 8156.97 3.15892e+06 -10028.9 -36322.6 889.394 0.437359 0.87967
1010000 FRAC0_S 0 1 45000 45986.8 8459.98 3.06453e+06 38395.3 -1455.82 836.995 -1.72082 0.0365712
1010000 FRAC0_S 0 1 45000 45951 8766.91 3.39966e+06 35676.2 37571.9 1030.21 -1.43079 -0.839985
1010000 FRAC0_S 0 1 45000 45821.9 9047.7 3.12568e+06 23582.2 6126.53 870.648 -1.0424 -0.151321
1010000 FRAC0_S 0 1 45000 45622.7 9266.78 1.97229e+06 25351.1 8752.76 346.7 -1.75774 -0.339641
1010000 FRAC0_S 0 1 45000 45343 9426.21 3.16528e+06 14738.9 19548.2 892.862 -0.643429 -0.475321
1010000 FRAC0_S 0 1 45000 45040 9486.88 2.88948e+06 261764 -163563 753.653 -10.619 3.76842
1010000 FRAC0_S 0 1 45000 44733.1 9450.94 3.23587e+06 -26152.4 38216 933.313 1.10502 -0.898797
1010000 FRAC0_S 0 1 45000 44452.3 9321.92 3.0977e+06 853.169 4807.41 855.079 -0.0384832 -0.120751
1010000 FRAC0_S 0 1 45000 44225.1 9112.45 3.25592e+06 -2052.38 36948.7 944.838 0.0871779 -0.87053
1010000 FRAC0_S 0 1 45000 44073.8 8843.03 3.09451e+06 302.783 10598.5 853.33 -0.0136496 -0.265822
1010000 FRAC0_S 0 1 45000 44013.2 8540.02 3.04528e+06 18831.6 -4231.48 826.417 -0.856596 0.107505
Step FractureNumber TipNr TipActive TipX TipY TipZ KI KII KIII G Phi Psi Extension
1010101 FRAC0_S 0 1 45003.2 43955.3 8206.77 3.15249e+06 96323.5 -9256.55 886.428 -4.07786 0.221341
1010101 FRAC0_S 0 1 45005.6 44097.1 7898.4 3.17368e+06 163626 -32873.7 900.066 -6.63217 0.757694
1010101 FRAC0_S 0 1 45007.2 44327.3 7648.93 2.21463e+06 128325 3590.12 438.518 -7.4468 -0.119259
1010101 FRAC0_S 0 1 45002.7 44623.2 7482.5 3.27207e+06 45812.6 20804.3 954.295 -1.90786 -0.484759
1010101 FRAC0_S 0 1 44998.2 45005.7 7413.67 2.32571e+06 -53371.8 -2404.15 482.245 3.1024 0.0787084
1010101 FRAC0_S 0 1 44998.6 45293.3 7455.15 3.19485e+06 -41286.7 -27957.1 909.809 1.75962 0.665653
1010101 FRAC0_S 0 1 44990.4 45600.6 7597.89 3.11585e+06 -245788 63094.6 871.04 9.68705 -1.42581
1010101 FRAC0_S 0 1 44982.2 45848.9 7829.04 3.06713e+06 -565062 -53659.8 867.119 19.8176 1.12855
1010101 FRAC0_S 0 1 44990.9 46016.4 8124.09 3.17197e+06 -273263 -120340 905.151 10.3184 2.59494
1010101 FRAC0_S 0 1 44998.1 46084.3 8456.03 2.80508e+06 -74971.2 2909.87 701.662 3.59335 -0.0786945
1010101 FRAC0_S 0 1 44997.5 46044.9 8793.26 2.95329e+06 162454 258216 788.429 -6.57865 -5.77622
1010101 FRAC0_S 0 1 44997.7 45903.1 9101.77 3.34279e+06 -64338.8 325.263 996.106 2.61849 -0.0074453
1010101 FRAC0_S 0 1 44997.8 45673 9351.39 3.72404e+06 -189739 50581.5 1239.37 6.54021 -0.989834
1010101 FRAC0_S 0 1 44994.1 45376.9 9517.25 2.91274e+06 -151707 -291898 769.395 6.18499 6.53399
1010101 FRAC0_S 0 1 44991 45043.9 9583.49 3.09998e+06 -95418.9 4058.6 857.151 4.11302 -0.0988919
1010101 FRAC0_S 0 1 44996.4 44706.7 9544.43 3.23681e+06 -138001 -67035.6 935.892 5.50077 1.50666
1010101 FRAC0_S 0 1 45000.5 44398.2 9403.1 3.45107e+06 -14623.7 59997.1 1061.79 0.579479 -1.31778
1010101 FRAC0_S 0 1 45000.1 44148.6 9172.94 3.09026e+06 399581 99665.1 866.525 -14.7172 -2.14028
1010101 FRAC0_S 0 1 44999.7 43982.3 8876.91 2.54262e+06 18832.3 -11203.5 576.137 -1.02107 0.339051
1010101 FRAC0_S 0 1 45000.8 43915.7 8543.99 3.16858e+06 48590.6 -24627.5 894.947 -2.0827 0.590651