
Step FractureNumber TipNr TipActive TipX TipY TipZ KI KII KIII G Phi Psi Extension
1010000 FRAC0_S 0 1 -15000 29248.7 7858.8 1.91546e+07 -368534 3.0344e+07 155167 1.03082 -35.2439
1010000 FRAC0_S 0 1 -15000 29487.6 7655.6 9.26277e+06 -1.2565e+06 7.0927e+06 14477 9.63178 -26.0601
1010000 FRAC0_S 0 1 -15000 29773.6 7538.6 1.10543e+07 -3.96796e+06 7.8926e+06 20577 22.1436 -22.9508
1010000 FRAC0_S 0 1 -15000 30081.8 7515.7 1.06967e+07 -6.39986e+06 6.73037e+06 19870.3 32.5536 -19.3996
1010000 FRAC0_S 0 1 -15000 30382 7589.16 1.22253e+07 -9.66038e+06 5.69076e+06 25941.3 40.4535 -14.691
1010000 FRAC0_S 0 1 -15000 30644.7 7751.78 9.11646e+06 1.58754e+07 1.60352e+07 64062.3 -43.6919 -25.4448
1010000 FRAC0_S 0 1 -15000 30844.5 7987.64 8.03222e+06 -6.14532e+06 -720000 9183.25 45.8395 3.69267
1010000 FRAC0_S 0 1 -15000 30961.5 8273.65 7.01463e+06 -1.75151e+06 -3.16933e+06 5993.97 19.0373 18.3852
1010000 FRAC0_S 0 1 -15000 30984.3 8581.81 5.08684e+06 3.21547e+06 -3.15084e+06 4547.53 -33.7875 18.9608
1010000 FRAC0_S 0 1 -15000 30910.8 8881.97 -1.45287e+06 2.37991e+07 -1.19068e+07 69327.2 -60.9517 21.6053
1010000 FRAC0_S 0 1 -15000 30748.2 9144.74 1.32997e+07 -7.52796e+06 -9.55714e+06 32959.9 30.3888 21.2691
1010000 FRAC0_S 0 1 -15000 30512.4 9344.4 713518 1.10131e+07 5.52368e+06 14911.3 -60.8486 -21.5926
1010000 FRAC0_S 0 1 -15000 30226.4 9461.4 -6.64014e+06 -1.75337e+07 2.31882e+07 98908 42.2351 -30.2782
1010000 FRAC0_S 0 1 -15000 29918.2 9484.3 650759 4.49896e+06 1.0104e+07 15419.5 -35.2025 -37.1875
1010000 FRAC0_S 0 1 -15000 29618 9410.84 1.18533e+06 374669 7.56558e+06 7750.37 -5.62998 -41.9843
1010000 FRAC0_S 0 1 -15000 29355.3 9248.22 2.66933e+06 -1.99324e+06 8.42393e+06 10427 19.6998 -36.5355
1010000 FRAC0_S 0 1 -15000 29155.5 9012.36 3.71514e+06 -3.18316e+06 6.97271e+06 8599.11 28.4413 -30.8704
1010000 FRAC0_S 0 1 -15000 29038.5 8726.35 -7.83221e+06 -2.39099e+07 2.02902e+07 105697 49.5517 -25.3983
1010000 FRAC0_S 0 1 -15000 29015.7 8418.19 1.57458e+07 1.75502e+07 1.79863e+07 92566.4 -39.7134 -23.2976
1010000 FRAC0_S 0 1 -15000 29089.2 8118.03 7.09169e+06 -372837 5.24557e+06 8153.55 4.04652 -26.5705
Step FractureNumber TipNr TipActive TipX TipY TipZ KI KII KIII G Phi Psi Extension
1010101 FRAC0_S 0 1 -14993.1 29178.1 7791.9 1.05301e+07 1.86482e+06 7.38746e+06 17449 -12.5753 -24.526
1010101 FRAC0_S 0 1 -14981.7 29437.8 7574.6 1.33484e+07 4.09809e+06 8.54936e+06 27095.3 -20.3305 -22.083
1010101 FRAC0_S 0 1 -14963.5 29752 7451.45 1.403e+07 1.12452e+06 8.80956e+06 27975.1 -6.41539 -24.2143
1010101 FRAC0_S 0 1 -14947.5 30087.3 7433.63 3.63835e+07 -1.13449e+07 1.96209e+07 180632 21.5965 -19.9229
1010101 FRAC0_S 0 1 -14971.4 30410.2 7519.39 8.86596e+06 1.51843e+07 1.97447e+07 79400.4 -40.1252 -28.4582
1010101 FRAC0_S 0 1 -15000.4 30690.6 7697.81 1.25298e+07 -1.68386e+07 -3.08163e+06 40519.2 53.7986 7.10968
1010101 FRAC0_S 0 1 -14973.2 30908.9 7950.46 1.28057e+07 -4.39819e+06 -2.54217e+06 17196 27.7104 9.495
1010101 FRAC0_S 0 1 -14979.7 31043 8255.5 1.01341e+07 -1.21554e+06 -2.12822e+06 9885.74 12.0569 11.4937
1010101 FRAC0_S 0 1 -15041.5 31059.9 8584.54 8.49315e+06 2.81631e+06 -3.69747e+06 8952.89 -23.8081 17.2147
1010101 FRAC0_S 0 1 -15045 30970.2 8907.16 1.29319e+07 4.03252e+07 1.2751e+07 181431 -59.4028 -13.8361
1010101 FRAC0_S 0 1 -15018.4 30798.4 9188.01 7.83541e+06 2.38049e+07 -6.87985e+06 62262.3 -59.7846 12.8784
1010101 FRAC0_S 0 1 -15014.3 30545.6 9397.32 3.16637e+06 1.02774e+07 5.0546e+06 13703.6 -56.1746 -18.8493
1010101 FRAC0_S 0 1 -15002.6 30239.5 9528.2 1.79147e+06 9.14794e+06 9.21716e+06 19042.3 -49.1199 -28.7673
1010101 FRAC0_S 0 1 -15014.5 29909.4 9565.97 56570.6 2.00458e+06 1.06121e+07 15336.5 -20.393 -42.1755
1010101 FRAC0_S 0 1 -15010.9 29581.8 9494.92 4.27484e+06 769618 1.01071e+07 15267.7 -6.93063 -37.3469
1010101 FRAC0_S 0 1 -14973.7 29296.1 9318.23 4.92528e+06 -764359 8.60267e+06 12056.5 7.28705 -34.9932
1010101 FRAC0_S 0 1 -14948.7 29086.8 9056.72 5.85042e+06 393950 6.62663e+06 8904.16 -4.21948 -31.411
1010101 FRAC0_S 0 1 -14966 28969.1 8743.6 4.838e+06 122451 6.88022e+06 8382.95 -1.44034 -34.1811
1010101 FRAC0_S 0 1 -15011.1 28938.5 8409.07 6.00296e+06 -2.73119e+06 6.50781e+06 9508.6 22.8389 -27.2875
1010101 FRAC0_S 0 1 -15012 29005 8080.83 6.00132e+06 -1.47213e+06 4.11089e+06 5650.11 16.6607 -23.5239