
Step FractureNumber TipNr TipActive TipX TipY TipZ KI KII KIII G Phi Psi Extension
1010000 FRAC0_S 0 1 -37500 29251.8 7855.26 1.89881e+06 -393638 -198859 340.352 20.373 6.01579
1010000 FRAC0_S 0 1 -37500 29487.6 7655.6 2.1432e+06 -193562 -211718 418.611 10.2294 6.25219
1010000 FRAC0_S 0 1 -37500 29773.6 7538.6 2.20432e+06 -44951.8 -252741 441.663 2.49268 7.54244
1010000 FRAC0_S 0 1 -37500 30081.8 7515.7 2.04702e+06 50283.9 -239321 381.239 -2.98037 7.64273
1010000 FRAC0_S 0 1 -37500 30382 7589.16 2.12677e+06 180265 -228329 412.887 -9.60018 6.75686
1010000 FRAC0_S 0 1 -37500 30644.7 7751.78 2.11903e+06 225383 -191320 409.525 -11.8906 5.6972
1010000 FRAC0_S 0 1 -37500 30844.5 7987.64 2.10811e+06 294542 -119769 405.654 -15.3933 3.62918
1010000 FRAC0_S 0 1 -37500 30961.5 8273.65 1.9763e+06 993257 -141062 438.602 -37.5664 3.46932
1010000 FRAC0_S 0 1 -37500 30984.3 8581.81 2.07291e+06 380894 13730.2 395.856 -19.9427 -0.432996
1010000 FRAC0_S 0 1 -37500 30910.8 8881.97 2.03543e+06 384238 113172 384.04 -19.6274 -3.41931
1010000 FRAC0_S 0 1 -37500 30748.2 9144.74 1.90468e+06 945597 566679 445.662 -33.3823 -12.0281
1010000 FRAC0_S 0 1 -37500 30512.4 9344.4 1.61041e+06 145728 166872 236.697 -10.2073 -6.52006
1010000 FRAC0_S 0 1 -37500 30226.4 9461.4 2.17255e+06 108570 254665 430.273 -5.86581 -7.5006
1010000 FRAC0_S 0 1 -37500 29918.2 9484.3 2.10047e+06 -77438.8 233938 400.965 4.42291 -7.25516
1010000 FRAC0_S 0 1 -37500 29618 9410.84 2.12489e+06 -128923 220090 410.269 7.10574 -6.67807
1010000 FRAC0_S 0 1 -37500 29355.3 9248.22 1.8841e+06 -84403.9 94912.1 318.159 5.60956 -3.51799
1010000 FRAC0_S 0 1 -37500 29155.5 9012.36 2.10852e+06 -315329 126649 407.163 16.2388 -3.79184
1010000 FRAC0_S 0 1 -37500 29038.5 8726.35 2.37393e+06 -411725 93131.1 518.442 18.591 -2.48883
1010000 FRAC0_S 0 1 -37500 29015.7 8418.19 1.91545e+06 -19978.7 21644.8 327.039 1.42189 -0.858623
1010000 FRAC0_S 0 1 -37500 29089.2 8118.03 2.1184e+06 -340310 -93619.8 411.376 17.4222 2.81665
Step FractureNumber TipNr TipActive TipX TipY TipZ KI KII KIII G Phi Psi Extension
1010101 FRAC0_S 0 1 -37470.6 29181.5 7794.4 2.23363e+06 -48449.5 -412843 467.456 2.4943 11.1746
1010101 FRAC0_S 0 1 -37481.3 29438.6 7573.93 2.4558e+06 329687 -74909.8 547.852 -15.2063 2.02008
1010101 FRAC0_S 0 1 -37494.7 29751.5 7444.06 2.38118e+06 19873.6 -119174 507.179 -1.09964 3.61459
1010101 FRAC0_S 0 1 -37505.7 30089.8 7418.9 2.23867e+06 -99418.6 -123485 449.496 5.54017 3.82984
1010101 FRAC0_S 0 1 -37514.8 30419.1 7500.28 2.02017e+06 -618176 441808 423.679 25.278 -10.5091
1010101 FRAC0_S 0 1 -37521.1 30706.8 7679.48 2.10585e+06 -261270 -158514 404.593 13.7335 4.76546
1010101 FRAC0_S 0 1 -37533.7 30920.9 7939.56 2.54469e+06 -610182 20244.3 610.26 24.3194 -0.495979
1010101 FRAC0_S 0 1 -37545.6 31044 8254.01 2.19198e+06 -44196.3 -117725 430.171 2.60393 3.81846
1010101 FRAC0_S 0 1 -37540.7 31072.1 8590.27 2.15721e+06 -675245 -65374.1 455.876 28.8217 1.74286
1010101 FRAC0_S 0 1 -37539.1 30993.5 8915.76 2.41698e+06 288786 442030 553.98 -12.2548 -10.3024
1010101 FRAC0_S 0 1 -37540.4 30814.3 9202.14 2.1161e+06 -781009 62031 453.891 32.0742 -1.62057
1010101 FRAC0_S 0 1 -37525.2 30559.4 9424.3 2.2703e+06 -458375 31743.1 478.152 21.3172 -0.892587
1010101 FRAC0_S 0 1 -37507.7 30248.4 9555.69 2.59122e+06 -143480 136520 602.635 6.82125 -3.63412
1010101 FRAC0_S 0 1 -37495.6 29910.2 9581.06 1.83026e+06 22065.6 96260.9 299.78 -1.57637 -3.7727
1010101 FRAC0_S 0 1 -37489.5 29580.6 9500.28 2.17669e+06 70484.2 196737 427.792 -3.97947 -6.06523
1010101 FRAC0_S 0 1 -37485 29292.6 9321.24 1.94942e+06 759160 -361968 407.422 -30.3346 8.73635
1010101 FRAC0_S 0 1 -37475.6 29075.2 9061.54 1.89372e+06 676847 -119072 362.274 -30.798 3.38844
1010101 FRAC0_S 0 1 -37476.4 28947 8747.59 2.21217e+06 322589 92859.6 446.496 -16.1326 -2.7153
1010101 FRAC0_S 0 1 -37483.3 28920.8 8410.25 2.41883e+06 118046 -10077.4 522.616 -6.33833 0.308101
1010101 FRAC0_S 0 1 -37475.7 29002.5 8082.21 2.13655e+06 323955 -97879.7 417.4 -16.6051 2.93585