
Step FractureNumber TipNr TipActive TipX TipY TipZ KI KII KIII G Phi Psi Extension
1010000 FRAC0_S 0 1 29556.7 -6617.4 8500 857449 -5.29294e+06 3.42131e+06 4118.77 56.012 -23.6641
1010000 FRAC0_S 0 1 29305.7 -6797.58 8500 -2.61197e+07 -5.11819e+06 2.18948e+06 2971.89 19.7949 -4.9674
1010000 FRAC0_S 0 1 29122.5 -7046.54 8500 754672 -6.9366e+06 578077 4382.85 68.1818 -5.2914
1010000 FRAC0_S 0 1 29025.3 -7339.88 8500 -1.77948e+07 -6.5927e+06 -501701 3906.52 32.1721 1.55887
1010000 FRAC0_S 0 1 29023.6 -7648.88 8500 650078 -4.87314e+06 -1.90646e+06 2637.2 61.7118 17.842
1010000 FRAC0_S 0 1 29117.4 -7943.32 8500 790443 -4.78135e+06 -3.66684e+06 3881.12 53.7062 25.7599
1010000 FRAC0_S 0 1 29297.6 -8194.36 8500 674689 -2.39942e+06 -3.62766e+06 2303.86 41.151 32.5522
1010000 FRAC0_S 0 1 29546.5 -8377.44 8500 797263 -767489 -5.14131e+06 3624.73 15.1057 40.4033
1010000 FRAC0_S 0 1 29839.8 -8474.62 8500 987652 1.603e+06 -5.13267e+06 3819.7 -26.0419 37.2618
1010000 FRAC0_S 0 1 30148.8 -8476.4 8500 558643 2.9115e+06 -3.49482e+06 2407.61 -46.291 30.8296
1010000 FRAC0_S 0 1 30443.3 -8382.6 8500 819760 5.67815e+06 -3.56282e+06 4621.18 -56.7169 23.4837
1010000 FRAC0_S 0 1 30694.3 -8202.42 8500 643799 5.4461e+06 -1.76682e+06 3095.12 -63.4102 15.8718
1010000 FRAC0_S 0 1 30877.5 -7953.46 8500 869617 7.55897e+06 -601506 5207.08 -68.1421 5.04925
1010000 FRAC0_S 0 1 30974.7 -7660.12 8500 865843 7.5486e+06 996292 5276.44 -67.2592 -7.88781
1010000 FRAC0_S 0 1 30976.4 -7351.12 8500 877881 6.77511e+06 2.5177e+06 5002.08 -62.1976 -17.2863
1010000 FRAC0_S 0 1 30882.6 -7056.68 8500 957857 5.95199e+06 4.07644e+06 5448.69 -55.3015 -24.3984
1010000 FRAC0_S 0 1 30702.4 -6805.64 8500 643719 2.51379e+06 3.76327e+06 2483.6 -41.6161 -32.6562
1010000 FRAC0_S 0 1 30453.5 -6622.56 8500 -8.84657e+06 1.12598e+06 4.76263e+06 3129.77 -10.2893 -21.7633
1010000 FRAC0_S 0 1 30160.2 -6525.38 8500 1.07382e+06 -1.37851e+06 5.22423e+06 3902 22.8831 -37.7988
1010000 FRAC0_S 0 1 29851.2 -6523.6 8500 885870 -3.4912e+06 4.34367e+06 3665.42 44.828 -30.6637
Step FractureNumber TipNr TipActive TipX TipY TipZ KI KII KIII G Phi Psi Extension
1010101 FRAC0_S 0 1 29525 -6558.16 8567.55 9.60627e+06 -8.36239e+06 9.93278e+06 27576.3 35.6717 -23.5854
1010101 FRAC0_S 0 1 29258.1 -6747.37 8560.87 5.86863e+06 -3.93298e+06 1.90065e+06 4927.87 39.1454 -11.798
1010101 FRAC0_S 0 1 29068.6 -7017.84 8568.19 6.45843e+06 -3.39269e+06 306075 4755.04 38.9528 -2.32047
1010101 FRAC0_S 0 1 28963.6 -7330.53 8571.84 5.97938e+06 -3.22919e+06 -1.02166e+06 4253.98 37.2167 7.46047
1010101 FRAC0_S 0 1 28966 -7655.67 8577.49 6.04085e+06 -2.53099e+06 -2.51305e+06 4662.58 28.3166 15.9872
1010101 FRAC0_S 0 1 29065.8 -7971.63 8578.77 5.02538e+06 -1.40682e+06 -3.22383e+06 3809.06 18.9112 22.3632
1010101 FRAC0_S 0 1 29241.2 -8242.98 8560.21 3.5601e+06 -1.14109e+06 -4.16879e+06 3556.81 16.8521 29.3697
1010101 FRAC0_S 0 1 29507.4 -8455.72 8518.5 2.30739e+06 -308833 -3.90368e+06 2509.68 6.47443 34.8713
1010101 FRAC0_S 0 1 29824.2 -8557.47 8466.49 3.67175e+06 1.21907e+06 -6.90297e+06 7671.37 -13.7232 34.3486
1010101 FRAC0_S 0 1 30156.6 -8544.98 8431.98 4.34244e+06 1.49988e+06 -4.16852e+06 4191.87 -19.4043 26.7574
1010101 FRAC0_S 0 1 30466.1 -8432.16 8417.77 5.21868e+06 1.01168e+06 -2.05786e+06 3081.31 -16.0458 17.3321
1010101 FRAC0_S 0 1 30724.5 -8234.86 8411.19 114962 -2.6644e+06 1.75734e+06 1044.51 58.0775 -25.2625
1010101 FRAC0_S 0 1 30911.4 -7971.54 8408.18 8.22757e+06 927148 -191120 6113.57 -13.1997 1.58128
1010101 FRAC0_S 0 1 31013.5 -7665.78 8408.57 7.22168e+06 823038 1.05541e+06 4855.84 -12.0893 -8.60238
1010101 FRAC0_S 0 1 31021.7 -7342.78 8412.16 5.67363e+06 832409 1.94371e+06 3432.68 -13.1125 -16.1963
1010101 FRAC0_S 0 1 30932.9 -7029.01 8420.17 5.02441e+06 1.33419e+06 3.33628e+06 3888.57 -17.9408 -22.934
1010101 FRAC0_S 0 1 30753 -6751.12 8441.77 7.75836e+06 4.96121e+06 9.48867e+06 19531.7 -27.7819 -27.302
1010101 FRAC0_S 0 1 30493 -6542.99 8484.19 2.8117e+06 534989 4.94396e+06 3980.86 -8.74262 -34.7786
1010101 FRAC0_S 0 1 30176.2 -6440.54 8532.6 3.01242e+06 -686219 5.00295e+06 4179.53 10.6053 -33.9372
1010101 FRAC0_S 0 1 29843.3 -6453.32 8565.7 -1.68508e+07 -1.72322e+07 2.58823e+06 27352.1 50.3304 -5.3408