
Step FractureNumber TipNr TipActive TipX TipY TipZ KI KII KIII G Phi Psi Extension
1010000 FRAC0_S 0 1 14999 987.687 8500 -241608 -2.66244e+06 -1.09675e+06 791.645 62.1666 18.9025
1010000 FRAC0_S 0 1 14693.8 939.03 8500 6.08426e+06 -1.72393e+06 -1.53011e+06 3874.9 23.4596 11.8946
1010000 FRAC0_S 0 1 14418.7 798.454 8500 -118898 -1.22152e+06 -1.97705e+06 652.82 42.0588 34.764
1010000 FRAC0_S 0 1 14200.4 579.719 8500 -127781 -186492 -1.76461e+06 417.24 11.9958 42.4317
1010000 FRAC0_S 0 1 14060.3 304.238 8500 -252119 588247 -1.526e+06 340.549 -30.4765 36.5766
1010000 FRAC0_S 0 1 14012.3 -1.025 8500 -252310 1.56502e+06 -1.7955e+06 647.025 -47.5104 30.6137
1010000 FRAC0_S 0 1 14061 -306.187 8500 -223728 1.81925e+06 -1.091e+06 453.232 -57.6809 23.1542
1010000 FRAC0_S 0 1 14201.6 -581.378 8500 -1.73727e+07 2.88493e+06 -1.32666e+06 975.731 -17.4617 4.66954
1010000 FRAC0_S 0 1 14420.2 -799.659 8500 -200056 2.6577e+06 -130069 631.667 -69.1454 3.33302
1010000 FRAC0_S 0 1 14695.7 -939.664 8500 -8.63257e+06 3.27372e+06 236577 962.459 -32.6561 -1.50713
1010000 FRAC0_S 0 1 15001 -987.687 8500 -203650 2.58373e+06 1.07778e+06 749.362 -62.3059 -19.1841
1010000 FRAC0_S 0 1 15306.2 -939.03 8500 -5.33312e+06 1.93778e+06 1.4308e+06 606.884 -27.7053 -11.9331
1010000 FRAC0_S 0 1 15581.3 -798.454 8500 -633158 1.33938e+06 2.36024e+06 900.764 -36.5887 -32.6972
1010000 FRAC0_S 0 1 15799.6 -579.719 8500 5.28174e+06 -45831.1 1.62157e+06 2835.79 0.920286 -16.4042
1010000 FRAC0_S 0 1 15939.7 -304.238 8500 -1.59065e+07 -223090 2.32964e+06 726.258 1.68175 -9.31835
1010000 FRAC0_S 0 1 15987.7 1.025 8500 230132 -2.16003e+06 2.25964e+06 1099.58 49.9299 -30.1119
1010000 FRAC0_S 0 1 15939 306.187 8500 -215077 -2.40186e+06 1.42825e+06 785.376 58.4476 -23.426
1010000 FRAC0_S 0 1 15798.4 581.378 8500 -447028 -3.08571e+06 982528 976.866 62.9833 -15.4103
1010000 FRAC0_S 0 1 15579.8 799.659 8500 -19589.5 -3.43762e+06 170870 1056.92 69.8071 -3.60033
1010000 FRAC0_S 0 1 15304.3 939.664 8500 7.15151e+06 -2.24579e+06 -631357 5059.9 27.8408 4.77972
Step FractureNumber TipNr TipActive TipX TipY TipZ KI KII KIII G Phi Psi Extension
1010101 FRAC0_S 0 1 14998.7 1053.87 8565.84 1.76305e+06 -1.57232e+06 -688686 560.36 44.0154 12.3825
1010101 FRAC0_S 0 1 14668.7 1009.32 8558.76 1.63473e+06 -1.53372e+06 -976916 574.677 42.2155 16.5491
1010101 FRAC0_S 0 1 14369.9 864.621 8548.65 6.67428e+06 -4.85577e+06 4.12534e+06 8334.02 36.689 -18.2623
1010101 FRAC0_S 0 1 14129.3 630.067 8514.46 580892 -190831 -1.82194e+06 474.803 9.92168 38.508
1010101 FRAC0_S 0 1 13982.6 331.847 8461.4 -2.06726e+07 -2.5197e+06 -1.74761e+06 971.951 13.4298 5.30366
1010101 FRAC0_S 0 1 13945.3 1.4335 8429.33 8.49079e+06 -1.32536e+07 -172857 22081.1 59.0623 0.613117
1010101 FRAC0_S 0 1 13999.4 -328.529 8431.81 1.59462e+06 1.3282e+06 -1.26984e+06 598.252 -37.3258 20.5969
1010101 FRAC0_S 0 1 14145.1 -620.801 8440.5 -860658 -3.73067e+06 -4.38349e+06 3795.82 46.1001 30.2245
1010101 FRAC0_S 0 1 14384 -848.132 8432.28 611212 6.14507e+06 1.54187e+06 3714.44 -65.2874 -13.3538
1010101 FRAC0_S 0 1 14677.5 -998.539 8427.52 3.58164e+06 1.75102e+06 1.6532e+06 1779.83 -30.6934 -16.6106
1010101 FRAC0_S 0 1 15001.4 -1051.99 8430.61 2.13703e+06 1.84494e+06 597617 757.769 -45.0399 -9.61671
1010101 FRAC0_S 0 1 15331.8 -1008.96 8439.71 -3.06646e+06 8.31087e+06 -1.53672e+06 6468.96 -61.1062 8.81438
1010101 FRAC0_S 0 1 15632.1 -866.623 8458.97 1.1629e+07 -7.68433e+06 3.18001e+06 18657.4 39.6582 -10.3678
1010101 FRAC0_S 0 1 15875.7 -632.987 8486.63 306436 409284 2.08255e+06 600.12 -18.9793 -39.7719
1010101 FRAC0_S 0 1 16023.5 -334.288 8521 1.69007e+07 -371189 237319 25472.6 2.93649 -1.05115
1010101 FRAC0_S 0 1 16056.1 -2.5835 8560.3 2.29185e+06 -283465 1.20836e+06 669.415 10.0956 -21.5444
1010101 FRAC0_S 0 1 15989.2 320.999 8584.01 2.28274e+06 -1.2485e+06 515143 638.539 36.5326 -9.39529
1010101 FRAC0_S 0 1 15834.3 605.789 8589.31 2.54552e+06 -1.03865e+06 -151710 676.596 33.5122 3.11307
1010101 FRAC0_S 0 1 15605.9 841.348 8580.88 2.22408e+06 -8.7015e+06 -1.4265e+06 7458.49 63.8858 8.56784
1010101 FRAC0_S 0 1 15322.9 1000.39 8568.92 1.50004e+06 -3.93548e+06 -1.61149e+06 1926.03 56.353 16.1111