
Step FractureNumber TipNr TipActive TipX TipY TipZ KI KII KIII G Phi Psi Extension
1010000 FRAC0_S 0 1 537.333 15252.1 7710.55 -1.44922e+06 -6.9375e+06 -2.91528e+06 5419.12 59.5611 17.9239
1010000 FRAC0_S 0 1 325.205 15476.4 7698.3 -8.35782e+06 7.45587e+06 -3.42428e+06 6513.14 -43.7442 12.8382
1010000 FRAC0_S 0 1 81.2449 15654.2 7764.52 1.31789e+06 5.68689e+06 -5.89941e+06 7665.45 -48.1029 28.7621
1010000 FRAC0_S 0 1 -170.668 15767.9 7902.75 2.47949e+06 9.54076e+06 -4.39842e+06 11232.2 -57.7161 18.5273
1010000 FRAC0_S 0 1 -405.875 15806.4 8099.44 7.59731e+06 1.16367e+07 -2.24396e+06 17879.7 -55.3035 7.78902
1010000 FRAC0_S 0 1 -601.353 15766 8335.33 6.82515e+06 1.11258e+07 2.10419e+06 15770.1 -56.1233 -7.82053
1010000 FRAC0_S 0 1 -737.966 15650.7 8587.35 6.90094e+06 6.10215e+06 4.32336e+06 10047.8 -40.6237 -17.4082
1010000 FRAC0_S 0 1 -802.341 15471.5 8830.81 1.09516e+07 4.87901e+06 7.9528e+06 21220.8 -25.7742 -22.3921
1010000 FRAC0_S 0 1 -788.178 15246.3 9041.89 1.33478e+07 -196749 9.59732e+06 28130 1.1852 -26.6723
1010000 FRAC0_S 0 1 -681.769 14967 9214.83 1.44617e+07 -5.62588e+06 8.99444e+06 32216.7 24.4632 -20.9671
1010000 FRAC0_S 0 1 -537.333 14747.9 9289.45 1.53342e+07 -1.0451e+07 7.72796e+06 38628.8 36.8513 -16.2317
1010000 FRAC0_S 0 1 -325.205 14523.6 9301.7 1.4805e+07 -1.25282e+07 4.69166e+06 36445.6 44.0555 -10.7188
1010000 FRAC0_S 0 1 -81.2449 14345.8 9235.48 1.41988e+07 -1.39689e+07 1.87422e+06 35820.5 49.9628 -4.73772
1010000 FRAC0_S 0 1 170.668 14232.1 9097.25 1.32803e+07 -1.44408e+07 -811996 34386.4 52.9249 2.193
1010000 FRAC0_S 0 1 405.875 14193.6 8900.56 1.1297e+07 -1.18423e+07 -2.6882e+06 24830.3 49.4755 7.76098
1010000 FRAC0_S 0 1 601.353 14234 8664.67 7.2153e+06 -7.08297e+06 -3.22317e+06 10491.3 45.1554 13.2319
1010000 FRAC0_S 0 1 737.966 14349.3 8412.65 7.07263e+06 -8.04062e+06 -4.64736e+06 13091.1 45.3764 16.519
1010000 FRAC0_S 0 1 802.341 14528.5 8169.19 4.76473e+06 -6.12186e+06 -5.02431e+06 8720.03 43.5035 21.34
1010000 FRAC0_S 0 1 788.178 14753.7 7958.11 3.01868e+06 -4.87587e+06 -5.53969e+06 7012.05 41.5911 26.5525
1010000 FRAC0_S 0 1 696.863 15003.1 7800.07 1.58906e+06 -3.27319e+06 -6.24194e+06 6361.63 35.1856 33.4182
Step FractureNumber TipNr TipActive TipX TipY TipZ KI KII KIII G Phi Psi Extension
1010101 FRAC0_S 0 1 594.703 15290.6 7684.38 2.96544e+06 253757 -6.39189e+06 6223.23 -3.64756 37.2784
1010101 FRAC0_S 0 1 327.104 15489.9 7628.17 9.33071e+06 6.52803e+06 -8.36679e+06 20866 -32.6427 23.0026
1010101 FRAC0_S 0 1 43.9612 15651.8 7673.26 5.14919e+06 2.30913e+06 -5.62035e+06 7039.07 -22.5359 27.4251
1010101 FRAC0_S 0 1 -226.773 15764.4 7821.39 9.37448e+06 2.82918e+06 -3.91258e+06 10580.3 -22.4195 16.9913
1010101 FRAC0_S 0 1 -476.283 15803 8029.57 1.23462e+07 2.22839e+06 -937409 14142.3 -18.6672 4.59312
1010101 FRAC0_S 0 1 -683.579 15766.5 8281.36 1.40208e+07 1.48778e+06 2.25679e+06 18392.1 -11.2335 -9.37606
1010101 FRAC0_S 0 1 -830.148 15660.1 8558.86 1.61847e+07 326959 6.49093e+06 28955.1 -1.97581 -19.3825
1010101 FRAC0_S 0 1 -894.692 15490.1 8839.63 1.31786e+07 712597 7.16112e+06 22342 -4.65863 -22.7139
1010101 FRAC0_S 0 1 -862.114 15269.7 9093.28 1.61794e+07 -315100 9.22476e+06 34653.2 1.70471 -23.7311
1010101 FRAC0_S 0 1 -738.892 15018.8 9282.79 1.78915e+07 -1.05632e+07 1.55446e+07 70605 29.5762 -23.4378
1010101 FRAC0_S 0 1 -547.744 14762.2 9385.47 2.09957e+07 867028 7.15875e+06 46164.5 -4.12007 -17.2324
1010101 FRAC0_S 0 1 -309.463 14530.2 9398.61 2.74504e+07 4.70598e+06 7.54114e+06 76683.6 -15.6127 -13.6264
1010101 FRAC0_S 0 1 -43.5482 14347.8 9326.77 2.37674e+07 4.45867e+06 2.87702e+06 53209.5 -18.6308 -6.93262
1010101 FRAC0_S 0 1 226.284 14229.8 9179.1 2.24066e+07 1.83606e+06 49765.7 45038.8 -10.1816 -0.159653
1010101 FRAC0_S 0 1 476.258 14185.4 8969.49 2.20486e+07 1.4243e+06 -1.09534e+06 43660.4 -7.88099 3.41191
1010101 FRAC0_S 0 1 684.33 14223.5 8717.3 1.64683e+07 -603376 -4.2376e+06 26587.9 3.908 14.2062
1010101 FRAC0_S 0 1 830.389 14344.6 8447.13 3.25438e+06 -2.35084e+06 -4.71378e+06 4391.45 28.2613 28.7447
1010101 FRAC0_S 0 1 899.571 14534.7 8184.95 6.258e+06 -669002 -3.90239e+06 5555.07 8.38157 23.8223
1010101 FRAC0_S 0 1 884.582 14773.2 7954.45 5.30105e+06 -1.09061e+06 -4.67815e+06 5520.79 13.1135 27.0695
1010101 FRAC0_S 0 1 786.166 15040.4 7789.38 1.87645e+06 -791849 -4.14017e+06 2649.39 15.3356 35.2285