
Step FractureNumber TipNr TipActive TipX TipY TipZ KI KII KIII G Phi Psi Extension
1010000 FRAC0_S 0 1 44210.8 30250.9 9038.31 516072 3.02648e+06 2.25232e+06 1514.65 -54.0241 -25.3314
1010000 FRAC0_S 0 1 44300.8 30001.8 9197.53 515815 1.7807e+06 2.77675e+06 1331.74 -40.5156 -32.8059
1010000 FRAC0_S 0 1 44459.1 29752.4 9288.46 615776 405046 3.31802e+06 1512.64 -12.4594 -40.35
1010000 FRAC0_S 0 1 44670.4 29527.4 9302.2 470035 -1.01078e+06 2.96764e+06 1282.05 28.1968 -37.3486
1010000 FRAC0_S 0 1 44914 29348.6 9237.43 451215 -2.26884e+06 2.58809e+06 1367.71 47.0511 -30.1856
1010000 FRAC0_S 0 1 45166 29233.5 9100.47 405761 -3.38861e+06 2.00174e+06 1570.81 57.9231 -23.002
1010000 FRAC0_S 0 1 45401.8 29193.6 8904.73 369644 -4.49374e+06 1.32903e+06 2046.55 64.7326 -15.2205
1010000 FRAC0_S 0 1 45598.2 29232.5 8669.38 840757 -5.04275e+06 314166 2342.12 67.5692 -3.8691
1010000 FRAC0_S 0 1 45736 29346.5 8417.44 1.95077e+06 -4.41713e+06 -986830 2207.26 58.8327 9.87164
1010000 FRAC0_S 0 1 45801.8 29524.5 8173.59 415244 -4.17373e+06 -1.63358e+06 1922.59 62.4112 18.2027
1010000 FRAC0_S 0 1 45789.2 29749.1 7961.69 364242 -2.93891e+06 -2.24012e+06 1448.89 54.5486 26.1318
1010000 FRAC0_S 0 1 45699.2 29998.2 7802.47 357011 -1.8451e+06 -2.77289e+06 1337.35 42.294 33.2228
1010000 FRAC0_S 0 1 45540.9 30247.6 7711.54 937366 158251 -3.03614e+06 1306.54 -5.25948 39.4976
1010000 FRAC0_S 0 1 45329.6 30472.6 7697.8 1.06828e+06 1.15075e+06 -3.05387e+06 1460.07 -27.2194 34.1056
1010000 FRAC0_S 0 1 45086 30651.4 7762.57 372248 2.19076e+06 -2.64061e+06 1367.41 -46.5337 31.0837
1010000 FRAC0_S 0 1 44834 30766.5 7899.53 272682 2.27949e+06 -1.45086e+06 749.614 -57.0233 23.9353
1010000 FRAC0_S 0 1 44598.2 30806.4 8095.27 418206 4.07848e+06 -1.26629e+06 1711.11 -64.0194 15.5455
1010000 FRAC0_S 0 1 44392.2 30763.1 8344.7 -350664 3.52064e+06 -315329 1117.73 -68.2286 5.68761
1010000 FRAC0_S 0 1 44264 30653.5 8582.56 -432596 3.59397e+06 351042 1167.39 -67.7569 -6.04264
1010000 FRAC0_S 0 1 44198.2 30475.5 8826.41 449399 4.23326e+06 1.58235e+06 1947.9 -62.6381 -17.5953
Step FractureNumber TipNr TipActive TipX TipY TipZ KI KII KIII G Phi Psi Extension
1010101 FRAC0_S 0 1 44119 30218.4 9025.98 2.8769e+06 653868 2.06158e+06 1340.88 -15.4121 -24.2695
1010101 FRAC0_S 0 1 44215.2 29965.9 9218.31 2.2653e+06 591836 2.64671e+06 1420.16 -14.245 -29.8777
1010101 FRAC0_S 0 1 44402.7 29720.9 9349.96 1.22553e+06 133411 2.19023e+06 773.441 -5.16359 -35.5674
1010101 FRAC0_S 0 1 44661.9 29510 9391.3 1.90778e+06 -653051 2.97903e+06 1542.65 15.5308 -32.4015
1010101 FRAC0_S 0 1 44959.9 29338.7 9323.55 2.91114e+06 -353209 2.32312e+06 1484.08 8.5703 -26.7257
1010101 FRAC0_S 0 1 45221.4 29241.1 9181.78 3.28477e+06 -1.03464e+06 1.65841e+06 1422.65 22.1342 -19.0995
1010101 FRAC0_S 0 1 45470.1 29210.1 8974.86 3.94664e+06 -857129 817154 1542.25 19.7208 -10.642
1010101 FRAC0_S 0 1 45675.8 29252.5 8728.03 4.42043e+06 -1.12527e+06 -71894.4 1854.75 25.235 0.992845
1010101 FRAC0_S 0 1 45821.3 29367.3 8463.93 3.42312e+06 -926698 -606975 1169.69 23.7271 9.05653
1010101 FRAC0_S 0 1 45891.5 29550.8 8206.65 4.43995e+06 -1.51753e+06 -1.98599e+06 2486.43 24.191 17.4385
1010101 FRAC0_S 0 1 45880.9 29782.2 7975.01 2.92226e+06 -742099 -2.11905e+06 1407.26 16.8116 24.1491
1010101 FRAC0_S 0 1 45780.5 30030.6 7778.44 2.10189e+06 -778437 -2.59182e+06 1341.11 18.4991 29.5408
1010101 FRAC0_S 0 1 45589.1 30271.1 7641.15 1.48097e+06 -333058 -3.0282e+06 1424.93 9.29832 35.8731
1010101 FRAC0_S 0 1 45334.6 30486.5 7603.96 -69636.6 627220 -2.45903e+06 839.287 -25.0594 40.7413
1010101 FRAC0_S 0 1 45054.5 30655.6 7670.9 2.45103e+06 1.067e+06 -2.56195e+06 1509.74 -22.4133 27.0079
1010101 FRAC0_S 0 1 44778.8 30760.2 7817.99 3.17504e+06 1.08744e+06 -1.69857e+06 1387.41 -23.2098 19.5464
1010101 FRAC0_S 0 1 44530 30790.7 8024.97 3.87571e+06 905868 -864230 1510.99 -20.6609 11.1666
1010101 FRAC0_S 0 1 44325.9 30744 8270.6 3.79416e+06 647745 -11235 1320.2 -18.8831 0.19658
1010101 FRAC0_S 0 1 44182 30625.7 8533.4 4.61153e+06 703076 832593 2031.27 -15.0966 -9.95916
1010101 FRAC0_S 0 1 44110 30445.8 8792.12 4.18648e+06 535057 1.68373e+06 1964.36 -11.2063 -18.2233