
Step FractureNumber TipNr TipActive TipX TipY TipZ KI KII KIII G Phi Psi Extension
1010000 FRAC0_S 0 1 -7500 -21518.6 8611.28 1.30383e+07 3.46006e+06 -834636 16308 -25.1577 3.67941
1010000 FRAC0_S 0 1 -7500 -21621.6 8954.36 1.67755e+07 3.23881e+06 -228488 26018.9 -20.6077 0.87621
1010000 FRAC0_S 0 1 -7500 -21771.5 9166.88 1.844e+07 2.73317e+06 253579 30974.8 -16.7192 -0.918482
1010000 FRAC0_S 0 1 -7500 -22013.2 9359.38 1.87624e+07 2.16986e+06 553507 31829.6 -13.4247 -1.9875
1010000 FRAC0_S 0 1 -7500 -22302.5 9467.75 2.91765e+07 2.61456e+07 1.67037e+07 173880 -41.5965 -16.3144
1010000 FRAC0_S 0 1 -7500 -22611.3 9481.4 2.65922e+07 -1.94118e+07 1.42333e+07 123536 37.8463 -16.588
1010000 FRAC0_S 0 1 -7500 -22909.1 9398.98 1.65104e+07 -1.52239e+07 -1.00233e+07 58305.6 41.7368 16.8214
1010000 FRAC0_S 0 1 -7500 -23166.9 9228.56 1.47317e+07 -301812 1.04073e+06 19491.1 2.60398 -4.91177
1010000 FRAC0_S 0 1 -7500 -23359.4 8986.83 1.45996e+07 7.13872e+06 8.65976e+06 33508.6 -29.0173 -19.5424
1010000 FRAC0_S 0 1 -7500 -23467.8 8697.44 1.37137e+07 -3.04014e+06 1.19409e+06 17771.8 21.7057 -5.04332
1010000 FRAC0_S 0 1 -7500 -23481.4 8388.72 1.20913e+07 -4.79631e+06 603461 15126.3 33.1264 -2.6518
1010000 FRAC0_S 0 1 -7500 -23399 8090.9 9.23875e+06 -4.84192e+06 -442684 9721.11 38.8941 2.34685
1010000 FRAC0_S 0 1 -7500 -23228.5 7833.12 4.27113e+06 -3.68675e+06 -1.44013e+06 3112.63 44.1483 11.1776
1010000 FRAC0_S 0 1 -7500 -22986.8 7640.62 4.78067e+06 -3.89646e+06 -2.99235e+06 4580.4 38.9419 17.8313
1010000 FRAC0_S 0 1 -7500 -22697.5 7532.25 1.18372e+07 -2.56071e+07 -1.88976e+07 118414 49.1697 22.4494
1010000 FRAC0_S 0 1 -7500 -22388.7 7518.6 3.44123e+06 -604309 -4.04089e+06 3259.52 10.0714 30.7371
1010000 FRAC0_S 0 1 -7500 -22090.9 7601.02 1.01532e+07 1.65858e+07 -1.39543e+07 59597.4 -45.4327 22.8668
1010000 FRAC0_S 0 1 -7500 -21833.1 7771.44 5.17265e+06 -1.40278e+07 -1.55153e+07 51935.4 45.1412 28.2686
1010000 FRAC0_S 0 1 -7500 -21640.6 8013.17 1.06502e+07 1.13485e+07 -7.97767e+06 30048.5 -42.9688 18.421
1010000 FRAC0_S 0 1 -7500 -21532.2 8302.56 1.38973e+07 1.56776e+07 7.14432e+06 45900.8 -47.0137 -13.9269
Step FractureNumber TipNr TipActive TipX TipY TipZ KI KII KIII G Phi Psi Extension
1010101 FRAC0_S 0 1 -7548.34 -21435.6 8622.66 1.61499e+07 -625809 -2.55496e+06 24144.7 4.45898 9.73289
1010101 FRAC0_S 0 1 -7535.41 -21518.3 8947.2 -5.41082e+06 -2.40408e+07 -1.52627e+07 82484.4 55.0365 22.7795
1010101 FRAC0_S 0 1 -7528.99 -21702.8 9230.06 1.24601e+07 -2.27972e+07 1.30583e+07 82825.4 50.4731 -18.6706
1010101 FRAC0_S 0 1 -7535.4 -21967.8 9436.18 1.80836e+07 -5.70899e+06 1.92545e+06 32538 27.6283 -5.65471
1010101 FRAC0_S 0 1 -7523.66 -22285.3 9545.17 1.83983e+07 -4.54432e+06 267950 32013.2 24.7269 -0.89606
1010101 FRAC0_S 0 1 -7469.28 -22619.7 9555.93 2.4142e+07 1.31489e+07 1.60159e+06 67684 -39.3306 -3.15608
1010101 FRAC0_S 0 1 -7450.24 -22943.7 9470.98 1.78026e+07 1.20975e+07 2.86854e+06 42377.3 -42.1445 -6.57519
1010101 FRAC0_S 0 1 -7493.21 -23227.3 9293.16 2.1757e+07 -5.07332e+06 7.65963e+06 52278.2 19.0788 -15.6949
1010101 FRAC0_S 0 1 -7513.87 -23437 9031.44 1.34555e+07 -3.45045e+06 920763 17307.2 24.4752 -3.94071
1010101 FRAC0_S 0 1 -7479.97 -23553 8715.14 2.90977e+07 -1.70842e+07 1.30921e+07 124253 34.5363 -15.6182
1010101 FRAC0_S 0 1 -7447.73 -23563.4 8380.59 -3.11964e+06 1.36007e+07 1.08874e+07 32248.8 -51.9811 -25.628
1010101 FRAC0_S 0 1 -7437.53 -23468.5 8060.31 2.88522e+07 -1.60951e+07 1.25832e+07 118323 33.6884 -15.4816
1010101 FRAC0_S 0 1 -7433.77 -23282.4 7783.92 9.12089e+06 -459904 -2.28254e+06 8124.9 5.32216 13.7858
1010101 FRAC0_S 0 1 -7432.25 -23022.5 7578.66 6.79169e+06 -189683 -4.50112e+06 6808.19 2.29361 25.505
1010101 FRAC0_S 0 1 -7442.08 -22710.8 7458.84 2.68542e+06 -418212 -3.40366e+06 2198.99 8.70842 31.7699
1010101 FRAC0_S 0 1 -7490.15 -22379.2 7437.7 4.94853e+06 -6.89357e+06 -5.14888e+06 9942.71 45.2781 20.6064
1010101 FRAC0_S 0 1 -7513.53 -22061.7 7531.62 3.94374e+06 463955 -5.34776e+06 5208.73 -6.49986 32.8416
1010101 FRAC0_S 0 1 -7499.41 -21786.2 7720.43 5.48517e+06 3.19762e+06 -4.10071e+06 5828.69 -30.6393 21.6252
1010101 FRAC0_S 0 1 -7534.65 -21580.2 7978.73 7.62703e+06 1.52494e+06 -1.71711e+06 5783.04 -18.2642 11.4989
1010101 FRAC0_S 0 1 -7564.24 -21460.4 8289.28 1.17601e+07 -2.29477e+06 -3.12889e+06 14095.3 17.4476 13.1084