
Step FractureNumber TipNr TipActive TipX TipY TipZ KI KII KIII G Phi Psi Extension
1010000 FRAC0_S 0 1 -14202.7 44496.5 8206.19 -1.67728e+06 2.77636e+06 2.5482e+06 1550.49 -44.5067 -24.016
1010000 FRAC0_S 0 1 -14203.9 44713.5 7990.44 -795518 708696 2.9174e+06 1176.75 -20.6409 -37.0985
1010000 FRAC0_S 0 1 -14283.8 44963 7820.86 -706667 -425979 2.4124e+06 790.187 15.8119 -37.7973
1010000 FRAC0_S 0 1 -14433.4 45213.7 7719.72 -438763 -1.37179e+06 1.84601e+06 620.918 42.6702 -30.9673
1010000 FRAC0_S 0 1 -14638.5 45443.6 7694.95 -491191 -1.97505e+06 1.48228e+06 639.822 52.514 -24.6307
1010000 FRAC0_S 0 1 -14878.9 45629.9 7748.98 -612913 -2.98616e+06 1.20136e+06 986.562 60.0013 -17.4535
1010000 FRAC0_S 0 1 -15131.2 45754.7 7876.54 -679798 -3.46904e+06 583218 1117.61 65.0133 -9.1121
1010000 FRAC0_S 0 1 -15370.7 45805.6 8065.11 -827679 -3.93738e+06 -127976 1383.65 67.3298 2.0175
1010000 FRAC0_S 0 1 -15573.9 45777.6 8296.27 -893718 -3.71306e+06 -886709 1333.11 62.6472 11.7303
1010000 FRAC0_S 0 1 -15720.9 45673.5 8547.35 -1.42511e+06 -3.9006e+06 -1.66804e+06 1725.84 56.3076 16.7262
1010000 FRAC0_S 0 1 -15797.3 45503.5 8793.81 -1.23709e+06 -2.74167e+06 -2.46337e+06 1476.89 46.9033 25.0008
1010000 FRAC0_S 0 1 -15795.7 45284.1 9011.51 -709226 -968734 -2.29026e+06 781.251 30.0055 34.0254
1010000 FRAC0_S 0 1 -15716.2 45037 9179.14 -1.60043e+06 -186979 -3.47931e+06 1613.16 4.88205 37.1266
1010000 FRAC0_S 0 1 -15566.6 44786.3 9280.28 -1.7097e+06 1.4944e+06 -3.53714e+06 1863.01 -27.5953 31.8414
1010000 FRAC0_S 0 1 -15361.5 44556.4 9305.05 -1.74824e+06 3.02453e+06 -3.0329e+06 2038.55 -43.7372 25.3249
1010000 FRAC0_S 0 1 -15121.1 44370.1 9251.02 -1.74254e+06 4.25439e+06 -2.19378e+06 2252.96 -53.8328 18.524
1010000 FRAC0_S 0 1 -14868.8 44245.3 9123.46 -1.65308e+06 5.11294e+06 -1.11534e+06 2494.98 -61.3631 10.3774
1010000 FRAC0_S 0 1 -14629.3 44194.4 8934.89 -1.49019e+06 5.59613e+06 78695.9 2791.45 -66.6438 -0.852721
1010000 FRAC0_S 0 1 -14426.1 44222.4 8703.73 -1.39694e+06 4.56071e+06 1.19284e+06 2042.74 -60.8177 -12.0936
1010000 FRAC0_S 0 1 -14279.1 44326.5 8452.65 -761867 2.84627e+06 1.90042e+06 1202.25 -53.6495 -22.9818
Step FractureNumber TipNr TipActive TipX TipY TipZ KI KII KIII G Phi Psi Extension
1010101 FRAC0_S 0 1 -14181.2 44424.5 8145.8 221695 786673 846884 154.915 -46.7777 -28.7291
1010101 FRAC0_S 0 1 -14151.2 44676 7926.06 -21677.6 289792 1.20422e+06 200.352 -24.2084 -41.1405
1010101 FRAC0_S 0 1 -14207 44971 7773.7 92840.5 -558564 1.58401e+06 362.278 30.6114 -38.701
1010101 FRAC0_S 0 1 -14354.4 45262.6 7696.68 715528 -1.07466e+06 1.16884e+06 330.237 41.6122 -25.6616
1010101 FRAC0_S 0 1 -14570.1 45514.4 7691.3 1.14184e+06 -960503 611594 248.139 40.7802 -15.9017
1010101 FRAC0_S 0 1 -14822.2 45710.4 7760.44 1.57719e+06 -1.13798e+06 391928 357.492 41.8855 -9.31381
1010101 FRAC0_S 0 1 -15084.1 45838.7 7901.44 1.61673e+06 -819967 79990.4 293.68 38.183 -2.44582
1010101 FRAC0_S 0 1 -15333.5 45891 8100.13 1.50465e+06 -683839 -41548.2 243.642 36.3486 1.44178
1010101 FRAC0_S 0 1 -15550 45863.9 8338.92 1.28653e+06 -1.02909e+06 -352230 258.362 43.5878 9.72291
1010101 FRAC0_S 0 1 -15714.2 45757.5 8598.78 1.18859e+06 -1.42284e+06 -818702 395.436 46.0284 16.7371
1010101 FRAC0_S 0 1 -15812.2 45576.9 8856.16 732129 -1.76546e+06 -1.52954e+06 636.656 47.9217 24.8647
1010101 FRAC0_S 0 1 -15836.2 45332.5 9082.35 -41726.5 -1.57615e+06 -2.42965e+06 1006.5 43.9026 34.9308
1010101 FRAC0_S 0 1 -15779.4 45043.4 9245.1 -467932 -140511 -2.41657e+06 778.454 6.35194 41.2513
1010101 FRAC0_S 0 1 -15638.8 44747.4 9325.02 -136707 1.44514e+06 -2.31744e+06 900.377 -42.2713 34.701
1010101 FRAC0_S 0 1 -15427.6 44487.8 9324.92 879115 1.99865e+06 -1.64165e+06 783.266 -48.223 23.9788
1010101 FRAC0_S 0 1 -15175.7 44288 9249.78 1.51575e+06 1.45581e+06 -342414 409.184 -47.9927 7.70697
1010101 FRAC0_S 0 1 -14913.9 44159.3 9103.93 1.87054e+06 1.92054e+06 -149235 643.432 -51.6074 2.90683
1010101 FRAC0_S 0 1 -14665 44107.8 8901.92 2.13867e+06 1.71399e+06 305194 681.754 -45.8169 -5.54753
1010101 FRAC0_S 0 1 -14447.5 44135 8662.34 1.31116e+06 1.44359e+06 542529 378.041 -47.8762 -11.9406
1010101 FRAC0_S 0 1 -14282 44241.6 8402.47 877958 1.32708e+06 902333 333.912 -47.023 -19.8673