
Step FractureNumber TipNr TipActive TipX TipY TipZ KI KII KIII G Phi Psi Extension
1010000 FRAC0_S 0 1 103.378 -44017.8 8500 1.06525e+06 4.59627e+06 -49260.5 1983.95 -67.3339 0.670363
1010000 FRAC0_S 0 1 -193.121 -44031.3 8500 1.16548e+06 3.53741e+06 334815 1251.01 -63.7915 -5.03826
1010000 FRAC0_S 0 1 -493.726 -44144.6 8500 1.09796e+06 5.35275e+06 2.18913e+06 3297.97 -59.8676 -17.6448
1010000 FRAC0_S 0 1 -733.904 -44339 8500 1.15343e+06 2.42797e+06 1.86353e+06 1105.73 -48.5092 -22.8301
1010000 FRAC0_S 0 1 -902.243 -44598.1 8500 941715 1.83074e+06 3.41879e+06 1932.21 -35.2771 -33.009
1010000 FRAC0_S 0 1 -982.264 -44896.6 8500 887434 480705 3.863e+06 2075.5 -12.2739 -39.6043
1010000 FRAC0_S 0 1 -966.133 -45205.2 8500 908502 -1.1456e+06 1.98796e+06 716.109 34.0558 -30.3796
1010000 FRAC0_S 0 1 -855.431 -45493.7 8500 652184 -3.38096e+06 2.91511e+06 2186.73 51.5488 -26.916
1010000 FRAC0_S 0 1 -660.994 -45733.9 8500 714811 -3.94745e+06 2.37519e+06 2184.4 56.5046 -22.5665
1010000 FRAC0_S 0 1 -401.854 -45902.2 8500 661523 -4.71268e+06 1.40268e+06 2279.75 63.5056 -14.7307
1010000 FRAC0_S 0 1 -103.378 -45982.2 8500 634824 -5.51842e+06 390497 2769.85 68.2814 -4.53713
1010000 FRAC0_S 0 1 205.218 -45966.1 8500 741654 -5.53665e+06 -789408 2863.52 66.7151 8.30031
1010000 FRAC0_S 0 1 493.726 -45855.4 8500 680395 -4.56591e+06 -1.73245e+06 2298.16 61.6324 17.3296
1010000 FRAC0_S 0 1 733.904 -45661 8500 604475 -2.8127e+06 -2.76849e+06 1756.92 49.1863 28.2997
1010000 FRAC0_S 0 1 902.243 -45401.9 8500 760697 -2.27246e+06 -3.34847e+06 2002.97 40.977 31.8416
1010000 FRAC0_S 0 1 982.264 -45103.4 8500 833653 -751799 -3.7724e+06 2005.01 18.2662 38.5594
1010000 FRAC0_S 0 1 966.133 -44794.8 8500 902316 1.15227e+06 -3.90546e+06 2219.46 -24.4501 36.9417
1010000 FRAC0_S 0 1 855.431 -44506.3 8500 975010 2.79604e+06 -3.48996e+06 2401.28 -43.5308 29.8666
1010000 FRAC0_S 0 1 660.994 -44266.1 8500 958942 4.35311e+06 -2.7805e+06 2798.79 -55.0535 22.9041
1010000 FRAC0_S 0 1 401.854 -44097.8 8500 1.08972e+06 5.4538e+06 -1.71753e+06 3148.64 -61.9167 14.7903
Step FractureNumber TipNr TipActive TipX TipY TipZ KI KII KIII G Phi Psi Extension
1010101 FRAC0_S 0 1 107.889 -43977 8409.38 7.86607e+06 1.45982e+06 -580379 5748.39 -19.1107 4.45652
1010101 FRAC0_S 0 1 -215.071 -43991.8 8410.45 8.24823e+06 1.70564e+06 1.27846e+06 6539.07 -19.645 -8.45044
1010101 FRAC0_S 0 1 -520.873 -44101 8415.6 6.18219e+06 1.46379e+06 3.10998e+06 4883.04 -17.7563 -19.7941
1010101 FRAC0_S 0 1 -783.435 -44297.7 8426.49 4.79839e+06 1.57548e+06 3.1457e+06 3588.99 -21.2526 -22.1713
1010101 FRAC0_S 0 1 -976.133 -44567.9 8447.08 3.45256e+06 1.16045e+06 4.51144e+06 3889.17 -16.6729 -30.4985
1010101 FRAC0_S 0 1 -1069.76 -44887.5 8488.93 2.85737e+06 414167 4.93611e+06 3983.4 -6.88631 -34.9739
1010101 FRAC0_S 0 1 -1044.41 -45219.1 8542.26 2.34363e+06 426871 3.526e+06 2159.23 -9.16956 -33.3309
1010101 FRAC0_S 0 1 -911.855 -45523.9 8574.01 3.87058e+06 -1.26745e+06 4.11538e+06 3730.68 17.8626 -28.1627
1010101 FRAC0_S 0 1 -697.463 -45772.4 8583.65 5.85515e+06 -2.17496e+06 3.60492e+06 5204.86 23.7245 -20.9991
1010101 FRAC0_S 0 1 -421.131 -45942.1 8588.83 6.09806e+06 -1.52139e+06 1.84215e+06 3971.27 20.7016 -13.9355
1010101 FRAC0_S 0 1 -107.799 -46020.6 8591.79 6.59599e+06 -1.39392e+06 514301 4085.24 21.0667 -4.59644
1010101 FRAC0_S 0 1 214.294 -46004.9 8591.15 6.51261e+06 -1.31624e+06 -929120 4048.72 19.4596 7.9035
1010101 FRAC0_S 0 1 519.795 -45896.6 8585.88 6.81493e+06 -2.20419e+06 -2.5377e+06 5428 24.1553 15.5364
1010101 FRAC0_S 0 1 781.366 -45700.8 8576.23 4.55801e+06 -1.78122e+06 -3.37443e+06 3648.46 23.3184 23.114
1010101 FRAC0_S 0 1 972.475 -45430.7 8559.54 3.55333e+06 -1.4505e+06 -4.5076e+06 4014.96 19.7221 29.5537
1010101 FRAC0_S 0 1 1068.98 -45111.3 8521.72 2.07173e+06 -391290 -3.74395e+06 2260.39 8.54749 35.042
1010101 FRAC0_S 0 1 1049.97 -44778.8 8469.92 2.84316e+06 1.04758e+06 -5.67772e+06 5105.58 -14.4885 34.6643
1010101 FRAC0_S 0 1 918.674 -44472.8 8434.72 3.95417e+06 1.2171e+06 -4.1079e+06 3769.63 -17.1587 28.0632
1010101 FRAC0_S 0 1 700.648 -44225 8419.74 6.21283e+06 2.09624e+06 -3.87298e+06 5826.14 -22.0179 21.4626
1010101 FRAC0_S 0 1 422.023 -44056 8412.33 8.27166e+06 1.82355e+06 -2.28049e+06 7084.94 -19.1091 13.2526