
Step FractureNumber TipNr TipActive TipX TipY TipZ KI KII KIII G Phi Psi Extension
1010000 FRAC0_S 0 1 0 -44020.2 8624.9 4.55386e+06 396091 63461.9 1862.45 -10.6239 -0.98207
1010000 FRAC0_S 0 1 0 -44106.8 8921.55 4.51521e+06 341099 118624 1828.94 -9.26982 -1.8411
1010000 FRAC0_S 0 1 0 -44280.8 9176.94 4.74968e+06 197012 162881 2017.26 -5.29396 -2.45292
1010000 FRAC0_S 0 1 0 -44525.1 9366.05 4.59063e+06 141501 225414 1886.44 -3.93893 -3.47835
1010000 FRAC0_S 0 1 0 -44816 9470.4 3.8905e+06 18357.5 210769 1354.7 -0.622465 -3.90428
1010000 FRAC0_S 0 1 0 -45124.9 9479.76 3.79546e+06 -7417.32 197458 1288.87 0.259344 -3.76971
1010000 FRAC0_S 0 1 0 -45421.5 9393.21 4.11052e+06 -138342 194853 1512.39 4.29065 -3.35677
1010000 FRAC0_S 0 1 0 -45676.9 9219.22 4.0825e+06 543372 86675.7 1512.49 -15.2118 -1.42346
1010000 FRAC0_S 0 1 0 -45866 8974.84 4.24222e+06 -404874 84515.5 1619.22 11.467 -1.3827
1010000 FRAC0_S 0 1 0 -45970.4 8683.98 4.07126e+06 -424415 36200.3 1493.24 12.4972 -0.620953
1010000 FRAC0_S 0 1 0 -45979.8 8375.1 4.00186e+06 -362360 -60041 1439.27 10.9968 1.05245
1010000 FRAC0_S 0 1 0 -45893.2 8078.45 3.89386e+06 -379140 -132842 1366.25 11.5292 2.3218
1010000 FRAC0_S 0 1 0 -45719.2 7823.06 4.25423e+06 -403990 -157850 1630.62 11.2512 2.52105
1010000 FRAC0_S 0 1 0 -45474.9 7633.95 3.83276e+06 -176741 -263846 1321.07 5.6705 4.6901
1010000 FRAC0_S 0 1 0 -45184 7529.6 2.68467e+06 -18786.9 -192485 647.214 0.905279 5.03865
1010000 FRAC0_S 0 1 0 -44875.1 7520.24 3.70819e+06 92154.6 -251661 1234.5 -3.1478 4.71712
1010000 FRAC0_S 0 1 0 -44578.5 7606.79 3.51884e+06 925943 -771907 1259.03 -22.6441 10.819
1010000 FRAC0_S 0 1 0 -44323.1 7780.78 3.62882e+06 -91411.6 1226.38 1174.17 3.39664 -0.0257007
1010000 FRAC0_S 0 1 0 -44134 8025.16 4.12321e+06 351398 -97342.2 1527.21 -10.3468 1.64575
1010000 FRAC0_S 0 1 0 -44029.6 8316.02 4.08767e+06 -657327 -89894 1528.52 17.7398 1.43883
Step FractureNumber TipNr TipActive TipX TipY TipZ KI KII KIII G Phi Psi Extension
1010101 FRAC0_S 0 1 -5.62783 -43925.8 8637.21 4.62581e+06 313121 250885 1923.89 -8.19193 -3.69354
1010101 FRAC0_S 0 1 -14.9699 -44019.7 8962.78 4.25433e+06 -10067.4 119049 1614.73 0.321168 -2.09404
1010101 FRAC0_S 0 1 -10.3577 -44210.3 9243.46 4.05602e+06 14420.3 226373 1472.81 -0.469057 -4.01775
1010101 FRAC0_S 0 1 -6.01289 -44478.4 9451.42 4.85561e+06 2196.21 310332 2113.75 -0.0594806 -4.56469
1010101 FRAC0_S 0 1 -2.14736 -44797.9 9566.19 3.78061e+06 30807.4 256128 1282.46 -1.05634 -4.78072
1010101 FRAC0_S 0 1 1.82512 -45137.2 9576.46 4.4765e+06 -33969.9 216714 1792.03 1.00244 -3.50649
1010101 FRAC0_S 0 1 -2.70574 -45462.6 9480.67 4.56295e+06 -277991 350710 1878.56 7.29572 -5.11851
1010101 FRAC0_S 0 1 -6.6998 -45725.2 9304.7 4.58655e+06 -705232 181898 1923.27 16.8757 -2.5556
1010101 FRAC0_S 0 1 8.79022 -45949.5 9020.51 3.1499e+06 -102358 32276.1 885.208 4.29493 -0.763296
1010101 FRAC0_S 0 1 20.5585 -46064.2 8701.75 4.23181e+06 201424 155210 1602.62 -6.01086 -2.60069
1010101 FRAC0_S 0 1 19.9442 -46074.6 8362.99 3.3892e+06 58232.2 26758.4 1023.97 -2.32693 -0.598803
1010101 FRAC0_S 0 1 19.64 -45979.8 8037.64 3.78295e+06 297987 19624.2 1283.19 -9.80412 -0.372532
1010101 FRAC0_S 0 1 17.2224 -45789.1 7757.18 2.88311e+06 128751 -185283 746.753 -5.52438 4.40947
1010101 FRAC0_S 0 1 10.2131 -45521.3 7548.95 4.16587e+06 79155 -244951 1555 -2.44634 4.15707
1010101 FRAC0_S 0 1 1.88736 -45202.1 7433.91 3.81119e+06 -30000.1 -276235 1304.56 1.01634 5.08443
1010101 FRAC0_S 0 1 -11.9758 -44863.6 7425.3 3.81648e+06 -496749 -152990 1323.03 14.7054 2.63316
1010101 FRAC0_S 0 1 -19.1419 -44538.5 7522.13 4.19892e+06 -754559 -263860 1631.09 18.7834 3.86034
1010101 FRAC0_S 0 1 -11.1529 -44257.4 7711.74 3.15233e+06 -134913 -210369 893.011 5.29604 4.57205
1010101 FRAC0_S 0 1 0.11826 -44050.3 7978.9 4.245e+06 325559 -185561 1619.79 -9.25508 2.99295
1010101 FRAC0_S 0 1 6.13553 -43936.8 8298.44 3.85903e+06 2.02025e+06 174876 1694.79 -38.9228 -2.22552