
Step FractureNumber TipNr TipActive TipX TipY TipZ KI KII KIII G Phi Psi Extension
1010000 FRAC0_S 0 1 -30000 44049 8233.09 1.66984e+06 -133162 161302 253.511 9.16908 -6.1826
1010000 FRAC0_S 0 1 -30000 44178.1 7952.3 1.48674e+06 -237173 315441 215.215 15.335 -11.2753
1010000 FRAC0_S 0 1 -30000 44387.6 7725.12 1.36132e+06 -161715 72664.3 168.172 13.4692 -3.48349
1010000 FRAC0_S 0 1 -30000 44657 7573.79 1.39142e+06 -675455 -498.351 213.177 38.2687 0.0188004
1010000 FRAC0_S 0 1 -30000 44960 7513.12 1.85361e+06 -299151 -12650.4 314.167 18.005 0.45455
1010000 FRAC0_S 0 1 -30000 45266.9 7549.06 1.63502e+06 -262248 -70238.4 245 17.417 2.74249
1010000 FRAC0_S 0 1 -30000 45547.7 7678.08 1.56694e+06 -144847 -123325 222.683 10.6142 5.09282
1010000 FRAC0_S 0 1 -30000 45774.9 7887.55 1.42759e+06 210909 211022 191.494 -15.0546 -8.46988
1010000 FRAC0_S 0 1 -30000 45926.2 8156.97 1.63112e+06 -37531 -144378 239.98 2.8681 6.00215
1010000 FRAC0_S 0 1 -30000 45986.8 8459.98 1.55287e+06 32051.7 -121694 216.942 -2.60463 5.39416
1010000 FRAC0_S 0 1 -30000 45951 8766.91 1.75006e+06 87090.4 -86359.2 274.585 -6.19526 3.43543
1010000 FRAC0_S 0 1 -30000 45821.9 9047.7 1.6202e+06 92048.3 -77370.6 235.47 -7.01565 3.31049
1010000 FRAC0_S 0 1 -30000 45612.4 9274.88 1.51306e+06 -233325 112576 210.541 16.4692 -4.60253
1010000 FRAC0_S 0 1 -30000 45343 9426.21 1.65532e+06 114737 -45250.5 245.614 -8.56914 1.92382
1010000 FRAC0_S 0 1 -30000 45040 9486.88 1.53414e+06 326630 -205174 224.835 -20.3845 7.42088
1010000 FRAC0_S 0 1 -30000 44733.1 9450.94 1.35675e+06 112269 2137.64 165.156 -10.2762 -0.113267
1010000 FRAC0_S 0 1 -30000 44452.3 9321.92 1.67126e+06 149572 36417.9 251.065 -10.8207 -1.51677
1010000 FRAC0_S 0 1 -30000 44225.1 9112.45 1.85264e+06 132161 131157 309.694 -8.47121 -4.70801
1010000 FRAC0_S 0 1 -30000 44073.8 8843.03 1.78892e+06 49793.7 127822 287.567 -3.49999 -4.93046
1010000 FRAC0_S 0 1 -30000 44013.2 8540.02 1.64737e+06 -22895.2 134687 244.288 1.76459 -5.63667
Step FractureNumber TipNr TipActive TipX TipY TipZ KI KII KIII G Phi Psi Extension
1010101 FRAC0_S 0 1 -29984.6 43956.5 8207.41 1.71414e+06 61460 53746.1 262.551 -4.62453 -2.26315
1010101 FRAC0_S 0 1 -29977 44099.1 7899.83 1.27649e+06 -22035.2 2149.48 145.243 2.3517 -0.128812
1010101 FRAC0_S 0 1 -29966.3 44330.5 7655.2 1.56788e+06 94692.3 -134260 222.252 -7.18352 5.64394
1010101 FRAC0_S 0 1 -29955.5 44627.3 7494.15 1.75675e+06 406003 -82328.9 290.598 -23.0285 2.81595
1010101 FRAC0_S 0 1 -29961.6 44957.7 7424.24 1.58166e+06 359570 -47441.6 234.741 -23.0249 1.84199
1010101 FRAC0_S 0 1 -29972.7 45292.5 7458.92 1.62256e+06 179699 -96447.2 238.715 -12.623 3.87695
1010101 FRAC0_S 0 1 -29989.8 45600.3 7599.25 1.1893e+06 61740.8 -69455.1 127.021 -6.39278 4.01133
1010101 FRAC0_S 0 1 -30007.2 45849.8 7828.5 1.61084e+06 -80916.6 -200720 237.164 5.85801 7.90163
1010101 FRAC0_S 0 1 -30005.1 46017 8123.65 1.60624e+06 2251.08 -214763 236.039 -0.172744 8.72983
1010101 FRAC0_S 0 1 -30003.7 46084.2 8456.01 1.63039e+06 104693 -110108 239.459 -7.71802 4.53698
1010101 FRAC0_S 0 1 -30009.6 46044.4 8793.09 1.64906e+06 63956.1 -68019.4 243.306 -4.93706 2.93076
1010101 FRAC0_S 0 1 -30001.7 45902 9100.74 1.65433e+06 189828 -108713 248.659 -12.9472 4.23988
1010101 FRAC0_S 0 1 -29992.6 45671.4 9349.44 1.67368e+06 268938 -53401.2 256.44 -17.5924 2.06318
1010101 FRAC0_S 0 1 -30009.1 45376 9514.79 1.68681e+06 -22139 31884.9 253.727 1.76912 -1.41756
1010101 FRAC0_S 0 1 -30025.6 45043.8 9580.57 1.6951e+06 -303827 -17242.7 264.31 19.5077 0.664659
1010101 FRAC0_S 0 1 -30022.3 44707.2 9542.16 1.68184e+06 -285334 14711.6 259.34 18.705 -0.577178
1010101 FRAC0_S 0 1 -30017.6 44399.1 9401.81 1.47383e+06 -182625 42241.5 196.772 14.2421 -1.91922
1010101 FRAC0_S 0 1 -30013.6 44149.3 9172.21 1.49467e+06 -101863 31447.5 200.132 8.48574 -1.4944
1010101 FRAC0_S 0 1 -30006 43982.6 8876.7 1.62313e+06 478493 120487 257.099 -26.9008 -4.13227
1010101 FRAC0_S 0 1 -29996 43916 8544.04 2.05494e+06 78074 151454 379.887 -4.70287 -5.02615