
Step FractureNumber TipNr TipActive TipX TipY TipZ KI KII KIII G Phi Psi Extension
1010000 FRAC0_S 0 1 -310.618 -44200.2 8010.79 -9.11729e+06 -5.43185e+06 800164 2714.34 40.7773 -3.97649
1010000 FRAC0_S 0 1 -525.393 -44207.5 8232.85 -1.004e+07 -6.47335e+06 -834664 3826.75 42.4939 3.67643
1010000 FRAC0_S 0 1 -688.738 -44292.4 8481.06 -8.41987e+06 -4.53641e+06 -1.72748e+06 2230.69 36.5706 8.71963
1010000 FRAC0_S 0 1 -784.666 -44446.5 8731.12 -1.08648e+07 -4.67473e+06 -3.5567e+06 3629.8 30.077 13.3829
1010000 FRAC0_S 0 1 -803.785 -44654.8 8958.56 -1.0009e+07 -2.27206e+06 -4.32857e+06 2951.96 17.841 18.0861
1010000 FRAC0_S 0 1 -744.224 -44896.9 9141.11 -7.30627e+06 58333.8 -3.4622e+06 1594.55 -0.752274 21.5683
1010000 FRAC0_S 0 1 -611.813 -45149.1 9260.91 -9.64814e+06 2.34044e+06 -4.34244e+06 2996.07 -18.6261 18.4071
1010000 FRAC0_S 0 1 -429.335 -45376.6 9305.95 -9.14824e+06 4.18114e+06 -3.53931e+06 3223.87 -30.4004 14.9129
1010000 FRAC0_S 0 1 -186.149 -45586.5 9272.62 -9.18562e+06 5.45842e+06 -2.47054e+06 3466.75 -37.5304 10.5719
1010000 FRAC0_S 0 1 65.4371 -45728.8 9163.38 -6.14534e+06 4.23758e+06 -825507 1690.79 -42.9243 5.56574
1010000 FRAC0_S 0 1 310.618 -45799.8 8989.21 -8.78686e+06 6.00824e+06 10527.7 3216.79 -45.2855 -0.055446
1010000 FRAC0_S 0 1 539.069 -45789.2 8750.14 -9.62234e+06 5.67629e+06 1.10207e+06 3032.69 -40.0691 -5.09232
1010000 FRAC0_S 0 1 688.738 -45707.6 8518.94 -7.67204e+06 3.58729e+06 1.4177e+06 1414.04 -34.0113 -8.3102
1010000 FRAC0_S 0 1 784.666 -45553.5 8268.88 -8.69477e+06 3.61767e+06 2.69416e+06 2131.61 -29.682 -12.9398
1010000 FRAC0_S 0 1 803.785 -45345.2 8041.44 -8.32369e+06 1.93549e+06 2.70209e+06 1304.89 -19.3451 -14.8267
1010000 FRAC0_S 0 1 744.224 -45103.1 7858.89 -9.17125e+06 996829 3.46364e+06 1684.12 -9.86328 -17.6883
1010000 FRAC0_S 0 1 611.813 -44850.9 7739.09 -6.47054e+06 -300323 2.32773e+06 728.676 4.5448 -17.7952
1010000 FRAC0_S 0 1 419.514 -44613.3 7693.78 -8.2577e+06 -1.67041e+06 2.85263e+06 1330.93 17.1019 -15.7654
1010000 FRAC0_S 0 1 186.149 -44413.5 7727.38 -1.09846e+07 -3.90951e+06 2.95783e+06 2525.57 27.3024 -12.0177
1010000 FRAC0_S 0 1 -65.4371 -44271.2 7836.62 -9.67623e+06 -5.44802e+06 2.137e+06 3252.24 37.2138 -9.15084
Step FractureNumber TipNr TipActive TipX TipY TipZ KI KII KIII G Phi Psi Extension
1010101 FRAC0_S 0 1 -296.316 -44102.6 8011.01 -2.8518e+06 -7.14405e+06 304531 4560.29 63.4271 -2.27723
1010101 FRAC0_S 0 1 -527.432 -44110.6 8250.64 -3.19206e+06 -9.94677e+06 -1.04591e+06 8961.88 63.7516 5.57192
1010101 FRAC0_S 0 1 -709.55 -44202.4 8514.55 -4.08551e+06 -8.92383e+06 -2.40268e+06 7864.05 57.5941 11.3579
1010101 FRAC0_S 0 1 -824.919 -44372 8779.41 -7.87966e+06 -9.36945e+06 -4.22299e+06 10194.5 47.7613 14.0641
1010101 FRAC0_S 0 1 -862.653 -44607.5 9017.84 -8.57439e+06 -4.5957e+06 -4.71549e+06 4839.42 31.3513 18.2707
1010101 FRAC0_S 0 1 -816.504 -44887.5 9202.3 -6.41354e+06 5916.15 -3.60322e+06 1726.77 -0.0826143 23.7764
1010101 FRAC0_S 0 1 -685.87 -45178.8 9314.53 -7.69586e+06 4.89243e+06 -4.64287e+06 4999.9 -34.107 18.621
1010101 FRAC0_S 0 1 -484.253 -45446.9 9347.18 -5.62864e+06 7.55228e+06 -3.83367e+06 7037.27 -48.3504 15.8994
1010101 FRAC0_S 0 1 -236.287 -45666.6 9298.81 -3.28626e+06 8.61005e+06 -2.17828e+06 7237.06 -59.448 11.2813
1010101 FRAC0_S 0 1 30.949 -45820.5 9173.48 -1.65653e+06 7.08253e+06 -600838 4517.96 -65.911 4.8812
1010101 FRAC0_S 0 1 293.436 -45896.8 8984.47 -2.07149e+06 7.35649e+06 449145 4849.28 -65.4411 -3.47867
1010101 FRAC0_S 0 1 528.816 -45889.3 8749.69 -3.25635e+06 9.40215e+06 1.25535e+06 8086.96 -62.6399 -6.76879
1010101 FRAC0_S 0 1 712.486 -45797.5 8487.24 -3.52809e+06 5.91455e+06 1.50349e+06 3417.88 -55.2094 -10.091
1010101 FRAC0_S 0 1 825.674 -45628.1 8221 -5.16299e+06 4.79223e+06 1.92324e+06 2538.4 -45.088 -11.7639
1010101 FRAC0_S 0 1 858.81 -45395.6 7979.28 -6.97968e+06 4.22049e+06 3.04005e+06 2816.44 -35.3441 -15.1477
1010101 FRAC0_S 0 1 807.393 -45121.3 7788.18 -8.46897e+06 2.1611e+06 3.61125e+06 2150.64 -19.6329 -17.657
1010101 FRAC0_S 0 1 675.455 -44832.6 7669.26 -8.84523e+06 -1.02142e+06 3.83046e+06 2044.4 10.0508 -19.2322
1010101 FRAC0_S 0 1 475.689 -44561.4 7634.44 -8.11452e+06 -3.97668e+06 3.49408e+06 3032.93 31.1645 -15.8283
1010101 FRAC0_S 0 1 229.568 -44336.9 7685.96 -5.88192e+06 -6.22216e+06 2.44008e+06 4241.8 47.082 -12.1573
1010101 FRAC0_S 0 1 -36.3358 -44179.8 7816.63 -4.30539e+06 -9.45329e+06 2.06433e+06 8530.06 58.6561 -9.61451