
Step FractureNumber TipNr TipActive TipX TipY TipZ KI KII KIII G Phi Psi Extension
1010000 FRAC0_S 0 1 15806.4 29592.3 8101.29 5.0627e+06 -4.56437e+06 5.05476e+06 7538.67 36.7585 -22.9428
1010000 FRAC0_S 0 1 15768.6 29827.2 7904.19 2.83148e+06 -9.78986e+06 7.00915e+06 15788.9 52.4094 -23.6431
1010000 FRAC0_S 0 1 15655.5 30079.1 7765.4 891902 -1.46263e+07 5.95908e+06 23856.9 62.8773 -19.1014
1010000 FRAC0_S 0 1 15478.3 30323.3 7698.53 -1.14927e+06 -1.44339e+07 2.60824e+06 19469.8 67.0135 -10.505
1010000 FRAC0_S 0 1 15254.1 30535.8 7710.12 -1.30223e+06 -1.34309e+07 -644349 16129.8 68.8783 3.21042
1010000 FRAC0_S 0 1 15005.2 30695.8 7799.02 111125 -1.52489e+07 -4.6908e+06 23648.4 65.9852 16.4416
1010000 FRAC0_S 0 1 14755.7 30787.8 7956.53 3.59814e+06 -8.10869e+06 -6.84295e+06 13240.6 47.8225 24.2831
1010000 FRAC0_S 0 1 14530.2 30802.5 8167.25 8.79486e+06 32390.7 -6.5586e+06 12613.7 -0.294422 27.253
1010000 FRAC0_S 0 1 14350.7 30738.8 8410.54 1.13731e+07 3.88716e+06 -5.19266e+06 16458.8 -24.0791 17.6758
1010000 FRAC0_S 0 1 14234.6 30602.7 8662.59 -1.47302e+07 -2.08637e+06 -5.804e+06 4868.18 12.3172 17.8408
1010000 FRAC0_S 0 1 14193.6 30407.7 8898.71 2.10547e+07 9.34316e+06 2.33641e+06 48007.3 -34.2567 -5.39915
1010000 FRAC0_S 0 1 14231.4 30172.8 9095.81 2.20504e+07 6.59411e+06 5.36164e+06 51025.4 -24.5152 -11.4777
1010000 FRAC0_S 0 1 14344.5 29920.9 9234.6 2.35246e+07 2.07734e+06 7.6863e+06 57556.1 -8.46406 -16.2509
1010000 FRAC0_S 0 1 14521.7 29676.7 9301.47 2.22193e+07 -1.39067e+06 7.04148e+06 50760 6.20776 -16.1772
1010000 FRAC0_S 0 1 14745.9 29464.2 9289.88 2.197e+07 -4.16005e+06 6.35234e+06 49920.8 16.7818 -13.9918
1010000 FRAC0_S 0 1 14994.8 29304.2 9200.98 2.07184e+07 -4.98421e+06 4.83585e+06 43574.4 20.9849 -11.524
1010000 FRAC0_S 0 1 15244.3 29212.2 9043.47 1.91589e+07 -4.61028e+06 4.08693e+06 36824.4 21.2531 -10.7335
1010000 FRAC0_S 0 1 15469.8 29197.5 8832.75 1.94752e+07 -3.98545e+06 4.98034e+06 38512.3 18.2437 -12.6468
1010000 FRAC0_S 0 1 15649.3 29261.2 8589.46 1.13009e+07 -2.59805e+06 3.13359e+06 13287.7 19.7261 -13.2332
1010000 FRAC0_S 0 1 15767.2 29401.1 8331.68 7.63866e+06 -2.92584e+06 5.23044e+06 9600.87 23.5315 -22.2107
Step FractureNumber TipNr TipActive TipX TipY TipZ KI KII KIII G Phi Psi Extension
1010101 FRAC0_S 0 1 15903.2 29593.6 8106.61 8.68933e+06 -1.85583e+06 6.72618e+06 13052.2 14.235 -25.3715
1010101 FRAC0_S 0 1 15860.5 29859 7913.58 9.80162e+06 -2.79482e+06 5.61302e+06 13447.3 19.8385 -20.9078
1010101 FRAC0_S 0 1 15737.6 30131.9 7781.75 1.02298e+07 -2.3962e+06 3.14755e+06 11154.5 19.6524 -14.2506
1010101 FRAC0_S 0 1 15550.4 30388.3 7719.89 1.21711e+07 -6.34047e+06 2.29205e+06 17481.4 36.1666 -8.19312
1010101 FRAC0_S 0 1 15317 30609.2 7733.96 1.07679e+07 -1.8926e+06 -1.10553e+06 10813.9 17.9245 6.05124
1010101 FRAC0_S 0 1 15054 30778.9 7818.66 9.62283e+06 -536111 -3.24749e+06 9679.73 5.48654 16.9579
1010101 FRAC0_S 0 1 14770.1 30876.4 7956.92 4.82682e+06 -4.88604e+06 -3.83225e+06 6156.71 41.3928 19.4266
1010101 FRAC0_S 0 1 14491.9 30878.3 8143.77 6.78077e+06 -1.57309e+07 -1.67118e+07 63293.3 44.8889 27.2426
1010101 FRAC0_S 0 1 14281.1 30799.4 8393.24 1.20185e+07 2.65227e+06 -4.4678e+06 16153.2 -18.0572 16.4103
1010101 FRAC0_S 0 1 14157.1 30650.3 8669.04 1.66684e+07 5.49777e+06 -373498 27469.8 -29.9836 1.28345
1010101 FRAC0_S 0 1 14104 30424.5 8913.98 2.04277e+07 1.13572e+06 4.86825e+06 40451.8 -5.88629 -13.2468
1010101 FRAC0_S 0 1 14140.5 30165 9127.76 2.18443e+07 -3.83378e+06 5.57355e+06 47962.1 16.121 -12.8613
1010101 FRAC0_S 0 1 14273.3 29904 9296.59 2.34197e+07 -3.21626e+06 7.7078e+06 57698.5 12.497 -15.8434
1010101 FRAC0_S 0 1 14480.3 29650.7 9384.5 2.43768e+07 -729186 7.51805e+06 60516.6 3.09419 -16.2222
1010101 FRAC0_S 0 1 14736.4 29428.8 9379.96 372369 -5.07981e+06 2.38027e+06 3065.33 61.3543 -20.6564
1010101 FRAC0_S 0 1 15013.9 29259.5 9285.82 2.35931e+07 4.85074e+06 6.08765e+06 56627.3 -18.2849 -12.7252
1010101 FRAC0_S 0 1 15287.1 29159.5 9113.83 1.65437e+07 -282533 2.44065e+06 25188.4 2.03793 -9.35116
1010101 FRAC0_S 0 1 15532.7 29141.8 8882.84 1.90112e+07 -911784 2.45477e+06 33082.2 5.5881 -8.15926
1010101 FRAC0_S 0 1 15729.4 29212.7 8617.97 1.55584e+07 663601 3.28331e+06 23043.4 -4.68199 -12.1946
1010101 FRAC0_S 0 1 15857.7 29368.4 8348.95 1.2166e+07 958400 4.39345e+06 15838.4 -7.44986 -17.4866