
Step FractureNumber TipNr TipActive TipX TipY TipZ KI KII KIII G Phi Psi Extension
1010000 FRAC0_S 0 1 -45000 -14017.8 8603.45 -4.46548e+06 -1.22955e+06 971092 260.138 23.4412 -10.6624
1010000 FRAC0_S 0 1 -45000 -14097.8 8901.92 -4.94963e+06 -1.78249e+06 615803 333.561 29.8425 -6.30512
1010000 FRAC0_S 0 1 -45000 -14266.1 9161.05 -4.42981e+06 -1.48999e+06 90977.2 198.93 30.4027 -1.17302
1010000 FRAC0_S 0 1 -45000 -14506.3 9355.47 -5.67159e+06 -1.9778e+06 -327592 362.845 30.4082 3.14758
1010000 FRAC0_S 0 1 -45000 -14794.9 9466.15 -4.60794e+06 -1.30619e+06 -653975 208.915 25.0732 7.43917
1010000 FRAC0_S 0 1 -45000 -15103.5 9482.25 -5.62357e+06 -901826 -1.57244e+06 401.323 14.7231 13.9017
1010000 FRAC0_S 0 1 -45000 -15401.9 9402.21 -5.64877e+06 -666204 -1.25907e+06 250.39 11.7727 12.0544
1010000 FRAC0_S 0 1 -45000 -15651 9242.87 -4.81816e+06 884713 -1.76434e+06 483.765 -15.6045 16.5874
1010000 FRAC0_S 0 1 -45000 -15855.5 8993.66 -5.33648e+06 398886 -1.36012e+06 260.219 -7.64914 13.7391
1010000 FRAC0_S 0 1 -45000 -15966.1 8705.15 -4.94649e+06 884124 -1.29372e+06 292.259 -16.2958 13.076
1010000 FRAC0_S 0 1 -45000 -15982.2 8396.55 -5.12707e+06 1.39991e+06 -1.28946e+06 395.773 -22.8284 11.9694
1010000 FRAC0_S 0 1 -45000 -15902.2 8098.08 -4.98661e+06 1.9612e+06 -984466 471.646 -30.335 9.17219
1010000 FRAC0_S 0 1 -45000 -15733.9 7838.95 -3.87061e+06 1.56997e+06 -815514 308.093 -30.7248 9.60695
1010000 FRAC0_S 0 1 -45000 -15493.7 7644.53 -4.44939e+06 2.3634e+06 -86740 498.74 -39.7427 0.975389
1010000 FRAC0_S 0 1 -45000 -15205.1 7533.85 -3.05691e+06 1.6635e+06 -580142 291.353 -37.0425 8.14174
1010000 FRAC0_S 0 1 -45000 -14896.5 7517.75 -4.31769e+06 2.15959e+06 918290 527.748 -34.9127 -9.17628
1010000 FRAC0_S 0 1 -45000 -14598.1 7597.79 -4.27475e+06 1.5205e+06 1.22951e+06 407.069 -27.0233 -12.641
1010000 FRAC0_S 0 1 -45000 -14339 7766.15 -4.40009e+06 839790 1.53426e+06 375.919 -16.28 -15.9732
1010000 FRAC0_S 0 1 -45000 -14144.5 8006.34 -3.87574e+06 -34578.3 1.37541e+06 251.711 0.912861 -18.0621
1010000 FRAC0_S 0 1 -45000 -14033.9 8294.85 -4.77121e+06 -1.24172e+06 1.48789e+06 431.834 21.2579 -14.1739
Step FractureNumber TipNr TipActive TipX TipY TipZ KI KII KIII G Phi Psi Extension
1010101 FRAC0_S 0 1 -44958.6 -13929.6 8612.24 -3.03687e+06 -2.85149e+06 906907 833.941 46.4218 -9.82222
1010101 FRAC0_S 0 1 -44952.5 -14019.3 8936.4 -3.63213e+06 -4.35862e+06 496299 1725.64 53.4364 -4.44838
1010101 FRAC0_S 0 1 -44949.6 -14203.5 9217.41 -3.62729e+06 -4.57823e+06 14069.5 1867.79 56.262 -0.133416
1010101 FRAC0_S 0 1 -44951.4 -14464.1 9429.4 -3.92852e+06 -4.44122e+06 -537094 1796.01 52.404 4.58351
1010101 FRAC0_S 0 1 -44959.8 -14777.2 9553.17 -4.85557e+06 -3.89732e+06 -1.01815e+06 1491.37 44.7045 7.76936
1010101 FRAC0_S 0 1 -44971.6 -15113.7 9574.85 -5.18914e+06 -2.81915e+06 -1.26596e+06 921.363 36.0886 10.0323
1010101 FRAC0_S 0 1 -44990.2 -15440.5 9488.86 -5.53203e+06 -1.25922e+06 -1.66979e+06 512.124 19.2851 14.108
1010101 FRAC0_S 0 1 -45011.7 -15724.7 9304.38 -6.21424e+06 664111 -1.92342e+06 531.341 -10.1648 15.4692
1010101 FRAC0_S 0 1 -45020.4 -15938 9041.3 -5.16642e+06 1.53994e+06 -1.39627e+06 470.608 -24.0791 12.4612
1010101 FRAC0_S 0 1 -45027.1 -16057.5 8725.08 -4.66532e+06 2.49691e+06 -1.43739e+06 830.353 -34.7479 12.1154
1010101 FRAC0_S 0 1 -45039.1 -16071.3 8387.92 -4.29164e+06 3.45526e+06 -1.33155e+06 1299.68 -43.1441 10.7305
1010101 FRAC0_S 0 1 -45047.7 -15980.5 8063.72 -2.96316e+06 3.76418e+06 -786431 1344.86 -52.5679 7.80239
1010101 FRAC0_S 0 1 -45054.2 -15795.1 7784.75 -2.53923e+06 4.5706e+06 -395410 1882.33 -59.2977 4.0178
1010101 FRAC0_S 0 1 -45059.8 -15533 7577.33 -1.48014e+06 3.11379e+06 -91023.8 865.082 -62.1272 1.503
1010101 FRAC0_S 0 1 -45060.4 -15220.9 7457.77 -1.31664e+06 2.79502e+06 352265 712.644 -60.2158 -5.94976
1010101 FRAC0_S 0 1 -45055 -14887.4 7437.11 -1.99613e+06 3.1836e+06 717230 971.574 -55.1797 -8.99874
1010101 FRAC0_S 0 1 -45044 -14561.8 7518.89 -2.99363e+06 3.26517e+06 1.32831e+06 1184.7 -47.2856 -12.6443
1010101 FRAC0_S 0 1 -45024.9 -14276.1 7697.65 -4.11499e+06 1.95148e+06 1.74745e+06 745.483 -30.5981 -15.793
1010101 FRAC0_S 0 1 -44997.1 -14062.4 7958.68 -4.57461e+06 -132664 1.95756e+06 511.228 2.75897 -20.0629
1010101 FRAC0_S 0 1 -44971.5 -13943.8 8275.09 -4.5013e+06 -2.39094e+06 1.68421e+06 886.671 33.5889 -14.0448