
Step FractureNumber TipNr TipActive TipX TipY TipZ KI KII KIII G Phi Psi Extension
1010000 FRAC0_S 0 1 14556.6 -29194.9 8138.34 4.38826e+06 3.27166e+06 -670420 2729.56 -44.1865 6.06365
1010000 FRAC0_S 0 1 14370.1 -29248.9 8378.78 4.43003e+06 2.19133e+06 58603.6 2177.15 -38.3934 -0.681758
1010000 FRAC0_S 0 1 14245.4 -29376.4 8631.08 5.44836e+06 -1.49855e+07 -1.08686e+07 38366.8 50.9796 23.1042
1010000 FRAC0_S 0 1 14194.4 -29565 8870.55 4.23322e+06 -384779 -90850 1611.16 10.9726 1.4926
1010000 FRAC0_S 0 1 14222.3 -29796.1 9073.76 3.8736e+06 -1.04765e+06 -787607 1517.38 23.3344 10.1329
1010000 FRAC0_S 0 1 14326.4 -30047.2 9220.8 3.66543e+06 -881999 -1.61414e+06 1613.07 18.606 18.1688
1010000 FRAC0_S 0 1 14496.4 -30293.7 9297.28 3.32046e+06 -363199 -2.0758e+06 1567.33 8.5502 23.8258
1010000 FRAC0_S 0 1 14715.7 -30511.4 9295.72 3.10152e+06 621080 -2.0173e+06 1432.8 -14.329 23.3371
1010000 FRAC0_S 0 1 14962.8 -30679 9216.27 3.06058e+06 1.17577e+06 -1.46944e+06 1245.08 -25.8769 17.899
1010000 FRAC0_S 0 1 15213.6 -30780.2 9066.7 3.6379e+06 617352 -645029 1268.61 -16.5266 9.69543
1010000 FRAC0_S 0 1 15443.4 -30805.1 8861.66 3.67166e+06 -377391 -331112 1228.57 11.5426 5.70773
1010000 FRAC0_S 0 1 15629.9 -30751.1 8621.22 4.96163e+06 -2.80622e+06 -344549 2911.2 40.0523 3.25328
1010000 FRAC0_S 0 1 15754.6 -30623.6 8368.92 3.22883e+06 -9.85505e+06 -6.58391e+06 15348.8 52.5752 22.4129
1010000 FRAC0_S 0 1 15805.6 -30435 8129.45 4.95863e+06 -2.81041e+06 -2.30416e+06 3600.99 33.611 16.1152
1010000 FRAC0_S 0 1 15777.7 -30203.9 7926.24 4.97538e+06 -1.91974e+06 -3.3733e+06 4047.71 23.7272 22.0626
1010000 FRAC0_S 0 1 15673.6 -29952.8 7779.2 3.83906e+06 -502401 -3.0233e+06 2551.5 9.2246 26.4586
1010000 FRAC0_S 0 1 15503.6 -29706.3 7702.72 4.93925e+06 930399 -3.90154e+06 4275.6 -12.696 25.8833
1010000 FRAC0_S 0 1 15284.3 -29488.6 7704.28 4.66931e+06 2.30383e+06 -3.33552e+06 3895.5 -27.7918 21.7831
1010000 FRAC0_S 0 1 15037.2 -29321 7783.73 3.20484e+06 2.51416e+06 -2.02512e+06 2023.96 -38.0736 18.1407
1010000 FRAC0_S 0 1 14786.4 -29219.8 7933.3 4.53155e+06 3.47509e+06 -1.64855e+06 3267.44 -41.3208 12.3558
Step FractureNumber TipNr TipActive TipX TipY TipZ KI KII KIII G Phi Psi Extension
1010101 FRAC0_S 0 1 14485.3 -29174.6 8073.41 7.54219e+06 -1.22161e+07 -9.95707e+06 31553.3 45.7242 22.4311
1010101 FRAC0_S 0 1 14308.3 -29211.3 8352.72 5.1523e+06 100770 -862860 2465.46 -2.28773 10.3477
1010101 FRAC0_S 0 1 14204.9 -29314.6 8658.28 1.4785e+06 -118357 4.28792e+06 2641.41 2.78742 -39.3139
1010101 FRAC0_S 0 1 14146.7 -29506.2 8926.82 4.47751e+06 1.17246e+06 515808 1944.37 -24.0907 -6.29426
1010101 FRAC0_S 0 1 14168.8 -29758.1 9145.71 6.08507e+06 304862 -2.54229e+06 4167.46 -4.69674 19.5271
1010101 FRAC0_S 0 1 14280.4 -30035 9305.74 4.44396e+06 -281105 -1.48126e+06 2058.67 6.19747 16.7364
1010101 FRAC0_S 0 1 14453.4 -30316.7 9379.32 4.11221e+06 -490645 -1.75079e+06 1936 10.3937 18.9877
1010101 FRAC0_S 0 1 14677 -30570.6 9359.72 -1.62544e+07 -1.47228e+07 -1.05222e+07 34040.8 40.8576 17.6554
1010101 FRAC0_S 0 1 14939 -30761.8 9261.89 4.72449e+06 3.2526e+06 -3.60338e+06 4658.65 -33.7996 21.0754
1010101 FRAC0_S 0 1 15222.4 -30865.2 9107.87 3.64236e+06 52410.3 -965017 1306.31 -1.56577 14.7381
1010101 FRAC0_S 0 1 15493.7 -30867.6 8906.67 -1.86191e+06 -1.33377e+07 -6.51966e+06 21505.4 59.5754 20.4404
1010101 FRAC0_S 0 1 15709.7 -30776.9 8665.81 3.57593e+06 -4.50036e+06 -4.27008e+06 5369.31 41.7306 23.0295
1010101 FRAC0_S 0 1 15847.2 -30626.3 8399.63 5.23163e+06 857958 -743491 2578.05 -16.4748 8.09631
1010101 FRAC0_S 0 1 15902.4 -30434.4 8131.76 6.52465e+06 192821 -1.99214e+06 4324.64 -3.06514 16.1144
1010101 FRAC0_S 0 1 15869.5 -30199.5 7895.75 6.35185e+06 -428202 -3.81524e+06 5547.54 5.54368 23.808
1010101 FRAC0_S 0 1 15745 -29940.7 7717.46 6.03672e+06 -269390 -3.9963e+06 5377.88 3.61289 25.2908
1010101 FRAC0_S 0 1 15526 -29675 7613.25 9.70342e+06 -2.35256e+06 -1.05315e+07 23634.8 13.8221 29.1939
1010101 FRAC0_S 0 1 15284.7 -29470.5 7609.15 5.38079e+06 -448022 -2.99676e+06 3792.3 6.92659 22.6804
1010101 FRAC0_S 0 1 15006.9 -29301.7 7692.54 5.94297e+06 -250883 -2.9909e+06 4342.63 3.77188 21.9004
1010101 FRAC0_S 0 1 14733 -29200 7852.89 1.98104e+07 6.48439e+06 -9.81947e+06 51542.5 -22.8805 18.7685