
Step FractureNumber TipNr TipActive TipX TipY TipZ KI KII KIII G Phi Psi Extension
1010000 FRAC0_S 0 1 30000 -29019.2 8617.02 -8.14109e+06 7.27355e+06 126137 4716.44 -50.1905 -0.630914
1010000 FRAC0_S 0 1 30000 -29103.5 8914.36 -6.3032e+06 4.65881e+06 637557 1988.15 -44.9373 -4.18749
1010000 FRAC0_S 0 1 30000 -29275.4 9171.13 -8.43586e+06 6.09465e+06 3.23115e+06 4698.54 -39.797 -13.0974
1010000 FRAC0_S 0 1 30000 -29518.2 9362.22 -9.10783e+06 4.72253e+06 4.48013e+06 4656.88 -31.4516 -17.1091
1010000 FRAC0_S 0 1 30000 -29808.3 9468.89 -9.03275e+06 1.55238e+06 5.23258e+06 3856.27 -13.0657 -22.1915
1010000 FRAC0_S 0 1 30000 -30117.1 9480.74 -7.2983e+06 -152718 4.41702e+06 2596.92 1.78993 -24.4588
1010000 FRAC0_S 0 1 30000 -30414.4 9396.57 -8.87863e+06 -2.24595e+06 5.12733e+06 3946 18.0106 -21.3236
1010000 FRAC0_S 0 1 30000 -30671.2 9224.65 -7.6518e+06 -3.18245e+06 3.33148e+06 2378.64 27.9192 -16.5187
1010000 FRAC0_S 0 1 30000 -30862.2 8981.79 -8.27902e+06 -5.5943e+06 3.01018e+06 3993.95 38.7033 -12.8577
1010000 FRAC0_S 0 1 30000 -30968.9 8691.77 -7.76544e+06 -6.45467e+06 1.73507e+06 4112.96 45.1808 -8.09197
1010000 FRAC0_S 0 1 30000 -30980.8 8382.98 -7.52328e+06 -6.70456e+06 456527 4033.32 49.3285 -2.39307
1010000 FRAC0_S 0 1 30000 -30896.5 8085.64 -7.53992e+06 -6.62293e+06 -855873 4006.08 48.1246 4.33782
1010000 FRAC0_S 0 1 30000 -30724.6 7828.87 -5.30353e+06 -4.2819e+06 -1.47664e+06 1923.8 43.703 9.82396
1010000 FRAC0_S 0 1 30000 -30481.8 7637.78 -7.01987e+06 -4.53564e+06 -3.12827e+06 3134.72 36.5655 15.1195
1010000 FRAC0_S 0 1 30000 -30191.7 7531.11 -7.68379e+06 -3.14999e+06 -4.37467e+06 3429.51 25.994 19.706
1010000 FRAC0_S 0 1 30000 -29882.9 7519.26 -6.83906e+06 -775903 -4.34881e+06 2568.96 8.78519 23.9925
1010000 FRAC0_S 0 1 30000 -29585.6 7603.43 -5.74736e+06 457451 -3.2983e+06 1465.52 -6.57697 23.0967
1010000 FRAC0_S 0 1 30000 -29328.8 7775.35 -6.43731e+06 3.26386e+06 -4.00599e+06 3083.65 -29.367 19.9773
1010000 FRAC0_S 0 1 30000 -29137.8 8018.21 -8.457e+06 6.81997e+06 -3.76775e+06 6032.74 -41.1578 14.1397
1010000 FRAC0_S 0 1 30000 -29031.1 8308.23 -6.80928e+06 5.97574e+06 -1.67056e+06 3553.24 -45.9119 8.57337
Step FractureNumber TipNr TipActive TipX TipY TipZ KI KII KIII G Phi Psi Extension
1010101 FRAC0_S 0 1 29926 -28954.4 8624.87 790481 8.3144e+06 55998.1 6216.21 -69.4023 -0.475561
1010101 FRAC0_S 0 1 29929.5 -29041.3 8944.16 -673706 8.62136e+06 1.39463e+06 6882.04 -67.3794 -9.61455
1010101 FRAC0_S 0 1 29937.3 -29220.7 9223.28 -2.01724e+06 7.15662e+06 2.60373e+06 5465.63 -59.2242 -15.631
1010101 FRAC0_S 0 1 29952.3 -29478.6 9436.39 -4.62349e+06 6.48119e+06 3.91751e+06 5784.27 -47.3718 -18.0967
1010101 FRAC0_S 0 1 29976.5 -29791.3 9560.1 -6.13796e+06 3.23909e+06 3.65433e+06 2711.02 -30.4737 -19.2781
1010101 FRAC0_S 0 1 30003.7 -30128.2 9575.82 -8.65707e+06 -543513 5.68084e+06 4318.5 5.01983 -24.9668
1010101 FRAC0_S 0 1 30028 -30452.2 9480.75 -7.17096e+06 -4.37104e+06 4.92746e+06 4931.76 32.2257 -20.3827
1010101 FRAC0_S 0 1 30046.8 -30728.1 9288.15 -4.75854e+06 -6.74415e+06 3.80186e+06 5975.45 48.0999 -17.3399
1010101 FRAC0_S 0 1 30060.7 -30928.6 9020.44 -2.53e+06 -8.04802e+06 2.65716e+06 6710.75 59.2478 -14.3296
1010101 FRAC0_S 0 1 30070.1 -31036.7 8706.2 -1.07432e+06 -9.35611e+06 1.65925e+06 8166.56 66.4213 -10.0836
1010101 FRAC0_S 0 1 30074.3 -31045.5 8375.54 -105779 -8.00233e+06 328333 5720.69 69.8147 -2.98566
1010101 FRAC0_S 0 1 30073.5 -30956.3 8057.42 -158651 -7.59311e+06 -755485 5213.58 69.1918 6.66653
1010101 FRAC0_S 0 1 30068 -30776.1 7779.77 -1.54597e+06 -8.31536e+06 -1.84446e+06 6613.99 64.1277 11.471
1010101 FRAC0_S 0 1 30058 -30519 7568.41 -2.24885e+06 -6.65464e+06 -2.54852e+06 4810 57.716 15.7238
1010101 FRAC0_S 0 1 30040.6 -30207.3 7444.96 -4.15052e+06 -4.644e+06 -3.55086e+06 3598.76 42.7588 19.7048
1010101 FRAC0_S 0 1 30015.8 -29871.1 7425.61 -6.20185e+06 -1.78163e+06 -4.7648e+06 3302.39 18.1984 24.5433
1010101 FRAC0_S 0 1 29985.9 -29547.1 7517.82 -5.53477e+06 1.99518e+06 -4.42234e+06 2955.82 -21.4195 24.3423
1010101 FRAC0_S 0 1 29956.2 -29272.4 7711.66 -3.63618e+06 5.79861e+06 -3.75188e+06 4868.41 -48.027 19.5212
1010101 FRAC0_S 0 1 29936.9 -29073 7980.49 -874283 8.87123e+06 -2.91596e+06 8143.72 -63.7272 16.2133
1010101 FRAC0_S 0 1 29928.5 -28964.6 8294.2 -170442 8.30386e+06 -1.13088e+06 6314.59 -68.7151 8.72598