
Step FractureNumber TipNr TipActive TipX TipY TipZ KI KII KIII G Phi Psi Extension
1010000 FRAC0_S 0 1 -44369.9 -29239.4 8500 35746.4 64740.1 18719.2 0.533955 -55.3867 -11.4348
1010000 FRAC0_S 0 1 -44635.8 -29081.9 8500 27510.1 36748.5 22464.8 0.254898 -46.755 -17.9907
1010000 FRAC0_S 0 1 -44937.4 -29014.3 8500 34678.4 31104.3 37958.2 0.385005 -35.683 -24.1218
1010000 FRAC0_S 0 1 -45245.1 -29043.2 8500 31838.5 -65342.8 51160.4 0.818912 48.0863 -22.9757
1010000 FRAC0_S 0 1 -45528.7 -29165.8 8500 57337.1 54530.1 66366.4 1.14372 -36.2804 -24.4684
1010000 FRAC0_S 0 1 -45760.6 -29369.9 8500 40875.6 -122318 18983.4 1.53005 62.4427 -7.7695
1010000 FRAC0_S 0 1 -45918.1 -29635.8 8500 30306.9 -35518.2 26985.2 0.291115 43.3256 -19.8892
1010000 FRAC0_S 0 1 -45985.7 -29937.4 8500 37708.3 -61223.3 23373.4 0.533377 52.5405 -13.7012
1010000 FRAC0_S 0 1 -45956.8 -30245.1 8500 50695 -83738.9 26899.1 0.950102 53.8077 -12.0876
1010000 FRAC0_S 0 1 -45836.2 -30525.6 8500 36978.2 -76562.2 -5704.46 0.648518 61.0315 3.65586
1010000 FRAC0_S 0 1 -45630.1 -30760.6 8500 27758.6 -51129.2 -15587.6 0.333929 55.2646 11.9709
1010000 FRAC0_S 0 1 -45364.2 -30918.1 8500 42577.9 -61613.4 -35284.4 0.66541 48.185 17.6204
1010000 FRAC0_S 0 1 -45062.6 -30985.7 8500 36892.1 -41877 -46446.2 0.564466 38.9921 24.3921
1010000 FRAC0_S 0 1 -44754.9 -30956.8 8500 37488 -18601.4 -52495.6 0.522583 21.9288 29.9963
1010000 FRAC0_S 0 1 -44471.3 -30834.2 8500 38346.1 6212.23 -53994.9 0.522224 -8.54666 32.8288
1010000 FRAC0_S 0 1 -44255.9 -30649.9 8500 46459.6 41893.3 -61437.4 0.850752 -33.6797 26.4407
1010000 FRAC0_S 0 1 -44081.9 -30364.2 8500 39795.9 45245.3 -43811.6 0.578833 -40.5286 22.7059
1010000 FRAC0_S 0 1 -44014.3 -30062.6 8500 33036.4 52220.4 -22253.2 0.406118 -51.4865 14.7312
1010000 FRAC0_S 0 1 -44043.2 -29754.9 8500 30054 52847.6 -9077.2 0.340319 -57.3302 7.37627
1010000 FRAC0_S 0 1 -44165.8 -29471.3 8500 36449.9 69312.2 4384.76 0.549049 -60.3792 -3.05275
Step FractureNumber TipNr TipActive TipX TipY TipZ KI KII KIII G Phi Psi Extension
1010101 FRAC0_S 0 1 -44369.9 -29239.4 8500 35895.6 46765.2 16744.4 0.34699 -50.3704 -12.2025
1010101 FRAC0_S 0 1 -44635.8 -29081.9 8500 43645.9 20450.8 78840.4 1.03372 -18.5976 -32.9831
1010101 FRAC0_S 0 1 -44941.5 -28998.1 8518.61 144724 -147446 77391.5 4.60031 44.7139 -14.8871
1010101 FRAC0_S 0 1 -45264.1 -28993.8 8522.42 40747.6 -36622.9 20184.8 0.321661 42.6918 -14.726
1010101 FRAC0_S 0 1 -45563.3 -29108.1 8511.18 38126.5 -14644.9 53889.5 0.534886 17.9028 -30.985
1010101 FRAC0_S 0 1 -45789.2 -29338.2 8529.53 88575.6 26884.8 108033 2.31581 -15.8281 -29.9932
1010101 FRAC0_S 0 1 -45927 -29628.5 8522.16 44899.4 7318.81 7032.98 0.190994 -16.225 -8.79348
1010101 FRAC0_S 0 1 -45985.7 -29937.4 8500 37270.3 -60754.6 19678.2 0.504197 53.6135 -12.118
1010101 FRAC0_S 0 1 -45956.8 -30245.1 8500 36876.5 -65242.3 5926.53 0.505152 59.0141 -4.17919
1010101 FRAC0_S 0 1 -45834.2 -30528.7 8500 37436.6 -68183.9 -9236.11 0.55051 58.4412 6.05892
1010101 FRAC0_S 0 1 -45630.1 -30760.6 8500 35525.4 -38806.1 -127469 2.4077 24.3333 36.1026
1010101 FRAC0_S 0 1 -45364.2 -30918.1 8500 36008.4 -49836.4 -33823 0.489012 46.1634 19.4098
1010101 FRAC0_S 0 1 -45062.6 -30985.7 8500 36223.2 -33061.5 -44215.7 0.474345 34.8411 25.3779
1010101 FRAC0_S 0 1 -44754.9 -30956.8 8500 36167.5 -11748.9 -54009.1 0.516823 15.2077 32.0655
1010101 FRAC0_S 0 1 -44455.3 -30847.5 8486.14 29913.5 18669.3 -46933.3 0.40376 -24.6897 30.359
1010101 FRAC0_S 0 1 -44207.3 -30656.6 8472.27 44340.5 11362.8 -72846.8 0.892488 -11.828 33.6039
1010101 FRAC0_S 0 1 -44065.9 -30377.4 8486.14 61023.7 1955.03 -40834.1 0.553944 -2.61169 25.5751
1010101 FRAC0_S 0 1 -44014.3 -30062.6 8500 36101.9 58857.9 -20575.2 0.481144 -53.1544 12.8441
1010101 FRAC0_S 0 1 -44043.2 -29754.9 8500 35405.9 60291.6 -6507.65 0.441261 -58.2277 4.83266
1010101 FRAC0_S 0 1 -44165.8 -29471.3 8500 35263.1 63459.5 7283.33 0.476718 -58.7238 -5.20335