
Step FractureNumber TipNr TipActive TipX TipY TipZ KI KII KIII G Phi Psi Extension
1010000 FRAC0_S 0 1 44360.4 -44254.8 8394.46 578941 1.80444e+06 144963 322.806 -64.2617 -4.36366
1010000 FRAC0_S 0 1 44239.9 -44386.6 8646.69 590170 1.78935e+06 544691 355.806 -59.4569 -13.384
1010000 FRAC0_S 0 1 44193.8 -44578.4 8884.55 581570 1.34928e+06 835955 285.313 -51.6261 -20.5542
1010000 FRAC0_S 0 1 44226.7 -44811.5 9084.78 578548 930268 1.09085e+06 265.207 -41.1342 -26.9193
1010000 FRAC0_S 0 1 44335.2 -45063 9227.76 559606 363271 1.21607e+06 236.348 -21.758 -33.6791
1010000 FRAC0_S 0 1 44508.8 -45308.4 9299.51 561504 -207834 1.25326e+06 240.842 13.6467 -35.661
1010000 FRAC0_S 0 1 44730.5 -45523.6 9292.99 572190 -794494 1.17797e+06 269.976 36.8872 -29.036
1010000 FRAC0_S 0 1 44978.6 -45687.4 9208.86 397477 -919734 684807 151.829 49.5429 -22.8194
1010000 FRAC0_S 0 1 45228.8 -45784.1 9055.33 547831 -1.61703e+06 613406 309.791 57.771 -15.6128
1010000 FRAC0_S 0 1 45456.6 -45804 8847.44 608186 -1.97749e+06 269540 391.085 63.3849 -7.06931
1010000 FRAC0_S 0 1 45639.6 -45745.2 8605.54 561950 -1.83163e+06 -159210 330.462 64.4136 4.73627
1010000 FRAC0_S 0 1 45760.1 -45613.4 8353.31 595085 -1.72104e+06 -553142 336.193 58.7899 13.8105
1010000 FRAC0_S 0 1 45806.2 -45421.6 8115.45 554787 -1.32081e+06 -833305 275.239 51.6199 20.8714
1010000 FRAC0_S 0 1 45773.3 -45188.5 7915.22 558417 -882235 -1.07704e+06 251.427 40.4627 27.3284
1010000 FRAC0_S 0 1 45664.8 -44937 7772.24 595023 -345833 -1.29813e+06 266.331 19.9543 34.1302
1010000 FRAC0_S 0 1 45491.2 -44691.6 7700.49 597999 222446 -1.25878e+06 247.018 -14.1767 35.1267
1010000 FRAC0_S 0 1 45269.5 -44476.4 7707.01 579446 762821 -1.12429e+06 249.889 -36.602 28.6972
1010000 FRAC0_S 0 1 45021.4 -44312.6 7791.14 420351 871141 -655014 140.432 -48.6352 22.5107
1010000 FRAC0_S 0 1 44771.2 -44215.9 7944.67 595689 1.62156e+06 -614736 316.191 -57.2123 15.3765
1010000 FRAC0_S 0 1 44543.4 -44196 8152.56 648412 2.07231e+06 -273216 430.074 -63.3668 6.84319
Step FractureNumber TipNr TipActive TipX TipY TipZ KI KII KIII G Phi Psi Extension
1010101 FRAC0_S 0 1 44280 -44272.8 8338.74 2.57109e+06 67486.2 348422 605.615 -3.12733 -8.64939
1010101 FRAC0_S 0 1 44151.4 -44405.2 8606.16 1.82655e+06 54810.2 610200 347.086 -3.04589 -17.1234
1010101 FRAC0_S 0 1 44099.4 -44598.2 8865.11 1.56829e+06 93905 871178 320.894 -5.09323 -22.9203
1010101 FRAC0_S 0 1 44133.3 -44834.8 9094.57 1.30838e+06 82332.7 1.10194e+06 314.647 -4.54785 -28.0326
1010101 FRAC0_S 0 1 44260.4 -45086.7 9276 -95050.7 261584 515911 41.4973 -35.6798 -34.5823
1010101 FRAC0_S 0 1 44473.7 -45325.4 9382.12 905021 -279259 1.00591e+06 214.513 16.7126 -28.8629
1010101 FRAC0_S 0 1 44738.9 -45531.9 9388.12 330657 -332640 828766 110.954 27.7324 -33.1438
1010101 FRAC0_S 0 1 45018.4 -45688.4 9298.53 1.81496e+06 -359165 1.00739e+06 440.003 14.9127 -21.3892
1010101 FRAC0_S 0 1 45288 -45777.3 9134.21 1.88151e+06 -262067 479099 352.104 13.2904 -13.1475
1010101 FRAC0_S 0 1 45528 -45789.9 8915.01 2.3249e+06 -228275 85321.1 487.264 11.5884 -2.48778
1010101 FRAC0_S 0 1 45720.1 -45727.3 8661.15 1.95382e+06 -82005.1 -301751 352.88 4.82522 9.51889
1010101 FRAC0_S 0 1 45848.8 -45595.2 8393.6 1.72786e+06 -72700.6 -612184 316.353 4.15491 17.6664
1010101 FRAC0_S 0 1 45900.7 -45402.2 8134.51 2.08178e+06 -108684 -1.0262e+06 527.299 4.65038 21.5254
1010101 FRAC0_S 0 1 45866.5 -45166 7904.31 1.02575e+06 -99635.3 -897471 201.768 6.72585 28.1102
1010101 FRAC0_S 0 1 45739.1 -44914.4 7722.41 1.8223e+06 137662 -1.5773e+06 628.493 -5.34244 28.2194
1010101 FRAC0_S 0 1 45525.8 -44675.1 7617.07 1.10293e+06 131190 -1.26873e+06 324.018 -7.14594 31.0596
1010101 FRAC0_S 0 1 45261.3 -44467.7 7611.72 1.372e+06 269811 -1.19096e+06 362.873 -12.6994 26.96
1010101 FRAC0_S 0 1 44982 -44310.5 7701.3 1.90719e+06 393168 -943864 456.387 -15.9385 19.8998
1010101 FRAC0_S 0 1 44712.1 -44221.8 7865.64 1.63688e+06 189439 -323185 255.85 -11.7947 10.9815
1010101 FRAC0_S 0 1 44471.9 -44209.8 8084.96 2.18955e+06 131079 -26008.7 428.826 -7.60174 0.86045