
Step FractureNumber TipNr TipActive TipX TipY TipZ KI KII KIII G Phi Psi Extension
1010000 FRAC0_S 0 1 29487.9 844.559 8500 278774 989452 2.01081e+06 631.93 -35.8714 -35.4223
1010000 FRAC0_S 0 1 29251.9 644.975 8500 1.81061e+06 -608323 1.54608e+06 643.022 19.8315 -25.3971
1010000 FRAC0_S 0 1 29089.2 382.257 8500 281281 -904134 2.03926e+06 632.984 33.7503 -36.1292
1010000 FRAC0_S 0 1 29015.7 82.121 8500 292670 -1.80991e+06 1.78731e+06 724.404 49.9856 -28.8722
1010000 FRAC0_S 0 1 29038.5 -226.054 8500 334290 -2.78587e+06 1.40832e+06 965.333 59.6344 -21.0657
1010000 FRAC0_S 0 1 29155.4 -512.101 8500 234795 -3.35878e+06 796056 1094.48 66.1396 -13.06
1010000 FRAC0_S 0 1 29355 -748.021 8500 8.21663e+06 -4.49389e+06 1.35912e+06 8061.35 37.5752 -7.22684
1010000 FRAC0_S 0 1 29617.7 -910.718 8500 2.43017e+06 -2.83437e+06 -609033 1291.47 51.2581 7.73306
1010000 FRAC0_S 0 1 29917.9 -984.268 8500 285458 -2.57869e+06 -1.34238e+06 839.476 59.5173 21.5306
1010000 FRAC0_S 0 1 30226 -961.471 8500 378318 -1.85766e+06 -1.97166e+06 837.292 48.1652 29.304
1010000 FRAC0_S 0 1 30512.1 -844.559 8500 5.98e+06 -2.46324e+06 -2.42839e+06 4511.6 28.127 15.7763
1010000 FRAC0_S 0 1 30748.1 -644.975 8500 -1.16401e+06 -405333 -2.3648e+06 758.415 13.6811 34.9621
1010000 FRAC0_S 0 1 30910.8 -382.257 8500 286896 1.17548e+06 -2.13727e+06 737.998 -38.2529 34.6785
1010000 FRAC0_S 0 1 30984.3 -82.121 8500 418872 2.12226e+06 -1.91183e+06 903.115 -50.8233 27.4055
1010000 FRAC0_S 0 1 30961.5 226.054 8500 -7.25239e+06 2.40233e+06 127045 516.416 -30.1608 -1.00749
1010000 FRAC0_S 0 1 30844.6 512.101 8500 202634 3.3669e+06 -669509 1073.43 -67.037 11.4961
1010000 FRAC0_S 0 1 30645 748.021 8500 259040 3.24214e+06 51499.2 943.01 -69.4652 -1.12374
1010000 FRAC0_S 0 1 30382.3 910.718 8500 298713 3.0445e+06 701762 899.407 -65.7177 -12.539
1010000 FRAC0_S 0 1 30082.1 984.268 8500 313843 2.67823e+06 1.31882e+06 879.282 -59.9594 -20.7739
1010000 FRAC0_S 0 1 29774 961.471 8500 301097 1.97929e+06 1.86194e+06 818.263 -50.9129 -28.393
Step FractureNumber TipNr TipActive TipX TipY TipZ KI KII KIII G Phi Psi Extension
1010101 FRAC0_S 0 1 29445.4 909.906 8459.78 1.47283e+06 435403 2.37006e+06 957.278 -13.5228 -33.0827
1010101 FRAC0_S 0 1 29186.7 701.058 8516.2 1.21145e+06 1.08346e+06 2.82789e+06 1298.98 -26.4785 -33.0016
1010101 FRAC0_S 0 1 29017.2 415.04 8555.41 3.06362e+06 -2.36707e+06 3.80305e+06 3259.25 31.2889 -26.5276
1010101 FRAC0_S 0 1 28952.3 89.946 8573.75 4.06009e+06 -648818 3.40811e+06 3051.25 10.7434 -26.9324
1010101 FRAC0_S 0 1 28989.3 -235.746 8585.16 1.88922e+06 1.66505e+06 3.50002e+06 2194.36 -29.1449 -30.5765
1010101 FRAC0_S 0 1 29112.9 -540.486 8582.55 3.87612e+06 -1.75886e+06 1.65769e+06 1979.96 29.6937 -16.025
1010101 FRAC0_S 0 1 29314.5 -797.702 8572.85 4.00402e+06 -2.61827e+06 322844 2053.37 42.8303 -3.55452
1010101 FRAC0_S 0 1 29591.7 -967.214 8575.79 3.99245e+06 -2.35114e+06 -1.48914e+06 2207.9 35.7165 13.6364
1010101 FRAC0_S 0 1 29913.5 -1040.21 8581.21 3.31212e+06 -1.55903e+06 -2.80205e+06 2238.38 25.5553 24.0829
1010101 FRAC0_S 0 1 30244.1 -1025.43 8570.58 2.21875e+06 -888248 -2.97541e+06 1686.44 18.9521 30.2594
1010101 FRAC0_S 0 1 30557.2 -914.359 8548.11 1.28589e+06 -150844 -3.12465e+06 1447.91 4.55322 37.9463
1010101 FRAC0_S 0 1 30809.6 -708.836 8509.33 1.73931e+06 194118 -2.87934e+06 1375.59 -5.53287 34.8535
1010101 FRAC0_S 0 1 30981.1 -414.629 8455.58 1.69205e+06 234848 -2.95098e+06 1418.24 -6.5781 35.1101
1010101 FRAC0_S 0 1 31054.9 -87.3979 8433.2 1.60811e+06 752477 -2.98351e+06 1464.78 -18.3249 33.2606
1010101 FRAC0_S 0 1 31027.6 239.693 8432.48 5.04862e+06 1.58156e+06 -2.95626e+06 3656.53 -21.1918 20.9153
1010101 FRAC0_S 0 1 30888 533.804 8417.99 4.07587e+06 1.37031e+06 -1.21075e+06 1842.66 -25.8525 13.0949
1010101 FRAC0_S 0 1 30668.8 775.84 8407.37 7.48055e+06 655510 331853 5039.41 -10.4181 -3.00609
1010101 FRAC0_S 0 1 30397 948.794 8409.37 6.61046e+06 999074 3.64562e+06 5750.52 -11.8757 -21.8025
1010101 FRAC0_S 0 1 30084.6 1034.04 8414.52 3.69395e+06 1.10546e+06 2.27386e+06 2012.49 -20.1704 -21.6645
1010101 FRAC0_S 0 1 29757.2 1021.96 8424.9 2.63129e+06 894121 3.01632e+06 1898.27 -17.8275 -28.9491