
Step FractureNumber TipNr TipActive TipX TipY TipZ KI KII KIII G Phi Psi Extension
1010000 FRAC0_S 0 1 -14832.6 -14400.6 7733.11 -1.94583e+06 -4.24266e+06 276489 1614.16 61.7287 -3.27548
1010000 FRAC0_S 0 1 -15084.5 -14263.2 7847.73 -1.29289e+06 -3.85566e+06 -498188 1357.73 62.9574 6.62474
1010000 FRAC0_S 0 1 -15328.3 -14197.9 8026.2 -562259 -2.82638e+06 -931754 827.315 61.6293 15.2869
1010000 FRAC0_S 0 1 -15539.8 -14211.2 8251.05 -3.65997e+06 -1.82288e+06 -839990 389.946 34.5439 9.77989
1010000 FRAC0_S 0 1 -15698.5 -14301.7 8500.26 1.49029e+06 -1.24315e+06 -685359 398.095 41.6515 14.3103
1010000 FRAC0_S 0 1 -15788.9 -14460.5 8749.45 2.90015e+06 -1.29443e+06 -728709 969.426 31.9699 10.822
1010000 FRAC0_S 0 1 -15802 -14672.2 8974.23 4.04759e+06 -1.8733e+06 -440315 1798.38 35.1577 5.24096
1010000 FRAC0_S 0 1 -15736.6 -14916 9152.58 3.26479e+06 -1.26279e+06 -443226 1118.04 31.0482 6.69257
1010000 FRAC0_S 0 1 -15599.1 -15167.9 9267.06 4.77901e+06 -1.70245e+06 -1.03645e+06 2436.32 28.1137 10.1262
1010000 FRAC0_S 0 1 -15403 -15403.5 9306.45 4.90589e+06 -1.40101e+06 -1.26144e+06 2531.22 23.5173 12.0837
1010000 FRAC0_S 0 1 -15167.4 -15599.4 9266.89 4.8315e+06 -359535 -1.53719e+06 2405.92 7.28126 16.0981
1010000 FRAC0_S 0 1 -14915.5 -15736.8 9152.27 3.18522e+06 433860 -1.10006e+06 1081.8 -12.2794 16.3891
1010000 FRAC0_S 0 1 -14671.7 -15802.1 8973.8 3.57977e+06 1.67942e+06 -933748 1509.22 -32.8178 11.0103
1010000 FRAC0_S 0 1 -14460.2 -15788.8 8748.95 2.6547e+06 2.26703e+06 -89608.6 1087.04 -49.0079 1.38418
1010000 FRAC0_S 0 1 -14301.5 -15698.3 8499.74 1.4579e+06 1.71734e+06 729384 522.963 -48.034 -13.4189
1010000 FRAC0_S 0 1 -14211.1 -15539.5 8250.55 -1.57673e+07 1.14956e+06 1.98206e+06 640.255 -8.25678 -7.81743
1010000 FRAC0_S 0 1 -14198 -15327.8 8025.77 2.46539e+06 209756 2.34419e+06 1276.41 -5.72829 -29.2306
1010000 FRAC0_S 0 1 -14263.4 -15084 7847.42 -1.41028e+06 -1.72034e+06 2.53871e+06 1120.92 36.037 -28.3109
1010000 FRAC0_S 0 1 -14400.9 -14832.1 7732.94 -2.00669e+06 -3.17534e+06 2.12035e+06 1496.43 47.6413 -19.8661
1010000 FRAC0_S 0 1 -14596.8 -14596.7 7693.55 -2.29452e+06 -4.18081e+06 1.24101e+06 1762.41 55.3045 -11.6911
Step FractureNumber TipNr TipActive TipX TipY TipZ KI KII KIII G Phi Psi Extension
1010101 FRAC0_S 0 1 -14773.6 -14321.7 7745.74 1.99564e+06 -951027 169134 439.289 36.2103 -4.1368
1010101 FRAC0_S 0 1 -15037.3 -14178.3 7868.95 2.04387e+06 -1.56431e+06 -592610 637.016 42.4269 10.3468
1010101 FRAC0_S 0 1 -15302 -14107.3 8048.55 -8.8751e+06 -9.28304e+06 1.62699e+06 8031.1 50.2771 -6.19102
1010101 FRAC0_S 0 1 -15540.9 -14116.8 8273.64 2.02494e+06 -529650 -606584 439.321 21.4917 13.752
1010101 FRAC0_S 0 1 -15718.2 -14212.3 8535.45 2.86182e+06 -56043.6 -702555 795.737 2.15041 13.8935
1010101 FRAC0_S 0 1 -15819.4 -14384.2 8803.17 3.83641e+06 386162 -428822 1349.27 -11.1404 6.91052
1010101 FRAC0_S 0 1 -15836.4 -14613.5 9045.08 5.16895e+06 1.60687e+06 -1.4499e+06 2890.53 -24.6774 12.7233
1010101 FRAC0_S 0 1 -15768.5 -14879.3 9237.83 5.71257e+06 647881 -869938 3046.02 -11.9827 8.90701
1010101 FRAC0_S 0 1 -15624.4 -15156.2 9360.98 7.05952e+06 1.32659e+06 -1.48284e+06 4890.23 -17.554 10.9748
1010101 FRAC0_S 0 1 -15419.1 -15420.9 9400.4 5.11312e+06 3.24579e+06 -1.43764e+06 3543.37 -38.7007 10.7358
1010101 FRAC0_S 0 1 -15176.8 -15650.8 9346.6 5.94862e+06 1.55645e+06 -1.28498e+06 3588.73 -22.5949 10.6973
1010101 FRAC0_S 0 1 -14920.7 -15817.5 9201.74 1.19409e+07 -1.35195e+06 -1.0164e+06 13006.1 12.6024 5.37393
1010101 FRAC0_S 0 1 -14676.4 -15897.1 8984.62 3.41188e+06 -442302 -956496 1176.43 12.2801 14.204
1010101 FRAC0_S 0 1 -14463.8 -15884.2 8726.95 3.95205e+06 -2.1436e+06 -3.63881e+06 3562.29 27.4347 24.5458
1010101 FRAC0_S 0 1 -14283.6 -15782.9 8463.18 -6.76756e+06 8.25835e+06 -946623 6196.51 -53.6721 4.50681
1010101 FRAC0_S 0 1 -14155.9 -15602.8 8209.78 1.33769e+06 854128 1.43158e+06 497.036 -29.1119 -25.666
1010101 FRAC0_S 0 1 -14119.2 -15356 7985.81 -6.66818e+06 4.26091e+06 -1.45265e+06 1898.48 -39.8883 8.69686
1010101 FRAC0_S 0 1 -14176.6 -15066.7 7821.88 -4.73761e+06 -2.3127e+06 1.94706e+06 980.825 31.3609 -15.3341
1010101 FRAC0_S 0 1 -14317.9 -14780.6 7723.5 932673 -1.57722e+06 1.65925e+06 665.352 42.9449 -25.8158
1010101 FRAC0_S 0 1 -14545 -14508.8 7696.12 1.20208e+06 -2.0927e+06 519995 554.973 55.7352 -10.0191