
Step FractureNumber TipNr TipActive TipX TipY TipZ KI KII KIII G Phi Psi Extension
1010000 FRAC0_S 0 1 37013.5 -21640.5 8500 -1.14321e+06 -5.00602e+06 1.51594e+06 2538.76 61.5756 -14.1353
1010000 FRAC0_S 0 1 36771.7 -21832.8 8500 -1.1455e+06 -5.39066e+06 -166125 2593.13 67.3192 1.91306
1010000 FRAC0_S 0 1 36601.2 -22090.5 8500 -1.13877e+06 -5.57607e+06 -916070 2882.27 64.9243 8.88811
1010000 FRAC0_S 0 1 36518.7 -22388.3 8500 -997759 -4.92436e+06 -2.11051e+06 2753.28 59.5186 18.2158
1010000 FRAC0_S 0 1 36532.2 -22697.1 8500 -850401 -3.3141e+06 -3.45457e+06 2565.95 47.6522 28.5819
1010000 FRAC0_S 0 1 36640.4 -22986.6 8500 -994078 -2.0877e+06 -3.5043e+06 2021.64 37.3445 32.1595
1010000 FRAC0_S 0 1 36832.8 -23228.4 8500 -1.07642e+06 -360964 -2.42775e+06 795.508 12.464 35.9735
1010000 FRAC0_S 0 1 37090.6 -23398.8 8500 -908539 1.53849e+06 -3.17343e+06 1550.32 -33.0772 33.5202
1010000 FRAC0_S 0 1 37388.3 -23481.3 8500 -823382 2.52638e+06 -2.89818e+06 1685.88 -45.1644 29.0807
1010000 FRAC0_S 0 1 37697.1 -23467.8 8500 -597581 2.69429e+06 -1.6176e+06 994.881 -55.7489 22.1174
1010000 FRAC0_S 0 1 37986.5 -23359.5 8500 -724090 4.31104e+06 -1.28693e+06 1876.39 -62.9171 14.5104
1010000 FRAC0_S 0 1 38228.3 -23167.2 8500 -875574 5.3406e+06 -427047 2565.85 -67.3086 4.87772
1010000 FRAC0_S 0 1 38398.8 -22909.5 8500 -718531 4.48546e+06 632727 1846.08 -66.2482 -8.06776
1010000 FRAC0_S 0 1 38481.3 -22611.7 8500 -771378 3.92792e+06 1.52335e+06 1683.48 -60.4806 -17.1173
1010000 FRAC0_S 0 1 38467.8 -22302.9 8500 -546600 2.38333e+06 1.7438e+06 910.6 -53.189 -24.5084
1010000 FRAC0_S 0 1 38359.6 -22013.4 8500 -815667 2.07405e+06 2.99852e+06 1579.14 -40.6282 -31.1629
1010000 FRAC0_S 0 1 38167.2 -21771.6 8500 -666375 425380 2.48139e+06 835.045 -15.6748 -38.2527
1010000 FRAC0_S 0 1 37909.4 -21601.2 8500 -897964 -1.07568e+06 3.74446e+06 1967.9 23.8593 -36.9267
1010000 FRAC0_S 0 1 37611.7 -21518.7 8500 -990120 -2.61352e+06 3.16925e+06 1944.54 43.5999 -29.273
1010000 FRAC0_S 0 1 37302.9 -21532.2 8500 -769373 -3.21072e+06 1.96288e+06 1431.05 55.2045 -22.1623
Step FractureNumber TipNr TipActive TipX TipY TipZ KI KII KIII G Phi Psi Extension
1010101 FRAC0_S 0 1 36991.8 -21599.3 8587.57 2.6953e+06 -1.51886e+06 504324 886.748 37.8122 -7.95986
1010101 FRAC0_S 0 1 36742 -21805.1 8590.76 2.8127e+06 -1.25338e+06 -26749.8 845.059 36.3086 0.50838
1010101 FRAC0_S 0 1 36562.2 -22073.9 8589.9 2.5527e+06 -1.30978e+06 -648135 789.403 34.7505 10.5266
1010101 FRAC0_S 0 1 36467.3 -22384.5 8584.21 622324 -1.03335e+06 -1.00924e+06 265.132 43.7615 24.8066
1010101 FRAC0_S 0 1 36469.3 -22712.2 8573.66 1.84876e+06 -1.93005e+06 -2.0486e+06 1194.68 38.6896 23.3423
1010101 FRAC0_S 0 1 36572.9 -23027.4 8554.2 764992 -1.42345e+06 -2.57075e+06 1111.67 35.6112 32.5042
1010101 FRAC0_S 0 1 36773.9 -23293.1 8512.31 270962 -227227 -2.82225e+06 1070.5 9.25279 42.4567
1010101 FRAC0_S 0 1 37054.8 -23472.4 8460.37 726844 1.23085e+06 -2.78398e+06 1212.9 -31.6246 34.4203
1010101 FRAC0_S 0 1 37378.5 -23549.2 8430.23 1.83947e+06 2.21732e+06 -2.60562e+06 1642.6 -38.8401 25.4577
1010101 FRAC0_S 0 1 37706.3 -23522.8 8418.68 1.46009e+06 932942 -650689 323.842 -36.3354 15.1667
1010101 FRAC0_S 0 1 38007.6 -23399.6 8411.75 2.22625e+06 1.2908e+06 -388603 610.204 -38.6235 7.43412
1010101 FRAC0_S 0 1 38257.3 -23194.2 8408.73 3.62211e+06 1.38489e+06 178476 1344.24 -32.397 -2.64555
1010101 FRAC0_S 0 1 38436.5 -22925.7 8409.42 2.15602e+06 803259 546730 511.472 -28.4009 -11.3609
1010101 FRAC0_S 0 1 38529.7 -22615.6 8413.59 2.17282e+06 980503 807058 592.998 -30.3703 -14.5247
1010101 FRAC0_S 0 1 38525.9 -22288.9 8421.93 461953 682370 1.16831e+06 242.045 -35.2144 -30.9825
1010101 FRAC0_S 0 1 38423.5 -21974 8440.67 726886 959610 1.62616e+06 480.845 -34.6812 -30.3375
1010101 FRAC0_S 0 1 38225.6 -21706 8480.32 133295 295818 2.68029e+06 964.85 -12.6855 -42.7155
1010101 FRAC0_S 0 1 37946.7 -21523.8 8530.71 480611 -968706 2.93191e+06 1247.49 27.5324 -37.4192
1010101 FRAC0_S 0 1 37622.3 -21447.9 8565.12 1.71801e+06 -1.93375e+06 2.45006e+06 1394.6 37.3375 -25.9988
1010101 FRAC0_S 0 1 37293.4 -21475.8 8580.29 1.56963e+06 -1.37455e+06 1.00624e+06 522.572 40.2382 -17.7268