
Step FractureNumber TipNr TipActive TipX TipY TipZ KI KII KIII G Phi Psi Extension
1010000 FRAC0_S 0 1 -22500 29251.8 7855.26 -9.94868e+06 -2.68406e+06 -6.79728e+06 6786.96 18.0038 23.2484
1010000 FRAC0_S 0 1 -22500 29487.6 7655.6 -1.35194e+07 -482864 -8.9186e+06 10599.8 2.91826 25.3539
1010000 FRAC0_S 0 1 -22500 29773.6 7538.6 -1.58943e+07 3.55186e+06 -1.00743e+07 14622.5 -15.8313 22.7754
1010000 FRAC0_S 0 1 -22500 30081.8 7515.7 -1.56961e+07 6.58401e+06 -8.13403e+06 12662.4 -27.0266 18.5002
1010000 FRAC0_S 0 1 -22500 30382 7589.16 -1.46182e+07 8.51412e+06 -5.54539e+06 10549.5 -35.3945 13.8489
1010000 FRAC0_S 0 1 -22500 30644.7 7751.78 -9.79949e+06 -110574 -5.90172e+06 4633.51 0.975614 24.516
1010000 FRAC0_S 0 1 -22500 30844.5 7987.64 -7.92673e+06 5.14519e+06 -643014 2414 -42.6696 3.58443
1010000 FRAC0_S 0 1 -22500 30961.5 8273.65 -983480 -3.21567e+06 -3.093e+06 2193.8 48.1245 27.1471
1010000 FRAC0_S 0 1 -22500 30984.3 8581.81 -45534.7 -1.39365e+06 16963.1 173.113 69.8711 -0.904166
1010000 FRAC0_S 0 1 -22500 30910.8 8881.97 2.84828e+06 -3.17249e+06 -1.05673e+06 1768.31 48.6901 10.9104
1010000 FRAC0_S 0 1 -22500 30748.2 9144.74 1.11403e+07 -1.04517e+07 -4.97253e+06 24081.9 44.2465 13.4443
1010000 FRAC0_S 0 1 -22500 30512.4 9344.4 9.12161e+06 -5.67398e+06 -4.92921e+06 13514.6 34.4797 17.4313
1010000 FRAC0_S 0 1 -22500 30226.4 9461.4 1.17513e+07 -5.11482e+06 -6.94827e+06 21057.7 26.8399 19.9487
1010000 FRAC0_S 0 1 -22500 29918.2 9484.3 1.07735e+07 -2.13442e+06 -7.34387e+06 17921.8 13.9776 23.9455
1010000 FRAC0_S 0 1 -22500 29618 9410.84 9.94838e+06 -850314 -7.31515e+06 16000.7 6.41773 26.1178
1010000 FRAC0_S 0 1 -22500 29355.3 9248.22 7.1546e+06 1.09212e+06 -5.88239e+06 9269.81 -10.4032 26.7539
1010000 FRAC0_S 0 1 -22500 29155.5 9012.36 4.234e+06 1.00875e+06 -5.05525e+06 5087.01 -13.0422 30.3376
1010000 FRAC0_S 0 1 -22500 29038.5 8726.35 -5.40259e+06 -6.07509e+06 1.17881e+06 3473.57 51.0718 -6.97858
1010000 FRAC0_S 0 1 -22500 29015.7 8418.19 -3.15889e+06 -1.56476e+06 -4.76234e+06 3234.6 21.1889 30.8416
1010000 FRAC0_S 0 1 -22500 29089.2 8118.03 -6.58911e+06 -2.52941e+06 -5.49823e+06 4590.77 22.1306 24.6711
Step FractureNumber TipNr TipActive TipX TipY TipZ KI KII KIII G Phi Psi Extension
1010101 FRAC0_S 0 1 -22473.9 29181.5 7793.92 -7.81385e+06 -4.44276e+06 -6.5561e+06 7475.52 29.1581 23.1747
1010101 FRAC0_S 0 1 -22496.5 29438.2 7573.97 -1.55283e+07 -441019 -1.15852e+07 17868.1 2.22282 26.9612
1010101 FRAC0_S 0 1 -22523.7 29751.5 7448.23 -1.40254e+07 6.80968e+06 -1.04826e+07 18746.9 -27.1318 22.4108
1010101 FRAC0_S 0 1 -22544 30087.9 7429.12 -1.08448e+07 1.36243e+07 -8.87355e+06 27013.1 -45.5184 18.421
1010101 FRAC0_S 0 1 -22539.9 30415.9 7510.45 -1.09883e+07 1.54256e+07 -5.06026e+06 24609.4 -51.8005 11.6875
1010101 FRAC0_S 0 1 -22530.6 30701 7685.57 -8.71299e+06 1.03355e+07 -2.85893e+06 10606 -50.4689 9.61706
1010101 FRAC0_S 0 1 -22514.8 30908.4 7945.8 -6.92824e+06 5.86176e+06 -705124 3127.97 -47.6037 3.98543
1010101 FRAC0_S 0 1 -22456.2 31018.2 8257.18 -2.39007e+06 -737370 -119992 50.3654 28.1797 2.83703
1010101 FRAC0_S 0 1 -22415.7 31032.9 8585.8 4.38882e+06 -389292 -1.25547e+06 1939.55 8.74151 14.8014
1010101 FRAC0_S 0 1 -22421.5 30963.4 8907.14 7.32537e+06 895284 -1.70376e+06 5239.23 -12.0598 12.418
1010101 FRAC0_S 0 1 -22432.2 30801.3 9192.12 1.12222e+07 414035 -3.86283e+06 13222.1 -3.68994 17.3901
1010101 FRAC0_S 0 1 -22442.9 30552.4 9413.04 1.18313e+07 838553 -5.09551e+06 15989.6 -6.45225 19.6573
1010101 FRAC0_S 0 1 -22457.2 30245.2 9546.62 1.29589e+07 -2.13232e+06 -4.11467e+06 17621.5 14.6805 15.1961
1010101 FRAC0_S 0 1 -22473.8 29909.7 9577.27 1.41426e+07 1.48018e+06 -7.99403e+06 26517.6 -8.49951 22.6212
1010101 FRAC0_S 0 1 -22492.8 29580.7 9499.46 1.23309e+07 1.60868e+06 -7.8546e+06 21985.2 -9.95237 23.8249
1010101 FRAC0_S 0 1 -22511.8 29292.7 9321.02 7.99054e+06 553339 -5.31596e+06 9475.36 -5.47777 25.0623
1010101 FRAC0_S 0 1 -22496.4 29082.6 9059.86 4.05494e+06 1.27561e+06 -6.05234e+06 6482.09 -14.8098 32.1436
1010101 FRAC0_S 0 1 -22457.7 28963.9 8744.26 382935 -383651 -5.17994e+06 3594.81 8.74098 42.9046
1010101 FRAC0_S 0 1 -22453 28932.6 8408.96 -1.58173e+06 -2.36517e+06 -4.78322e+06 3541.41 32.791 32.8297
1010101 FRAC0_S 0 1 -22464.4 29005.2 8082.66 -6.1619e+06 -3.20879e+06 -6.62916e+06 6762.28 25.2617 26.6525