
Step FractureNumber TipNr TipActive TipX TipY TipZ KI KII KIII G Phi Psi Extension
1010000 FRAC0_S 0 1 30000 -44020.2 8624.9 2.32598e+06 175223 152562 487.935 -8.93875 -4.37506
1010000 FRAC0_S 0 1 30000 -44106.8 8921.55 2.0036e+06 28669 518235 393.518 -1.56483 -14.4863
1010000 FRAC0_S 0 1 30000 -44280.8 9176.94 2.63399e+06 -22471.6 251651 626.703 1.07763 -6.50256
1010000 FRAC0_S 0 1 30000 -44525.1 9366.05 2.34898e+06 -92587.9 157648 495.752 4.89818 -4.60947
1010000 FRAC0_S 0 1 30000 -44816 9470.4 1.92094e+06 -93751.2 105935 331.092 6.05248 -3.81412
1010000 FRAC0_S 0 1 30000 -45124.9 9479.76 2.04869e+06 -319268 23553.8 383.162 17.4425 -0.765016
1010000 FRAC0_S 0 1 30000 -45421.5 9393.21 2.568e+06 -311024 155344 599.478 13.6146 -3.9067
1010000 FRAC0_S 0 1 30000 -45676.9 9219.22 2.1484e+06 198754 228714 421.775 -10.3856 -6.66554
1010000 FRAC0_S 0 1 30000 -45866 8974.84 2.21144e+06 -257030 -18738 441.722 13.7202 0.585759
1010000 FRAC0_S 0 1 30000 -45970.4 8683.98 2.3976e+06 -299366 -50361.8 520.569 14.4241 1.41875
1010000 FRAC0_S 0 1 30000 -45979.8 8375.1 2.41086e+06 -244897 -148906 526.221 11.6908 4.04818
1010000 FRAC0_S 0 1 30000 -45893.2 8078.45 2.13807e+06 -143214 -203926 414.71 7.83525 6.17817
1010000 FRAC0_S 0 1 30000 -45719.2 7823.06 2.24446e+06 -76476 -225387 456.177 4.14161 6.6456
1010000 FRAC0_S 0 1 30000 -45474.9 7633.95 1.94353e+06 64097.2 -407931 359.096 -3.66563 12.2312
1010000 FRAC0_S 0 1 30000 -45184 7529.6 2.13622e+06 202601 -207026 416.006 -10.698 6.12467
1010000 FRAC0_S 0 1 30000 -44875.1 7520.24 2.13304e+06 291804 -149867 416.012 -14.9677 4.42836
1010000 FRAC0_S 0 1 30000 -44578.5 7606.79 2.08947e+06 683623 -72531 431.388 -29.5932 1.96667
1010000 FRAC0_S 0 1 30000 -44323.1 7780.78 2.0441e+06 463935 -98617.1 392.807 -22.6999 2.90372
1010000 FRAC0_S 0 1 30000 -44134 8025.16 2.23451e+06 295683 81776.6 453.608 -14.9514 -2.40971
1010000 FRAC0_S 0 1 30000 -44029.6 8316.02 2.4598e+06 222685 142595 546.294 -10.6005 -3.85294
Step FractureNumber TipNr TipActive TipX TipY TipZ KI KII KIII G Phi Psi Extension
1010101 FRAC0_S 0 1 29986.9 -43924.5 8637.23 2.23134e+06 107726 335835 459.702 -5.52468 -9.27276
1010101 FRAC0_S 0 1 29995.2 -44018.9 8963.13 2.2299e+06 -170305 153166 448.801 9.02633 -4.56016
1010101 FRAC0_S 0 1 30002.4 -44209.8 9243.7 2.05475e+06 18089.4 121480 378.215 -1.14936 -4.21704
1010101 FRAC0_S 0 1 30007.4 -44478.3 9451.29 2.11396e+06 -291415 267990 415.335 14.4292 -7.48746
1010101 FRAC0_S 0 1 30014.9 -44797.8 9564.75 2.30851e+06 238661 92611.6 481.103 -12.0851 -2.69586
1010101 FRAC0_S 0 1 30023.6 -45136.7 9573.47 2.31074e+06 353698 88829 488.003 -16.8298 -2.48217
1010101 FRAC0_S 0 1 30014.8 -45462.2 9478.72 2.07592e+06 22166.7 1361.8 384.06 -1.47036 -0.0505805
1010101 FRAC0_S 0 1 30002.8 -45742.3 9288.69 2.4825e+06 -292303 33724.2 556.935 13.8125 -0.931847
1010101 FRAC0_S 0 1 30013.6 -45949.2 9020.62 2.10538e+06 -33952.1 -93106.3 396.245 2.11301 3.19568
1010101 FRAC0_S 0 1 30023.5 -46063.5 8701.58 2.21635e+06 183569 -71656 441.411 -10.0119 2.23364
1010101 FRAC0_S 0 1 30019.8 -46074.5 8362.85 1.70883e+06 90064 -101874 262.312 -6.47646 4.08573
1010101 FRAC0_S 0 1 30013.7 -45980.4 8037.13 2.20606e+06 88165.7 -201847 439.782 -4.85772 6.09174
1010101 FRAC0_S 0 1 30005.4 -45789.9 7756.44 2.13483e+06 26264.4 -224509 412.883 -1.53285 7.04831
1010101 FRAC0_S 0 1 29993.9 -45521.5 7548.97 2.10283e+06 31131.6 3271.44 394.123 -2.02443 -0.119316
1010101 FRAC0_S 0 1 29982.7 -45202.1 7435.49 1.99735e+06 -366689 -149870 370.464 18.9317 4.53279
1010101 FRAC0_S 0 1 29970.1 -44864.3 7428.53 2.48291e+06 -378686 -56230.2 562.546 16.9907 1.4909
1010101 FRAC0_S 0 1 29959.2 -44541.1 7526.72 1.71208e+06 -409635 -92788.8 277.299 23.5018 3.2103
1010101 FRAC0_S 0 1 29961.9 -44261 7715.91 2.19013e+06 -471815 -106967 448.788 21.8232 2.96401
1010101 FRAC0_S 0 1 29972.9 -44051.6 7980.56 2.28881e+06 -234427 940.164 471.714 12.3984 -0.0290476
1010101 FRAC0_S 0 1 29980.4 -43935.7 8298.38 2.65847e+06 -136411 147592 634.335 6.33986 -3.82938