
Step FractureNumber TipNr TipActive TipX TipY TipZ KI KII KIII G Phi Psi Extension
1010000 FRAC0_S 0 1 44453.8 -29177 8500 -10273.3 -341996 108507 11.9883 65.3484 -16.538
1010000 FRAC0_S 0 1 44226.3 -29386.1 8500 -10548.9 -383294 32520.3 13.2322 69.2857 -5.75736
1010000 FRAC0_S 0 1 44074.4 -29655.2 8500 -11483.7 -285236 -40368.1 7.46667 68.3437 8.86766
1010000 FRAC0_S 0 1 44013.2 -29958.1 8500 -5042.47 -321892 -125924 11.3421 64.1454 19.1375
1010000 FRAC0_S 0 1 44048.6 -30265.1 8500 2294.78 -264400 -187799 10.9206 57.7545 26.5956
1010000 FRAC0_S 0 1 44177 -30546.2 8500 23155.9 -96823.9 -119913 2.79559 45.1026 30.7437
1010000 FRAC0_S 0 1 44386.1 -30773.7 8500 4428.04 -171785 -269488 12.2904 43.5609 35.0974
1010000 FRAC0_S 0 1 44655.2 -30925.6 8500 28291 -50221.1 -191066 5.15139 23.6519 38.706
1010000 FRAC0_S 0 1 44958.1 -30986.8 8500 9254.18 171742 -194225 7.65317 -49.4143 31.533
1010000 FRAC0_S 0 1 45265.1 -30951.4 8500 -10157.1 359712 37852.6 11.7207 -69.0294 -6.95703
1010000 FRAC0_S 0 1 45546.2 -30823 8500 13264 290222 -88722.1 8.56821 -65.2669 15.9559
1010000 FRAC0_S 0 1 45773.7 -30613.9 8500 16407.6 322557 -22085 9.36016 -69.2044 4.6477
1010000 FRAC0_S 0 1 45925.6 -30344.8 8500 -3939.67 300413 104020 9.48109 -65.1078 -17.7269
1010000 FRAC0_S 0 1 45986.8 -30041.9 8500 14616 239763 89189.3 6.1996 -63.6098 -18.0247
1010000 FRAC0_S 0 1 45951.4 -29734.9 8500 19848.9 239582 173294 9.14406 -56.0546 -25.9443
1010000 FRAC0_S 0 1 45823 -29453.8 8500 10492.3 141063 204960 7.37013 -44.4351 -33.9353
1010000 FRAC0_S 0 1 45613.9 -29226.3 8500 8854.78 54424.1 248015 8.45195 -22.3368 -41.1971
1010000 FRAC0_S 0 1 45344.8 -29074.4 8500 3439.83 -66267.4 235514 7.76948 27.0961 -40.5382
1010000 FRAC0_S 0 1 45041.9 -29013.2 8500 -3745.37 -171077 214740 8.74109 47.9814 -32.9689
1010000 FRAC0_S 0 1 44746.9 -29045.2 8500 -5582.59 -267588 173098 10.3656 58.7783 -25.2897
Step FractureNumber TipNr TipActive TipX TipY TipZ KI KII KIII G Phi Psi Extension
1010101 FRAC0_S 0 1 44431.9 -29141.7 8590.21 431722 -103593 238169 25.1093 17.4946 -20.8887
1010101 FRAC0_S 0 1 44198 -29363.2 8592.72 710552 -223440 321753 63.208 22.6946 -17.819
1010101 FRAC0_S 0 1 44039.4 -29642.8 8592.36 823283 -137350 125455 64.1727 16.5853 -8.56955
1010101 FRAC0_S 0 1 43970 -29957.5 8589.38 580852 -250812 -10568.9 35.6852 35.4835 0.973601
1010101 FRAC0_S 0 1 43997.3 -30281.5 8582.5 600040 -321900 -166321 44.9966 35.2864 11.1501
1010101 FRAC0_S 0 1 44123.5 -30583.4 8573.79 452925 -337796 -312249 41.4156 36.3108 19.4369
1010101 FRAC0_S 0 1 44340.8 -30833.3 8562.19 264994 -226377 -402145 32.3328 30.9765 28.4209
1010101 FRAC0_S 0 1 44627.2 -30999 8518.3 201625 -64825.5 -415876 26.9997 12.6691 35.2817
1010101 FRAC0_S 0 1 44951.1 -31049.4 8448.71 222007 33385 -188566 9.22039 -10.132 27.1763
1010101 FRAC0_S 0 1 45275 -30993.7 8411.62 340332 63868.9 -313312 23.7406 -11.9073 27.7675
1010101 FRAC0_S 0 1 45567.1 -30854.5 8407.87 416224 94444 -289007 27.3413 -15.558 23.8793
1010101 FRAC0_S 0 1 45803.3 -30637.3 8407.87 566249 102439 -249582 37.7919 -14.7468 18.7622
1010101 FRAC0_S 0 1 45963.3 -30358.1 8408.88 683530 220458 -156570 49.2247 -26.0771 10.7959
1010101 FRAC0_S 0 1 46032.3 -30042.8 8411.8 487236 163422 -1814.47 23.5349 -30.6739 0.216655
1010101 FRAC0_S 0 1 46004.3 -29718 8418.62 516239 241409 117288 30.7708 -33.2992 -9.8631
1010101 FRAC0_S 0 1 45880.6 -29412.2 8434.75 428224 327548 299411 37.8241 -36.7134 -19.4757
1010101 FRAC0_S 0 1 45665.4 -29159.3 8474.88 198078 271192 411249 32.5435 -36.4787 -29.2315
1010101 FRAC0_S 0 1 45375.4 -28997.9 8531.84 128017 -9235.14 314031 14.5838 2.83567 -38.2978
1010101 FRAC0_S 0 1 45047.6 -28946.4 8569.91 219509 -115614 205524 11.1027 26.7372 -24.8824
1010101 FRAC0_S 0 1 44722.9 -28998.2 8584.05 273626 -91209.4 244502 15.364 19.3876 -25.9849