
Step FractureNumber TipNr TipActive TipX TipY TipZ KI KII KIII G Phi Psi Extension
1010000 FRAC0_S 0 1 -29214.5 598.84 8500 1.31777e+06 -7.82723e+06 -4.45686e+06 8255.96 57.3832 22.0149
1010000 FRAC0_S 0 1 -29438 812.246 8500 1.20683e+06 -5.77056e+06 -6.24477e+06 8283.71 47.7673 29.478
1010000 FRAC0_S 0 1 -29716.5 946.143 8500 2.1891e+07 -2.37023e+06 -7.31714e+06 50324.5 10.1138 16.3018
1010000 FRAC0_S 0 1 -30022.8 987.425 8500 1.38351e+06 647726 -8.28947e+06 9347.1 -8.51066 41.36
1010000 FRAC0_S 0 1 -30326.8 932.051 8500 1.11528e+06 4.84018e+06 -8.29131e+06 11341.6 -39.4838 34.2173
1010000 FRAC0_S 0 1 -30598.8 785.442 8500 4.08157e+07 7.48304e+06 -5.80564e+06 157923 -18.024 7.98978
1010000 FRAC0_S 0 1 -30812.2 561.948 8500 9.39311e+06 1.07651e+07 -4.52782e+06 20915.5 -47.7396 13.1963
1010000 FRAC0_S 0 1 -30946.1 283.447 8500 3.92783e+07 1.0921e+07 -1.78215e+06 148528 -26.3235 2.6354
1010000 FRAC0_S 0 1 -30987.4 -22.8005 8500 2.26602e+06 1.41067e+07 569091 18233.4 -68.0397 -2.58286
1010000 FRAC0_S 0 1 -30932.1 -326.815 8500 961384 1.28549e+07 3.26394e+06 16224.6 -65.7162 -13.7003
1010000 FRAC0_S 0 1 -30785.5 -598.84 8500 1.06346e+06 7.6004e+06 4.23573e+06 7634.52 -58.1869 -22.0541
1010000 FRAC0_S 0 1 -30562 -812.246 8500 1.33803e+06 6.64033e+06 6.98501e+06 10577.9 -48.3428 -29.22
1010000 FRAC0_S 0 1 -30283.5 -946.143 8500 1.35563e+06 3.06847e+06 8.01745e+06 9551.96 -30.2704 -36.5602
1010000 FRAC0_S 0 1 -29977.2 -987.425 8500 1.33385e+06 -536211 8.24202e+06 9218.98 7.22692 -41.6522
1010000 FRAC0_S 0 1 -29673.2 -932.051 8500 1.77235e+07 -4.03658e+06 7.24835e+06 36430.9 18.1259 -17.4295
1010000 FRAC0_S 0 1 -29401.2 -785.442 8500 -3.67338e+07 -6.31457e+06 6.02801e+06 8385.96 16.8547 -9.0828
1010000 FRAC0_S 0 1 -29187.8 -561.948 8500 1.13485e+06 -7.92267e+06 3.49979e+06 7337.14 60.4646 -19.1757
1010000 FRAC0_S 0 1 -29053.9 -283.447 8500 1.28752e+06 -9.94841e+06 1.94723e+06 9471.3 65.7856 -10.8011
1010000 FRAC0_S 0 1 -29012.6 22.8005 8500 1.53394e+06 -1.09538e+07 -357955 10918.7 68.4816 2.1479
1010000 FRAC0_S 0 1 -29067.9 326.815 8500 1.35727e+06 -9.93911e+06 -2.68592e+06 9926.45 64.1469 13.7656
Step FractureNumber TipNr TipActive TipX TipY TipZ KI KII KIII G Phi Psi Extension
1010101 FRAC0_S 0 1 -29173.3 632.607 8583.12 8.00554e+06 -1.89816e+06 -4.01805e+06 8179.25 17.787 19.7632
1010101 FRAC0_S 0 1 -29401.2 871.63 8562.47 3.66567e+06 -1.41213e+06 -2.96289e+06 2542.64 22.4282 24.2612
1010101 FRAC0_S 0 1 -29693.4 1031.83 8523.59 4.79882e+06 -2.13571e+06 -7.64498e+06 10231.8 19.0061 31.8268
1010101 FRAC0_S 0 1 -30023.2 1078.65 8481.1 3.58695e+06 -24066.4 -7.51059e+06 8648.95 0.302623 37.6249
1010101 FRAC0_S 0 1 -30354.6 1012.09 8456.77 4.57497e+06 2.93947e+06 -7.88711e+06 10908.5 -24.17 31.2896
1010101 FRAC0_S 0 1 -30647.9 851.026 8450.13 6.13445e+06 -455128 -1.82811e+06 3816.28 7.36489 15.3832
1010101 FRAC0_S 0 1 -30875.7 606.414 8444.17 6.74263e+06 4.65681e+06 -3.2669e+06 7403.11 -37.3952 15.737
1010101 FRAC0_S 0 1 -31012.2 305.657 8436.14 1.12729e+07 6.46971e+06 -1.8515e+06 15509.7 -38.5945 7.07577
1010101 FRAC0_S 0 1 -31037.3 -20.2035 8419.75 2.9277e+07 -817794 2.53149e+06 77291.8 3.46519 -5.8534
1010101 FRAC0_S 0 1 -30971.3 -341.826 8409.99 2.25895e+07 -264478 4.2528e+06 47883.1 1.3593 -11.4252
1010101 FRAC0_S 0 1 -30825.6 -631.888 8416.04 1.10571e+07 2.17936e+06 4.49627e+06 14006.5 -16.1487 -17.6559
1010101 FRAC0_S 0 1 -30597.5 -868.25 8428.79 7.75136e+06 2.28235e+06 5.7925e+06 10280.8 -18.734 -24.1278
1010101 FRAC0_S 0 1 -30304.7 -1025.97 8459.26 5.44393e+06 1.69561e+06 7.61108e+06 10601.6 -15.1683 -31.4608
1010101 FRAC0_S 0 1 -29974.3 -1080.12 8501.47 3.41852e+06 -702118 1.97221e+07 52817.3 4.06199 -41.9404
1010101 FRAC0_S 0 1 -29642.4 -1020.72 8525.95 2.56087e+06 -4.67606e+06 9.79909e+06 15303.8 33.1535 -33.9473
1010101 FRAC0_S 0 1 -29354.2 -852.928 8544.03 1.00887e+07 -8.20496e+06 9.64948e+06 27452.8 35.0729 -23.0001
1010101 FRAC0_S 0 1 -29143.2 -597.941 8573.55 9.607e+06 1.33912e+06 2.02847e+06 8931.41 -13.7038 -11.3881
1010101 FRAC0_S 0 1 -29014.9 -296.132 8590.61 8.90086e+06 -1.23868e+06 1.12612e+06 7365.15 14.547 -7.4672
1010101 FRAC0_S 0 1 -28974.2 23.8885 8591.82 1.19575e+07 1.54923e+07 -310028 34141.4 -56.3297 0.867003
1010101 FRAC0_S 0 1 -29027.5 342.412 8589.31 9.15046e+06 -1.53578e+06 -2.28991e+06 8368.85 15.589 12.737