
Step FractureNumber TipNr TipActive TipX TipY TipZ KI KII KIII G Phi Psi Extension
1010000 FRAC0_S 0 1 44163 36975.7 8500 42605.6 -6655.26 4129.7 0.167971 16.3637 -5.83578
1010000 FRAC0_S 0 1 44366 36742.6 8500 41414.3 -10199.1 2351.16 0.162841 23.959 -3.33571
1010000 FRAC0_S 0 1 44631.1 36583.8 8500 30406.6 -5277.12 3771.91 0.0867615 17.4725 -7.15512
1010000 FRAC0_S 0 1 44932.2 36514.6 8500 42256.9 -9716.77 1950.2 0.168038 22.9543 -2.77777
1010000 FRAC0_S 0 1 45240 36541.9 8500 39327.5 -59310.9 -35595.1 0.619804 48.1927 18.363
1010000 FRAC0_S 0 1 45524.3 36663 8500 33642.3 -1903.01 -6351.72 0.106544 6.21456 11.0666
1010000 FRAC0_S 0 1 45757.4 36866 8500 45531.3 -134964 -73041.1 2.51746 54.6897 19.7321
1010000 FRAC0_S 0 1 45916.2 37131.1 8500 56146.7 -147820 102579 3.62751 51.2326 -22.4058
1010000 FRAC0_S 0 1 45985.4 37432.2 8500 44682.5 2475.67 -6204.83 0.183577 -6.34436 8.62335
1010000 FRAC0_S 0 1 45958.1 37740 8500 44648.7 6302.22 -4582.1 0.183973 -14.9865 6.21122
1010000 FRAC0_S 0 1 45837 38024.3 8500 43908.7 7278.37 -2797.91 0.177563 -17.6027 3.95391
1010000 FRAC0_S 0 1 45634 38257.4 8500 58112.1 -188614 -100939 4.82613 55.3496 19.8644
1010000 FRAC0_S 0 1 45368.9 38416.2 8500 38978.8 8028.6 -997.667 0.141265 -21.4563 1.60678
1010000 FRAC0_S 0 1 45067.8 38485.4 8500 47068.8 6276.65 1517.22 0.201237 -15.1007 -2.13184
1010000 FRAC0_S 0 1 44760 38458.1 8500 42502.5 9452.87 2895.88 0.170052 -22.0481 -4.02604
1010000 FRAC0_S 0 1 44475.7 38337 8500 43723.3 5510.55 5115.21 0.17654 -13.4752 -7.04886
1010000 FRAC0_S 0 1 44242.6 38134 8500 42850.8 4324.29 5185.93 0.168866 -11.0846 -7.40156
1010000 FRAC0_S 0 1 44083.8 37868.9 8500 44345.9 -12220.6 8035.27 0.197135 23.9786 -9.19123
1010000 FRAC0_S 0 1 44016.9 37600.3 8500 44033 -4472.77 6163.59 0.179611 10.9855 -8.3745
1010000 FRAC0_S 0 1 44041.9 37260 8500 42973.4 -2362.48 5679.85 0.169349 6.33311 -8.27509
Step FractureNumber TipNr TipActive TipX TipY TipZ KI KII KIII G Phi Psi Extension
1010101 FRAC0_S 0 1 44163 36975.7 8500 34522.3 7784.55 8095.75 0.120317 -19.9529 -11.6771
1010101 FRAC0_S 0 1 44366 36742.6 8500 46165.2 5170.84 12367.9 0.21264 -10.9026 -13.8996
1010101 FRAC0_S 0 1 44631.1 36583.8 8500 22741.4 151381 -104329 3.53579 -55.4224 24.5921
1010101 FRAC0_S 0 1 44932.2 36514.6 8500 46073.2 -1527.37 23518.7 0.262932 2.97437 -22.1853
1010101 FRAC0_S 0 1 45240 36541.9 8500 34373.1 -6898.69 49962.4 0.441526 10.1859 -32.8184
1010101 FRAC0_S 0 1 45535.4 36653.7 8520.4 106499 -56601.2 154316 4.46333 22.7388 -30.121
1010101 FRAC0_S 0 1 45794 36841.6 8560.29 270648 -175168 229238 16.2508 31.6148 -22.6821
1010101 FRAC0_S 0 1 45956.3 37110.1 8559.38 300191 -140567 203550 15.3014 27.2116 -21.3482
1010101 FRAC0_S 0 1 45999.9 37426.4 8519.49 205597 -47682.9 138594 6.524 15.9987 -23.4585
1010101 FRAC0_S 0 1 45958.1 37740 8500 50655.9 -45882.5 -22547.9 0.483872 43.549 13.5856
1010101 FRAC0_S 0 1 45846.1 38035.2 8520.57 -20004.1 96375.4 -146849 3.69576 -41.8745 33.2439
1010101 FRAC0_S 0 1 45652.2 38279.1 8541.13 140222 -57182.2 -145602 4.86305 21.3939 27.1638
1010101 FRAC0_S 0 1 45378.1 38427.1 8520.57 68272.9 -52779.4 -147134 3.54283 24.841 32.8601
1010101 FRAC0_S 0 1 45067.8 38485.4 8500 43833.7 4253.12 -48849.8 0.490206 -6.00778 30.9266
1010101 FRAC0_S 0 1 44760 38458.1 8500 46193.7 20955.6 -24227.4 0.307347 -28.4249 18.3609
1010101 FRAC0_S 0 1 44475.7 38337 8500 47005.9 23951.3 -11905.4 0.266864 -34.6184 10.5255
1010101 FRAC0_S 0 1 44242.6 38134 8500 48628.9 17065.5 -473.514 0.236706 -31.4514 0.556496
1010101 FRAC0_S 0 1 44083.8 37868.9 8500 34831.4 9787.46 1317.38 0.116877 -26.6515 -2.20979
1010101 FRAC0_S 0 1 44014.6 37567.8 8500 38142.4 10812.5 4180.18 0.142383 -25.5901 -5.93208
1010101 FRAC0_S 0 1 44041.9 37260 8500 43764.1 12255.4 6779.87 0.19017 -24.6553 -8.03631