
Step FractureNumber TipNr TipActive TipX TipY TipZ KI KII KIII G Phi Psi Extension
1010000 FRAC0_S 0 1 -30000 984.872 8574.53 1.4964e+06 6.2593e+06 1.02072e+06 3829.33 -64.242 -8.62523
1010000 FRAC0_S 0 1 -30000 913.64 8875.22 1.28372e+06 4.63076e+06 1.894e+06 2534.82 -58.407 -16.9779
1010000 FRAC0_S 0 1 -30000 752.975 9139.18 -1.61094e+06 3.92104e+06 2.81283e+06 2422.32 -50.3279 -22.5424
1010000 FRAC0_S 0 1 -30000 518.603 9340.58 1.88106e+06 2.49492e+06 3.80824e+06 2798.84 -36.1732 -29.1495
1010000 FRAC0_S 0 1 -30000 233.466 9459.7 -353307 522498 3.7516e+06 1896.23 -14.9155 -41.5467
1010000 FRAC0_S 0 1 -30000 -74.5244 9484.87 1.99482e+06 -1.2996e+06 4.01618e+06 2650.34 22.6756 -32.891
1010000 FRAC0_S 0 1 -30000 -375.22 9413.64 1.9678e+06 -3.10294e+06 3.56595e+06 2894.26 41.2629 -26.5793
1010000 FRAC0_S 0 1 -30000 -639.186 9252.98 1.46671e+06 -3.48924e+06 2.1092e+06 1868.27 52.068 -20.3447
1010000 FRAC0_S 0 1 -30000 -840.583 9018.61 1.5789e+06 -5.3299e+06 1.55365e+06 3074.6 60.4082 -13.208
1010000 FRAC0_S 0 1 -30000 -959.699 8733.46 1.39254e+06 -5.98223e+06 354901 3378.54 66.4225 -3.51173
1010000 FRAC0_S 0 1 -30000 -984.872 8425.47 1.19266e+06 -6.0128e+06 -932222 3464 65.2273 8.50232
1010000 FRAC0_S 0 1 -30000 -913.64 8124.78 969354 -5.25978e+06 -2.09187e+06 3130.98 60.5259 17.5233
1010000 FRAC0_S 0 1 -30000 -752.975 7860.82 -4.10314e+06 -3.77596e+06 -2.61461e+06 2179.73 41.3129 17.3858
1010000 FRAC0_S 0 1 -30000 -518.603 7659.42 567660 -2.44426e+06 -3.70201e+06 2383.84 41.6905 32.9755
1010000 FRAC0_S 0 1 -30000 -233.466 7540.3 -3.392e+06 -784227 -3.62737e+06 1804.79 13.3624 29.1267
1010000 FRAC0_S 0 1 -30000 74.5244 7515.13 425749 1.27341e+06 -3.93275e+06 2217.7 -28.0763 38.3758
1010000 FRAC0_S 0 1 -30000 375.22 7586.36 465189 3.18922e+06 -3.56216e+06 2613.26 -48.1991 30.461
1010000 FRAC0_S 0 1 -30000 639.186 7747.02 246678 4.10821e+06 -2.73151e+06 2501.7 -57.6362 25.1627
1010000 FRAC0_S 0 1 -30000 840.583 7981.39 -2.76781e+06 5.4622e+06 -1.75988e+06 3070.58 -55.621 12.7168
1010000 FRAC0_S 0 1 -30000 959.699 8266.54 2.58415e+06 5.50692e+06 -420799 3320.97 -61.2759 3.77542
Step FractureNumber TipNr TipActive TipX TipY TipZ KI KII KIII G Phi Psi Extension
1010101 FRAC0_S 0 1 -30088.3 1030.33 8578.3 6.02419e+06 1.38143e+06 1.05945e+06 3553.21 -20.9826 -9.2452
1010101 FRAC0_S 0 1 -30084.4 960.873 8896.32 5.24109e+06 758675 1.92936e+06 2994.14 -12.7546 -17.0256
1010101 FRAC0_S 0 1 -30074.5 800.02 9181.99 4.72206e+06 737812 2.88128e+06 3139.6 -11.8359 -23.0059
1010101 FRAC0_S 0 1 -30055.2 557.672 9408.73 4.07886e+06 508569 3.77315e+06 3399.05 -8.2571 -28.4804
1010101 FRAC0_S 0 1 -30018 253.742 9546.83 3.64242e+06 117118 4.13271e+06 3455.01 -2.06212 -31.7954
1010101 FRAC0_S 0 1 -29970.6 -79.4341 9571.74 3.15462e+06 -265586 3.32876e+06 2366.8 5.40089 -30.4436
1010101 FRAC0_S 0 1 -29938.7 -384.924 9490.64 4.72057e+06 -679169 3.59973e+06 3750.23 10.1668 -25.9197
1010101 FRAC0_S 0 1 -29922.3 -676.722 9300.27 5.35839e+06 -775565 2.5713e+06 3491.49 11.9172 -20.16
1010101 FRAC0_S 0 1 -29913.9 -881.258 9045.65 3.36528e+06 -2.61172e+06 2.39625e+06 2380.7 36.8575 -19.6193
1010101 FRAC0_S 0 1 -29909.8 -1000.08 8743.89 7.13128e+06 -917794 653066 4663.49 13.9868 -5.66778
1010101 FRAC0_S 0 1 -29910 -1026.86 8421.59 6.18729e+06 -614393 -914628 3556.26 10.7034 8.78183
1010101 FRAC0_S 0 1 -29917.3 -961.16 8102.49 3.53922e+06 -3.15453e+06 -2.78344e+06 3033.36 38.8442 20.0619
1010101 FRAC0_S 0 1 -29928.6 -802.786 7815.95 3.29373e+06 -1.28379e+06 -2.37877e+06 1866.17 23.453 22.8139
1010101 FRAC0_S 0 1 -29944.5 -558.272 7591.85 80216.9 -2.14941e+06 -3.90512e+06 2440.5 40.4583 36.2797
1010101 FRAC0_S 0 1 -29983.6 -253.102 7455.15 2.1299e+06 -326162 -4.18536e+06 2743.52 6.70661 36.0493
1010101 FRAC0_S 0 1 -30036.4 78.4338 7432.09 1.70485e+06 577367 -3.08148e+06 1551.61 -14.259 33.9196
1010101 FRAC0_S 0 1 -30070.2 398.205 7523.34 4.0541e+06 1.63833e+06 -3.7373e+06 3561.44 -22.2107 25.7303
1010101 FRAC0_S 0 1 -30081.5 674.851 7703.8 5.02915e+06 1.74113e+06 -2.62348e+06 3439.34 -23.5441 19.2099
1010101 FRAC0_S 0 1 -30084.3 884.946 7953.53 6.47596e+06 1.72037e+06 -1.5283e+06 4311.49 -22.5765 11.4432
1010101 FRAC0_S 0 1 -30087 1005.89 8254.26 5.8283e+06 1.32779e+06 -113116 3185.79 -23.2368 1.20577