
Step FractureNumber TipNr TipActive TipX TipY TipZ KI KII KIII G Phi Psi Extension
1010000 FRAC0_S 0 1 29366.1 748.711 8385.14 -8.01462e+06 2.47938e+06 -7.02104e+06 7104.03 -18.4153 25.9642
1010000 FRAC0_S 0 1 29243.1 619.473 8637.43 -2.39553e+07 1.27273e+07 2.75175e+06 15441.4 -37.8929 -5.2822
1010000 FRAC0_S 0 1 29194.1 429.597 8876.26 -6.69282e+06 5.00542e+06 -4.61324e+06 5063.08 -36.3694 19.4205
1010000 FRAC0_S 0 1 29224.1 197.668 9078.26 -6.95648e+06 6.42327e+06 -3.77793e+06 5574.81 -42.6009 15.5748
1010000 FRAC0_S 0 1 29329.9 -53.6093 9223.66 -6.43301e+06 7.69907e+06 -2.53413e+06 6136.16 -49.7357 11.0971
1010000 FRAC0_S 0 1 29501.4 -299.639 9298.22 -6.01161e+06 7.50981e+06 -863431 5124.71 -54.0104 4.56295
1010000 FRAC0_S 0 1 29721.7 -516.338 9294.64 -5.80595e+06 7.27988e+06 701953 4788.07 -54.4048 -3.88554
1010000 FRAC0_S 0 1 29969.2 -682.494 9213.29 -6.76158e+06 7.14137e+06 2.65959e+06 5485.31 -47.3508 -11.6742
1010000 FRAC0_S 0 1 30219.7 -781.843 9062.11 -5.83916e+06 4.70254e+06 3.7134e+06 3804.56 -38.5662 -18.0794
1010000 FRAC0_S 0 1 30448.8 -804.66 8855.91 -6.09014e+06 2.08565e+06 4.74496e+06 3382.06 -20.7747 -24.1939
1010000 FRAC0_S 0 1 30633.9 -748.711 8614.86 -4.53724e+06 -464986 3.75e+06 1889.58 7.2403 -27.3619
1010000 FRAC0_S 0 1 30756.9 -619.473 8362.57 -6.96294e+06 -4.57643e+06 4.88846e+06 5044.6 33.5685 -20.2885
1010000 FRAC0_S 0 1 30805.5 -437.375 8131.87 6.46623e+06 -6.26386e+06 1.26696e+07 28571.2 30.2684 -30.6964
1010000 FRAC0_S 0 1 30775.9 -197.668 7921.74 -8.20731e+06 -1.02106e+07 1.43472e+06 9564.06 53.488 -5.46458
1010000 FRAC0_S 0 1 30670.1 53.6093 7776.34 -8.31942e+06 -1.07249e+07 -1.02883e+06 10390.5 54.8181 3.91113
1010000 FRAC0_S 0 1 30498.6 299.639 7701.78 -6.88638e+06 -8.00975e+06 -2.88895e+06 6826.97 48.853 11.7993
1010000 FRAC0_S 0 1 30278.3 516.338 7705.36 -6.99229e+06 -6.62574e+06 -4.56758e+06 6686.72 41.7155 17.5091
1010000 FRAC0_S 0 1 30030.8 682.494 7786.71 -8.07233e+06 -5.50915e+06 -6.57296e+06 8450.66 33.0383 21.9282
1010000 FRAC0_S 0 1 29780.3 781.843 7937.89 -7.56375e+06 -2.49845e+06 -6.60888e+06 6365.33 19.4092 25.7353
1010000 FRAC0_S 0 1 29551.2 804.66 8144.09 -1.85798e+07 1.15087e+07 1.4781e+06 12093.3 -41.7374 -3.57998
Step FractureNumber TipNr TipActive TipX TipY TipZ KI KII KIII G Phi Psi Extension
1010101 FRAC0_S 0 1 29284.5 784.651 8348.05 -3.06602e+06 3.82901e+06 -3.86551e+06 3293.78 -40.9539 23.7614
1010101 FRAC0_S 0 1 29150.3 640.108 8616.98 -2.59693e+06 6.34504e+06 -4.70169e+06 6527.6 -49.9683 22.9604
1010101 FRAC0_S 0 1 29095.9 427.411 8869.36 -96157.3 8.40549e+06 -5.01211e+06 9636.95 -59.9978 24.3899
1010101 FRAC0_S 0 1 29128.6 173.8 9080.21 46577.6 7.20881e+06 -2.94951e+06 5788.01 -63.9662 19.7875
1010101 FRAC0_S 0 1 29242.7 -99.6139 9226.51 2.09467e+06 8.14714e+06 -2.06645e+06 6873.68 -61.9994 12.1653
1010101 FRAC0_S 0 1 29425.4 -363.145 9299.4 498361 5.2752e+06 -1.93079e+06 2997.68 -63.0412 17.475
1010101 FRAC0_S 0 1 29659.8 -593.481 9296.4 2.28004e+06 7.25461e+06 153102 5156.17 -65.5844 -1.22444
1010101 FRAC0_S 0 1 29969.5 -793.626 9200.82 -4.96284e+06 1.01017e+07 4.9324e+06 12328.8 -52.8595 -17.2316
1010101 FRAC0_S 0 1 30204.8 -877.27 9071.28 -814793 6.5826e+06 3.07213e+06 5116.45 -60.3516 -20.0465
1010101 FRAC0_S 0 1 30472.9 -894.438 8869.34 -3.44875e+06 3.32202e+06 4.35291e+06 3503.47 -35.567 -25.4696
1010101 FRAC0_S 0 1 30698.8 -811.919 8632.65 -4.60873e+06 -1.65758e+06 5.16252e+06 3789.5 18.8324 -28.5
1010101 FRAC0_S 0 1 30847.5 -648.738 8376.49 -3.2824e+06 -6.40914e+06 4.19465e+06 6000.52 49.7049 -20.5505
1010101 FRAC0_S 0 1 30902.9 -430.288 8129.81 9.46632e+06 6.94467e+06 9.23932e+06 23636.4 -32.773 -23.8142
1010101 FRAC0_S 0 1 30869 -169.957 7927.81 2.17839e+06 -7.54239e+06 490748 5524.15 65.2174 -3.67233
1010101 FRAC0_S 0 1 30755.7 103.251 7779.29 3.10564e+06 -8.87278e+06 -189711 7879.55 64.866 1.20806
1010101 FRAC0_S 0 1 30573.4 363.297 7692.77 5.32649e+06 -1.29537e+07 -3.09536e+06 18755 59.1338 10.6031
1010101 FRAC0_S 0 1 30335.7 593.269 7684.84 -163926 -7.20872e+06 -3.2804e+06 6061.87 62.6826 20.8895
1010101 FRAC0_S 0 1 30025.3 788.658 7772.72 -7.2285e+06 -9.61651e+06 -8.28104e+06 17361.2 43.3285 22.1227
1010101 FRAC0_S 0 1 29769.8 856.707 7897.05 -1.05441e+07 3.46158e+06 -3.23344e+06 2458.3 -25.2893 13.4691
1010101 FRAC0_S 0 1 29494.9 852.722 8095.49 -6.5263e+06 6.23268e+06 -1.25101e+07 24276.3 -30.2728 30.5276