
Step FractureNumber TipNr TipActive TipX TipY TipZ KI KII KIII G Phi Psi Extension
1010000 FRAC0_S 0 1 15722.1 36828.1 8449.83 1.1957e+07 -9.96336e+06 -6.6745e+06 27510.9 40.2821 16.4085
1010000 FRAC0_S 0 1 15797.7 36998.8 8203.57 1.13906e+07 -5.97348e+06 -8.75664e+06 24939.5 28.3554 22.4399
1010000 FRAC0_S 0 1 15795.2 37218.5 7986.32 1.07622e+07 -985572 -9.67893e+06 22867.4 6.29152 28.5006
1010000 FRAC0_S 0 1 15714.9 37465.8 7819.35 7.2884e+06 3.04452e+06 -7.00305e+06 12082.2 -22.4277 26.1238
1010000 FRAC0_S 0 1 15564.6 37716.4 7719.01 7.8509e+06 7.36161e+06 -6.5873e+06 16092.8 -39.2943 20.5563
1010000 FRAC0_S 0 1 15359 37945.9 7695.11 9.55841e+06 1.01461e+07 -5.61108e+06 21502.1 -44.8659 15.6671
1010000 FRAC0_S 0 1 15118.3 38131.7 7750.02 8.1957e+06 1.19875e+07 -2.90184e+06 19910.5 -53.8233 9.28334
1010000 FRAC0_S 0 1 14866 38255.7 7878.33 6.14946e+06 9.01023e+06 -296934 10615.8 -57.8241 1.48626
1010000 FRAC0_S 0 1 14626.8 38305.7 8067.49 8.13822e+06 1.07887e+07 1.92985e+06 16769.2 -53.6884 -6.93469
1010000 FRAC0_S 0 1 14424.2 38276.8 8298.99 9.17318e+06 1.00063e+07 4.29084e+06 18869.3 -46.9639 -13.157
1010000 FRAC0_S 0 1 14277.9 38171.9 8550.17 7.04146e+06 6.75487e+06 5.55313e+06 12585.6 -40.3429 -19.6673
1010000 FRAC0_S 0 1 14202.3 38001.2 8796.43 1.09034e+07 6.03486e+06 7.67614e+06 21676 -30.1168 -21.1153
1010000 FRAC0_S 0 1 14204.8 37781.5 9013.68 1.14592e+07 3.30773e+06 9.01578e+06 23487.1 -18.1173 -24.8266
1010000 FRAC0_S 0 1 14285.1 37534.2 9180.65 7.90952e+06 12307.3 7.09583e+06 12271.4 -0.114686 -29.4875
1010000 FRAC0_S 0 1 14435.4 37283.6 9280.99 9.9767e+06 -4.1696e+06 7.26249e+06 17433.7 24.6113 -22.6624
1010000 FRAC0_S 0 1 14641 37054.1 9304.89 1.22191e+07 -7.72757e+06 7.16948e+06 25462.3 34.2123 -18.3162
1010000 FRAC0_S 0 1 14881.7 36868.3 9249.98 1.1455e+07 -1.02323e+07 4.85205e+06 24153.7 43.5717 -13.1573
1010000 FRAC0_S 0 1 15134 36744.3 9121.67 1.2024e+07 -1.19197e+07 2.32159e+06 26260.7 49.1181 -6.6366
1010000 FRAC0_S 0 1 15360.9 36694.9 8944.19 9.43587e+06 -1.11271e+07 -666988 19026 54.1478 2.41798
1010000 FRAC0_S 0 1 15575.8 36723.2 8701.01 1.27916e+07 -1.24354e+07 -3.70249e+06 30183.8 47.2452 9.44215
Step FractureNumber TipNr TipActive TipX TipY TipZ KI KII KIII G Phi Psi Extension
1010101 FRAC0_S 0 1 15813.8 36813.7 8480.86 2.35033e+07 73671.4 -7.62472e+06 56957.5 -0.330168 17.0901
1010101 FRAC0_S 0 1 15891.9 36980.9 8201.09 1.62746e+07 409113 -8.87747e+06 34098.4 -2.22281 23.1092
1010101 FRAC0_S 0 1 15874.3 37196.8 7942.45 1.5219e+07 276705 -9.80571e+06 33434.5 -1.52271 25.2728
1010101 FRAC0_S 0 1 15760.8 37442.7 7740.7 1.50109e+07 -97204.8 -9.73992e+06 32697 0.546604 25.504
1010101 FRAC0_S 0 1 15575.9 37698.1 7624.08 1.54456e+07 -1.81812e+06 -8.22906e+06 30559.7 9.6286 21.7398
1010101 FRAC0_S 0 1 15343.6 37934.4 7598.58 1.77313e+07 956938 -6.71622e+06 34096.9 -5.17422 18.3146
1010101 FRAC0_S 0 1 15080.7 38123 7659.09 1.66991e+07 55375.4 -3.07225e+06 26104.8 -0.39047 11.2941
1010101 FRAC0_S 0 1 14810.8 38249.9 7796.16 1.73151e+07 -530402 -642054 26796.2 3.95894 2.66906
1010101 FRAC0_S 0 1 14557.8 38307.5 7996.64 1.89506e+07 -180170 1.58312e+06 32337.8 1.21243 -5.76864
1010101 FRAC0_S 0 1 14342.6 38286.7 8244.45 2.11343e+07 -43978.9 5.77998e+06 44245.2 0.228205 -15.2066
1010101 FRAC0_S 0 1 14186.1 38185.8 8518.64 1.57099e+07 -397645 6.30392e+06 27291.7 2.46198 -19.329
1010101 FRAC0_S 0 1 14106 38014.6 8794.43 1.49409e+07 -796643 7.61273e+06 27656.5 4.69491 -21.9222
1010101 FRAC0_S 0 1 14114.7 37790.7 9045.88 1.44052e+07 -770921 8.29032e+06 27685.1 4.52374 -23.4374
1010101 FRAC0_S 0 1 14218.3 37539.3 9246.91 1.47344e+07 -195766 9.1021e+06 30368.2 1.13579 -24.8083
1010101 FRAC0_S 0 1 14404 37285.3 9371.12 1.45219e+07 801538 7.63489e+06 26601.9 -4.80247 -22.2897
1010101 FRAC0_S 0 1 14643 37051.1 9402.5 1.61599e+07 1.3385e+06 7.0629e+06 30064.8 -7.42157 -19.701
1010101 FRAC0_S 0 1 14911 36862.2 9343.56 1.58399e+07 1.56555e+06 4.85826e+06 25715.6 -9.49843 -15.4493
1010101 FRAC0_S 0 1 15185.3 36739.2 9205.91 1.7363e+07 2.00492e+06 2.74076e+06 28221.5 -12.1202 -9.16233
1010101 FRAC0_S 0 1 15441.3 36689.5 9003.99 2.175e+07 1.68876e+06 277918 42419.2 -9.61382 -0.90949
1010101 FRAC0_S 0 1 15657.4 36713.8 8755.58 1.97995e+07 1.14415e+06 -2.35267e+06 35785.6 -6.70699 7.54059