
Step FractureNumber TipNr TipActive TipX TipY TipZ KI KII KIII G Phi Psi Extension
1010000 FRAC0_S 0 1 -29946.5 -44329.9 7776.37 -104782 402541 -427141 38.7051 -47.3186 28.7587
1010000 FRAC0_S 0 1 -30197.8 -44224.1 7921.78 -100834 693676 -387271 62.8257 -58.0587 22.0169
1010000 FRAC0_S 0 1 -30419.1 -44193.7 8112.75 -93754.8 911221 -241004 81.7152 -64.9471 13.8525
1010000 FRAC0_S 0 1 -30619.5 -44243.1 8362.64 -79993.2 914034 -38560.8 74.6454 -69.0773 2.8668
1010000 FRAC0_S 0 1 -30748.8 -44366.2 8614.93 -51164.2 635470 106310 37.4877 -67.2392 -9.86428
1010000 FRAC0_S 0 1 -30804.7 -44551.3 8855.97 -57083.2 806154 337002 73.016 -62.4536 -19.2991
1010000 FRAC0_S 0 1 -30781.8 -44780.3 9062.16 -20019.8 630271 503119 69.0643 -55.5999 -27.7447
1010000 FRAC0_S 0 1 -30696.7 -45004.2 9200.89 -36672.2 361879 602479 59.946 -41.4629 -34.9913
1010000 FRAC0_S 0 1 -30516.3 -45278.4 9294.67 -478372 100545 379046 20.0097 -13.9229 -25.6964
1010000 FRAC0_S 0 1 -30299.6 -45498.6 9298.22 -33579.8 -166108 461944 30.8399 30.736 -38.3723
1010000 FRAC0_S 0 1 -30049.1 -45672.6 9221.64 -63271.3 -499759 524501 58.8445 49.5529 -29.9425
1010000 FRAC0_S 0 1 -29802.2 -45775.9 9078.22 -60592.6 -611937 336196 48.4014 59.169 -22.3308
1010000 FRAC0_S 0 1 -29570.3 -45805.9 8876.2 -88598.5 -821971 214231 66.31 64.9261 -13.6589
1010000 FRAC0_S 0 1 -29380.5 -45756.9 8637.36 -78095.5 -861131 31789.1 66.2136 69.1036 -2.5182
1010000 FRAC0_S 0 1 -29251.2 -45633.8 8385.07 -88442.1 -844974 -154990 66.8177 66.4984 10.4381
1010000 FRAC0_S 0 1 -29195.3 -45448.7 8144.03 -440794 -500360 -294591 33.8519 45.2104 16.7191
1010000 FRAC0_S 0 1 -29218.2 -45219.7 7937.84 -142394 -608748 -497775 65.9766 51.6084 25.8459
1010000 FRAC0_S 0 1 -29317.5 -44969.1 7786.67 -117014 -309843 -554737 49.4833 37.2168 33.5412
1010000 FRAC0_S 0 1 -29483.7 -44721.6 7705.33 528143 40231.6 -818008 113.995 -4.00373 34.5339
1010000 FRAC0_S 0 1 -29700.4 -44501.4 7701.78 62062.2 120653 -673224 61.9201 -18.3435 40.9346
Step FractureNumber TipNr TipActive TipX TipY TipZ KI KII KIII G Phi Psi Extension
1010101 FRAC0_S 0 1 -29978.1 -44322.5 7686.61 527875 509500 -463317 76.5129 -39.4627 20.9359
1010101 FRAC0_S 0 1 -30254.9 -44231.4 7841.67 704101 347666 -252197 63.4071 -32.351 13.8514
1010101 FRAC0_S 0 1 -30499 -44211.6 8054.88 910069 242590 -102980 80.4578 -24.4352 6.17514
1010101 FRAC0_S 0 1 -30696 -44268 8303.91 988856 127258 91197.8 89.6842 -13.9791 -5.70366
1010101 FRAC0_S 0 1 -30831.3 -44394.6 8567.21 724122 141125 225333 55.2529 -16.9443 -14.7074
1010101 FRAC0_S 0 1 -30892.8 -44582.3 8822.65 268320 387948 226140 26.6285 -48.0203 -17.8222
1010101 FRAC0_S 0 1 -30872.7 -44815.6 9049.76 423265 75070.8 380358 35.7079 -11.4499 -27.5803
1010101 FRAC0_S 0 1 -30766.7 -45070.2 9233.44 418470 81857.8 612560 66.1074 -9.9189 -32.9352
1010101 FRAC0_S 0 1 -30570.2 -45312.6 9355.48 386992 -135340 674372 75.463 14.9379 -33.4754
1010101 FRAC0_S 0 1 -30320.3 -45505.7 9387.9 565561 -128441 703846 95.8608 12.2729 -30.908
1010101 FRAC0_S 0 1 -30017.6 -45671.2 9314 646161 -269154 457530 71.5025 24.7572 -22.3299
1010101 FRAC0_S 0 1 -29744.6 -45766.8 9157.98 1.08846e+06 -59513 405282 127.735 5.26133 -18.1054
1010101 FRAC0_S 0 1 -29500.9 -45788 8945.03 647705 -359828 -65405.2 49.4902 39.0784 4.63217
1010101 FRAC0_S 0 1 -29303.8 -45732.3 8695.99 852006 -199114 -77054.1 69.0088 22.5285 5.17345
1010101 FRAC0_S 0 1 -29166 -45611.3 8427.85 712944 -214872 -220616 55.8811 23.7436 13.7661
1010101 FRAC0_S 0 1 -29101.8 -45429.6 8166.38 522059 -310837 -387628 52.8803 31.1143 21.4436
1010101 FRAC0_S 0 1 -29123.9 -45192.3 7941.04 295112 -258015 -553710 54.47 28.8316 30.7619
1010101 FRAC0_S 0 1 -29236.9 -44936.5 7756.79 374418 -30216.9 -592785 59.3089 4.17707 34.7008
1010101 FRAC0_S 0 1 -29434.5 -44692.8 7633.83 596712 180757 -669039 94.1731 -16.4014 29.017
1010101 FRAC0_S 0 1 -29692.8 -44479.5 7610.25 135273 525549 -510286 60.8751 -48.7295 27.7215