
Step FractureNumber TipNr TipActive TipX TipY TipZ KI KII KIII G Phi Psi Extension
1010000 FRAC0_S 0 1 29401.8 -14232.6 8330.75 3.19302e+06 -588012 2.18848e+06 1576.32 13.1112 -24.1603
1010000 FRAC0_S 0 1 29263.9 -14346.6 8582.7 2.75546e+06 -1.00644e+06 1.72869e+06 1164.28 23.3104 -21.2867
1010000 FRAC0_S 0 1 29198.1 -14524.7 8826.54 3.55268e+06 -2.00436e+06 1.88854e+06 1957.06 32.6154 -17.6612
1010000 FRAC0_S 0 1 29210.9 -14749.3 9038.42 3.4289e+06 -2.59402e+06 1.45676e+06 1929.56 40.1339 -13.9397
1010000 FRAC0_S 0 1 29300.8 -14998.4 9197.59 3.5036e+06 -3.00702e+06 938399 2016.71 45.1081 -9.30243
1010000 FRAC0_S 0 1 29459.2 -15247.7 9288.48 3.63035e+06 -3.42368e+06 350820 2235.3 49.7658 -3.62134
1010000 FRAC0_S 0 1 29670.5 -15472.7 9302.19 2.65304e+06 -2.54059e+06 -247283 1210.52 50.1094 3.47684
1010000 FRAC0_S 0 1 29914.1 -15651.5 9237.38 1.02957e+06 -5.90935e+06 -2.51117e+06 4044.91 60.1732 18.3967
1010000 FRAC0_S 0 1 30166.1 -15766.5 9100.38 3.24684e+06 -1.97678e+06 -1.5028e+06 1587.98 35.0979 15.7794
1010000 FRAC0_S 0 1 30401.9 -15806.4 8904.62 3.27045e+06 -1.01741e+06 -1.90985e+06 1530.47 21.0959 20.9024
1010000 FRAC0_S 0 1 30598.2 -15767.4 8669.25 2.351e+06 11082.8 -1.4867e+06 786.506 -0.402557 25.2058
1010000 FRAC0_S 0 1 30736.1 -15653.4 8417.3 3.67111e+06 1.54059e+06 -2.08054e+06 1988.15 -26.4528 19.5678
1010000 FRAC0_S 0 1 30801.9 -15475.3 8173.46 3.43732e+06 2.51125e+06 -1.43813e+06 1889.88 -39.5051 13.9351
1010000 FRAC0_S 0 1 30789.1 -15250.7 7961.58 4.10692e+06 3.93663e+06 -839123 2977.59 -48.2966 7.07396
1010000 FRAC0_S 0 1 30699.2 -15001.6 7802.41 4.28314e+06 4.30022e+06 106044 3284.06 -52.1399 -0.946983
1010000 FRAC0_S 0 1 30540.8 -14752.3 7711.52 4.12748e+06 3.97963e+06 1.12337e+06 3097.2 -47.3479 -9.00401
1010000 FRAC0_S 0 1 30329.5 -14527.3 7697.81 3.87292e+06 3.04175e+06 1.82032e+06 2601.78 -40.2633 -14.8216
1010000 FRAC0_S 0 1 30085.9 -14348.5 7762.62 4.07569e+06 2.32086e+06 2.42987e+06 2745.48 -31.9724 -18.972
1010000 FRAC0_S 0 1 29833.9 -14233.5 7899.62 4.03595e+06 1.29912e+06 2.65905e+06 2542.28 -20.9026 -22.2937
1010000 FRAC0_S 0 1 29598.1 -14193.6 8095.38 7.13829e+06 -4.53625e+06 -575676 6418.36 42.2434 3.59259
Step FractureNumber TipNr TipActive TipX TipY TipZ KI KII KIII G Phi Psi Extension
1010101 FRAC0_S 0 1 29369.6 -14142.4 8338.71 3.023e+06 887188 2.50372e+06 1718.2 -18.0258 -25.4194
1010101 FRAC0_S 0 1 29220.4 -14264.7 8611.8 3.69997e+06 432772 2.21038e+06 1886.39 -9.22593 -23.1734
1010101 FRAC0_S 0 1 29162.2 -14453.8 8883.38 3.97341e+06 -1.4394e+06 3.76296e+06 3474.75 20.2392 -26.4377
1010101 FRAC0_S 0 1 29187.4 -14692.7 9115.29 3.69618e+06 250864 1.42555e+06 1493.29 -6.38443 -18.373
1010101 FRAC0_S 0 1 29292.5 -14956.8 9286.6 4.84445e+06 284743 1.09833e+06 2258.97 -6.25493 -12.7301
1010101 FRAC0_S 0 1 29467 -15220.1 9383.08 5.2243e+06 301902 610867 2489.86 -6.71766 -7.43696
1010101 FRAC0_S 0 1 29695.5 -15454.7 9396.1 4.69401e+06 537868 -726709 2059.45 -12.0671 9.02202
1010101 FRAC0_S 0 1 29954.4 -15647 9325.81 4.31711e+06 1.02254e+06 -1.40077e+06 2014.92 -19.6274 14.7845
1010101 FRAC0_S 0 1 30215.7 -15791.1 9178.4 4.54638e+06 1.08136e+06 -2.22998e+06 2607.44 -17.9407 19.4782
1010101 FRAC0_S 0 1 30457.9 -15861.2 8959.03 3.90733e+06 315901 -2.02747e+06 1916.07 -6.8966 21.8281
1010101 FRAC0_S 0 1 30653.3 -15841.6 8684.05 3.92189e+06 -585121 -1.55752e+06 1723.77 12.8559 17.8557
1010101 FRAC0_S 0 1 30778.1 -15733.9 8389.32 4.35836e+06 -1.17082e+06 -850171 1910.96 23.3367 9.8089
1010101 FRAC0_S 0 1 30827.6 -15548.5 8114.2 2.88059e+06 -1.10097e+06 -2.88983e+06 1958.13 20.6344 26.967
1010101 FRAC0_S 0 1 30800.1 -15310.7 7884.11 6.29696e+06 195249 -754103 3612.4 -3.72143 7.75985
1010101 FRAC0_S 0 1 30699.3 -15045.9 7713.96 6.34783e+06 -38854.8 432693 3615.72 0.795405 -4.81629
1010101 FRAC0_S 0 1 30534.6 -14776.7 7616.18 3.39931e+06 -2.24441e+06 -512501 1513.51 41.7366 6.26473
1010101 FRAC0_S 0 1 30316.4 -14527.7 7600.55 6.74577e+06 41354.7 2.36585e+06 4799.57 -0.631115 -17.9566
1010101 FRAC0_S 0 1 30062.2 -14323 7671.5 4.34217e+06 -369475 2.36691e+06 2437.38 7.1168 -22.3918
1010101 FRAC0_S 0 1 29812.1 -14176.4 7839.58 5.40191e+06 797182 1.76484e+06 3071.16 -13.3125 -15.6646
1010101 FRAC0_S 0 1 29581.9 -14108.8 8079.38 4.11222e+06 1.68497e+06 2.83026e+06 2825.26 -24.6725 -22.0367