
Step FractureNumber TipNr TipActive TipX TipY TipZ KI KII KIII G Phi Psi Extension
1010000 FRAC0_S 0 1 15000 -29019.2 8617.02 4.64752e+06 -2.02295e+06 -1.88683e+06 2762.89 29.1841 15.5941
1010000 FRAC0_S 0 1 15000 -29103.5 8914.36 -2.47551e+06 7.78396e+06 4.97972e+06 8697.26 -53.2468 -21.9644
1010000 FRAC0_S 0 1 15000 -29275.4 9171.13 5.04103e+06 -1.87518e+06 -3.28849e+06 4016.09 23.3623 21.7087
1010000 FRAC0_S 0 1 15000 -29518.2 9362.22 5.61103e+06 -863763 -4.08619e+06 5092.69 10.9821 25.2391
1010000 FRAC0_S 0 1 15000 -29808.3 9468.89 4.59897e+06 513624 -3.59659e+06 3628.65 -8.01304 26.5834
1010000 FRAC0_S 0 1 15000 -30117.1 9480.74 3.11284e+06 7.83731e+06 -467687 6365.98 -63.1162 3.13959
1010000 FRAC0_S 0 1 15000 -30414.4 9396.57 5.84451e+06 3.99558e+06 -3.06156e+06 5713.09 -36.6436 16.6511
1010000 FRAC0_S 0 1 15000 -30671.2 9224.65 5.12683e+06 4.3488e+06 -1.61481e+06 4374.27 -44.1338 10.6575
1010000 FRAC0_S 0 1 15000 -30862.2 8981.79 5.83867e+06 5.12587e+06 -328014 5393.41 -49.1255 2.23782
1010000 FRAC0_S 0 1 15000 -30968.9 8691.77 4.80581e+06 3.18259e+06 797525 3045.25 -41.5282 -6.80838
1010000 FRAC0_S 0 1 15000 -30980.8 8382.98 4.29845e+06 1.44806e+06 1.29806e+06 2057.41 -25.8202 -13.2521
1010000 FRAC0_S 0 1 15000 -30896.5 8085.64 3.89385e+06 -327071 1.17499e+06 1544.24 8.22887 -15.4201
1010000 FRAC0_S 0 1 15000 -30724.6 7828.87 2.33407e+06 -1.42786e+06 166087 670.807 41.6414 -3.23905
1010000 FRAC0_S 0 1 15000 -30481.8 7637.78 3.35905e+06 -2.32856e+06 -272647 1498.5 44.0112 3.499
1010000 FRAC0_S 0 1 15000 -30191.7 7531.11 8.44962e+06 6.61523e+06 4.9139e+06 13473.1 -38.6814 -17.1883
1010000 FRAC0_S 0 1 15000 -29882.9 7519.26 3.4178e+06 -1.70825e+06 -1.3169e+06 1531.61 32.1981 14.5641
1010000 FRAC0_S 0 1 15000 -29585.6 7603.43 -702637 5.37497e+06 -5.50147e+06 6599.82 -49.904 29.61
1010000 FRAC0_S 0 1 15000 -29328.8 7775.35 3.99399e+06 7.83536e+06 4.22832e+06 9270.07 -51.6464 -18.2509
1010000 FRAC0_S 0 1 15000 -29137.8 8018.21 4.62981e+06 -1.43611e+06 -1.52993e+06 2405.17 23.9669 14.3717
1010000 FRAC0_S 0 1 15000 -29031.1 8308.23 2.16688e+06 3.61899e+06 2.1487e+06 2199.53 -49.2924 -18.7026
Step FractureNumber TipNr TipActive TipX TipY TipZ KI KII KIII G Phi Psi Extension
1010101 FRAC0_S 0 1 14985.4 -28946.4 8625.31 4.16088e+06 -3.29556e+06 -1.87155e+06 2976.42 40.7244 14.3213
1010101 FRAC0_S 0 1 14982.1 -29037.8 8945.09 4.5618e+06 -3.87554e+06 -2.62352e+06 4108.22 40.4599 16.6442
1010101 FRAC0_S 0 1 15004.6 -29216.1 9230.02 4.50659e+06 -684826 -5.44215e+06 5790.62 8.72598 31.2759
1010101 FRAC0_S 0 1 15016 -29472.6 9444.94 6.39881e+06 -375971 -4.40592e+06 6243 4.6286 25.6126
1010101 FRAC0_S 0 1 14975.5 -29788 9550.12 7.62465e+06 -1.66085e+06 -4.86507e+06 8574.21 15.4675 22.9163
1010101 FRAC0_S 0 1 14937 -30123.4 9545.68 3.87226e+06 -1.05075e+07 -9.57085e+06 23357.6 47.9472 25.8997
1010101 FRAC0_S 0 1 14930.4 -30444.8 9457.37 7.33031e+06 -1.32706e+06 -4.38866e+06 7506.74 13.5166 22.5046
1010101 FRAC0_S 0 1 14931.3 -30718.3 9277.16 7.35052e+06 -1.34212e+06 -3.52601e+06 6628.69 14.5333 19.7608
1010101 FRAC0_S 0 1 14928.2 -30921.4 9014.54 8.55639e+06 -85570.1 -1.05591e+06 6672.85 1.22985 8.1015
1010101 FRAC0_S 0 1 14937 -31042.3 8704.34 7.29694e+06 457728 324443 4777.37 -7.70712 -3.07913
1010101 FRAC0_S 0 1 14965.3 -31066.3 8370.9 5.28943e+06 153523 1.06278e+06 2645.45 -3.26475 -11.8615
1010101 FRAC0_S 0 1 15012.9 -30977.5 8049.52 8.78044e+06 9.18263e+06 5.53996e+06 18465.8 -44.0127 -16.5521
1010101 FRAC0_S 0 1 15054.2 -30783.3 7777.4 3.32962e+06 2.50457e+06 -245011 1554.87 -45.7971 3.09004
1010101 FRAC0_S 0 1 15035.7 -30516.8 7574.55 4.30088e+06 -409124 -56223.2 1663.66 11.5016 0.915508
1010101 FRAC0_S 0 1 14999.4 -30205.6 7456.11 3.89061e+06 -2.31237e+06 -1.15424e+06 2002.51 37.087 11.4248
1010101 FRAC0_S 0 1 14991.9 -29875 7443.5 3.57321e+06 -2.11002e+06 -1.5843e+06 1868.31 34.7463 15.4355
1010101 FRAC0_S 0 1 14955.5 -29559 7541.81 2.99232e+06 -2.81241e+06 -1.38367e+06 1757.35 44.059 13.7913
1010101 FRAC0_S 0 1 14951.8 -29281.1 7726.83 1.37469e+06 5.55561e+06 -5.52548e+06 6979.36 -48.5179 28.1074
1010101 FRAC0_S 0 1 14981.8 -29071.4 7981.38 4.18395e+06 4.67492e+06 2.92099e+06 4642.18 -44.5353 -17.3122
1010101 FRAC0_S 0 1 14984.5 -28957.5 8293.34 4.3929e+06 -3.51578e+06 -1.76614e+06 3235.93 41.6314 13.1392