
Step FractureNumber TipNr TipActive TipX TipY TipZ KI KII KIII G Phi Psi Extension
1010000 FRAC0_S 0 1 15000 -14017.8 8603.45 909857 -820143 -1.67288e+06 505.912 29.6758 30.37
1010000 FRAC0_S 0 1 15000 -14097.8 8901.92 -2.55159e+06 -1.25701e+06 -1.75747e+06 551.6 28.0468 21.3383
1010000 FRAC0_S 0 1 15000 -14266.1 9161.05 -4.80157e+06 -835618 -1.83491e+06 510.019 14.781 17.1643
1010000 FRAC0_S 0 1 15000 -14506.3 9355.47 -7.18335e+06 -80462 -2.59588e+06 896.812 1.13784 18.2485
1010000 FRAC0_S 0 1 15000 -14794.9 9466.15 1.40011e+06 1.24943e+07 -1.02787e+07 28137.1 -53.6609 27.1999
1010000 FRAC0_S 0 1 15000 -15103.5 9482.25 -7.48843e+06 1.71285e+06 -2.09707e+06 846.329 -19.6154 13.3406
1010000 FRAC0_S 0 1 15000 -15401.9 9402.21 -7.72952e+06 2.82789e+06 -1.72997e+06 1110.65 -28.5127 10.3277
1010000 FRAC0_S 0 1 15000 -15661 9233.85 4.2805e+06 1.05146e+07 -5.88198e+06 16085.9 -53.0909 19.5181
1010000 FRAC0_S 0 1 15000 -15855.5 8993.66 -3.59417e+06 3.20878e+06 37819.2 917.694 -50.2678 -0.430214
1010000 FRAC0_S 0 1 15000 -15966.1 8705.15 -505999 2.32585e+06 856064 579.517 -60.4516 -16.3278
1010000 FRAC0_S 0 1 15000 -15982.2 8396.55 2.5679e+06 1.06799e+06 1.21805e+06 886.566 -27.4148 -17.4953
1010000 FRAC0_S 0 1 15000 -15902.2 8098.08 5.42625e+06 -115486 1.24049e+06 2829.62 2.36358 -13.1624
1010000 FRAC0_S 0 1 15000 -15733.9 7838.95 -1.29392e+07 -1.58423e+07 -1.04282e+07 36828 45.1382 18.4107
1010000 FRAC0_S 0 1 15000 -15493.7 7644.53 9.74349e+06 -1.52405e+06 343773 8682.4 17.1698 -2.2804
1010000 FRAC0_S 0 1 15000 -15205.1 7533.85 2.64426e+07 1.17149e+07 9.32265e+06 86095.5 -30.2812 -14.0429
1010000 FRAC0_S 0 1 15000 -14896.5 7517.75 1.21325e+07 -1.96906e+06 -459435 13490.4 17.6519 2.42823
1010000 FRAC0_S 0 1 15000 -14598.1 7597.79 1.07142e+07 -1.26379e+06 -792941 10455.2 13.1686 4.71576
1010000 FRAC0_S 0 1 15000 -14339 7766.15 6.68365e+06 -1.05421e+06 -700321 4144.92 16.3981 6.24624
1010000 FRAC0_S 0 1 15000 -14144.5 8006.34 5.6139e+06 -1.10957e+06 -881734 3021.49 18.9354 8.59961
1010000 FRAC0_S 0 1 15000 -14033.9 8294.85 3.28749e+06 -1.44459e+06 -1.17321e+06 1332.09 30.0587 14.1938
Step FractureNumber TipNr TipActive TipX TipY TipZ KI KII KIII G Phi Psi Extension
1010101 FRAC0_S 0 1 15049.1 -13933.2 8612.49 -1.59623e+07 4.0034e+06 -8.40261e+06 10818.5 -18.3631 20.2082
1010101 FRAC0_S 0 1 15042.3 -14017.9 8938.33 -1.90911e+06 -2.34949e+06 -2.08743e+06 1071.43 42.2373 22.0864
1010101 FRAC0_S 0 1 15025 -14197.6 9224.04 -7.79056e+06 3.44451e+06 -6.51858e+06 6708.69 -24.5274 24.1903
1010101 FRAC0_S 0 1 14987.2 -14460.3 9429.44 -7.05679e+06 1.09569e+06 -3.5709e+06 1802.91 -12.4733 20.6968
1010101 FRAC0_S 0 1 14951.8 -14778.7 9540.2 -6.39545e+06 4.72204e+06 -2.84773e+06 3065.51 -39.3348 14.5333
1010101 FRAC0_S 0 1 14951.1 -15114.2 9563.65 -510098 1.29544e+07 -3.21564e+06 16329.4 -66.5076 13.8106
1010101 FRAC0_S 0 1 14947.8 -15432.3 9476.92 -4.0105e+06 5.72455e+06 -1.66543e+06 3289.07 -52.649 10.6903
1010101 FRAC0_S 0 1 14928.9 -15704 9284.22 -1.34788e+06 6.41215e+06 -792530 3747.35 -65.6157 6.94456
1010101 FRAC0_S 0 1 14919.9 -15905.3 9023.35 2.71163e+07 -1.46241e+06 -6.5522e+06 71422.4 5.70653 13.3997
1010101 FRAC0_S 0 1 14925.8 -16026.2 8715.93 2.43855e+06 962678 -1.91468e+06 1100.06 -23.0575 23.8129
1010101 FRAC0_S 0 1 14956.2 -16061.3 8384.3 3.89117e+06 983815 -2.24511e+06 2105.87 -18.008 21.3139
1010101 FRAC0_S 0 1 15008.2 -15983 8063.63 -1.37833e+07 -1.38683e+07 -1.22624e+07 37137.4 40.193 20.8485
1010101 FRAC0_S 0 1 15043.8 -15794.8 7784.5 2.34218e+06 1.27917e+07 -8.50876e+06 24698.7 -55.2551 23.7973
1010101 FRAC0_S 0 1 15019.9 -15535.1 7570.24 2.18796e+07 1.41653e+07 1.23357e+07 80777.2 -34.9897 -17.7424
1010101 FRAC0_S 0 1 14989.7 -15223.6 7447.24 1.43021e+07 2.44603e+06 -371411 18779 -18.5741 1.67669
1010101 FRAC0_S 0 1 15008.3 -14886.2 7427.01 1.35926e+07 -1.4009e+06 -1.25411e+06 16847.9 11.5507 5.82402
1010101 FRAC0_S 0 1 15026.1 -14559.8 7511.8 1.17094e+07 2.98877e+06 103499 13015.2 -25.4149 -0.543793
1010101 FRAC0_S 0 1 15027.9 -14276.5 7696.46 8.56718e+06 994001 -670298 6688.17 -12.9405 4.9684
1010101 FRAC0_S 0 1 15035.8 -14066.3 7960.39 6.98883e+06 302680 -977554 4487.72 -5.03076 8.75983
1010101 FRAC0_S 0 1 15045.5 -13949.4 8276.33 4.23664e+06 -9056.85 -1.43345e+06 1872.74 0.223088 17.5852