
Step FractureNumber TipNr TipActive TipX TipY TipZ KI KII KIII G Phi Psi Extension
1010000 FRAC0_S 0 1 29429 -36721.3 8292.31 -1.50852e+06 -124928 -345724 17.2876 8.55808 12.6182
1010000 FRAC0_S 0 1 29280.9 -36824.2 8543.28 -1.66848e+06 34780.9 -472563 29.8088 -2.22004 15.3841
1010000 FRAC0_S 0 1 29203.3 -36993.3 8790 -1.32345e+06 366324 -323042 25.8373 -23.1608 11.6684
1010000 FRAC0_S 0 1 29203.6 -37212 9008.34 -1.47688e+06 693613 -227572 49.7587 -34.6373 7.10487
1010000 FRAC0_S 0 1 29282 -37458.9 9176.92 -1.55427e+06 918955 -53613 75.6338 -41.6566 1.6401
1010000 FRAC0_S 0 1 29430.5 -37709.8 9279.24 -1.35557e+06 830034 234345 68.697 -39.7842 -7.24396
1010000 FRAC0_S 0 1 29634.8 -37940.1 9305.28 -1.31229e+06 532505 890105 130.642 -24.6053 -21.8905
1010000 FRAC0_S 0 1 29874.9 -38127.3 9252.5 -1.65172e+06 684393 634145 95.2232 -28.5417 -15.1487
1010000 FRAC0_S 0 1 30127.2 -38253.3 9126.05 -1.40873e+06 135633 686405 64.3025 -8.2534 -20.8761
1010000 FRAC0_S 0 1 30367.1 -38305.4 8938.32 -1.20462e+06 -224597 561577 46.4391 14.9035 -19.3768
1010000 FRAC0_S 0 1 30571 -38278.7 8707.69 -177932 -1.64955e+06 115992 244.258 68.3989 -4.53771
1010000 FRAC0_S 0 1 30719.1 -38175.8 8456.72 -1.22876e+06 -563231 312808 41.2821 32.4506 -10.8632
1010000 FRAC0_S 0 1 30796.7 -38006.7 8210 -992052 -475526 133783 22.5304 35.4006 -6.28604
1010000 FRAC0_S 0 1 30796.4 -37788 7991.66 -1.35341e+06 -652539 37078.6 38.1265 37.5747 -1.40474
1010000 FRAC0_S 0 1 30718 -37541.1 7823.08 -1.45476e+06 -596319 -26027.3 31.7773 34.4233 0.972202
1010000 FRAC0_S 0 1 30569.5 -37290.2 7720.76 -957699 105408 698206 65.8265 -8.1278 -25.7344
1010000 FRAC0_S 0 1 30365.2 -37059.9 7694.72 -1.45633e+06 -362197 -129948 13.9359 23.6054 5.05519
1010000 FRAC0_S 0 1 30125.1 -36872.7 7747.5 -1.42682e+06 -307859 -115619 10.2235 21.3558 4.74508
1010000 FRAC0_S 0 1 29872.8 -36746.7 7873.95 -1.30487e+06 -247094 -137162 7.94281 18.9819 6.11621
1010000 FRAC0_S 0 1 29632.9 -36694.6 8061.68 -1.49661e+06 -250870 -247634 13.7641 16.4971 9.17301
Step FractureNumber TipNr TipActive TipX TipY TipZ KI KII KIII G Phi Psi Extension
1010101 FRAC0_S 0 1 29381.1 -36637.9 8280.21 -1.92651e+06 -1.98339e+06 -597897 398.087 48.0473 9.76509
1010101 FRAC0_S 0 1 29207.1 -36763.5 8542.37 -1.47041e+06 42484 -440310 25.9459 -3.01201 15.9065
1010101 FRAC0_S 0 1 29111.4 -36966.8 8795.06 -1.3318e+06 638656 -473826 66.2063 -31.8011 13.8803
1010101 FRAC0_S 0 1 29106.7 -37219.1 9017.38 -1.03927e+06 855394 -493770 97.6283 -41.1612 14.7149
1010101 FRAC0_S 0 1 29190.5 -37492 9191.64 -630411 1.23313e+06 -112063 137.172 -60.1131 4.31823
1010101 FRAC0_S 0 1 29352.3 -37761.4 9306.81 -414018 886719 8632.54 70.0744 -62.7065 -0.512812
1010101 FRAC0_S 0 1 29576 -38006.6 9346.08 -759239 1.10739e+06 255526 117.961 -53.9943 -8.91344
1010101 FRAC0_S 0 1 29842.3 -38206.1 9298.3 -1.23338e+06 1.36247e+06 531234 202.95 -47.7096 -12.2984
1010101 FRAC0_S 0 1 30132.5 -38331.9 9177.54 -1.09981e+06 234497 493843 37.3362 -16.8061 -18.6623
1010101 FRAC0_S 0 1 30412.4 -38352.1 8996.16 -1.01802e+06 -314926 330357 23.3529 23.9978 -14.1902
1010101 FRAC0_S 0 1 30644.3 -38289.1 8759.65 -797356 -646086 100934 38.5519 46.3177 -4.9568
1010101 FRAC0_S 0 1 30808.8 -38185 8488.1 -811481 -647748 6020.23 37.3933 48.2103 -0.319919
1010101 FRAC0_S 0 1 30894.1 -38014.5 8220.18 -681110 -314341 68950.8 9.43727 35.24 -4.91428
1010101 FRAC0_S 0 1 30893.9 -37776.7 7985.27 -1.01848e+06 -532856 208250 31.0694 35.9767 -8.76918
1010101 FRAC0_S 0 1 30801.4 -37520.3 7788.17 -1.05898e+06 -508144 83042.7 23.9263 36.4732 -3.84168
1010101 FRAC0_S 0 1 30631.4 -37260.5 7658.76 -1.26972e+06 -422506 38064.8 16.0998 30.0117 -1.69995
1010101 FRAC0_S 0 1 30414.1 -37004.7 7634.88 -1.29879e+06 -585418 -210925 36.4564 33.6533 7.51808
1010101 FRAC0_S 0 1 30157.4 -36793.8 7699.35 -880341 -537974 -146318 28.6373 39.8612 7.00563
1010101 FRAC0_S 0 1 29879.5 -36657.6 7834.34 -1.2898e+06 -681171 -250180 49.671 36.351 8.36688
1010101 FRAC0_S 0 1 29612.8 -36603 8035.26 -1.53127e+06 -617487 -391953 54.4092 29.8905 11.2476