
Step FractureNumber TipNr TipActive TipX TipY TipZ KI KII KIII G Phi Psi Extension
1010000 FRAC0_S 0 1 14999 987.687 8500 -216074 386334 -1.1856e+06 200.25 -26.9817 37.2111
1010000 FRAC0_S 0 1 14693.8 939.03 8500 8.34905e+06 625285 -1.04493e+06 6391.61 -8.46453 7.77585
1010000 FRAC0_S 0 1 14418.7 798.454 8500 -116164 1.47834e+06 -766055 272.8 -60.2227 21.8374
1010000 FRAC0_S 0 1 14200.4 579.719 8500 -156224 1.35582e+06 -408399 185.989 -63.9492 15.095
1010000 FRAC0_S 0 1 14060.3 304.238 8500 -262136 1.40867e+06 -16877.7 176.863 -68.0868 0.776742
1010000 FRAC0_S 0 1 14012.3 -1.025 8500 -257304 1.70792e+06 276368 270.091 -66.0323 -9.11506
1010000 FRAC0_S 0 1 14061 -306.187 8500 -224944 1.207e+06 447601 156.465 -61.0374 -16.7037
1010000 FRAC0_S 0 1 14201.6 -581.378 8500 -1.80772e+07 605029 953004 153.413 -4.24741 -3.70802
1010000 FRAC0_S 0 1 14420.2 -799.659 8500 -232797 600235 1.01296e+06 168.575 -38.1209 -32.8647
1010000 FRAC0_S 0 1 14695.7 -939.664 8500 -7.39735e+06 -32275 1.03398e+06 142.284 0.532855 -9.03654
1010000 FRAC0_S 0 1 15001 -987.687 8500 -230424 -463854 1.18266e+06 205.199 30.3234 -36.046
1010000 FRAC0_S 0 1 15306.2 -939.03 8500 -7.51467e+06 -1.07231e+06 882214 205.978 14.9563 -6.98056
1010000 FRAC0_S 0 1 15581.3 -798.454 8500 -621165 -1.5064e+06 1.05108e+06 349.146 50.6262 -22.184
1010000 FRAC0_S 0 1 15799.6 -579.719 8500 2.93816e+06 -1.5307e+06 455360 1005.63 36.7552 -6.93074
1010000 FRAC0_S 0 1 15939.7 -304.238 8500 -1.79151e+07 -1.55821e+06 -189065 221.115 10.6551 0.746962
1010000 FRAC0_S 0 1 15987.7 1.025 8500 154329 -2.33604e+06 -238880 495.994 68.547 6.57422
1010000 FRAC0_S 0 1 15939 306.187 8500 -202942 -1.60602e+06 -595893 277.067 62.2761 17.3013
1010000 FRAC0_S 0 1 15798.4 581.378 8500 -351576 -1.26939e+06 -975029 270.029 51.7201 24.6408
1010000 FRAC0_S 0 1 15579.8 799.659 8500 -30555.5 -672173 -1.3273e+06 274.57 38.6816 36.8915
1010000 FRAC0_S 0 1 15304.3 939.664 8500 5.81542e+06 -233371 -1.23728e+06 3222.08 4.41236 12.2939
Step FractureNumber TipNr TipActive TipX TipY TipZ KI KII KIII G Phi Psi Extension
1010101 FRAC0_S 0 1 14999 1079.47 8475.56 113473 540182 -1.2895e+06 248.304 -33.5093 37.2292
1010101 FRAC0_S 0 1 14671.2 1018.36 8459.6 515656 808519 -907540 191.489 -41.5325 26.262
1010101 FRAC0_S 0 1 14387.5 848.481 8430.46 370913 4.85298e+06 -2.71123e+06 3088.57 -59.4392 22.7982
1010101 FRAC0_S 0 1 14166.4 605.519 8410.18 1.74558e+06 802040 -624672 380.744 -30.9212 14.0798
1010101 FRAC0_S 0 1 14023.5 316.419 8408.3 3.68652e+06 3.99198e+06 -1.00473e+06 2765.36 -49.5679 8.58351
1010101 FRAC0_S 0 1 13971.6 -1.925 8409.24 2.10281e+06 1.02043e+06 26303.1 486.907 -38.011 -0.649109
1010101 FRAC0_S 0 1 14007.6 -328.378 8431.55 1.70792e+06 1.42597e+06 539318 479.814 -43.7998 -10.7409
1010101 FRAC0_S 0 1 14138.2 -630.404 8458.99 653558 1.17309e+06 720157 229.667 -49.6342 -19.4174
1010101 FRAC0_S 0 1 14369.3 -869.965 8467.51 -2.54039e+07 1.11893e+07 2.75697e+06 12167.5 -34.1493 -5.30289
1010101 FRAC0_S 0 1 14668.8 -1024.74 8497.66 -61229.2 -413343 -369274 33.361 51.781 27.8139
1010101 FRAC0_S 0 1 15000.9 -1077.59 8531.93 142415 -534965 1.26152e+06 238.97 33.2987 -36.7798
1010101 FRAC0_S 0 1 15330.6 -1019.36 8544.86 -5.02035e+06 -5.96353e+06 4.15101e+06 5460.78 44.2956 -18.9105
1010101 FRAC0_S 0 1 15623.8 -858.815 8560.07 1.27119e+06 -1.46898e+06 857109 433.991 45.4972 -16.7113
1010101 FRAC0_S 0 1 15864.8 -623.621 8553.87 6.69072e+06 -1.06673e+07 6.78635e+06 20254.3 48.19 -19.3167
1010101 FRAC0_S 0 1 16011.8 -331.12 8547.47 -1.34233e+07 -5.95859e+06 7715.74 3163.84 36.4125 -0.0310334
1010101 FRAC0_S 0 1 16040.4 -2.9185 8573.29 2.00026e+06 -1.38389e+06 -67517.3 527.798 44.8784 1.51311
1010101 FRAC0_S 0 1 15982.8 322.524 8587.15 588871 -1.46818e+07 -1.66087e+06 19606 68.7641 7.33374
1010101 FRAC0_S 0 1 15846 619.016 8577.01 2.07024e+07 7.33972e+06 -3.49991e+06 44621.4 -28.7871 8.24858
1010101 FRAC0_S 0 1 15622.8 864.09 8552.8 1.07158e+06 -1.09942e+06 -1.30579e+06 436.811 37.2708 24.6399
1010101 FRAC0_S 0 1 15331 1025.17 8508.13 -5.14002e+06 120790 -917436 113.245 -2.71036 10.8549