
Step FractureNumber TipNr TipActive TipX TipY TipZ KI KII KIII G Phi Psi Extension
1010000 FRAC0_S 0 1 -30000 29254 7852.75 3.61641e+06 -4.67895e+06 3.09396e+06 4389.41 45.7006 -18.7538
1010000 FRAC0_S 0 1 -30000 29487.6 7655.6 3.07421e+06 -5.53075e+06 1.59094e+06 3904.6 55.3453 -11.3674
1010000 FRAC0_S 0 1 -30000 29773.6 7538.6 2.92721e+06 -5.87932e+06 237415 3851.25 61.4291 -2.02486
1010000 FRAC0_S 0 1 -30000 30081.8 7515.7 2.79622e+06 -5.34117e+06 -932049 3354.42 58.1709 7.66739
1010000 FRAC0_S 0 1 -30000 30382 7589.16 3.17727e+06 -4.89048e+06 -1.84513e+06 3483.59 52.0311 13.3752
1010000 FRAC0_S 0 1 -30000 30644.7 7751.78 2.76365e+06 -3.00517e+06 -1.88211e+06 1956.5 44.1903 17.1908
1010000 FRAC0_S 0 1 -30000 30844.5 7987.64 4.50938e+06 -3.36537e+06 -3.08848e+06 4089.89 36.3795 19.3546
1010000 FRAC0_S 0 1 -30000 30961.5 8273.65 5.0697e+06 -2.16794e+06 -2.87074e+06 3805.18 26.806 19.4901
1010000 FRAC0_S 0 1 -30000 30984.3 8581.81 5.90888e+06 -1.3801e+06 -3.60755e+06 5011.91 16.6088 22.2066
1010000 FRAC0_S 0 1 -30000 30910.8 8881.97 5.72034e+06 -327190 -3.29063e+06 4365.58 4.81937 23.3883
1010000 FRAC0_S 0 1 -30000 30748.2 9144.74 6.33608e+06 1.52003e+06 -3.87494e+06 5780.3 -16.965 22.164
1010000 FRAC0_S 0 1 -30000 30512.4 9344.4 8.5451e+06 2.18925e+06 -4.04496e+06 9109.89 -19.2022 18.876
1010000 FRAC0_S 0 1 -30000 30226.4 9461.4 8.13899e+06 3.49565e+06 -3.49565e+06 8617.01 -28.6087 16.2594
1010000 FRAC0_S 0 1 -30000 29918.2 9484.3 9.61506e+06 5.10928e+06 -2.82974e+06 11629.3 -34.8183 11.7162
1010000 FRAC0_S 0 1 -30000 29618 9410.84 1.01503e+07 5.09713e+06 -2.26685e+06 12179.5 -34.815 9.5426
1010000 FRAC0_S 0 1 -30000 29355.3 9248.22 9.20025e+06 7.05021e+06 312447 11984.9 -46.9095 -1.45967
1010000 FRAC0_S 0 1 -30000 29155.5 9012.36 8.47855e+06 6.16455e+06 2.19319e+06 10431.8 -41.8761 -9.60072
1010000 FRAC0_S 0 1 -30000 29038.5 8726.35 7.80514e+06 4.25794e+06 3.96582e+06 9135.95 -32.2502 -17.2784
1010000 FRAC0_S 0 1 -30000 29015.7 8418.19 6.47803e+06 1.56449e+06 3.99471e+06 6079.97 -17.0135 -22.2509
1010000 FRAC0_S 0 1 -30000 29089.2 8118.03 4.77912e+06 -2.01376e+06 4.11631e+06 4650.18 23.4578 -24.733
Step FractureNumber TipNr TipActive TipX TipY TipZ KI KII KIII G Phi Psi Extension
1010101 FRAC0_S 0 1 -29933.7 29196.8 7811.44 6.15029e+06 -279385 2.8299e+06 4442.74 4.16043 -20.756
1010101 FRAC0_S 0 1 -29919 29456.9 7608.26 5.21968e+06 -371913 1.10779e+06 2603.35 7.55631 -11.9955
1010101 FRAC0_S 0 1 -29914.3 29761.8 7490.03 5.80525e+06 -1.51822e+06 -62587.6 3209.01 25.8197 0.658582
1010101 FRAC0_S 0 1 -29915.8 30087.2 7463.6 6.67555e+06 -642997 -429892 4032.42 11.1357 4.22595
1010101 FRAC0_S 0 1 -29921.9 30406.6 7534.08 7.24412e+06 -573600 -974051 4831.76 8.83603 8.23664
1010101 FRAC0_S 0 1 -29930.6 30691.3 7700 6.54249e+06 -1.03884e+06 -2.2164e+06 4563.79 14.057 15.9561
1010101 FRAC0_S 0 1 -29941.7 30912.2 7948.07 6.78839e+06 -770402 -3.10876e+06 5444.65 9.74559 19.9284
1010101 FRAC0_S 0 1 -29955.5 31045.9 8254.97 7.03097e+06 -508906 -2.80297e+06 5473.12 6.71904 18.7148
1010101 FRAC0_S 0 1 -29972.3 31076.7 8590.3 5.73543e+06 203075 -3.74874e+06 4804.02 -2.90407 25.2424
1010101 FRAC0_S 0 1 -29996 30998.8 8918.83 8.88605e+06 -684364 -4.07659e+06 9288.29 6.84463 20.3553
1010101 FRAC0_S 0 1 -30020.7 30819.7 9205.78 7.53876e+06 -738557 -3.43476e+06 6682.06 8.54997 20.0366
1010101 FRAC0_S 0 1 -30035.7 30560 9421.74 9.93758e+06 -1.22228e+06 -4.40052e+06 11508.7 10.5652 19.4194
1010101 FRAC0_S 0 1 -30046.4 30246.9 9544.77 1.07131e+07 -1.41189e+06 -3.81617e+06 12341.7 11.8506 16.7813
1010101 FRAC0_S 0 1 -30054.8 29911.8 9565.49 1.28813e+07 -1.28338e+06 -3.45874e+06 16523.7 9.82394 14.0371
1010101 FRAC0_S 0 1 -30061.1 29589.3 9482.09 1.36684e+07 -657071 -2.05289e+06 17246.9 5.5039 9.2582
1010101 FRAC0_S 0 1 -30067.5 29309.1 9302.68 1.33251e+07 -1.03503e+06 -223527 15924.3 9.5835 1.18777
1010101 FRAC0_S 0 1 -30065 29092.1 9049.46 1.3503e+07 -218277 2.08962e+06 16832.4 1.91943 -9.73235
1010101 FRAC0_S 0 1 -30050.7 28957.7 8743.72 9.84422e+06 141766 3.69899e+06 10457.1 -1.44278 -18.6721
1010101 FRAC0_S 0 1 -30018 28926.3 8410.2 7.86679e+06 219193 4.29251e+06 7969.58 -2.45711 -23.0799
1010101 FRAC0_S 0 1 -29969.5 29009.8 8086.91 6.83358e+06 -391250 4.1274e+06 6440.59 4.7419 -23.9967