
Step FractureNumber TipNr TipActive TipX TipY TipZ KI KII KIII G Phi Psi Extension
1010000 FRAC0_S 0 1 29487.9 844.559 8500 1.11393e+06 -3.19358e+06 6.38589e+06 6443.09 35.5676 -34.8115
1010000 FRAC0_S 0 1 29251.9 644.975 8500 4.61586e+06 -5.83517e+06 4.80044e+06 7997.6 43.317 -21.2814
1010000 FRAC0_S 0 1 29089.2 382.257 8500 1.10851e+06 -8.03246e+06 3.83502e+06 7815 59.8401 -20.1702
1010000 FRAC0_S 0 1 29015.7 82.121 8500 1.17491e+06 -9.57744e+06 1.92234e+06 8788.31 65.82 -11.071
1010000 FRAC0_S 0 1 29038.5 -226.054 8500 1.21944e+06 -1.08251e+07 -214775 10580.7 69.0419 1.35638
1010000 FRAC0_S 0 1 29155.4 -512.101 8500 938479 -1.01163e+07 -2.6213e+06 10111.8 65.2574 13.7379
1010000 FRAC0_S 0 1 29355 -748.021 8500 4.06427e+07 -8.4917e+06 -2.82679e+06 154683 21.0098 4.14568
1010000 FRAC0_S 0 1 29617.7 -910.718 8500 9.97878e+06 -5.40421e+06 -5.43654e+06 15406.7 31.6239 18.1177
1010000 FRAC0_S 0 1 29917.9 -984.268 8500 1.18583e+06 -2.79295e+06 -6.94225e+06 7230.34 31.2254 36.248
1010000 FRAC0_S 0 1 30226 -961.471 8500 1.36974e+06 880061 -7.76331e+06 8251.97 -11.764 40.6378
1010000 FRAC0_S 0 1 30512.1 -844.559 8500 2.87419e+07 2.43462e+06 -6.85738e+06 80395.8 -8.67483 12.9904
1010000 FRAC0_S 0 1 30748.1 -644.975 8500 -2.84291e+06 5.9816e+06 -5.36498e+06 7016.46 -46.5778 24.7739
1010000 FRAC0_S 0 1 30910.8 -382.257 8500 1.19805e+06 9.24911e+06 -4.07602e+06 9960.57 -60.7686 19.2918
1010000 FRAC0_S 0 1 30984.3 -82.121 8500 2.17637e+06 1.10031e+07 -2.05745e+06 11773.4 -64.5953 9.93071
1010000 FRAC0_S 0 1 30961.5 226.054 8500 -3.39667e+07 9.705e+06 1.41658e+06 8659.9 -26.8911 -2.41802
1010000 FRAC0_S 0 1 30844.6 512.101 8500 900504 1.10841e+07 2.83541e+06 12089.4 -65.5517 -13.7152
1010000 FRAC0_S 0 1 30645 748.021 8500 1.09388e+06 8.36697e+06 4.54926e+06 9097.41 -58.6432 -21.8481
1010000 FRAC0_S 0 1 30382.3 910.718 8500 1.19607e+06 5.90775e+06 5.97918e+06 7992.38 -48.9449 -28.7549
1010000 FRAC0_S 0 1 30082.1 984.268 8500 1.21521e+06 3.06996e+06 6.88568e+06 7277.3 -33.1878 -35.5408
1010000 FRAC0_S 0 1 29774 961.471 8500 1.08581e+06 -355656 7.41641e+06 7431.75 5.50835 -42.1733
Step FractureNumber TipNr TipActive TipX TipY TipZ KI KII KIII G Phi Psi Extension
1010101 FRAC0_S 0 1 29447.3 915.437 8548.63 3.92368e+06 -576244 6.29498e+06 6671.82 7.27389 -34.2633
1010101 FRAC0_S 0 1 29202.3 690.982 8570.45 5.05645e+06 -1.2277e+06 5.06028e+06 5818.3 14.3311 -28.2266
1010101 FRAC0_S 0 1 29042.1 404.709 8583.18 2.2961e+07 -1.5191e+07 9.79849e+06 80312.4 37.3273 -14.561
1010101 FRAC0_S 0 1 28975 86.6383 8590.58 7.43301e+06 -840462 2.5481e+06 5849.79 10.4509 -16.5366
1010101 FRAC0_S 0 1 29002 -234.721 8592.21 -6.64026e+06 -1.24913e+06 3.42397e+06 1698.27 14.6043 -20.5839
1010101 FRAC0_S 0 1 29113.6 -542.674 8577.72 9.11341e+06 -3.20085e+06 -520519 8349.96 30.5608 3.10904
1010101 FRAC0_S 0 1 29307.4 -808.424 8553.74 8.88616e+06 -1.32174e+07 -9.43312e+06 34438.9 46.3799 20.3785
1010101 FRAC0_S 0 1 29584.3 -988.956 8548.14 4.86813e+06 -4.80268e+06 -5.93091e+06 8845.55 36.4631 24.8824
1010101 FRAC0_S 0 1 29911.7 -1070.33 8533.94 6.29142e+06 -2.42355e+06 -1.02022e+07 17893.7 16.787 32.4679
1010101 FRAC0_S 0 1 30248.3 -1051.56 8499 3.14924e+06 -82086.2 -7.39488e+06 8157.38 1.07731 38.2994
1010101 FRAC0_S 0 1 30556.4 -921.87 8469.2 7353.37 -1.28286e+06 -1.92632e+06 640.178 44.7019 34.877
1010101 FRAC0_S 0 1 30798.1 -693.277 8438.1 6.99933e+06 -4.02451e+06 -3.24449e+06 7208.89 33.9193 16.0302
1010101 FRAC0_S 0 1 30957 -403.821 8415.62 8.75066e+06 1.28667e+06 -4.76013e+06 9984.65 -11.644 21.6766
1010101 FRAC0_S 0 1 31038.7 -83.5262 8421.71 1.01233e+07 3.33935e+06 -3.85721e+06 12104.7 -24.3904 15.7342
1010101 FRAC0_S 0 1 31024.5 240.733 8432.04 9.73725e+06 5.23996e+06 -896890 11002.6 -38.5859 4.30167
1010101 FRAC0_S 0 1 30892.4 537.786 8421.83 8.81075e+06 3.27265e+06 1.33494e+06 8108.95 -29.9812 -7.43331
1010101 FRAC0_S 0 1 30677.1 788.231 8415.69 1.10124e+07 800877 4.00564e+06 12997.8 -6.90848 -17.6351
1010101 FRAC0_S 0 1 30405.2 971.7 8427.26 8.1672e+06 3.1581e+06 5.93891e+06 11523.7 -23.2675 -22.927
1010101 FRAC0_S 0 1 30086.3 1065.33 8456.18 6.36794e+06 5.99709e+06 2.21567e+07 72110.7 -22.2082 -36.4681
1010101 FRAC0_S 0 1 29753.8 1048.15 8505.65 3.98103e+06 740996 7.21734e+06 8389.17 -8.41923 -35.0921