
Step FractureNumber TipNr TipActive TipX TipY TipZ KI KII KIII G Phi Psi Extension
1010000 FRAC0_S 0 1 30000 -6516.62 8592.17 1.91892e+06 -2.46332e+06 -5.03434e+06 4239.67 31.8329 32.2686
1010000 FRAC0_S 0 1 30000 -6593.24 8891.55 3.59956e+06 -898250 -5.0248e+06 4584.56 12.5831 31.9699
1010000 FRAC0_S 0 1 30000 -6758.61 9152.59 5.11917e+06 472470 -4.65153e+06 5232.78 -6.30862 28.6155
1010000 FRAC0_S 0 1 30000 -6996.55 9349.75 6.39095e+06 2.36465e+06 -4.96691e+06 7419.03 -22.0461 23.909
1010000 FRAC0_S 0 1 30000 -7283.78 9463.73 1.84282e+07 8.31936e+06 -6.93382e+06 42823.4 -30.3096 14.6589
1010000 FRAC0_S 0 1 30000 -7592.17 9483.38 8.72616e+06 7.0183e+06 -3.84867e+06 13144.6 -41.1667 14.0482
1010000 FRAC0_S 0 1 30000 -7891.55 9406.76 8.09666e+06 8.42675e+06 -2.1127e+06 12763 -48.992 8.41845
1010000 FRAC0_S 0 1 30000 -8152.59 9241.39 5.56828e+06 7.14149e+06 -30278.6 7307.74 -56.4821 0.185192
1010000 FRAC0_S 0 1 30000 -8349.75 9003.45 5.00996e+06 7.58287e+06 2.45394e+06 8161.36 -52.7757 -11.8431
1010000 FRAC0_S 0 1 30000 -8463.73 8716.22 2.69792e+06 5.04666e+06 3.78901e+06 4827.56 -47.8564 -22.063
1010000 FRAC0_S 0 1 30000 -8483.38 8407.83 741252 1.9822e+06 4.57367e+06 3181.24 -32.8646 -35.9246
1010000 FRAC0_S 0 1 30000 -8406.76 8108.45 -1.92534e+06 -1.43494e+06 4.80634e+06 3255.91 22.438 -34.4754
1010000 FRAC0_S 0 1 30000 -8241.39 7847.41 -773800 1.86385e+06 -1.20974e+06 504.206 -51.3942 21.2631
1010000 FRAC0_S 0 1 30000 -8003.45 7650.25 -4.68655e+06 -5.09124e+06 2.06542e+06 2877.17 47.248 -12.5993
1010000 FRAC0_S 0 1 30000 -7716.22 7536.27 -5.98916e+06 -6.89879e+06 754432 4316.74 52.8959 -4.21253
1010000 FRAC0_S 0 1 30000 -7407.83 7516.62 -5.33484e+06 -6.15227e+06 -606259 3421.74 53.1058 3.82732
1010000 FRAC0_S 0 1 30000 -7108.45 7593.24 -4.7299e+06 -6.03631e+06 -1.82207e+06 3688.46 51.0369 10.5986
1010000 FRAC0_S 0 1 30000 -6847.41 7758.61 -1.1871e+06 319993 215637 15.3089 -23.5896 -9.24638
1010000 FRAC0_S 0 1 30000 -6650.25 7996.55 -2.21699e+07 -878693 -5.62128e+06 4271.44 4.22506 14.0248
1010000 FRAC0_S 0 1 30000 -6536.27 8283.78 -9.73051e+06 -135303 -1.94973e+06 507.222 1.594 11.9725
Step FractureNumber TipNr TipActive TipX TipY TipZ KI KII KIII G Phi Psi Extension
1010101 FRAC0_S 0 1 30032.6 -6427.54 8600.35 3.51174e+06 -2.37893e+06 -5.53027e+06 5670.89 26.1243 30.0318
1010101 FRAC0_S 0 1 30021.3 -6508.63 8929.29 6.24002e+06 -506766 -5.7301e+06 7859.56 5.57082 28.8618
1010101 FRAC0_S 0 1 29990.5 -6687.09 9215.03 8.06767e+06 -661986 -6.04566e+06 10700.1 6.13197 26.3906
1010101 FRAC0_S 0 1 29965.8 -6949.55 9427.1 9.65254e+06 -889435 -6.18734e+06 13464.7 7.24541 24.3343
1010101 FRAC0_S 0 1 29949 -7264.28 9544.53 1.13719e+07 -1.25823e+06 -5.6078e+06 15847.4 9.32536 20.8635
1010101 FRAC0_S 0 1 29935.7 -7597.47 9556.97 1.25074e+07 -1.60382e+06 -4.2962e+06 16623.9 11.6667 16.4072
1010101 FRAC0_S 0 1 29925 -7915.43 9465.98 1.13631e+07 -1.46814e+06 -2.42002e+06 12476.9 12.8283 11.5459
1010101 FRAC0_S 0 1 29919.5 -8190.35 9284.88 1.1403e+07 -1.4122e+06 -498535 11797.7 14.0623 2.87445
1010101 FRAC0_S 0 1 29920.8 -8401.26 9032.89 1.07911e+07 1.51932e+06 3.82589e+06 12529.1 -12.5612 -16.6386
1010101 FRAC0_S 0 1 29929.4 -8530.39 8729.31 8.36676e+06 644937 3.01673e+06 7485.39 -7.30525 -17.4867
1010101 FRAC0_S 0 1 29963.9 -8562.78 8398.41 2.19867e+06 1.26901e+06 3.32193e+06 2041.96 -23.7214 -30.2632
1010101 FRAC0_S 0 1 29986 -8481.81 8077.87 2.32025e+07 7.45654e+06 -4.0531e+06 55112.5 -26.8434 8.65761
1010101 FRAC0_S 0 1 29988.8 -8294.68 7803.05 -3.30589e+06 -2.96822e+06 3.93076e+06 2840.05 34.7988 -25.1483
1010101 FRAC0_S 0 1 30037.1 -8035.75 7596.03 -1.1262e+07 -4.54748e+06 -1.17062e+06 2025.01 32.4731 5.22054
1010101 FRAC0_S 0 1 30078.3 -7730.07 7477.29 1.81202e+06 -7.15657e+06 606852 4905.47 65.5331 -4.81077
1010101 FRAC0_S 0 1 30079.4 -7402.1 7457.59 2.44889e+06 -2.90791e+06 28075.6 1288.01 55.189 -0.405778
1010101 FRAC0_S 0 1 30048.9 -7079.46 7532.23 458769 -6.16227e+06 -1.551e+06 3722.52 65.7662 13.6152
1010101 FRAC0_S 0 1 30001.3 -6789.46 7697.07 -3.0661e+06 -5.66827e+06 -3.22791e+06 4248.82 50.6213 18.6447
1010101 FRAC0_S 0 1 29994.4 -6567.83 7948.47 -4.8081e+06 -8.08877e+06 -7.26539e+06 12850.8 44.8993 23.822
1010101 FRAC0_S 0 1 30016.5 -6444.9 8262.12 605473 -4.82253e+06 -5.02195e+06 5459.33 49.7003 29.8633