
Step FractureNumber TipNr TipActive TipX TipY TipZ KI KII KIII G Phi Psi Extension
1010000 FRAC0_S 0 1 -29476.2 -29162.6 8500 2.62031e+06 1.18068e+07 1.55225e+06 13354.3 -65.2271 -7.26559
1010000 FRAC0_S 0 1 -29760.5 -29041.8 8500 1.51109e+06 1.12534e+07 3.91197e+06 13523.6 -62.5975 -16.4814
1010000 FRAC0_S 0 1 -30068.3 -29014.7 8500 2.10062e+06 7.42994e+06 5.63527e+06 9536.02 -51.7868 -24.4267
1010000 FRAC0_S 0 1 -30369.5 -29084 8500 2.58418e+06 4.51414e+06 7.07617e+06 9070.52 -37.4861 -30.7148
1010000 FRAC0_S 0 1 -30634.5 -29243 8500 2.71327e+06 1.27445e+06 7.997e+06 9306.36 -14.096 -37.3537
1010000 FRAC0_S 0 1 -30837.4 -29476.2 8500 2.29581e+06 -2.32336e+06 6.87634e+06 7239.47 25.436 -34.8499
1010000 FRAC0_S 0 1 -30958.2 -29760.5 8500 2.37958e+06 -5.23856e+06 5.9794e+06 7705.16 43.5465 -27.9185
1010000 FRAC0_S 0 1 -30985.3 -30068.3 8500 2.08184e+06 -7.48211e+06 4.48872e+06 8054.53 54.6967 -21.5479
1010000 FRAC0_S 0 1 -30916 -30369.5 8500 2.01393e+06 -8.55148e+06 2.56854e+06 7755.3 61.4787 -13.9919
1010000 FRAC0_S 0 1 -30757 -30634.5 8500 2.29405e+06 -1.07932e+07 807191 10936.4 66.5127 -4.41999
1010000 FRAC0_S 0 1 -30523.8 -30837.4 8500 1.86502e+06 -9.25833e+06 -1.28438e+06 8167.56 65.4901 7.72051
1010000 FRAC0_S 0 1 -30239.5 -30958.2 8500 2.02942e+06 -5.92365e+06 -2.51431e+06 4334.63 56.81 16.8319
1010000 FRAC0_S 0 1 -29931.7 -30985.3 8500 2.1551e+06 -7.55469e+06 -5.26519e+06 9186.73 52.8127 23.3452
1010000 FRAC0_S 0 1 -29630.5 -30916 8500 1.81024e+06 -3.68358e+06 -5.09817e+06 4957.98 40.2218 29.898
1010000 FRAC0_S 0 1 -29365.5 -30757 8500 1.7577e+06 -1.52008e+06 -6.59513e+06 6266.14 19.8957 37.3787
1010000 FRAC0_S 0 1 -29162.6 -30523.8 8500 1.94694e+06 1.31857e+06 -7.71644e+06 8411.98 -15.8003 38.514
1010000 FRAC0_S 0 1 -29041.8 -30239.5 8500 2.14793e+06 4.69062e+06 -6.12949e+06 7368.6 -41.4807 29.4951
1010000 FRAC0_S 0 1 -29014.7 -29931.7 8500 2.49234e+06 8.09227e+06 -5.43846e+06 10322.6 -52.8509 22.6726
1010000 FRAC0_S 0 1 -29084 -29630.5 8500 1.99565e+06 8.27886e+06 -2.72286e+06 7448.51 -60.7744 14.8922
1010000 FRAC0_S 0 1 -29243 -29365.5 8500 3.76289e+06 1.38445e+07 -1.15826e+06 18519.9 -65.186 4.68861
Step FractureNumber TipNr TipActive TipX TipY TipZ KI KII KIII G Phi Psi Extension
1010101 FRAC0_S 0 1 -29454.2 -29127 8409.71 1.3281e+07 1.48766e+06 1.32341e+06 16147.9 -12.3443 -6.1915
1010101 FRAC0_S 0 1 -29750.5 -28995.1 8413.26 1.07299e+07 1.37293e+06 3.2449e+06 11827.7 -11.9636 -15.0161
1010101 FRAC0_S 0 1 -30075.1 -28954.3 8423.31 9.10673e+06 2.04074e+06 5.66646e+06 12031.7 -15.9609 -22.5388
1010101 FRAC0_S 0 1 -30401 -29013.3 8443.84 6.94868e+06 1.05016e+06 6.83176e+06 10608.4 -9.56247 -28.9283
1010101 FRAC0_S 0 1 -30692.2 -29175.5 8483.35 5.57297e+06 -154129 7.37439e+06 10002.4 1.63731 -33.4486
1010101 FRAC0_S 0 1 -30908.8 -29429.2 8532.61 5.69185e+06 -846481 7.46795e+06 10368.2 8.20535 -32.207
1010101 FRAC0_S 0 1 -31026.9 -29740.8 8565.58 6.6408e+06 -1.8036e+06 5.84183e+06 8758.53 16.559 -26.3773
1010101 FRAC0_S 0 1 -31042.8 -30070.4 8579.99 8.21201e+06 -1.26467e+06 3.62848e+06 7902.91 12.8584 -19.0664
1010101 FRAC0_S 0 1 -30960.2 -30385.8 8587.27 7.39641e+06 -1.00773e+06 2.02122e+06 5508.77 12.8786 -13.8819
1010101 FRAC0_S 0 1 -30788.8 -30660.5 8590.57 1.32414e+07 -1.50892e+06 1.04775e+06 15973 12.7332 -5.02791
1010101 FRAC0_S 0 1 -30545.8 -30874.5 8589.34 1.19561e+07 -2.05057e+06 -1.03359e+06 13254.8 17.7863 5.20444
1010101 FRAC0_S 0 1 -30250.5 -31008.6 8584.51 1.0622e+07 -2.31871e+06 -3.15962e+06 11860.9 18.7105 14.0362
1010101 FRAC0_S 0 1 -29925.7 -31046.4 8576.9 8.83109e+06 -2.63653e+06 -4.84967e+06 10697 20.7935 20.2674
1010101 FRAC0_S 0 1 -29600.1 -30984.4 8560.71 7.13889e+06 -2.19347e+06 -6.60218e+06 10767.4 17.9453 26.6527
1010101 FRAC0_S 0 1 -29307.8 -30823.4 8526.35 5.4892e+06 -597818 -7.66322e+06 10527.3 5.95445 33.2208
1010101 FRAC0_S 0 1 -29088.7 -30571.9 8478.33 6.07467e+06 1.06704e+06 -7.90935e+06 11709.9 -9.57341 31.8761
1010101 FRAC0_S 0 1 -28970 -30260.2 8440.15 7.72885e+06 1.79746e+06 -7.16394e+06 12436.7 -14.2654 27.4
1010101 FRAC0_S 0 1 -28955 -29929.6 8421.77 1.0689e+07 2.60812e+06 -6.38707e+06 16213.1 -17.3208 21.8348
1010101 FRAC0_S 0 1 -29038.2 -29613.6 8413.75 1.34626e+07 2.09808e+06 -3.88948e+06 18554.7 -14.2873 14.2782
1010101 FRAC0_S 0 1 -29210 -29338.6 8410.1 1.43963e+07 937941 -1.19005e+06 18735.1 -7.72105 5.44628