
Step FractureNumber TipNr TipActive TipX TipY TipZ KI KII KIII G Phi Psi Extension
1010000 FRAC0_S 0 1 -44193.9 44575.6 8118.3 -76174.5 -1.91415e+06 -661039 384.612 64.5881 17.3957
1010000 FRAC0_S 0 1 -44225.7 44808.3 7917.46 -110371 -2.03244e+06 -1.13903e+06 540.65 59.8546 23.0964
1010000 FRAC0_S 0 1 -44333.4 45059.8 7773.64 889291 -568657 -1.86309e+06 560.942 21.9197 33.372
1010000 FRAC0_S 0 1 -44506.3 45305.3 7700.93 -59348.5 -444306 -1.85058e+06 473.068 23.9285 40.9224
1010000 FRAC0_S 0 1 -44727.5 45521 7706.42 -50949.3 404596 -1.85128e+06 470.41 -22.4014 41.3434
1010000 FRAC0_S 0 1 -44975.3 45685.7 7789.6 -40361.9 1.17778e+06 -1.65799e+06 489.216 -45.5918 33.998
1010000 FRAC0_S 0 1 -45225.7 45783.3 7942.33 28074.1 1.95451e+06 -1.00609e+06 475.106 -61.6185 22.5178
1010000 FRAC0_S 0 1 -45453.8 45804.2 8149.63 -43461.3 2.5169e+06 -872175 665.663 -65.019 17.6885
1010000 FRAC0_S 0 1 -45637.6 45746.4 8391.24 -67317.2 2.67462e+06 -315470 650.694 -68.9027 7.69687
1010000 FRAC0_S 0 1 -45759 45615.5 8643.49 -697625 2.37831e+06 -319758 517.636 -63.7164 7.05232
1010000 FRAC0_S 0 1 -45806.1 45424.4 8881.7 68255.2 2.72968e+06 928904 779.146 -64.9887 -17.3912
1010000 FRAC0_S 0 1 -45774.3 45191.7 9082.54 -28221.1 1.94637e+06 1.28066e+06 555.711 -58.6831 -25.5787
1010000 FRAC0_S 0 1 -45666.6 44940.2 9226.36 810595 779943 1.91812e+06 602.089 -27.6618 -32.7788
1010000 FRAC0_S 0 1 -45493.7 44694.7 9299.07 -276606 361280 1.67198e+06 383.435 -20.1846 -39.1694
1010000 FRAC0_S 0 1 -45272.5 44479 9293.58 -77537.5 -427462 1.89014e+06 491.441 22.7563 -41.0029
1010000 FRAC0_S 0 1 -45024.7 44314.3 9210.4 -99310.9 -1.2308e+06 1.64763e+06 496.046 45.9076 -33.0554
1010000 FRAC0_S 0 1 -44774.3 44216.7 9057.67 -111200 -1.91372e+06 1.3113e+06 555.043 57.274 -25.5597
1010000 FRAC0_S 0 1 -44546.2 44195.8 8850.37 -122815 -2.47196e+06 851547 640.958 64.4047 -17.2582
1010000 FRAC0_S 0 1 -44362.4 44253.6 8608.76 -103795 -2.66541e+06 294079 644.575 68.8191 -7.18397
1010000 FRAC0_S 0 1 -44241 44384.5 8356.51 -130479 -2.83027e+06 -286425 724.72 68.8461 6.62343
Step FractureNumber TipNr TipActive TipX TipY TipZ KI KII KIII G Phi Psi Extension
1010101 FRAC0_S 0 1 -44108.8 44588.8 8176.6 1.37924e+06 47886.2 -807662 256.478 -2.96772 23.8793
1010101 FRAC0_S 0 1 -44138.3 44843.6 7924.83 1.79095e+06 -825869 -1.28594e+06 566.531 26.4911 22.1179
1010101 FRAC0_S 0 1 -44251.7 45096.3 7742.75 1.15872e+06 -120461 -1.49475e+06 418.095 5.94766 32.4487
1010101 FRAC0_S 0 1 -44449.8 45344.7 7639.92 427190 -213351 -1.37175e+06 270.583 14.0565 37.8365
1010101 FRAC0_S 0 1 -44718.4 45549.2 7622.76 690686 295900 -1.47807e+06 340.876 -15.7991 34.9087
1010101 FRAC0_S 0 1 -45009.7 45692.8 7700.34 1.81594e+06 440068 -1.30682e+06 538.244 -16.2244 24.1701
1010101 FRAC0_S 0 1 -45280.3 45773.4 7860.76 1.93631e+06 996180 -1.07132e+06 575.179 -30.4997 18.5082
1010101 FRAC0_S 0 1 -45524.4 45785.4 8082.12 2.42569e+06 614719 -559084 599.567 -21.8675 11.3191
1010101 FRAC0_S 0 1 -45715.6 45722.6 8334.17 1.94251e+06 508061 -18359.8 359.289 -25.8452 0.578208
1010101 FRAC0_S 0 1 -45842.9 45588.2 8597.37 2.5421e+06 575314 458604 633.32 -20.7116 -9.46031
1010101 FRAC0_S 0 1 -45893.5 45391.4 8847.71 1.947e+06 602042 680185 431.629 -23.6679 -14.9654
1010101 FRAC0_S 0 1 -45862.6 45155.5 9073.79 1.56576e+06 538506 1.02297e+06 383.481 -22.0322 -21.9839
1010101 FRAC0_S 0 1 -45749.1 44902.1 9254.86 543991 1.23642e+06 1.17156e+06 345.146 -46.3581 -25.7584
1010101 FRAC0_S 0 1 -45549.5 44655.5 9360.77 599333 274190 1.80514e+06 472.093 -13.5971 -37.5774
1010101 FRAC0_S 0 1 -45280.9 44451.8 9378.67 696724 -339654 1.60503e+06 396.16 16.8449 -35.2115
1010101 FRAC0_S 0 1 -44990.3 44305.7 9300.03 1.43721e+06 -829533 1.54928e+06 564.619 27.1256 -26.2281
1010101 FRAC0_S 0 1 -44716 44222.1 9136.94 2.21488e+06 -877737 1.08123e+06 661.283 26.3456 -17.9913
1010101 FRAC0_S 0 1 -44475.7 44212.3 8918.29 1.7163e+06 -469282 658066 339.709 21.1976 -16.2832
1010101 FRAC0_S 0 1 -44285.4 44278.9 8666.67 2.35671e+06 -521109 18840.3 519.17 22.9205 -0.505928
1010101 FRAC0_S 0 1 -44159.2 44415.2 8404.15 2.50877e+06 -508570 -522224 620.17 18.6703 10.7897