
Step FractureNumber TipNr TipActive TipX TipY TipZ KI KII KIII G Phi Psi Extension
1010000 FRAC0_S 0 1 44264.2 653.733 8582.09 755100 -805443 -1.09453e+06 267.95 36.0285 26.5466
1010000 FRAC0_S 0 1 44198.2 475.814 8825.98 623447 36324.8 -1.5561e+06 356.808 -2.2762 38.5015
1010000 FRAC0_S 0 1 44210.7 251.32 9037.97 297808 1.12467e+06 -1.40578e+06 383.453 -44.6026 30.6169
1010000 FRAC0_S 0 1 44300.5 2.2245 9197.29 118919 1.96238e+06 -980351 472.243 -60.9761 21.5923
1010000 FRAC0_S 0 1 44458.7 -247.088 9288.36 527.087 2.29207e+06 -406810 490.159 -68.4061 11.0054
1010000 FRAC0_S 0 1 44669.9 -472.214 9302.26 66348.9 2.25269e+06 106376 454.096 -69.645 -3.35751
1010000 FRAC0_S 0 1 44913.5 -651.116 9237.63 121236 1.57621e+06 436474 248.036 -65.2186 -14.5736
1010000 FRAC0_S 0 1 45165.5 -766.284 9100.79 523519 1.61614e+06 518334 292.904 -59.2452 -13.9558
1010000 FRAC0_S 0 1 45401.3 -806.441 8905.15 707195 1.35734e+06 732260 280.055 -51.4573 -18.1599
1010000 FRAC0_S 0 1 45597.8 -767.659 8669.84 1.63676e+06 1.15457e+06 668449 416.938 -38.9241 -13.8382
1010000 FRAC0_S 0 1 45735.8 -653.733 8417.91 1.20681e+06 1.08119e+06 879576 336.841 -39.6307 -19.1146
1010000 FRAC0_S 0 1 45801.8 -475.814 8174.02 1.2447e+06 886751 999892 341.096 -34.0324 -21.542
1010000 FRAC0_S 0 1 45789.3 -251.32 7962.03 1.64845e+06 747987 1.20868e+06 486.302 -26.0338 -22.4415
1010000 FRAC0_S 0 1 45699.5 -2.2245 7802.71 1.86808e+06 342710 1.46292e+06 606.075 -12.451 -25.8277
1010000 FRAC0_S 0 1 45541.3 247.088 7711.64 1.78805e+06 -256671 1.42506e+06 560.862 9.97322 -26.4687
1010000 FRAC0_S 0 1 45330.1 472.214 7697.74 1.67843e+06 -823906 1.27209e+06 526.747 27.2247 -22.5398
1010000 FRAC0_S 0 1 45086.5 651.116 7762.37 1.84931e+06 -1.59186e+06 1.11137e+06 694.832 40.3945 -17.0748
1010000 FRAC0_S 0 1 44834.5 766.284 7899.21 1.26443e+06 -1.45735e+06 467157 360.752 49.3607 -10.7183
1010000 FRAC0_S 0 1 44598.7 806.441 8094.85 1.56689e+06 -2.21877e+06 -52435.5 657.827 57.5396 1.05947
1010000 FRAC0_S 0 1 44402.2 767.659 8330.16 1.17939e+06 -1.61819e+06 -605766 406.091 50.7408 12.8379
Step FractureNumber TipNr TipActive TipX TipY TipZ KI KII KIII G Phi Psi Extension
1010101 FRAC0_S 0 1 44231.8 732.409 8618.55 1.72998e+06 -62189.1 -1.3188e+06 498.355 2.77066 27.1354
1010101 FRAC0_S 0 1 44125.6 515.001 8851.05 1.17812e+06 -111039 -1.42168e+06 393.595 5.61712 31.8302
1010101 FRAC0_S 0 1 44120 238.975 9040.7 1.05367e+06 155093 -1.22155e+06 299.537 -8.64915 30.8682
1010101 FRAC0_S 0 1 44215.2 -44.2916 9182.66 1.34665e+06 337778 -918377 283.94 -16.9896 23.4132
1010101 FRAC0_S 0 1 44384.1 -308.817 9265.68 1.96161e+06 376746 -672342 415.659 -16.4228 15.773
1010101 FRAC0_S 0 1 44613.1 -550.944 9277.1 2.07326e+06 381668 8874.36 396.022 -20.0076 -0.28052
1010101 FRAC0_S 0 1 44858.8 -731.154 9215.97 1.50405e+06 324435 323515 224.881 -19.5154 -10.9801
1010101 FRAC0_S 0 1 45126 -854.949 9081.35 1.63659e+06 250911 519200 280.137 -13.8349 -15.2912
1010101 FRAC0_S 0 1 45383.9 -900.965 8884.99 1.7815e+06 159409 789334 367.942 -7.93547 -19.7921
1010101 FRAC0_S 0 1 45603.4 -861.987 8642.69 1.31658e+06 239860 852626 256.277 -13.2452 -23.4724
1010101 FRAC0_S 0 1 45757.5 -739.877 8375.66 1.28333e+06 -108725 850291 243.97 6.62361 -24.8323
1010101 FRAC0_S 0 1 45836 -545.933 8114.81 1.78167e+06 -276575 1.14294e+06 463.423 11.5732 -23.6422
1010101 FRAC0_S 0 1 45835.5 -296.648 7889.64 1.95024e+06 -345131 1.37099e+06 599.527 12.5586 -24.5527
1010101 FRAC0_S 0 1 45755.5 -11.95 7726.3 2.11963e+06 -174541 1.32665e+06 637.153 6.58601 -24.1487
1010101 FRAC0_S 0 1 45601.5 278.471 7645.54 2.22457e+06 109817 1.4078e+06 705.645 -4.04811 -24.673
1010101 FRAC0_S 0 1 45385.1 537.242 7652.82 2.47038e+06 212551 1.44414e+06 825.223 -7.02455 -23.253
1010101 FRAC0_S 0 1 45130.8 735.745 7742.24 2.07201e+06 175486 1.04068e+06 529.355 -7.27225 -21.3808
1010101 FRAC0_S 0 1 44868.7 858.494 7903.11 2.2304e+06 86422.3 421177 467.554 -4.34922 -11.2176
1010101 FRAC0_S 0 1 44622 899.767 8117.7 2.89131e+06 74855.2 -140615 748.06 -3.33254 3.46273
1010101 FRAC0_S 0 1 44405.5 859.609 8363.91 2.38336e+06 -46523.5 -892562 612.331 1.94666 18.5728