
Step FractureNumber TipNr TipActive TipX TipY TipZ KI KII KIII G Phi Psi Extension
1010000 FRAC0_S 0 1 45000 29251.8 7855.26 3.16431e+06 408079 989431 1037.29 -11.9636 -15.3653
1010000 FRAC0_S 0 1 45000 29487.6 7655.6 3.03966e+06 -183906 942982 944.617 6.04304 -15.9628
1010000 FRAC0_S 0 1 45000 29773.6 7538.6 3.14379e+06 -673815 862889 1020.2 18.704 -13.2583
1010000 FRAC0_S 0 1 45000 30081.8 7515.7 3.06758e+06 -958916 642159 975.315 25.8021 -10.1043
1010000 FRAC0_S 0 1 45000 30382 7589.16 3.11464e+06 -1.17157e+06 413353 1009.49 30.5508 -6.60525
1010000 FRAC0_S 0 1 45000 30644.7 7751.78 2.34061e+06 -987087 124447 577.067 34.3078 -2.76895
1010000 FRAC0_S 0 1 45000 30844.5 7987.64 3.21242e+06 -1.38682e+06 -98653.4 1092.26 35.228 1.62341
1010000 FRAC0_S 0 1 45000 30961.5 8273.65 3.31629e+06 -1.28512e+06 -321260 1140.91 31.7779 4.94982
1010000 FRAC0_S 0 1 45000 30984.3 8581.81 3.0493e+06 -1.05047e+06 -498575 959.958 28.3293 8.06919
1010000 FRAC0_S 0 1 45000 30910.8 8881.97 2.52074e+06 -696975 -559567 651.148 23.4492 10.8307
1010000 FRAC0_S 0 1 45000 30748.2 9144.74 2.78142e+06 169980 -410062 714.319 -6.90043 9.02407
1010000 FRAC0_S 0 1 45000 30512.4 9344.4 2.41446e+06 -166535 -699473 587.022 6.92679 15.1311
1010000 FRAC0_S 0 1 45000 30226.4 9461.4 3.04841e+06 332067 -907592 947.466 -10.4218 15.0308
1010000 FRAC0_S 0 1 45000 29918.2 9484.3 2.92176e+06 646483 -795222 882.053 -19.2056 13.1191
1010000 FRAC0_S 0 1 45000 29618 9410.84 2.6587e+06 723720 -303147 688.788 -24.7921 6.19243
1010000 FRAC0_S 0 1 45000 29355.3 9248.22 2.8415e+06 1.21959e+06 -372456 870.477 -33.2146 6.31977
1010000 FRAC0_S 0 1 45000 29155.5 9012.36 2.83946e+06 1.36938e+06 -66176.9 886.135 -37.6626 1.19952
1010000 FRAC0_S 0 1 45000 29038.5 8726.35 3.23151e+06 1.60121e+06 271738 1168.83 -37.0284 -4.05883
1010000 FRAC0_S 0 1 45000 29015.7 8418.19 2.37078e+06 909868 475083 604.642 -29.8082 -9.3386
1010000 FRAC0_S 0 1 45000 29089.2 8118.03 2.95053e+06 757712 800906 912.232 -21.5488 -12.8131
Step FractureNumber TipNr TipActive TipX TipY TipZ KI KII KIII G Phi Psi Extension
1010101 FRAC0_S 0 1 44983.6 29184.7 7787.96 3.40276e+06 -311574 794698 1124.43 9.33975 -12.7221
1010101 FRAC0_S 0 1 45008.1 29437.8 7574.07 3.37011e+06 35093 798759 1097.04 -1.16379 -13.6288
1010101 FRAC0_S 0 1 45029.6 29751.7 7448.81 3.39752e+06 175612 712097 1098.8 -5.61975 -12.0504
1010101 FRAC0_S 0 1 45042.5 30088.4 7427.94 3.49906e+06 299827 526438 1135.88 -9.36831 -9.00459
1010101 FRAC0_S 0 1 45050.4 30414 7511.38 2.85002e+06 414725 211610 745.088 -15.7056 -4.62569
1010101 FRAC0_S 0 1 45055.3 30697.5 7690.04 3.4048e+06 789923 71155.2 1089.3 -23.5239 -1.29186
1010101 FRAC0_S 0 1 45056.1 30913.5 7945.94 3.39518e+06 884894 -105337 1098.44 -25.3993 1.85451
1010101 FRAC0_S 0 1 45052.7 31042.2 8255.13 3.25545e+06 799995 -260742 1010.45 -23.5439 4.59158
1010101 FRAC0_S 0 1 45046.9 31070 8589.46 3.24205e+06 711321 -434052 1006.77 -20.8579 7.39364
1010101 FRAC0_S 0 1 45028.8 30993.9 8917.74 3.1169e+06 604054 -300804 910.259 -19.4484 5.64933
1010101 FRAC0_S 0 1 45007 30819.9 9207.23 2.64337e+06 -219091 -560276 668.673 8.67468 11.8838
1010101 FRAC0_S 0 1 44998.5 30562.6 9426.97 3.24097e+06 -233602 -877331 1043.24 7.31324 14.3834
1010101 FRAC0_S 0 1 44985.7 30248.5 9554.01 3.25241e+06 -250105 -752629 1023.53 7.98696 12.7639
1010101 FRAC0_S 0 1 44968.6 29911.1 9576.21 3.41391e+06 -427115 -779454 1135.62 12.3434 12.2191
1010101 FRAC0_S 0 1 44957.1 29584.8 9492.07 3.34285e+06 -424962 -469187 1041.15 13.3375 8.23272
1010101 FRAC0_S 0 1 44946.8 29302.3 9311.1 3.14151e+06 -620613 -279137 924.12 19.8488 5.23015
1010101 FRAC0_S 0 1 44940.7 29088.7 9053.31 3.44391e+06 -639788 -11040.1 1093.38 20.1656 0.210061
1010101 FRAC0_S 0 1 44942.2 28961.3 8743.97 3.28584e+06 -251344 142235 970.418 9.23687 -2.96593
1010101 FRAC0_S 0 1 44950.9 28931.6 8410.17 2.57213e+06 -465773 392736 629.385 17.7173 -8.49688
1010101 FRAC0_S 0 1 44964.1 29006.1 8082.28 2.75133e+06 -13961.4 729861 745.41 0.558114 -14.849