
Step FractureNumber TipNr TipActive TipX TipY TipZ KI KII KIII G Phi Psi Extension
1010000 FRAC0_S 0 1 29366.1 748.711 8385.14 -3.13232e+06 2.16561e+06 6.19351e+06 5519.73 -23.8975 -32.4534
1010000 FRAC0_S 0 1 29243.1 619.473 8637.43 4.03186e+07 -1.7736e+07 -9.43339e+06 184722 31.9577 10.258
1010000 FRAC0_S 0 1 29194.1 429.597 8876.26 -2.10297e+06 1.57412e+06 6.6827e+06 6160.38 -19.6562 -36.5834
1010000 FRAC0_S 0 1 29224.1 197.668 9078.26 -1.86132e+06 14137 7.77383e+06 8037.53 -0.204961 -41.421
1010000 FRAC0_S 0 1 29329.9 -53.6093 9223.66 -2.19173e+06 -3.09486e+06 8.12864e+06 9641.46 28.5722 -35.1464
1010000 FRAC0_S 0 1 29501.4 -299.639 9298.22 -2.01063e+06 -5.39512e+06 7.0373e+06 9180.39 42.5288 -30.1706
1010000 FRAC0_S 0 1 29721.7 -516.338 9294.64 -2.42457e+06 -7.82889e+06 5.64057e+06 9693.22 51.9759 -23.5249
1010000 FRAC0_S 0 1 29969.2 -682.494 9213.29 -2.12968e+06 -1.07488e+07 3.50562e+06 11930 61.719 -15.1785
1010000 FRAC0_S 0 1 30219.7 -781.843 9062.11 -2.94426e+06 -9.80879e+06 870268 8674.21 64.512 -4.84804
1010000 FRAC0_S 0 1 30448.8 -804.66 8855.91 -3.01886e+06 -8.25325e+06 -1.69981e+06 6454.12 60.7375 9.65431
1010000 FRAC0_S 0 1 30633.9 -748.711 8614.86 -2.21502e+06 -4.09371e+06 -2.62066e+06 2406.77 49.4709 20.0495
1010000 FRAC0_S 0 1 30756.9 -619.473 8362.57 -2.62367e+06 -526790 -4.74891e+06 3024.16 9.02496 34.9651
1010000 FRAC0_S 0 1 30805.5 -437.375 8131.87 -3.40953e+07 4.84122e+06 -2.23008e+07 68233 -10.6304 24.0288
1010000 FRAC0_S 0 1 30775.9 -197.668 7921.74 -1.79929e+06 7.96235e+06 -2.27411e+06 6337.31 -61.982 13.5597
1010000 FRAC0_S 0 1 30670.1 53.6093 7776.34 -1.59888e+06 9.65898e+06 206560 8319.27 -68.264 -1.39465
1010000 FRAC0_S 0 1 30498.6 299.639 7701.78 -985087 7.52696e+06 2.65953e+06 5989.26 -62.5497 -16.6986
1010000 FRAC0_S 0 1 30278.3 516.338 7705.36 -1.29113e+06 6.4473e+06 4.20284e+06 6053.39 -55.1827 -23.3649
1010000 FRAC0_S 0 1 30030.8 682.494 7786.71 -2.35852e+06 5.81484e+06 5.55355e+06 7115.01 -46.7441 -26.1553
1010000 FRAC0_S 0 1 29780.3 781.843 7937.89 -2.18115e+06 3.75718e+06 5.48875e+06 5264.73 -38.464 -29.852
1010000 FRAC0_S 0 1 29551.2 804.66 8144.09 3.02335e+07 -1.86261e+07 -1.05135e+07 127068 37.0307 12.7771
Step FractureNumber TipNr TipActive TipX TipY TipZ KI KII KIII G Phi Psi Extension
1010101 FRAC0_S 0 1 29316.1 817.565 8380.22 -2.06784e+06 940581 4.13291e+06 2350.6 -17.225 -34.0883
1010101 FRAC0_S 0 1 29181.3 678.224 8654.22 -2.05126e+06 1.23418e+06 6.58083e+06 5895.61 -16.4174 -37.3448
1010101 FRAC0_S 0 1 29117.8 466.526 8909.41 -3.76341e+07 -2.32558e+06 2.38944e+07 76417.2 5.00598 -24.5669
1010101 FRAC0_S 0 1 29152.7 218.668 9134.53 2.13174e+06 6.37334e+06 6.80404e+06 10181.8 -46.1514 -28.1481
1010101 FRAC0_S 0 1 29294.7 -33.0672 9308.87 1.9635e+06 -2.69033e+06 8.06523e+06 9639.88 26.4809 -36.1913
1010101 FRAC0_S 0 1 29501.4 -282.273 9394.26 -824147 3.52229e+06 1.05309e+07 15855.2 -29.222 -38.6776
1010101 FRAC0_S 0 1 29748.6 -501.005 9388.08 4.90714e+06 -4.31646e+06 9.4353e+06 15646.3 28.6408 -31.0042
1010101 FRAC0_S 0 1 30016.3 -665.61 9298.73 8.30611e+06 -5.30964e+06 3.45945e+06 10251.8 36.7653 -14.4483
1010101 FRAC0_S 0 1 30281.1 -765.656 9138.67 7.90885e+06 -4.7009e+06 922891 7656.29 40.1856 -5.16592
1010101 FRAC0_S 0 1 30521.9 -796.22 8921.91 6.8696e+06 -1.07955e+07 -1.24193e+07 35104 41.2241 26.5758
1010101 FRAC0_S 0 1 30716 -761.986 8656.41 2.80165e+06 -4.49797e+06 -3.24358e+06 3901.57 46.9867 20.8731
1010101 FRAC0_S 0 1 30838.1 -660.611 8361.07 -2.2961e+06 5.27054e+06 -1.05455e+07 17265.9 -34.8119 34.2273
1010101 FRAC0_S 0 1 30858.3 -484.61 8078.91 4.11726e+06 1.00645e+07 -5.84565e+06 15081.7 -52.6771 19.9554
1010101 FRAC0_S 0 1 30779.2 -254.108 7850.29 5.68605e+06 4.29082e+06 -508849 4556.09 -45.5674 3.70746
1010101 FRAC0_S 0 1 30645.2 3.3945 7694.22 1.06666e+07 3.7568e+06 2.20061e+06 12040.3 -28.0633 -9.74704
1010101 FRAC0_S 0 1 30469.7 263.722 7614 3.69982e+07 6.33334e+06 1.53736e+07 156988 -14.289 -18.1634
1010101 FRAC0_S 0 1 30245.7 499.576 7613.67 1.65658e+07 -2.9555e+07 1.90624e+07 150620 49.0871 -19.9884
1010101 FRAC0_S 0 1 29989.6 687.276 7697.49 2.35556e+06 2.90498e+06 5.39708e+06 5120.52 -32.9595 -31.0369
1010101 FRAC0_S 0 1 29743.2 821.156 7876.27 2.13137e+06 -1.09154e+07 -5.46538e+06 14994.7 58.212 20.1518
1010101 FRAC0_S 0 1 29516.6 872.561 8118.48 -2.12819e+06 2.20862e+06 5.77054e+06 4863.47 -27.2498 -33.7756