
Step FractureNumber TipNr TipActive TipX TipY TipZ KI KII KIII G Phi Psi Extension
1010000 FRAC0_S 0 1 0 44049 8233.09 3.82744e+06 223457 23551.9 1309.92 -7.46755 -0.449767
1010000 FRAC0_S 0 1 0 44178.1 7952.3 2.61661e+06 -72433.5 -57146.3 611.007 3.64394 1.60883
1010000 FRAC0_S 0 1 0 44387.6 7725.12 2.66091e+06 -25757.8 -65028.4 631.559 1.30436 1.82488
1010000 FRAC0_S 0 1 0 44657 7573.79 2.68464e+06 -1.81398e+06 -1.96738e+06 1450.25 33.7665 20.6777
1010000 FRAC0_S 0 1 0 44960 7513.12 3.36904e+06 56235.8 -197501 1016.9 -2.15633 4.15421
1010000 FRAC0_S 0 1 0 45266.9 7549.06 2.87109e+06 73056.9 -62088.9 735.535 -3.36091 1.59689
1010000 FRAC0_S 0 1 0 45547.7 7678.08 2.8698e+06 105087 -31833.9 735.007 -4.80759 0.822131
1010000 FRAC0_S 0 1 0 45774.9 7887.55 2.54766e+06 -1.54186e+06 1.56166e+06 1114.58 32.9865 -19.0347
1010000 FRAC0_S 0 1 0 45926.2 8156.97 3.03529e+06 132600 289.149 822.539 -5.73689 -0.0071185
1010000 FRAC0_S 0 1 0 45986.8 8459.98 3.14353e+06 106515 16257.6 881.61 -4.49099 -0.387418
1010000 FRAC0_S 0 1 0 45951 8766.91 3.55334e+06 8539.23 21128.2 1125.19 -0.333259 -0.458802
1010000 FRAC0_S 0 1 0 45821.9 9047.7 3.64202e+06 96787.6 60950.1 1183.31 -3.52067 -1.24267
1010000 FRAC0_S 0 1 0 45612.4 9274.88 3.60498e+06 -1.16898e+06 -317372 1293.23 28.454 4.73396
1010000 FRAC0_S 0 1 0 45343 9426.21 3.96109e+06 -34322.8 82811.3 1399.17 1.1733 -1.57024
1010000 FRAC0_S 0 1 0 45040 9486.88 4.23572e+06 -34881.5 106068 1600.36 1.11134 -1.87093
1010000 FRAC0_S 0 1 0 44733.1 9450.94 4.81269e+06 -98825 88932.4 2065.89 2.73951 -1.37678
1010000 FRAC0_S 0 1 0 44452.3 9321.92 4.43696e+06 -100120 77457.9 1755.96 3.00458 -1.29998
1010000 FRAC0_S 0 1 0 44225.1 9112.45 4.3664e+06 -154138 26917.9 1701.14 4.66493 -0.460551
1010000 FRAC0_S 0 1 0 44073.8 8843.03 4.03794e+06 2.45357e+06 -1.53359e+06 2302.18 -36.2599 13.7006
1010000 FRAC0_S 0 1 0 44013.2 8540.02 4.04199e+06 -183662 -24091.9 1458.94 5.91967 0.441122
Step FractureNumber TipNr TipActive TipX TipY TipZ KI KII KIII G Phi Psi Extension
1010101 FRAC0_S 0 1 -2.33099 43955.7 8206.87 4.07465e+06 120208 165022 1484.38 -3.8068 -2.90504
1010101 FRAC0_S 0 1 0.497765 44097.2 7898.33 2.48637e+06 41616.4 61493.1 551.536 -2.23191 -1.83368
1010101 FRAC0_S 0 1 16.6223 44328.6 7652.58 3.14279e+06 585166 2351.37 910.663 -20.239 -0.0491536
1010101 FRAC0_S 0 1 27.419 44626 7490.25 2.93562e+06 869463 95905.4 836.526 -27.7262 -1.89768
1010101 FRAC0_S 0 1 10.5483 44957.5 7419.68 2.86976e+06 408147 -16016.3 748.744 -16.2725 0.378485
1010101 FRAC0_S 0 1 -5.86315 45278.3 7451.12 2.39979e+06 -107692 1.36363e+06 761.528 3.84053 -23.3813
1010101 FRAC0_S 0 1 8.05894 45583.6 7595.4 2.97541e+06 -166607 -258.425 791.372 7.22614 0.00641459
1010101 FRAC0_S 0 1 22.6278 45844.9 7832.18 2.26591e+06 60192.2 139155 460.421 -3.37653 -4.29768
1010101 FRAC0_S 0 1 6.65548 46014.2 8125.69 3.05469e+06 67376.6 170856 835.785 -2.83524 -3.95824
1010101 FRAC0_S 0 1 -6.55954 46084.1 8456.08 2.81909e+06 -119984 313613 722.546 5.06903 -7.21371
1010101 FRAC0_S 0 1 -3.7836 46044.7 8793.24 3.10529e+06 -2.63628e+06 -60559.7 1479.07 49.1597 0.81053
1010101 FRAC0_S 0 1 8.69553 45901.2 9099.37 3.5637e+06 1.07632e+06 -202683 1240.39 -27.6579 3.20675
1010101 FRAC0_S 0 1 22.7994 45669.1 9346.64 3.79152e+06 771145 -296881 1345.72 -20.4534 4.64204
1010101 FRAC0_S 0 1 13.42 45375 9515.31 4.12431e+06 462575 -215930 1541.03 -12.8345 3.44009
1010101 FRAC0_S 0 1 2.67656 45043.9 9584.31 4.48094e+06 21826.8 -109216 1790.85 -0.661001 1.8286
1010101 FRAC0_S 0 1 4.18504 44706.7 9544.78 4.58581e+06 284520 174882 1885.23 -7.67254 -2.66407
1010101 FRAC0_S 0 1 5.84888 44398.3 9402.97 4.07183e+06 219598 2988.65 1481.73 -6.97597 -0.0542673
1010101 FRAC0_S 0 1 -9.40939 44153.3 9171.13 4.42636e+06 -223242 660250 1808.32 5.76229 -9.18863
1010101 FRAC0_S 0 1 -24.9609 43991.6 8873.48 4.18068e+06 -753667 135783 1610.54 19.264 -2.06525
1010101 FRAC0_S 0 1 -12.8787 43920.7 8542.33 4.36004e+06 250146 -58052.2 1700 -7.30085 0.96487