
Step FractureNumber TipNr TipActive TipX TipY TipZ KI KII KIII G Phi Psi Extension
1010000 FRAC0_S 0 1 -30000 -29019.2 8617.02 400306 121205 3.91727e+06 2056.48 -3.77063 -43.1346
1010000 FRAC0_S 0 1 -30000 -29103.5 8914.36 -926143 -2.09696e+06 2.48912e+06 1215.87 43.1284 -28.493
1010000 FRAC0_S 0 1 -30000 -29275.4 9171.13 -1.38648e+06 -4.07991e+06 2.26422e+06 2165.14 54.3893 -20.0146
1010000 FRAC0_S 0 1 -30000 -29518.2 9362.22 -1.74856e+06 -4.86395e+06 993637 2239.48 60.9016 -9.62644
1010000 FRAC0_S 0 1 -30000 -29808.3 9468.89 -1.6744e+06 -3.84118e+06 -307170 1327.34 61.893 4.02292
1010000 FRAC0_S 0 1 -30000 -30117.1 9480.74 -1.24443e+06 -3.64427e+06 -928479 1298.1 60.2331 11.6089
1010000 FRAC0_S 0 1 -30000 -30414.4 9396.57 -950228 -3.79013e+06 -1.84142e+06 1731.05 57.4069 19.2395
1010000 FRAC0_S 0 1 -30000 -30671.2 9224.65 20840.5 -2.50973e+06 -2.1003e+06 1148.02 55.3137 28.5882
1010000 FRAC0_S 0 1 -30000 -30862.2 8981.79 537383 -2.55692e+06 -2.57459e+06 1489.91 48.9054 28.6179
1010000 FRAC0_S 0 1 -30000 -30968.9 8691.77 950056 -1.5476e+06 -2.71953e+06 1277.5 35.3695 31.6919
1010000 FRAC0_S 0 1 -30000 -30980.8 8382.98 1.53025e+06 -676812 -2.946e+06 1403.78 17.1803 33.8068
1010000 FRAC0_S 0 1 -30000 -30896.5 8085.64 2.15654e+06 203706 -3.18331e+06 1765.87 -5.04998 33.9087
1010000 FRAC0_S 0 1 -30000 -30724.6 7828.87 2.21653e+06 783295 -2.41517e+06 1268.27 -18.7867 28.2245
1010000 FRAC0_S 0 1 -30000 -30481.8 7637.78 3.3513e+06 2.82629e+06 -3.32247e+06 3180.77 -35.4548 23.2427
1010000 FRAC0_S 0 1 -30000 -30191.7 7531.11 3.85417e+06 2.77108e+06 -2.3047e+06 2714.41 -36.7033 17.9327
1010000 FRAC0_S 0 1 -30000 -29882.9 7519.26 3.55711e+06 4.79186e+06 -1.76465e+06 3587.8 -50.6182 12.605
1010000 FRAC0_S 0 1 -30000 -29585.6 7603.43 2.72366e+06 5.5763e+06 -613159 3481.93 -60.1892 5.20968
1010000 FRAC0_S 0 1 -30000 -29328.8 7775.35 3.17331e+06 5.45881e+06 496951 3585.53 -58.6854 -4.14823
1010000 FRAC0_S 0 1 -30000 -29137.8 8018.21 2.99013e+06 5.37833e+06 2.5998e+06 4273.29 -51.8183 -16.6343
1010000 FRAC0_S 0 1 -30000 -29031.1 8308.23 896064 2.76956e+06 3.42888e+06 2318.78 -43.9855 -29.99
Step FractureNumber TipNr TipActive TipX TipY TipZ KI KII KIII G Phi Psi Extension
1010101 FRAC0_S 0 1 -30003.6 -28935.5 8627.1 2.52069e+06 358702 4.98513e+06 3882.91 -6.23981 -36.183
1010101 FRAC0_S 0 1 -29947.2 -29034.8 8942.51 1.27469e+06 -2.1907e+06 3.51705e+06 2217.61 37.0337 -30.916
1010101 FRAC0_S 0 1 -29920.5 -29231.5 9209.19 2.06043e+06 -4.16908e+06 2.01942e+06 2469.53 52.8765 -17.1174
1010101 FRAC0_S 0 1 -29914 -29493.4 9404.89 3.315e+06 -3.59358e+06 1.15671e+06 2307.95 48.4818 -10.5078
1010101 FRAC0_S 0 1 -29912.4 -29799.2 9514.93 3.15071e+06 -2.90565e+06 -20666.7 1636.99 50.9361 0.26488
1010101 FRAC0_S 0 1 -29913.5 -30123.4 9529.15 2.57173e+06 -3.50375e+06 -998020 1815.77 52.1719 10.3483
1010101 FRAC0_S 0 1 -29915.6 -30436.8 9443.78 2.61079e+06 -3.01395e+06 -1.77696e+06 1836.82 45.4009 16.8239
1010101 FRAC0_S 0 1 -29919 -30710.4 9265.76 2.21827e+06 -2.98404e+06 -2.53583e+06 2087.21 43.5783 22.0171
1010101 FRAC0_S 0 1 -29927.3 -30920.5 9012.21 1.94876e+06 -1.5569e+06 -2.74127e+06 1553.84 30.5437 27.8733
1010101 FRAC0_S 0 1 -29944.9 -31046.9 8704.87 1.8784e+06 -864698 -3.0255e+06 1598.48 19.4128 31.8317
1010101 FRAC0_S 0 1 -29972.9 -31070.8 8370.83 2.41281e+06 -318426 -3.06156e+06 1774.43 7.48418 32.0062
1010101 FRAC0_S 0 1 -30005 -30982.9 8045.84 3.2765e+06 -174149 -3.86897e+06 2950.2 3.29126 32.0089
1010101 FRAC0_S 0 1 -30032.8 -30791.9 7768.47 2.98058e+06 -455470 -3.01486e+06 2019.01 9.53581 29.2458
1010101 FRAC0_S 0 1 -30052 -30522.9 7566.48 4.65291e+06 -12695.2 -3.34731e+06 3419.4 0.221632 26.825
1010101 FRAC0_S 0 1 -30063.7 -30207.6 7458.26 5.18451e+06 85187.9 -2.79683e+06 3436.2 -1.47069 23.0771
1010101 FRAC0_S 0 1 -30075.3 -29877.9 7456.83 5.86856e+06 -17144.9 -1.92928e+06 3564.02 0.306802 17.2447
1010101 FRAC0_S 0 1 -30084 -29564.6 7555.59 5.70818e+06 -134657 -1.14052e+06 3078.12 2.67354 11.8588
1010101 FRAC0_S 0 1 -30084 -29292.6 7737.47 7.05052e+06 128910 -43851.5 4431.38 -2.47622 0.47231
1010101 FRAC0_S 0 1 -30078 -29084.4 7990.11 6.49427e+06 1.22827e+06 1.92164e+06 4383.83 -16.6948 -14.2316
1010101 FRAC0_S 0 1 -30056 -28957.6 8296.67 4.6265e+06 1.95211e+06 4.57541e+06 5031.21 -22.3578 -26.443