
Step FractureNumber TipNr TipActive TipX TipY TipZ KI KII KIII G Phi Psi Extension
1010000 FRAC0_S 0 1 44523.2 -44135 8500 55452.4 67942.4 -13172.7 0.708435 -52.3246 7.21653
1010000 FRAC0_S 0 1 44279.2 -44324.7 8500 62083.6 65934.9 -415.975 0.730884 -53.4237 0.252281
1010000 FRAC0_S 0 1 44105.9 -44580.5 8500 64959.9 -79899.1 -156716 4.21135 32.178 31.6219
1010000 FRAC0_S 0 1 44020 -44877.3 8500 50985 45460.6 24986.5 0.498835 -42.6012 -14.6525
1010000 FRAC0_S 0 1 44030 -45186.2 8500 70751 207749 -122721 6.29506 -53.7233 20.7704
1010000 FRAC0_S 0 1 44135 -45476.8 8500 64396.2 11466.1 60622.7 0.870033 -11.2673 -28.1349
1010000 FRAC0_S 0 1 44324.7 -45720.8 8500 35546.6 -133820 -19616.1 1.75953 64.0359 7.74075
1010000 FRAC0_S 0 1 44580.5 -45894.1 8500 41141.6 -14269.3 27607.5 0.270343 21.9954 -22.2893
1010000 FRAC0_S 0 1 44877.3 -45980 8500 58008.2 -22066.6 35647.7 0.512252 24.1507 -20.8961
1010000 FRAC0_S 0 1 45186.2 -45970 8500 15447 -275458 -106927 8.30329 63.3767 18.5805
1010000 FRAC0_S 0 1 45476.8 -45865 8500 58624.8 -44233.9 15372.7 0.512046 42.5801 -9.58382
1010000 FRAC0_S 0 1 45720.8 -45675.3 8500 49026.6 -62323.7 -2283.2 0.561004 55.728 1.55391
1010000 FRAC0_S 0 1 45894.1 -45419.5 8500 48465.6 -50354.5 -13153.8 0.458269 48.8018 8.70741
1010000 FRAC0_S 0 1 45980 -45122.7 8500 49486.8 -51300.6 -22351 0.519183 46.1759 13.0706
1010000 FRAC0_S 0 1 45970 -44813.8 8500 47827.6 -31859.2 -30453.7 0.417633 34.6394 19.044
1010000 FRAC0_S 0 1 45865 -44523.2 8500 49901.7 -16866.8 -35363.6 0.413578 21.2114 23.0514
1010000 FRAC0_S 0 1 45675.3 -44279.2 8500 20540.7 259250 -154594 9.20532 -58.6213 23.5798
1010000 FRAC0_S 0 1 45419.5 -44105.9 8500 49933 16248.1 -37437 0.432106 -20.2318 23.8735
1010000 FRAC0_S 0 1 45122.7 -44020 8500 49374.5 35420.8 -31960.4 0.464892 -36.03 18.8788
1010000 FRAC0_S 0 1 44813.8 -44030 8500 42716.2 187640 -69447.1 3.94151 -60.2023 16.2974
Step FractureNumber TipNr TipActive TipX TipY TipZ KI KII KIII G Phi Psi Extension
1010101 FRAC0_S 0 1 44520.8 -44122.8 8478.31 148823 82875.5 49902.6 2.91689 -35.1392 -12.7861
1010101 FRAC0_S 0 1 44260.1 -44315.7 8513.31 14632.6 41158.2 48072.3 0.477388 -44.486 -29.0324
1010101 FRAC0_S 0 1 44067.5 -44562.5 8526.63 -5288.84 -28251.8 -61186 0.569039 35.5279 36.6138
1010101 FRAC0_S 0 1 43986.3 -44871.1 8493.16 73087.6 60275.4 -43207.6 1.04805 -39.6342 17.1109
1010101 FRAC0_S 0 1 43979.5 -45203.6 8454.8 234698 -39755.6 8675.11 5.0593 18.278 -2.35895
1010101 FRAC0_S 0 1 44070.1 -45511.2 8492.55 -65247.5 28526.5 112850 1.76628 -17.9942 -32.7569
1010101 FRAC0_S 0 1 44288.3 -45748.6 8540.07 113082 -38942.7 68387.8 1.89666 22.5502 -21.0243
1010101 FRAC0_S 0 1 44573 -45902.1 8522.48 76822.7 3293.33 8874.61 0.537344 -5.08519 -7.45038
1010101 FRAC0_S 0 1 44879.4 -45991 8522.35 143793 -91801.7 27913.5 2.69708 40.2777 -7.89227
1010101 FRAC0_S 0 1 45190.4 -45992 8544.7 179436 -29330.7 -9686.62 2.95825 17.5352 3.39377
1010101 FRAC0_S 0 1 45478.9 -45876 8522.35 88665.9 -17491.2 -36907.5 0.908981 16.0702 17.926
1010101 FRAC0_S 0 1 45720.8 -45675.3 8500 58325.6 -66288.9 -25703.5 0.782579 48.1256 12.3727
1010101 FRAC0_S 0 1 45894.1 -45419.5 8500 50526.6 -57755.3 -30156.6 0.645686 46.2234 15.4251
1010101 FRAC0_S 0 1 45980 -45122.7 8500 14656.6 121109 -219216 7.71753 -39.616 35.5834
1010101 FRAC0_S 0 1 45970 -44813.8 8500 49246.3 -16558.6 -63594.3 0.778425 16.7689 30.3632
1010101 FRAC0_S 0 1 45873.9 -44513.7 8478.65 73622.1 -68622.7 -82443.1 1.8066 36.2284 24.1771
1010101 FRAC0_S 0 1 45693.2 -44260.2 8457.31 166370 10339.4 -57643.5 2.91794 -6.04041 17.189
1010101 FRAC0_S 0 1 45428.5 -44096.4 8478.65 112827 9828.93 -26586.9 1.23698 -8.91661 12.848
1010101 FRAC0_S 0 1 45120.3 -44007.7 8478.31 259544 -140403 -15961.5 7.79322 39.2841 2.94484
1010101 FRAC0_S 0 1 44809.1 -44005.6 8456.61 167590 50730.1 17465.9 2.77268 -26.8811 -5.59679