
Step FractureNumber TipNr TipActive TipX TipY TipZ KI KII KIII G Phi Psi Extension
1010000 FRAC0_S 0 1 37500 -6516.62 8592.17 4.81152e+06 206557 -5110.98 2066.77 -5.63853 0.079329
1010000 FRAC0_S 0 1 37500 -6593.24 8891.55 4.41958e+06 175014 55973.7 1743.7 -5.16947 -0.934019
1010000 FRAC0_S 0 1 37500 -6758.61 9152.59 3.97261e+06 145061 95304.9 1409.38 -4.73749 -1.74761
1010000 FRAC0_S 0 1 37500 -6996.55 9349.75 4.99943e+06 100184 161967 2231.62 -2.64031 -2.3698
1010000 FRAC0_S 0 1 37500 -7283.78 9463.73 5.71668e+06 202284 221233 2922.31 -4.53621 -2.76752
1010000 FRAC0_S 0 1 37500 -7592.17 9483.38 5.17576e+06 -63679.2 177155 2391.66 1.63621 -2.51576
1010000 FRAC0_S 0 1 37500 -7891.55 9406.76 4.78585e+06 -109237 164235 2045.66 2.99014 -2.49724
1010000 FRAC0_S 0 1 37500 -8152.59 9241.39 4.47541e+06 -159163 115050 1788.83 4.61289 -1.87002
1010000 FRAC0_S 0 1 37500 -8349.75 9003.45 5.1834e+06 -284229 130479 2403.64 6.92767 -1.80007
1010000 FRAC0_S 0 1 37500 -8463.73 8716.22 5.06266e+06 -335390 65498.8 2294.53 8.33036 -0.930347
1010000 FRAC0_S 0 1 37500 -8483.38 8407.83 4.79398e+06 -259149 -7405.36 2053.94 6.9858 0.114071
1010000 FRAC0_S 0 1 37500 -8406.76 8108.45 4.85473e+06 -121597 -73360.3 2102.21 3.33063 1.12619
1010000 FRAC0_S 0 1 37500 -8241.39 7847.41 4.30807e+06 472221 423470 1697.56 -12.128 -6.12892
1010000 FRAC0_S 0 1 37500 -8003.45 7650.25 5.34452e+06 -151655 -75896.2 2548.14 3.75853 1.0563
1010000 FRAC0_S 0 1 37500 -7716.22 7536.27 3.60167e+06 -83846.4 -140705 1159.19 3.0343 2.82375
1010000 FRAC0_S 0 1 37500 -7407.83 7516.62 4.70506e+06 -6424.73 -174260 1976.72 0.183978 2.74005
1010000 FRAC0_S 0 1 37500 -7108.45 7593.24 5.41817e+06 130885 -179263 2621.76 -3.16228 2.40862
1010000 FRAC0_S 0 1 37500 -6847.41 7758.61 4.93042e+06 114532 -138405 2169.9 -3.05927 2.0592
1010000 FRAC0_S 0 1 37500 -6650.25 7996.55 4.05336e+06 130501 -87084.2 1466.58 -4.21243 1.57669
1010000 FRAC0_S 0 1 37500 -6536.27 8283.78 5.17081e+06 260169 -39264.8 2388.8 -6.50015 0.558174
Step FractureNumber TipNr TipActive TipX TipY TipZ KI KII KIII G Phi Psi Extension
1010101 FRAC0_S 0 1 37490 -6419.98 8601.25 5.7807e+06 -307406 18746.2 2986.21 6.86992 -0.239126
1010101 FRAC0_S 0 1 37491 -6504.04 8930.07 5.42209e+06 -231705 58839.6 2625 5.56325 -0.799892
1010101 FRAC0_S 0 1 37492.5 -6685.62 9216.87 5.54161e+06 -223026 110429 2742.57 5.21373 -1.45445
1010101 FRAC0_S 0 1 37493.7 -6946.94 9433.5 6.40392e+06 -369906 236307 3674.04 7.19252 -2.59183
1010101 FRAC0_S 0 1 37495.6 -7262.48 9558.73 4.84435e+06 -143358 -443842 2119.24 3.64634 6.15345
1010101 FRAC0_S 0 1 37500.8 -7601.29 9580.37 5.58121e+06 21333.5 125879 2777.92 -0.52041 -1.69807
1010101 FRAC0_S 0 1 37505.3 -7930.13 9496.19 6.18895e+06 93650.3 243305 3421.85 -1.99466 -2.86219
1010101 FRAC0_S 0 1 37508.4 -8216.76 9314.37 5.37495e+06 272160 57820.6 2581.44 -6.51954 -0.787156
1010101 FRAC0_S 0 1 37511.7 -8433.05 9052.86 5.07338e+06 536442 -26602 2319.36 -12.6903 0.367399
1010101 FRAC0_S 0 1 37513.3 -8558.06 8737.38 5.28676e+06 492155 43471 2512.45 -11.3338 -0.580522
1010101 FRAC0_S 0 1 37511.1 -8579.84 8398.71 5.41079e+06 231612 11834.2 2613.64 -5.6173 -0.163107
1010101 FRAC0_S 0 1 37500.7 -8495.64 8070.2 5.37093e+06 -226055 92688.9 2576.24 5.4518 -1.26192
1010101 FRAC0_S 0 1 37492.6 -8313.71 7783.76 5.68644e+06 -783492 -124335 2938.18 15.6458 1.45896
1010101 FRAC0_S 0 1 37499.3 -8052.69 7566.82 5.31314e+06 -236455 -306865 2533.03 5.53841 3.99642
1010101 FRAC0_S 0 1 37504.4 -7737.53 7441.19 5.00182e+06 29801.2 -376211 2248.28 -0.769379 5.26658
1010101 FRAC0_S 0 1 37500.1 -7398.73 7419.57 4.68861e+06 10856.1 -111731 1960.58 -0.315544 1.79361
1010101 FRAC0_S 0 1 37496 -7069.84 7503.78 5.06149e+06 -272091 -41146 2289.7 6.90798 0.595192
1010101 FRAC0_S 0 1 37494.2 -6783.08 7685.5 5.17147e+06 777116 -582654 2482.13 -15.6668 6.69577
1010101 FRAC0_S 0 1 37492.2 -6566.62 7946.96 5.47041e+06 -234491 -83041.7 2672.47 5.55703 1.1123
1010101 FRAC0_S 0 1 37490.1 -6441.57 8262.52 5.48862e+06 -300895 -27609.1 2692.6 7.05431 0.369458