
Step FractureNumber TipNr TipActive TipX TipY TipZ KI KII KIII G Phi Psi Extension
1010000 FRAC0_S 0 1 -30000 15987.2 8471.27 -7.75735e+06 1.02676e+07 6.17838e+06 14471.3 -46.7937 -17.7607
1010000 FRAC0_S 0 1 -30000 15947.8 8777.76 -3.70889e+06 3.26855e+06 6.71439e+06 6948.04 -29.432 -30.3147
1010000 FRAC0_S 0 1 -30000 15815.6 9057.06 519571 -2.04018e+06 6.67176e+06 6315.11 27.5213 -39.1353
1010000 FRAC0_S 0 1 -30000 15603.5 9281.83 3.37164e+06 -4.4758e+06 2.93827e+06 3946.36 46.0422 -18.7999
1010000 FRAC0_S 0 1 -30000 15332.4 9430.08 5.9347e+06 -7.79852e+06 1.8037e+06 8990.61 52.6352 -8.61035
1010000 FRAC0_S 0 1 -30000 15028.7 9487.27 6.93545e+06 -8.53947e+06 -168162 10788.1 55.5652 0.834682
1010000 FRAC0_S 0 1 -30000 14722.2 9447.82 5.1076e+06 -6.42458e+06 -1.55103e+06 6322.65 51.8683 8.78321
1010000 FRAC0_S 0 1 -30000 14442.9 9315.6 3.86495e+06 -8.5199e+06 -2.87109e+06 8895.83 56.3532 13.5104
1010000 FRAC0_S 0 1 -30000 14218.2 9103.54 852063 -8.61746e+06 -4.01157e+06 8822.38 60.8889 20.2884
1010000 FRAC0_S 0 1 -30000 14070 8832.4 -2.35791e+07 -1.51224e+07 1.2397e+06 20582.7 42.9718 -2.38919
1010000 FRAC0_S 0 1 -30000 14012.8 8528.73 -7.77566e+06 -8.83493e+06 -7.38921e+06 14217.4 42.0514 20.8869
1010000 FRAC0_S 0 1 -30000 14052.2 8222.24 -1.63077e+07 -1.14653e+07 -5.158e+06 15252.2 40.2574 11.4076
1010000 FRAC0_S 0 1 -30000 14184.4 7942.94 5.13804e+06 1.26766e+06 -5.42038e+06 6403.26 -14.2025 28.8181
1010000 FRAC0_S 0 1 -30000 14396.5 7718.17 -1.4429e+07 -9.55837e+06 -6.46699e+06 13703.6 37.0447 15.0753
1010000 FRAC0_S 0 1 -30000 14653.8 7574.86 -1.67348e+07 1.93449e+06 -9.82204e+06 13164.3 -9.18294 22.9677
1010000 FRAC0_S 0 1 -30000 14971.3 7512.73 -2.47332e+07 9.15651e+06 -1.30237e+07 30030.3 -24.6584 19.1105
1010000 FRAC0_S 0 1 -30000 15277.8 7552.18 -1.3775e+06 2.60552e+06 -4.1438e+06 2888.7 -37.6898 31.1919
1010000 FRAC0_S 0 1 -30000 15557.1 7684.4 -2.29343e+07 1.90373e+07 -6.44358e+06 37817.3 -44.2264 9.7965
1010000 FRAC0_S 0 1 -30000 15781.8 7896.46 2.84882e+06 7.01778e+06 3.22646e+06 6496.33 -54.9288 -17.2172
1010000 FRAC0_S 0 1 -30000 15930 8167.6 -1.27561e+07 1.38343e+07 2.83419e+06 18122.9 -50.349 -7.20684
Step FractureNumber TipNr TipActive TipX TipY TipZ KI KII KIII G Phi Psi Extension
1010101 FRAC0_S 0 1 -30067.9 16057.4 8471.03 495470 6.96037e+06 -4.52123e+06 7057.68 -57.719 24.7418
1010101 FRAC0_S 0 1 -30031.2 16025 8802.01 8.32893e+06 -1.04382e+07 1.07493e+07 31258.7 40.7553 -24.0294
1010101 FRAC0_S 0 1 -29971.2 15883.7 9101.93 2.37204e+07 -4.85018e+06 -432541 52259.5 21.4545 1.15592
1010101 FRAC0_S 0 1 -29932.6 15648.1 9336.1 8.0216e+06 -599811 2.52199e+06 6611.87 7.33291 -15.9627
1010101 FRAC0_S 0 1 -29921.7 15353.6 9486.52 8.26644e+06 1.51946e+06 148549 6297.92 -19.7752 -1.15895
1010101 FRAC0_S 0 1 -29919.2 15030.3 9544.64 1.00412e+07 1.74917e+06 -1.2274e+06 9457.57 -17.5477 7.06099
1010101 FRAC0_S 0 1 -29919.2 14706.2 9503.03 9.07281e+06 1.29251e+06 -2.44587e+06 8279.67 -13.412 13.6887
1010101 FRAC0_S 0 1 -29916.9 14413.3 9360.73 7.79404e+06 701284 -3.47111e+06 7059.45 -7.96418 19.8489
1010101 FRAC0_S 0 1 -29918.4 14173.9 9136 4.72752e+06 2.16503e+06 -1.03389e+06 2551.42 -33.0173 9.61255
1010101 FRAC0_S 0 1 -29927.3 14007.3 8852.69 4.42661e+06 -5.47456e+06 -4.80748e+06 7490.68 42.4107 21.9687
1010101 FRAC0_S 0 1 -29933.3 13940.1 8530.6 1.65359e+06 -8.69075e+06 -1.28995e+07 29105 42.5594 33.1237
1010101 FRAC0_S 0 1 -29957.1 13977 8198.38 -4.53243e+06 -1.12441e+07 -9.29964e+06 22768.4 48.7014 24.3881
1010101 FRAC0_S 0 1 -29981.1 14113.9 7894.44 -1.35169e+07 -8.98087e+06 -1.06887e+07 22382.4 32.7602 21.699
1010101 FRAC0_S 0 1 -29980 14343.8 7649.67 -1.45977e+07 -4.96699e+06 -9.7331e+06 14798 21.7229 22.2706
1010101 FRAC0_S 0 1 -30003.3 14638.2 7484.94 -1.73085e+07 3.09405e+06 -1.431e+07 28088.3 -11.9225 26.5468
1010101 FRAC0_S 0 1 -30040.1 14967.2 7425.09 -1.47623e+07 1.54019e+07 -1.30683e+07 43852.3 -40.9916 20.5625
1010101 FRAC0_S 0 1 -30058.4 15298.3 7476.7 -1.08545e+06 1.40149e+07 -6.05871e+06 22384.9 -62.0199 19.6289
1010101 FRAC0_S 0 1 -30070.6 15594.2 7627.05 4.26855e+06 1.46101e+07 -1.50435e+06 20945.6 -64.385 5.57698
1010101 FRAC0_S 0 1 -30077.6 15829.7 7858.73 2.56433e+06 1.65495e+07 -1.06144e+06 25141.9 -67.7392 4.01232
1010101 FRAC0_S 0 1 -30077.1 15988.6 8147.58 334321 198512 -6.64216e+06 5881.2 -3.81984 43.9269