
Step FractureNumber TipNr TipActive TipX TipY TipZ KI KII KIII G Phi Psi Extension
1010000 FRAC0_S 0 1 -29200.9 29694.3 8006.53 1.96787e+06 108262 -2.68367e+06 1304 -3.14809 33.4875
1010000 FRAC0_S 0 1 -29273.5 29939.9 7833.58 1.75126e+06 1.25164e+06 -2.05947e+06 977.001 -30.3351 26.2704
1010000 FRAC0_S 0 1 -29417.2 30191.4 7725.86 2.76235e+06 2.38871e+06 -1.77115e+06 1605.63 -39.9755 17.7971
1010000 FRAC0_S 0 1 -29618 30424.1 7693.92 2.21143e+06 3.05734e+06 -1.2555e+06 1478.37 -50.2338 13.7879
1010000 FRAC0_S 0 1 -29856.2 30615.3 7740.88 1.84143e+06 2.73923e+06 -432557 995.673 -55.5974 6.48441
1010000 FRAC0_S 0 1 -30108.5 30746.3 7862.16 2.73467e+06 3.86332e+06 148854 1999.34 -57.2137 -1.70483
1010000 FRAC0_S 0 1 -30350.1 30804.2 8045.87 2.55233e+06 3.21366e+06 831445 1592.73 -51.5859 -9.30587
1010000 FRAC0_S 0 1 -30557.4 30783.4 8274.03 3.1235e+06 3.33658e+06 1.66318e+06 2229.32 -45.6945 -14.5866
1010000 FRAC0_S 0 1 -30710.2 30685.9 8524.31 3.10871e+06 2.39907e+06 2.2033e+06 2019.69 -36.7811 -19.5929
1010000 FRAC0_S 0 1 -30793.5 30521.4 8772.21 2.23106e+06 981463 1.85354e+06 986.327 -24.4953 -24.1207
1010000 FRAC0_S 0 1 -30799.1 30305.7 8993.47 3.34617e+06 209677 2.95489e+06 2162.94 -4.43607 -28.6029
1010000 FRAC0_S 0 1 -30726.5 30060.1 9166.42 3.39119e+06 -1.09179e+06 2.94951e+06 2288.05 19.0547 -25.7566
1010000 FRAC0_S 0 1 -30582.8 29808.6 9274.14 3.5125e+06 -2.48677e+06 2.75495e+06 2659.9 34.1206 -21.2784
1010000 FRAC0_S 0 1 -30382 29575.9 9306.08 3.95745e+06 -3.87406e+06 2.47317e+06 3546.49 42.7395 -16.8195
1010000 FRAC0_S 0 1 -30143.8 29384.7 9259.12 3.32173e+06 -4.51875e+06 1.29165e+06 3024.67 52.1355 -10.3722
1010000 FRAC0_S 0 1 -29891.5 29253.7 9137.84 3.22027e+06 -5.13143e+06 307961 3283.1 58.3799 -2.73215
1010000 FRAC0_S 0 1 -29649.9 29195.8 8954.13 3.03948e+06 -4.90948e+06 -809811 3058.27 56.4801 6.92957
1010000 FRAC0_S 0 1 -29442.6 29216.6 8725.97 3.05026e+06 -4.537e+06 -1.88631e+06 3136.6 50.9927 14.2225
1010000 FRAC0_S 0 1 -29289.8 29314.1 8475.69 3.64349e+06 -4.37691e+06 -2.48523e+06 3711.51 46.1772 16.6051
1010000 FRAC0_S 0 1 -29206.5 29478.6 8227.79 2.49911e+06 -2.467e+06 -3.09213e+06 2370.52 36.2997 25.0713
Step FractureNumber TipNr TipActive TipX TipY TipZ KI KII KIII G Phi Psi Extension
1010101 FRAC0_S 0 1 -29128.8 29666.6 7961.15 3.74273e+06 -293164 -3.66663e+06 3043.99 5.22711 29.6524
1010101 FRAC0_S 0 1 -29234.9 29908.7 7752.33 3.56184e+06 125944 -3.1006e+06 2410.55 -2.57331 28.7421
1010101 FRAC0_S 0 1 -29409.5 30167.5 7631.29 4.0694e+06 247352 -2.39987e+06 2247.11 -5.06083 23.6567
1010101 FRAC0_S 0 1 -29635.7 30407 7598.57 4.87141e+06 291246 -1.46214e+06 2406.53 -6.01952 15.6077
1010101 FRAC0_S 0 1 -29894.4 30602.9 7650.33 6.54303e+06 -564850 -2.23994e+06 4510.64 8.20403 16.7957
1010101 FRAC0_S 0 1 -30162.4 30740.7 7779.19 6.11943e+06 382678 -570692 3393.31 -7.36986 6.07883
1010101 FRAC0_S 0 1 -30417.5 30808.5 7973.76 6.9894e+06 691707 449672 4422.71 -11.4036 -4.21285
1010101 FRAC0_S 0 1 -30637.6 30797.1 8218.77 4.171e+06 435831 1.87866e+06 2036.6 -9.09202 -19.8253
1010101 FRAC0_S 0 1 -30800.8 30706 8493.97 5.43587e+06 810650 2.49883e+06 3522.11 -12.3758 -19.5929
1010101 FRAC0_S 0 1 -30886.4 30545.2 8775.97 1.8256e+06 -540379 2.38409e+06 1078.96 15.0208 -30.8357
1010101 FRAC0_S 0 1 -30878.6 30331 9037.08 4.31935e+06 231698 3.31491e+06 3128.78 -4.06308 -27.0104
1010101 FRAC0_S 0 1 -30777.2 30083.1 9243.38 4.86665e+06 -144701 3.68539e+06 3918.8 2.31001 -27.1277
1010101 FRAC0_S 0 1 -30600.9 29824.9 9368.21 4.96108e+06 22626.6 3.04648e+06 3427.62 -0.393922 -24.8419
1010101 FRAC0_S 0 1 -30371.5 29585.6 9403.15 6.59564e+06 351057 2.91236e+06 5015.58 -4.8963 -20.1616
1010101 FRAC0_S 0 1 -30109.1 29392.7 9351.03 7.41225e+06 -145833 2.24419e+06 5567.57 2.06735 -16.1281
1010101 FRAC0_S 0 1 -29838 29261.1 9220.93 7.85556e+06 -184756 954090 5623.07 2.84624 -7.90261
1010101 FRAC0_S 0 1 -29582.2 29198.5 9026.47 7.36564e+06 -776258 -160092 4891.56 12.4784 1.49185
1010101 FRAC0_S 0 1 -29362.6 29213.2 8783.98 7.03443e+06 -1.28254e+06 -1.6537e+06 4919.74 16.8501 12.029
1010101 FRAC0_S 0 1 -29199.2 29307.5 8513.48 5.82032e+06 -1.15672e+06 -3.39541e+06 4671.26 14.7421 21.997
1010101 FRAC0_S 0 1 -29114.8 29464.4 8230.5 4.43775e+06 -562298 -3.56515e+06 3473.55 8.88919 26.7491