
Step FractureNumber TipNr TipActive TipX TipY TipZ KI KII KIII G Phi Psi Extension
1010000 FRAC0_S 0 1 -29476.2 -29162.6 8500 -3.42312e+06 -5.79067e+06 -1.57217e+06 3316.77 54.9858 10.6682
1010000 FRAC0_S 0 1 -29760.5 -29041.8 8500 -3.64775e+06 -3.59203e+06 -2.78159e+06 2178.81 41.1878 19.1077
1010000 FRAC0_S 0 1 -30068.3 -29014.7 8500 -2.69228e+06 -2.6009e+06 -3.14656e+06 1919.62 36.4963 24.4935
1010000 FRAC0_S 0 1 -30369.5 -29084 8500 -3.02635e+06 -1.18211e+06 -3.64296e+06 1889.59 19.4916 29.0866
1010000 FRAC0_S 0 1 -30634.5 -29243 8500 -2.86268e+06 374762 -3.65371e+06 1788.01 -7.40661 32.079
1010000 FRAC0_S 0 1 -30837.4 -29476.2 8500 -2.51477e+06 1.8391e+06 -2.82805e+06 1365.11 -31.2601 25.5974
1010000 FRAC0_S 0 1 -30958.2 -29760.5 8500 -2.45408e+06 2.84275e+06 -2.19406e+06 1360.37 -43.0481 20.0149
1010000 FRAC0_S 0 1 -30985.3 -30068.3 8500 -2.20502e+06 3.44444e+06 -1.39321e+06 1315.37 -51.7274 14.1388
1010000 FRAC0_S 0 1 -30916 -30369.5 8500 -2.06546e+06 3.513e+06 -576954 1143.99 -57.1001 7.02112
1010000 FRAC0_S 0 1 -30757 -30634.5 8500 -2.33788e+06 4.13769e+06 121511 1527.57 -60.2714 -1.42547
1010000 FRAC0_S 0 1 -30523.8 -30837.4 8500 -1.99539e+06 3.2713e+06 842756 1048.07 -54.8935 -10.1316
1010000 FRAC0_S 0 1 -30239.5 -30958.2 8500 -1.82088e+06 2.65644e+06 1.20775e+06 822.824 -50.1336 -15.0812
1010000 FRAC0_S 0 1 -29931.7 -30985.3 8500 -2.39697e+06 2.42549e+06 2.28998e+06 1221.68 -39.6023 -21.6926
1010000 FRAC0_S 0 1 -29630.5 -30916 8500 -1.94904e+06 1.01705e+06 2.13021e+06 695.703 -25.1514 -26.8377
1010000 FRAC0_S 0 1 -29365.5 -30757 8500 -2.74272e+06 -380765 2.54207e+06 872.381 9.0928 -28.3541
1010000 FRAC0_S 0 1 -29162.6 -30523.8 8500 -2.81607e+06 -1.57779e+06 2.62006e+06 1134.84 27.9509 -24.5322
1010000 FRAC0_S 0 1 -29041.8 -30239.5 8500 -2.72292e+06 -2.83643e+06 2.60116e+06 1616.8 40.2044 -21.5096
1010000 FRAC0_S 0 1 -29014.7 -29931.7 8500 -3.22373e+06 -4.5403e+06 2.15852e+06 2456.61 49.4042 -15.4062
1010000 FRAC0_S 0 1 -29084 -29630.5 8500 -2.6177e+06 -4.59617e+06 873075 1983.81 56.9571 -8.03633
1010000 FRAC0_S 0 1 -29243 -29365.5 8500 -4.42595e+06 -7.2773e+06 -343399 4734.87 59.0281 2.19664
Step FractureNumber TipNr TipActive TipX TipY TipZ KI KII KIII G Phi Psi Extension
1010101 FRAC0_S 0 1 -29446.5 -29111.8 8578.85 4.3935e+06 -5.81767e+06 -1.81094e+06 5172.21 51.3559 11.0007
1010101 FRAC0_S 0 1 -29745.2 -28973 8568.27 2.21889e+06 -5.31917e+06 -3.02918e+06 4180.37 52.7347 19.6476
1010101 FRAC0_S 0 1 -30075.4 -28934.4 8554.54 127439 -3.33487e+06 -3.30679e+06 2446.81 51.9825 30.2287
1010101 FRAC0_S 0 1 -30404.4 -29001.2 8528.33 -1.2748e+06 -1.59271e+06 -3.84904e+06 2196.46 29.2622 33.8619
1010101 FRAC0_S 0 1 -30693.2 -29171.9 8488.93 -1.54423e+06 874900 -3.82717e+06 2016.29 -18.2361 35.4027
1010101 FRAC0_S 0 1 -30907.2 -29430.1 8453.77 -361662 2.65533e+06 -3.12613e+06 1928.07 -47.4357 31.1471
1010101 FRAC0_S 0 1 -31027.3 -29741.4 8433.27 940422 3.23226e+06 -2.18139e+06 1642.66 -53.1031 22.8885
1010101 FRAC0_S 0 1 -31046.5 -30071.2 8422.69 2.24226e+06 3.35722e+06 -1.46116e+06 1736.33 -50.7418 14.7284
1010101 FRAC0_S 0 1 -30966.1 -30388.7 8416.69 1.80084e+06 2.05109e+06 -460148 692.032 -50.7549 7.9477
1010101 FRAC0_S 0 1 -30796.2 -30667.7 8415.14 2.2977e+06 2.1667e+06 141203 891.437 -50.3703 -2.36038
1010101 FRAC0_S 0 1 -30552.5 -30885.2 8418.2 1.76702e+06 2.14392e+06 645424 743.222 -50.3765 -10.3868
1010101 FRAC0_S 0 1 -30253.6 -31020.8 8425.23 1.26308e+06 2.29653e+06 1.32337e+06 845.058 -50.3603 -18.7154
1010101 FRAC0_S 0 1 -29924.4 -31060.3 8438.32 584154 2.95586e+06 2.33003e+06 1531.03 -52.7476 -25.7616
1010101 FRAC0_S 0 1 -29596.4 -30996.1 8466.77 -735373 2.0502e+06 3.23748e+06 1768.57 -39.5442 -32.3917
1010101 FRAC0_S 0 1 -29306.7 -30827.5 8509 -1.51957e+06 -351982 3.50105e+06 1641.27 8.87154 -36.8153
1010101 FRAC0_S 0 1 -29090.9 -30570.8 8543.52 -841888 -2.127e+06 3.58898e+06 2116.28 38.0441 -32.8038
1010101 FRAC0_S 0 1 -28969.7 -30259.3 8562.97 943379 -3.96516e+06 3.20684e+06 2848.08 51.6928 -25.6693
1010101 FRAC0_S 0 1 -28951 -29928.9 8575.06 3.35347e+06 -4.71411e+06 2.69903e+06 3951.26 47.8787 -17.4796
1010101 FRAC0_S 0 1 -29032.7 -29610.9 8582.33 4.1688e+06 -5.14931e+06 1.35503e+06 4155.63 51.2503 -9.37073
1010101 FRAC0_S 0 1 -29203.1 -29331.8 8584.3 4.40742e+06 -5.18391e+06 -74165.1 4126.37 54.9508 0.596565