
Step FractureNumber TipNr TipActive TipX TipY TipZ KI KII KIII G Phi Psi Extension
1010000 FRAC0_S 0 1 802.035 29671.9 8026.05 3.97181e+06 -1.67223e+06 -8.31285e+06 10845.7 15.7691 34.7507
1010000 FRAC0_S 0 1 736.756 29915.6 7847.62 -1.80029e+07 1.35008e+07 -2.63452e+06 17165.3 -44.4184 5.82291
1010000 FRAC0_S 0 1 599.358 30167.6 7733.05 5.84457e+06 6.50073e+06 -1.06754e+07 21966.8 -33.9522 29.0744
1010000 FRAC0_S 0 1 403.291 30403.1 7693.56 5.63997e+06 1.02797e+07 -8.69506e+06 22306.3 -46.2586 23.4354
1010000 FRAC0_S 0 1 167.748 30599.2 7733 5.9223e+06 1.5744e+07 -6.44446e+06 30737.1 -56.4523 16.1473
1010000 FRAC0_S 0 1 -84.2162 30736.7 7847.53 5.76326e+06 1.55858e+07 -2.26904e+06 25290.9 -61.9037 7.18905
1010000 FRAC0_S 0 1 -327.937 30802 8025.92 4.75406e+06 1.25236e+07 1.25054e+06 16198.1 -62.6481 -5.11418
1010000 FRAC0_S 0 1 -539.557 30788.8 8250.72 5.34043e+06 1.17882e+07 4.75974e+06 17937.3 -55.095 -15.4011
1010000 FRAC0_S 0 1 -698.361 30698.4 8499.92 4.22665e+06 6.3598e+06 6.25761e+06 10404.1 -42.8806 -24.4227
1010000 FRAC0_S 0 1 -788.805 30539.7 8749.13 3.82325e+06 1.50257e+06 6.56917e+06 7243.2 -16.5678 -33.0117
1010000 FRAC0_S 0 1 -803.905 30344.5 8959.46 4.25014e+06 -2.6818e+06 6.35356e+06 7619.45 25.408 -29.7548
1010000 FRAC0_S 0 1 -736.756 30084.4 9152.38 3.54258e+06 -5.81255e+06 4.29972e+06 6587.82 46.9107 -21.2891
1010000 FRAC0_S 0 1 -599.358 29832.4 9266.95 4.01707e+06 -5.99619e+06 1.02489e+06 4781.55 55.3949 -6.95779
1010000 FRAC0_S 0 1 -403.291 29596.9 9306.44 3.91484e+06 -9.21645e+06 781838 9016.27 62.0232 -4.27894
1010000 FRAC0_S 0 1 -167.748 29400.8 9267 3.99232e+06 -9.35577e+06 -1.13597e+06 9391.75 61.2247 5.91445
1010000 FRAC0_S 0 1 84.2162 29263.3 9152.47 4.02605e+06 -9.08687e+06 -2.67148e+06 9751.51 57.3971 12.2561
1010000 FRAC0_S 0 1 327.937 29198 8974.08 4.03801e+06 -8.57776e+06 -4.10132e+06 10246.7 53.4059 17.15
1010000 FRAC0_S 0 1 539.557 29211.2 8749.28 -6.41317e+06 -2.59037e+06 -8.96882e+06 11296.4 18.7242 30.7065
1010000 FRAC0_S 0 1 698.361 29301.6 8500.08 3.30149e+06 -5.26369e+06 -5.26998e+06 7133.97 43.1317 24.923
1010000 FRAC0_S 0 1 788.805 29460.3 8250.87 4.67941e+06 -4.93349e+06 -8.75875e+06 14323.3 32.5475 29.6861
Step FractureNumber TipNr TipActive TipX TipY TipZ KI KII KIII G Phi Psi Extension
1010101 FRAC0_S 0 1 876.766 29648.4 7991.36 8.24177e+06 206532 -1.86023e+07 52080.8 -1.06483 38.0334
1010101 FRAC0_S 0 1 771.174 29883.7 7772.04 1.48451e+07 7.51992e+06 -2.56431e+07 112133 -20.2119 32.2479
1010101 FRAC0_S 0 1 608.252 30143.5 7638.29 -4.57109e+06 2.12802e+07 -354766 40369.9 -67.5268 1.04988
1010101 FRAC0_S 0 1 391.391 30388.2 7597.55 2.05619e+07 7.00776e+06 -1.48732e+07 71472.5 -21.2071 23.281
1010101 FRAC0_S 0 1 131.275 30584.6 7642.43 1.71672e+07 2.17013e+06 -7.16172e+06 33503.2 -10.9958 18.6701
1010101 FRAC0_S 0 1 -138.007 30721.7 7765.41 1.64805e+07 -1.01939e+06 -4.02748e+06 26452.7 6.47247 13.4377
1010101 FRAC0_S 0 1 -394.593 30790.7 7953.29 2.06997e+07 1.24287e+06 -137634 38321.7 -7.65869 0.48492
1010101 FRAC0_S 0 1 -618.269 30787.6 8191.66 1.42317e+07 2.50702e+06 4.15489e+06 20904.4 -15.7908 -14.2061
1010101 FRAC0_S 0 1 -786.815 30713.3 8466.75 1.05453e+07 981684 4.44467e+06 12622.7 -8.34051 -19.1506
1010101 FRAC0_S 0 1 -870.356 30573.8 8761.37 9.00119e+06 -475359 -9.55557e+06 19384 3.45307 30.8433
1010101 FRAC0_S 0 1 -851.774 30376.4 9031.75 6.60074e+06 -970639 6.02744e+06 8798.36 9.63612 -28.0891
1010101 FRAC0_S 0 1 -750.033 30131.5 9235.95 8.01911e+06 -1.04334e+06 4.05217e+06 8011.19 10.6947 -20.95
1010101 FRAC0_S 0 1 -587.07 29871.3 9356.9 9.67811e+06 -807746 2.43174e+06 9191.17 8.48059 -13.5141
1010101 FRAC0_S 0 1 -373.503 29627.5 9395.99 1.02562e+07 -505552 726712 9466.4 6.02519 -4.80193
1010101 FRAC0_S 0 1 -125.267 29421.5 9354.37 1.03246e+07 332431 -605988 9557.5 -4.07118 4.10115
1010101 FRAC0_S 0 1 137.977 29272.3 9235.33 1.04212e+07 -1.17268e+06 -2.16036e+06 10420.8 11.4275 11.4372
1010101 FRAC0_S 0 1 391.886 29184.7 9043.24 1.21821e+07 537886 -1.78681e+06 13674.7 -5.09471 9.10665
1010101 FRAC0_S 0 1 613.997 29179 8799.11 9.57044e+06 -4.7676e+06 -5.7378e+06 14566 29.2994 19.5973
1010101 FRAC0_S 0 1 786.06 29277.5 8532.88 8.17442e+06 -5.39507e+06 -1.05086e+07 23235.5 27.8548 27.7564
1010101 FRAC0_S 0 1 884.223 29445.7 8258.02 8.66813e+06 -2.0582e+06 -9.44393e+06 18934.9 13.5569 29.2861