
Step FractureNumber TipNr TipActive TipX TipY TipZ KI KII KIII G Phi Psi Extension
1010000 FRAC0_S 0 1 -45000 -44020.2 8624.9 1.479e+06 169338 -22069.7 197.543 -13.4731 1.02479
1010000 FRAC0_S 0 1 -45000 -44106.8 8921.55 1.37961e+06 156251 17898.9 171.823 -13.371 -0.894162
1010000 FRAC0_S 0 1 -45000 -44280.8 9176.94 1.36863e+06 117704 48888.2 168.469 -10.3222 -2.4504
1010000 FRAC0_S 0 1 -45000 -44525.1 9366.05 1.44996e+06 70591.8 93433.2 188.948 -5.98936 -4.40482
1010000 FRAC0_S 0 1 -45000 -44816 9470.4 1.25571e+06 76156.3 -39540.5 141.234 -7.55856 2.22147
1010000 FRAC0_S 0 1 -45000 -45124.9 9479.76 1.2971e+06 -20307 155322 153.17 1.91711 -7.85924
1010000 FRAC0_S 0 1 -45000 -45421.5 9393.21 1.35552e+06 -31799.3 112617 165.51 2.9366 -5.67031
1010000 FRAC0_S 0 1 -45000 -45676.9 9219.22 1.15341e+06 -57574.4 74421.3 119.579 6.1303 -4.40537
1010000 FRAC0_S 0 1 -45000 -45866 8974.84 1.37432e+06 -109373 69518.6 170.016 9.51136 -3.42501
1010000 FRAC0_S 0 1 -45000 -45970.4 8683.98 1.40103e+06 -166917 67812 178.007 13.557 -3.17685
1010000 FRAC0_S 0 1 -45000 -45979.8 8375.1 1.46957e+06 -136785 37635.2 194.301 11.1638 -1.76833
1010000 FRAC0_S 0 1 -45000 -45893.2 8078.45 1.35956e+06 -153420 -2759.29 166.809 13.4534 0.141884
1010000 FRAC0_S 0 1 -45000 -45719.2 7823.06 1.43898e+06 -178306 -35327 187.516 14.2902 1.65228
1010000 FRAC0_S 0 1 -45000 -45474.9 7633.95 1.36005e+06 -136370 -68718.5 167.114 11.6668 3.36104
1010000 FRAC0_S 0 1 -45000 -45184 7529.6 1.21574e+06 -117191 160040 136.337 10.558 -7.98207
1010000 FRAC0_S 0 1 -45000 -44875.1 7520.24 1.36257e+06 -55913.3 -106342 167.223 5.03951 5.27926
1010000 FRAC0_S 0 1 -45000 -44578.5 7606.79 1.28761e+06 202103 -268153 160.941 -15.1707 11.1306
1010000 FRAC0_S 0 1 -45000 -44323.1 7780.78 1.28641e+06 88872.1 -123776 150.206 -8.0539 6.2154
1010000 FRAC0_S 0 1 -45000 -44134 8025.16 1.3783e+06 110610 -94024.9 171.548 -9.44097 4.51671
1010000 FRAC0_S 0 1 -45000 -44029.6 8316.02 1.35574e+06 -195076 -87306.6 168.191 15.6792 4.06342
Step FractureNumber TipNr TipActive TipX TipY TipZ KI KII KIII G Phi Psi Extension
1010101 FRAC0_S 0 1 -45010.6 -43926.4 8636.94 1.34536e+06 463.078 43846.9 161.545 -0.0466441 -2.4282
1010101 FRAC0_S 0 1 -45021.8 -44020.8 8962.24 1.50541e+06 -173573 28180.3 204.736 13.5107 -1.27856
1010101 FRAC0_S 0 1 -45017.3 -44211 9242.83 1.35776e+06 -66336.2 42537.5 164.909 6.18903 -2.23451
1010101 FRAC0_S 0 1 -45013 -44478.7 9450.87 1.26262e+06 -49244.2 77534.3 143.075 4.87407 -4.24997
1010101 FRAC0_S 0 1 -45008.4 -44798 9565.69 1.06962e+06 -34219 61514.6 102.558 4.05053 -4.02536
1010101 FRAC0_S 0 1 -45000.4 -45137.2 9576.26 1.51427e+06 20264.8 105051 205.835 -1.71967 -4.86212
1010101 FRAC0_S 0 1 -44993.9 -45463 9481.25 1.1012e+06 428644 -212556 130.44 -30.2047 9.02415
1010101 FRAC0_S 0 1 -44989.3 -45743.3 9289.86 1.18011e+06 345097 -44693 134.978 -27.3925 2.19381
1010101 FRAC0_S 0 1 -44983.2 -45950.3 9021.18 1.25326e+06 80003.4 64066.3 141.077 -7.78618 -3.50687
1010101 FRAC0_S 0 1 -44979.3 -46064.1 8701.78 1.32606e+06 119154 54003.8 158.347 -10.6847 -2.76685
1010101 FRAC0_S 0 1 -44978.6 -46074.3 8363.05 1.02963e+06 65359.2 19523 94.9008 -7.96937 -1.3562
1010101 FRAC0_S 0 1 -44977.3 -45979.2 8037.99 1.4635e+06 96896.3 -27149 191.792 -8.28419 1.32425
1010101 FRAC0_S 0 1 -44976.8 -45788.3 7758.02 997299 105995 -48277.7 89.9405 -12.2931 3.21202
1010101 FRAC0_S 0 1 -44979.1 -45520.6 7550.26 1.41989e+06 149094 -64926.1 182.195 -12.1921 3.04735
1010101 FRAC0_S 0 1 -44983.6 -45201.8 7435.14 1.32396e+06 123837 -90819.3 158.661 -10.8146 4.4891
1010101 FRAC0_S 0 1 -44997.6 -44863 7424.87 1.48239e+06 -17842.5 -58703.5 196.303 1.59318 2.89039
1010101 FRAC0_S 0 1 -45014.4 -44537.8 7520.42 1.41853e+06 -240311 -97158 185.712 17.8482 4.21465
1010101 FRAC0_S 0 1 -45017.6 -44257.3 7711.04 1.33005e+06 -190660 -133624 163.253 15.205 6.0849
1010101 FRAC0_S 0 1 -45004.9 -44050.1 7978.94 1.03678e+06 97.1712 -118545 97.6547 -0.0117735 7.65533
1010101 FRAC0_S 0 1 -44996.4 -43936.6 8298.27 1.23503e+06 446566 -39632.2 153.899 -31.6106 1.77849