
Step FractureNumber TipNr TipActive TipX TipY TipZ KI KII KIII G Phi Psi Extension
1010000 FRAC0_S 0 1 30000 44049 8233.09 2.3611e+06 -925071 -425941 597.157 30.5413 8.51551
1010000 FRAC0_S 0 1 30000 44178.1 7952.3 2.19654e+06 -655167 -382939 487.688 25.4848 8.77167
1010000 FRAC0_S 0 1 30000 44387.6 7725.12 2.26347e+06 -302426 -883030 568.392 11.738 17.8072
1010000 FRAC0_S 0 1 30000 44657 7573.79 1.78813e+06 191341 -470180 317.584 -10.5083 13.7554
1010000 FRAC0_S 0 1 30000 44960 7513.12 2.52771e+06 680897 -561184 652.552 -23.0031 10.8801
1010000 FRAC0_S 0 1 30000 45266.9 7549.06 2.21685e+06 672622 -366114 496.068 -25.9367 8.35432
1010000 FRAC0_S 0 1 30000 45547.7 7678.08 2.19231e+06 769441 -214962 487.186 -29.8031 5.12699
1010000 FRAC0_S 0 1 30000 45774.9 7887.55 2.4996e+06 962808 -62947.4 639.892 -33.0141 1.38222
1010000 FRAC0_S 0 1 30000 45926.2 8156.97 2.27764e+06 837110 103165 526.132 -31.6825 -2.46673
1010000 FRAC0_S 0 1 30000 45986.8 8459.98 2.19415e+06 740996 229003 484.905 -28.9469 -5.47234
1010000 FRAC0_S 0 1 30000 45951 8766.91 2.34194e+06 689657 405648 553.008 -25.2719 -8.7456
1010000 FRAC0_S 0 1 30000 45821.9 9047.7 2.3499e+06 500027 460910 542.603 -19.5472 -10.219
1010000 FRAC0_S 0 1 30000 45612.4 9274.88 1.91304e+06 229937 445839 357.266 -11.8825 -12.4542
1010000 FRAC0_S 0 1 30000 45343 9426.21 2.36352e+06 30550.4 594165 544.824 -1.42398 -14.2044
1010000 FRAC0_S 0 1 30000 45040 9486.88 2.38788e+06 -249790 618190 564.49 10.3288 -13.6202
1010000 FRAC0_S 0 1 30000 44733.1 9450.94 2.54184e+06 -583197 544922 645.535 20.4799 -10.854
1010000 FRAC0_S 0 1 30000 44452.3 9321.92 2.41558e+06 -767775 386003 592.305 26.8754 -8.04926
1010000 FRAC0_S 0 1 30000 44225.1 9112.45 2.46663e+06 -983526 208507 634.147 32.5765 -4.33804
1010000 FRAC0_S 0 1 30000 44073.8 8843.03 2.33316e+06 -1.22948e+06 504127 653.584 35.9273 -9.16199
1010000 FRAC0_S 0 1 30000 44013.2 8540.02 2.35822e+06 -801910 -255767 561.562 29.0083 5.65527
Step FractureNumber TipNr TipActive TipX TipY TipZ KI KII KIII G Phi Psi Extension
1010101 FRAC0_S 0 1 30048.2 43968.8 8203.32 2.88567e+06 -50713.5 -732154 813.55 1.92197 14.2526
1010101 FRAC0_S 0 1 30039.3 44104.6 7902.25 2.65085e+06 276490 -769393 711.719 -10.0795 14.8045
1010101 FRAC0_S 0 1 30016.4 44329.9 7651.15 2.01036e+06 520653 -256068 393.02 -23.7105 6.88781
1010101 FRAC0_S 0 1 29986.2 44623.8 7485.49 2.55451e+06 -221953 -721516 655.117 8.60143 14.6848
1010101 FRAC0_S 0 1 29965 44955.6 7422.44 2.38075e+06 -372368 -655185 574.522 14.4599 13.7746
1010101 FRAC0_S 0 1 29955.9 45290.1 7464.72 2.50024e+06 -384145 -587340 616.076 14.6339 12.2514
1010101 FRAC0_S 0 1 29950.6 45594.2 7607.32 2.66288e+06 -114456 -500474 666.354 4.80322 11.1401
1010101 FRAC0_S 0 1 29947.2 45839.7 7836.11 2.61904e+06 -118466 -308685 625.164 5.3387 7.56524
1010101 FRAC0_S 0 1 29948 46004.4 8128.31 2.86919e+06 -24812.1 -92028.9 734.759 1.15848 2.3726
1010101 FRAC0_S 0 1 29952 46072.3 8456.93 2.72399e+06 91054.4 199730 667.254 -4.16452 -5.02268
1010101 FRAC0_S 0 1 29958.2 46035.9 8791.3 2.6485e+06 66340.7 451335 652.552 -2.90268 -10.4482
1010101 FRAC0_S 0 1 29967.4 45898 9099.12 2.57522e+06 6831.03 607952 640.119 -0.299473 -13.6667
1010101 FRAC0_S 0 1 29980.8 45671 9349.77 2.60272e+06 -14853.8 717264 672.087 0.622192 -15.2498
1010101 FRAC0_S 0 1 29998.1 45376.6 9516.85 2.84147e+06 15944.6 1.01924e+06 857.659 -0.574632 -18.2264
1010101 FRAC0_S 0 1 30017.1 45044.4 9582.01 2.41008e+06 245067 664211 581.622 -9.95459 -14.2866
1010101 FRAC0_S 0 1 30033.3 44709 9539.17 2.81533e+06 241290 783530 793.134 -8.52033 -14.541
1010101 FRAC0_S 0 1 30044.8 44404.7 9394.65 2.14954e+06 509855 155796 438.128 -23.0591 -4.21556
1010101 FRAC0_S 0 1 30052.9 44160.7 9164.17 3.30236e+06 230963 588965 1022.69 -7.62416 -10.4705
1010101 FRAC0_S 0 1 30054.9 43997.5 8871.04 1.9958e+06 532076 291992 391.511 -23.9241 -7.72293
1010101 FRAC0_S 0 1 30051.7 43929.7 8543 2.4531e+06 -151294 -156988 541.553 7.46037 4.32776