
Step FractureNumber TipNr TipActive TipX TipY TipZ KI KII KIII G Phi Psi Extension
1010000 FRAC0_S 0 1 7500 23431.5 8171.35 3.9543e+06 302637 -49675.8 1401.86 -9.49248 0.895321
1010000 FRAC0_S 0 1 7500 23487.4 8475.25 4.15787e+06 366466 35078.6 1552.65 -10.8004 -0.598153
1010000 FRAC0_S 0 1 7500 23446.7 8781.58 3.69273e+06 292478 55271.6 1223.16 -9.76737 -1.06082
1010000 FRAC0_S 0 1 7500 23313.3 9060.35 4.40705e+06 294808 208030 1744.2 -8.15377 -3.24558
1010000 FRAC0_S 0 1 7500 23100.4 9284.26 3.2836e+06 -79777.2 -25643.9 961.44 3.2568 0.588318
1010000 FRAC0_S 0 1 7500 22828.6 9431.41 3.62471e+06 39041.1 206677 1176.59 -1.40506 -4.07102
1010000 FRAC0_S 0 1 7500 22524.8 9487.38 3.75561e+06 -2581.42 207467 1262.59 0.0911025 -3.99032
1010000 FRAC0_S 0 1 7500 22218.5 9446.7 3.39419e+06 -157132 392817 1049.32 5.4664 -7.44108
1010000 FRAC0_S 0 1 7500 21939.6 9313.35 3.77832e+06 -161477 168934 1278.23 5.394 -3.15125
1010000 FRAC0_S 0 1 7500 21715.7 9100.39 3.78067e+06 -216981 111992 1279.55 7.1966 -2.10107
1010000 FRAC0_S 0 1 7500 21568.5 8828.65 3.47636e+06 550822 -27054 1104.03 -17.7288 0.519026
1010000 FRAC0_S 0 1 7500 21512.6 8524.75 3.51588e+06 -1.22576e+06 24851.2 1235.5 31.3734 -0.405774
1010000 FRAC0_S 0 1 7500 21553.3 8218.42 3.71375e+06 -358546 -60111 1240.93 11.6201 1.12763
1010000 FRAC0_S 0 1 7500 21686.7 7939.65 3.40561e+06 477937 250644 1062.22 -15.2493 -4.60762
1010000 FRAC0_S 0 1 7500 21899.6 7715.74 3.9085e+06 100539 89706.2 1363.25 -3.39199 -1.69132
1010000 FRAC0_S 0 1 7500 22171.4 7568.59 2.86121e+06 -112622 -152330 733.719 4.95272 3.72238
1010000 FRAC0_S 0 1 7500 22475.2 7512.62 3.65187e+06 -43877.6 -205903 1194.19 1.56558 4.02441
1010000 FRAC0_S 0 1 7500 22781.5 7553.3 2.80601e+06 16437.5 -154709 704.832 -0.770836 3.96419
1010000 FRAC0_S 0 1 7500 23060.4 7686.65 3.70808e+06 198433 -167063 1232.47 -6.65361 3.14338
1010000 FRAC0_S 0 1 7500 23284.3 7899.61 3.31184e+06 1.11615e+06 -455741 1116.02 -28.34 6.99144
Step FractureNumber TipNr TipActive TipX TipY TipZ KI KII KIII G Phi Psi Extension
1010101 FRAC0_S 0 1 7475.2 23520 8140.95 3.97524e+06 -773830 -172031 1465.46 20.2837 2.68638
1010101 FRAC0_S 0 1 7482.27 23583.4 8472.85 4.08107e+06 -504509 9738.6 1506.83 14.5265 -0.165153
1010101 FRAC0_S 0 1 7483.29 23538.9 8809.06 4.11997e+06 -484168 37264 1533.64 13.8424 -0.624104
1010101 FRAC0_S 0 1 7490.09 23392.9 9115.27 4.20581e+06 -163310 10766.4 1578.64 5.12278 -0.191536
1010101 FRAC0_S 0 1 7498.68 23159.4 9361.51 3.74095e+06 -347989 -492037 1290.06 10.231 7.99717
1010101 FRAC0_S 0 1 7500.23 22861.1 9523.36 4.1751e+06 75465.3 193794 1558.82 -2.35702 -3.33841
1010101 FRAC0_S 0 1 7501.85 22527.2 9584.79 3.82259e+06 37543.7 559029 1343.78 -1.18434 -9.339
1010101 FRAC0_S 0 1 7507.15 22190.7 9539.89 4.23258e+06 215609 138035 1603.06 -6.42702 -2.31772
1010101 FRAC0_S 0 1 7510.21 21884.6 9393.27 4.39943e+06 302550 110173 1734.49 -8.52538 -1.7685
1010101 FRAC0_S 0 1 7501 21639.8 9158.96 3.42617e+06 -254677 242093 1059.61 8.79377 -4.68787
1010101 FRAC0_S 0 1 7500.93 21482.6 8860.11 3.83311e+06 -320670 -97934.5 1319.7 10.1608 1.77916
1010101 FRAC0_S 0 1 7523.46 21424 8526.76 4.10495e+06 552684 -189290 1533.55 -15.0537 2.99586
1010101 FRAC0_S 0 1 7516.51 21465.1 8191.31 4.51661e+06 504432 354944 1857.25 -12.52 -5.00601
1010101 FRAC0_S 0 1 7490.4 21608.2 7885.49 3.59362e+06 -561476 11855.3 1178.89 17.5934 -0.221649
1010101 FRAC0_S 0 1 7492.63 21841.1 7638.94 3.9696e+06 -214788 -40020.3 1408.5 6.93726 0.735978
1010101 FRAC0_S 0 1 7503.52 22138.9 7476.82 4.07676e+06 54460.5 -210889 1487.18 -1.74493 3.71049
1010101 FRAC0_S 0 1 7503.18 22472.8 7415.21 4.10969e+06 130953 -137578 1509.08 -4.12477 2.41844
1010101 FRAC0_S 0 1 7497.11 22809.3 7459.95 4.09976e+06 16386 -109449 1499.38 -0.541838 1.99817
1010101 FRAC0_S 0 1 7482 23113.2 7608.41 4.54691e+06 -681189 45573.9 1883.92 16.9156 -0.671593
1010101 FRAC0_S 0 1 7469.24 23356.5 7844.21 4.24951e+06 -1.17359e+06 -50820.2 1732.25 26.7979 0.721313