
Step FractureNumber TipNr TipActive TipX TipY TipZ KI KII KIII G Phi Psi Extension
1010000 FRAC0_S 0 1 103.378 -44017.8 8500 839128 2.82981e+06 -255335 784.995 -64.5552 4.9354
1010000 FRAC0_S 0 1 -193.121 -44031.3 8500 852710 2.53316e+06 342685 652.222 -62.8049 -6.89009
1010000 FRAC0_S 0 1 -493.726 -44144.6 8500 871566 3.06792e+06 1.24731e+06 1113.33 -58.3181 -16.8489
1010000 FRAC0_S 0 1 -733.904 -44339 8500 838663 1.68317e+06 1.33802e+06 553.237 -47.7389 -23.0732
1010000 FRAC0_S 0 1 -902.243 -44598.1 8500 742007 1.23277e+06 1.89639e+06 662.792 -37.4842 -30.291
1010000 FRAC0_S 0 1 -982.264 -44896.6 8500 696484 270009 2.15777e+06 668.968 -11.5764 -38.1298
1010000 FRAC0_S 0 1 -966.133 -45205.2 8500 687077 -433714 1.44953e+06 338.28 21.6304 -33.4927
1010000 FRAC0_S 0 1 -855.431 -45493.7 8500 543098 -1.28217e+06 1.63072e+06 526.459 42.305 -29.4573
1010000 FRAC0_S 0 1 -660.994 -45733.9 8500 552358 -2.15116e+06 1.30057e+06 664.509 55.0097 -21.8537
1010000 FRAC0_S 0 1 -401.854 -45902.2 8500 517531 -2.56313e+06 765967 687.318 62.2066 -14.2234
1010000 FRAC0_S 0 1 -103.378 -45982.2 8500 502273 -3.00246e+06 224627 832.497 67.3406 -4.57839
1010000 FRAC0_S 0 1 205.218 -45966.1 8500 574301 -3.0135e+06 -409519 860.918 65.7597 7.64462
1010000 FRAC0_S 0 1 493.726 -45855.4 8500 532808 -2.4968e+06 -932255 696.401 60.4278 16.5268
1010000 FRAC0_S 0 1 733.904 -45661 8500 511533 -1.90008e+06 -1.21944e+06 542.805 54.0921 22.4733
1010000 FRAC0_S 0 1 902.243 -45401.9 8500 596012 -1.26981e+06 -1.83909e+06 625.177 39.7603 30.5873
1010000 FRAC0_S 0 1 982.264 -45103.4 8500 651099 -441757 -2.09493e+06 638.865 18.0567 37.0076
1010000 FRAC0_S 0 1 966.133 -44794.8 8500 716764 615916 -2.19223e+06 718.764 -22.3254 35.746
1010000 FRAC0_S 0 1 855.431 -44506.3 8500 771759 1.56108e+06 -1.98195e+06 792.676 -41.4888 28.8657
1010000 FRAC0_S 0 1 660.994 -44266.1 8500 777577 2.46437e+06 -1.59887e+06 935.055 -53.13 22.1625
1010000 FRAC0_S 0 1 401.854 -44097.8 8500 871508 3.11929e+06 -1.00001e+06 1067.72 -60.1566 14.304
Step FractureNumber TipNr TipActive TipX TipY TipZ KI KII KIII G Phi Psi Extension
1010101 FRAC0_S 0 1 108.314 -43973.8 8410.93 5.13746e+06 827334 -256325 2421.66 -17.3803 3.15776
1010101 FRAC0_S 0 1 -215.405 -43989.5 8411.68 5.67499e+06 1.27004e+06 822332 3103.51 -21.0199 -7.88799
1010101 FRAC0_S 0 1 -521.719 -44099.4 8416.71 5.05333e+06 1.12079e+06 1.71537e+06 2778.82 -18.4758 -15.3991
1010101 FRAC0_S 0 1 -783.575 -44297 8426.51 3.48664e+06 1.06743e+06 2.0037e+06 1718.78 -20.9335 -20.7518
1010101 FRAC0_S 0 1 -975.337 -44568.2 8446.05 2.17658e+06 744805 2.41561e+06 1247.67 -18.1744 -28.5436
1010101 FRAC0_S 0 1 -1071.83 -44888.2 8483.97 1.84665e+06 110111 2.69461e+06 1270.66 -3.27495 -34.1116
1010101 FRAC0_S 0 1 -1051.97 -45221.5 8530.24 1.58342e+06 -574918 2.10475e+06 842.056 17.6073 -30.4659
1010101 FRAC0_S 0 1 -919.784 -45527.7 8563.35 2.59546e+06 -780361 2.04697e+06 1211.82 18.697 -24.741
1010101 FRAC0_S 0 1 -700.939 -45775.1 8579.9 3.21237e+06 -1.07849e+06 1.51706e+06 1329.3 23.5833 -18.1224
1010101 FRAC0_S 0 1 -421.942 -45943.8 8587.78 3.97745e+06 -788736 801486 1550.6 18.4281 -10.5445
1010101 FRAC0_S 0 1 -108.004 -46022.1 8591.05 4.23737e+06 -738630 187831 1653.3 18.5933 -2.79354
1010101 FRAC0_S 0 1 214.643 -46006.5 8590.4 3.85724e+06 -823096 -399660 1407.42 20.8461 5.93226
1010101 FRAC0_S 0 1 519.088 -45896.7 8586.53 3.39318e+06 -876037 -1.07617e+06 1248.41 21.064 14.3659
1010101 FRAC0_S 0 1 779.416 -45699.1 8578.23 2.72491e+06 -883876 -1.64956e+06 1093.17 21.5548 21.2213
1010101 FRAC0_S 0 1 971.888 -45429.8 8559.98 2.17774e+06 -932139 -2.41439e+06 1275.33 21.6299 27.7866
1010101 FRAC0_S 0 1 1069.72 -45111.4 8521.99 1.28395e+06 -251072 -1.93137e+06 648.633 9.77302 33.2148
1010101 FRAC0_S 0 1 1051.24 -44778.3 8472.19 1.7213e+06 435882 -2.37459e+06 1030.89 -12.8181 31.8104
1010101 FRAC0_S 0 1 920.53 -44471.6 8437.38 2.81175e+06 992637 -2.40063e+06 1558.79 -20.6048 25.2376
1010101 FRAC0_S 0 1 702.352 -44223.1 8421.75 4.00922e+06 1.23108e+06 -1.99401e+06 2096.21 -21.797 18.9922
1010101 FRAC0_S 0 1 423.14 -44053.2 8414.05 4.4297e+06 977774 -1.19229e+06 2022.8 -19.205 13.0142