
Step FractureNumber TipNr TipActive TipX TipY TipZ KI KII KIII G Phi Psi Extension
1010000 FRAC0_S 0 1 29640.5 44080 8500 -45106.7 -814736 -107625 60.6914 68.2555 8.26862
1010000 FRAC0_S 0 1 29942.3 44014 8500 -42288.9 -690802 -270350 52.2448 63.2048 18.6196
1010000 FRAC0_S 0 1 30249.8 44044.5 8500 -28030.4 -565839 -429836 53.1036 55.9969 26.9329
1010000 FRAC0_S 0 1 30532.9 44168.4 8500 -27679.9 -249437 -390272 25.8018 42.5468 34.3277
1010000 FRAC0_S 0 1 30763.8 44373.8 8500 28146.7 -566318 -956438 150.314 41.7879 35.552
1010000 FRAC0_S 0 1 30920 44640.5 8500 56562.3 -435793 -385683 36.9924 52.2419 27.8947
1010000 FRAC0_S 0 1 30986 44942.3 8500 -27939.2 399136 -455054 41.7369 -49.0147 31.4553
1010000 FRAC0_S 0 1 30955.5 45249.8 8500 -20251 562594 -341960 43.7569 -59.2621 24.3297
1010000 FRAC0_S 0 1 30831.6 45532.9 8500 -26710.4 698885 -244459 51.473 -64.53 17.5607
1010000 FRAC0_S 0 1 30626.2 45763.8 8500 -1940.31 708613 -59897 45.2222 -69.5491 5.86449
1010000 FRAC0_S 0 1 30359.5 45920 8500 -6932.74 710455 96424.5 46.2146 -68.8709 -8.77855
1010000 FRAC0_S 0 1 30057.7 45986 8500 4795.88 686773 237173 49.5128 -65.2485 -17.7668
1010000 FRAC0_S 0 1 29750.2 45955.5 8500 -377.539 539880 375629 44.7388 -58.2021 -26.4391
1010000 FRAC0_S 0 1 29467.1 45831.6 8500 -13379.7 333794 464730 38.653 -45.7259 -33.8348
1010000 FRAC0_S 0 1 29236.2 45626.2 8500 -17833 88718.7 413036 23.391 -21.8639 -41.1514
1010000 FRAC0_S 0 1 29080 45359.5 8500 -29245 -136472 528189 38.7645 24.8265 -40.2521
1010000 FRAC0_S 0 1 29014 45057.7 8500 -45595.6 110466 -203383 6.58887 -36.4141 33.5691
1010000 FRAC0_S 0 1 29041.3 44762.1 8500 -39726.3 -591944 385501 50.9893 57.7665 -24.8215
1010000 FRAC0_S 0 1 29168.4 44467.1 8500 -43754.9 -748909 241593 57.7416 64.6717 -16.4195
1010000 FRAC0_S 0 1 29373.8 44236.2 8500 -34547 -847404 75071.5 64.7389 69.0816 -5.91548
Step FractureNumber TipNr TipActive TipX TipY TipZ KI KII KIII G Phi Psi Extension
1010101 FRAC0_S 0 1 29627.4 44044.7 8592.11 625324 -236206 61612 40.3213 31.2391 -5.05885
1010101 FRAC0_S 0 1 29941.2 43969.4 8588.57 420750 -183676 34973.8 18.9442 34.4405 -4.1677
1010101 FRAC0_S 0 1 30266.2 43990.6 8580.67 451040 -275494 -127557 27.0555 37.8751 10.9131
1010101 FRAC0_S 0 1 30570.7 44112 8571.2 261927 -174949 -508130 43.1809 23.5191 32.3996
1010101 FRAC0_S 0 1 30816.8 44329.1 8569.99 19704.3 -244035 -1.02716e+06 145.664 23.9644 41.1709
1010101 FRAC0_S 0 1 30979.2 44616.5 8537.32 72459.4 148979 -523307 38.8677 -25.2045 38.5145
1010101 FRAC0_S 0 1 31045.4 44938 8460.54 723499 420733 -1.24127e+06 267.339 -22.5144 31.6516
1010101 FRAC0_S 0 1 31005.7 45261.1 8415.58 -307680 -278656 -438372 32.478 32.8947 27.3291
1010101 FRAC0_S 0 1 30867.6 45554.5 8409.94 -216766 -198105 -495464 36.1466 27.1515 32.6773
1010101 FRAC0_S 0 1 30649.7 45791.5 8407.26 -112295 -94647.6 -635370 54.4896 14.8475 40.0599
1010101 FRAC0_S 0 1 30372.3 45954 8407.23 409876 31770.9 -428571 39.4888 -5.01797 30.4101
1010101 FRAC0_S 0 1 30058.9 46028.1 8410.03 622150 167723 -2966.37 36.9998 -26.484 0.291371
1010101 FRAC0_S 0 1 29734.7 46006.2 8416.9 474374 55177.6 444715 46.6273 -7.70438 -28.7282
1010101 FRAC0_S 0 1 29427 45888.5 8433.64 27546.3 -72978 471390 30.096 16.7246 -41.8713
1010101 FRAC0_S 0 1 29169.8 45678.6 8473.97 120662 -238559 682217 68.2695 28.3964 -36.9347
1010101 FRAC0_S 0 1 28999.8 45391.9 8496.84 -4614.82 -178788 500071 36.1079 31.8323 -39.4037
1010101 FRAC0_S 0 1 28939.8 45064.9 8501.96 54680.6 -249085 477489 36.1186 37.5202 -35.3453
1010101 FRAC0_S 0 1 28989.6 44738.8 8550.05 -404824 631829 -23756.4 35.6485 -58.5655 1.73087
1010101 FRAC0_S 0 1 29131.8 44445.2 8589.69 -149787 182512 478296 33.3944 -27.9734 -34.5349
1010101 FRAC0_S 0 1 29350.1 44208 8592.53 152819 46877.9 394861 23.0136 -10.6031 -37.2467