
Step FractureNumber TipNr TipActive TipX TipY TipZ KI KII KIII G Phi Psi Extension
1010000 FRAC0_S 0 1 772.766 44413.9 8313.34 4.35107e+06 -5.01212e+06 -4.76199e+06 6941.56 40.8634 22.5454
1010000 FRAC0_S 0 1 806.209 44613.7 8080.04 3.68287e+06 -1.68742e+06 -5.40101e+06 5342.11 20.2143 30.8141
1010000 FRAC0_S 0 1 760.735 44851.4 7887.84 4.33447e+06 872096 -5.05566e+06 5141.38 -11.3918 30.4173
1010000 FRAC0_S 0 1 640.795 45103.6 7755.57 3.28736e+06 3.17148e+06 -4.72316e+06 4826.29 -34.0763 27.0588
1010000 FRAC0_S 0 1 458.13 45345.7 7696.17 3.12179e+06 4.87529e+06 -3.72201e+06 4828.93 -46.1271 21.4442
1010000 FRAC0_S 0 1 230.619 45553.9 7715.46 3.14433e+06 6.29689e+06 -2.53586e+06 5269.57 -54.2558 15.0353
1010000 FRAC0_S 0 1 -19.466 45707.9 7811.54 3.51725e+06 8.19648e+06 -1.12196e+06 7256.42 -60.8558 6.56581
1010000 FRAC0_S 0 1 -267.646 45792.6 7975 2.78209e+06 5.98952e+06 369115 3904.6 -61.6806 -3.09594
1010000 FRAC0_S 0 1 -489.626 45799.7 8189.86 3.35852e+06 6.51231e+06 1.75355e+06 5193.28 -56.4621 -11.0154
1010000 FRAC0_S 0 1 -663.679 45728.6 8435.08 4.04323e+06 6.50217e+06 3.51886e+06 6871.01 -49.7629 -17.4497
1010000 FRAC0_S 0 1 -772.766 45586.1 8686.66 3.12515e+06 3.27591e+06 3.46309e+06 3421.67 -38.7739 -23.3167
1010000 FRAC0_S 0 1 -806.209 45386.3 8919.96 4.70334e+06 2.51902e+06 5.83844e+06 7070.3 -24.3977 -28.2733
1010000 FRAC0_S 0 1 -766.349 45165.2 9101.14 5.54031e+06 -390888 6.33094e+06 8079.59 4.39174 -31.4747
1010000 FRAC0_S 0 1 -640.795 44896.4 9244.43 4.15634e+06 -2.55113e+06 4.96031e+06 5391.77 27.2642 -27.1958
1010000 FRAC0_S 0 1 -458.13 44654.3 9303.83 5.29426e+06 -6.06805e+06 5.34426e+06 9577.45 41.6152 -21.5745
1010000 FRAC0_S 0 1 -230.619 44446.1 9284.54 5.34522e+06 -8.30844e+06 3.83228e+06 10650.6 50.7173 -15.5097
1010000 FRAC0_S 0 1 19.466 44292.1 9188.46 5.42556e+06 -9.73058e+06 1.89389e+06 11537.5 57.0996 -8.25693
1010000 FRAC0_S 0 1 267.646 44207.4 9025 5.01083e+06 -9.6538e+06 -286950 10553 61.2116 1.48482
1010000 FRAC0_S 0 1 489.626 44200.3 8810.14 4.7574e+06 -8.74088e+06 -2.34856e+06 9558.68 55.9247 10.8351
1010000 FRAC0_S 0 1 663.679 44271.4 8564.92 3.74156e+06 -5.63666e+06 -3.32598e+06 5549.94 48.336 18.1587
Step FractureNumber TipNr TipActive TipX TipY TipZ KI KII KIII G Phi Psi Extension
1010101 FRAC0_S 0 1 867.324 44404.7 8331.97 7.38553e+06 -1.31996e+06 -5.64973e+06 9261.15 12.2812 25.5866
1010101 FRAC0_S 0 1 894.744 44597.1 8057.89 4.96054e+06 -421392 -4.90878e+06 5413.33 5.61545 29.698
1010101 FRAC0_S 0 1 822.27 44828.3 7823.08 4.74582e+06 244976 -5.18147e+06 5583.08 -3.33099 31.1688
1010101 FRAC0_S 0 1 665.146 45080.9 7665.63 6.41381e+06 133665 -5.66484e+06 7935.33 -1.52392 29.0807
1010101 FRAC0_S 0 1 450.435 45327.6 7600.15 6.66382e+06 1.31109e+06 -3.81794e+06 6048.94 -14.6995 21.7936
1010101 FRAC0_S 0 1 198.795 45538.7 7623.22 8.13666e+06 1.26219e+06 -2.85998e+06 7129.39 -13.6726 16.4012
1010101 FRAC0_S 0 1 -69.3839 45693.4 7727.02 8.95845e+06 977478 -1.34794e+06 7478.22 -11.6024 8.84674
1010101 FRAC0_S 0 1 -331.21 45781.5 7899.53 1.1176e+07 955516 143854 11214.3 -10.4734 -0.909541
1010101 FRAC0_S 0 1 -565.172 45795.8 8126.04 7.76324e+06 922958 1.63173e+06 5800.5 -11.9631 -11.51
1010101 FRAC0_S 0 1 -750.584 45732.1 8389.2 9.90729e+06 1.57965e+06 4.30562e+06 11434.5 -13.3031 -18.8127
1010101 FRAC0_S 0 1 -867.759 45595 8667.59 7.76221e+06 1.0576e+06 5.24888e+06 9132.96 -10.1288 -24.5075
1010101 FRAC0_S 0 1 -897.684 45399.5 8938.6 7.72524e+06 814207 6.83185e+06 11584.8 -7.2193 -28.1487
1010101 FRAC0_S 0 1 -829.274 45165.5 9172.35 8.14236e+06 475510 7.45022e+06 13310.2 -4.08178 -29.0714
1010101 FRAC0_S 0 1 -673.583 44912.8 9332.5 7.76692e+06 -108551 6.76947e+06 11471.4 1.03386 -29.0037
1010101 FRAC0_S 0 1 -456.626 44666.9 9400.52 9.74515e+06 -786525 6.05377e+06 13391.9 6.48174 -24.0738
1010101 FRAC0_S 0 1 -202.364 44456.1 9378.41 7.22349e+06 -2.30087e+06 3.04376e+06 6353.57 23.284 -16.9546
1010101 FRAC0_S 0 1 67.6277 44302.1 9274.43 1.40005e+07 -1.29844e+06 2.32942e+06 18338.8 9.93212 -9.73073
1010101 FRAC0_S 0 1 330.756 44216.3 9101.03 1.61618e+07 -1.82604e+06 -166086 23576.7 13.3739 0.71084
1010101 FRAC0_S 0 1 565.287 44202.9 8873.76 1.12451e+07 -1.09923e+06 -2.35052e+06 12110.6 10.0809 11.6322
1010101 FRAC0_S 0 1 750.714 44267.3 8610.89 9.49653e+06 -1.39488e+06 -4.26625e+06 10630.4 12.2907 19.3395