
Step FractureNumber TipNr TipActive TipX TipY TipZ KI KII KIII G Phi Psi Extension
1010000 FRAC0_S 0 1 30000 -14017.8 8603.45 4.17725e+06 -4.15591e+06 -3.83863e+06 5053.76 39.6407 21.3168
1010000 FRAC0_S 0 1 30000 -14097.8 8901.92 1.91648e+07 -8.21086e+06 -7.99571e+06 47239.6 28.7266 15.9457
1010000 FRAC0_S 0 1 30000 -14266.1 9161.05 7.61686e+06 -2.33054e+06 -5.50095e+06 9678.49 19.5273 23.5904
1010000 FRAC0_S 0 1 30000 -14506.3 9355.47 9.09847e+06 -286842 -6.06734e+06 12280.1 2.57465 25.5385
1010000 FRAC0_S 0 1 30000 -14794.9 9466.15 1.50743e+07 5.80354e+06 -8.29233e+06 32395.6 -25.0828 19.5066
1010000 FRAC0_S 0 1 30000 -15103.5 9482.25 8.81086e+06 4.10085e+06 -4.8499e+06 11544.6 -28.5921 18.8379
1010000 FRAC0_S 0 1 30000 -15401.9 9402.21 9.76518e+06 6.82867e+06 -4.07631e+06 14862.6 -38.6111 14.0988
1010000 FRAC0_S 0 1 30000 -15661 9233.85 7.99425e+06 7.01583e+06 -1.91852e+06 10570.5 -45.9981 8.4159
1010000 FRAC0_S 0 1 30000 -15855.5 8993.66 7.17995e+06 7.65406e+06 44148.1 9814.51 -53.4968 -0.23116
1010000 FRAC0_S 0 1 30000 -15966.1 8705.15 5.14951e+06 6.11436e+06 1.97692e+06 6214.17 -49.7225 -10.9102
1010000 FRAC0_S 0 1 30000 -15982.2 8396.55 3.13131e+06 3.48892e+06 2.89018e+06 3069.4 -41.9387 -20.6563
1010000 FRAC0_S 0 1 30000 -15902.2 8098.08 1.12424e+06 799747 3.11526e+06 1460.37 -20.4554 -35.6079
1010000 FRAC0_S 0 1 30000 -15733.9 7838.95 -952484 -1.68048e+06 2.73867e+06 1249.19 36.9471 -31.1896
1010000 FRAC0_S 0 1 30000 -15493.7 7644.53 -1.86825e+06 -2.98531e+06 1.6361e+06 1150.17 49.5888 -17.5671
1010000 FRAC0_S 0 1 30000 -15205.1 7533.85 8.10479e+06 1.1518e+06 3.143e+06 7285.48 -12.4006 -17.6509
1010000 FRAC0_S 0 1 30000 -14896.5 7517.75 -2.82916e+06 -4.76965e+06 -87160.7 2028.22 59.9221 0.880294
1010000 FRAC0_S 0 1 30000 -14598.1 7597.79 -1.88113e+06 -4.08496e+06 -772735 1566.39 59.1436 8.51027
1010000 FRAC0_S 0 1 30000 -14339 7766.15 57949.1 174648 927008 117.31 -19.4975 -41.2653
1010000 FRAC0_S 0 1 30000 -14144.5 8006.34 248288 -3.47152e+06 -1.74563e+06 1484.68 60.6833 21.5463
1010000 FRAC0_S 0 1 30000 -14033.9 8294.85 2.61976e+06 -4.89548e+06 -2.81015e+06 3797.46 50.6415 18.7841
Step FractureNumber TipNr TipActive TipX TipY TipZ KI KII KIII G Phi Psi Extension
1010101 FRAC0_S 0 1 30063.2 -13943.9 8613.11 7.79952e+06 -512087 -3.13936e+06 6754.94 6.12081 18.9039
1010101 FRAC0_S 0 1 30048.3 -14021.1 8937.55 6.9518e+06 25831.7 -3.47975e+06 5916.98 -0.3454 22.301
1010101 FRAC0_S 0 1 30029.9 -14198.6 9223.14 9.869e+06 264036 -5.67888e+06 12974.5 -2.31828 23.7572
1010101 FRAC0_S 0 1 30000 -14459.2 9436.65 1.14456e+07 -664910 -6.04604e+06 16574.7 5.03306 22.3144
1010101 FRAC0_S 0 1 29968 -14775.3 9553.91 1.42315e+07 -168937 -7.28041e+06 25100.1 1.08663 22.4712
1010101 FRAC0_S 0 1 29949.9 -15111.3 9565.91 1.29438e+07 -1.26142e+06 -6.00057e+06 19860.3 8.46722 20.2535
1010101 FRAC0_S 0 1 29938.9 -15431.7 9472.64 1.30517e+07 -1.01826e+06 -4.31322e+06 17746.4 7.53996 16.4843
1010101 FRAC0_S 0 1 29928.3 -15705.1 9284.94 1.56275e+07 -73506.6 -1.26351e+06 21975 0.605302 5.62637
1010101 FRAC0_S 0 1 29922.8 -15908.7 9024.79 1.12337e+07 -844303 -106454 11310.4 9.36495 0.678955
1010101 FRAC0_S 0 1 29925.1 -16029.1 8717.35 8.02352e+06 177914 1.13882e+06 5911.93 -2.64133 -9.01969
1010101 FRAC0_S 0 1 29938.7 -16056.4 8386.47 4.38446e+06 882541 2.30867e+06 2491.29 -15.3595 -20.7056
1010101 FRAC0_S 0 1 29980.9 -15978.4 8063.69 2.12331e+06 546090 2.50542e+06 1263.18 -13.9944 -30.0287
1010101 FRAC0_S 0 1 30040.4 -15793 7788.63 990404 -1.52339e+06 2.63565e+06 1218.11 35.2907 -31.2778
1010101 FRAC0_S 0 1 30047.7 -15529.8 7579.2 -70726.6 -3.57608e+06 1.32416e+06 1372.77 64.4882 -18.4359
1010101 FRAC0_S 0 1 30029.9 -15222 7459.58 -884883 -4.21291e+06 631990 1634.7 65.0941 -8.20186
1010101 FRAC0_S 0 1 30059.4 -14893.8 7457.23 913200 -4.67771e+06 -39142.5 2024.33 67.9971 0.540694
1010101 FRAC0_S 0 1 30056.2 -14570.6 7544.39 4.08314e+06 -3.1558e+06 320773 2386.78 46.2445 -3.25028
1010101 FRAC0_S 0 1 30026.6 -14291.6 7713.29 974305 -4.56851e+06 -1.35647e+06 2189.15 62.011 14.06
1010101 FRAC0_S 0 1 30054.6 -14092.1 7973.3 2.30277e+06 -2.65184e+06 -1.81347e+06 1536.57 44.1078 18.5305
1010101 FRAC0_S 0 1 30076.4 -13973.1 8284.17 4.28892e+06 -1.98254e+06 -2.84851e+06 3068.57 27.1259 21.143