
Step FractureNumber TipNr TipActive TipX TipY TipZ KI KII KIII G Phi Psi Extension
1010000 FRAC0_S 0 1 -37500 29251.8 7855.26 629756 427570 775193 131.554 -28.8545 -27.0904
1010000 FRAC0_S 0 1 -37500 29487.6 7655.6 736542 20993.2 1.02677e+06 188.596 -1.63748 -33.9572
1010000 FRAC0_S 0 1 -37500 29773.6 7538.6 666792 -461908 949009 178.414 27.6645 -28.7424
1010000 FRAC0_S 0 1 -37500 30081.8 7515.7 655105 -906271 812580 199.249 43.2442 -22.8322
1010000 FRAC0_S 0 1 -37500 30382 7589.16 656279 -1.31901e+06 628656 245.976 52.9551 -16.9077
1010000 FRAC0_S 0 1 -37500 30644.7 7751.78 437331 -315141 -472437 55.5781 31.3854 25.1749
1010000 FRAC0_S 0 1 -37500 30844.5 7987.64 734747 -1.51933e+06 27275.1 253.905 62.1901 -0.927824
1010000 FRAC0_S 0 1 -37500 30961.5 8273.65 797055 -1.57092e+06 -260059 285.51 58.6739 7.39541
1010000 FRAC0_S 0 1 -37500 30984.3 8581.81 759132 -1.28443e+06 -486984 229.903 53.0258 13.7884
1010000 FRAC0_S 0 1 -37500 30910.8 8881.97 871617 -2.03154e+06 -868139 535.706 55.1032 16.2067
1010000 FRAC0_S 0 1 -37500 30748.2 9144.74 1.02599e+06 -796816 -986493 279.81 34.0775 23.3208
1010000 FRAC0_S 0 1 -37500 30512.4 9344.4 989117 -834530 -1.54844e+06 468.131 30.3601 28.8588
1010000 FRAC0_S 0 1 -37500 30226.4 9461.4 908039 88076.5 -956898 195.948 -6.17132 30.2949
1010000 FRAC0_S 0 1 -37500 29918.2 9484.3 1.04134e+06 573304 -1.01214e+06 262.168 -27.221 25.1552
1010000 FRAC0_S 0 1 -37500 29618 9410.84 1.02392e+06 965406 -799839 261.561 -40.0715 19.654
1010000 FRAC0_S 0 1 -37500 29355.3 9248.22 1.09314e+06 2.05386e+06 -1.21032e+06 677.207 -50.4376 19.1198
1010000 FRAC0_S 0 1 -37500 29155.5 9012.36 1.02344e+06 1.57792e+06 -216362 321.432 -56.448 5.79474
1010000 FRAC0_S 0 1 -37500 29038.5 8726.35 1.08331e+06 1.75402e+06 169885 382.57 -57.8436 -4.3011
1010000 FRAC0_S 0 1 -37500 29015.7 8418.19 681791 999611 396169 151.337 -51.1552 -13.6738
1010000 FRAC0_S 0 1 -37500 29089.2 8118.03 867695 978134 784928 234.289 -42.3762 -20.3348
Step FractureNumber TipNr TipActive TipX TipY TipZ KI KII KIII G Phi Psi Extension
1010101 FRAC0_S 0 1 -37541.7 29188.6 7798.16 1.23227e+06 471626 1.19394e+06 344.724 -20.931 -26.535
1010101 FRAC0_S 0 1 -37501.9 29440 7577.02 960342 159217 1.22917e+06 285.387 -9.16874 -31.7821
1010101 FRAC0_S 0 1 -37460.4 29752 7455.98 967534 -78493.6 870570 184.766 5.61624 -28.6211
1010101 FRAC0_S 0 1 -37434.1 30085.6 7443.97 1.04045e+06 -162226 882886 202.482 10.4664 -27.106
1010101 FRAC0_S 0 1 -37429.9 30409.1 7527.07 1.46858e+06 -523262 968350 341.299 22.56 -21.9843
1010101 FRAC0_S 0 1 -37431.9 30688.4 7699.5 2.44072e+06 -956894 939166 729.743 27.4825 -15.3439
1010101 FRAC0_S 0 1 -37421.4 30891 7956.39 1.39863e+06 -458338 -187161 197.692 27.8718 6.86507
1010101 FRAC0_S 0 1 -37415.2 31011.7 8262.89 2.21368e+06 -466948 28110.1 456.206 22.0539 -0.805898
1010101 FRAC0_S 0 1 -37418.2 31040.1 8586.86 2.85201e+06 -873614 -573913 836.632 25.5564 9.82366
1010101 FRAC0_S 0 1 -37425 30967.9 8907.8 1.88195e+06 -465449 -889506 440.143 18.6838 18.9425
1010101 FRAC0_S 0 1 -37438.9 30804 9195.75 1.47029e+06 -269508 -1.09732e+06 359.252 12.6674 25.2316
1010101 FRAC0_S 0 1 -37463.4 30556.1 9418.99 1.14721e+06 -174687 -1.10064e+06 281.112 9.73133 28.6262
1010101 FRAC0_S 0 1 -37504.2 30247.1 9550.38 1.28295e+06 -45295.6 -1.28567e+06 366.697 2.40498 30.3813
1010101 FRAC0_S 0 1 -37541.7 29912.8 9570.44 1.03921e+06 58320.4 -900251 204.329 -4.0273 28.4477
1010101 FRAC0_S 0 1 -37562.9 29591 9480.34 1.75958e+06 297564 -1.17954e+06 468.832 -12.2792 24.0428
1010101 FRAC0_S 0 1 -37575.5 29315.2 9297.15 2.21058e+06 399118 -997245 581.914 -14.6343 19.0428
1010101 FRAC0_S 0 1 -37582.1 29108.6 9041.81 2.28594e+06 533675 -487210 522.597 -20.7708 10.7758
1010101 FRAC0_S 0 1 -37582.6 28985.2 8738.32 2.46973e+06 354092 -50886.7 555.048 -16.1825 1.37038
1010101 FRAC0_S 0 1 -37577 28954.4 8411.49 2.56135e+06 716322 506390 664.436 -23.9936 -9.84713
1010101 FRAC0_S 0 1 -37565.2 29022.9 8088.15 1.78376e+06 633824 964446 443.04 -23.7787 -19.5595