
Step FractureNumber TipNr TipActive TipX TipY TipZ KI KII KIII G Phi Psi Extension
1010000 FRAC0_S 0 1 29434.8 -44219.2 8284.43 2.07846e+06 1.24372e+06 863617 621.99 -35.4181 -14.6883
1010000 FRAC0_S 0 1 29284.7 -44319.8 8535.12 1.92779e+06 788717 1.01475e+06 523.551 -26.4656 -18.772
1010000 FRAC0_S 0 1 29204.6 -44487 8782.37 1.80124e+06 237982 1.04035e+06 438.112 -10.4008 -22.5841
1010000 FRAC0_S 0 1 29202.4 -44704.4 9001.98 1.79066e+06 -280498 1.04466e+06 437.885 12.036 -22.4421
1010000 FRAC0_S 0 1 29278.3 -44950.7 9172.44 1.9152e+06 -822521 1.02021e+06 525.573 27.2891 -18.7434
1010000 FRAC0_S 0 1 29424.7 -45201.9 9277.09 1.78734e+06 -1.18253e+06 734082 480.95 37.5616 -14.1625
1010000 FRAC0_S 0 1 29627.6 -45433.3 9305.68 1.80917e+06 -1.12647e+06 376249 423.569 39.52 -8.43533
1010000 FRAC0_S 0 1 29866.9 -45622.3 9255.39 2.27978e+06 -1.77014e+06 299380 754.276 45.3841 -5.2127
1010000 FRAC0_S 0 1 30119.1 -45750.3 9131.17 2.07576e+06 -1.21686e+06 -29852.1 516.021 41.8853 0.698159
1010000 FRAC0_S 0 1 30359.8 -45804.9 8945.16 1.81576e+06 -1.38763e+06 -520889 501.466 42.445 10.2638
1010000 FRAC0_S 0 1 30565.2 -45780.8 8715.57 1.20162e+06 -706383 -514418 208.323 34.8721 15.0757
1010000 FRAC0_S 0 1 30715.3 -45680.2 8464.88 1.78904e+06 -674051 -951974 446.23 24.9056 19.1788
1010000 FRAC0_S 0 1 30795.4 -45513 8217.63 1.5028e+06 -172074 -872848 305.213 9.13632 22.8494
1010000 FRAC0_S 0 1 30797.6 -45295.6 7998.02 1.8626e+06 210512 -965106 436.976 -9.36428 21.4473
1010000 FRAC0_S 0 1 30721.7 -45049.3 7827.56 1.82381e+06 690014 -931249 454.172 -25.2325 18.6732
1010000 FRAC0_S 0 1 30575.3 -44798.1 7722.91 1.44679e+06 851104 -597315 298.526 -35.1065 14.6877
1010000 FRAC0_S 0 1 30372.4 -44566.7 7694.32 1.73726e+06 1.28394e+06 -475433 445.901 -41.9689 9.99548
1010000 FRAC0_S 0 1 30133.1 -44377.7 7744.61 1.46615e+06 1.45992e+06 -18414.4 381.521 -52.2059 0.48651
1010000 FRAC0_S 0 1 29880.9 -44249.7 7868.83 1.48531e+06 1.20553e+06 114287 327.829 -47.2378 -3.12312
1010000 FRAC0_S 0 1 29640.2 -44195.1 8054.84 2.07255e+06 1.54558e+06 555435 636.666 -42.2458 -9.79609
Step FractureNumber TipNr TipActive TipX TipY TipZ KI KII KIII G Phi Psi Extension
1010101 FRAC0_S 0 1 29355.7 -44189.4 8235.12 2.54116e+06 85302.6 701642 641.553 -3.54235 -14.9775
1010101 FRAC0_S 0 1 29197 -44284 8515.45 2.38862e+06 -25498.5 956747 630.22 1.05501 -19.4802
1010101 FRAC0_S 0 1 29120.4 -44447.4 8801.01 1.75954e+06 -18768.5 825160 366.472 1.00563 -21.4068
1010101 FRAC0_S 0 1 29137 -44665.9 9059.01 2.33197e+06 9449.92 1.10135e+06 645.92 -0.383753 -21.5752
1010101 FRAC0_S 0 1 29239.6 -44920.2 9255.76 2.40776e+06 99959.5 990792 648.051 -3.94293 -19.4432
1010101 FRAC0_S 0 1 29411.6 -45183.9 9372.54 1.78232e+06 36137.6 512597 318.135 -2.15355 -15.5564
1010101 FRAC0_S 0 1 29636.6 -45427.9 9403.61 2.67598e+06 12165.6 454923 665.643 -0.540837 -10.5983
1010101 FRAC0_S 0 1 29896.5 -45627.6 9349.25 2.52579e+06 67654.5 141794 571.57 -3.41999 -3.95482
1010101 FRAC0_S 0 1 30167.3 -45765.4 9215.99 2.95406e+06 40169.7 -154963 780.954 -1.77439 3.75826
1010101 FRAC0_S 0 1 30424.5 -45828 9015.53 1.9572e+06 19251.4 -378318 360.416 -1.13989 11.6797
1010101 FRAC0_S 0 1 30644.1 -45811.6 8764.36 1.91309e+06 7858.36 -592102 372.767 -0.437099 16.5458
1010101 FRAC0_S 0 1 30802.4 -45717.8 8483.4 2.32124e+06 87653.2 -974798 607.204 -3.57967 19.732
1010101 FRAC0_S 0 1 30879.8 -45553.3 8198.5 2.102e+06 18386.9 -1.02084e+06 532.355 -0.817081 21.8633
1010101 FRAC0_S 0 1 30865.3 -45332.9 7941.94 2.05964e+06 -16927 -994484 509.578 0.769525 21.7979
1010101 FRAC0_S 0 1 30763.7 -45077.7 7745.18 2.14562e+06 -85826.3 -893537 517.078 3.79224 19.6048
1010101 FRAC0_S 0 1 30590.2 -44815.2 7627.76 2.26792e+06 -159246 -709216 527.491 6.92788 15.9504
1010101 FRAC0_S 0 1 30361.5 -44575.6 7597.18 2.39839e+06 -275024 -439472 545.012 11.8226 10.3542
1010101 FRAC0_S 0 1 30099.2 -44380.5 7652.1 2.41217e+06 -396068 -184690 537.007 17.301 4.68763
1010101 FRAC0_S 0 1 29804.8 -44231.4 7800.6 2.86025e+06 -320997 72642.5 738.893 13.1298 -1.72489
1010101 FRAC0_S 0 1 29574.7 -44174.2 7984.5 2.60837e+06 -200127 389283 629.99 8.48748 -9.00632