
Step FractureNumber TipNr TipActive TipX TipY TipZ KI KII KIII G Phi Psi Extension
1010000 FRAC0_S 0 1 44208.4 590.716 8500 -490451 -2.1275e+06 -31674.5 403.467 67.2818 0.927724
1010000 FRAC0_S 0 1 44064.6 317.195 8500 -570094 -1.95806e+06 212413 347.649 64.2932 -5.8473
1010000 FRAC0_S 0 1 44012.4 12.6255 8500 -568636 -2.02264e+06 -236240 371.98 64.3279 6.28656
1010000 FRAC0_S 0 1 44056.8 -293.18 8500 -444792 -1.42844e+06 -514759 217.067 58.6977 15.2804
1010000 FRAC0_S 0 1 44193.6 -570.287 8500 -569533 -1.50534e+06 -1.055e+06 349.958 51.1417 22.5424
1010000 FRAC0_S 0 1 44409.3 -791.57 8500 -528182 -872626 -1.23246e+06 269.878 38.7067 29.2779
1010000 FRAC0_S 0 1 44682.8 -935.369 8500 -381986 -213640 -1.01287e+06 140.512 17.3599 36.0314
1010000 FRAC0_S 0 1 44987.4 -987.607 8500 -444625 329287 -1.25722e+06 219.882 -20.857 35.6368
1010000 FRAC0_S 0 1 45293.2 -943.172 8500 -336159 679316 -898185 148.418 -40.8767 29.34
1010000 FRAC0_S 0 1 45570.3 -806.413 8500 -335951 766175 -427156 76.5773 -52.5701 19.2122
1010000 FRAC0_S 0 1 45791.6 -590.716 8500 -331151 1.9486e+06 76307.4 339.128 -67.9064 -2.49163
1010000 FRAC0_S 0 1 45935.4 -317.195 8500 -253659 558394 -459847 55.909 -47.9714 23.8868
1010000 FRAC0_S 0 1 45987.6 -12.6255 8500 -331949 1.65375e+06 140062 246.314 -66.5488 -4.99599
1010000 FRAC0_S 0 1 45943.2 293.18 8500 -317459 1.53989e+06 386744 231.195 -63.1069 -12.4623
1010000 FRAC0_S 0 1 45806.4 570.287 8500 -279503 938627 586773 124.3 -53.8749 -21.87
1010000 FRAC0_S 0 1 45590.7 791.57 8500 -286437 616862 732705 105.31 -42.8357 -28.3141
1010000 FRAC0_S 0 1 45317.2 935.369 8500 -384430 310545 1.07407e+06 162.025 -22.4191 -35.1927
1010000 FRAC0_S 0 1 45012.6 987.607 8500 -418648 -227484 1.22478e+06 204.124 15.9877 -36.9198
1010000 FRAC0_S 0 1 44706.8 943.172 8500 -368364 -581816 833583 122.581 38.217 -29.244
1010000 FRAC0_S 0 1 44429.7 806.413 8500 -517197 -1.30566e+06 925266 265.773 50.7143 -22.521
Step FractureNumber TipNr TipActive TipX TipY TipZ KI KII KIII G Phi Psi Extension
1010101 FRAC0_S 0 1 44173.6 618.672 8587.99 993401 -695497 247595 139.195 41.252 -9.43342
1010101 FRAC0_S 0 1 44025.5 330.073 8590.64 898201 -627366 -54369.6 107.357 44.5544 2.6451
1010101 FRAC0_S 0 1 43968 12.5295 8588.95 1.02889e+06 -643882 -225042 138.013 39.441 8.78517
1010101 FRAC0_S 0 1 44008.4 -309.809 8584.72 1.10862e+06 -772478 -124309 164.749 43.5412 4.70817
1010101 FRAC0_S 0 1 44143.9 -607.89 8575.93 216817 -369370 99681 17.6682 55.0941 -10.6391
1010101 FRAC0_S 0 1 44365.5 -854.494 8558.2 170693 -411640 -1.00203e+06 151.235 31.6488 36.1313
1010101 FRAC0_S 0 1 44655.5 -1019.56 8521.65 23175.5 -359435 -1.10603e+06 174.261 29.7223 39.7358
1010101 FRAC0_S 0 1 44984.7 -1074.98 8473.3 95559.5 434061 -1.04058e+06 161.617 -33.3519 37.1982
1010101 FRAC0_S 0 1 45312.9 -1015.04 8438.53 500661 731398 -496308 102.766 -46.7089 19.6769
1010101 FRAC0_S 0 1 45601 -854.899 8420.77 810466 702036 -210933 108.368 -45.4134 9.05217
1010101 FRAC0_S 0 1 45831.2 -619.744 8415.25 824723 571076 9546.06 89.683 -45.3314 -0.528307
1010101 FRAC0_S 0 1 45979.3 -348.889 8416.74 477081 306150 158664 31.9823 -38.1096 -12.2028
1010101 FRAC0_S 0 1 46034.2 -14.8985 8413.26 735461 382244 5041.54 61.2231 -39.55 -0.349583
1010101 FRAC0_S 0 1 45986.8 308.276 8412.28 814544 432296 -194881 80.8268 -35.685 9.94048
1010101 FRAC0_S 0 1 45852.3 605.356 8420.32 718242 651790 150615 86.8431 -47.1473 -7.40191
1010101 FRAC0_S 0 1 45632.1 851.351 8436.28 506399 770420 489742 107.642 -47.7422 -19.0876
1010101 FRAC0_S 0 1 45343.3 1017.86 8470.82 310637 1.15001e+06 78307.2 127.264 -65.5288 -3.88346
1010101 FRAC0_S 0 1 45014.8 1076.31 8519.7 -10318.3 -333942 740893 82.944 36.454 -37.8718
1010101 FRAC0_S 0 1 44686.3 1017.64 8557.16 344309 -781164 470715 94.4094 51.7497 -20.1323
1010101 FRAC0_S 0 1 44397.9 856.793 8577.22 1.16126e+06 -1.11133e+06 426801 254.451 45.7729 -11.5076