
Step FractureNumber TipNr TipActive TipX TipY TipZ KI KII KIII G Phi Psi Extension
1010000 FRAC0_S 0 1 -6610.38 44570.9 8500 40420.4 -4140.41 -5240.18 0.150768 11.1556 7.84198
1010000 FRAC0_S 0 1 -6521.33 44866.8 8500 43022 -1699.11 -6285.44 0.170445 4.58594 9.11067
1010000 FRAC0_S 0 1 -6528.08 45175.7 8500 32394.9 1388.62 -4368 0.0962243 -5.0029 8.4977
1010000 FRAC0_S 0 1 -6629.96 45467.5 8500 42875.7 6621.92 -6755.07 0.17379 -15.5104 8.89072
1010000 FRAC0_S 0 1 -6817.02 45713.5 8500 53014.9 -102025 -18816 1.2251 58.0507 8.05521
1010000 FRAC0_S 0 1 -7070.93 45889.6 8500 48485.5 9669.43 1347.05 0.218056 -20.9023 -1.74891
1010000 FRAC0_S 0 1 -7366.84 45978.7 8500 41080.7 11279.8 -65.9768 0.161722 -26.8813 0.0981078
1010000 FRAC0_S 0 1 -7675.77 45971.9 8500 41556.7 10876.8 1873.51 0.164899 -25.2317 -2.65161
1010000 FRAC0_S 0 1 -7967.51 45870.1 8500 41035.1 5617.98 4529.46 0.155592 -14.5235 -6.64426
1010000 FRAC0_S 0 1 -8213.48 45683 8500 44292.7 -10540.9 12611.9 0.205876 20.1705 -13.4316
1010000 FRAC0_S 0 1 -8389.62 45429.1 8500 43406.6 2434.06 6463.24 0.173979 -6.36356 -9.13462
1010000 FRAC0_S 0 1 -8478.67 45133.2 8500 53499.2 103053 112164 2.87464 -43.395 -26.8082
1010000 FRAC0_S 0 1 -8471.92 44824.3 8500 43678.6 -4579.78 5181.94 0.175446 11.4838 -7.25313
1010000 FRAC0_S 0 1 -8370.04 44532.5 8500 38843.5 -3276.12 5388.99 0.13927 9.32132 -8.42308
1010000 FRAC0_S 0 1 -8182.98 44286.5 8500 33007.2 -6920.81 2298.14 0.102054 21.0654 -4.14736
1010000 FRAC0_S 0 1 -7929.07 44110.4 8500 45306.4 -33577.6 6175.21 0.288452 44.3576 -5.48879
1010000 FRAC0_S 0 1 -7633.16 44021.3 8500 25631.6 -185231 -17924.6 3.15869 67.4629 5.90845
1010000 FRAC0_S 0 1 -7324.23 44028.1 8500 37581 -5734.59 -2382.15 0.129538 16.4662 3.97635
1010000 FRAC0_S 0 1 -7032.49 44129.9 8500 38366.9 -8126.9 -2461.34 0.137863 21.3119 3.83822
1010000 FRAC0_S 0 1 -6786.52 44317 8500 38442.8 -6413.45 -3585.46 0.137067 17.3083 5.59246
Step FractureNumber TipNr TipActive TipX TipY TipZ KI KII KIII G Phi Psi Extension
1010101 FRAC0_S 0 1 -6610.38 44570.9 8500 47401.6 -23107.1 -2505.23 0.248637 37.2956 2.63746
1010101 FRAC0_S 0 1 -6521.33 44866.8 8500 42664.6 -15217.1 -4842.58 0.185958 29.8445 5.82523
1010101 FRAC0_S 0 1 -6528.08 45175.7 8500 29603.4 79834.1 -162988 4.17918 -35.0155 34.854
1010101 FRAC0_S 0 1 -6620.82 45477 8521.22 -10939.1 47250.8 -60229.5 0.68142 -44.717 31.1351
1010101 FRAC0_S 0 1 -6798.73 45732.6 8542.43 92231.2 -26769.1 -93659.6 1.98857 16.5137 27.9517
1010101 FRAC0_S 0 1 -7061.78 45899.2 8521.22 -160736 91326.6 -172740 4.71184 -26.8627 26.261
1010101 FRAC0_S 0 1 -7366.84 45978.7 8500 51003.2 -1748.52 -21830.9 0.295463 3.24369 20.0038
1010101 FRAC0_S 0 1 -7675.77 45971.9 8500 43877 645.688 -15753.8 0.204599 -1.49166 18.1318
1010101 FRAC0_S 0 1 -7967.51 45870.1 8500 41758.1 10161.4 -11664.5 0.182682 -20.5857 13.1985
1010101 FRAC0_S 0 1 -8213.48 45683 8500 31288 135273 74124 2.44858 -56.5729 -20.8918
1010101 FRAC0_S 0 1 -8407.62 45431.6 8482.83 48007.4 22628.7 -52179.2 0.613117 -23.4186 27.1823
1010101 FRAC0_S 0 1 -8514.67 45138.1 8465.65 138144 80828.6 -121471 4.24519 -29.2932 23.6295
1010101 FRAC0_S 0 1 -8489.92 44826.7 8482.83 82011.3 29395.3 -6444.38 0.681863 -30.5649 4.16655
1010101 FRAC0_S 0 1 -8370.04 44532.5 8500 25388.1 -34070.1 -25081.8 0.244543 45.0518 20.2367
1010101 FRAC0_S 0 1 -8182.98 44286.5 8500 33498.7 24066.9 18128.7 0.19532 -37.4365 -16.788
1010101 FRAC0_S 0 1 -7930.37 44100.8 8523.09 81766.8 -2949.37 -2690.26 0.59751 4.64435 2.36948
1010101 FRAC0_S 0 1 -7635.76 44002.3 8546.18 -76286.1 75555.1 -71470.1 1.18805 -39.3544 21.5835
1010101 FRAC0_S 0 1 -7325.52 44018.6 8523.09 -122271 70473.9 -52807.4 0.813459 -34.4143 15.2481
1010101 FRAC0_S 0 1 -7032.49 44129.9 8500 37013.2 269230 103752 8.01287 -61.7486 -17.6251
1010101 FRAC0_S 0 1 -6786.57 44316.9 8500 39506.2 -5329.19 -6468.55 0.147173 13.7872 9.30986