
Step FractureNumber TipNr TipActive TipX TipY TipZ KI KII KIII G Phi Psi Extension
1010000 FRAC0_S 0 1 -14566.1 371.756 7694.36 -6.48737e+06 -5.85902e+06 -2.35439e+06 3796.22 44.6782 11.6456
1010000 FRAC0_S 0 1 -14797.4 574.708 7722.7 -6.47085e+06 1.40296e+07 8.32929e+06 26766.6 -51.552 -19.7807
1010000 FRAC0_S 0 1 -15048.5 721.403 7827.14 1.6389e+07 -1.34955e+07 4.43179e+06 42776.8 44.2314 -9.52293
1010000 FRAC0_S 0 1 -15294.9 797.482 7997.43 1.23645e+07 -1.18548e+07 -1.23109e+07 46303.7 38.061 22.5385
1010000 FRAC0_S 0 1 -15512.4 795.499 8216.93 -247815 2.86864e+06 -1.5022e+06 1033.42 -59.9503 21.8783
1010000 FRAC0_S 0 1 -15679.8 715.646 8464.13 3.82177e+06 5.20838e+06 1.04135e+06 3863.07 -53.6793 -7.71209
1010000 FRAC0_S 0 1 -15780.6 565.741 8714.84 6.35188e+06 2.41247e+06 3.0675e+06 5365.35 -25.6353 -18.004
1010000 FRAC0_S 0 1 -15805.5 368.244 8937.26 1.21925e+07 778097 6.14858e+06 18328.8 -5.58168 -21.6713
1010000 FRAC0_S 0 1 -15750.6 119.889 9130.69 1.29162e+07 -3.25301e+06 6.2595e+06 21020.3 18.8327 -19.1982
1010000 FRAC0_S 0 1 -15622.8 -132.414 9255.13 2.4257e+07 -171256 657139 52492.6 0.952508 -2.02065
1010000 FRAC0_S 0 1 -15433.9 -371.756 9305.64 4.24299e+06 3.32981e+06 1.04524e+07 17122.7 -23.4736 -34.1339
1010000 FRAC0_S 0 1 -15202.6 -574.708 9277.3 5.50725e+06 -1.77128e+07 5.71329e+06 35001.6 59.4724 -14.1155
1010000 FRAC0_S 0 1 -14951.5 -721.403 9172.86 1.06843e+07 -7.7771e+06 -686688 15624.6 45.3145 2.7548
1010000 FRAC0_S 0 1 -14705.1 -797.482 9002.57 1.11421e+07 -7.53803e+06 -2.01485e+06 16666 41.7071 7.28123
1010000 FRAC0_S 0 1 -14487.6 -795.499 8783.07 8.40683e+06 -5.33646e+06 -2.20375e+06 9481.4 39.0104 10.1488
1010000 FRAC0_S 0 1 -14320.2 -715.646 8535.87 1.39202e+07 6.69796e+06 -8.82044e+06 31612.1 -28.2296 20.408
1010000 FRAC0_S 0 1 -14219.4 -565.741 8285.16 761931 -2.63201e+06 -147927 671.949 65.3807 3.20012
1010000 FRAC0_S 0 1 -14195 -360.457 8055.47 -989799 -2.973e+06 134641 790.028 64.7283 -2.52744
1010000 FRAC0_S 0 1 -14249.4 -119.889 7869.31 -4.1601e+06 -5.30606e+06 106798 2510.35 56.0931 -0.86608
1010000 FRAC0_S 0 1 -14377.2 132.414 7744.87 -4.5901e+06 -4.61709e+06 -448032 1926.3 50.9404 3.54838
Step FractureNumber TipNr TipActive TipX TipY TipZ KI KII KIII G Phi Psi Extension
1010101 FRAC0_S 0 1 -14517.2 416.497 7661.28 -2.51252e+06 -7.17033e+06 -1.80296e+06 5013.81 60.1183 11.4308
1010101 FRAC0_S 0 1 -14786.5 610.182 7669.14 -5.93124e+06 -3.74082e+06 -2.44752e+06 2043.7 36.5434 14.4061
1010101 FRAC0_S 0 1 -15035.3 790.241 7798.21 -3.0181e+07 1.14884e+06 -7.01362e+06 6660 -4.13182 13.1633
1010101 FRAC0_S 0 1 -15298.7 867.808 7976.98 -1.30427e+07 6.9175e+06 -5.55294e+06 8365.15 -32.8129 15.4134
1010101 FRAC0_S 0 1 -15569.2 814.569 8171.48 2.51369e+06 2.28609e+06 -899652 1136.41 -44.893 11.49
1010101 FRAC0_S 0 1 -15766.5 718.1 8422.37 4.92169e+06 6.01597e+06 7.63213e+06 13130.7 -38.0084 -26.4835
1010101 FRAC0_S 0 1 -15872.3 585.848 8709.79 1.06647e+07 326223 3.79093e+06 12055.8 -3.05559 -17.8333
1010101 FRAC0_S 0 1 -15885.8 390.007 8982.54 9.42279e+06 119172 4.20914e+06 10269.6 -1.20803 -20.7835
1010101 FRAC0_S 0 1 -15814.5 139.517 9199.38 1.60303e+07 5.645e+06 7.11317e+06 32467.7 -24.7605 -17.2579
1010101 FRAC0_S 0 1 -15682.9 -145.486 9326.55 1.51428e+07 -8.50838e+06 7.38885e+06 34145.3 33.1159 -16.6974
1010101 FRAC0_S 0 1 -15471.2 -398.584 9373.33 1.87649e+07 -2.52129e+07 1.58712e+06 88358.9 56.0347 -2.67687
1010101 FRAC0_S 0 1 -15187.7 -581.579 9357.34 3.04581e+07 -3.28215e+06 -7.52543e+06 91159 10.6924 13.127
1010101 FRAC0_S 0 1 -14904.3 -726.983 9258.87 1.98597e+07 91470.9 91577.7 35147.4 -0.637474 -0.355703
1010101 FRAC0_S 0 1 -14644.5 -817.554 9077.66 1.15375e+07 1.09475e+06 -1.07348e+06 12121.8 -10.736 5.90681
1010101 FRAC0_S 0 1 -14425.7 -836.873 8825.45 1.07026e+07 -3.48655e+06 -5.53566e+06 15366 22.5593 19.2911
1010101 FRAC0_S 0 1 -14263.1 -760.624 8549.33 6.68633e+06 -3.07122e+06 -2.27819e+06 5514.65 31.1665 13.5819
1010101 FRAC0_S 0 1 -14146.6 -565.058 8309.1 9.71609e+06 -1.03755e+07 3.89218e+06 20019.8 47.4644 -11.7891
1010101 FRAC0_S 0 1 -14107.6 -324.699 8085.91 2.1667e+06 -1.41059e+06 -113725 597.363 43.2799 2.37195
1010101 FRAC0_S 0 1 -14161.4 -76.8391 7882.87 988817 -3.98207e+06 146268 1502.98 66.5557 -2.20258
1010101 FRAC0_S 0 1 -14294.5 186.18 7741.92 4.0179e+06 -1.1957e+07 -2.27568e+06 14867.3 61.6758 9.21282