
Step FractureNumber TipNr TipActive TipX TipY TipZ KI KII KIII G Phi Psi Extension
1010000 FRAC0_S 0 1 44208.4 590.716 8500 362855 385931 -896489 131.896 -28.9881 32.7034
1010000 FRAC0_S 0 1 44064.6 317.195 8500 380958 1.08167e+06 32336.5 117.332 -64.65 -1.67172
1010000 FRAC0_S 0 1 44012.4 12.6255 8500 383138 1.05706e+06 278461 122.963 -59.6269 -11.7715
1010000 FRAC0_S 0 1 44056.8 -293.18 8500 296964 705386 383571 71.7647 -53.1219 -19.0598
1010000 FRAC0_S 0 1 44193.6 -570.287 8500 390807 671331 691942 117.449 -43.3281 -25.6339
1010000 FRAC0_S 0 1 44409.3 -791.57 8500 360254 306892 742338 93.2494 -27.1641 -31.9268
1010000 FRAC0_S 0 1 44682.8 -935.369 8500 252394 -14158 577198 50.0044 2.32947 -37.9156
1010000 FRAC0_S 0 1 44987.4 -987.607 8500 315742 -367883 673908 81.3459 32.7985 -30.5885
1010000 FRAC0_S 0 1 45293.2 -943.172 8500 237387 -477606 456530 53.0681 45.441 -25.3845
1010000 FRAC0_S 0 1 45570.3 -806.413 8500 315088 -676762 817080 138.453 42.5794 -28.4991
1010000 FRAC0_S 0 1 45791.6 -590.716 8500 280767 -294961 881087 118.027 25.4762 -35.1037
1010000 FRAC0_S 0 1 45935.4 -317.195 8500 245427 -1.25828e+06 -47836.2 146.756 67.4992 2.37348
1010000 FRAC0_S 0 1 45987.6 -12.6255 8500 243794 -869463 -160743 76.0969 62.9421 9.31607
1010000 FRAC0_S 0 1 45943.2 293.18 8500 211635 -398985 -417465 41.3554 43.7893 26.2315
1010000 FRAC0_S 0 1 45806.4 570.287 8500 207384 -399043 -359907 35.2498 45.8757 24.4731
1010000 FRAC0_S 0 1 45590.7 791.57 8500 210882 -212243 -410771 30.4185 31.0982 30.4149
1010000 FRAC0_S 0 1 45317.2 935.369 8500 275045 8381.03 -569529 49.8878 -1.36886 37.3689
1010000 FRAC0_S 0 1 45012.6 987.607 8500 297020 354052 -628214 71.5204 -33.3844 30.3453
1010000 FRAC0_S 0 1 44706.8 943.172 8500 247728 436815 -383748 42.0574 -45.5413 23.7607
1010000 FRAC0_S 0 1 44429.7 806.413 8500 353049 823394 -378942 90.6199 -54.4964 17.0445
Step FractureNumber TipNr TipActive TipX TipY TipZ KI KII KIII G Phi Psi Extension
1010101 FRAC0_S 0 1 44154.9 632.165 8432.82 1.28277e+06 584201 369385 195.19 -31.7952 -11.9832
1010101 FRAC0_S 0 1 44014.1 337.31 8421.13 918376 86117.4 486758 107.33 -7.85133 -21.944
1010101 FRAC0_S 0 1 43962.6 11.9325 8414.27 788231 -148170 473093 87.0888 13.9436 -22.4628
1010101 FRAC0_S 0 1 44000.7 -312.426 8421.29 879038 88301.8 479628 100.147 -8.28286 -22.2289
1010101 FRAC0_S 0 1 44136.3 -613.567 8434.28 620196 34160.9 412039 56.9597 -4.41293 -25.2113
1010101 FRAC0_S 0 1 44359.8 -861.379 8461.03 505484 -29597.7 539890 61.6139 3.80162 -30.8505
1010101 FRAC0_S 0 1 44653.2 -1021.52 8504.16 442855 1.14261e+06 538048 172.318 -55.0638 -17.6448
1010101 FRAC0_S 0 1 44984 -1070.04 8545.91 705197 -117818 628383 98.0686 10.9033 -27.5844
1010101 FRAC0_S 0 1 45313.9 -1012.71 8566.09 844395 -424455 362094 97.0279 31.694 -15.6906
1010101 FRAC0_S 0 1 45614.8 -866.721 8562.4 571424 -97336 -394948 50.6868 12.2248 24.4116
1010101 FRAC0_S 0 1 45847.4 -635.814 8561.52 690902 -391378 -150139 59.1839 37.4002 9.01254
1010101 FRAC0_S 0 1 45983 -336.983 8579.21 454141 78744.1 -204178 24.4756 -14.1579 19.0749
1010101 FRAC0_S 0 1 46036.7 -10.632 8584.93 23337.4 268372 440207 32.2396 -41.9225 -34.9754
1010101 FRAC0_S 0 1 46003.2 313.798 8574.81 314122 97121.8 -182397 14.058 -21.0309 20.8503
1010101 FRAC0_S 0 1 45864.8 612.9 8566.11 244898 87736.3 -166741 9.72806 -22.4361 22.365
1010101 FRAC0_S 0 1 45638.5 859.602 8543.18 341002 3973.76 -249676 18.6543 -0.932424 26.9322
1010101 FRAC0_S 0 1 45346.3 1020.74 8497.96 412057 145056 -407684 39.1105 -19.4665 27.0673
1010101 FRAC0_S 0 1 45016 1069.74 8454.04 624681 296954 -415672 65.6111 -27.6359 21.0563
1010101 FRAC0_S 0 1 44688.3 1009.34 8430.2 1.01932e+06 538886 -333044 133.216 -34.2079 12.7122
1010101 FRAC0_S 0 1 44390.3 859.921 8429.34 1.08595e+06 406308 -121639 121.764 -30.8092 5.69139