
Step FractureNumber TipNr TipActive TipX TipY TipZ KI KII KIII G Phi Psi Extension
1010000 FRAC0_S 0 1 167.108 -29026.6 8500 -1.05573e+06 6.81425e+06 -834617 4230.38 -66.6987 7.17544
1010000 FRAC0_S 0 1 -141.884 -29022.6 8500 -1.32737e+06 7.33589e+06 753929 4871.08 -66.5808 -6.03308
1010000 FRAC0_S 0 1 -436.986 -29114.3 8500 154865 6.12777e+06 2.08843e+06 3928.26 -64.973 -17.4056
1010000 FRAC0_S 0 1 -698.651 -29301.7 8500 2.66266e+07 5.52511e+06 3.52023e+06 67545 -20.0049 -7.37595
1010000 FRAC0_S 0 1 -874.166 -29540.2 8500 -1.02643e+06 3.18498e+06 4.45273e+06 3540.9 -42.0054 -31.3703
1010000 FRAC0_S 0 1 -973.449 -29832.9 8500 -1.28366e+06 1.06136e+06 4.92289e+06 3323.61 -18.9519 -37.6927
1010000 FRAC0_S 0 1 -977.444 -30141.9 8500 -705118 -1.4207e+06 5.19602e+06 3770.68 24.5295 -38.7341
1010000 FRAC0_S 0 1 -885.76 -30437 8500 -1.03054e+06 -3.50232e+06 4.58978e+06 3894.83 43.4308 -30.8901
1010000 FRAC0_S 0 1 -707.371 -30689.4 8500 -789317 -4.16429e+06 2.94259e+06 2696.91 54.3641 -24.4845
1010000 FRAC0_S 0 1 -459.741 -30874.2 8500 -1.08481e+06 -6.95943e+06 2.39787e+06 5080.64 62.2134 -16.1713
1010000 FRAC0_S 0 1 -167.108 -30973.4 8500 -1.45153e+06 -8.47223e+06 883569 6500.04 66.7321 -6.15643
1010000 FRAC0_S 0 1 141.884 -30977.4 8500 93365.3 -7.99008e+06 -775395 5769.65 69.3268 6.57435
1010000 FRAC0_S 0 1 436.986 -30885.7 8500 -1.12972e+06 -7.17633e+06 -2.35349e+06 5325.82 62.5255 15.6127
1010000 FRAC0_S 0 1 689.314 -30707.4 8500 -657670 -6.40781e+06 -4.0419e+06 5831.67 57.4689 24.0139
1010000 FRAC0_S 0 1 874.166 -30459.8 8500 -989411 -3.69555e+06 -4.58607e+06 4014.24 44.6834 30.509
1010000 FRAC0_S 0 1 973.449 -30167.1 8500 -1.08008e+06 -1.38941e+06 -4.97121e+06 3458.84 23.7016 37.3824
1010000 FRAC0_S 0 1 977.444 -29858.1 8500 -896131 938825 -5.01122e+06 3418.48 -17.882 39.413
1010000 FRAC0_S 0 1 885.76 -29563 8500 3.13016e+06 3.13775e+06 -4.55534e+06 4510.33 -34.7039 26.9833
1010000 FRAC0_S 0 1 707.371 -29310.6 8500 -722145 3.71962e+06 -2.64618e+06 2164.19 -54.1917 24.5206
1010000 FRAC0_S 0 1 459.741 -29125.8 8500 -1.10218e+06 6.31945e+06 -2.26802e+06 4242.79 -61.5318 16.4492
Step FractureNumber TipNr TipActive TipX TipY TipZ KI KII KIII G Phi Psi Extension
1010101 FRAC0_S 0 1 174.573 -28986.7 8409.16 2.96327e+06 -416820 31357.6 798.087 16.0606 -0.714178
1010101 FRAC0_S 0 1 -147.745 -28983.7 8408.5 1.10247e+07 3.54845e+06 1.15527e+06 12130.3 -28.0222 -5.55117
1010101 FRAC0_S 0 1 -464.167 -29068.6 8423.2 3.97127e+06 7.72873e+06 2.48874e+06 7551.96 -55.4897 -12.6661
1010101 FRAC0_S 0 1 -743.225 -29240.9 8443.51 4.92595e+06 5.66073e+06 4.6482e+06 7891.25 -42.3548 -20.7261
1010101 FRAC0_S 0 1 -946.747 -29502.1 8449.86 2.08021e+06 3.64804e+06 5.09152e+06 5019.33 -39.2454 -29.3973
1010101 FRAC0_S 0 1 -1059 -29819.5 8477.41 1.73762e+06 1.44397e+06 6.29471e+06 5724.76 -19.7075 -37.2513
1010101 FRAC0_S 0 1 -1062.04 -30152.4 8529.82 1.68506e+06 -1.41397e+06 5.52679e+06 4493.71 21.0682 -36.4291
1010101 FRAC0_S 0 1 -951.262 -30466.5 8565.07 4.99176e+06 -3.60338e+06 6.1238e+06 8365.06 30.0785 -26.7396
1010101 FRAC0_S 0 1 -749.942 -30728 8579.94 8.72254e+06 -2.30702e+06 4.59208e+06 10058.6 19.1487 -20.077
1010101 FRAC0_S 0 1 -482.693 -30914.7 8587.52 1.94642e+07 -3.79669e+06 5.47722e+06 39034.4 17.2741 -13.6673
1010101 FRAC0_S 0 1 -174.606 -31012 8591.44 2.26114e+07 608550 1.83302e+06 46039.6 -3.35937 -5.53028
1010101 FRAC0_S 0 1 147.851 -31015 8591.93 1.21616e+06 -8.82073e+06 -320193 7078.67 68.4597 2.37986
1010101 FRAC0_S 0 1 457.842 -30924.8 8588.83 3.49868e+06 -5.93402e+06 -1.43436e+06 4502.2 55.5754 9.72044
1010101 FRAC0_S 0 1 728.914 -30745.2 8581.91 7.70593e+06 -4.32464e+06 -4.77504e+06 9990.59 31.3912 19.4983
1010101 FRAC0_S 0 1 937.575 -30489.8 8566.28 3.75221e+06 -2.61132e+06 -3.6194e+06 3604.53 31.8313 23.9418
1010101 FRAC0_S 0 1 1057.85 -30179.7 8530 2.07852e+06 -1.95768e+06 -6.73235e+06 6754.66 23.138 35.8662
1010101 FRAC0_S 0 1 1065.53 -29846 8480.46 2.04783e+06 1.51654e+06 -6.47173e+06 6149.11 -19.5568 36.5757
1010101 FRAC0_S 0 1 956.647 -29531.2 8443.58 3.47454e+06 3.76118e+06 -5.83536e+06 6865.2 -34.4888 28.2448
1010101 FRAC0_S 0 1 752.302 -29270.6 8423.24 6.48496e+06 4.47389e+06 -4.54739e+06 8281.36 -34.5659 20.0363
1010101 FRAC0_S 0 1 482.984 -29084.8 8412.81 8.51297e+06 3.99568e+06 -2.86044e+06 8968.76 -31.6661 13.374