
Step FractureNumber TipNr TipActive TipX TipY TipZ KI KII KIII G Phi Psi Extension
1010000 FRAC0_S 0 1 -14627.4 -29085.3 8500 -1.44773e+06 1.25076e+07 639262 13994.7 -68.5686 -3.35319
1010000 FRAC0_S 0 1 -14928.3 -29015 8500 -1.597e+06 1.31705e+07 3.76582e+06 17343.3 -64.1389 -14.4865
1010000 FRAC0_S 0 1 -15236.2 -29041 8500 -1.55572e+06 1.10722e+07 6.42809e+06 16419.8 -57.7127 -22.5565
1010000 FRAC0_S 0 1 -15521 -29160.9 8500 -1.46307e+06 8.17826e+06 9.04066e+06 16830.6 -47.8722 -30.018
1010000 FRAC0_S 0 1 -15754.8 -29363 8500 -1.28936e+06 2.56334e+06 7.75732e+06 8588.93 -27.4979 -37.3839
1010000 FRAC0_S 0 1 -15914.7 -29627.4 8500 -1.98141e+07 -1.30044e+06 9.32067e+06 11705 5.85416 -20.7922
1010000 FRAC0_S 0 1 -15985.1 -29928.3 8500 -2.20299e+06 -7.18467e+06 1.12249e+07 21357.5 40.2937 -32.6899
1010000 FRAC0_S 0 1 -15959 -30236.2 8500 -3.44624e+06 -9.30587e+06 6.9898e+06 14214.9 50.439 -23.4798
1010000 FRAC0_S 0 1 -15839.1 -30521 8500 2.56431e+07 -1.39419e+07 5.91769e+06 80574.6 36.3241 -9.58586
1010000 FRAC0_S 0 1 -15637 -30754.8 8500 1.56413e+07 -1.40185e+07 2.18354e+06 39946.6 48.0664 -5.19339
1010000 FRAC0_S 0 1 -15372.6 -30914.7 8500 -1.53575e+06 -1.55219e+07 -874739 21570.9 68.7352 3.72631
1010000 FRAC0_S 0 1 -15071.7 -30985 8500 -2.23471e+06 -1.51827e+07 -4.35606e+06 23064.8 63.5862 14.2841
1010000 FRAC0_S 0 1 -14763.8 -30959 8500 -1.57758e+06 -1.18003e+07 -6.76485e+06 18494.9 57.9927 22.4738
1010000 FRAC0_S 0 1 -14479 -30839.1 8500 -1.37059e+06 -8.4351e+06 -9.38448e+06 18053.4 48.0129 30.2522
1010000 FRAC0_S 0 1 -14245.2 -30637 8500 -1.28182e+06 -3.04766e+06 -8.26009e+06 9902.14 29.7888 36.9706
1010000 FRAC0_S 0 1 -14085.3 -30372.6 8500 -1.57509e+06 1.04455e+06 -1.00892e+07 13635.6 -11.0338 41.1244
1010000 FRAC0_S 0 1 -14014.9 -30071.7 8500 -1.83443e+06 6.12334e+06 -1.00858e+07 16870.3 -39.4493 33.2888
1010000 FRAC0_S 0 1 -14041 -29763.8 8500 -1.20605e+06 7.59604e+06 -6.21272e+06 10275.1 -52.9108 26.6244
1010000 FRAC0_S 0 1 -14160.9 -29479 8500 -1.50903e+06 1.22049e+07 -5.23749e+06 16922.2 -61.129 19.036
1010000 FRAC0_S 0 1 -14363 -29245.2 8500 -1.69006e+06 1.23357e+07 -2.1335e+06 14165.3 -66.0809 9.72306
Step FractureNumber TipNr TipActive TipX TipY TipZ KI KII KIII G Phi Psi Extension
1010101 FRAC0_S 0 1 -14613.2 -29049.7 8408.11 4.14394e+06 2.55394e+06 482148 2142.37 -40.9414 -5.08899
1010101 FRAC0_S 0 1 -14926.5 -28971.7 8410.6 1.20479e+07 4.31221e+06 3.03853e+06 15819.4 -27.6622 -11.408
1010101 FRAC0_S 0 1 -15250.7 -28989.9 8416.7 7.68667e+06 3.94969e+06 4.16044e+06 8957.32 -30.6283 -18.254
1010101 FRAC0_S 0 1 -15558.8 -29105.1 8430.24 6.87875e+06 5.44239e+06 8.09078e+06 15562.1 -32.3516 -25.7325
1010101 FRAC0_S 0 1 -15820.5 -29310.7 8460.92 2.20831e+07 -3.39242e+06 1.21242e+07 64031.7 12.0616 -21.7202
1010101 FRAC0_S 0 1 -15997.9 -29595.9 8510.25 2.02909e+06 -2.39671e+06 2.06758e+07 57734.7 12.7291 -41.8583
1010101 FRAC0_S 0 1 -16061.6 -29919.9 8554.16 4.87469e+06 -4.51131e+06 9.60056e+06 16189.8 29.3128 -31.0032
1010101 FRAC0_S 0 1 -16026.1 -30253.1 8569.52 1.1468e+07 -1.30109e+07 1.33683e+07 50572.7 39.8558 -23.4337
1010101 FRAC0_S 0 1 -15899.6 -30558.9 8567.49 4.09214e+07 5.65611e+06 1.12069e+07 168775 -13.0329 -13.8863
1010101 FRAC0_S 0 1 -15679.1 -30799.3 8575.3 2.58135e+07 -1.91573e+07 4.40068e+06 94656.6 43.7839 -6.69027
1010101 FRAC0_S 0 1 -15391 -30955.4 8587.59 2.48904e+07 -7.23386e+06 -1.25361e+06 60078.7 27.0537 2.88297
1010101 FRAC0_S 0 1 -15073.6 -31028.6 8589.28 1.89275e+06 -8.53568e+06 -1.15875e+06 6990.18 65.1452 7.47021
1010101 FRAC0_S 0 1 -14749.4 -31010.1 8583.37 1.19537e+07 -5.69061e+06 -6.08389e+06 20541.4 29.5494 17.8297
1010101 FRAC0_S 0 1 -14441.6 -30894.4 8570.79 1.93101e+06 14802.2 -77411.9 333.091 -1.02051 2.93609
1010101 FRAC0_S 0 1 -14180.5 -30688.5 8538.64 4.11789e+06 -3.62083e+06 -1.04041e+07 17076 25.1522 33.8775
1010101 FRAC0_S 0 1 -14004 -30406.6 8486.97 2.90059e+06 870856 -1.20719e+07 20199.6 -7.48383 40.2735
1010101 FRAC0_S 0 1 -13939.1 -30080.2 8443.51 4.72685e+06 3.9469e+06 -9.10026e+06 14393.5 -27.6367 31.2852
1010101 FRAC0_S 0 1 -13982.2 -29751.7 8422.34 -370810 3.83972e+06 -1.08215e+06 1469.54 -64.7246 14.5684
1010101 FRAC0_S 0 1 -14119.2 -29454.9 8413.42 1.07665e+07 4.85255e+06 -4.65235e+06 15306.5 -29.5019 16.1631
1010101 FRAC0_S 0 1 -14336.2 -29214.9 8409.13 1.16395e+07 4.02907e+06 -2.147e+06 14132 -28.0814 8.92072