
Step FractureNumber TipNr TipActive TipX TipY TipZ KI KII KIII G Phi Psi Extension
1010000 FRAC0_S 0 1 29664.6 -29071 8500 396760 1.0258e+07 -1.96577e+06 9904.74 -67.547 11.3486
1010000 FRAC0_S 0 1 29393.9 -29220.1 8500 1.70941e+06 1.01538e+07 -282490 9458.21 -68.1173 1.7963
1010000 FRAC0_S 0 1 29182.6 -29445.6 8500 1.45848e+06 8.17734e+06 1.68087e+06 6524.01 -64.6131 -10.8573
1010000 FRAC0_S 0 1 29051.3 -29725.3 8500 1.40323e+06 7.11665e+06 3.52866e+06 6344.63 -58.2711 -20.0134
1010000 FRAC0_S 0 1 29012.8 -30032 8500 1.54816e+06 5.76754e+06 5.19993e+06 6774 -49.6505 -26.7106
1010000 FRAC0_S 0 1 29071 -30335.4 8500 1.4768e+06 3.17663e+06 6.45377e+06 6633.14 -34.314 -34.1802
1010000 FRAC0_S 0 1 29220.1 -30606.1 8500 1.19443e+06 212502 4.72167e+06 3096.28 -4.77018 -40.506
1010000 FRAC0_S 0 1 29445.6 -30817.4 8500 1.58797e+06 -2.36193e+06 5.98343e+06 5483.42 29.3313 -35.0104
1010000 FRAC0_S 0 1 29725.3 -30948.7 8500 1.91107e+06 -2.55542e+06 3.93053e+06 2962.08 36.1225 -29.2803
1010000 FRAC0_S 0 1 30032 -30987.2 8500 1.61593e+06 -7.69846e+06 4.31639e+06 7991.86 56.7411 -21.3907
1010000 FRAC0_S 0 1 30335.4 -30929 8500 1.17072e+06 -6.76325e+06 1.88468e+06 4670.58 63.2216 -13.7561
1010000 FRAC0_S 0 1 30606.1 -30779.9 8500 1.38113e+06 -8.19048e+06 435327 6173.03 67.6935 -3.33075
1010000 FRAC0_S 0 1 30817.4 -30554.4 8500 1.38901e+06 -8.39825e+06 -1.41372e+06 6722.73 65.6172 9.319
1010000 FRAC0_S 0 1 30948.7 -30274.7 8500 1.45667e+06 -7.07376e+06 -2.88393e+06 5754.15 59.8773 17.6007
1010000 FRAC0_S 0 1 30987.2 -29968 8500 1.49593e+06 -6.23383e+06 -4.68671e+06 6583.66 52.644 24.7401
1010000 FRAC0_S 0 1 30929 -29664.6 8500 1.44022e+06 -3.56585e+06 -5.62075e+06 5519.74 39.0956 32.0239
1010000 FRAC0_S 0 1 30779.9 -29393.9 8500 1.09217e+06 -191735 -6.601e+06 5904.8 3.36295 42.1711
1010000 FRAC0_S 0 1 30554.4 -29182.6 8500 1.13945e+06 2.15165e+06 -5.28826e+06 4247.68 -30.7083 35.5406
1010000 FRAC0_S 0 1 30274.7 -29051.3 8500 1.19044e+06 5.56119e+06 -5.52379e+06 6940.3 -49.058 28.4169
1010000 FRAC0_S 0 1 29968 -29012.8 8500 1.58092e+06 7.3228e+06 -4.17387e+06 7318.12 -56.4449 21.5331
Step FractureNumber TipNr TipActive TipX TipY TipZ KI KII KIII G Phi Psi Extension
1010101 FRAC0_S 0 1 29652 -29031.9 8409.75 1.13586e+07 1.53676e+06 -2.1628e+06 12329.4 -13.5586 10.5223
1010101 FRAC0_S 0 1 29370.3 -29190.5 8407.91 1.22732e+07 2.34219e+06 -8860.07 13911.7 -20.6266 0.047244
1010101 FRAC0_S 0 1 29146.5 -29422.6 8410.36 1.10784e+07 1.93512e+06 2.20489e+06 11916.8 -16.6701 -10.6082
1010101 FRAC0_S 0 1 29001 -29712.5 8415.84 9.01842e+06 2.16763e+06 3.94052e+06 9731.36 -18.6245 -18.0798
1010101 FRAC0_S 0 1 28948.5 -30036.3 8426.54 6.59187e+06 850593 3.6631e+06 5721.18 -10.3122 -22.1375
1010101 FRAC0_S 0 1 28996.3 -30365.2 8450.68 5.97958e+06 1.36009e+06 5.75059e+06 7749.22 -13.7905 -27.8971
1010101 FRAC0_S 0 1 29149.1 -30661.7 8493.99 4.08837e+06 488931 6.28537e+06 6765.04 -6.15961 -34.084
1010101 FRAC0_S 0 1 29395.8 -30888.2 8537.15 3.60409e+06 -1.38265e+06 5.56536e+06 5447.28 17.1425 -31.959
1010101 FRAC0_S 0 1 29702.3 -31019.3 8562.63 5.97034e+06 -2.87449e+06 5.27137e+06 7608.32 25.6057 -24.5255
1010101 FRAC0_S 0 1 30031 -31044.6 8578.87 8.95639e+06 -2.67514e+06 4.21091e+06 10144.2 21.6444 -18.4009
1010101 FRAC0_S 0 1 30349.3 -30971.4 8588.67 1.03271e+07 -2.39651e+06 1.9546e+06 10523.4 20.9918 -9.80159
1010101 FRAC0_S 0 1 30630.1 -30811.3 8591.35 1.30196e+07 -1.99763e+06 -69436.6 15461.3 17.3102 0.358297
1010101 FRAC0_S 0 1 30852.3 -30577 8590.3 1.00608e+07 -1.97743e+06 -1.61217e+06 9713.87 18.8117 8.75183
1010101 FRAC0_S 0 1 30996.5 -30286.9 8585.89 8.96062e+06 -1.63721e+06 -3.57255e+06 9091.23 15.2408 17.5674
1010101 FRAC0_S 0 1 31047.8 -29964 8577.13 6.2971e+06 -2.11764e+06 -4.18228e+06 6259.49 21.5567 22.2589
1010101 FRAC0_S 0 1 31000.4 -29635.6 8552.86 5.10934e+06 -1.64779e+06 -5.62073e+06 6770.01 17.3968 28.6147
1010101 FRAC0_S 0 1 30849.6 -29338.9 8505.93 4.03115e+06 -581515 -6.35893e+06 6856.18 7.22361 34.1222
1010101 FRAC0_S 0 1 30602.8 -29116 8457.05 4.81663e+06 871766 -6.53211e+06 7809.98 -9.63086 32.2641
1010101 FRAC0_S 0 1 30295.4 -28988.2 8428.63 6.99281e+06 2.25748e+06 -6.0501e+06 9679.84 -19.1323 25.683
1010101 FRAC0_S 0 1 29968.6 -28960.5 8416.34 9.83697e+06 2.40412e+06 -4.24644e+06 11536.1 -18.9257 17.9002