
Step FractureNumber TipNr TipActive TipX TipY TipZ KI KII KIII G Phi Psi Extension
1010000 FRAC0_S 0 1 30000 29254 7852.75 4.42468e+06 -2.58915e+06 499361 2375.11 39.9328 -5.03846
1010000 FRAC0_S 0 1 30000 29487.6 7655.6 4.60272e+06 -2.61238e+06 -224150 2502.61 40.5306 2.32024
1010000 FRAC0_S 0 1 30000 29773.6 7538.6 4.94898e+06 -2.48706e+06 -789833 2816.68 35.9296 7.18516
1010000 FRAC0_S 0 1 30000 30081.8 7515.7 4.50075e+06 -1.6823e+06 -1.18558e+06 2244.21 28.3141 11.6956
1010000 FRAC0_S 0 1 30000 30382 7589.16 4.42232e+06 -1.09042e+06 -1.4056e+06 2111.44 20.3268 14.4851
1010000 FRAC0_S 0 1 30000 30644.7 7751.78 3.2217e+06 -315171 -1.09895e+06 1094.38 9.1945 16.6359
1010000 FRAC0_S 0 1 30000 30844.5 7987.64 4.18659e+06 -16223.1 -1.48909e+06 1856.81 0.39846 18.1474
1010000 FRAC0_S 0 1 30000 30961.5 8273.65 3.71112e+06 507373 -1.17572e+06 1434.04 -12.5489 15.4331
1010000 FRAC0_S 0 1 30000 30984.3 8581.81 3.57428e+06 743487 -1.17005e+06 1369.76 -17.6823 15.1302
1010000 FRAC0_S 0 1 30000 30910.8 8881.97 3.17425e+06 818848 -908901 1067.48 -21.4329 13.3278
1010000 FRAC0_S 0 1 30000 30748.2 9144.74 2.65491e+06 1.30203e+06 -805699 865.501 -33.0421 12.2509
1010000 FRAC0_S 0 1 30000 30512.4 9344.4 2.84658e+06 1.53107e+06 -655420 988.08 -36.1105 9.59777
1010000 FRAC0_S 0 1 30000 30226.4 9461.4 2.26861e+06 1.65221e+06 -411205 724.354 -43.2129 7.10659
1010000 FRAC0_S 0 1 30000 29918.2 9484.3 2.46284e+06 1.96204e+06 -89821.6 884.615 -47.6217 1.53878
1010000 FRAC0_S 0 1 30000 29618 9410.84 2.36662e+06 1.80549e+06 258084 798.434 -45.4295 -4.43196
1010000 FRAC0_S 0 1 30000 29355.3 9248.22 2.41877e+06 1.77374e+06 872906 903.026 -40.4401 -12.4615
1010000 FRAC0_S 0 1 30000 29155.5 9012.36 2.67848e+06 1.15078e+06 1.38566e+06 1012.67 -27.4852 -18.3955
1010000 FRAC0_S 0 1 30000 29038.5 8726.35 2.42506e+06 272358 1.59311e+06 868.215 -8.60497 -24.4124
1010000 FRAC0_S 0 1 30000 29015.7 8418.19 2.95577e+06 -939008 1.35372e+06 1100.82 22.8068 -17.9228
1010000 FRAC0_S 0 1 30000 29089.2 8118.03 4.09499e+06 -2.0046e+06 1.18866e+06 2040.28 33.2109 -11.8434
Step FractureNumber TipNr TipActive TipX TipY TipZ KI KII KIII G Phi Psi Extension
1010101 FRAC0_S 0 1 30062 29193.6 7805.89 5.4152e+06 605883 72121.6 2646.5 -13.2289 -0.918616
1010101 FRAC0_S 0 1 30063.2 29448.8 7590.89 5.35681e+06 948885 -570925 2680.64 -17.9854 6.24841
1010101 FRAC0_S 0 1 30057.5 29756.4 7461.01 5.63476e+06 1.17925e+06 -1.1061e+06 3115.93 -19.2932 10.2496
1010101 FRAC0_S 0 1 30047.1 30089.9 7430.52 4.59579e+06 777257 -1.14381e+06 2109.95 -15.7019 12.6737
1010101 FRAC0_S 0 1 30033.3 30418 7505.3 4.60399e+06 458500 -1.24846e+06 2114.88 -9.80174 14.1389
1010101 FRAC0_S 0 1 30016.9 30707.4 7679.8 4.59927e+06 458335 -1.3539e+06 2147.49 -9.65037 14.9995
1010101 FRAC0_S 0 1 29998.9 30927 7937.41 4.46957e+06 91504.5 -1.32603e+06 2014.77 -2.15914 15.8947
1010101 FRAC0_S 0 1 29981.7 31054 8251.47 4.65905e+06 -318853 -1.29996e+06 2168.1 6.93003 14.7365
1010101 FRAC0_S 0 1 29970.2 31077 8589.17 3.16508e+06 -106443 -909220 1003.64 3.51906 15.4025
1010101 FRAC0_S 0 1 29960.5 30993.4 8915.63 3.86647e+06 -130148 -918933 1445.98 3.65767 13.4283
1010101 FRAC0_S 0 1 29948.9 30811.9 9198.37 3.87631e+06 -337978 -620511 1400.33 9.44468 9.46716
1010101 FRAC0_S 0 1 29939.8 30553.4 9410.35 2.91755e+06 -292146 -430735 790.792 10.7842 8.76697
1010101 FRAC0_S 0 1 29932.6 30243.8 9530.93 2.71458e+06 -271736 -242266 671.033 11.2873 5.66715
1010101 FRAC0_S 0 1 29928.1 29912.8 9551.8 2.88045e+06 -211897 -3866.23 743.345 9.2534 0.0973471
1010101 FRAC0_S 0 1 29929.6 29590.7 9474.4 3.34352e+06 -315249 256051 1013.75 10.8199 -4.96046
1010101 FRAC0_S 0 1 29938.2 29304.7 9304.73 3.17021e+06 -101325 613607 946.565 3.60362 -11.4959
1010101 FRAC0_S 0 1 29957 29081.2 9055.45 2.56603e+06 -118667 871079 688.918 4.59426 -17.1277
1010101 FRAC0_S 0 1 29990.6 28948.6 8747.28 3.66876e+06 -207207 1.44881e+06 1482.4 5.34193 -18.7799
1010101 FRAC0_S 0 1 30029.3 28926.4 8411.94 4.26155e+06 -180955 1.31512e+06 1851.26 4.33088 -16.0946
1010101 FRAC0_S 0 1 30053.1 29013.1 8087.42 5.95932e+06 247008 934410 3286.16 -4.75903 -9.64172