
Step FractureNumber TipNr TipActive TipX TipY TipZ KI KII KIII G Phi Psi Extension
1010000 FRAC0_S 0 1 36894 -44236.2 8342.22 1.92353e+06 175312 1.0028e+06 466.188 -7.68948 -21.7689
1010000 FRAC0_S 0 1 36759.2 -44353.6 8594.33 1.5182e+06 -247160 812795 298.701 12.7781 -21.3106
1010000 FRAC0_S 0 1 36696.9 -44534.2 8837.22 2.07191e+06 -831424 950182 564.208 26.9475 -17.2265
1010000 FRAC0_S 0 1 36713.3 -44760.5 9047.08 2.04429e+06 -1.26782e+06 749278 590.301 36.8817 -13.2669
1010000 FRAC0_S 0 1 36806.7 -45010.1 9203.4 1.97467e+06 -1.48301e+06 429968 568.036 43.2192 -8.22304
1010000 FRAC0_S 0 1 36967.9 -45258.8 9290.86 1.96805e+06 -1.60837e+06 91119.7 576.761 47.9335 -1.91753
1010000 FRAC0_S 0 1 37181.2 -45482.2 9300.91 1.64803e+06 -1.316e+06 -213781 402.428 45.9723 5.09794
1010000 FRAC0_S 0 1 37425.7 -45658.3 9232.56 2.19834e+06 -1.45248e+06 -634026 672.103 39.4137 10.8191
1010000 FRAC0_S 0 1 37677.5 -45770.1 9092.5 1.44374e+06 -743083 -610573 284.526 32.2495 15.4526
1010000 FRAC0_S 0 1 37911.9 -45806.4 8894.45 2.10383e+06 -737977 -1.06258e+06 593.109 23.9609 18.7836
1010000 FRAC0_S 0 1 38106 -45763.8 8657.78 1.79318e+06 8486.25 -746846 360.725 -0.465407 20.024
1010000 FRAC0_S 0 1 38240.8 -45646.4 8405.67 1.96398e+06 324702 -1.01628e+06 490.476 -13.0789 20.8647
1010000 FRAC0_S 0 1 38303.1 -45465.8 8162.78 1.86118e+06 649540 -785212 428.273 -24.8716 16.7095
1010000 FRAC0_S 0 1 38286.7 -45239.5 7952.92 1.98354e+06 1.23507e+06 -725618 556.554 -36.975 13.2327
1010000 FRAC0_S 0 1 38193.3 -44989.9 7796.6 2.12894e+06 1.64089e+06 -528429 680.949 -43.2443 9.09058
1010000 FRAC0_S 0 1 38032.1 -44741.2 7709.14 1.74579e+06 1.3731e+06 -223190 446.223 -45.7033 5.0618
1010000 FRAC0_S 0 1 37818.8 -44517.8 7699.09 1.91071e+06 1.46357e+06 177997 520.415 -45.7987 -3.82555
1010000 FRAC0_S 0 1 37574.3 -44341.7 7767.44 2.10015e+06 1.44647e+06 607784 628.605 -40.2588 -10.705
1010000 FRAC0_S 0 1 37322.5 -44229.9 7907.5 1.71208e+06 887372 663228 389.872 -32.8987 -14.492
1010000 FRAC0_S 0 1 37088.1 -44193.6 8105.55 1.84166e+06 751118 855364 449.818 -27.175 -17.3184
Step FractureNumber TipNr TipActive TipX TipY TipZ KI KII KIII G Phi Psi Extension
1010101 FRAC0_S 0 1 36828.8 -44171 8320.5 2.41086e+06 -12873.3 1.01066e+06 653.797 0.523784 -20.0958
1010101 FRAC0_S 0 1 36700.3 -44281 8613.64 2.35589e+06 161827 1.04096e+06 641.035 -6.22159 -19.9925
1010101 FRAC0_S 0 1 36651.4 -44467.4 8890.77 2.55557e+06 141606 990221 714.172 -5.27315 -18.5665
1010101 FRAC0_S 0 1 36684.3 -44706.6 9123.56 2.07865e+06 96286.8 514516 421.059 -4.92251 -13.7143
1010101 FRAC0_S 0 1 36795.3 -44970.9 9292.98 2.67513e+06 46154.1 472346 667.561 -2.00865 -10.8145
1010101 FRAC0_S 0 1 36973.2 -45234.6 9386.44 3.13588e+06 339252 184610 891.073 -12.3763 -3.85062
1010101 FRAC0_S 0 1 37200.1 -45475.7 9397.46 2.65385e+06 288992 -168647 638.821 -12.3992 4.13075
1010101 FRAC0_S 0 1 37457.4 -45672.7 9324.39 2.6578e+06 144757 -462238 659.747 -6.06982 10.3819
1010101 FRAC0_S 0 1 37723.6 -45804.1 9171.74 2.98014e+06 -32982.2 -809426 878.641 1.20275 15.0369
1010101 FRAC0_S 0 1 37969.4 -45860.2 8948.68 2.45606e+06 -36047.3 -912903 648.487 1.47427 18.5402
1010101 FRAC0_S 0 1 38166.8 -45834.7 8674.93 2.23335e+06 -44244.2 -823107 534.749 1.98342 18.3803
1010101 FRAC0_S 0 1 38298.3 -45721.1 8384.55 2.34967e+06 -106997 -1.04692e+06 638.768 4.21019 20.3609
1010101 FRAC0_S 0 1 38350 -45532.1 8109.83 1.90151e+06 -63049 -714483 390.448 3.25601 18.455
1010101 FRAC0_S 0 1 38316.4 -45293.1 7876.76 2.50331e+06 -33659 -799470 643.521 1.40524 16.7954
1010101 FRAC0_S 0 1 38205.4 -45028.6 7706.83 2.66365e+06 -240904 -418015 660.649 9.78274 9.29091
1010101 FRAC0_S 0 1 38028.4 -44764.3 7613.18 2.52264e+06 -81689.5 -112974 569.363 4.14551 3.18586
1010101 FRAC0_S 0 1 37800.5 -44523.9 7602.34 2.27579e+06 -80771.9 95192.3 463.308 4.53626 -2.97869
1010101 FRAC0_S 0 1 37542.1 -44328.3 7675.57 2.63676e+06 -205238 406938 645.315 8.56459 -9.252
1010101 FRAC0_S 0 1 37275.4 -44198 7827.68 2.89336e+06 -184147 819119 838.248 6.45978 -14.9383
1010101 FRAC0_S 0 1 37028.1 -44144.7 8047.78 2.4602e+06 -97618.3 897648 647.364 3.89919 -18.0356