
Step FractureNumber TipNr TipActive TipX TipY TipZ KI KII KIII G Phi Psi Extension
1010000 FRAC0_S 0 1 44054 29715.9 8500 145063 847419 -165312 69.5014 -64.9695 10.4642
1010000 FRAC0_S 0 1 44188.1 29437.5 8500 141176 847923 25525 65.9303 -68.1104 -1.94137
1010000 FRAC0_S 0 1 44401.7 29214.1 8500 137751 798870 202107 63.993 -63.7648 -12.8043
1010000 FRAC0_S 0 1 44673.8 29067.8 8500 163220 752639 397058 73.8198 -57.2523 -20.5709
1010000 FRAC0_S 0 1 44977.9 29012.6 8500 133826 457075 470666 49.6755 -47.3022 -28.0958
1010000 FRAC0_S 0 1 45284.1 29054 8500 91502.1 -133177 411875 24.8888 26.2262 -36.6533
1010000 FRAC0_S 0 1 45562.5 29188.1 8500 99392.4 -42067.6 446726 27.58 9.65486 -40.2052
1010000 FRAC0_S 0 1 45785.9 29401.7 8500 86283 -225780 403769 26.8889 37.1935 -33.4971
1010000 FRAC0_S 0 1 45932.2 29673.8 8500 174113 -304996 599953 58.8631 33.9785 -33.1663
1010000 FRAC0_S 0 1 45987.4 29977.9 8500 98696.8 -623296 273761 45.4548 60.2063 -18.9501
1010000 FRAC0_S 0 1 45946 30284.1 8500 100472 -720655 133654 49.5541 65.7909 -10.2721
1010000 FRAC0_S 0 1 45811.9 30562.5 8500 66000.5 -554383 -14995.5 27.8052 68.8625 1.82249
1010000 FRAC0_S 0 1 45598.3 30785.9 8500 71576.4 -523958 -131561 27.2221 64.5362 13.0329
1010000 FRAC0_S 0 1 45326.2 30932.2 8500 119745 -649775 -337570 54.0564 58.0556 20.7153
1010000 FRAC0_S 0 1 45022.1 30987.4 8500 114772 -447877 -442298 45.0672 48.4904 27.9371
1010000 FRAC0_S 0 1 44715.9 30946 8500 113521 -226927 -514427 40.9336 32.2306 34.9874
1010000 FRAC0_S 0 1 44437.5 30811.9 8500 150883 17598.2 -453030 29.3527 -3.908 39.322
1010000 FRAC0_S 0 1 44214.1 30598.3 8500 130960 275258 -534940 46.3393 -34.9579 33.673
1010000 FRAC0_S 0 1 44067.8 30326.2 8500 126967 460511 -421122 43.9208 -49.329 26.8145
1010000 FRAC0_S 0 1 44012.6 30022.1 8500 106444 758813 -582631 97.467 -54.1452 26.0437
Step FractureNumber TipNr TipActive TipX TipY TipZ KI KII KIII G Phi Psi Extension
1010101 FRAC0_S 0 1 44011.5 29704.8 8411.24 1.24025e+06 256951 -478905 173.458 -17.0205 16.9649
1010101 FRAC0_S 0 1 44156 29415 8408.53 1.5966e+06 437065 -558580 285.673 -21.6147 15.2753
1010101 FRAC0_S 0 1 44376.1 29178.5 8410.93 1.62262e+06 334489 -77899 245.395 -21.1202 2.93744
1010101 FRAC0_S 0 1 44657.8 29016.5 8417.15 1.55257e+06 636319 168957 254.674 -32.6841 -5.41983
1010101 FRAC0_S 0 1 44979.1 28944.4 8453.27 734198 212552 436517 77.403 -19.8596 -21.3281
1010101 FRAC0_S 0 1 45310.6 28973.9 8507.92 253943 171454 489331 40.2122 -23.7819 -32.2823
1010101 FRAC0_S 0 1 45612.9 29114.1 8534.55 253158 -86880.6 518467 42.1351 13.4511 -35.0699
1010101 FRAC0_S 0 1 45851.2 29350.5 8548.39 664095 -341708 359481 66.8914 30.6548 -18.2497
1010101 FRAC0_S 0 1 45999.7 29647.7 8564.76 593565 -302233 -422157 63.2376 28.4236 21.5985
1010101 FRAC0_S 0 1 46041.7 29973.4 8580.17 729771 -211085 473265 81.2167 19.338 -22.4082
1010101 FRAC0_S 0 1 45985.4 30294.9 8590.62 935673 -187460 498668 114.219 15.2471 -20.8634
1010101 FRAC0_S 0 1 45843 30584.3 8592.01 1.30923e+06 -387610 494687 198.677 22.5717 -15.9253
1010101 FRAC0_S 0 1 45623.1 30820.6 8589.68 1.33715e+06 -155066 29338 161.582 13.5408 -1.4917
1010101 FRAC0_S 0 1 45341.8 30982.4 8583.72 1.66535e+06 -754413 -149627 300.831 35.0715 4.43038
1010101 FRAC0_S 0 1 45021.2 31053.3 8571.99 1.51859e+06 -845214 -397690 290.192 36.2924 10.5486
1010101 FRAC0_S 0 1 44689.9 31023.6 8543.68 535250 -442047 -541297 81.9112 34.8212 23.61
1010101 FRAC0_S 0 1 44386.7 30885.5 8495.6 432524 -804234 -1.05881e+06 223.41 40.4561 28.9563
1010101 FRAC0_S 0 1 44152 30649 8450.68 498643 -3770.88 -568391 65.126 0.492148 32.105
1010101 FRAC0_S 0 1 44006 30349.6 8427.49 447073 154206 -290550 31.1575 -22.1145 21.9091
1010101 FRAC0_S 0 1 43957.7 30025.1 8417.86 948426 196901 -344847 99.4266 -17.2765 16.283