
Step FractureNumber TipNr TipActive TipX TipY TipZ KI KII KIII G Phi Psi Extension
1010000 FRAC0_S 0 1 -14627.4 -29085.3 8500 -1.37794e+06 1.10663e+07 789900 10995.6 -68.1217 -4.53799
1010000 FRAC0_S 0 1 -14928.3 -29015 8500 -1.53444e+06 1.15411e+07 3.57005e+06 13564.4 -63.4173 -15.211
1010000 FRAC0_S 0 1 -15236.2 -29041 8500 -1.50975e+06 9.60037e+06 5.89174e+06 12829.8 -56.7339 -23.0669
1010000 FRAC0_S 0 1 -15521 -29160.9 8500 -1.42862e+06 6.942e+06 8.17843e+06 13190.3 -46.4098 -30.4876
1010000 FRAC0_S 0 1 -15754.8 -29363 8500 -1.23828e+06 2.02071e+06 6.92409e+06 6740.28 -25.0249 -37.7795
1010000 FRAC0_S 0 1 -15914.7 -29627.4 8500 -1.81758e+07 -1.89151e+06 7.72345e+06 8252.49 9.20449 -19.1285
1010000 FRAC0_S 0 1 -15985.1 -29928.3 8500 -2.2304e+06 -6.71742e+06 9.85496e+06 16938 41.0817 -31.8163
1010000 FRAC0_S 0 1 -15959 -30236.2 8500 -3.40939e+06 -8.36632e+06 6.0419e+06 11092.4 50.3039 -22.655
1010000 FRAC0_S 0 1 -15839.1 -30521 8500 2.34655e+07 -1.32537e+07 6.0088e+06 69521.7 36.6912 -10.3164
1010000 FRAC0_S 0 1 -15637 -30754.8 8500 1.4063e+07 -1.32178e+07 2.3032e+06 33897 48.5771 -5.87251
1010000 FRAC0_S 0 1 -15372.6 -30914.7 8500 -1.33178e+06 -1.38947e+07 -949029 17323.6 68.6083 4.46272
1010000 FRAC0_S 0 1 -15071.7 -30985 8500 -1.9911e+06 -1.33775e+07 -4.06636e+06 18146.1 63.1999 14.8753
1010000 FRAC0_S 0 1 -14763.8 -30959 8500 -1.38528e+06 -1.04313e+07 -6.21024e+06 14825.6 57.5727 22.9546
1010000 FRAC0_S 0 1 -14479 -30839.1 8500 -1.1605e+06 -7.33065e+06 -8.53153e+06 14469.3 47.3081 30.8033
1010000 FRAC0_S 0 1 -14245.2 -30637 8500 -1.16081e+06 -2.52147e+06 -7.48063e+06 8009.19 28.0516 37.4508
1010000 FRAC0_S 0 1 -14085.3 -30372.6 8500 -1.46161e+06 1.23838e+06 -9.01293e+06 10940.6 -14.0193 40.4803
1010000 FRAC0_S 0 1 -14014.9 -30071.7 8500 -1.75039e+06 5.7417e+06 -8.86875e+06 13398.8 -40.5106 32.5848
1010000 FRAC0_S 0 1 -14041 -29763.8 8500 -1.16203e+06 6.99747e+06 -5.41764e+06 8266.9 -53.5605 25.8697
1010000 FRAC0_S 0 1 -14160.9 -29479 8500 -1.43286e+06 1.10287e+07 -4.45763e+06 13481.5 -61.5152 18.2596
1010000 FRAC0_S 0 1 -14363 -29245.2 8500 -1.58445e+06 1.10189e+07 -1.6731e+06 11191.7 -66.3555 8.68783
Step FractureNumber TipNr TipActive TipX TipY TipZ KI KII KIII G Phi Psi Extension
1010101 FRAC0_S 0 1 -14613.1 -29049.2 8408.35 2.71309e+06 3.94592e+06 756016 2119.42 -54.6783 -7.60962
1010101 FRAC0_S 0 1 -14926.4 -28970.6 8411.19 -2.37495e+06 2.0938e+07 2.29595e+06 39766.9 -67.6713 -6.72779
1010101 FRAC0_S 0 1 -15251 -28988.5 8417.73 7.52861e+06 4.46472e+06 4.26473e+06 9246.05 -33.1672 -18.1899
1010101 FRAC0_S 0 1 -15559.8 -29103.7 8432.31 6.11609e+06 5.06307e+06 7.83794e+06 13788.2 -32.3115 -26.5422
1010101 FRAC0_S 0 1 -15821.4 -29309.8 8464.74 2.8001e+06 2.43787e+06 8.01553e+06 9773.35 -23.3834 -35.103
1010101 FRAC0_S 0 1 -16005.4 -29616 8517.82 113558 -2.50321e+06 1.3392e+07 24412.5 20.1796 -42.1568
1010101 FRAC0_S 0 1 -16061 -29920.1 8556.09 5.20076e+06 -4.46737e+06 8.95452e+06 14853 29.5562 -29.8757
1010101 FRAC0_S 0 1 -16025.8 -30253.1 8569.84 7.57743e+06 -7.25393e+06 7.71535e+06 17722.4 37.7964 -22.8269
1010101 FRAC0_S 0 1 -15899.3 -30558.6 8567.86 7.68933e+06 -7.75123e+06 4.56507e+06 13394.3 43.735 -16.0805
1010101 FRAC0_S 0 1 -15678.8 -30799.1 8575.71 1.00776e+07 -6.40101e+06 1.75527e+06 13110.8 40.5205 -7.2028
1010101 FRAC0_S 0 1 -15391 -30955.5 8587.61 4.47647e+06 -7.28028e+06 264810 6518.03 59.1115 -1.70217
1010101 FRAC0_S 0 1 -15073.6 -31029.1 8589 1.27414e+07 -5.86681e+06 -3.18717e+06 18884.5 32.6128 10.7004
1010101 FRAC0_S 0 1 -14749.3 -31010.8 8582.89 1.88384e+07 -8.69742e+06 -1.03123e+07 52508.2 28.4752 18.8025
1010101 FRAC0_S 0 1 -14441.1 -30895.2 8569.6 7.13612e+06 -5.69911e+06 -8.26085e+06 16508.3 32.7123 25.4833
1010101 FRAC0_S 0 1 -14180.1 -30689 8535.83 3.66103e+06 -3.53084e+06 -1.02805e+07 16362 25.4327 34.4696
1010101 FRAC0_S 0 1 -14004.6 -30406.5 8483.4 2.3788e+06 1.00487e+06 -1.02888e+07 14673.6 -9.9113 40.0091
1010101 FRAC0_S 0 1 -13940.1 -30080.1 8441.36 5.86665e+06 5.51503e+06 -1.24085e+07 26255.5 -28.6929 31.7058
1010101 FRAC0_S 0 1 -13983 -29751.8 8421.57 8.07657e+06 5.25398e+06 -6.71558e+06 14270.7 -31.8847 22.4269
1010101 FRAC0_S 0 1 -14119.8 -29455.2 8413.04 1.03418e+07 7.07467e+06 -5.06513e+06 17402.8 -37.1243 15.8984
1010101 FRAC0_S 0 1 -14336.4 -29215 8409.03 1.22572e+07 4.87195e+06 -2.2592e+06 16181.7 -30.7595 8.64079