
Step FractureNumber TipNr TipActive TipX TipY TipZ KI KII KIII G Phi Psi Extension
1010000 FRAC0_S 0 1 -29032.6 44801 8500 15303.6 369404 -385715 31.968 -51.0343 30.7794
1010000 FRAC0_S 0 1 -29018.4 45109.8 8500 74230.9 215848 277673 14.8973 -43.1077 -30.2544
1010000 FRAC0_S 0 1 -29100.4 45407.7 8500 81845.3 84955.9 341983 16.7947 -21.4252 -37.519
1010000 FRAC0_S 0 1 -29270.4 45665.8 8500 82490.7 -100041 393337 22.0751 22.2085 -37.8809
1010000 FRAC0_S 0 1 -29511.8 45858.6 8500 77899.4 -229674 323751 19.1817 41.6672 -31.3211
1010000 FRAC0_S 0 1 -29801 45967.4 8500 71580.2 -360154 255161 20.6744 54.1611 -24.421
1010000 FRAC0_S 0 1 -30109.8 45981.6 8500 83540.2 -459005 176644 23.5461 60.8383 -17.1672
1010000 FRAC0_S 0 1 -30407.7 45899.6 8500 68805.2 -491234 64979.7 22.4866 66.7928 -7.75254
1010000 FRAC0_S 0 1 -30665.8 45729.6 8500 142500 -148755 -362632 21.2711 28.2263 33.1078
1010000 FRAC0_S 0 1 -30858.6 45488.2 8500 67688.1 -473035 -147272 23.2324 63.1665 15.1845
1010000 FRAC0_S 0 1 -30967.4 45199 8500 58011.7 -290854 -180973 12.1941 55.7586 22.7919
1010000 FRAC0_S 0 1 -30981.6 44890.2 8500 87221 -292545 -328097 22.6213 45.9031 29.0637
1010000 FRAC0_S 0 1 -30899.6 44592.3 8500 138553 300202 -421133 33.3293 -40.3446 30.2854
1010000 FRAC0_S 0 1 -30729.6 44334.2 8500 125017 815840 -981735 188.89 -46.8034 31.2247
1010000 FRAC0_S 0 1 -30488.2 44141.4 8500 92860.2 234577 -348183 21.7956 -40.1699 31.4331
1010000 FRAC0_S 0 1 -30199 44032.6 8500 73174.8 283831 -219256 14.0496 -51.9738 24.9002
1010000 FRAC0_S 0 1 -29890.2 44018.4 8500 75986.2 539499 -199143 31.7253 -62.0154 17.0957
1010000 FRAC0_S 0 1 -29592.3 44100.4 8500 98343.5 570839 -74239.7 30.632 -66.2275 7.46015
1010000 FRAC0_S 0 1 -29334.2 44270.4 8500 98490.5 575734 50945.8 30.7468 -67.0274 -5.31691
1010000 FRAC0_S 0 1 -29141.4 44511.8 8500 120098 594323 207919 38.5104 -61.1466 -15.9062
Step FractureNumber TipNr TipActive TipX TipY TipZ KI KII KIII G Phi Psi Extension
1010101 FRAC0_S 0 1 -28973.1 44790.8 8422.15 492208 100287 589285 68.67 -11.3764 -30.6888
1010101 FRAC0_S 0 1 -28945.6 45120.2 8437.27 318670 23417.7 533687 46.9793 -3.69347 -35.2776
1010101 FRAC0_S 0 1 -29022.8 45444.6 8474.1 165145 355921 -454687 41.2152 -41.7534 29.1812
1010101 FRAC0_S 0 1 -29205.8 45722.8 8526.39 392011 -348462 651657 80.9934 30.6574 -29.2809
1010101 FRAC0_S 0 1 -29473.3 45921.1 8562.96 655083 -489888 566774 102.35 34.3335 -22.2086
1010101 FRAC0_S 0 1 -29787.3 46024.5 8578.99 1.08139e+06 -469080 451717 150.951 28.9575 -15.918
1010101 FRAC0_S 0 1 -30113.6 46029 8586.91 751229 -481329 347561 86.9998 36.1508 -15.5602
1010101 FRAC0_S 0 1 -30432 45945.9 8579.61 597520 -406980 -271672 56.3906 37.5278 15.1092
1010101 FRAC0_S 0 1 -30709.3 45776.7 8568.93 819968 -647206 -562144 139.268 37.5298 19.0746
1010101 FRAC0_S 0 1 -30906.8 45518.4 8577.1 484392 -256491 -548574 66.7949 25.0782 27.2109
1010101 FRAC0_S 0 1 -31022.1 45208.3 8581.59 537845 -71857.2 -762638 103.593 7.13864 33.155
1010101 FRAC0_S 0 1 -31047.3 44881.4 8540.39 449670 -275012 -1.27181e+06 239.886 17.9565 36.2964
1010101 FRAC0_S 0 1 -30964.3 44563.1 8467.36 679397 635438 -845583 172.209 -35.1221 25.4737
1010101 FRAC0_S 0 1 -30781.7 44286.7 8431.24 428850 213078 -812029 108.133 -19.0136 33.2694
1010101 FRAC0_S 0 1 -30522.8 44081.5 8429.83 761200 482338 -696248 136.837 -30.4837 23.7451
1010101 FRAC0_S 0 1 -30213.3 43974.2 8422.41 1.3426e+06 785799 -485726 247.03 -35.7585 13.3537
1010101 FRAC0_S 0 1 -29886.6 43970.9 8413.27 1.76448e+06 857976 -52069.9 343.391 -37.7077 1.50606
1010101 FRAC0_S 0 1 -29576 44063.2 8409.15 1.65287e+06 504369 293553 277.576 -25.8471 -8.86932
1010101 FRAC0_S 0 1 -29306.4 44240.8 8409.19 1.27581e+06 306383 532427 191.112 -18.8148 -17.5471
1010101 FRAC0_S 0 1 -29098.4 44489.5 8413.75 612231 238612 428666 62.9137 -23.6738 -22.4279