
Step FractureNumber TipNr TipActive TipX TipY TipZ KI KII KIII G Phi Psi Extension
1010000 FRAC0_S 0 1 94.8022 646.158 7759.04 5.13793e+06 5.17567e+06 -510975 4774.12 -50.9364 3.60846
1010000 FRAC0_S 0 1 -157.315 763.642 7893.67 4.28048e+06 5.85408e+06 -85143.8 4687.51 -57.2264 0.647554
1010000 FRAC0_S 0 1 -394.033 806.375 8087.66 1.46187e+06 3.1626e+06 215283 1087.88 -61.5938 -3.40431
1010000 FRAC0_S 0 1 -592.18 770.175 8322 126105 4.6003e+06 358524 1904.33 -69.3642 -5.3355
1010000 FRAC0_S 0 1 -732.36 658.584 8573.77 -2.8923e+06 2.88488e+06 -934018 857.651 -47.2459 10.2163
1010000 FRAC0_S 0 1 -800.852 482.527 8818.32 -6.30526e+06 5.1514e+06 -1.15149e+06 2541.06 -45.5153 6.84843
1010000 FRAC0_S 0 1 -790.951 259.237 9031.71 -8.11214e+06 6.65018e+06 -939033 4058.16 -46.7387 4.54682
1010000 FRAC0_S 0 1 -703.626 10.571 9193.05 -1.01046e+07 8.21624e+06 145355 6018.32 -48.4332 -0.611927
1010000 FRAC0_S 0 1 -547.426 -239.13 9286.56 -1.09557e+07 8.52463e+06 1.91054e+06 6961.03 -44.6752 -6.70337
1010000 FRAC0_S 0 1 -337.64 -465.424 9303.07 -1.11082e+07 7.10047e+06 3.76941e+06 6382.36 -37.9236 -12.4069
1010000 FRAC0_S 0 1 -94.8022 -646.158 9240.96 -1.04625e+07 4.85113e+06 5.1963e+06 5688.28 -29.1976 -17.6435
1010000 FRAC0_S 0 1 157.315 -763.642 9106.33 -8.72365e+06 968531 5.33721e+06 3872.2 -8.73125 -23.5376
1010000 FRAC0_S 0 1 372.145 -806.046 8933.9 -7.35579e+06 -2.18092e+06 4.47178e+06 3083.42 20.0993 -21.5364
1010000 FRAC0_S 0 1 592.18 -770.175 8678 -3.73326e+06 -3.02413e+06 2.08397e+06 1392.55 39.6965 -16.5517
1010000 FRAC0_S 0 1 732.36 -658.584 8426.23 -1.68253e+06 -5.12913e+06 -131811 2346.62 65.2205 1.46882
1010000 FRAC0_S 0 1 800.852 -482.527 8181.68 1.40115e+06 -4.68706e+06 -2.70016e+06 3102.24 54.755 20.8498
1010000 FRAC0_S 0 1 789.099 -250.245 7961.14 3.7404e+06 -1.09117e+06 -4.08228e+06 3569.24 16.0889 28.8004
1010000 FRAC0_S 0 1 703.626 -10.571 7806.95 4.99253e+06 2.06897e+06 -3.45689e+06 4191.9 -24.8297 22.0704
1010000 FRAC0_S 0 1 547.426 239.13 7713.44 5.24279e+06 3.32466e+06 -2.81402e+06 4487.5 -34.9226 17.2679
1010000 FRAC0_S 0 1 337.64 465.424 7696.93 8.29923e+06 5.83561e+06 -2.6912e+06 10135.5 -40.1349 11.6313
Step FractureNumber TipNr TipActive TipX TipY TipZ KI KII KIII G Phi Psi Extension
1010101 FRAC0_S 0 1 68.0578 637.122 7663.85 1.01081e+07 -658442 -858633 9241.38 7.70494 5.58104
1010101 FRAC0_S 0 1 -213.034 756.409 7812.1 1.1722e+07 316127 56912.7 12253.5 -3.61135 -0.366295
1010101 FRAC0_S 0 1 -461.996 792.092 8016.79 6.49701e+06 -574663 737662 3863.23 9.92309 -7.07336
1010101 FRAC0_S 0 1 -670.384 754.632 8264.82 2.73135e+06 905300 275532 747.913 -28.6484 -5.32979
1010101 FRAC0_S 0 1 -822.018 651.644 8535.37 1.75278e+06 3.91089e+06 536086 1674.93 -60.4591 -6.49784
1010101 FRAC0_S 0 1 -897.27 473.752 8798.4 -205499 6.10879e+06 -1.28662e+06 3545.52 -67.3024 12.2577
1010101 FRAC0_S 0 1 -886.532 234.848 9025.33 -1.15389e+06 8.21345e+06 -1.66994e+06 6382.33 -65.418 11.046
1010101 FRAC0_S 0 1 -793.091 -31.139 9197.46 -1.13286e+06 1.05974e+07 -794796 10091.6 -68.342 4.81671
1010101 FRAC0_S 0 1 -625.657 -296.821 9302.58 -1.68759e+06 9.15928e+06 508909 7510.1 -67.3811 -3.42929
1010101 FRAC0_S 0 1 -398.002 -537.523 9330.73 -3.19863e+06 9.40197e+06 2.96744e+06 9048.21 -59.0189 -13.6687
1010101 FRAC0_S 0 1 -126.941 -728.254 9279.76 -6.58006e+06 8.53906e+06 5.19126e+06 10081.7 -46.4868 -17.7806
1010101 FRAC0_S 0 1 165.995 -841.759 9156.38 -7.9111e+06 2.71588e+06 5.87309e+06 5244.87 -21.1472 -23.5826
1010101 FRAC0_S 0 1 445.183 -861.867 8967.53 -5.5826e+06 -3.37096e+06 4.84702e+06 4137.24 30.0202 -23.3244
1010101 FRAC0_S 0 1 668.885 -789.825 8730.45 96409.3 -5.17484e+06 2.01554e+06 2927.4 64.1198 -19.0502
1010101 FRAC0_S 0 1 818.347 -647.389 8470.69 2.97915e+06 -1.7573e+06 -1.6285e+06 1418.78 33.3169 17.7964
1010101 FRAC0_S 0 1 891.934 -469.234 8199.34 7.22096e+06 -1.26062e+06 -2.14303e+06 5398.83 15.6257 14.3903
1010101 FRAC0_S 0 1 871.012 -265.411 7935.58 4.98396e+06 144191 -3.45568e+06 3803.58 -2.33197 26.0529
1010101 FRAC0_S 0 1 750.166 -28.7832 7729.47 1.00611e+07 -885790 -4.31095e+06 11561.8 7.89176 19.4038
1010101 FRAC0_S 0 1 560.954 225.929 7617.44 8.73625e+06 1.49891e+06 -3.67559e+06 8798.1 -14.2725 18.3058
1010101 FRAC0_S 0 1 325.503 460.628 7599.63 1.2981e+07 553079 -2.22551e+06 15701.6 -4.82705 10.3568