
Step FractureNumber TipNr TipActive TipX TipY TipZ KI KII KIII G Phi Psi Extension
1010000 FRAC0_S 0 1 15365.1 44082.3 8500 -413346 -1.27289e+06 -752237 219.639 54.0063 20.9216
1010000 FRAC0_S 0 1 15661.6 44265.6 8500 -373983 -927362 -1.00936e+06 212.135 44.9119 27.7751
1010000 FRAC0_S 0 1 15834.9 44472.2 8500 -331939 -354563 -1.05673e+06 159.72 25.5793 35.1564
1010000 FRAC0_S 0 1 15957.1 44756 8500 -302114 124448 -1.0187e+06 139.401 -11.536 38.5836
1010000 FRAC0_S 0 1 15985.6 45063.7 8500 -293676 631600 -1.00624e+06 170.212 -38.2947 31.6786
1010000 FRAC0_S 0 1 15917.7 45365.2 8500 -244477 895109 -718250 140.009 -51.203 25.2229
1010000 FRAC0_S 0 1 15744.4 45649.6 8500 -203650 1.05703e+06 -391274 119.926 -60.9213 16.6234
1010000 FRAC0_S 0 1 15527.8 45834.8 8500 -226126 1.33045e+06 -230661 164.81 -65.4274 9.517
1010000 FRAC0_S 0 1 15244 45957 8500 -150123 989093 33971.2 87.3302 -68.2764 -2.23092
1010000 FRAC0_S 0 1 14936.3 45985.6 8500 -214159 1.49413e+06 406599 220.919 -63.9693 -13.7762
1010000 FRAC0_S 0 1 14634.9 45917.7 8500 -206457 1.05698e+06 525934 136.342 -58.2731 -20.075
1010000 FRAC0_S 0 1 14369.1 45760 8500 -210673 801964 647099 113.003 -51.3034 -25.3945
1010000 FRAC0_S 0 1 14165.1 45527.8 8500 -261006 466635 1.04889e+06 165.727 -31.9437 -34.5489
1010000 FRAC0_S 0 1 14042.9 45244 8500 -282588 32516.6 1.00413e+06 134.195 -3.4082 -40.2511
1010000 FRAC0_S 0 1 14014.4 44936.3 8500 -324878 -528867 1.03324e+06 166.913 33.7393 -32.8156
1010000 FRAC0_S 0 1 14082.3 44634.8 8500 -416355 -1.14984e+06 1.02409e+06 257.301 48.353 -25.6798
1010000 FRAC0_S 0 1 14240 44369.1 8500 -396242 -1.46481e+06 665764 250.152 57.6347 -18.2605
1010000 FRAC0_S 0 1 14472.2 44165.2 8500 -415051 -1.71316e+06 314542 274.688 63.7555 -9.49655
1010000 FRAC0_S 0 1 14756 44043 8500 -357645 -1.38382e+06 -65480 171.213 66.1617 2.78322
1010000 FRAC0_S 0 1 15063.7 44014.4 8500 -385741 -1.5412e+06 -471495 241.229 61.0578 14.0583
Step FractureNumber TipNr TipActive TipX TipY TipZ KI KII KIII G Phi Psi Extension
1010101 FRAC0_S 0 1 15388.2 44029.3 8579.99 965483 -814637 -570876 185.545 40.1063 16.9944
1010101 FRAC0_S 0 1 15678 44187.1 8566.32 643652 -790019 -893709 198.763 39.4568 25.0858
1010101 FRAC0_S 0 1 15908 44428.4 8534.24 234419 -439514 -1.06564e+06 173.145 30.9034 35.3981
1010101 FRAC0_S 0 1 16035.1 44699.2 8490.71 112827 201374 -1.03633e+06 147.588 -19.3187 40.4221
1010101 FRAC0_S 0 1 16063.1 45066 8444.54 514016 666490 -845115 158.119 -38.486 26.7984
1010101 FRAC0_S 0 1 15975.7 45385.8 8423.69 903096 702580 -487365 148.254 -39.107 16.3731
1010101 FRAC0_S 0 1 15798.7 45661 8414.08 1.4313e+06 635949 -208876 224.395 -33.6515 6.88
1010101 FRAC0_S 0 1 15550.5 45869.2 8409.46 1.34795e+06 570559 -95859.9 192.142 -34.0383 3.63713
1010101 FRAC0_S 0 1 15253.4 45994.8 8408.35 1.13654e+06 402162 -11855.8 129.535 -31.6024 0.59447
1010101 FRAC0_S 0 1 14932.3 46028.7 8410.58 1.12224e+06 497101 247478 142.393 -32.316 -9.76024
1010101 FRAC0_S 0 1 14614.4 45965.1 8415.49 1.1585e+06 716166 510320 199.937 -35.7275 -15.1789
1010101 FRAC0_S 0 1 14326.4 45807.5 8426.49 710124 614516 648048 134.442 -36.8189 -22.0625
1010101 FRAC0_S 0 1 14095.1 45568.6 8452.55 307500 647939 973788 171.956 -39.1237 -30.9633
1010101 FRAC0_S 0 1 13955.9 45266.3 8497.69 70477.2 -51433.4 1.06053e+06 150.265 5.95725 -43.412
1010101 FRAC0_S 0 1 13933.2 44933.6 8544.96 393431 -697722 995878 189.079 38.9803 -29.7057
1010101 FRAC0_S 0 1 14020.4 44612.7 8572.36 888415 -889560 703342 206.641 41.1937 -19.4581
1010101 FRAC0_S 0 1 14198.1 44336.6 8583.34 1.38347e+06 -977819 469748 285.105 40.0042 -12.0338
1010101 FRAC0_S 0 1 14447.6 44128.2 8588.83 1.32635e+06 -738978 123551 207.455 39.2863 -4.29755
1010101 FRAC0_S 0 1 14745.9 44001.9 8590.03 1.54093e+06 -886735 -94111.2 282.833 40.5732 2.86496
1010101 FRAC0_S 0 1 15068.3 43966.8 8586.85 854830 -512162 -155297 91.6977 39.1783 7.61376