
Step FractureNumber TipNr TipActive TipX TipY TipZ KI KII KIII G Phi Psi Extension
1010000 FRAC0_S 0 1 -14718.8 -44053.2 8500 -489481 -2.13306e+06 -34522.6 405.603 67.2775 1.00787
1010000 FRAC0_S 0 1 -15025.1 -44012.6 8500 -497203 -2.13314e+06 -541558 444.484 62.4926 12.3554
1010000 FRAC0_S 0 1 -15329 -44068.7 8500 -480247 -1.82123e+06 -1.00172e+06 429.024 55.9102 20.6192
1010000 FRAC0_S 0 1 -15600.7 -44216 8500 -412747 -1.07461e+06 -1.12464e+06 271.123 45.7496 27.4664
1010000 FRAC0_S 0 1 -15813.6 -44439.9 8500 -438078 -551378 -1.40527e+06 289.736 28.5236 34.4081
1010000 FRAC0_S 0 1 -15946.8 -44718.8 8500 -416164 84554.8 -1.42226e+06 269.673 -6.02056 39.6379
1010000 FRAC0_S 0 1 -15987.3 -45025.1 8500 -353496 701320 -1.2257e+06 243.639 -36.4337 32.3896
1010000 FRAC0_S 0 1 -15931.3 -45329 8500 -320235 1.18158e+06 -1.00435e+06 258.569 -50.4457 25.9589
1010000 FRAC0_S 0 1 -15784.1 -45600.7 8500 -209841 1.09521e+06 -499169 140.025 -59.19 19.0541
1010000 FRAC0_S 0 1 -15560.1 -45813.6 8500 -193555 1.70826e+06 -292361 271.404 -66.567 9.80717
1010000 FRAC0_S 0 1 -15281.2 -45946.8 8500 -290300 1.8509e+06 34780.3 305.438 -68.4377 -1.2383
1010000 FRAC0_S 0 1 -14974.9 -45987.4 8500 -269875 1.65654e+06 390019 264.76 -64.3192 -12.1974
1010000 FRAC0_S 0 1 -14671 -45931.3 8500 -325118 1.62632e+06 790388 318.775 -58.4132 -19.7428
1010000 FRAC0_S 0 1 -14399.3 -45784 8500 -322512 1.0685e+06 920956 214.542 -49.751 -25.8344
1010000 FRAC0_S 0 1 -14186.4 -45560.1 8500 -296697 498603 1.04454e+06 167.266 -32.7994 -33.6467
1010000 FRAC0_S 0 1 -14053.2 -45281.2 8500 -395162 35223.4 1.38274e+06 254.402 -2.69335 -40.2921
1010000 FRAC0_S 0 1 -14012.7 -44974.9 8500 -413648 -624367 1.37371e+06 285.718 31.5528 -33.722
1010000 FRAC0_S 0 1 -14068.7 -44671 8500 -523911 -1.32994e+06 1.25163e+06 365.966 47.1176 -26.0765
1010000 FRAC0_S 0 1 -14215.9 -44399.3 8500 -445540 -1.58664e+06 793129 307.993 56.5453 -19.2958
1010000 FRAC0_S 0 1 -14439.9 -44186.4 8500 -464786 -1.83356e+06 378579 318.646 63.0521 -10.371
Step FractureNumber TipNr TipActive TipX TipY TipZ KI KII KIII G Phi Psi Extension
1010101 FRAC0_S 0 1 -14707.2 -44013.8 8590.58 1.27287e+06 -557388 -147232 174.943 33.8999 5.6245
1010101 FRAC0_S 0 1 -15027.6 -43967.1 8588.11 1.41353e+06 -608601 -328300 225.389 31.5572 10.2509
1010101 FRAC0_S 0 1 -15349.3 -44016.9 8581.49 1.12715e+06 -732885 -577714 205.463 35.7627 16.6316
1010101 FRAC0_S 0 1 -15644.7 -44162.6 8568.46 678207 -789726 -828698 187.899 39.8639 23.8483
1010101 FRAC0_S 0 1 -15884.2 -44394.1 8539.16 99178.9 -367158 -768623 91.4629 35.4352 35.7631
1010101 FRAC0_S 0 1 -16032.6 -44692.7 8491.84 141415 175074 -1.30446e+06 230.829 -14.3044 41.399
1010101 FRAC0_S 0 1 -16066.4 -45024.3 8448.4 429351 645360 -969611 178.58 -37.2198 29.5715
1010101 FRAC0_S 0 1 -15991.5 -45347.9 8425.13 777589 710040 -659829 156.71 -38.6372 20.8508
1010101 FRAC0_S 0 1 -15825 -45629.8 8414.84 1.35916e+06 644349 -472537 231.31 -31.6921 13.6839
1010101 FRAC0_S 0 1 -15584.1 -45846.5 8409.4 1.32053e+06 524115 -36653.9 180.047 -33.5699 1.50717
1010101 FRAC0_S 0 1 -15291.8 -45983.5 8408.03 898189 308451 54178.8 80.7574 -30.0606 -3.29081
1010101 FRAC0_S 0 1 -14972.5 -46030.1 8410.39 931548 451828 244914 103.497 -33.4581 -10.9856
1010101 FRAC0_S 0 1 -14652.1 -45979.6 8415.8 1.11224e+06 705629 566947 197.356 -35.2954 -16.678
1010101 FRAC0_S 0 1 -14358 -45834 8427 675758 621013 713993 142.859 -36.5612 -23.5358
1010101 FRAC0_S 0 1 -14121.9 -45608.9 8451.99 309540 475811 1.04046e+06 172.691 -31.7305 -33.7327
1010101 FRAC0_S 0 1 -13966.7 -45306.8 8497.19 28372.9 -62520.9 1.06086e+06 150.103 7.39335 -43.8475
1010101 FRAC0_S 0 1 -13930.1 -44975.3 8543.3 253599 -827104 1.21366e+06 262.595 41.3723 -32.0261
1010101 FRAC0_S 0 1 -14004.4 -44650.8 8570.57 813720 -896690 841024 224.726 40.5564 -22.1254
1010101 FRAC0_S 0 1 -14171.7 -44367.6 8582.32 1.14445e+06 -875400 468056 214.139 40.5942 -13.5063
1010101 FRAC0_S 0 1 -14413.5 -44150.1 8588.49 1.39412e+06 -904807 160185 249.556 42.0351 -4.94085