
Step FractureNumber TipNr TipActive TipX TipY TipZ KI KII KIII G Phi Psi Extension
1010000 FRAC0_S 0 1 29290.4 15686.6 8522.98 1.6531e+07 -3.6824e+06 3.085e+06 26825.5 20.3789 -9.74959
1010000 FRAC0_S 0 1 29206.7 15522.3 8770.95 -7.40488e+06 -1.35448e+06 6.45085e+06 5698.08 11.912 -27.1451
1010000 FRAC0_S 0 1 29200.7 15306.9 8992.41 -1.00435e+07 -358444 4.92033e+06 3231.34 3.2368 -21.6446
1010000 FRAC0_S 0 1 29273 15061.5 9165.67 -1.12924e+07 -153127 4.28519e+06 2444.35 1.35616 -18.7991
1010000 FRAC0_S 0 1 29416.4 14810 9273.77 -1.25662e+07 -550839 4.5064e+06 2727.95 4.30747 -17.7873
1010000 FRAC0_S 0 1 29616.9 14577.1 9306.12 -1.35407e+07 -2.39915e+06 4.3313e+06 3008.02 15.5889 -15.1595
1010000 FRAC0_S 0 1 29854.8 14385.5 9259.56 -1.02798e+07 -2.59236e+06 3.26549e+06 2017.09 20.6833 -14.4322
1010000 FRAC0_S 0 1 30107.1 14254.2 9138.66 -1.24957e+07 -9.28443e+06 -785166 7763.33 45.7524 2.67408
1010000 FRAC0_S 0 1 30347.4 14196 8956.52 -9.79754e+06 -6.88543e+06 -665310 4283.5 44.5384 2.94278
1010000 FRAC0_S 0 1 30556.5 14216.3 8727.25 -6.99058e+06 -5.72623e+06 -3.84671e+06 4889.91 40.0336 16.3348
1010000 FRAC0_S 0 1 30709.6 14313.4 8477.02 -4.02496e+06 -1.90581e+06 -6.8071e+06 6486.42 19.3795 32.2589
1010000 FRAC0_S 0 1 30793.3 14477.7 8229.05 -1.35913e+06 4.18384e+06 -8.88414e+06 12057.2 -34.7128 35.5183
1010000 FRAC0_S 0 1 30799.3 14693.1 8007.59 2.36666e+06 1.10126e+07 -8.55013e+06 21029.1 -52.6526 25.3951
1010000 FRAC0_S 0 1 30727 14938.5 7834.33 5.88122e+06 1.55636e+07 -4.93404e+06 27904.7 -58.2331 13.435
1010000 FRAC0_S 0 1 30583.6 15190 7726.23 7.58601e+06 1.81753e+07 -886327 34669.1 -62.924 2.55785
1010000 FRAC0_S 0 1 30389.5 15416.8 7693.67 8.92827e+06 1.99162e+07 3.76651e+06 44336 -59.3923 -8.56865
1010000 FRAC0_S 0 1 30145.2 15614.5 7740.44 7.15558e+06 1.56953e+07 6.79958e+06 32663.3 -54.4938 -16.1519
1010000 FRAC0_S 0 1 29892.9 15745.8 7861.34 4.26477e+06 8.03554e+06 6.74599e+06 13427.2 -46.6056 -23.4869
1010000 FRAC0_S 0 1 29651.1 15804.1 8044.77 2.26539e+06 6.90564e+06 9.51671e+06 16752.3 -42.1753 -31.1634
1010000 FRAC0_S 0 1 29443.5 15783.7 8272.75 -2.14562e+07 7.46478e+06 5.17961e+06 8533.65 -27.2923 -11.0862
Step FractureNumber TipNr TipActive TipX TipY TipZ KI KII KIII G Phi Psi Extension
1010101 FRAC0_S 0 1 29231 15756.2 8532.08 -2.5842e+06 100905 7.54098e+06 7564.13 -1.37462 -39.5739
1010101 FRAC0_S 0 1 29142.2 15584 8809.17 -6.75129e+06 -79748.1 2.787e+06 1033.63 1.156 -19.831
1010101 FRAC0_S 0 1 29127.2 15341.9 9045.81 -1.01255e+07 -220971 4.48502e+06 2679.7 2.0703 -20.5694
1010101 FRAC0_S 0 1 29203.8 15070.1 9233.91 -1.16297e+07 395701 4.67685e+06 2923.05 -3.27753 -19.2536
1010101 FRAC0_S 0 1 29365.5 14797.9 9355.71 -1.35295e+07 -2.79342e+06 6.06641e+06 5589.93 16.3776 -18.7115
1010101 FRAC0_S 0 1 29593.9 14551 9396.88 -1.23007e+07 -4.70002e+06 5.90158e+06 6600.67 25.7827 -17.9082
1010101 FRAC0_S 0 1 29865 14357.4 9350.88 -1.3841e+07 -2.81451e+06 1.02541e+07 14690.5 13.877 -24.9307
1010101 FRAC0_S 0 1 30149.7 14234.8 9223.32 -4.74481e+06 -1.13227e+07 5.0832e+06 14860.8 54.886 -16.8398
1010101 FRAC0_S 0 1 30414 14178.4 9027.21 -1.13088e+06 -1.12755e+07 473885 11359.1 68.9134 -2.82506
1010101 FRAC0_S 0 1 30634.8 14188.5 8777.2 -329426 -8.98699e+06 -5.3132e+06 10951.7 59.5866 23.9754
1010101 FRAC0_S 0 1 30781.4 14265.2 8485.34 -2.18317e+06 -494181 -1.7548e+07 40977 3.37893 42.8332
1010101 FRAC0_S 0 1 30832.4 14411.7 8186.54 -3.161e+06 146202 -3.57509e+06 1701.81 -2.94247 31.6133
1010101 FRAC0_S 0 1 30806.6 14628.5 7934.52 1.30665e+07 4.12142e+06 -7.21492e+06 23651.1 -21.648 20.1767
1010101 FRAC0_S 0 1 30716.6 14885.5 7751.25 2.60769e+07 3.86483e+06 -5.15554e+06 65461.5 -14.5677 10.7456
1010101 FRAC0_S 0 1 30561.4 15148.7 7638.75 2.17989e+07 -269250 202785 42356.3 1.68234 -0.707483
1010101 FRAC0_S 0 1 30352.5 15395.6 7603.58 2.11896e+07 -1.77588e+06 3.93415e+06 42349.8 8.93754 -10.7019
1010101 FRAC0_S 0 1 30106.1 15604.5 7650.2 1.37028e+07 225237 4.69508e+06 19668.3 -1.68298 -17.5671
1010101 FRAC0_S 0 1 29842.3 15753.4 7777.01 1.55395e+07 1.84175e+06 9.65342e+06 34214.2 -9.2127 -23.6443
1010101 FRAC0_S 0 1 29587.2 15828.4 7974.99 7.57164e+06 885936 8.21197e+06 14147.6 -7.24286 -30.4167
1010101 FRAC0_S 0 1 29377.2 15832.5 8236.63 4.87818e+06 2.19306e+06 1.00521e+07 15988.2 -16.7821 -34.4169