
Step FractureNumber TipNr TipActive TipX TipY TipZ KI KII KIII G Phi Psi Extension
1010000 FRAC0_S 0 1 22311.1 -36530.4 8500 1.23183e+06 6.00652e+06 -1.4523e+06 3630.67 -63.3227 12.1131
1010000 FRAC0_S 0 1 22006.5 -36644.5 8500 1.67397e+06 6.40819e+06 -46318.6 3909.29 -66.8647 0.443396
1010000 FRAC0_S 0 1 21766.3 -36838.9 8500 1.77193e+06 4.70924e+06 988860 2386.02 -60.4386 -9.74712
1010000 FRAC0_S 0 1 21597.9 -37097.9 8500 1.667e+06 5.40853e+06 2.70844e+06 3829.93 -56.0005 -19.0634
1010000 FRAC0_S 0 1 21517.8 -37396.4 8500 1.52844e+06 3.36221e+06 3.28076e+06 2647.04 -45.7535 -25.9969
1010000 FRAC0_S 0 1 21533.9 -37705 8500 1.49116e+06 1.44181e+06 3.24168e+06 1781.02 -28.8739 -31.8543
1010000 FRAC0_S 0 1 21644.4 -37993.5 8500 1.5098e+06 29118.6 4.36191e+06 2733.7 -0.689148 -39.626
1010000 FRAC0_S 0 1 21838.8 -38233.8 8500 1.16024e+06 -1.56165e+06 2.97025e+06 1510.65 33.1405 -31.716
1010000 FRAC0_S 0 1 22097.9 -38402.1 8500 1.00037e+06 -2.54257e+06 2.32202e+06 1382.35 47.5369 -25.7086
1010000 FRAC0_S 0 1 22396.4 -38482.2 8500 1.15183e+06 -3.86677e+06 1.95421e+06 1958.51 56.1102 -19.2684
1010000 FRAC0_S 0 1 22705 -38466.1 8500 1.09527e+06 -4.94543e+06 1.15397e+06 2463.39 63.1586 -11.6617
1010000 FRAC0_S 0 1 22993.5 -38355.5 8500 1.36602e+06 -5.43011e+06 71703.9 2794.47 66.9323 -0.810766
1010000 FRAC0_S 0 1 23233.7 -38161.1 8500 801230 -4.6444e+06 -1.02684e+06 2119.59 64.416 11.5439
1010000 FRAC0_S 0 1 23402.1 -37902.1 8500 1.30669e+06 -4.47885e+06 -2.11011e+06 2531.9 56.8912 18.4886
1010000 FRAC0_S 0 1 23482.2 -37603.6 8500 1.20303e+06 -3.12643e+06 -2.71406e+06 1979.67 48.3506 25.1558
1010000 FRAC0_S 0 1 23466.1 -37295 8500 1.1781e+06 -1.91001e+06 -3.41379e+06 1998.74 35.0859 31.8563
1010000 FRAC0_S 0 1 23355.6 -37006.5 8500 1.33719e+06 -244135 -3.72479e+06 2009.9 6.29323 38.4928
1010000 FRAC0_S 0 1 23161.2 -36766.2 8500 1.24834e+06 1.30727e+06 -3.18951e+06 1644.15 -28.2318 33.1322
1010000 FRAC0_S 0 1 22902.1 -36597.9 8500 1.45929e+06 3.50405e+06 -3.72343e+06 3127.79 -45.0829 27.3704
1010000 FRAC0_S 0 1 22603.6 -36517.8 8500 1.30635e+06 3.94091e+06 -2.13881e+06 2144.43 -54.7704 19.8196
Step FractureNumber TipNr TipActive TipX TipY TipZ KI KII KIII G Phi Psi Extension
1010101 FRAC0_S 0 1 22286.9 -36489 8411.91 8.18382e+06 1.34022e+06 -1.39821e+06 6388.2 -16.1248 9.44435
1010101 FRAC0_S 0 1 21985.1 -36608.2 8409.93 9.46783e+06 1.26058e+06 -3890.61 8129.41 -15.4782 0.0282718
1010101 FRAC0_S 0 1 21730.2 -36808.1 8412.79 1.01607e+07 1.76528e+06 2.27921e+06 10168.3 -16.3167 -11.6655
1010101 FRAC0_S 0 1 21545.8 -37076.5 8418.89 6.87838e+06 1.54214e+06 2.74619e+06 5430.92 -17.9992 -17.1864
1010101 FRAC0_S 0 1 21448.9 -37391.6 8431.39 3.86803e+06 883509 2.64087e+06 2330.36 -15.7323 -23.6533
1010101 FRAC0_S 0 1 21452 -37724.7 8457.65 3.41554e+06 747275 4.1841e+06 3417.7 -11.9727 -30.8073
1010101 FRAC0_S 0 1 21565.8 -38038.6 8500.99 3.27197e+06 -358563 4.6716e+06 3868.02 5.91592 -33.4417
1010101 FRAC0_S 0 1 21782.3 -38292.8 8545.48 3.37392e+06 -1.03459e+06 3.80345e+06 3033.77 16.527 -29.0474
1010101 FRAC0_S 0 1 22068.8 -38462.4 8571.3 4.09473e+06 -1.33435e+06 2.90489e+06 2775.06 20.6209 -23.1784
1010101 FRAC0_S 0 1 22389 -38536.4 8582.25 3.54817e+06 -928925 1.31114e+06 1427.38 20.665 -15.9752
1010101 FRAC0_S 0 1 22713.1 -38510.6 8588.37 5.72891e+06 -1.28839e+06 804758 3158.68 21.1606 -7.67558
1010101 FRAC0_S 0 1 23013.7 -38390.8 8590.86 7.05333e+06 -1.49016e+06 -85184.1 4632.01 22.0901 0.766816
1010101 FRAC0_S 0 1 23267.2 -38189.6 8589.04 5.87826e+06 -1.29538e+06 -885591 3332.94 20.6941 8.17258
1010101 FRAC0_S 0 1 23451.7 -37922.1 8583.11 5.00102e+06 -1.25706e+06 -2.02425e+06 2914.45 19.6362 17.0925
1010101 FRAC0_S 0 1 23547.8 -37608.4 8572.67 4.33521e+06 -1.27338e+06 -2.92232e+06 2955.04 19.3377 22.847
1010101 FRAC0_S 0 1 23544.2 -37275.8 8550.16 3.18628e+06 -1.06002e+06 -3.85775e+06 2984.15 17.1146 29.6523
1010101 FRAC0_S 0 1 23433.3 -36961 8508.02 2.78224e+06 -62126.9 -4.21751e+06 3055.85 1.22623 34.8131
1010101 FRAC0_S 0 1 23219.3 -36705 8461.38 3.09751e+06 1.05829e+06 -4.02724e+06 3111.86 -16.9351 30.3945
1010101 FRAC0_S 0 1 22932.7 -36534.9 8432.35 5.15771e+06 1.51472e+06 -3.84622e+06 4542.47 -18.7089 24.109
1010101 FRAC0_S 0 1 22611.5 -36461.9 8419.12 6.63947e+06 1.37824e+06 -2.64336e+06 5026.78 -16.929 17.311