
Step FractureNumber TipNr TipActive TipX TipY TipZ KI KII KIII G Phi Psi Extension
1010000 FRAC0_S 0 1 -14307.7 15012.1 7795.63 -5.25567e+06 -986929 2.74299e+06 1087.49 14.5324 -20.7355
1010000 FRAC0_S 0 1 -14469.4 15260.6 7708.75 -6.89955e+06 -2.69951e+06 3.26942e+06 2071.03 26.2883 -17.6869
1010000 FRAC0_S 0 1 -14683.1 15483.7 7699.32 -6.58558e+06 -4.04831e+06 2.25814e+06 2138.6 37.0599 -12.6499
1010000 FRAC0_S 0 1 -14927.7 15659.4 7768.28 -5.30115e+06 -3.63365e+06 720244 1245.55 42.7741 -5.63498
1010000 FRAC0_S 0 1 -15179.4 15770.6 7908.85 -3.36635e+06 -3.45536e+06 1.11156e+06 1228.26 47.698 -10.281
1010000 FRAC0_S 0 1 -15413.6 15806.3 8107.29 23824.4 474909 -928380 134.78 -38.8368 36.7761
1010000 FRAC0_S 0 1 -15607.4 15763.2 8344.17 2.20952e+06 -2.99707e+06 2.22184e+06 1892.02 45.0897 -20.3776
1010000 FRAC0_S 0 1 -15741.6 15645.2 8596.31 5.35799e+06 -4.16096e+06 3.0307e+06 5322.62 38.7231 -16.9122
1010000 FRAC0_S 0 1 -15803.2 15464.2 8839.02 9.29076e+06 -6.37644e+06 3.43052e+06 12880.1 38.9403 -12.9463
1010000 FRAC0_S 0 1 -15786.2 15237.7 9048.54 1.16173e+07 -9.19211e+06 2.99095e+06 20745.6 43.6289 -9.28096
1010000 FRAC0_S 0 1 -15692.3 14987.9 9204.37 1.05929e+07 -8.67152e+06 1.25189e+06 16908.1 46.6678 -4.63663
1010000 FRAC0_S 0 1 -15530.6 14739.4 9291.25 1.32706e+07 -1.08794e+07 -755425 26316.1 47.7988 2.33552
1010000 FRAC0_S 0 1 -15316.9 14516.3 9300.68 1.22787e+07 -8.73e+06 -2.77097e+06 21247.3 41.9625 8.64102
1010000 FRAC0_S 0 1 -15072.3 14340.6 9231.72 1.24584e+07 -6.66098e+06 -4.89173e+06 20967.1 33.4507 14.5211
1010000 FRAC0_S 0 1 -14820.6 14229.4 9091.15 1.20923e+07 -4.20596e+06 -6.69186e+06 20562.2 23.2696 19.908
1010000 FRAC0_S 0 1 -14586.4 14193.7 8892.71 9.70911e+06 236130 -6.15938e+06 13450.8 -2.03767 25.0048
1010000 FRAC0_S 0 1 -14392.6 14236.8 8655.83 -1.07357e+07 3.25041e+07 -2.39108e+07 170185 -51.3655 23.5899
1010000 FRAC0_S 0 1 -14258.4 14354.8 8403.69 3.07651e+06 5.16667e+06 -1.64737e+06 3583.11 -54.0319 12.0762
1010000 FRAC0_S 0 1 -14196.8 14535.8 8160.98 -384562 4.56164e+06 828249 1945.49 -66.9121 -10.5089
1010000 FRAC0_S 0 1 -14213.8 14762.3 7951.46 -3.35638e+06 2.77237e+06 2.80367e+06 1730.36 -36.7089 -21.2312
Step FractureNumber TipNr TipActive TipX TipY TipZ KI KII KIII G Phi Psi Extension
1010101 FRAC0_S 0 1 -14240.8 15018.8 7737.03 -3.57017e+07 2.39841e+07 -9.644e+06 63629.2 -40.0546 10.2115
1010101 FRAC0_S 0 1 -14396.9 15307.7 7664.51 -5.5015e+06 -4.43214e+06 4.52585e+06 4474.75 36.3361 -21.1811
1010101 FRAC0_S 0 1 -14623.3 15555 7669.03 -2.46976e+06 -6.42191e+06 2.10887e+06 4266.47 57.8733 -13.7403
1010101 FRAC0_S 0 1 -14882.7 15745.8 7753.82 -1.03372e+06 -5.55081e+06 1.04055e+06 2889.62 64.8199 -10.0297
1010101 FRAC0_S 0 1 -15170.3 15847.1 7889.47 -1.5518e+06 -4.41105e+06 792294 1817.33 61.5709 -8.69446
1010101 FRAC0_S 0 1 -15441.1 15867.7 8081.75 -396171 -2.83762e+06 1.65939e+06 1083.75 57.6468 -22.6565
1010101 FRAC0_S 0 1 -15631.4 15839.5 8353.19 4.452e+06 -1.49905e+06 1.84701e+06 2420.15 24.326 -16.6233
1010101 FRAC0_S 0 1 -15760.2 15730.8 8641.36 8.13688e+06 419992 3.19033e+06 7269.28 -4.91587 -18.7494
1010101 FRAC0_S 0 1 -15826.7 15536.7 8901.45 1.65686e+07 2.37327e+06 65561.7 24964.8 -16.3891 -0.26865
1010101 FRAC0_S 0 1 -15803.4 15294.8 9127.03 1.66781e+07 1.69664e+06 2.84549e+06 26120 -10.7461 -9.86591
1010101 FRAC0_S 0 1 -15698.1 15029 9293.98 2.046e+07 2.45701e+06 1.28431e+06 38059.8 -13.4918 -4.04636
1010101 FRAC0_S 0 1 -15525.1 14762.7 9386.99 2.43288e+07 -1.78777e+07 9.38169e+06 92929.9 40.1099 -13.0935
1010101 FRAC0_S 0 1 -15301.5 14517.6 9397.67 2.01266e+07 1.61331e+07 1.31352e+07 82236.8 -38.2587 -18.4083
1010101 FRAC0_S 0 1 -15045.8 14316.9 9322.71 2.01914e+07 338186 -5.05235e+06 39734.5 -1.83853 14.1176
1010101 FRAC0_S 0 1 -14784.4 14178.1 9162.87 1.80276e+07 -2.82987e+06 -4.78821e+06 32723.1 14.596 13.4127
1010101 FRAC0_S 0 1 -14558.3 14116.3 8922.19 1.27837e+07 -1.49617e+06 -5.49096e+06 18772.1 10.1937 19.1175
1010101 FRAC0_S 0 1 -14386.8 14148 8634.51 8.94276e+06 -1.72652e+06 -3.58112e+06 9097.66 15.9343 17.5174
1010101 FRAC0_S 0 1 -14266.7 14271 8352.01 3.86115e+06 -1.96306e+06 -2.16698e+06 2296.43 30.1672 18.7248
1010101 FRAC0_S 0 1 -14200.7 14465.3 8094.83 2.99011e+06 2.41347e+06 883362 1419.54 -43.4283 -10.3081
1010101 FRAC0_S 0 1 -14183.9 14721.5 7881.67 7.76578e+06 9.48766e+06 1.20641e+07 32752.6 -37.9754 -26.509