
Step FractureNumber TipNr TipActive TipX TipY TipZ KI KII KIII G Phi Psi Extension
1010000 FRAC0_S 0 1 15665.1 44272.3 8562.57 3.76637e+06 -2.87368e+06 -3.02614e+06 3217.9 35.4341 21.1847
1010000 FRAC0_S 0 1 15770.1 44407.5 8322.53 3.32728e+06 -1.24112e+06 -3.16041e+06 2452.21 20.6766 26.3773
1010000 FRAC0_S 0 1 15806.4 44605.5 8088.12 3.14272e+06 304857 -3.15802e+06 2214.82 -6.31209 29.7479
1010000 FRAC0_S 0 1 15763.8 44842.2 7894.03 2.38042e+06 1.5495e+06 -2.29312e+06 1418.25 -30.5193 24.2613
1010000 FRAC0_S 0 1 15646.5 45094.3 7759.26 2.9863e+06 2.85487e+06 -2.35803e+06 2260.48 -40.26 19.7028
1010000 FRAC0_S 0 1 15446.6 45358.5 7694.82 1.64536e+06 3.15532e+06 -1.1794e+06 1313.42 -54.3812 14.0997
1010000 FRAC0_S 0 1 15239.6 45547.1 7713.33 2.92969e+06 4.13312e+06 -774210 2366.8 -54.3644 7.38347
1010000 FRAC0_S 0 1 14990 45703.3 7806.67 3.16883e+06 4.60035e+06 180090 2784.96 -57.5762 -1.75014
1010000 FRAC0_S 0 1 14741.3 45790.8 7967.88 3.21937e+06 4.25438e+06 1.04548e+06 2681.81 -52.457 -9.07517
1010000 FRAC0_S 0 1 14517.9 45800.9 8181.18 3.15373e+06 3.56301e+06 1.84586e+06 2470.7 -46.1353 -15.2811
1010000 FRAC0_S 0 1 14341.7 45732.6 8425.69 3.36469e+06 2.68312e+06 2.6202e+06 2563.45 -36.6288 -20.5627
1010000 FRAC0_S 0 1 14229.9 45592.5 8677.47 3.63665e+06 1.47933e+06 3.20008e+06 2735.5 -22.6893 -25.1284
1010000 FRAC0_S 0 1 14193.6 45394.5 8911.88 2.91133e+06 -48640.6 2.68572e+06 1714.84 1.20098 -29.6375
1010000 FRAC0_S 0 1 14236.2 45157.8 9105.97 4.28391e+06 -1.57739e+06 3.59679e+06 3577.67 21.4017 -24.89
1010000 FRAC0_S 0 1 14353.5 44905.7 9240.74 4.26325e+06 -3.40367e+06 3.24631e+06 4053.56 36.8548 -20.2823
1010000 FRAC0_S 0 1 14534.1 44662.8 9303.01 4.07127e+06 -4.47488e+06 2.17923e+06 3893.03 46.226 -14.486
1010000 FRAC0_S 0 1 14760.4 44452.9 9286.67 4.50309e+06 -5.87052e+06 1.23469e+06 5080.71 52.8979 -7.92296
1010000 FRAC0_S 0 1 15010 44296.7 9193.33 4.28247e+06 -6.08179e+06 -39406.2 4930.46 57.9199 0.294969
1010000 FRAC0_S 0 1 15258.7 44209.2 9032.12 3.90185e+06 -5.07793e+06 -1.20336e+06 3846.98 52.4061 8.75656
1010000 FRAC0_S 0 1 15482.1 44199.1 8818.82 4.15453e+06 -3.99669e+06 -1.9704e+06 3477.81 44.367 13.9338
Step FractureNumber TipNr TipActive TipX TipY TipZ KI KII KIII G Phi Psi Extension
1010101 FRAC0_S 0 1 15744.3 44240.6 8610.87 5.84829e+06 -240899 -2.52328e+06 3899.75 3.86117 20.0198
1010101 FRAC0_S 0 1 15857.3 44371.4 8322.28 4.68033e+06 -421253 -3.32725e+06 3440.2 6.82202 25.648
1010101 FRAC0_S 0 1 15876.4 44562.8 8044.58 4.316e+06 -206698 -3.31981e+06 3129.55 3.64123 27.1049
1010101 FRAC0_S 0 1 15804.3 44801.6 7817.36 4.33748e+06 115842 -2.93275e+06 2821.63 -2.17852 25.7683
1010101 FRAC0_S 0 1 15657.3 45061.7 7667.86 4.87079e+06 163626 -2.36815e+06 2862.37 -3.06035 21.5756
1010101 FRAC0_S 0 1 15451.1 45312.4 7602.88 5.83921e+06 376645 -1.70957e+06 3439.68 -6.49522 15.2897
1010101 FRAC0_S 0 1 15206.1 45530.3 7621.5 5.8424e+06 14005.4 -964689 3165.44 -0.287159 10.3713
1010101 FRAC0_S 0 1 14941.7 45695.2 7720.49 6.04243e+06 95306.4 -56689.3 3254.73 -2.13745 0.711065
1010101 FRAC0_S 0 1 14679.2 45793.4 7890.98 6.77609e+06 231670 1.1896e+06 4284.52 -3.90071 -10.6244
1010101 FRAC0_S 0 1 14442.7 45815.2 8119.4 4.42138e+06 370495 1.46201e+06 2038.49 -8.04826 -16.4311
1010101 FRAC0_S 0 1 14255.3 45757.1 8388.02 5.45503e+06 522899 2.75633e+06 3686.5 -8.13057 -21.3286
1010101 FRAC0_S 0 1 14140.8 45625.7 8675.23 4.99703e+06 279832 3.32008e+06 3698.13 -4.48287 -25.2013
1010101 FRAC0_S 0 1 14117.1 45432.3 8951.46 3.51941e+06 135147 2.56574e+06 1980.9 -3.0087 -26.5588
1010101 FRAC0_S 0 1 14186.1 45192.8 9179.45 5.57952e+06 50370.4 3.85047e+06 4746.18 -0.741863 -26.2362
1010101 FRAC0_S 0 1 14334.1 44932.7 9332.09 6.14036e+06 -111805 3.04965e+06 4597.87 1.67264 -22.0256
1010101 FRAC0_S 0 1 14542.1 44681.8 9399.16 7.06447e+06 -577704 2.31825e+06 5191.7 7.88452 -16.3665
1010101 FRAC0_S 0 1 14790.7 44466.6 9379.76 7.80513e+06 415171 1.44872e+06 5723.08 -5.88231 -10.946
1010101 FRAC0_S 0 1 15058 44304.6 9279.61 7.96633e+06 223448 35719.2 5659.76 -3.75149 -0.338093
1010101 FRAC0_S 0 1 15320.7 44206 9108.84 6.94676e+06 -69278.9 -988445 4430.6 1.20646 9.12873
1010101 FRAC0_S 0 1 15557.1 44182.7 8880.09 6.40818e+06 -486664 -2.09239e+06 4262.68 7.37581 16.3711