
Step FractureNumber TipNr TipActive TipX TipY TipZ KI KII KIII G Phi Psi Extension
1010000 FRAC0_S 0 1 -44369.9 -29239.4 8500 -48183.9 -659200 -135624 41.1687 66.6722 11.6946
1010000 FRAC0_S 0 1 -44635.8 -29081.9 8500 -33394.7 -406868 -198268 19.9797 60.786 21.0378
1010000 FRAC0_S 0 1 -44937.4 -29014.3 8500 -28938.4 -383008 -350901 29.4485 52.6451 28.8967
1010000 FRAC0_S 0 1 -45245.1 -29043.2 8500 15430.1 -505245 -423790 46.655 54.8612 28.3551
1010000 FRAC0_S 0 1 -45528.7 -29165.8 8500 -59204.3 -156976 -950314 122.308 17.5722 41.6427
1010000 FRAC0_S 0 1 -45760.6 -29369.9 8500 25857.8 -160948 -931992 117.893 18.6915 42.0763
1010000 FRAC0_S 0 1 -45918.1 -29635.8 8500 -5212.01 269758 -266294 15.9159 -52.3868 30.3872
1010000 FRAC0_S 0 1 -45985.7 -29937.4 8500 -3713.44 468478 -239886 27.2106 -61.8079 22.5316
1010000 FRAC0_S 0 1 -45956.8 -30245.1 8500 -26852.5 1.30413e+06 -541527 190.556 -63.5505 19.7975
1010000 FRAC0_S 0 1 -45836.2 -30525.6 8500 753.682 592973 -11461.1 31.3502 -69.9715 1.46534
1010000 FRAC0_S 0 1 -45630.1 -30760.6 8500 4283.99 417368 84687.2 16.4781 -67.8387 -12.1227
1010000 FRAC0_S 0 1 -45364.2 -30918.1 8500 -7008.46 548700 242112 34.6247 -63.1749 -20.6314
1010000 FRAC0_S 0 1 -45062.6 -30985.7 8500 -6654.63 386300 323617 27.2266 -55.1296 -28.4956
1010000 FRAC0_S 0 1 -44754.9 -30956.8 8500 -13474.8 221127 393181 24.9178 -40.628 -35.9071
1010000 FRAC0_S 0 1 -44471.3 -30834.2 8500 -20712.2 33596.6 433188 25.0583 -9.31584 -43.2536
1010000 FRAC0_S 0 1 -44255.9 -30649.9 8500 -36786.4 -39039.3 1.13038e+06 170.079 4.45781 -44.1152
1010000 FRAC0_S 0 1 -44081.9 -30364.2 8500 -35762.1 -385734 384629 32.9348 50.9629 -29.7037
1010000 FRAC0_S 0 1 -44014.3 -30062.6 8500 -29553.5 -435367 243059 24.7477 59.6212 -22.8889
1010000 FRAC0_S 0 1 -44043.2 -29754.9 8500 -32799.6 -495250 128481 24.0517 65.7757 -14.0006
1010000 FRAC0_S 0 1 -44165.8 -29471.3 8500 -38692.1 -682918 15374.8 41.5902 69.6233 -1.61286
Step FractureNumber TipNr TipActive TipX TipY TipZ KI KII KIII G Phi Psi Extension
1010101 FRAC0_S 0 1 -44345.4 -29208.1 8591.17 274500 -41184.6 232532 14.0571 10.1224 -27.1475
1010101 FRAC0_S 0 1 -44619.5 -29036.5 8586.47 1.12833e+06 -508320 -26329.1 136.566 36.2533 1.22666
1010101 FRAC0_S 0 1 -44934.5 -28958.8 8582 521295 -298527 -177835 36.3629 35.6243 12.8552
1010101 FRAC0_S 0 1 -45263.9 -28980.1 8568.3 441687 -311423 -374998 44.7295 33.3135 22.2818
1010101 FRAC0_S 0 1 -45576 -29096.5 8543.55 241385 -367472 -606166 66.0943 35.9387 30.7001
1010101 FRAC0_S 0 1 -45824 -29314 8503.77 149138 -149979 -396435 24.8888 26.933 33.7366
1010101 FRAC0_S 0 1 -45976.5 -29608.7 8446.37 128442 17932.9 -213993 7.58922 -6.79344 34.6813
1010101 FRAC0_S 0 1 -46034.2 -29933 8413.75 84511.6 -25446 -94045.3 1.87046 16.3736 28.9448
1010101 FRAC0_S 0 1 -45997.4 -30254.4 8409.72 152782 10887.9 -269385 11.7422 -3.47565 35.7509
1010101 FRAC0_S 0 1 -45865.5 -30547.9 8407.49 274413 11397 -322530 20.5572 -2.59827 32.0781
1010101 FRAC0_S 0 1 -45653.5 -30790.2 8407.89 461959 113773 -225628 26.9409 -18.4655 19.3454
1010101 FRAC0_S 0 1 -45379.4 -30960.6 8411.71 565046 185247 -117107 33.3327 -26.7065 9.92921
1010101 FRAC0_S 0 1 -45063.9 -31043.1 8420.39 508179 277634 86875.7 30.8848 -37.4543 -7.43782
1010101 FRAC0_S 0 1 -44733.3 -31028.6 8442.88 708131 618626 743139 152.236 -35.589 -23.7501
1010101 FRAC0_S 0 1 -44421 -30910.2 8477.57 92162.1 -277273 275798 17.7243 47.2351 -27.311
1010101 FRAC0_S 0 1 -44173.1 -30688.5 8519.26 94461.8 12022.8 313174 13.8524 -3.9534 -39.8304
1010101 FRAC0_S 0 1 -44020.8 -30392.5 8562.35 -80530 -58483.8 -725979 70.4018 9.14567 42.2191
1010101 FRAC0_S 0 1 -43964.5 -30067.5 8585.35 93311.5 18561.6 189778 5.59669 -8.34962 -36.0106
1010101 FRAC0_S 0 1 -44003.3 -29746 8590.6 350741 -77901 418370 34.7824 12.2839 -30.4759
1010101 FRAC0_S 0 1 -44134.8 -29451.8 8592.63 623751 -214958 551543 79.2457 19.973 -25.7505