
Step FractureNumber TipNr TipActive TipX TipY TipZ KI KII KIII G Phi Psi Extension
1010000 FRAC0_S 0 1 15000 -29019.2 8617.02 -2.36989e+06 1.64689e+06 4.71854e+06 3202.88 -23.9065 -32.5043
1010000 FRAC0_S 0 1 15000 -29103.5 8914.36 1.29848e+07 -2.02504e+07 -1.09165e+07 67415.9 49.4862 17.2681
1010000 FRAC0_S 0 1 15000 -29275.4 9171.13 -4.64563e+06 2.2293e+06 7.10604e+06 7158.8 -20.5436 -31.1197
1010000 FRAC0_S 0 1 15000 -29518.2 9362.22 -6.24447e+06 408063 8.77341e+06 10252.2 -3.65444 -33.6875
1010000 FRAC0_S 0 1 15000 -29808.3 9468.89 -5.4861e+06 -1.96693e+06 7.66306e+06 8154.84 17.0318 -31.061
1010000 FRAC0_S 0 1 15000 -30117.1 9480.74 -1.58423e+06 -1.93676e+07 -940813 33543.2 69.0688 3.29103
1010000 FRAC0_S 0 1 15000 -30414.4 9396.57 -7.00416e+06 -9.08418e+06 6.01187e+06 12160.5 45.7192 -18.7762
1010000 FRAC0_S 0 1 15000 -30671.2 9224.65 -5.82359e+06 -9.24655e+06 2.77563e+06 8643.43 53.7465 -11.3334
1010000 FRAC0_S 0 1 15000 -30862.2 8981.79 -5.70505e+06 -1.00336e+07 -240276 8978.74 60.3094 1.16543
1010000 FRAC0_S 0 1 15000 -30968.9 8691.77 -3.08912e+06 -4.5865e+06 -2.48084e+06 2693.08 48.9468 17.0835
1010000 FRAC0_S 0 1 15000 -30980.8 8382.98 -1.19721e+06 157246 -3.00581e+06 1203.84 -4.95784 38.088
1010000 FRAC0_S 0 1 15000 -30896.5 8085.64 871891 4.76678e+06 -1.87077e+06 2557.99 -60.6626 17.3835
1010000 FRAC0_S 0 1 15000 -30724.6 7828.87 2.18828e+06 6.03316e+06 1.05662e+06 3818.72 -61.4378 -8.45495
1010000 FRAC0_S 0 1 15000 -30481.8 7637.78 3.14485e+06 8.33975e+06 3.47506e+06 8685.14 -56.2925 -16.3383
1010000 FRAC0_S 0 1 15000 -30191.7 7531.11 -9.98211e+06 -1.6472e+07 -9.60109e+06 36438.1 49.3496 18.4305
1010000 FRAC0_S 0 1 15000 -29882.9 7519.26 2.67071e+06 3.97509e+06 6.5874e+06 7815.04 -35.738 -30.6506
1010000 FRAC0_S 0 1 15000 -29585.6 7603.43 1.16085e+07 -1.27731e+07 1.5822e+07 59841.1 37.4137 -25.5857
1010000 FRAC0_S 0 1 15000 -29328.8 7775.35 -210389 -1.94322e+07 -9.61802e+06 45952.3 62.1024 22.0733
1010000 FRAC0_S 0 1 15000 -29137.8 8018.21 109628 -409506 6.04918e+06 4882.82 8.45631 -43.8454
1010000 FRAC0_S 0 1 15000 -29031.1 8308.23 3.38274e+06 -1.03407e+07 -4.22422e+06 12921.4 57.4251 16.5303
Step FractureNumber TipNr TipActive TipX TipY TipZ KI KII KIII G Phi Psi Extension
1010101 FRAC0_S 0 1 15019.8 -28945.9 8626.64 -3.06852e+06 1.3667e+06 5.15937e+06 3706.78 -18.5219 -32.4012
1010101 FRAC0_S 0 1 15019.1 -29034 8946.6 -3.23625e+06 157747 7.93805e+06 8382.89 -1.93529 -38.4457
1010101 FRAC0_S 0 1 14999.9 -29214.1 9231.54 -6.17394e+06 2.75787e+06 7.47018e+06 8099.64 -21.5609 -28.6794
1010101 FRAC0_S 0 1 14995.4 -29472.1 9445.13 -8.37476e+06 -1.98758e+07 2.25637e+07 102916 44.0508 -28.1286
1010101 FRAC0_S 0 1 15036.4 -29787.9 9546.44 1.12386e+07 -1.98774e+07 -1.03575e+06 46606.1 59.7979 2.47848
1010101 FRAC0_S 0 1 15071.9 -30121.8 9537.76 1.21889e+06 -7.6335e+06 7.52918e+06 12864.4 50.0377 -28.8788
1010101 FRAC0_S 0 1 15079.3 -30440.1 9447.97 4.40752e+06 -2.03719e+07 1.32742e+07 62148.2 54.8868 -23.1932
1010101 FRAC0_S 0 1 15079.9 -30709.4 9268.22 1.34741e+07 -1.42509e+07 -8.33102e+06 43506.2 44.3989 16.2607
1010101 FRAC0_S 0 1 15082.5 -30910 9007.9 2.80979e+06 -4.80143e+06 -4802.83 2757.84 60.4397 0.0491754
1010101 FRAC0_S 0 1 15057.3 -31036.7 8701.23 1.15387e+07 -3.02496e+07 -1.19877e+07 112516 56.6022 15.7478
1010101 FRAC0_S 0 1 14992.7 -31057.4 8375.12 509507 1.07824e+06 -2.491e+06 952.01 -32.1179 35.3281
1010101 FRAC0_S 0 1 14932.3 -30952.3 8064.29 5.89608e+06 3.14161e+06 -679518 4038.7 -37.9457 5.29312
1010101 FRAC0_S 0 1 14913.5 -30760 7795.38 1.07611e+07 2.4533e+06 2.56237e+06 11728.6 -20.0775 -11.7978
1010101 FRAC0_S 0 1 14955.4 -30507.2 7589.46 1.44118e+07 4.71211e+06 6.02005e+06 25306.7 -23.7783 -16.7834
1010101 FRAC0_S 0 1 15002.5 -30202.5 7466.89 3.75475e+06 6.35913e+06 6.71984e+06 10865.5 -42.8973 -25.8781
1010101 FRAC0_S 0 1 15004.9 -29873 7444.97 2.54461e+06 2.47452e+06 6.66067e+06 7023.12 -26.5188 -33.7493
1010101 FRAC0_S 0 1 15037.9 -29558.7 7538.66 4.28176e+06 2.38494e+06 7.71739e+06 10061.8 -21.2882 -32.3495
1010101 FRAC0_S 0 1 15063.1 -29283 7728.11 293838 611068 6.61425e+06 5859.49 -10.9152 -43.0779
1010101 FRAC0_S 0 1 15050.5 -29073.4 7982.9 229192 -257786 5.65722e+06 4267.15 5.75063 -43.8416
1010101 FRAC0_S 0 1 15035.7 -28960.4 8293.66 -1.90803e+06 236072 5.02595e+06 3364.57 -4.53358 -38.4606