
Step FractureNumber TipNr TipActive TipX TipY TipZ KI KII KIII G Phi Psi Extension
1010000 FRAC0_S 0 1 37500 8486.75 8543.02 -4.65365e+06 9.94069e+06 -1.49168e+06 9101.55 -59.7838 6.94929
1010000 FRAC0_S 0 1 37500 8425.17 8845.84 -8.92998e+06 1.03156e+07 446659 9508.85 -54.1291 -1.75222
1010000 FRAC0_S 0 1 37500 8273.02 9114.8 -1.48622e+07 7.13914e+06 1.79894e+06 4972.11 -35.6961 -5.70707
1010000 FRAC0_S 0 1 37500 8045.2 9323.58 -1.41982e+07 6.24072e+06 3.18115e+06 4816.45 -32.1032 -9.90647
1010000 FRAC0_S 0 1 37500 7764.01 9451.74 -1.69865e+07 3.94615e+06 4.11786e+06 3642.88 -20.3168 -11.9301
1010000 FRAC0_S 0 1 37500 7456.98 9486.75 -1.71635e+07 1.03344e+06 4.91977e+06 3314.32 -6.11884 -15.1055
1010000 FRAC0_S 0 1 37500 7154.16 9425.17 -1.60179e+07 -1.81505e+06 4.87945e+06 3460.17 10.741 -15.2342
1010000 FRAC0_S 0 1 37500 6885.2 9273.02 -1.08038e+07 -3.55945e+06 3.40959e+06 2675.16 25.2307 -13.7492
1010000 FRAC0_S 0 1 37500 6676.42 9045.2 -1.01492e+07 -6.14407e+06 2.98934e+06 4552.38 37.5016 -11.299
1010000 FRAC0_S 0 1 37500 6548.26 8764.01 -6.82339e+06 -7.77677e+06 1.34255e+06 5628.93 51.6352 -6.33444
1010000 FRAC0_S 0 1 37500 6513.25 8456.98 -5.55556e+06 -9.58878e+06 -150473 8196.21 60.2573 0.764181
1010000 FRAC0_S 0 1 37500 6574.83 8154.16 -74850.7 -1.23364e+07 -3.72064e+06 15402.6 66.1251 16.2344
1010000 FRAC0_S 0 1 37500 6726.98 7885.2 3.3185e+06 -1.09818e+07 -7.2294e+06 18679.1 53.1983 22.4705
1010000 FRAC0_S 0 1 37500 6954.8 7676.42 7.43657e+06 -5.71261e+06 -9.61169e+06 20123.2 30.7282 27.0538
1010000 FRAC0_S 0 1 37500 7235.99 7548.26 6.50598e+06 -2.74568e+06 -1.013e+07 18091.6 18.4282 31.7527
1010000 FRAC0_S 0 1 37500 7543.02 7513.25 9.0589e+06 1.85905e+06 -1.00326e+07 21007.5 -11.8717 29.7844
1010000 FRAC0_S 0 1 37500 7845.84 7574.83 7.97623e+06 6.03408e+06 -9.30217e+06 20422.2 -31.5472 25.8695
1010000 FRAC0_S 0 1 37500 8114.8 7726.98 5.99345e+06 7.94492e+06 -7.8096e+06 16937.4 -41.8025 23.7541
1010000 FRAC0_S 0 1 37500 8323.58 7954.8 3.08785e+06 7.86874e+06 -4.65899e+06 9254.01 -52.7722 20.3342
1010000 FRAC0_S 0 1 37500 8451.74 8235.99 -1.02766e+06 1.05615e+07 -3.71021e+06 11770.6 -63.287 16.9749
Step FractureNumber TipNr TipActive TipX TipY TipZ KI KII KIII G Phi Psi Extension
1010101 FRAC0_S 0 1 37414.2 8536.44 8546.24 7.42464e+06 7.85332e+06 -1.35917e+06 10653.7 -50.4878 6.15198
1010101 FRAC0_S 0 1 37423.3 8481.06 8869.28 3.44817e+06 1.3619e+07 259172 17596.3 -66.7951 -1.15936
1010101 FRAC0_S 0 1 37437.3 8330.2 9162.87 -3.44148e+06 1.33291e+07 2.27065e+06 16517.4 -63.7005 -8.83217
1010101 FRAC0_S 0 1 37450.2 8090.73 9394.14 -9.27201e+06 1.27527e+07 3.58163e+06 16198.2 -52.3617 -10.2644
1010101 FRAC0_S 0 1 37466.7 7787.14 9539.43 -1.47298e+07 1.02383e+07 5.32682e+06 13114.7 -39.3188 -12.6947
1010101 FRAC0_S 0 1 37490.7 7452.48 9582.02 -1.67763e+07 3.25401e+06 5.49717e+06 4962.66 -16.7085 -15.2665
1010101 FRAC0_S 0 1 37517.3 7121.81 9513.71 -1.70984e+07 -3.42852e+06 6.00449e+06 5842.63 16.9226 -15.9625
1010101 FRAC0_S 0 1 37541.2 6831.91 9342.36 -1.07061e+07 -9.89293e+06 5.355e+06 12535.1 43.1935 -14.6886
1010101 FRAC0_S 0 1 37560.7 6614.31 9088.94 -2.88462e+06 -1.10911e+07 3.65896e+06 12742.2 60.3618 -14.7633
1010101 FRAC0_S 0 1 37576.1 6489.41 8782.71 4.3922e+06 -1.10261e+07 1.84948e+06 13007.5 60.854 -7.97569
1010101 FRAC0_S 0 1 37585.8 6464.04 8456.51 9.02972e+06 -8.40522e+06 -161553 13564.6 50.9016 0.713334
1010101 FRAC0_S 0 1 37587.4 6531.76 8137.22 1.137e+07 -2.45798e+06 -3.40402e+06 13599.4 18.5454 14.1204
1010101 FRAC0_S 0 1 37575.7 6682.21 7845.09 1.31204e+07 -1.44301e+06 -6.24971e+06 20720.3 9.36994 20.4461
1010101 FRAC0_S 0 1 37556.9 6874.37 7636.82 1.3069e+07 -850493 -9.42611e+06 27101.7 5.00736 26.1137
1010101 FRAC0_S 0 1 37523.4 7212.52 7460.18 1.16131e+07 826796 -8.35807e+06 21369.7 -5.4549 26.0164
1010101 FRAC0_S 0 1 37484.5 7546.27 7421.55 1.52268e+07 1.83888e+06 -1.16886e+07 39132.9 -8.66691 26.254
1010101 FRAC0_S 0 1 37452 7873.42 7495.9 1.39891e+07 736153 -9.83208e+06 30343.8 -4.13386 25.9392
1010101 FRAC0_S 0 1 37433.7 8158.07 7669.51 1.32381e+07 1.8469e+06 -7.65112e+06 23706.1 -10.9106 22.5113
1010101 FRAC0_S 0 1 37421.2 8371.24 7920.51 1.17007e+07 2.58662e+06 -5.19866e+06 16390.4 -17.3505 18.4608
1010101 FRAC0_S 0 1 37413.8 8498.59 8222.18 1.00774e+07 4.65288e+06 -3.39692e+06 12513.4 -31.3231 13.4578