
Step FractureNumber TipNr TipActive TipX TipY TipZ KI KII KIII G Phi Psi Extension
1010000 FRAC0_S 0 1 45000 29251.8 7855.26 -2.86766e+06 -326832 -290772 20.7636 12.513 6.27778
1010000 FRAC0_S 0 1 45000 29487.6 7655.6 -2.72099e+06 -94002.7 -304341 13.1063 4.1554 7.29601
1010000 FRAC0_S 0 1 45000 29773.6 7538.6 -2.78252e+06 72589.2 -308612 13.1366 -3.17535 7.29467
1010000 FRAC0_S 0 1 45000 30081.8 7515.7 -2.69481e+06 182389 -264574 12.2742 -7.8915 6.33447
1010000 FRAC0_S 0 1 45000 30382 7589.16 -2.73299e+06 289691 -213229 13.5253 -11.9723 4.99649
1010000 FRAC0_S 0 1 45000 30644.7 7751.78 -2.04793e+06 297933 -105411 9.38759 -15.9818 3.29317
1010000 FRAC0_S 0 1 45000 30844.5 7987.64 -2.82089e+06 487547 -53725.9 21.5655 -18.8294 1.23798
1010000 FRAC0_S 0 1 45000 30961.5 8273.65 -2.95725e+06 449406 14503.2 18.0251 -17.1826 -0.330069
1010000 FRAC0_S 0 1 45000 30984.3 8581.81 -2.75081e+06 427704 104114 17.7426 -17.0527 -2.44071
1010000 FRAC0_S 0 1 45000 30910.8 8881.97 -2.29937e+06 312243 151018 11.7211 -14.9292 -4.16523
1010000 FRAC0_S 0 1 45000 30748.2 9144.74 -2.5364e+06 -165726 114009 4.17615 7.9964 -3.10369
1010000 FRAC0_S 0 1 45000 30512.4 9344.4 -2.26374e+06 134946 230062 8.66221 -7.00242 -6.57362
1010000 FRAC0_S 0 1 45000 30226.4 9461.4 -2.87856e+06 -79306.1 325629 14.663 3.34058 -7.41082
1010000 FRAC0_S 0 1 45000 29918.2 9484.3 -2.79364e+06 -163546 295733 14.0153 6.86179 -6.81847
1010000 FRAC0_S 0 1 45000 29618 9410.84 -2.61437e+06 361079 -878607 114.288 -12.5019 16.0666
1010000 FRAC0_S 0 1 45000 29355.3 9248.22 -2.74339e+06 -352511 183598 15.5563 14.2397 -4.26328
1010000 FRAC0_S 0 1 45000 29155.5 9012.36 -2.7381e+06 -439259 91268.9 18.3015 17.5499 -2.15224
1010000 FRAC0_S 0 1 45000 29038.5 8726.35 -3.0731e+06 -622656 17235.3 34.5874 21.509 -0.361358
1010000 FRAC0_S 0 1 45000 29015.7 8418.19 -2.22172e+06 -361432 -90850.8 12.7385 17.6442 2.612
1010000 FRAC0_S 0 1 45000 29089.2 8118.03 -2.72963e+06 -361185 -193881 16.6243 14.548 4.48902
Step FractureNumber TipNr TipActive TipX TipY TipZ KI KII KIII G Phi Psi Extension
1010101 FRAC0_S 0 1 45018.9 29179.6 7792.71 -2.73684e+06 -920158 -434820 100.595 27.943 7.91608
1010101 FRAC0_S 0 1 45007.7 29437.6 7572.73 -2.87599e+06 -418413 -508626 50.0076 14.5556 9.84163
1010101 FRAC0_S 0 1 44995.6 29751.4 7444.01 -2.99257e+06 179167 -490406 34.8468 -6.68182 9.85339
1010101 FRAC0_S 0 1 44985.8 30127.2 7422.72 -3.24465e+06 723631 -428268 71.0558 -21.1464 7.28486
1010101 FRAC0_S 0 1 44979.4 30418.6 7501.17 -2.1069e+06 731115 -265272 56.9911 -29.0979 6.42639
1010101 FRAC0_S 0 1 44973 30705.8 7680.53 -2.66232e+06 1.28677e+06 -309228 160.265 -35.9132 5.49015
1010101 FRAC0_S 0 1 44969.6 30923.8 7939.41 -2.31599e+06 1.30901e+06 -163193 156.233 -40.0186 3.29895
1010101 FRAC0_S 0 1 44969.8 31051.1 8248.69 -2.57823e+06 1.42756e+06 -23433.3 181.673 -40.8152 0.452519
1010101 FRAC0_S 0 1 44971.5 31077.5 8589.65 -2.64613e+06 1.45179e+06 124113 189.865 -39.8636 -2.2644
1010101 FRAC0_S 0 1 44983.3 30998 8918.8 -3.00463e+06 -736179 -112080 49.9648 24.1945 2.24108
1010101 FRAC0_S 0 1 44997.5 30820.9 9207.62 -3.10419e+06 434006 349793 33.0581 -14.7556 -6.75035
1010101 FRAC0_S 0 1 44998.8 30562.6 9427.29 -2.12001e+06 184984 206801 8.73721 -9.93076 -6.19819
1010101 FRAC0_S 0 1 45002.8 30248.6 9555.94 -3.05311e+06 -150826 105839 3.51697 6.23441 -2.46052
1010101 FRAC0_S 0 1 45002 29910.4 9580.57 -2.83664e+06 -136321 1.20277e+06 194.062 4.49583 -19.7291
1010101 FRAC0_S 0 1 44998.4 29581.2 9498.95 -2.9845e+06 -241169 374733 23.8594 9.06368 -7.76083
1010101 FRAC0_S 0 1 45014.5 29293.8 9319.81 -2.82646e+06 -962175 453413 109.839 28.1533 -7.96004
1010101 FRAC0_S 0 1 45030.4 29076.4 9060.78 -2.62799e+06 -1.51435e+06 272985 214.263 39.7823 -4.69634
1010101 FRAC0_S 0 1 45033.5 28949.2 8747.4 -2.47215e+06 -1.71242e+06 40637.9 261.526 45.2422 -0.747148
1010101 FRAC0_S 0 1 45030.6 28923.2 8410.21 -2.66485e+06 -1.61511e+06 -159295 235.826 41.6697 2.7564
1010101 FRAC0_S 0 1 45025.6 29002.3 8081.4 -2.58557e+06 -1.30874e+06 -315159 165.838 36.7602 5.65481