
Step FractureNumber TipNr TipActive TipX TipY TipZ KI KII KIII G Phi Psi Extension
1010000 FRAC0_S 0 1 -30000 29254 7852.75 -1.22811e+06 -5.50747e+06 2.03378e+06 3253.03 60.3149 -16.3147
1010000 FRAC0_S 0 1 -30000 29487.6 7655.6 -1.4439e+06 -5.69244e+06 576521 2931.72 65.1966 -5.64596
1010000 FRAC0_S 0 1 -30000 29773.6 7538.6 -1.65e+06 -5.6611e+06 -763451 2933.32 63.7463 7.07991
1010000 FRAC0_S 0 1 -30000 30081.8 7515.7 -1.62459e+06 -4.66043e+06 -1.71075e+06 2324.68 57.8197 15.1779
1010000 FRAC0_S 0 1 -30000 30382 7589.16 -1.32236e+06 -3.78858e+06 -2.44778e+06 2075.91 52.5853 21.7985
1010000 FRAC0_S 0 1 -30000 30644.7 7751.78 -718616 -1.97159e+06 -2.15142e+06 961.99 45.4025 28.144
1010000 FRAC0_S 0 1 -30000 30844.5 7987.64 -337225 -1.87109e+06 -3.18757e+06 1663.33 40.1297 34.5616
1010000 FRAC0_S 0 1 -30000 30961.5 8273.65 463745 216064 -2.81205e+06 1075.04 -8.39471 41.413
1010000 FRAC0_S 0 1 -30000 30984.3 8581.81 923405 79579.8 -3.12435e+06 1374.83 -2.67334 40.1351
1010000 FRAC0_S 0 1 -30000 30910.8 8881.97 1.34481e+06 770009 -2.61772e+06 1125.37 -20.9256 33.0478
1010000 FRAC0_S 0 1 -30000 30748.2 9144.74 1.61981e+06 2.21428e+06 -3.06682e+06 1921.63 -37.7146 28.1464
1010000 FRAC0_S 0 1 -30000 30512.4 9344.4 3.07105e+06 2.7551e+06 -2.77276e+06 2539.36 -37.6701 21.7203
1010000 FRAC0_S 0 1 -30000 30226.4 9461.4 3.48574e+06 3.3708e+06 -3.01064e+06 3300.72 -39.6572 20.7269
1010000 FRAC0_S 0 1 -30000 29918.2 9484.3 4.04637e+06 4.63263e+06 -1.52581e+06 3681.05 -49.1292 10.9247
1010000 FRAC0_S 0 1 -30000 29618 9410.84 5.02351e+06 4.72091e+06 -1.76748e+06 4650.24 -45.6404 11.1978
1010000 FRAC0_S 0 1 -30000 29355.3 9248.22 3.88262e+06 5.44201e+06 1.11666e+06 4148.18 -53.9526 -7.96441
1010000 FRAC0_S 0 1 -30000 29155.5 9012.36 3.2582e+06 4.30242e+06 2.6107e+06 3501.97 -46.6946 -17.8464
1010000 FRAC0_S 0 1 -30000 29038.5 8726.35 2.45731e+06 2.26303e+06 3.92932e+06 3047.9 -31.8369 -28.6234
1010000 FRAC0_S 0 1 -30000 29015.7 8418.19 1.85203e+06 -849181 3.48699e+06 1987.07 17.8934 -33.474
1010000 FRAC0_S 0 1 -30000 29089.2 8118.03 -28607.2 -3.23967e+06 3.3576e+06 2434.62 51.7174 -31.0518
Step FractureNumber TipNr TipActive TipX TipY TipZ KI KII KIII G Phi Psi Extension
1010101 FRAC0_S 0 1 -29914.3 29213.3 7824.13 4.77105e+06 -3.36084e+06 2.63715e+06 3959.88 36.874 -17.1219
1010101 FRAC0_S 0 1 -29910.5 29464.8 7618.82 4.1189e+06 -3.11695e+06 911406 2488 43.3152 -8.31263
1010101 FRAC0_S 0 1 -29911.3 29764.2 7494.83 4.38593e+06 -3.29374e+06 -249633 2689.17 46.076 2.42291
1010101 FRAC0_S 0 1 -29915.4 30087.4 7464.39 4.14487e+06 -4.42431e+06 -1.44527e+06 3553 48.1883 10.5695
1010101 FRAC0_S 0 1 -29921.4 30406.3 7534.58 2.72968e+06 -3.46537e+06 -2.22574e+06 2392.94 45.7589 18.3111
1010101 FRAC0_S 0 1 -29928.5 30689.9 7701.26 2.05743e+06 -2.97822e+06 -2.87576e+06 2267.5 42.7827 23.9924
1010101 FRAC0_S 0 1 -29953.6 30912.6 7948.84 1.63626e+06 -1.99889e+06 -3.32576e+06 2065.7 34.4301 29.7336
1010101 FRAC0_S 0 1 -29992.4 31050.8 8254.47 1.75908e+06 -1.71743e+06 -2.90644e+06 1662.08 32.6014 28.6747
1010101 FRAC0_S 0 1 -30014.9 31079.7 8589.32 1.173e+06 -288022 -2.72788e+06 1119.7 9.29525 36.8001
1010101 FRAC0_S 0 1 -30034.3 30993.8 8915.02 2.35179e+06 101453 -2.84342e+06 1569.09 -2.6559 32.3627
1010101 FRAC0_S 0 1 -30054.8 30810 9196.52 2.85608e+06 -366036 -2.51158e+06 1577.8 8.65223 27.8351
1010101 FRAC0_S 0 1 -30061.8 30552.3 9409.89 4.43234e+06 -228248 -2.93245e+06 2898.97 4.14518 25.2018
1010101 FRAC0_S 0 1 -30066.1 30244.1 9532.09 4.61649e+06 -292551 -2.03916e+06 2459.77 5.77055 20.0491
1010101 FRAC0_S 0 1 -30071.6 29913.2 9551.76 8.19736e+06 63917.9 -2.52081e+06 6833.41 -0.827482 16.4323
1010101 FRAC0_S 0 1 -30074.9 29593.6 9470.52 7.68582e+06 141773 -1.05316e+06 5413.2 -2.21713 8.78585
1010101 FRAC0_S 0 1 -30076.5 29314.6 9295.52 8.30258e+06 561208 644840 6225.97 -8.01908 -5.13791
1010101 FRAC0_S 0 1 -30069.8 29096 9046.17 7.31812e+06 885885 2.1144e+06 5436.81 -11.5037 -14.5977
1010101 FRAC0_S 0 1 -30036.9 28958.9 8743.01 5.12449e+06 1.63468e+06 3.71892e+06 4417.61 -20.1376 -23.527
1010101 FRAC0_S 0 1 -29978.2 28933.4 8413.12 3.05766e+06 653727 4.12941e+06 3139.12 -11.1859 -31.9261
1010101 FRAC0_S 0 1 -29931.4 29027.5 8095.99 2.90739e+06 -1.63018e+06 3.10511e+06 2272.39 26.6772 -26.243