
Step FractureNumber TipNr TipActive TipX TipY TipZ KI KII KIII G Phi Psi Extension
1010000 FRAC0_S 0 1 -45000 -6516.62 8592.17 4.55638e+06 1.1788e+06 -1.45878e+06 2256.83 -21.0608 14.4598
1010000 FRAC0_S 0 1 -45000 -6593.24 8891.55 4.51631e+06 1.62046e+06 -964458 2175.28 -28.3021 9.98491
1010000 FRAC0_S 0 1 -45000 -6758.61 9152.59 4.27524e+06 1.65517e+06 -436185 1898.16 -31.6656 5.189
1010000 FRAC0_S 0 1 -45000 -6996.55 9349.75 5.49021e+06 2.21683e+06 -105267 3125.39 -34.0902 1.04502
1010000 FRAC0_S 0 1 -45000 -7283.78 9463.73 5.06427e+06 1.96741e+06 256650 2639.07 -32.6909 -2.70576
1010000 FRAC0_S 0 1 -45000 -7592.17 9483.38 5.22731e+06 1.12716e+06 787929 2630.7 -20.3504 -8.20313
1010000 FRAC0_S 0 1 -45000 -7891.55 9406.76 5.76137e+06 802593 1.31032e+06 3243.62 -13.5424 -12.0658
1010000 FRAC0_S 0 1 -45000 -8152.59 9241.39 4.75271e+06 608929 1.23301e+06 2248.08 -12.3303 -13.4302
1010000 FRAC0_S 0 1 -45000 -8349.75 9003.45 5.01071e+06 242527 1.50116e+06 2542.26 -4.93667 -15.7054
1010000 FRAC0_S 0 1 -45000 -8463.73 8716.22 4.6607e+06 -410512 1.56731e+06 2277.38 8.38963 -16.5758
1010000 FRAC0_S 0 1 -45000 -8483.38 8407.83 3.27801e+06 -825819 1.15448e+06 1195.56 20.2605 -15.5345
1010000 FRAC0_S 0 1 -45000 -8406.76 8108.45 4.08405e+06 -1.67644e+06 1.25034e+06 1944.67 29.4745 -12.8612
1010000 FRAC0_S 0 1 -45000 -8241.39 7847.41 2.81678e+06 -1.81066e+06 1.20025e+06 1190.77 36.7406 -14.6648
1010000 FRAC0_S 0 1 -45000 -8003.45 7650.25 4.02406e+06 -2.81556e+06 537761 2187.83 43.2349 -5.51033
1010000 FRAC0_S 0 1 -45000 -7716.22 7536.27 3.65518e+06 -2.78248e+06 -114883 1882.21 46.8274 1.3574
1010000 FRAC0_S 0 1 -45000 -7407.83 7516.62 3.36673e+06 -2.45091e+06 -665782 1604.28 42.9205 7.66183
1010000 FRAC0_S 0 1 -45000 -7108.45 7593.24 3.67364e+06 -2.15842e+06 -1.1941e+06 1807.38 36.4018 12.303
1010000 FRAC0_S 0 1 -45000 -6847.41 7758.61 2.80427e+06 -1.00942e+06 -1.17951e+06 976.584 25.4414 16.584
1010000 FRAC0_S 0 1 -45000 -6650.25 7996.55 3.01857e+06 -349173 -1.40955e+06 1087.07 9.85864 20.1412
1010000 FRAC0_S 0 1 -45000 -6536.27 8283.78 4.33058e+06 648874 -1.45546e+06 1990.43 -13.4053 15.954
Step FractureNumber TipNr TipActive TipX TipY TipZ KI KII KIII G Phi Psi Extension
1010101 FRAC0_S 0 1 -45035.6 -6426.23 8599.93 5.47607e+06 -339476 -1.41593e+06 2949.09 6.41793 14.0073
1010101 FRAC0_S 0 1 -45046.9 -6530.72 8963.61 6.02656e+06 -502027 -851772 3355.37 9.1992 8.56249
1010101 FRAC0_S 0 1 -45052.1 -6695.91 9207.24 6.12926e+06 -840761 -301229 3422.73 15.252 3.1747
1010101 FRAC0_S 0 1 -45054.6 -6954.87 9419.96 6.97529e+06 -1.63814e+06 340429 4590.16 23.2704 -2.91789
1010101 FRAC0_S 0 1 -45049.7 -7266.21 9545.94 6.21762e+06 -1.33475e+06 546146 3643.31 21.1726 -5.11006
1010101 FRAC0_S 0 1 -45036.7 -7601.58 9572.9 6.3616e+06 -729162 1.03056e+06 3794.9 12.0054 -9.36644
1010101 FRAC0_S 0 1 -45025.7 -7929.14 9493.06 6.202e+06 -449858 1.28719e+06 3665.99 7.7082 -11.779
1010101 FRAC0_S 0 1 -45018.7 -8215.93 9313.06 5.91572e+06 -1.4521e+06 1.36574e+06 3554.45 21.3422 -11.3905
1010101 FRAC0_S 0 1 -45006 -8432.88 9052.58 5.84109e+06 -438224 1.55988e+06 3381.01 7.60749 -14.2141
1010101 FRAC0_S 0 1 -44986.2 -8556.77 8737.55 6.17119e+06 -129337 1.86199e+06 3856.23 2.20075 -16.0757
1010101 FRAC0_S 0 1 -44966.7 -8574.19 8400.23 5.94069e+06 89377 1.61822e+06 3493.84 -1.62647 -15.026
1010101 FRAC0_S 0 1 -44951.8 -8485.12 8075.77 5.05976e+06 256245 1.05335e+06 2434.74 -5.51902 -11.997
1010101 FRAC0_S 0 1 -44940.6 -8300.73 7796.64 4.86746e+06 301848 599372 2167.11 -7.13387 -7.74802
1010101 FRAC0_S 0 1 -44932.3 -8030.91 7583.35 4.8465e+06 389041 119767 2108.46 -9.80101 -1.7279
1010101 FRAC0_S 0 1 -44929.4 -7731.28 7468.99 4.93755e+06 702517 -331023 2231 -15.5025 4.22272
1010101 FRAC0_S 0 1 -44932.9 -7400.18 7445.01 4.52023e+06 505748 -768379 1922.05 -11.6863 9.76313
1010101 FRAC0_S 0 1 -44942.6 -7075.88 7521.12 4.21951e+06 -275645 -1.02729e+06 1733.67 6.81349 13.3677
1010101 FRAC0_S 0 1 -44959.4 -6788.41 7693.69 3.79932e+06 230065 -1.26961e+06 1505.39 -5.9464 16.794
1010101 FRAC0_S 0 1 -44986.5 -6569.22 7949.18 4.78911e+06 208604 -1.71775e+06 2440.1 -4.2813 17.7925
1010101 FRAC0_S 0 1 -45016.3 -6444.39 8262.76 5.37868e+06 -186233 -1.76802e+06 2996.8 3.51041 16.8879