
Step FractureNumber TipNr TipActive TipX TipY TipZ KI KII KIII G Phi Psi Extension
1010000 FRAC0_S 0 1 -45000 44049 8233.09 -113186 80398 136930 3.06974 -29.9132 -26.6509
1010000 FRAC0_S 0 1 -45000 44178.1 7952.3 -92082.4 -9022.02 161820 3.48995 4.72156 -35.5059
1010000 FRAC0_S 0 1 -45000 44387.6 7725.12 -81223.4 -371968 -151560 15.3843 59.6283 17.4754
1010000 FRAC0_S 0 1 -45000 44657 7573.79 -82656 -134374 97775.2 2.88048 47.0048 -21.0426
1010000 FRAC0_S 0 1 -45000 44960 7513.12 -83634.5 76690.2 118.109 0.524092 -50.9255 -0.0574013
1010000 FRAC0_S 0 1 -45000 45266.9 7549.06 -107588 -197629 25281 3.56541 58.6863 -5.77341
1010000 FRAC0_S 0 1 -45000 45547.7 7678.08 -128848 -213934 -21612.6 4.14051 58.0657 4.51016
1010000 FRAC0_S 0 1 -45000 45774.9 7887.55 -132851 -185309 -59582.2 3.53213 51.8336 11.4821
1010000 FRAC0_S 0 1 -45000 45926.2 8156.97 -169972 -179106 -99594.7 4.17781 44.732 15.6881
1010000 FRAC0_S 0 1 -45000 45986.8 8459.98 -144532 -91750.5 -102253 2.14075 32.8013 20.5489
1010000 FRAC0_S 0 1 -45000 45951 8766.91 -154392 -56934.2 -113541 2.00342 22.3856 23.23
1010000 FRAC0_S 0 1 -45000 45821.9 9047.7 -149813 -2808.6 -108030 1.55287 1.50041 26.6592
1010000 FRAC0_S 0 1 -45000 45612.4 9274.88 -147640 33632.2 -106138 1.59908 -15.424 24.3043
1010000 FRAC0_S 0 1 -45000 45343 9426.21 -145489 18200.9 -141440 2.69021 -8.10189 29.0654
1010000 FRAC0_S 0 1 -45000 45040 9486.88 -118538 96073.3 -69656.5 1.46781 -39.3199 17.1315
1010000 FRAC0_S 0 1 -45000 44733.1 9450.94 -84363.3 -41622.7 745348 74.0416 6.52792 -42.575
1010000 FRAC0_S 0 1 -45000 44452.3 9321.92 -117218 169231 -19128.7 2.6007 -56.0639 4.75337
1010000 FRAC0_S 0 1 -45000 44225.1 9112.45 -110054 189058 18556.3 3.23083 -58.5264 -4.4437
1010000 FRAC0_S 0 1 -45000 44073.8 8843.03 -104484 197736 65079.9 4.04746 -55.0816 -12.7844
1010000 FRAC0_S 0 1 -45000 44013.2 8540.02 -95449 139400 110913 3.36774 -45.0654 -21.625
Step FractureNumber TipNr TipActive TipX TipY TipZ KI KII KIII G Phi Psi Extension
1010101 FRAC0_S 0 1 -45040.6 43968.9 8208.28 22591.2 470528 243312 27.6478 -60.874 -22.1684
1010101 FRAC0_S 0 1 -44986.8 44107.9 7908.9 -202196 -9097.85 217567 6.30296 2.93846 -31.0773
1010101 FRAC0_S 0 1 -44936.5 44345.2 7675.48 18414.2 -367006 -17431.1 12.0732 69.4458 3.31323
1010101 FRAC0_S 0 1 -44941.9 44637.3 7531.9 21344.4 -284810 65153.8 7.8335 66.2012 -12.6707
1010101 FRAC0_S 0 1 -44960.4 44957.6 7484.62 2646.63 -287838 67469.7 7.98891 67.3142 -13.5296
1010101 FRAC0_S 0 1 -44936.1 45281.2 7513.03 108672 -402600 403076 37.1044 48.0726 -27.972
1010101 FRAC0_S 0 1 -44916.6 45578 7633.98 193893 -441268 283189 31.3674 51.1085 -20.9147
1010101 FRAC0_S 0 1 -44921.9 45823.1 7851.23 332425 -533246 208839 40.9864 52.2378 -13.9133
1010101 FRAC0_S 0 1 -44931.6 45992.6 8134.22 315968 -734501 95948.7 58.1949 60.9629 -6.297
1010101 FRAC0_S 0 1 -44945.8 46067.8 8458.36 103985 -610311 -53356.5 34.5338 67.0593 5.26205
1010101 FRAC0_S 0 1 -44966.7 46037.2 8792.4 -142326 -616659 4340.85 33.8882 67.4157 -0.4425
1010101 FRAC0_S 0 1 -44995.8 45900.7 9100.57 -432747 -84634.7 -210025 6.50497 15.3416 19.7699
1010101 FRAC0_S 0 1 -45016.1 45671.7 9349.76 -343594 118482 -97321 2.51062 -26.5122 12.5712
1010101 FRAC0_S 0 1 -45029.5 45376 9510.86 -306047 255260 -9221.09 5.8175 -48.6251 1.25205
1010101 FRAC0_S 0 1 -45032.4 45043.5 9572.65 -282143 199051 -33411.8 3.67914 -43.6793 4.92518
1010101 FRAC0_S 0 1 -45030.9 44712.8 9529.71 -105452 362277 -948607 131.376 -31.2301 37.4382
1010101 FRAC0_S 0 1 -45060 44419.9 9377.16 -54651.3 346865 -148099 13.6385 -60.4741 18.6218
1010101 FRAC0_S 0 1 -45083.9 44183.5 9145.22 340856 406114 -268902 34.6668 -44.7806 18.3344
1010101 FRAC0_S 0 1 -45080 44019.1 8861.78 523932 586452 -154960 58.3021 -49.8497 9.05731
1010101 FRAC0_S 0 1 -45068.4 43943.6 8540.57 385031 643562 99047.8 51.4221 -57.1 -6.59663