
Step FractureNumber TipNr TipActive TipX TipY TipZ KI KII KIII G Phi Psi Extension
1010000 FRAC0_S 0 1 44210.8 30250.9 9038.31 63675 -1.3953e+06 -1.41056e+06 438.473 51.524 30.368
1010000 FRAC0_S 0 1 44300.8 30001.8 9197.53 24147.4 -638378 -1.6259e+06 387.961 33.607 38.7599
1010000 FRAC0_S 0 1 44459.1 29752.4 9288.46 -25598.7 174069 -1.83536e+06 450.715 -11.4629 43.5049
1010000 FRAC0_S 0 1 44670.4 29527.4 9302.2 52929 877849 -1.5677e+06 395.789 -40.5481 35.9496
1010000 FRAC0_S 0 1 44914 29348.6 9237.43 106041 1.50164e+06 -1.3043e+06 428.2 -53.5801 28.3163
1010000 FRAC0_S 0 1 45166 29233.5 9100.47 191277 2.02513e+06 -945363 487.577 -60.9534 20.3717
1010000 FRAC0_S 0 1 45401.8 29193.6 8904.73 337255 2.5344e+06 -532681 620.243 -65.429 11.3968
1010000 FRAC0_S 0 1 45598.2 29232.5 8669.38 323058 2.01773e+06 -18852.6 372.135 -68.5303 0.621082
1010000 FRAC0_S 0 1 45736 29346.5 8417.44 -81075.7 2.1755e+06 612523 471.641 -65.9091 -15.1481
1010000 FRAC0_S 0 1 45801.8 29524.5 8173.59 547895 2.05419e+06 948827 522.503 -57.5634 -18.4859
1010000 FRAC0_S 0 1 45789.2 29749.1 7961.69 593463 1.51621e+06 1.31158e+06 465.032 -48.2962 -25.0523
1010000 FRAC0_S 0 1 45699.2 29998.2 7802.47 636780 887647 1.58609e+06 440.93 -34.2512 -31.1928
1010000 FRAC0_S 0 1 45540.9 30247.6 7711.54 887728 263248 1.31545e+06 306.543 -14.1451 -32.2137
1010000 FRAC0_S 0 1 45329.6 30472.6 7697.8 398623 -794848 1.62288e+06 420.746 33.936 -33.9888
1010000 FRAC0_S 0 1 45086 30651.4 7762.57 606986 -1.40479e+06 1.41183e+06 473.788 45.6598 -26.5538
1010000 FRAC0_S 0 1 44834 30766.5 7899.53 373764 -1.38354e+06 723242 252.591 56.3094 -19.9368
1010000 FRAC0_S 0 1 44598.2 30806.4 8095.27 444686 -2.38944e+06 541574 565.399 64.0248 -11.6644
1010000 FRAC0_S 0 1 44392.2 30763.1 8344.7 669821 -1.93918e+06 106647 376.584 64.2773 -3.01226
1010000 FRAC0_S 0 1 44264 30653.5 8582.56 478264 -2.05707e+06 -427465 421.758 63.4583 10.5667
1010000 FRAC0_S 0 1 44198.2 30475.5 8826.41 177679 -2.15414e+06 -1.10045e+06 577.373 60.293 21.6159
Step FractureNumber TipNr TipActive TipX TipY TipZ KI KII KIII G Phi Psi Extension
1010101 FRAC0_S 0 1 44204.3 30307.9 9117.2 1.54592e+06 -733891 -1.30797e+06 488.491 25.7085 24.05
1010101 FRAC0_S 0 1 44269.8 30024.1 9279.38 911542 -528363 -1.63828e+06 455.886 21.9682 32.1658
1010101 FRAC0_S 0 1 44404.1 29724 9350.58 412878 13026.6 -1.19722e+06 205.84 -1.11908 39.5791
1010101 FRAC0_S 0 1 44609.8 29460 9330.46 834982 384409 -1.45477e+06 356.77 -18.6784 32.6665
1010101 FRAC0_S 0 1 44861.8 29265.3 9237.17 1.22864e+06 494122 -1.13139e+06 326.517 -22.1394 25.7339
1010101 FRAC0_S 0 1 45123 29146.5 9080.6 1.77359e+06 239247 -845504 380.486 -11.2278 20.1851
1010101 FRAC0_S 0 1 45365.4 29107.7 8869.9 2.03355e+06 309761 -550956 417.423 -14.1818 13.6523
1010101 FRAC0_S 0 1 45567.9 29149.9 8622.76 2.16211e+06 261412 -153334 425.781 -13.4821 4.5245
1010101 FRAC0_S 0 1 45715.7 29267.5 8360.91 2.3747e+06 130941 159381 507.414 -6.70969 -4.54674
1010101 FRAC0_S 0 1 45796.2 29452.4 8106.49 1.96518e+06 381900 617782 407.892 -16.8718 -14.8199
1010101 FRAC0_S 0 1 45799.4 29692.4 7882.67 1.63711e+06 407287 1.04381e+06 398.518 -17.2463 -22.5939
1010101 FRAC0_S 0 1 45724.5 29969.5 7714.32 1.4318e+06 297825 1.5739e+06 520.045 -12.0526 -29.671
1010101 FRAC0_S 0 1 45581.9 30262.5 7634.28 1.34064e+06 78181.4 1.68883e+06 540.04 -3.47778 -32.6427
1010101 FRAC0_S 0 1 45381.1 30533 7654.62 1.01597e+06 -23179.8 1.18911e+06 280.085 1.4488 -32.2268
1010101 FRAC0_S 0 1 45134.4 30735.9 7751.91 1.80609e+06 -443781 1.7136e+06 698.767 14.7979 -27.5547
1010101 FRAC0_S 0 1 44873.8 30855.7 7912.45 1.81206e+06 -321319 984647 430.746 13.6839 -21.3408
1010101 FRAC0_S 0 1 44631.4 30894.4 8126.96 2.11509e+06 -330290 616977 458.991 14.2854 -14.3753
1010101 FRAC0_S 0 1 44427.8 30852.6 8375.24 2.2753e+06 -434573 184784 482.693 19.4404 -4.84475
1010101 FRAC0_S 0 1 44282 30734 8638.03 2.25552e+06 -562399 -348387 497.662 22.6584 8.18279
1010101 FRAC0_S 0 1 44206.6 30548 8893.3 1.82557e+06 -1.28441e+06 -1.17937e+06 628.976 35.6453 18.9515