
Step FractureNumber TipNr TipActive TipX TipY TipZ KI KII KIII G Phi Psi Extension
1010000 FRAC0_S 0 1 -44780.2 -44438 7718.14 461345 400420 116678 35.0642 -45.5704 -8.8321
1010000 FRAC0_S 0 1 -45035 -44284.7 7819.74 475793 395787 202354 39.5775 -42.0881 -13.5254
1010000 FRAC0_S 0 1 -45278.2 -44205.3 7983.59 563135 397563 245503 50.3591 -38.5394 -14.5086
1010000 FRAC0_S 0 1 -45498.5 -44201.8 8200.28 692413 321089 399091 73.093 -28.2059 -19.4028
1010000 FRAC0_S 0 1 -45670 -44276.3 8446.31 522096 75426.9 333930 39.6277 -10.8779 -23.722
1010000 FRAC0_S 0 1 -45775.9 -44421.7 8697.59 741827 -89125.9 492883 82.0559 9.10808 -24.4661
1010000 FRAC0_S 0 1 -45805.9 -44623.6 8929.52 713893 -300500 408900 75.6984 26.4379 -19.685
1010000 FRAC0_S 0 1 -45757 -44862.4 9119.42 662548 -422175 293532 66.4583 36.3157 -15.1151
1010000 FRAC0_S 0 1 -45633.9 -45114.7 9248.68 668757 -542706 197899 71.3076 43.5305 -10.3019
1010000 FRAC0_S 0 1 -45448.8 -45355.8 9304.66 744877 -689760 96496.2 93.0762 48.8627 -4.7847
1010000 FRAC0_S 0 1 -45219.8 -45562 9281.86 511944 -445689 -119372 42.9505 45.9477 8.23989
1010000 FRAC0_S 0 1 -44969.3 -45713.3 9182.54 696933 -603341 -185362 80.2897 45.3112 9.21829
1010000 FRAC0_S 0 1 -44721.8 -45794.7 9016.41 526489 -333952 -230362 41.6962 36.3003 15.0007
1010000 FRAC0_S 0 1 -44501.5 -45798.2 8799.72 740359 -285696 -380969 75.4207 25.5409 18.7001
1010000 FRAC0_S 0 1 -44330 -45723.7 8553.69 644471 -175662 -399396 60.9767 18.7133 22.0055
1010000 FRAC0_S 0 1 -44224.1 -45578.3 8302.41 672892 102282 -414625 64.1444 -11.5179 23.1742
1010000 FRAC0_S 0 1 -44194.1 -45376.4 8070.48 643873 286843 -375102 62.9878 -27.3755 19.6828
1010000 FRAC0_S 0 1 -44243 -45137.6 7880.58 592515 400708 -291995 56.932 -36.8449 16.0178
1010000 FRAC0_S 0 1 -44366.1 -44885.3 7751.32 593524 507698 -187181 59.0195 -44.2979 10.6354
1010000 FRAC0_S 0 1 -44551.2 -44644.2 7695.34 679020 636459 -56768.1 77.611 -49.8749 3.17029
Step FractureNumber TipNr TipActive TipX TipY TipZ KI KII KIII G Phi Psi Extension
1010101 FRAC0_S 0 1 -44807 -44440.2 7623.16 1.04233e+06 -36909.2 27114.4 97.0323 4.59266 -1.8918
1010101 FRAC0_S 0 1 -45072.2 -44272.9 7729.1 1.01827e+06 15625.5 167780 96.1606 -1.8086 -10.2472
1010101 FRAC0_S 0 1 -45335.5 -44177.1 7909.16 1.15378e+06 58845.3 326737 133.132 -5.24949 -15.0691
1010101 FRAC0_S 0 1 -45568.3 -44157.7 8149.99 656562 -8276.9 266955 47.8973 1.23806 -19.638
1010101 FRAC0_S 0 1 -45743.8 -44218.1 8431.9 921620 14814 449512 102.582 -1.48843 -21.8268
1010101 FRAC0_S 0 1 -45841.3 -44358 8724.13 780365 16005.3 399808 75.5477 -1.86072 -22.384
1010101 FRAC0_S 0 1 -45853.6 -44565.6 8990.25 710259 -160013 204655 52.8053 19.2892 -13.6542
1010101 FRAC0_S 0 1 -45784.2 -44817 9201.62 1.03297e+06 24237.1 325408 109.218 -2.43267 -16.5299
1010101 FRAC0_S 0 1 -45640.8 -45082.8 9341.49 1.16849e+06 191181 339310 140.237 -14.8674 -14.2615
1010101 FRAC0_S 0 1 -45437.2 -45337.6 9401.01 1.08501e+06 95731.9 80013.2 106.572 -10.2269 -4.81732
1010101 FRAC0_S 0 1 -45192.6 -45558.6 9376.82 1.08711e+06 81005.2 -45967.1 106.176 -9.02939 2.90591
1010101 FRAC0_S 0 1 -44926.9 -45725.3 9270.57 1.08894e+06 52717.1 -176907 110.075 -5.48541 9.87096
1010101 FRAC0_S 0 1 -44664.9 -45824.5 9090.04 1.04195e+06 21042.5 -294336 108.305 -2.15358 15.3625
1010101 FRAC0_S 0 1 -44431.3 -45842.7 8850.85 951888 60807.3 -418799 104.399 -5.82064 19.9952
1010101 FRAC0_S 0 1 -44254.6 -45778.4 8570.81 911268 55783.3 -462392 102.711 -5.35683 21.7782
1010101 FRAC0_S 0 1 -44159.2 -45640.6 8276.47 946711 -200727 -487849 115.11 16.1299 20.3325
1010101 FRAC0_S 0 1 -44148.2 -45435.2 8008.91 919419 -1698.5 -395159 96.0958 0.180537 20.4422
1010101 FRAC0_S 0 1 -44216.9 -45183.5 7798.24 1.01635e+06 -11449 -291502 103.36 1.20966 15.6232
1010101 FRAC0_S 0 1 -44360.4 -44917.9 7658.67 1.09025e+06 -60416 -184295 110.762 6.19258 10.1392
1010101 FRAC0_S 0 1 -44563.6 -44663 7599.21 1.069e+06 13760.9 -77576.8 102.649 -1.65047 5.06735