
Step FractureNumber TipNr TipActive TipX TipY TipZ KI KII KIII G Phi Psi Extension
1010000 FRAC0_S 0 1 0 -29019.2 8617.02 3.23843e+06 237085 19181 939.591 -9.17562 -0.427117
1010000 FRAC0_S 0 1 0 -29103.5 8914.36 3.22713e+06 227184 68529 933.246 -8.73734 -1.50483
1010000 FRAC0_S 0 1 0 -29275.4 9171.13 3.35398e+06 182493 107155 1006.91 -6.8364 -2.26535
1010000 FRAC0_S 0 1 0 -29518.2 9362.22 3.38231e+06 97160.3 127043 1022.41 -3.72083 -2.70667
1010000 FRAC0_S 0 1 0 -29808.3 9468.89 3.39695e+06 9142.35 164472 1031.87 -0.358008 -3.52291
1010000 FRAC0_S 0 1 0 -30117.1 9480.74 3.21509e+06 -60371.7 155501 924.655 2.44178 -3.46739
1010000 FRAC0_S 0 1 0 -30414.4 9396.57 3.25495e+06 -102410 133668 947.407 4.0467 -2.93817
1010000 FRAC0_S 0 1 0 -30671.2 9224.65 3.30513e+06 385913 -179069 990.96 -13.2643 3.53839
1010000 FRAC0_S 0 1 0 -30862.2 8981.79 3.33404e+06 -207965 69045.6 995.018 7.83061 -1.47935
1010000 FRAC0_S 0 1 0 -30968.9 8691.77 3.19782e+06 -227879 26692.7 915.967 8.93589 -0.601097
1010000 FRAC0_S 0 1 0 -30980.8 8382.98 3.1897e+06 -223030 -19535.9 911.107 8.80168 0.442895
1010000 FRAC0_S 0 1 0 -30896.5 8085.64 3.29878e+06 -167326 -66574.1 972.774 6.47409 1.45821
1010000 FRAC0_S 0 1 0 -30724.6 7828.87 2.82856e+06 609963 451692 773.237 -20.2303 -8.61167
1010000 FRAC0_S 0 1 0 -30481.8 7637.78 3.53726e+06 -154828 -105070 1118.57 5.59208 2.13304
1010000 FRAC0_S 0 1 0 -30191.7 7531.11 2.88036e+06 53549 405669 761.44 -2.22686 -8.98798
1010000 FRAC0_S 0 1 0 -29882.9 7519.26 3.17391e+06 32017.7 -150622 900.774 -1.32907 3.43373
1010000 FRAC0_S 0 1 0 -29585.6 7603.43 3.10728e+06 517797 -590200 930.596 -16.1411 10.2742
1010000 FRAC0_S 0 1 0 -29328.8 7775.35 2.9364e+06 219428 -181944 777.039 -8.90118 4.15378
1010000 FRAC0_S 0 1 0 -29137.8 8018.21 3.06328e+06 598662 -185300 872.683 -20.0902 3.68027
1010000 FRAC0_S 0 1 0 -29031.1 8308.23 3.01783e+06 637108 -49466.5 848.048 -22.0076 1.03568
Step FractureNumber TipNr TipActive TipX TipY TipZ KI KII KIII G Phi Psi Extension
1010101 FRAC0_S 0 1 -21.1389 -28925.1 8628.74 3.75133e+06 -574468 -64623.8 1283.96 17.12 1.14095
1010101 FRAC0_S 0 1 -14.5576 -29015.8 8954.89 2.78056e+06 -193340 35225.8 692.449 8.70621 -0.908571
1010101 FRAC0_S 0 1 -11.3717 -29204.4 9237.02 3.91697e+06 -266462 91931 1374.64 8.4536 -1.66194
1010101 FRAC0_S 0 1 -6.37683 -29470.8 9447.16 4.10677e+06 -71336 213471 1509.4 2.25567 -3.71355
1010101 FRAC0_S 0 1 -0.86969 -29789.3 9564.52 3.8605e+06 -15642.1 175605 1332.17 0.53944 -3.31858
1010101 FRAC0_S 0 1 3.73824 -30128.6 9577.5 3.81316e+06 96805.2 59153.2 1296.98 -3.3729 -1.15513
1010101 FRAC0_S 0 1 -1.14248 -30454.8 9484.5 3.86522e+06 -206502 291916 1346.43 6.46852 -5.07032
1010101 FRAC0_S 0 1 -6.30177 -30736.3 9295.06 4.22651e+06 -615781 175150 1629.67 16.1276 -2.68263
1010101 FRAC0_S 0 1 4.95941 -30946.2 9028.59 4.05002e+06 -67264.1 -46490.4 1462.33 2.24337 0.86679
1010101 FRAC0_S 0 1 14.998 -31063.5 8710.51 3.76679e+06 315067 31858.6 1273.33 -10.3119 -0.602092
1010101 FRAC0_S 0 1 14.3528 -31076.6 8371.5 4.23213e+06 325992 -34334.4 1605.67 -9.5851 0.581305
1010101 FRAC0_S 0 1 0.8182 -30983.5 8045.94 3.73499e+06 -271619 96674.7 1250.91 8.96065 -1.81939
1010101 FRAC0_S 0 1 -12.0347 -30793.8 7764.85 3.04646e+06 -660540 -124113 867.951 22.0572 2.49225
1010101 FRAC0_S 0 1 -4.74397 -30528.1 7553.9 4.08842e+06 -399212 -275051 1513.75 11.2431 4.39453
1010101 FRAC0_S 0 1 -0.08654 -30210.6 7435.56 3.67379e+06 -32723.1 -157151 1206.07 1.1807 3.11799
1010101 FRAC0_S 0 1 -9.08122 -29871.8 7423.33 4.00011e+06 -391516 -139000 1442.07 11.5754 2.36199
1010101 FRAC0_S 0 1 -18.3483 -29545.7 7516.89 3.73606e+06 -587628 -137078 1277.08 17.2278 2.36575
1010101 FRAC0_S 0 1 -23.2741 -29264.7 7705.86 3.63054e+06 -715565 -111846 1221.83 20.6685 1.93619
1010101 FRAC0_S 0 1 -30.4114 -29057.2 7972.69 3.8071e+06 -885447 -16917.3 1361.46 23.8475 0.279764
1010101 FRAC0_S 0 1 -31.3104 -28940.6 8290.71 3.6749e+06 -899173 -78734.5 1276.29 24.4413 1.31046