
Step FractureNumber TipNr TipActive TipX TipY TipZ KI KII KIII G Phi Psi Extension
1010000 FRAC0_S 0 1 211.513 -21535.2 8500 -1.93281e+07 -95602.6 145759 3.64014 0.682272 -0.579137
1010000 FRAC0_S 0 1 -96.9711 -21517.1 8500 -500992 1.16032e+06 137177 122.474 -61.1863 -5.75737
1010000 FRAC0_S 0 1 -395.963 -21595.1 8500 -7.70563e+06 456352 293083 29.9822 -7.35241 -2.66411
1010000 FRAC0_S 0 1 -656.195 -21761.8 8500 -308014 631316 432435 60.3867 -49.6047 -21.3093
1010000 FRAC0_S 0 1 -852.194 -22000.7 8500 -464821 443123 810224 104.807 -31.4506 -29.4436
1010000 FRAC0_S 0 1 -964.775 -22288.5 8500 -513462 105477 901328 109.039 -9.37636 -34.6447
1010000 FRAC0_S 0 1 -982.916 -22596.9 8500 -442879 -330110 883764 113.589 25.1161 -32.2175
1010000 FRAC0_S 0 1 -904.844 -22896 8500 -1.60995e+07 -253745 31687.3 5.87104 2.15132 -0.150723
1010000 FRAC0_S 0 1 -738.198 -23156.2 8500 -458355 -1.05148e+06 676901 159.46 51.1334 -20.9827
1010000 FRAC0_S 0 1 -499.292 -23352.2 8500 -494227 -1.30069e+06 423288 174.587 58.0238 -13.6826
1010000 FRAC0_S 0 1 -211.513 -23464.8 8500 -451915 -1.46527e+06 164295 194.911 63.865 -5.95109
1010000 FRAC0_S 0 1 96.9711 -23482.9 8500 -178831 -1.39593e+06 -113835 175.366 67.8972 5.10831
1010000 FRAC0_S 0 1 395.963 -23404.9 8500 -427384 -1.37739e+06 -446827 195.613 59.4476 14.1794
1010000 FRAC0_S 0 1 656.195 -23238.2 8500 -2.57036e+06 -868585 -729623 138.031 26.132 12.6413
1010000 FRAC0_S 0 1 852.194 -22999.3 8500 -423793 -556700 -728655 98.2313 38.1741 27.2556
1010000 FRAC0_S 0 1 964.775 -22711.5 8500 -1.35301e+07 -13158.4 -169665 3.84398 0.134274 0.960013
1010000 FRAC0_S 0 1 982.916 -22403.1 8500 -442890 195970 -850834 99.7034 -17.2057 33.7846
1010000 FRAC0_S 0 1 904.844 -22104 8500 4.88469e+06 626754 -960440 2283.87 -12.9015 10.8486
1010000 FRAC0_S 0 1 738.198 -21843.8 8500 -343226 719297 -437649 71.5789 -51.0339 19.9466
1010000 FRAC0_S 0 1 499.292 -21647.8 8500 -4.9136e+06 689797 -194517 47.4326 -15.6654 2.57971
Step FractureNumber TipNr TipActive TipX TipY TipZ KI KII KIII G Phi Psi Extension
1010101 FRAC0_S 0 1 233.205 -21453.6 8471.94 2.64632e+06 1.1816e+07 -1.9516e+06 13571.9 -64.5071 8.80762
1010101 FRAC0_S 0 1 -103.924 -21446 8453.29 1.32824e+06 2.75076e+06 245178 839.471 -60.7321 -4.31645
1010101 FRAC0_S 0 1 -427.79 -21525.6 8452.66 -5.9372e+06 4.64891e+06 417911 1949.1 -46.6524 -2.91469
1010101 FRAC0_S 0 1 -726.216 -21722.7 8444.09 876273 4.86564e+06 2.55794e+06 3048.28 -58.0157 -20.9045
1010101 FRAC0_S 0 1 -923.857 -21961.8 8450.8 961062 1.71441e+06 1.74399e+06 748.736 -43.7753 -25.6412
1010101 FRAC0_S 0 1 -1053.89 -22269.4 8489.42 108932 -305603 -651919 65.9044 34.3703 35.3495
1010101 FRAC0_S 0 1 -1074.96 -22606.2 8518.09 -1.00638e+06 -1.73986e+06 4.46783e+06 2924.63 29.6931 -35.6496
1010101 FRAC0_S 0 1 -984.872 -22928.6 8531.95 533319 -1.70842e+06 1.72604e+06 681.666 47.3028 -27.6863
1010101 FRAC0_S 0 1 -791.228 -23198.5 8561.07 2.07719e+06 -1.88226e+06 1.49235e+06 996.399 39.9917 -18.8786
1010101 FRAC0_S 0 1 -526.761 -23396.2 8584.32 1.86604e+07 1.28098e+07 2.51026e+06 46489.1 -42.8288 -5.58207
1010101 FRAC0_S 0 1 -221.999 -23507 8589.26 1.07249e+07 -1.6452e+07 1.6944e+06 34750.9 57.0474 -4.464
1010101 FRAC0_S 0 1 101.554 -23524 8590.3 -1.32937e+06 -1.37958e+06 268750 179.203 49.837 -6.77103
1010101 FRAC0_S 0 1 421.987 -23454.3 8577.23 4.17399e+06 -7.58534e+06 -2.0278e+06 7226.55 55.836 10.7583
1010101 FRAC0_S 0 1 708.07 -23293.4 8559 1.70563e+06 -2.1731e+06 -1.32258e+06 912.692 46.273 17.7
1010101 FRAC0_S 0 1 925.441 -23041.3 8541.97 2.26324e+07 6.25085e+06 -3.38369e+06 50649.1 -24.4942 7.8166
1010101 FRAC0_S 0 1 1054.34 -22729.8 8508.18 101324 -376966 -1.61806e+06 361.789 22.9113 40.5444
1010101 FRAC0_S 0 1 1077.19 -22393.9 8479.69 2.0717e+06 -756010 7.43614e+06 7787.77 9.93228 -39.1892
1010101 FRAC0_S 0 1 985.009 -22071.7 8462.01 490096 1.35488e+06 -1.37473e+06 436.338 -46.5177 27.2878
1010101 FRAC0_S 0 1 796.192 -21792.4 8448.79 -2.24009e+07 1.8849e+07 -2.05776e+06 32222.7 -47.6728 3.63165
1010101 FRAC0_S 0 1 540.733 -21571.5 8467.35 388921 2.3473e+06 -516726 539.969 -64.5742 11.5575