
Step FractureNumber TipNr TipActive TipX TipY TipZ KI KII KIII G Phi Psi Extension
1010000 FRAC0_S 0 1 -15000 29248.7 7858.8 -1.73128e+07 923597 -3.40677e+07 154437 -2.45032 36.8044
1010000 FRAC0_S 0 1 -15000 29487.6 7655.6 -4.17429e+06 1.61687e+06 -7.86026e+06 8450.2 -15.5996 33.9707
1010000 FRAC0_S 0 1 -15000 29773.6 7538.6 -5.59272e+06 4.67594e+06 -8.62358e+06 11839 -30.3627 28.7282
1010000 FRAC0_S 0 1 -15000 30081.8 7515.7 -5.80803e+06 7.28548e+06 -7.364e+06 11942.2 -40.98 23.8013
1010000 FRAC0_S 0 1 -15000 30382 7589.16 -7.0439e+06 1.07779e+07 -6.11619e+06 15326.5 -48.8436 17.7748
1010000 FRAC0_S 0 1 -15000 30644.7 7751.78 -4.67706e+06 -1.7963e+07 -1.89293e+07 76409.5 47.4259 28.6758
1010000 FRAC0_S 0 1 -15000 30844.5 7987.64 -3.88532e+06 6.82677e+06 958787 4275.22 -57.9408 -6.18515
1010000 FRAC0_S 0 1 -15000 30961.5 8273.65 -1.62964e+06 1.89788e+06 3.74007e+06 2181.39 -31.7863 -31.401
1010000 FRAC0_S 0 1 -15000 30984.3 8581.81 -91783.8 -3.89543e+06 3.63397e+06 3108.55 53.2705 -29.6894
1010000 FRAC0_S 0 1 -15000 30910.8 8881.97 6.75156e+06 -2.83259e+07 1.37058e+07 100544 57.6901 -19.3095
1010000 FRAC0_S 0 1 -15000 30748.2 9144.74 -1.05999e+07 9.18833e+06 1.08798e+07 23266.3 -35.6615 -23.5181
1010000 FRAC0_S 0 1 -15000 30512.4 9344.4 4.44142e+06 -1.26364e+07 -6.30709e+06 21277.4 55.2115 18.6367
1010000 FRAC0_S 0 1 -15000 30226.4 9461.4 1.298e+07 2.01455e+07 -2.60988e+07 141770 -39.5224 27.9643
1010000 FRAC0_S 0 1 -15000 29918.2 9484.3 4.51528e+06 -5.18381e+06 -1.15175e+07 21854.1 30.0272 32.6178
1010000 FRAC0_S 0 1 -15000 29618 9410.84 2.48092e+06 -464865 -8.61395e+06 10436.4 5.51678 39.799
1010000 FRAC0_S 0 1 -15000 29355.3 9248.22 2.15302e+06 2.29315e+06 -9.63896e+06 13238.6 -20.9375 37.9238
1010000 FRAC0_S 0 1 -15000 29155.5 9012.36 1.16809e+06 3.72265e+06 -7.99788e+06 9863.97 -34.5969 35.6947
1010000 FRAC0_S 0 1 -15000 29038.5 8726.35 1.48116e+07 2.7964e+07 -2.37382e+07 164177 -46.4864 23.6343
1010000 FRAC0_S 0 1 -15000 29015.7 8418.19 -1.31852e+07 -1.95167e+07 -2.02939e+07 88716.8 42.0641 25.0298
1010000 FRAC0_S 0 1 -15000 29089.2 8118.03 -2.09575e+06 667871 -5.90865e+06 4683.07 -10.3666 37.8247
Step FractureNumber TipNr TipActive TipX TipY TipZ KI KII KIII G Phi Psi Extension
1010101 FRAC0_S 0 1 -15013.3 29178.8 7792.55 -4.04379e+06 372715 -7.98735e+06 8497.48 -4.14356 36.5436
1010101 FRAC0_S 0 1 -15027.1 29438.8 7577.13 -2.65602e+07 -2.11751e+07 -2.51625e+07 124164 34.7603 22.9918
1010101 FRAC0_S 0 1 -15048.4 29752.8 7457.21 -2.54807e+06 5.96392e+06 -9.55388e+06 15309.3 -38.5883 32.0202
1010101 FRAC0_S 0 1 -15064.2 30086.4 7441.92 815651 9.40217e+06 -7.95324e+06 16349.5 -53.6985 27.8178
1010101 FRAC0_S 0 1 -15035.6 30407.3 7527.19 -2.70083e+07 -1.84389e+07 -2.05814e+07 86634.7 33.637 21.1067
1010101 FRAC0_S 0 1 -15003.2 30684.5 7704.09 -5.24445e+06 1.22357e+07 -569885 13384.1 -62.7366 2.42976
1010101 FRAC0_S 0 1 -15037.1 30898.8 7956.18 -494761 1.4179e+07 -997114 18047.2 -69.3656 4.82943
1010101 FRAC0_S 0 1 -15027.5 31029 8258.26 -664136 3.49044e+06 2.70919e+06 2061.82 -53.0921 -25.6461
1010101 FRAC0_S 0 1 -14952 31047.1 8584.6 4.4091e+06 -4.14357e+06 3.67139e+06 5054.99 39.4126 -20.4499
1010101 FRAC0_S 0 1 -14952.3 30965.8 8906.81 5.76903e+07 -1.89514e+07 -2.20414e+07 393192 24.3044 15.7754
1010101 FRAC0_S 0 1 -14987.5 30798.8 9188.62 6.11038e+06 -1.15937e+07 -2.52448e+06 16152.4 57.2451 9.22028
1010101 FRAC0_S 0 1 -14989.5 30547 9400.82 7.30442e+06 -1.5887e+07 -6.21152e+06 32377 55.2086 15.0051
1010101 FRAC0_S 0 1 -14998.8 30240.8 9532.71 6.48527e+06 -1.04584e+07 -1.10173e+07 29638.2 42.5719 25.6104
1010101 FRAC0_S 0 1 -14988.5 29909.4 9569.16 4.1399e+06 -1.33608e+07 -1.29163e+07 39622.6 47.9895 27.1714
1010101 FRAC0_S 0 1 -14991.6 29581.7 9495.99 6.49076e+06 162488 -1.26283e+07 24966.7 -1.17483 36.9302
1010101 FRAC0_S 0 1 -15029.7 29297.5 9317.22 5.70527e+06 1.84426e+06 -1.16065e+07 21120.1 -12.8298 35.1451
1010101 FRAC0_S 0 1 -15055.5 29088.5 9055.34 -1.61265e+06 998866 -5.84631e+06 4634.76 -15.5576 38.1486
1010101 FRAC0_S 0 1 -15033.8 28969 8743.38 -377405 3.00917e+06 -7.64115e+06 8572.4 -32.99 38.2027
1010101 FRAC0_S 0 1 -14989.2 28939.3 8409.55 -2.46484e+06 1.43167e+06 -6.38271e+06 5600.92 -18.1411 35.7094
1010101 FRAC0_S 0 1 -14993.3 29006.4 8081.16 -993407 607874 -5.04915e+06 3423.61 -12.2117 40.1975