
Step FractureNumber TipNr TipActive TipX TipY TipZ KI KII KIII G Phi Psi Extension
1010000 FRAC0_S 0 1 -14013.8 30054.3 8500 1.07755e+06 -3.75705e+06 -7.51081e+06 8864.13 36.1228 35.2398
1010000 FRAC0_S 0 1 -14078.8 30356.4 8500 1.08291e+06 -282576 -7.64022e+06 7875.22 4.32393 42.4218
1010000 FRAC0_S 0 1 -14234 30623.6 8500 -9.75608e+06 2.21269e+06 -7.15423e+06 7243.63 -15.262 24.5623
1010000 FRAC0_S 0 1 -14464.3 30829.8 8500 1.12764e+06 6.66073e+06 -6.74203e+06 10112.2 -49.4668 29.087
1010000 FRAC0_S 0 1 -14746.9 30954.7 8500 2.63536e+07 1.17513e+07 -4.81848e+06 77281.6 -33.0816 8.34024
1010000 FRAC0_S 0 1 -15054.3 30986.2 8500 1.22436e+06 1.15231e+07 -2.834e+06 13034 -65.2512 13.0952
1010000 FRAC0_S 0 1 -15356.4 30921.2 8500 1.22105e+06 1.22498e+07 -281823 13515.2 -69.1641 1.58453
1010000 FRAC0_S 0 1 -15623.6 30766 8500 1.60774e+06 1.24693e+07 2.40641e+06 14855.7 -65.8487 -10.6838
1010000 FRAC0_S 0 1 -15829.8 30535.7 8500 -1.94538e+07 8.41527e+06 2.91382e+06 7439.7 -33.0411 -7.08756
1010000 FRAC0_S 0 1 -15954.7 30253.1 8500 1.35518e+06 8.27846e+06 7.49029e+06 13732.5 -51.3219 -27.8045
1010000 FRAC0_S 0 1 -15986.2 29945.7 8500 1.05398e+06 3.78553e+06 7.55069e+06 8958.68 -36.2394 -35.2784
1010000 FRAC0_S 0 1 -15921.2 29643.6 8500 -1.39741e+07 1.41257e+06 6.71082e+06 6167.47 -8.66338 -20.6444
1010000 FRAC0_S 0 1 -15766 29376.4 8500 1.19224e+06 -3.54948e+06 8.17184e+06 10130.9 33.1925 -36.1444
1010000 FRAC0_S 0 1 -15535.7 29170.2 8500 1.03863e+06 -6.57086e+06 6.48383e+06 9534.88 50.057 -28.9003
1010000 FRAC0_S 0 1 -15253.1 29045.3 8500 1.67662e+06 -8.10777e+06 4.60593e+06 8929.76 56.6577 -21.5849
1010000 FRAC0_S 0 1 -14945.7 29013.8 8500 1.04612e+06 -1.04552e+07 2.54547e+06 10700 65.4237 -13.051
1010000 FRAC0_S 0 1 -14643.6 29078.8 8500 1.01171e+06 -1.03751e+07 112452 9684.92 69.331 -0.759609
1010000 FRAC0_S 0 1 -14376.4 29234 8500 1.08331e+07 -1.11692e+07 -2.67407e+06 22525.2 49.0268 8.06498
1010000 FRAC0_S 0 1 -14168.7 29466.7 8500 540378 -1.0899e+07 -5.07621e+06 14038.4 61.9043 20.8564
1010000 FRAC0_S 0 1 -14045.3 29746.9 8500 800805 -5.47926e+06 -4.9894e+06 6043.35 51.5209 28.0649
Step FractureNumber TipNr TipActive TipX TipY TipZ KI KII KIII G Phi Psi Extension
1010101 FRAC0_S 0 1 -13935.2 30061.5 8550.93 5.78698e+06 -1.82316e+06 -8.28481e+06 12409.3 15.1371 31.6902
1010101 FRAC0_S 0 1 -13993.5 30390.7 8511.93 3.98483e+06 884373 -6.19205e+06 6584.07 -10.7459 33.3229
1010101 FRAC0_S 0 1 -14164.6 30676.7 8469.73 5.42563e+06 3.21081e+06 -9.04179e+06 14415.1 -23.1184 31.2616
1010101 FRAC0_S 0 1 -14422.6 30892.6 8441.78 7.99044e+06 5.25968e+06 -7.35779e+06 15354.8 -31.1718 23.6422
1010101 FRAC0_S 0 1 -14727.9 31019.3 8431.01 1.11501e+07 6.82198e+06 -5.82417e+06 19737.3 -34.3825 17.1138
1010101 FRAC0_S 0 1 -15053.3 31035.7 8417.58 1.40332e+07 5.02467e+06 -2.1132e+06 20392.3 -29.2841 7.45681
1010101 FRAC0_S 0 1 -15369.9 30956.1 8407.75 8.74846e+06 4.41091e+06 923917 8667.35 -36.9816 -4.97507
1010101 FRAC0_S 0 1 -15657.3 30801.5 8417.38 1.5943e+07 607924 2.76813e+06 23702.1 -4.33614 -10.4987
1010101 FRAC0_S 0 1 -15886.5 30570.5 8430.41 1.00702e+07 5.3537e+06 5.54613e+06 15681.6 -31.1798 -18.321
1010101 FRAC0_S 0 1 -16022.7 30271.4 8432.56 6.77131e+06 3.58021e+06 6.9048e+06 11568.9 -26.033 -25.9268
1010101 FRAC0_S 0 1 -16064.6 29938.6 8447.16 6.156e+06 2.28652e+06 9.20085e+06 15102 -16.9678 -31.7018
1010101 FRAC0_S 0 1 -16003.6 29611.5 8491.37 -1.47681e+07 2.84193e+06 1.03358e+07 14927.9 -13.5133 -24.3343
1010101 FRAC0_S 0 1 -15830.1 29327.6 8542.77 6.09959e+06 -2.56979e+06 9.15129e+06 15042 18.7328 -31.3524
1010101 FRAC0_S 0 1 -15572.9 29116.7 8572.9 9.44859e+06 -9.50809e+06 1.37557e+07 41177.4 34.7783 -26.9642
1010101 FRAC0_S 0 1 -15268.3 28994.9 8583.67 1.10532e+07 -3.90938e+06 5.15859e+06 15788 24.5584 -17.8283
1010101 FRAC0_S 0 1 -14944.9 28971.5 8589.74 8.38369e+06 -8.55093e+06 1.46876e+06 13065.7 49.9372 -6.01493
1010101 FRAC0_S 0 1 -14626.3 29039.3 8588.39 2.14056e+07 7.66611e+06 -573733 46111 -31.5221 1.49718
1010101 FRAC0_S 0 1 -14342.6 29194 8583.2 1.32624e+07 -5.16407e+06 -3.51009e+06 19688.6 29.0781 11.636
1010101 FRAC0_S 0 1 -14125 29434.8 8582.56 1.02123e+07 -3.80978e+06 -6.09772e+06 15532 23.9998 20.6084
1010101 FRAC0_S 0 1 -13985.2 29733.6 8575.93 -5.93389e+06 -1.74542e+07 -5.25511e+06 30820.2 59.3184 13.1997