
Step FractureNumber TipNr TipActive TipX TipY TipZ KI KII KIII G Phi Psi Extension
1010000 FRAC0_S 0 1 -44201.4 29698 8003.36 1.08269e+06 211007 -715849 176.579 -13.9285 23.5979
1010000 FRAC0_S 0 1 -44275.2 29943.9 7831.33 1.35066e+06 707591 -758622 283.721 -30.7506 18.613
1010000 FRAC0_S 0 1 -44420.1 30195.2 7724.75 1.24824e+06 955257 -531356 257.707 -40.3604 13.909
1010000 FRAC0_S 0 1 -44621.5 30427.5 7694.05 1.41973e+06 1.20031e+06 -363841 325.603 -44.9899 9.02032
1010000 FRAC0_S 0 1 -44860.1 30617.9 7742.25 911910 852464 -59944.8 139.336 -50.1345 2.52735
1010000 FRAC0_S 0 1 -45112.4 30747.8 7864.62 1.31666e+06 1.2044e+06 194850 288.79 -48.3185 -5.42618
1010000 FRAC0_S 0 1 -45353.7 30804.5 8049.19 1.15934e+06 926126 394631 216.914 -42.5181 -11.5758
1010000 FRAC0_S 0 1 -45554.6 30784.4 8270.26 1.15238e+06 721749 529740 202.08 -35.7239 -15.5862
1010000 FRAC0_S 0 1 -45712.2 30683.8 8528.32 1.3303e+06 432405 771527 253.528 -21.8496 -20.6879
1010000 FRAC0_S 0 1 -45794.3 30518.3 8775.98 1.08144e+06 152119 666649 165.384 -10.7589 -23.3031
1010000 FRAC0_S 0 1 -45798.6 30302 8996.64 1.19288e+06 -293256 702054 200.017 17.5052 -21.6284
1010000 FRAC0_S 0 1 -45724.8 30056.1 9168.67 937991 -465356 481862 128.58 30.2931 -17.781
1010000 FRAC0_S 0 1 -45579.9 29804.8 9275.25 1.3464e+06 -976055 516825 281.957 39.8552 -13.1047
1010000 FRAC0_S 0 1 -45378.5 29572.5 9305.95 1.25201e+06 -1.11284e+06 229041 257.015 47.1791 -6.6301
1010000 FRAC0_S 0 1 -45139.9 29382.1 9257.75 1.28454e+06 -1.21407e+06 42090.9 278.616 50.9151 -1.28314
1010000 FRAC0_S 0 1 -44887.6 29252.2 9135.38 1.25811e+06 -1.17479e+06 -207200 269.741 48.4366 5.91831
1010000 FRAC0_S 0 1 -44646.3 29195.5 8950.81 1.34144e+06 -1.05694e+06 -454090 287.322 42.2641 11.5807
1010000 FRAC0_S 0 1 -44439.6 29217.5 8722.12 1.2225e+06 -784135 -621032 239.262 35.5445 16.5915
1010000 FRAC0_S 0 1 -44287.8 29316.2 8471.68 1.1668e+06 -437318 -754848 214.141 23.5482 21.5803
1010000 FRAC0_S 0 1 -44205.7 29481.7 8224.02 997347 -78785.1 -667692 148.484 6.18225 25.0274
Step FractureNumber TipNr TipActive TipX TipY TipZ KI KII KIII G Phi Psi Extension
1010101 FRAC0_S 0 1 -44139.3 29656.2 7944.7 1.71141e+06 -77941.4 -907285 371.019 3.98797 22.5076
1010101 FRAC0_S 0 1 -44240.5 29910.2 7747.5 1.29859e+06 -119230 -598242 199.137 8.03476 20.2397
1010101 FRAC0_S 0 1 -44411.3 30172.9 7629.59 1.92244e+06 -138981 -643029 386.047 7.00968 16.6802
1010101 FRAC0_S 0 1 -44635.4 30415.8 7597.12 2.03409e+06 -149731 -388318 390.748 7.91257 11.0236
1010101 FRAC0_S 0 1 -44893.9 30615.1 7649.4 2.19376e+06 -169827 -114483 433.164 9.26571 3.53303
1010101 FRAC0_S 0 1 -45162.9 30755.6 7780.13 1.91414e+06 -156768 184287 333.2 9.39372 -6.15353
1010101 FRAC0_S 0 1 -45419 30824.4 7978.39 2.00588e+06 -82701.9 410228 381.532 4.55683 -11.9158
1010101 FRAC0_S 0 1 -45638.7 30813.7 8229.03 2.0408e+06 -67977.5 708207 438.25 3.33762 -17.5239
1010101 FRAC0_S 0 1 -45798.8 30723 8510.08 1.99964e+06 -124736 928056 472.25 5.60411 -20.6645
1010101 FRAC0_S 0 1 -45876.2 30561 8795.94 1.24276e+06 12513.1 642696 192.577 -0.919964 -22.6286
1010101 FRAC0_S 0 1 -45859.5 30343.9 9055.36 1.70181e+06 1865.01 824557 348.504 -0.103236 -21.9288
1010101 FRAC0_S 0 1 -45758.9 30090.2 9253.1 1.76693e+06 30269.4 729097 348.987 -1.66739 -19.7624
1010101 FRAC0_S 0 1 -45588.5 29827.4 9370.22 1.49977e+06 72931.9 448381 227.649 -4.96082 -15.6803
1010101 FRAC0_S 0 1 -45363.3 29585.7 9402.46 2.40131e+06 221756 442139 544.217 -9.76209 -10.5644
1010101 FRAC0_S 0 1 -45105.2 29386.3 9350.26 2.12871e+06 201446 122017 409.39 -11.0286 -3.79947
1010101 FRAC0_S 0 1 -44837 29244.7 9219.77 2.29728e+06 150090 -167915 476.033 -7.80401 4.87197
1010101 FRAC0_S 0 1 -44581.1 29175.4 9021.56 2.09216e+06 52322.7 -439680 416.002 -2.80595 12.3159
1010101 FRAC0_S 0 1 -44361.2 29186.7 8771.31 2.13903e+06 7225.72 -669834 467.397 -0.358761 16.686
1010101 FRAC0_S 0 1 -44201.9 29276.8 8489.47 1.76004e+06 -4324.07 -819380 365.337 0.234103 21.4172
1010101 FRAC0_S 0 1 -44124.3 29437.8 8202.67 1.24029e+06 -27332.3 -682574 199.112 1.94837 23.2576