
Step FractureNumber TipNr TipActive TipX TipY TipZ KI KII KIII G Phi Psi Extension
1010000 FRAC0_S 0 1 15000 36572.7 8159.93 -2.65314e+06 6.63303e+06 3.58775e+06 5632.55 -53.5499 -19.1744
1010000 FRAC0_S 0 1 15000 36723.2 7890.02 -1.45561e+06 3.56666e+06 4.59632e+06 3943.35 -42.2883 -29.7374
1010000 FRAC0_S 0 1 15000 36949.7 7679.83 -269751 448746 4.92634e+06 3245.69 -10.6872 -42.938
1010000 FRAC0_S 0 1 15000 37230 7549.91 100990 -2.51127e+06 4.45238e+06 3199.43 40.9207 -36.0508
1010000 FRAC0_S 0 1 15000 37536.8 7513 -254188 -4.40308e+06 3.19103e+06 3081.88 56.511 -26.2585
1010000 FRAC0_S 0 1 15000 37840 7572.7 -2.2968e+06 -8.15531e+06 5.05621e+06 9326.81 54.2638 -21.9227
1010000 FRAC0_S 0 1 15000 38109.9 7723.17 -1.4734e+06 -5.91705e+06 705799 3186.13 64.9287 -6.54894
1010000 FRAC0_S 0 1 15000 38320.1 7949.68 -597977 -2.57731e+06 -3.65656e+06 2370.19 42.8527 32.2941
1010000 FRAC0_S 0 1 15000 38450.1 8230.07 -4.28851e+06 -8.80783e+06 -1.88063e+06 7383.35 58.1232 9.27397
1010000 FRAC0_S 0 1 15000 38487 8536.87 -5.66297e+06 -8.95236e+06 -3.5981e+06 8863.56 51.9017 14.1212
1010000 FRAC0_S 0 1 15000 38427.3 8840.07 -5.49656e+06 -6.39042e+06 -4.41528e+06 6231.82 44.1232 18.7047
1010000 FRAC0_S 0 1 15000 38276.8 9109.98 -7.04163e+06 -2.71046e+06 -6.04888e+06 5520.99 21.9555 25.0236
1010000 FRAC0_S 0 1 15000 38050.3 9320.17 -8.76899e+06 -3.62405e+06 -8.05631e+06 9802.6 22.6124 25.6074
1010000 FRAC0_S 0 1 15000 37770 9450.09 -1.28086e+07 -3.50653e+06 -1.19427e+07 20065.1 16.2948 27.0709
1010000 FRAC0_S 0 1 15000 37463.2 9487 -1.11734e+07 4.08528e+06 -9.97686e+06 14725.7 -20.8295 25.6793
1010000 FRAC0_S 0 1 15000 37160 9427.3 -1.0101e+07 7.66301e+06 -7.86327e+06 13456.2 -35.6037 20.8261
1010000 FRAC0_S 0 1 15000 36890.1 9276.83 -8.25114e+06 8.63647e+06 -5.27261e+06 10344.1 -43.9298 16.6905
1010000 FRAC0_S 0 1 15000 36679.9 9050.32 -9.10805e+06 1.27494e+07 -3.42365e+06 16043.5 -52.8 9.95783
1010000 FRAC0_S 0 1 15000 36549.9 8769.93 -9.5328e+06 1.83412e+07 -5.33899e+06 33767.7 -55.9651 11.6858
1010000 FRAC0_S 0 1 15000 36513 8463.13 -4.79176e+06 1.0043e+07 2.02439e+06 9532.91 -58.558 -8.89014
Step FractureNumber TipNr TipActive TipX TipY TipZ KI KII KIII G Phi Psi Extension
1010101 FRAC0_S 0 1 14921.6 36517.3 8137.79 2.7723e+06 3.38178e+06 1.00876e+06 1839.31 -50.4946 -10.3304
1010101 FRAC0_S 0 1 14941.6 36666.5 7841.66 2.51127e+06 2.37607e+06 3.19063e+06 2419.01 -35.1235 -25.6601
1010101 FRAC0_S 0 1 14990.3 36902.6 7609.43 1.95449e+06 307041 2.41844e+06 1126.71 -8.88373 -31.4951
1010101 FRAC0_S 0 1 15049 37206.6 7479.38 2.35266e+06 1.04902e+06 -1.19522e+06 781.285 -28.303 18.0495
1010101 FRAC0_S 0 1 15078.4 37537.8 7453.55 3.41814e+06 -986853 526123 1164.73 25.2143 -7.94651
1010101 FRAC0_S 0 1 15084.1 37857.2 7523.16 2.83843e+06 -707589 -564608 804.945 22.025 10.091
1010101 FRAC0_S 0 1 15082.6 38143.3 7682.59 2.27016e+06 -1.40225e+06 -708966 701.306 37.6365 11.7574
1010101 FRAC0_S 0 1 15077.9 38369.9 7917.33 2.22929e+06 -2.58584e+06 -923642 1152.16 48.8705 11.6991
1010101 FRAC0_S 0 1 15079.1 38506.1 8213.21 -556424 -820472 -2.60008e+06 959.12 25.9034 36.8898
1010101 FRAC0_S 0 1 15078 38547.4 8540.59 640927 -4.48247e+06 -1.21569e+06 2023.62 63.9953 13.7449
1010101 FRAC0_S 0 1 15063.9 38494.7 8867.33 -534675 -7.66305e+06 -3.39801e+06 6768.44 61.9484 20.0233
1010101 FRAC0_S 0 1 15045.7 38343 9163.96 -4.26738e+06 -1.00136e+07 -6.15799e+06 13978.7 51.7878 20.5049
1010101 FRAC0_S 0 1 15035.6 38100.8 9395.9 -7.39911e+06 -7.16251e+06 -7.65656e+06 12368.3 37.8574 22.9605
1010101 FRAC0_S 0 1 15014.7 37795 9538.76 -9.08746e+06 -2.47534e+06 -9.17942e+06 11752.8 15.7104 28.0557
1010101 FRAC0_S 0 1 14974.7 37461 9575.87 -8.33661e+06 6.47606e+06 -8.90409e+06 14281.8 -33.0089 24.6325
1010101 FRAC0_S 0 1 14944.7 37134 9502.98 -4.39587e+06 1.08704e+07 -6.66324e+06 16434.8 -52.1976 20.6535
1010101 FRAC0_S 0 1 14930.9 36848.2 9332.65 -689711 1.11115e+07 -3.80112e+06 12923.7 -64.2007 17.0441
1010101 FRAC0_S 0 1 14922.1 36630.1 9085.14 1.22107e+06 8.98921e+06 -1.50469e+06 7634.6 -66.2104 9.47407
1010101 FRAC0_S 0 1 14917.3 36497.4 8785.51 453907 5.85945e+06 346510 3093.75 -68.9889 -3.96898
1010101 FRAC0_S 0 1 14916.5 36459.5 8460.87 2.21611e+06 4.47475e+06 125444 2224.01 -61.7395 -1.4243