
Step FractureNumber TipNr TipActive TipX TipY TipZ KI KII KIII G Phi Psi Extension
1010000 FRAC0_S 0 1 29701.1 -44058.7 8500 11506.8 -70680.1 12185.8 0.476713 65.588 -9.52149
1010000 FRAC0_S 0 1 29424.8 -44197.1 8500 15893.3 -99673.4 -1675.06 0.908171 68.4282 1.10767
1010000 FRAC0_S 0 1 29204.9 -44414.1 8500 13654.2 -75503.4 -19903.2 0.577295 63.3727 13.1357
1010000 FRAC0_S 0 1 29062.8 -44688.4 8500 17372.2 -64526.6 -36206.9 0.572273 55.5939 20.8106
1010000 FRAC0_S 0 1 29012.4 -44993.3 8500 21277.7 -45741.8 -50569.2 0.566903 43.8674 27.4409
1010000 FRAC0_S 0 1 29058.7 -45298.9 8500 14885.5 -95494.8 -40302.2 1.04839 60.6102 18.5015
1010000 FRAC0_S 0 1 29197.1 -45575.2 8500 28369.3 10332.9 -53946.1 0.468285 -14.7433 34.2287
1010000 FRAC0_S 0 1 29414.1 -45795.1 8500 25978.5 27800.2 -45675.6 0.406481 -33.6644 28.862
1010000 FRAC0_S 0 1 29688.4 -45937.2 8500 18027.8 -90853.9 -61264 1.2637 54.7976 23.8069
1010000 FRAC0_S 0 1 29993.3 -45987.6 8500 27358.9 56269.5 -24879.4 0.43117 -53.7762 16.1495
1010000 FRAC0_S 0 1 30298.9 -45941.3 8500 28573.4 62178.9 -9814.62 0.430083 -59.8005 7.29795
1010000 FRAC0_S 0 1 30575.2 -45802.9 8500 26921.1 57823.3 15317.9 0.393732 -57.5266 -11.1672
1010000 FRAC0_S 0 1 30795.1 -45585.9 8500 25621.1 89178.2 85941.7 1.7495 -48.3796 -27.345
1010000 FRAC0_S 0 1 30937.2 -45311.6 8500 28654.2 26816.1 79923.6 0.98682 -24.9825 -34.5446
1010000 FRAC0_S 0 1 30987.6 -45006.7 8500 14326.3 120788 45558.4 1.59443 -62.3097 -17.5702
1010000 FRAC0_S 0 1 30941.3 -44701.1 8500 42644.9 -174530 77852.1 3.6825 58.3231 -18.2849
1010000 FRAC0_S 0 1 30799.2 -44419.6 8500 33273.1 -2932.78 67316.9 0.702119 3.90999 -36.7667
1010000 FRAC0_S 0 1 30585.9 -44204.9 8500 36645.6 -130670 -2851.64 1.64228 66.2288 1.29784
1010000 FRAC0_S 0 1 30311.6 -44062.8 8500 18921.2 -96840.8 41950 1.10164 59.5722 -18.4125
1010000 FRAC0_S 0 1 30006.7 -44012.4 8500 15810.1 -82017 39637.4 0.830657 58.6111 -19.7473
Step FractureNumber TipNr TipActive TipX TipY TipZ KI KII KIII G Phi Psi Extension
1010101 FRAC0_S 0 1 29701.1 -44058.7 8500 34437.6 8348.64 -64121.8 0.658734 -10.506 34.9117
1010101 FRAC0_S 0 1 29424.8 -44197.1 8500 18691.3 -120282 -18513 1.36593 66.0934 8.71313
1010101 FRAC0_S 0 1 29204.9 -44414.1 8500 11895.3 -85176.5 -26357.5 0.751503 63.2766 15.1516
1010101 FRAC0_S 0 1 29062.8 -44688.4 8500 19399 -90882.2 -52100 1.13056 56.4285 21.6291
1010101 FRAC0_S 0 1 29012.4 -44993.3 8500 10652.6 -145942 -14046.7 1.93431 68.5334 6.19711
1010101 FRAC0_S 0 1 29058.7 -45298.9 8500 30365.3 7262.79 -27698.5 0.188903 -14.6995 27.1394
1010101 FRAC0_S 0 1 29197.1 -45575.2 8500 -5596.3 84460.6 -101717 2.01174 -48.0807 32.0875
1010101 FRAC0_S 0 1 29409.5 -45808.8 8520.43 47858.2 21150.5 -26214.1 0.335355 -27.6427 18.9718
1010101 FRAC0_S 0 1 29679.4 -45964.7 8540.86 8173.72 18454.4 -84595.8 0.988108 -21.3019 40.2356
1010101 FRAC0_S 0 1 29988.8 -46001.4 8520.43 -18827 -1347.96 -138040 2.53449 1.18769 42.9332
1010101 FRAC0_S 0 1 30298.9 -45941.3 8500 33001.3 104048 -102950 2.47138 -47.5383 27.3866
1010101 FRAC0_S 0 1 30588.5 -45812.8 8481.31 125870 107604 -93662.6 3.61033 -38.4763 19.6271
1010101 FRAC0_S 0 1 30843.4 -45612.8 8452.06 187996 185112 -95568.6 7.4176 -44.3755 14.533
1010101 FRAC0_S 0 1 31005.3 -45335.7 8438.06 257142 256106 -55789.5 12.1509 -48.8303 7.33005
1010101 FRAC0_S 0 1 31044.9 -45010 8466.45 117585 195615 106572 6.15243 -50.0394 -17.6757
1010101 FRAC0_S 0 1 30998.3 -44678.7 8522.12 47947.3 -22050.2 44775 0.514825 24.3132 -25.4069
1010101 FRAC0_S 0 1 30862 -44383.7 8547.57 122731 -132616 -32070.1 3.04622 49.6941 8.29242
1010101 FRAC0_S 0 1 30622.2 -44162.1 8569.02 100968 -57406 -30294.4 1.32416 36.1171 11.6736
1010101 FRAC0_S 0 1 30325.5 -44030.6 8565.99 141557 -61804.5 -97223.5 3.38317 25.8266 21.7765
1010101 FRAC0_S 0 1 30010.7 -44000.4 8521.55 83166.1 -55636.8 -78435.8 1.71041 31.2638 23.8606