
Step FractureNumber TipNr TipActive TipX TipY TipZ KI KII KIII G Phi Psi Extension
1010000 FRAC0_S 0 1 -14323.9 719.942 8500 3.5221e+07 -246783 -1.95951e+06 111059 0.920069 3.99325
1010000 FRAC0_S 0 1 -14579.4 893.655 8500 549141 -11633.4 -2.0053e+06 561.705 0.633258 40.8016
1010000 FRAC0_S 0 1 -14876.1 979.89 8500 463729 977029 -2.01108e+06 642.138 -34.0184 34.2423
1010000 FRAC0_S 0 1 -15185 970.208 8500 355707 1.41872e+06 -1.27455e+06 406.686 -49.9875 26.8394
1010000 FRAC0_S 0 1 -15475.7 865.554 8500 561395 2.47274e+06 -1.19893e+06 764.118 -57.8948 19.4447
1010000 FRAC0_S 0 1 -15719.9 676.174 8500 447449 2.29481e+06 -605847 535.926 -63.0721 13.0337
1010000 FRAC0_S 0 1 -15893.7 420.606 8500 702925 3.18079e+06 6419.94 945.599 -67.6725 -0.128634
1010000 FRAC0_S 0 1 -15979.9 123.865 8500 774242 3.27029e+06 817816 1095.39 -62.4955 -12.1856
1010000 FRAC0_S 0 1 -15970.2 -185 8500 273608 2.82617e+06 1.16398e+06 898.608 -62.0424 -18.8341
1010000 FRAC0_S 0 1 -15865.5 -475.757 8500 579530 2.07171e+06 1.92046e+06 902.914 -49.0676 -26.9426
1010000 FRAC0_S 0 1 -15676.1 -719.942 8500 -3.34326e+07 1.60135e+06 1.62485e+06 579.643 -5.98197 -3.39241
1010000 FRAC0_S 0 1 -15420.6 -893.655 8500 570776 22559 2.15221e+06 645.133 -1.14559 -40.8655
1010000 FRAC0_S 0 1 -15123.9 -979.89 8500 446768 -809582 1.97242e+06 593.62 30.7027 -35.3342
1010000 FRAC0_S 0 1 -14815 -970.208 8500 432369 -1.69447e+06 1.71031e+06 661.56 48.173 -28.2104
1010000 FRAC0_S 0 1 -14524.3 -865.554 8500 509000 -2.39544e+06 1.25086e+06 742.512 57.4441 -20.4897
1010000 FRAC0_S 0 1 -14292.4 -689.301 8500 487604 -2.84325e+06 624962 793.506 64.463 -11.4992
1010000 FRAC0_S 0 1 -14106.3 -420.606 8500 463831 -2.97322e+06 9671.13 806.921 68.6789 -0.2186
1010000 FRAC0_S 0 1 -14020.1 -123.865 8500 450411 -2.87205e+06 -782245 834.498 63.6872 13.6662
1010000 FRAC0_S 0 1 -14029.8 185 8500 -1.97921e+07 -2.41052e+06 -952034 638.331 13.8161 3.15129
1010000 FRAC0_S 0 1 -14134.5 475.757 8500 374218 -1.82413e+06 -2.01586e+06 849.456 47.484 29.7602
Step FractureNumber TipNr TipActive TipX TipY TipZ KI KII KIII G Phi Psi Extension
1010101 FRAC0_S 0 1 -14264.2 787.14 8519.51 -2.61685e+07 -5.07613e+06 -2.30504e+06 3002.76 19.5798 5.20325
1010101 FRAC0_S 0 1 -14538.3 977.668 8486.97 880115 45693 -1.78132e+06 491.235 -2.34308 37.0366
1010101 FRAC0_S 0 1 -14863.3 1059.41 8453.16 1.70328e+06 516394 -1.97225e+06 799.627 -16.184 29.3932
1010101 FRAC0_S 0 1 -15194.9 1033.99 8426.54 1.9367e+06 474046 -1.37358e+06 605.194 -16.4388 23.9638
1010101 FRAC0_S 0 1 -15499.8 912.383 8416.21 3.37907e+06 958183 -968887 1224.13 -22.9986 13.1423
1010101 FRAC0_S 0 1 -15751.4 707.364 8411.12 4.29711e+06 317588 -257823 1663.26 -8.82771 4.03486
1010101 FRAC0_S 0 1 -15930.5 437.893 8409.28 8.85379e+06 -2.9069e+06 -684386 7800.58 28.8818 4.18962
1010101 FRAC0_S 0 1 -16022.9 128.61 8410.45 2.6151e+06 50672.3 1.07707e+06 763.921 -1.88256 -19.7131
1010101 FRAC0_S 0 1 -16019 -195.833 8414.78 2.33706e+06 72396.8 1.30257e+06 712.836 -2.70383 -23.3072
1010101 FRAC0_S 0 1 -15922.8 -511.854 8437.54 7.8338e+06 703144 2.57799e+06 6396.52 -8.57643 -16.316
1010101 FRAC0_S 0 1 -15735.3 -786.695 8475.4 1.30614e+06 347082 1.97422e+06 681.131 -12.7547 -32.6764
1010101 FRAC0_S 0 1 -15473.1 -973.167 8508.02 872575 2.92456e+06 6.17462e+06 5900.76 -35.0387 -35.6455
1010101 FRAC0_S 0 1 -15136.8 -1061.53 8543.66 1.81958e+06 160832 4.4436e+06 2923.5 -3.46117 -38.1643
1010101 FRAC0_S 0 1 -14804.9 -1036.08 8571.09 1.91336e+06 -618104 1.66409e+06 728.571 19.106 -25.7458
1010101 FRAC0_S 0 1 -14500.3 -912.888 8583.33 2.1292e+06 -488285 976879 552.145 17.7268 -18.7614
1010101 FRAC0_S 0 1 -14249.7 -706.591 8589.47 3.1107e+06 -354883 216852 879.745 12.8419 -4.47885
1010101 FRAC0_S 0 1 -14071.1 -437.115 8591.55 2.44519e+06 -143349 -515926 570.018 6.31528 12.0513
1010101 FRAC0_S 0 1 -13966 -125.968 8574.08 2.01214e+07 -1.86299e+06 2.02596e+06 36933.2 10.4413 -6.34658
1010101 FRAC0_S 0 1 -13956.3 200.843 8552.77 1.42978e+06 -874825 -950514 370.524 32.5695 19.9626
1010101 FRAC0_S 0 1 -14063.9 514.8 8543.23 1.34518e+06 -815687 -1.67421e+06 593.329 26.6101 27.762