
Step FractureNumber TipNr TipActive TipX TipY TipZ KI KII KIII G Phi Psi Extension
1010000 FRAC0_S 0 1 44208.4 590.716 8500 249010 442453 -265424 32.3398 -49.7681 19.0968
1010000 FRAC0_S 0 1 44064.6 317.195 8500 243652 642310 -33489.5 42.2027 -63.6402 2.79724
1010000 FRAC0_S 0 1 44012.4 12.6255 8500 243701 647186 113296 44.3232 -61.1529 -8.38019
1010000 FRAC0_S 0 1 44056.8 -293.18 8500 189898 448129 191841 26.0032 -55.188 -16.2678
1010000 FRAC0_S 0 1 44193.6 -570.287 8500 251941 454994 370478 42.3585 -46.6386 -22.9191
1010000 FRAC0_S 0 1 44409.3 -791.57 8500 230977 242258 417791 33.1989 -32.8896 -29.318
1010000 FRAC0_S 0 1 44682.8 -935.369 8500 166916 37312.6 334886 17.5225 -9.35423 -35.7184
1010000 FRAC0_S 0 1 44987.4 -987.607 8500 207322 -155521 406494 27.9621 25.4404 -32.0001
1010000 FRAC0_S 0 1 45293.2 -943.172 8500 162146 -246268 286439 18.6595 40.8257 -26.5461
1010000 FRAC0_S 0 1 45570.3 -806.413 8500 167364 -209445 159470 9.78736 44.0001 -20.2764
1010000 FRAC0_S 0 1 45791.6 -590.716 8500 195742 -390837 251147 25.4151 50.0798 -20.4182
1010000 FRAC0_S 0 1 45935.4 -317.195 8500 123932 -229531 -23618.8 6.13757 59.2821 4.75611
1010000 FRAC0_S 0 1 45987.6 -12.6255 8500 166455 -526512 -69739.5 27.8185 63.2869 6.85617
1010000 FRAC0_S 0 1 45943.2 293.18 8500 161760 -451215 -192817 25.4187 56.4458 16.775
1010000 FRAC0_S 0 1 45806.4 570.287 8500 144798 -279438 -203103 14.3129 48.472 21.7938
1010000 FRAC0_S 0 1 45590.7 791.57 8500 145470 -171997 -243552 12.4111 36.3418 27.6424
1010000 FRAC0_S 0 1 45317.2 935.369 8500 188827 -56978.1 -351070 19.8589 12.7266 34.4615
1010000 FRAC0_S 0 1 45012.6 987.607 8500 201735 137957 -385587 25.0965 -24.0971 32.1407
1010000 FRAC0_S 0 1 44706.8 943.172 8500 162433 220277 -256248 15.408 -39.9448 25.9737
1010000 FRAC0_S 0 1 44429.7 806.413 8500 228519 456284 -275001 33.2638 -50.7351 19.6393
Step FractureNumber TipNr TipActive TipX TipY TipZ KI KII KIII G Phi Psi Extension
1010101 FRAC0_S 0 1 44162.9 626.514 8420.08 1.1677e+06 378217 -175852 138.363 -27.3757 7.62226
1010101 FRAC0_S 0 1 44018.6 334.136 8414.22 1.79114e+06 504472 28381.3 308.666 -27.0916 -0.947636
1010101 FRAC0_S 0 1 43964.1 12.262 8413.27 1.30875e+06 286024 104877 161.384 -21.5774 -4.68733
1010101 FRAC0_S 0 1 44003.5 -311.41 8418.87 1.21645e+06 339090 293865 153.592 -23.3159 -11.5608
1010101 FRAC0_S 0 1 44139.4 -611.17 8429.55 666857 259268 360483 62.9001 -25.3693 -19.2636
1010101 FRAC0_S 0 1 44362.3 -858.491 8450.61 639456 255096 529284 79.495 -22.8357 -24.435
1010101 FRAC0_S 0 1 44654.1 -1021.49 8489.04 442541 68886.9 645927 73.3649 -8.08495 -33.2534
1010101 FRAC0_S 0 1 44984.4 -1074.19 8533.76 522233 -270456 627392 83.1724 24.1241 -28.0192
1010101 FRAC0_S 0 1 45314.5 -1016.56 8560.8 630357 -356730 498078 79.7425 29.5888 -22.4472
1010101 FRAC0_S 0 1 45609.6 -863.438 8570.25 743917 -415704 338223 79.9282 33.4631 -15.9303
1010101 FRAC0_S 0 1 45839.8 -628.69 8577.2 1.00739e+06 -466891 255680 118.552 32.6853 -10.8072
1010101 FRAC0_S 0 1 45983.7 -335.136 8584.49 934477 -314529 1321.71 86.6309 30.7884 -0.0824159
1010101 FRAC0_S 0 1 46035.4 -12.9125 8586.99 1.22936e+06 -303427 -47409.8 143.178 24.3016 2.31049
1010101 FRAC0_S 0 1 45994.4 310.809 8582.71 1.12155e+06 -372853 -203032 129.959 27.3746 8.85754
1010101 FRAC0_S 0 1 45858.7 609.667 8573.08 816721 -411703 -320763 88.2276 32.2618 14.7354
1010101 FRAC0_S 0 1 45636.1 856.512 8553.86 582130 -323827 -439881 65.2764 29.6333 21.9686
1010101 FRAC0_S 0 1 45345.2 1020.52 8515.62 271309 91126.9 -562760 49.4202 -13.1102 35.2349
1010101 FRAC0_S 0 1 45015.4 1074.64 8469.04 448369 175724 -525892 57.4486 -19.7583 28.7685
1010101 FRAC0_S 0 1 44686.6 1015.51 8438.34 700355 309060 -461046 80.4907 -26.3328 21.2119
1010101 FRAC0_S 0 1 44392.8 860.21 8426.16 921151 382664 -356857 105.597 -28.5431 15.2374