
Step FractureNumber TipNr TipActive TipX TipY TipZ KI KII KIII G Phi Psi Extension
1010000 FRAC0_S 0 1 268.801 -14049.6 8500 478896 -1.33336e+06 332108 193.53 59.9874 -11.2887
1010000 FRAC0_S 0 1 -38.0465 -14013.1 8500 512761 -1.45674e+06 -56467.5 212.954 64.4741 2.14837
1010000 FRAC0_S 0 1 -341.17 -14073.1 8500 642478 -1.54198e+06 -369193 266.787 59.0136 10.5871
1010000 FRAC0_S 0 1 -610.898 -14223.9 8500 2.65384e+07 -904410 -649294 62888.1 4.43466 1.78519
1010000 FRAC0_S 0 1 -820.827 -14450.7 8500 1.78024e+07 -637040 -823757 28367.7 4.55328 3.27518
1010000 FRAC0_S 0 1 -950.407 -14731.2 8500 425180 -727200 -992405 194.22 39.4206 29.0259
1010000 FRAC0_S 0 1 -986.955 -15038.1 8500 517468 -5577.66 -997127 156.101 0.512731 36.9645
1010000 FRAC0_S 0 1 -926.893 -15341.2 8500 576152 312036 -939539 155.66 -21.861 31.3756
1010000 FRAC0_S 0 1 -776.1 -15610.9 8500 998157 1.11686e+06 -918331 312.099 -42.0575 20.5895
1010000 FRAC0_S 0 1 -549.337 -15820.8 8500 -262632 1.57481e+06 -444251 247.245 -63.2814 13.9358
1010000 FRAC0_S 0 1 -268.801 -15950.4 8500 386107 1.30892e+06 -215821 172.149 -63.054 8.38876
1010000 FRAC0_S 0 1 38.0465 -15986.9 8500 539195 1.4974e+06 63039.4 226.24 -64.2411 -2.31212
1010000 FRAC0_S 0 1 341.17 -15926.9 8500 -2.62881e+07 1.4758e+06 342001 209.637 -7.1582 -0.944242
1010000 FRAC0_S 0 1 610.898 -15776.1 8500 6.15988e+06 862620 845152 3542.51 -14.5083 -7.99806
1010000 FRAC0_S 0 1 820.827 -15549.3 8500 -3.47236e+07 988024 795163 171.082 -3.7377 -1.68328
1010000 FRAC0_S 0 1 941.446 -15300.5 8500 -1.54388e+07 330069 1.07138e+06 162.372 -2.71711 -4.82878
1010000 FRAC0_S 0 1 986.955 -14961.9 8500 496568 -57584.8 949876 142.269 5.25757 -36.0988
1010000 FRAC0_S 0 1 926.893 -14658.8 8500 444564 -388876 717037 99.4681 30.7101 -29.0143
1010000 FRAC0_S 0 1 776.1 -14389.1 8500 375115 -840895 663507 134.101 48.6243 -23.423
1010000 FRAC0_S 0 1 549.337 -14179.2 8500 490679 -1.02261e+06 321564 128.393 56.2827 -12.6562
Step FractureNumber TipNr TipActive TipX TipY TipZ KI KII KIII G Phi Psi Extension
1010101 FRAC0_S 0 1 282.912 -14003.2 8586.66 1.76971e+06 -1.53569e+06 268981 498.855 47.2282 -5.68282
1010101 FRAC0_S 0 1 -39.919 -13967.4 8588.2 333477 456083 97915.3 29.7207 -53.4602 -8.20406
1010101 FRAC0_S 0 1 -365.893 -14018.6 8567.35 760482 56161.7 -314.167 51.8164 -9.29347 0.0299905
1010101 FRAC0_S 0 1 -666.887 -14158.8 8527.29 -4.87012e+06 -622221 415973 57.5131 13.9674 -5.32799
1010101 FRAC0_S 0 1 -896.248 -14398.1 8521.78 -3.83819e+07 -94740.8 1.19249e+07 18913.8 0.262913 -16.6073
1010101 FRAC0_S 0 1 -1033.27 -14707.7 8533.96 3.02559e+06 4.12429e+06 7.39693e+06 9608.5 -34.0658 -31.1297
1010101 FRAC0_S 0 1 -1077.27 -15042.7 8507.01 765698 248198 -663787 116.336 -19.1797 25.6953
1010101 FRAC0_S 0 1 -1010.01 -15369.7 8464.86 1.05268e+07 -5.79714e+06 3.3399e+06 14352.9 35.1897 -12.2963
1010101 FRAC0_S 0 1 -833.297 -15651.3 8434.86 668906 -211473 -189419 48.6279 24.9393 12.7762
1010101 FRAC0_S 0 1 -579.509 -15861.9 8416.3 669757 -296598 -217403 54.0977 30.6834 13.212
1010101 FRAC0_S 0 1 -280.801 -15992.4 8410.58 -1.23401e+07 2.40514e+06 1.45952e+06 798.791 -19.237 -6.75753
1010101 FRAC0_S 0 1 44.3685 -16042.9 8429.57 1.18353e+06 -1.24439e+06 -219988 269.244 50.3334 6.25245
1010101 FRAC0_S 0 1 373.695 -16003.3 8464.99 1.07113e+06 486836 124524 125.42 -34.6488 -5.59213
1010101 FRAC0_S 0 1 670.138 -15851.3 8482.73 7.8597e+06 2.71802e+06 2.31458e+06 6875.58 -26.4042 -12.9399
1010101 FRAC0_S 0 1 901.29 -15602.9 8489.29 -2.23967e+07 2.62509e+06 449518 640.939 -13.685 -1.36627
1010101 FRAC0_S 0 1 1044.07 -15295.3 8498.29 -1.85284e+07 978763 1.69372e+06 466.9 -6.31406 -6.02072
1010101 FRAC0_S 0 1 1080.91 -14959.4 8516.17 697184 249262 757288 125.123 -18.9841 -28.1502
1010101 FRAC0_S 0 1 1005.09 -14632.8 8546.59 663884 322969 743462 122.083 -23.6927 -27.4219
1010101 FRAC0_S 0 1 829.96 -14349.7 8571.08 3.15224e+06 -5.38797e+06 6.00146e+06 8262.67 42.2628 -26.5704
1010101 FRAC0_S 0 1 581.163 -14133.9 8582 323876 331762 175244 23.2397 -44.7402 -14.9832