
Step FractureNumber TipNr TipActive TipX TipY TipZ KI KII KIII G Phi Psi Extension
1010000 FRAC0_S 0 1 -14627.4 -29085.3 8500 365022 -930278 -628136 141.466 51.3371 21.9531
1010000 FRAC0_S 0 1 -14928.3 -29015 8500 418080 -692321 -907018 167.703 39.8004 28.3978
1010000 FRAC0_S 0 1 -15236.2 -29041 8500 431111 -303956 -1.03108e+06 166.191 22.0208 34.2894
1010000 FRAC0_S 0 1 -15521 -29160.9 8500 434957 186761 -1.1588e+06 198.562 -13.9146 36.7863
1010000 FRAC0_S 0 1 -15754.8 -29363 8500 341333 481119 -781825 112.305 -35.69 30.1749
1010000 FRAC0_S 0 1 -15914.7 -29627.4 8500 2.74962e+06 1.41246e+06 -5093.79 851.49 -39.4109 0.0952948
1010000 FRAC0_S 0 1 -15985.1 -29928.3 8500 728472 1.69654e+06 -685352 366.239 -55.5367 15.5847
1010000 FRAC0_S 0 1 -15959 -30236.2 8500 841170 1.86547e+06 -547475 413.015 -57.2528 12.1887
1010000 FRAC0_S 0 1 -15839.1 -30521 8500 -3.09919e+06 2.34458e+06 -856381 587.382 -42.406 9.99282
1010000 FRAC0_S 0 1 -15637 -30754.8 8500 -1.59413e+06 2.79367e+06 -246875 703.575 -58.9549 4.06118
1010000 FRAC0_S 0 1 -15372.6 -30914.7 8500 335101 1.39564e+06 708625 250.361 -57.185 -19.8739
1010000 FRAC0_S 0 1 -15071.7 -30985 8500 459326 862716 1.00782e+06 220.211 -42.2423 -27.5654
1010000 FRAC0_S 0 1 -14763.8 -30959 8500 360524 497919 1.09623e+06 193.504 -31.1203 -33.3651
1010000 FRAC0_S 0 1 -14479 -30839.1 8500 276453 -58881.3 1.20703e+06 200.889 5.24262 -40.8311
1010000 FRAC0_S 0 1 -14245.2 -30637 8500 311105 -425457 893824 131.011 31.7669 -32.8435
1010000 FRAC0_S 0 1 -14085.3 -30372.6 8500 406519 -995756 832541 195.267 48.4821 -24.4778
1010000 FRAC0_S 0 1 -14014.9 -30071.7 8500 479424 -1.40027e+06 544755 234.673 57.5082 -15.86
1010000 FRAC0_S 0 1 -14041 -29763.8 8500 326438 -1.20968e+06 177247 144.071 63.9505 -7.71589
1010000 FRAC0_S 0 1 -14160.9 -29479 8500 407681 -1.50435e+06 -110608 218.098 65.4037 4.16674
1010000 FRAC0_S 0 1 -14363 -29245.2 8500 412716 -1.19972e+06 -402487 164.982 58.5419 14.264
Step FractureNumber TipNr TipActive TipX TipY TipZ KI KII KIII G Phi Psi Extension
1010101 FRAC0_S 0 1 -14605.8 -29027.2 8576.37 -951955 1.72533e+06 -1.06532e+06 416.202 -49.6633 19.5287
1010101 FRAC0_S 0 1 -14925.1 -28939.6 8560.9 -1.07399e+06 2.72752e+06 -547563 702.798 -60.2688 9.29737
1010101 FRAC0_S 0 1 -15258.7 -28956.1 8528.73 359189 1.15931e+06 -633718 184.673 -55.1015 20.1059
1010101 FRAC0_S 0 1 -15567.6 -29084 8482.76 -858494 927748 -375875 95.4889 -47.1845 12.5626
1010101 FRAC0_S 0 1 -15816.5 -29308.9 8448.95 668169 -163120 -1.37449e+06 293.42 9.97038 35.7906
1010101 FRAC0_S 0 1 -15980.1 -29598.6 8433.06 1.21722e+06 -170036 -650476 190.878 11.1947 21.5362
1010101 FRAC0_S 0 1 -16044.3 -29922.1 8421.88 971186 90140.8 73680.9 85.4948 -10.6771 -4.92443
1010101 FRAC0_S 0 1 -16015.1 -30251.4 8420.48 698767 -7799.63 560872 85.3545 0.858888 -28.0546
1010101 FRAC0_S 0 1 -15891.9 -30553.6 8423.83 -301261 -576475 1.72213e+06 424.055 27.601 -37.1874
1010101 FRAC0_S 0 1 -15674.4 -30796.8 8419.29 -938007 -1.01881e+06 1.6267e+06 444.432 34.1445 -28.6073
1010101 FRAC0_S 0 1 -15392.4 -30968.1 8419.75 -1.03765e+06 -1.06991e+06 1.22827e+06 302.654 37.7016 -24.2461
1010101 FRAC0_S 0 1 -15074.3 -31055.3 8432.46 -795003 -1.42022e+06 977635 306.853 48.4235 -20.7893
1010101 FRAC0_S 0 1 -14741.7 -31040.2 8459.64 -845135 -252200 1.03301e+06 147.594 15.5928 -30.0631
1010101 FRAC0_S 0 1 -14431.4 -30915.9 8504.81 -4.38302e+06 950490 1.73084e+06 478.947 -17.5694 -17.1298
1010101 FRAC0_S 0 1 -14184.2 -30691.9 8547.33 911346 -379787 616138 137.354 25.102 -21.7538
1010101 FRAC0_S 0 1 -14028.6 -30409.9 8571.18 957896 -428079 1.76771e+06 513.69 17.7137 -33.3526
1010101 FRAC0_S 0 1 -13962.1 -30077.3 8583.35 2.54008e+06 2.45672e+06 -751630 1187.9 -47.0468 9.63462
1010101 FRAC0_S 0 1 -13997.4 -29754 8588.74 828581 2.60653e+06 -2.32914e+06 1388.1 -48.9932 26.1293
1010101 FRAC0_S 0 1 -14124.2 -29455.5 8589.25 -404121 943988 -1.59866e+06 419.317 -37.665 32.6034
1010101 FRAC0_S 0 1 -14331.4 -29205.3 8584.9 -838203 1.30859e+06 -1.37635e+06 404.538 -42.3427 25.4351