
Step FractureNumber TipNr TipActive TipX TipY TipZ KI KII KIII G Phi Psi Extension
1010000 FRAC0_S 0 1 -30000 -29019.2 8617.02 3.29807e+06 1.10735e+06 -4.4246e+06 3682.29 -16.4562 30.7988
1010000 FRAC0_S 0 1 -30000 -29103.5 8914.36 3.88622e+06 3.32783e+06 -2.57415e+06 3213.94 -39.5065 18.2305
1010000 FRAC0_S 0 1 -30000 -29275.4 9171.13 5.39983e+06 5.73262e+06 -1.97411e+06 6045.01 -47.8426 10.9997
1010000 FRAC0_S 0 1 -30000 -29518.2 9362.22 5.88324e+06 6.30845e+06 -338752 6645.85 -52.7407 2.08456
1010000 FRAC0_S 0 1 -30000 -29808.3 9468.89 5.12093e+06 4.74577e+06 1.1272e+06 4512.76 -47.3903 -7.6504
1010000 FRAC0_S 0 1 -30000 -30117.1 9480.74 4.94504e+06 4.05622e+06 1.83598e+06 4093.48 -42.5937 -12.2672
1010000 FRAC0_S 0 1 -30000 -30414.4 9396.57 5.60727e+06 3.57436e+06 3.23551e+06 5332.54 -34.4997 -18.0838
1010000 FRAC0_S 0 1 -30000 -30671.2 9224.65 3.45347e+06 2.50118e+06 3.08333e+06 2884.65 -33.3828 -22.7692
1010000 FRAC0_S 0 1 -30000 -30862.2 8981.79 3.37101e+06 1.83736e+06 3.58402e+06 3021.86 -26.1992 -26.3116
1010000 FRAC0_S 0 1 -30000 -30968.9 8691.77 2.51642e+06 701219 3.45253e+06 2193.45 -13.9442 -31.5321
1010000 FRAC0_S 0 1 -30000 -30980.8 8382.98 1.81045e+06 -354319 3.50863e+06 1940.56 8.47035 -35.6167
1010000 FRAC0_S 0 1 -30000 -30896.5 8085.64 1.14747e+06 -1.41142e+06 3.56996e+06 1989.88 28.5284 -34.2373
1010000 FRAC0_S 0 1 -30000 -30724.6 7828.87 77142.3 -1.68387e+06 2.5771e+06 1136.5 43.7954 -34.6908
1010000 FRAC0_S 0 1 -30000 -30481.8 7637.78 -58135.6 -4.112e+06 3.30881e+06 2962.83 55.813 -28.0493
1010000 FRAC0_S 0 1 -30000 -30191.7 7531.11 -1.47832e+06 -3.95496e+06 2.21685e+06 2047.45 53.6684 -19.8317
1010000 FRAC0_S 0 1 -30000 -29882.9 7519.26 -608589 -5.7801e+06 1.29412e+06 3199.86 65.7066 -12.2023
1010000 FRAC0_S 0 1 -30000 -29585.6 7603.43 342899 -5.76195e+06 -243508 2976.82 69.4027 2.94335
1010000 FRAC0_S 0 1 -30000 -29328.8 7775.35 -162798 -5.26389e+06 -1.43212e+06 2741.89 66.2149 14.8477
1010000 FRAC0_S 0 1 -30000 -29137.8 8018.21 518781 -5.09329e+06 -3.50826e+06 3972.59 56.3526 25.1209
1010000 FRAC0_S 0 1 -30000 -29031.1 8308.23 2.64245e+06 -1.35442e+06 -4.08977e+06 3010.27 21.4848 31.0074
Step FractureNumber TipNr TipActive TipX TipY TipZ KI KII KIII G Phi Psi Extension
1010101 FRAC0_S 0 1 -30021 -28931.4 8626.28 6.29105e+06 483374 -5.12916e+06 7046.55 -5.56961 27.4825
1010101 FRAC0_S 0 1 -30057.4 -29032.3 8944.78 6.67135e+06 639931 -2.89941e+06 5120.57 -8.49922 19.4879
1010101 FRAC0_S 0 1 -30072.9 -29225.8 9215.24 1.08431e+07 -730621 -825141 10615 8.00667 5.04474
1010101 FRAC0_S 0 1 -30076.8 -29487.9 9416.64 1.35562e+07 -40873 908653 16485.9 0.393923 -4.75649
1010101 FRAC0_S 0 1 -30073.6 -29796.5 9533.58 8.41852e+06 320747 1.05378e+06 6472.22 -4.51026 -8.0111
1010101 FRAC0_S 0 1 -30066.4 -30126.8 9552.59 9.86893e+06 -579384 2.88965e+06 9819.41 5.94933 -15.3497
1010101 FRAC0_S 0 1 -30059 -30448 9467.57 7.60361e+06 -786644 3.14371e+06 6521.45 9.22272 -18.8082
1010101 FRAC0_S 0 1 -30052.7 -30727.7 9284.92 7.06085e+06 -879943 3.58508e+06 6221.05 10.2803 -21.0689
1010101 FRAC0_S 0 1 -30041.9 -30939.3 9023.69 5.09272e+06 -241949 3.39216e+06 3846.75 3.82766 -25.333
1010101 FRAC0_S 0 1 -30019.4 -31060.6 8709.2 4.11595e+06 -156108 3.75752e+06 3389.61 2.69537 -29.2743
1010101 FRAC0_S 0 1 -29986.7 -31073.6 8372.61 2.70699e+06 -379490 3.8036e+06 2589.98 7.49852 -33.0024
1010101 FRAC0_S 0 1 -29955.1 -30974.2 8052.02 2.38294e+06 -645685 3.44513e+06 2121.72 13.2671 -32.1635
1010101 FRAC0_S 0 1 -29932.7 -30777.9 7782.86 3.21098e+06 -1.31603e+06 3.23515e+06 2465.1 21.724 -26.7768
1010101 FRAC0_S 0 1 -29921.2 -30511.6 7586.47 3.09407e+06 -2.70718e+06 3.17993e+06 2851.03 35.8399 -23.4802
1010101 FRAC0_S 0 1 -29916.2 -30203.1 7479.57 6.22256e+06 -3.65408e+06 2.21138e+06 5290.58 35.924 -13.1649
1010101 FRAC0_S 0 1 -29910.8 -29879.7 7476.33 5.96394e+06 -2.41021e+06 744052 3760.8 32.1153 -6.14512
1010101 FRAC0_S 0 1 -29907.5 -29570.2 7569.86 6.41811e+06 -2.23179e+06 -543865 4153.82 29.8601 4.49867
1010101 FRAC0_S 0 1 -29910 -29299.4 7745.83 5.10855e+06 -1.35376e+06 -1.71517e+06 2880.1 21.2582 14.9082
1010101 FRAC0_S 0 1 -29926.4 -29083.9 7992.79 4.51881e+06 -1.05399e+06 -2.59465e+06 2813.98 16.901 21.4487
1010101 FRAC0_S 0 1 -29968 -28949.6 8295.29 3.97777e+06 -725613 -3.85556e+06 3433.96 11.3659 28.4403