
Step FractureNumber TipNr TipActive TipX TipY TipZ KI KII KIII G Phi Psi Extension
1010000 FRAC0_S 0 1 -30000 -36519.8 8621.42 5.09744e+06 2.65174e+06 -251828 2950.45 -38.7106 2.42232
1010000 FRAC0_S 0 1 -30000 -36605.3 8918.38 4.99057e+06 2.49138e+06 262198 2781.6 -37.7947 -2.60306
1010000 FRAC0_S 0 1 -30000 -36778.4 9174.38 5.09133e+06 2.25395e+06 802221 2848.18 -33.3728 -7.36012
1010000 FRAC0_S 0 1 -30000 -37022.1 9364.37 5.26493e+06 1.8468e+06 1.27039e+06 2988.65 -27.4476 -11.0636
1010000 FRAC0_S 0 1 -30000 -37312.6 9469.74 4.39176e+06 794610 1.31369e+06 2004.51 -16.0684 -14.4162
1010000 FRAC0_S 0 1 -30000 -37621.4 9480.19 4.68493e+06 194027 1.67134e+06 2330.71 -4.08554 -17.7536
1010000 FRAC0_S 0 1 -30000 -37951.5 9379.22 4.15066e+06 -395225 1.32018e+06 1780.91 9.11471 -15.8828
1010000 FRAC0_S 0 1 -30000 -38174.4 9221.63 3.67284e+06 -852505 1.05067e+06 1413.65 19.7681 -13.5256
1010000 FRAC0_S 0 1 -30000 -38364.4 8977.91 4.95202e+06 -1.60586e+06 1.06438e+06 2565.67 26.3882 -10.2485
1010000 FRAC0_S 0 1 -30000 -38469.7 8687.42 4.54813e+06 -1.89995e+06 732987 2236.41 32.1408 -7.61781
1010000 FRAC0_S 0 1 -30000 -38480.2 8378.58 4.90377e+06 -2.21816e+06 428617 2605.7 35.0872 -4.32143
1010000 FRAC0_S 0 1 -30000 -38394.7 8081.62 4.61494e+06 -2.20568e+06 -76329.4 2332.13 37.6135 0.859194
1010000 FRAC0_S 0 1 -30000 -38221.6 7825.62 3.77352e+06 -964683 389176 1371.95 23.8622 -5.7302
1010000 FRAC0_S 0 1 -30000 -37977.9 7635.63 4.62212e+06 -1.66848e+06 -867232 2251.84 28.8303 8.96593
1010000 FRAC0_S 0 1 -30000 -37687.4 7530.26 3.67524e+06 -1.17039e+06 -361858 1343.12 27.9293 5.26072
1010000 FRAC0_S 0 1 -30000 -37378.6 7519.81 4.48662e+06 -660265 -1.40188e+06 2093.99 13.4036 15.1851
1010000 FRAC0_S 0 1 -30000 -37081.6 7605.3 4.71622e+06 -91879.1 -1.57184e+06 2311.4 2.00166 17.214
1010000 FRAC0_S 0 1 -30000 -36825.6 7778.37 3.5987e+06 526430 -1.13511e+06 1350.09 -13.3097 15.295
1010000 FRAC0_S 0 1 -30000 -36635.6 8022.09 4.76395e+06 1.53264e+06 -1.2405e+06 2436.36 -25.574 11.9438
1010000 FRAC0_S 0 1 -30000 -36530.3 8312.58 4.55098e+06 1.15939e+06 -819434 2054.68 -22.6507 9.26865
Step FractureNumber TipNr TipActive TipX TipY TipZ KI KII KIII G Phi Psi Extension
1010101 FRAC0_S 0 1 -30056.2 -36440.5 8630.21 5.86472e+06 125150 26059.1 3066.42 -2.88214 -0.337252
1010101 FRAC0_S 0 1 -30060 -36534.9 8951.77 5.57751e+06 -995017 266203 2869.74 18.8878 -2.98621
1010101 FRAC0_S 0 1 -30054.4 -36719.3 9230.67 5.80706e+06 -960641 858223 3185.16 16.5251 -8.36018
1010101 FRAC0_S 0 1 -30043.8 -36980.8 9441.04 4.26926e+06 -507090 1.00439e+06 1781.26 11.7422 -12.5561
1010101 FRAC0_S 0 1 -30027.1 -37295.8 9561.08 5.90731e+06 -453996 1.54748e+06 3446.47 7.8059 -13.9985
1010101 FRAC0_S 0 1 -30006.5 -37633.4 9575.64 6.0815e+06 -77991.3 1.77852e+06 3716.94 1.36875 -15.8194
1010101 FRAC0_S 0 1 -29985.4 -37958.4 9481.36 5.28007e+06 385163 1.66377e+06 2865.7 -7.16412 -16.0063
1010101 FRAC0_S 0 1 -29968.1 -38236.6 9289.2 5.30212e+06 490170 1.45529e+06 2808.19 -9.14832 -14.3316
1010101 FRAC0_S 0 1 -29956.1 -38440.4 9020.79 5.53584e+06 559838 1.15899e+06 2937.41 -10.3868 -11.6189
1010101 FRAC0_S 0 1 -29947.9 -38551.2 8703.78 5.15153e+06 699406 775212 2488.34 -13.9974 -8.67377
1010101 FRAC0_S 0 1 -29942.7 -38559.5 8369.17 5.28927e+06 608247 381016 2545.25 -12.9059 -4.61194
1010101 FRAC0_S 0 1 -29945 -38467.5 8046.72 5.24649e+06 544301 32283.6 2479.35 -12.4746 -0.431423
1010101 FRAC0_S 0 1 -29952.5 -38283.5 7766.84 5.38043e+06 108555 -484090 2611.86 -2.52125 6.10479
1010101 FRAC0_S 0 1 -29954.1 -38020 7560 5.82619e+06 328225 -1.23753e+06 3238.08 -6.07842 12.1335
1010101 FRAC0_S 0 1 -29958.7 -37703.4 7443.58 4.86825e+06 525344 -1.17936e+06 2321.48 -10.7423 12.9329
1010101 FRAC0_S 0 1 -29975.8 -37366.2 7427.22 4.94489e+06 358962 -1.34679e+06 2431.64 -7.35243 14.4421
1010101 FRAC0_S 0 1 -29998.2 -37040.9 7518.13 4.88356e+06 6492.44 -1.46876e+06 2412.12 -0.142869 16.2558
1010101 FRAC0_S 0 1 -30021.4 -36762 7709.28 4.94233e+06 -268173 -1.40453e+06 2445.44 5.56054 15.0736
1010101 FRAC0_S 0 1 -30036.9 -36556.9 7978.11 5.9051e+06 -467649 -1.43314e+06 3399.94 8.13612 13.2082
1010101 FRAC0_S 0 1 -30045.6 -36445.9 8295.32 5.44061e+06 334695 -730076 2718.55 -7.01757 8.33804