
Step FractureNumber TipNr TipActive TipX TipY TipZ KI KII KIII G Phi Psi Extension
1010000 FRAC0_S 0 1 -29085.3 15372.6 8500 -9.20364e+06 9.31349e+06 7.59672e+06 15405 -41.027 -19.8981
1010000 FRAC0_S 0 1 -29245.2 15637 8500 -1.19642e+06 4.19579e+06 7.07567e+06 8227.41 -39.1863 -33.6376
1010000 FRAC0_S 0 1 -29479 15839.1 8500 -1.45361e+06 598968 1.20721e+07 19414.8 -5.81093 -42.5593
1010000 FRAC0_S 0 1 -29763.8 15959 8500 -1.60681e+06 -3.58889e+06 1.00976e+07 14708.6 28.999 -37.1143
1010000 FRAC0_S 0 1 -30071.7 15985.1 8500 -2.53585e+06 -8.46475e+06 9.23937e+06 17738.6 46.3072 -28.7296
1010000 FRAC0_S 0 1 -30372.6 15914.7 8500 -1.66826e+06 -1.16093e+07 6.79964e+06 18159.2 57.5479 -22.6315
1010000 FRAC0_S 0 1 -30637 15754.8 8500 -3.15709e+07 -1.32135e+07 3.47474e+06 17164 33.0846 -5.44506
1010000 FRAC0_S 0 1 -30839.1 15521 8500 -3.11105e+06 -1.78957e+07 941559 28655.9 67.6135 -3.28539
1010000 FRAC0_S 0 1 -30959 15236.2 8500 -1.88661e+07 -1.33722e+07 -2.54586e+06 16796.3 43.4755 5.53206
1010000 FRAC0_S 0 1 -30985 14928.3 8500 -1.46906e+06 -1.54944e+07 -6.70732e+06 27376.6 61.6479 19.4523
1010000 FRAC0_S 0 1 -30914.7 14627.4 8500 2.46141e+07 -9.89127e+06 -7.56512e+06 70317.6 29.0462 12.9589
1010000 FRAC0_S 0 1 -30754.8 14363 8500 -1.28755e+06 -4.333e+06 -7.34166e+06 8841.73 38.9771 33.5921
1010000 FRAC0_S 0 1 -30521 14160.9 8500 2.32177e+07 -1.7938e+06 -9.59258e+06 60560.7 7.06919 19.0865
1010000 FRAC0_S 0 1 -30236.2 14041 8500 2.1638e+07 2.89945e+06 -9.13616e+06 53572 -11.5357 18.7334
1010000 FRAC0_S 0 1 -29928.3 14014.9 8500 -1.90035e+06 8.20939e+06 -9.77718e+06 18719.4 -45.864 30.3714
1010000 FRAC0_S 0 1 -29627.4 14085.3 8500 -1.16477e+06 9.88435e+06 -5.90505e+06 13343.7 -57.828 23.1638
1010000 FRAC0_S 0 1 -29363 14245.2 8500 -1.20044e+06 1.05502e+07 -3.1069e+06 11202.3 -64.1167 14.8678
1010000 FRAC0_S 0 1 -29160.9 14479 8500 -2.02189e+06 1.56654e+07 -726354 21938.1 -68.4407 3.02548
1010000 FRAC0_S 0 1 -29034.9 14788.6 8500 -1.39424e+06 1.41733e+07 2.28034e+06 18592.3 -67.0329 -9.42697
1010000 FRAC0_S 0 1 -29015 15071.7 8500 -1.50682e+06 1.25243e+07 5.23232e+06 17618.7 -61.4328 -18.7517
Step FractureNumber TipNr TipActive TipX TipY TipZ KI KII KIII G Phi Psi Extension
1010101 FRAC0_S 0 1 -29023.6 15400.2 8429.43 8.7575e+06 6.3398e+06 7.80448e+06 18516.8 -33.3913 -22.7485
1010101 FRAC0_S 0 1 -29185.1 15690.3 8449.47 4.37461e+06 4.37477e+06 9.03859e+06 14276.4 -30.1975 -31.1136
1010101 FRAC0_S 0 1 -29432.8 15915.1 8491.27 2.27467e+07 460242 2.52772e+07 131104 -1.32266 -31.6957
1010101 FRAC0_S 0 1 -29741.5 16039.8 8539.79 -1.12772e+07 -1.32953e+07 1.5801e+07 48957.8 38.5119 -25.4723
1010101 FRAC0_S 0 1 -30074 16053.2 8569.36 7.89773e+06 -5.67846e+06 8.70218e+06 18503.3 31.1364 -25.4326
1010101 FRAC0_S 0 1 -30397.5 15972.8 8573.92 5.52737e+06 -7.85635e+06 5.37758e+06 12068.7 46.3506 -19.6461
1010101 FRAC0_S 0 1 -30677.2 15804.3 8571.51 1.15671e+07 -9.16359e+06 3.65203e+06 21179.2 42.7283 -10.9425
1010101 FRAC0_S 0 1 -30886.4 15551.4 8577.08 1.18883e+07 -7.14643e+06 199210 17150.3 42.3538 -0.804321
1010101 FRAC0_S 0 1 -31014.2 15249 8579.51 1.23225e+07 -6.98393e+06 -2.08221e+06 18453.8 38.2502 7.28066
1010101 FRAC0_S 0 1 -31046.6 14922.6 8573.34 7.05976e+06 -5.06221e+06 -3.57732e+06 8426.82 37.8646 16.06
1010101 FRAC0_S 0 1 -30981.9 14597.4 8562 7.47931e+06 -6.93588e+06 -7.8927e+06 17556.8 36.7614 23.4661
1010101 FRAC0_S 0 1 -30827.2 14320 8547.45 2.80951e+06 -2.11518e+06 -5.2817e+06 4812.26 26.0073 31.5269
1010101 FRAC0_S 0 1 -30567.9 14082.4 8516.88 870327 741094 -2.39315e+06 878.154 -23.5113 34.8278
1010101 FRAC0_S 0 1 -30259.8 13955 8475.14 2.76806e+06 3.32763e+06 -1.01511e+07 15374.4 -25.738 35.8522
1010101 FRAC0_S 0 1 -29926.6 13944.1 8437.96 512418 2.7721e+06 -2.2684e+06 1392.53 -52.445 26.3565
1010101 FRAC0_S 0 1 -29609 14035 8417.24 8.54872e+06 4.49921e+06 -4.39769e+06 10888.2 -31.45 17.5653
1010101 FRAC0_S 0 1 -29336.1 14211.4 8410.6 1.59107e+07 1.00605e+07 -4.88658e+06 34753.2 -38.2033 11.5244
1010101 FRAC0_S 0 1 -29128.7 14458.6 8407.98 1.18417e+07 4.27871e+06 -570058 14170.2 -31.2895 2.62556
1010101 FRAC0_S 0 1 -29002.3 14755.2 8408.76 1.15853e+07 4.37875e+06 1.88887e+06 14143.3 -30.1266 -7.88312
1010101 FRAC0_S 0 1 -28964.1 15078.3 8416.66 -616094 3.10974e+06 386546 881.61 -65.839 -7.04011