
Step FractureNumber TipNr TipActive TipX TipY TipZ KI KII KIII G Phi Psi Extension
1010000 FRAC0_S 0 1 7575.69 -21515.2 8500 41164 -2581.24 2437.53 0.152378 7.6062 -4.02492
1010000 FRAC0_S 0 1 7267.68 -21540 8500 52747.1 75852.5 -61705.3 1.26703 -44.6809 21.8216
1010000 FRAC0_S 0 1 6982.4 -21658.8 8500 41238.2 1701.27 822.246 0.151888 -5.33681 -1.4539
1010000 FRAC0_S 0 1 6747.78 -21860 8500 31300.7 -234306 -106397 6.48497 60.4091 19.6094
1010000 FRAC0_S 0 1 6586.8 -22123.7 8500 43343.7 -2519.19 2190.28 0.168612 7.14713 -3.48671
1010000 FRAC0_S 0 1 6515.22 -22424.3 8500 35499.4 -1157.25 1671.77 0.112788 4.16321 -3.33933
1010000 FRAC0_S 0 1 6540.03 -22732.3 8500 27876 -81615.1 -40199.3 0.877735 55.5226 18.5669
1010000 FRAC0_S 0 1 6658.8 -23017.6 8500 36256.2 97340.4 -150048 3.95587 -39.8009 32.0272
1010000 FRAC0_S 0 1 6859.92 -23252.2 8500 33563.4 -1148.98 451.707 0.100527 4.49976 -0.996519
1010000 FRAC0_S 0 1 7123.7 -23413.2 8500 41723.3 -2718 -823.144 0.155874 8.1542 1.40754
1010000 FRAC0_S 0 1 7424.31 -23484.8 8500 37765.9 155287 4309.58 2.27837 -66.8185 -1.68746
1010000 FRAC0_S 0 1 7732.32 -23460 8500 33090.7 -1720.52 -943.827 0.097957 6.57468 2.03598
1010000 FRAC0_S 0 1 8017.6 -23341.2 8500 41120.2 -910.16 -1483.91 0.15104 2.89767 2.62156
1010000 FRAC0_S 0 1 8252.22 -23140 8500 44152.3 -203539 -94593.1 5.05545 58.4984 19.0356
1010000 FRAC0_S 0 1 8413.2 -22876.3 8500 44086.1 491.5 -1180.43 0.1734 -1.4957 1.99023
1010000 FRAC0_S 0 1 8484.78 -22575.7 8500 34522.7 -1447.35 -385.809 0.106409 5.46255 0.82402
1010000 FRAC0_S 0 1 8459.97 -22267.7 8500 37030.4 52243.6 -148621 3.30312 -27.3692 35.8496
1010000 FRAC0_S 0 1 8341.2 -21982.4 8500 53300.4 2193.54 3112.5 0.254873 -5.1419 -4.04939
1010000 FRAC0_S 0 1 8140.08 -21747.8 8500 49608.3 -107165 7256.17 1.24968 61.5873 -3.3859
1010000 FRAC0_S 0 1 7876.3 -21586.8 8500 39464.8 2302.37 -590.009 0.139305 -7.40304 1.08009
Step FractureNumber TipNr TipActive TipX TipY TipZ KI KII KIII G Phi Psi Extension
1010101 FRAC0_S 0 1 7571.5 -21497.9 8482.42 276616 271620 -2195.77 13.3933 -52.0397 0.310631
1010101 FRAC0_S 0 1 7259.31 -21505.5 8464.84 23386.8 -28902.7 -22989.5 0.19347 43.433 20.7428
1010101 FRAC0_S 0 1 6968.81 -21633.6 8504.16 69052 -53393.2 56578.3 1.10468 35.528 -21.355
1010101 FRAC0_S 0 1 6728.98 -21843.9 8543.48 78763.6 -15145.8 84540.9 1.52383 11.3781 -29.546
1010101 FRAC0_S 0 1 6577.4 -22115.7 8521.74 48145.2 21734.8 37735.1 0.438033 -25.4201 -23.2931
1010101 FRAC0_S 0 1 6515.22 -22424.3 8500 46430.3 6149.93 16071.3 0.229823 -11.9797 -16.4513
1010101 FRAC0_S 0 1 6523.67 -22742.4 8484 112514 77285.8 -64817.7 2.21911 -36.0458 17.7178
1010101 FRAC0_S 0 1 6626.09 -23037.8 8467.99 99737.7 63134.6 62617.1 1.7631 -33.7109 -19.1154
1010101 FRAC0_S 0 1 6843.57 -23262.3 8484 9331.93 25126.4 142924 2.78084 -18.4266 -41.4236
1010101 FRAC0_S 0 1 7122.95 -23423 8477.02 62.8851 -31359.2 21759.8 0.150605 58.2134 -26.3898
1010101 FRAC0_S 0 1 7422.81 -23504.4 8454.04 -9461.91 -38289.4 27031.8 0.227827 53.3303 -23.8828
1010101 FRAC0_S 0 1 7731.58 -23469.8 8477.02 49347.8 19731.5 61673.9 0.757582 -19.5328 -29.4492
1010101 FRAC0_S 0 1 8027.55 -23349.6 8521.32 75645.5 -48790.9 113575 2.43763 25.7576 -29.706
1010101 FRAC0_S 0 1 8272.11 -23157 8542.63 128810 -41223.4 108552 3.19714 19.1837 -25.3826
1010101 FRAC0_S 0 1 8423.14 -22884.8 8521.32 36816.8 23317.2 29899.4 0.288134 -31.5626 -22.2638
1010101 FRAC0_S 0 1 8506.36 -22570.5 8488.51 43577.2 -8940.03 12116.7 0.195866 18.0253 -13.4626
1010101 FRAC0_S 0 1 8503.13 -22257.3 8477.01 66332.8 70829.9 13734.8 0.864232 -50.2918 -6.8262
1010101 FRAC0_S 0 1 8370.48 -21968.1 8510.49 -11514 73923.1 -67937 1.10081 -51.2158 28.0753
1010101 FRAC0_S 0 1 8155.49 -21729.7 8543.98 -25466 19708.6 -193660 5.02268 -11.0761 41.5496
1010101 FRAC0_S 0 1 7878.91 -21576.1 8521.25 -110286 58633.3 -143646 3.05068 -23.799 28.8767