
Step FractureNumber TipNr TipActive TipX TipY TipZ KI KII KIII G Phi Psi Extension
1010000 FRAC0_S 0 1 -15000 44049 8233.09 2.49223e+06 -164314 624583 607.77 6.83546 -13.652
1010000 FRAC0_S 0 1 -15000 44178.1 7952.3 2.54509e+06 -435522 688321 657.124 15.6324 -13.4719
1010000 FRAC0_S 0 1 -15000 44387.6 7725.12 2.448e+06 -603329 254225 575.041 23.2208 -5.80367
1010000 FRAC0_S 0 1 -15000 44657 7573.79 1.99545e+06 -539934 262590 389.968 24.4096 -7.02965
1010000 FRAC0_S 0 1 -15000 44960 7513.12 2.84746e+06 -867987 172172 793.584 27.7683 -3.38969
1010000 FRAC0_S 0 1 -15000 45266.9 7549.06 2.44415e+06 -764581 1052.87 584.425 29.3766 -0.0255818
1010000 FRAC0_S 0 1 -15000 45547.7 7678.08 2.40791e+06 -691379 -132664 561.598 26.7455 3.14611
1010000 FRAC0_S 0 1 -15000 45774.9 7887.55 2.49322e+06 -646898 -229505 598.215 24.2972 5.15951
1010000 FRAC0_S 0 1 -15000 45926.2 8156.97 2.62025e+06 -553384 -325107 653.151 20.3921 6.96291
1010000 FRAC0_S 0 1 -15000 45986.8 8459.98 2.47432e+06 -407624 -372405 578.804 16.4375 8.49365
1010000 FRAC0_S 0 1 -15000 45951 8766.91 2.72757e+06 -284560 -441217 696.055 11.0608 9.42698
1010000 FRAC0_S 0 1 -15000 45821.9 9047.7 2.64074e+06 -157017 -471846 653.217 6.56183 10.5691
1010000 FRAC0_S 0 1 -15000 45638.3 9254.46 2.84957e+06 -3189.56 -511901 758.431 0.132651 11.1031
1010000 FRAC0_S 0 1 -15000 45343 9426.21 2.80957e+06 185231 -531376 744.02 -7.16107 11.0048
1010000 FRAC0_S 0 1 -15000 45040 9486.88 2.71377e+06 633762 -661276 750.204 -20.3834 11.9686
1010000 FRAC0_S 0 1 -15000 44733.1 9450.94 2.67978e+06 822709 92091.2 701.359 -28.3756 -1.97666
1010000 FRAC0_S 0 1 -15000 44452.3 9321.92 2.8986e+06 896962 -221410 826.904 -27.7708 4.199
1010000 FRAC0_S 0 1 -15000 44225.1 9112.45 2.90534e+06 985078 -1830.62 838.65 -30.9485 0.0366779
1010000 FRAC0_S 0 1 -15000 44073.8 8843.03 2.4983e+06 436386 831613 665.13 -15.2815 -15.6138
1010000 FRAC0_S 0 1 -15000 44013.2 8540.02 2.88079e+06 558702 470246 796.744 -18.5766 -8.90412
Step FractureNumber TipNr TipActive TipX TipY TipZ KI KII KIII G Phi Psi Extension
1010101 FRAC0_S 0 1 -14995.3 43957.6 8207.29 3.03685e+06 572240 513387 886.05 -18.0846 -9.20184
1010101 FRAC0_S 0 1 -14973.7 44099.9 7900.87 2.89063e+06 522618 522430 805.22 -17.3562 -9.7724
1010101 FRAC0_S 0 1 -14963.2 44331.2 7654.37 2.87685e+06 460768 459746 784.528 -15.9568 -8.95974
1010101 FRAC0_S 0 1 -14957.8 44626 7490.96 2.66649e+06 -41296.6 125729 635.839 2.02554 -3.39605
1010101 FRAC0_S 0 1 -14954.1 44956.2 7426.59 2.7217e+06 465764 309504 692.169 -17.4049 -6.645
1010101 FRAC0_S 0 1 -14952.6 45290.2 7466.42 2.72303e+06 319434 751669 744.982 -11.2906 -14.1576
1010101 FRAC0_S 0 1 -14954.9 45596.2 7605.82 2.7444e+06 229847 130843 678.137 -9.97961 -3.22818
1010101 FRAC0_S 0 1 -14959.4 45845 7832.58 2.8094e+06 112696 -33347.8 704.6 -5.23667 0.875912
1010101 FRAC0_S 0 1 -14965.2 46012 8125.61 3.27319e+06 -38836.7 -270766 964.59 1.50935 5.7063
1010101 FRAC0_S 0 1 -14972.4 46080.4 8456.53 2.98343e+06 -104591 -377817 813.116 4.16111 8.11076
1010101 FRAC0_S 0 1 -14980.5 46042.8 8792.96 2.8928e+06 -70228.8 -515216 781.44 2.79819 10.8297
1010101 FRAC0_S 0 1 -14989.5 45902.4 9101.49 2.96519e+06 9967.02 -579571 828.169 -0.391993 11.8401
1010101 FRAC0_S 0 1 -15000.2 45672.8 9351.14 3.04109e+06 -54077.8 -633599 877.765 2.01568 12.3011
1010101 FRAC0_S 0 1 -15014.8 45376.8 9515.76 3.3668e+06 -251493 -653031 1072.45 8.00045 11.1538
1010101 FRAC0_S 0 1 -15032.4 45044.6 9578.14 3.19775e+06 -590537 -648330 998.183 17.3945 10.6936
1010101 FRAC0_S 0 1 -15044.1 44709.9 9535.12 3.44831e+06 -659631 -636043 1152.17 18.113 9.86453
1010101 FRAC0_S 0 1 -15048 44410.7 9397.04 3.03651e+06 -584120 -971653 977.599 16.6749 15.0262
1010101 FRAC0_S 0 1 -15044 44156.6 9165.82 3.56586e+06 -72274.1 -318180 1147 2.53416 6.05957
1010101 FRAC0_S 0 1 -15034 43988.1 8874.03 4.01732e+06 368575 174309 1454.28 -10.8581 -2.93324
1010101 FRAC0_S 0 1 -15019.6 43919.3 8543.61 3.26678e+06 399794 446013 991.671 -12.9482 -8.07103