
Step FractureNumber TipNr TipActive TipX TipY TipZ KI KII KIII G Phi Psi Extension
1010000 FRAC0_S 0 1 22479.2 44012.5 8500 148519 928092 318301 92.1959 -62.1602 -16.0803
1010000 FRAC0_S 0 1 22785.4 44054.4 8500 136209 442327 457058 46.8719 -47.0269 -27.9972
1010000 FRAC0_S 0 1 23063.6 44188.9 8500 118753 369959 496810 46.2802 -42.6907 -30.9343
1010000 FRAC0_S 0 1 23286.7 44402.8 8500 138933 162384 700078 69.2542 -20.8614 -38.4014
1010000 FRAC0_S 0 1 23432.7 44675.1 8500 99908.4 -105534 500389 35.1837 19.3675 -38.7115
1010000 FRAC0_S 0 1 23487.5 44979.2 8500 118872 -454895 594519 66.7078 43.8991 -31.147
1010000 FRAC0_S 0 1 23445.6 45285.4 8500 114740 -683544 466718 71.7791 55.2105 -24.2858
1010000 FRAC0_S 0 1 23311.1 45563.6 8500 17844.1 158456 -494030 34.7265 -29.1824 39.5613
1010000 FRAC0_S 0 1 23097.3 45786.7 8500 16677.6 -1.16362e+06 -253373 129.219 67.5164 12.7542
1010000 FRAC0_S 0 1 22825 45932.7 8500 110193 -964592 -97680.1 85.2623 67.7996 6.26927
1010000 FRAC0_S 0 1 22520.8 45987.5 8500 106509 -868191 -283456 78.8643 63.2752 15.898
1010000 FRAC0_S 0 1 22214.6 45945.6 8500 114707 -806413 -497676 92.0625 56.9592 23.2999
1010000 FRAC0_S 0 1 21943 45815.7 8500 122475 -477589 -590450 68.0299 44.8975 30.5678
1010000 FRAC0_S 0 1 21713.3 45597.2 8500 108286 -163126 -562368 45.4784 24.711 37.597
1010000 FRAC0_S 0 1 21567.3 45324.9 8500 168010 -130541 -794134 87.9101 15.7264 39.2577
1010000 FRAC0_S 0 1 21512.5 45020.8 8500 154587 446208 -662751 78.2902 -40.71 31.8334
1010000 FRAC0_S 0 1 21554.4 44714.6 8500 56295 414288 317481 28.9824 -54.253 -26.0674
1010000 FRAC0_S 0 1 21688.9 44436.4 8500 161028 974141 -362782 104.376 -61.4404 16.9549
1010000 FRAC0_S 0 1 21902.7 44213.3 8500 208763 839996 -419048 90.114 -57.1939 19.5787
1010000 FRAC0_S 0 1 22175 44067.3 8500 173560 1.05194e+06 103363 102.713 -66.9602 -5.86739
Step FractureNumber TipNr TipActive TipX TipY TipZ KI KII KIII G Phi Psi Extension
1010101 FRAC0_S 0 1 22480.4 43963.6 8414.49 2.43418e+06 842548 241611 599.019 -29.5119 -5.20078
1010101 FRAC0_S 0 1 22805.4 43995.1 8424.35 1.68746e+06 847447 853805 414.694 -30.6333 -17.5576
1010101 FRAC0_S 0 1 23108 44128.3 8438.9 989186 593458 1.07504e+06 272.287 -27.7715 -26.1517
1010101 FRAC0_S 0 1 23356.6 44351.6 8473.54 597522 307255 1.04969e+06 186.773 -20.279 -32.3729
1010101 FRAC0_S 0 1 23513.9 44645.1 8525.01 456568 -24517.8 872151 119.795 2.51353 -36.5632
1010101 FRAC0_S 0 1 23559.4 44974.8 8563.49 473376 -73013.1 810301 107.769 7.33166 -34.8147
1010101 FRAC0_S 0 1 23508.8 45305.7 8546.21 179223 -130695 421430 28.0056 22.7831 -33.9889
1010101 FRAC0_S 0 1 23366.4 45600.3 8519.25 773420 -1.10786e+06 746237 236.738 46.5849 -19.4908
1010101 FRAC0_S 0 1 23129.9 45823.2 8557.15 1.36749e+06 -795009 340581 238.385 37.4043 -10.0021
1010101 FRAC0_S 0 1 22837.2 45969.4 8591.72 1.91405e+06 -452907 164066 348.32 22.8105 -4.91745
1010101 FRAC0_S 0 1 22520.5 46031.9 8588.76 1.8869e+06 -670067 -222676 363.87 29.6809 6.03676
1010101 FRAC0_S 0 1 22196.9 45997.5 8581.89 2.23343e+06 -941176 -758936 600.04 29.4902 13.8208
1010101 FRAC0_S 0 1 21894.2 45867 8566.7 1.0862e+06 -651681 -1.0911e+06 301.316 28.5357 25.1748
1010101 FRAC0_S 0 1 21644.4 45647.2 8545.32 917073 -674057 -1.70477e+06 501.961 25.7041 31.516
1010101 FRAC0_S 0 1 21484.8 45354.9 8507.7 637382 -623976 -1.24619e+06 277.442 30.5031 30.6136
1010101 FRAC0_S 0 1 21438 45025.3 8453.87 332136 28308.6 -811752 97.5407 -3.34018 38.1898
1010101 FRAC0_S 0 1 21497.7 44699.8 8421.15 936987 252986 -1.08308e+06 239.953 -14.7146 29.6736
1010101 FRAC0_S 0 1 21647.1 44407.7 8414.78 1.37496e+06 416832 -995150 315.658 -19.3734 23.6443
1010101 FRAC0_S 0 1 21873.3 44175.7 8413.01 1.63688e+06 423588 -593132 301.538 -20.5642 15.7858
1010101 FRAC0_S 0 1 22160.2 44026.3 8410.87 2.04681e+06 533915 -229528 405.731 -24.0716 6.15052