
Step FractureNumber TipNr TipActive TipX TipY TipZ KI KII KIII G Phi Psi Extension
1010000 FRAC0_S 0 1 0 29251.8 7855.26 -2.69222e+06 160425 592.254 2.2934 -7.6503 -0.0161892
1010000 FRAC0_S 0 1 0 29487.6 7655.6 -2.33124e+06 201365 78497.8 4.43276 -10.3803 -2.3151
1010000 FRAC0_S 0 1 0 29773.6 7538.6 -2.22217e+06 932192 223365 84.0706 -33.3059 -5.01374
1010000 FRAC0_S 0 1 0 30081.8 7515.7 -1.98797e+06 112049 180055 5.43059 -6.7109 -5.95378
1010000 FRAC0_S 0 1 0 30382 7589.16 -2.74137e+06 39407 156338 3.38909 -1.86576 -4.05831
1010000 FRAC0_S 0 1 0 30644.7 7751.78 -3.34368e+06 -2.73045e+07 -1.84878e+07 111894 56.1814 24.6763
1010000 FRAC0_S 0 1 0 30844.5 7987.64 -5.56796e+06 -213367 357104 21.0174 4.78171 -4.42598
1010000 FRAC0_S 0 1 0 30961.5 8273.65 -6.90668e+06 -324647 154131 12.5514 6.0188 -1.61345
1010000 FRAC0_S 0 1 0 30984.3 8581.81 -8.18934e+06 95474.2 145462 3.62644 -1.57654 -1.33604
1010000 FRAC0_S 0 1 0 30910.8 8881.97 -9.07691e+06 -1.98073e+07 1.27502e+07 56582 50.7609 -20.7919
1010000 FRAC0_S 0 1 0 30748.2 9144.74 -1.04859e+07 -2.00938e+07 -1.32359e+07 59279.4 49.482 20.551
1010000 FRAC0_S 0 1 0 30512.4 9344.4 -1.26141e+07 45966.3 218892 6.56079 -0.498781 -1.31616
1010000 FRAC0_S 0 1 0 30226.4 9461.4 -1.30998e+07 -3.07535e+07 1.84008e+07 129311 52.0775 -20.1718
1010000 FRAC0_S 0 1 0 29918.2 9484.3 -1.41197e+07 -231860 325623 18.8925 2.19416 -1.71424
1010000 FRAC0_S 0 1 0 29618 9410.84 -1.37248e+07 -208079 246112 11.9142 2.03944 -1.34395
1010000 FRAC0_S 0 1 0 29355.3 9248.22 -1.3254e+07 -344207 117787 12.4028 3.46925 -0.667397
1010000 FRAC0_S 0 1 0 29155.5 9012.36 -1.14295e+07 -281292 45555.8 7.32685 3.30968 -0.301754
1010000 FRAC0_S 0 1 0 29038.5 8726.35 -8.30937e+06 -2.35039e+07 1.58534e+07 82654.4 52.0129 -22.2916
1010000 FRAC0_S 0 1 0 29015.7 8418.19 -5.48338e+06 -62436.3 -52888.2 0.719399 1.55256 0.733883
1010000 FRAC0_S 0 1 0 29089.2 8118.03 -5.25661e+06 82610.7 -62472.8 1.12721 -2.12472 0.897688
Step FractureNumber TipNr TipActive TipX TipY TipZ KI KII KIII G Phi Psi Extension
1010101 FRAC0_S 0 1 -12.0877 29178.4 7792.22 -5.20283e+06 -1.97092e+07 1.35569e+07 59059 53.3531 -23.3897
1010101 FRAC0_S 0 1 -26.065 29438.5 7577.04 -1.07407e+06 1.31794e+06 717451 223.24 -46.7635 -16.2403
1010101 FRAC0_S 0 1 -34.8815 29753.4 7452.16 -589902 485616 280126 31.4507 -41.1681 -14.7086
1010101 FRAC0_S 0 1 -20.3846 30090.8 7422.84 -865402 312326 146907 11.5628 -29.118 -8.24462
1010101 FRAC0_S 0 1 16.2207 30412.4 7507.79 -1.95072e+06 -41171.4 624203 51.9718 2.18594 -16.7322
1010101 FRAC0_S 0 1 42.8103 30693.8 7694.73 1.18014e+07 -2.71233e+07 -1.82837e+07 122428 50.6411 21.5579
1010101 FRAC0_S 0 1 27.5595 30920.2 7945.55 -4.70829e+06 -2.1637e+06 -1.19545e+06 607.249 32.513 10.8336
1010101 FRAC0_S 0 1 6.63892 31056 8251.4 -5.13474e+06 -472822 68587.4 20.5471 11.1763 -0.937691
1010101 FRAC0_S 0 1 20.6086 31072.9 8586.37 -7.93753e+06 -2.41134e+06 774944 598.005 27.0588 -5.27374
1010101 FRAC0_S 0 1 57.0428 30977.2 8906.88 -5.06407e+06 -9.90432e+06 2.90484e+06 9863.56 56.0848 -11.8053
1010101 FRAC0_S 0 1 57.1553 30800.3 9193.44 -6.55378e+06 -5.58325e+06 -892610 2883.76 47.1374 5.1886
1010101 FRAC0_S 0 1 38.2909 30554.1 9412.71 3.29297e+06 -3.32447e+07 1.7479e+07 140085 59.6486 -21.7843
1010101 FRAC0_S 0 1 40.1817 30244.3 9537.59 -1.42054e+07 -5.90917e+06 398555 3132.7 34.5207 -1.50303
1010101 FRAC0_S 0 1 22.525 29907.9 9572.08 -1.46565e+07 -3.81303e+06 -1.53161e+06 1607.58 24.1456 5.77944
1010101 FRAC0_S 0 1 4.24934 29580.3 9500.72 -1.67678e+07 2.26662e+07 -1.49416e+07 75473.3 -46.1952 18.9415
1010101 FRAC0_S 0 1 5.35864 29291.7 9322.01 -1.12826e+07 -949937 284488 91.1753 10.2217 -1.75575
1010101 FRAC0_S 0 1 24.1032 29081.6 9060.68 -1.13372e+07 -3.50073e+06 1.4413e+06 1368.34 26.869 -6.64714
1010101 FRAC0_S 0 1 40.8507 28987.3 8746.35 -7.19539e+06 -5.39518e+06 1.12557e+06 2762.31 44.2379 -6.1786
1010101 FRAC0_S 0 1 18.7768 28977.7 8412.05 -5.22416e+06 -2.5815e+06 -396807 614.782 37.1276 3.69615
1010101 FRAC0_S 0 1 -5.1819 29024.3 8082.53 -4.8361e+06 3.55351e+06 2.01175e+06 1663.5 -39.6593 -13.8517