
Step FractureNumber TipNr TipActive TipX TipY TipZ KI KII KIII G Phi Psi Extension
1010000 FRAC0_S 0 1 -44335.5 63.5472 7772 6.33373e+06 1.83901e+06 1.49678e+06 4174.09 -24.0942 -11.2832
1010000 FRAC0_S 0 1 -44509.2 308.867 7700.42 7.10944e+06 682139 965820 4669.52 -10.4803 -8.20094
1010000 FRAC0_S 0 1 -44731.1 523.953 7707.11 7.00759e+06 318513 1.02795e+06 4525.44 -5.236 -9.09807
1010000 FRAC0_S 0 1 -44979.2 687.75 7791.42 5.96865e+06 18584.7 1.5539e+06 3495.7 -0.344597 -14.6713
1010000 FRAC0_S 0 1 -45229.4 784.226 7945.08 6.63077e+06 -233019 1.16308e+06 4102.67 4.00518 -10.6092
1010000 FRAC0_S 0 1 -45457 803.937 8153.07 6.15142e+06 -626069 1.14085e+06 3579.96 10.6316 -10.553
1010000 FRAC0_S 0 1 -45640 744.952 8395.01 6.73364e+06 -1.27498e+06 1.20518e+06 4378.45 18.0325 -9.6379
1010000 FRAC0_S 0 1 -45760.3 613.046 8647.23 4.57289e+06 -1.19538e+06 807844 2077.54 23.1357 -9.08392
1010000 FRAC0_S 0 1 -45806.2 421.131 8885.04 5.94622e+06 -2.05836e+06 678145 3589.42 29.255 -5.89072
1010000 FRAC0_S 0 1 -45773.2 187.993 9085.16 4.75989e+06 -2.12237e+06 284886 2431.11 35.3192 -3.04828
1010000 FRAC0_S 0 1 -45664.5 -63.5472 9228 6.12333e+06 -2.61825e+06 -485751 3983.44 34.089 4.01468
1010000 FRAC0_S 0 1 -45490.8 -308.867 9299.58 7.55135e+06 -2.46503e+06 -472518 5652.47 29.0356 3.44688
1010000 FRAC0_S 0 1 -45268.9 -523.953 9292.89 5.61619e+06 -1.74678e+06 -1.25872e+06 3293.29 25.491 10.6842
1010000 FRAC0_S 0 1 -45020.8 -687.75 9208.58 6.66682e+06 -1.07921e+06 -2.20359e+06 4710.24 14.3619 15.6563
1010000 FRAC0_S 0 1 -44770.6 -784.226 9054.92 7.49387e+06 -780.616 -2.17661e+06 5634.35 0.0112996 15.8832
1010000 FRAC0_S 0 1 -44543 -803.937 8846.93 7.6482e+06 1.21449e+06 -1.87833e+06 5813.16 -14.9349 12.631
1010000 FRAC0_S 0 1 -44360 -744.952 8604.99 5.95974e+06 1.56732e+06 -1.05556e+06 3532.14 -23.2318 9.09392
1010000 FRAC0_S 0 1 -44239.7 -613.046 8352.77 7.47606e+06 2.05271e+06 -472915 5385.71 -25.7845 3.61434
1010000 FRAC0_S 0 1 -44194 -429.322 8123.4 8.10861e+06 2.37309e+06 172352 6364.72 -27.7107 -1.25318
1010000 FRAC0_S 0 1 -44226.8 -187.993 7914.84 7.52891e+06 1.74694e+06 604309 5371.66 -22.5654 -4.64733
Step FractureNumber TipNr TipActive TipX TipY TipZ KI KII KIII G Phi Psi Extension
1010101 FRAC0_S 0 1 -44294.5 49.8283 7684.83 7.80061e+06 -1.7116e+06 804095 5769.34 21.3009 -5.87915
1010101 FRAC0_S 0 1 -44475.1 326.457 7611.35 7.5243e+06 -934260 779578 5203.57 13.4424 -6.34719
1010101 FRAC0_S 0 1 -44710.1 570.115 7623.96 7.60024e+06 -272396 970978 5279.32 4.2458 -8.16615
1010101 FRAC0_S 0 1 -44977.6 755.092 7721.07 8.02401e+06 -116960 1.21029e+06 5933.36 1.74009 -9.54238
1010101 FRAC0_S 0 1 -45247.1 865.829 7895.09 8.42556e+06 203229 1.51102e+06 6633.26 -2.77786 -10.8906
1010101 FRAC0_S 0 1 -45490.1 892.469 8130.07 7.53202e+06 335452 1.29704e+06 5289.1 -5.03068 -10.3782
1010101 FRAC0_S 0 1 -45682.6 832.35 8402.03 7.55028e+06 584432 1.16397e+06 5290.5 -8.52263 -9.24662
1010101 FRAC0_S 0 1 -45806 691.679 8682.93 8.01246e+06 754307 998868 5904.22 -10.3961 -7.6329
1010101 FRAC0_S 0 1 -45847.3 486.006 8945.68 7.72077e+06 990868 540487 5438.21 -14.1906 -4.44396
1010101 FRAC0_S 0 1 -45805 235.558 9164.93 8.66086e+06 1.28451e+06 194999 6836.27 -16.611 -1.48773
1010101 FRAC0_S 0 1 -45687.6 -37.635 9319.83 8.07625e+06 1.13516e+06 -438156 5952.64 -15.5007 3.47369
1010101 FRAC0_S 0 1 -45504.2 -307.529 9396.66 8.33005e+06 870037 -1.05423e+06 6398.59 -11.3745 7.67028
1010101 FRAC0_S 0 1 -45269.5 -548.585 9387.21 8.19316e+06 824394 -1.60554e+06 6385.16 -10.443 11.0349
1010101 FRAC0_S 0 1 -45008.8 -739.925 9288.88 8.84256e+06 480691 -2.09909e+06 7574.2 -5.7677 13.2196
1010101 FRAC0_S 0 1 -44748.6 -860.586 9108.74 8.66346e+06 16694.3 -2.15314e+06 7304.81 -0.215577 14.1991
1010101 FRAC0_S 0 1 -44513.1 -893.567 8867.27 8.65e+06 -389443 -1.94777e+06 7185.52 4.87437 12.7905
1010101 FRAC0_S 0 1 -44323.2 -834.624 8593.62 9.09115e+06 -274848 -1.23697e+06 7575.1 3.58201 8.65054
1010101 FRAC0_S 0 1 -44197.1 -692.717 8314.91 8.94988e+06 -1.02301e+06 -313400 7244.07 13.2311 2.34585
1010101 FRAC0_S 0 1 -44147.6 -483.612 8055.42 8.48211e+06 -1.26105e+06 295563 6564.44 16.482 -2.26789
1010101 FRAC0_S 0 1 -44181 -228.431 7838.35 8.74001e+06 -1.08207e+06 968833 7036.09 13.3348 -6.73701