
Step FractureNumber TipNr TipActive TipX TipY TipZ KI KII KIII G Phi Psi Extension
1010000 FRAC0_S 0 1 29119.2 29553 8500 -2.63957e+06 -6.81847e+06 1.23391e+06 4345.36 60.8127 -8.5621
1010000 FRAC0_S 0 1 29300.5 29302.7 8500 -2.48262e+06 -7.23833e+06 -342164 4684.35 64.4843 2.61399
1010000 FRAC0_S 0 1 29550.2 29120.6 8500 -2.62655e+06 -6.49583e+06 -1.8337e+06 4207.27 58.3987 12.1303
1010000 FRAC0_S 0 1 29843.9 29024.7 8500 -2.49919e+06 -5.31825e+06 -3.22806e+06 3906.28 51.18 19.977
1010000 FRAC0_S 0 1 30153 29024.2 8500 -1.97083e+06 -2.78231e+06 -3.28576e+06 2125.72 40.0696 26.3681
1010000 FRAC0_S 0 1 30447 29119.2 8500 -2.23417e+06 -1.24257e+06 -3.92718e+06 2188.81 21.5241 32.0883
1010000 FRAC0_S 0 1 30697.3 29300.5 8500 -1.80007e+06 459659 -3.46272e+06 1613.56 -10.7939 35.1154
1010000 FRAC0_S 0 1 30879.4 29550.2 8500 -2.00766e+06 2.23442e+06 -3.61518e+06 2183.14 -34.1518 28.9023
1010000 FRAC0_S 0 1 30975.3 29843.9 8500 -2.04368e+06 3.84211e+06 -3.11814e+06 2608.56 -46.994 23.0544
1010000 FRAC0_S 0 1 30975.8 30153 8500 -1.9307e+06 4.853e+06 -2.12848e+06 2701.23 -55.4786 16.7463
1010000 FRAC0_S 0 1 30880.8 30447 8500 -1.68531e+06 4.92686e+06 -903535 2271.63 -61.6944 8.90019
1010000 FRAC0_S 0 1 30698.5 30698.4 8500 -1.44325e+06 4.04726e+06 811214 1547.17 -61.0409 -9.49401
1010000 FRAC0_S 0 1 30449.8 30879.4 8500 -1.71261e+06 4.80908e+06 1.15789e+06 2239.18 -60.22 -11.0103
1010000 FRAC0_S 0 1 30156.1 30975.3 8500 -1.77561e+06 4.39625e+06 2.14067e+06 2331.7 -54.4626 -17.8983
1010000 FRAC0_S 0 1 29847 30975.8 8500 -1.99634e+06 3.54038e+06 3.25299e+06 2524.33 -45.0335 -24.3472
1010000 FRAC0_S 0 1 29553 30880.8 8500 -2.01209e+06 1.72024e+06 3.66544e+06 2050.61 -28.7698 -30.5459
1010000 FRAC0_S 0 1 29302.7 30699.5 8500 -2.14325e+06 -26550.3 4.07449e+06 2208.06 0.594006 -36.8456
1010000 FRAC0_S 0 1 29120.6 30449.8 8500 -2.20218e+06 -2.09114e+06 3.67413e+06 2185.06 31.9225 -28.9516
1010000 FRAC0_S 0 1 29024.7 30156.1 8500 -2.19456e+06 -3.29687e+06 2.44818e+06 1765.71 46.0642 -20.9137
1010000 FRAC0_S 0 1 29024.2 29847 8500 -2.45236e+06 -5.74813e+06 2.63482e+06 3867.61 54.5699 -17.0159
Step FractureNumber TipNr TipActive TipX TipY TipZ KI KII KIII G Phi Psi Extension
1010101 FRAC0_S 0 1 29075.5 29532.1 8586.58 4.12476e+06 -3.85319e+06 2.37843e+06 3591.48 42.3984 -16.1728
1010101 FRAC0_S 0 1 29268.4 29270.3 8588.24 5.87472e+06 -4.08098e+06 292054 4570.81 44.6512 -2.19615
1010101 FRAC0_S 0 1 29520.4 29078.5 8584.79 5.16426e+06 -4.3217e+06 -1.22809e+06 4241.43 45.0821 8.5071
1010101 FRAC0_S 0 1 29836 28963.2 8576.34 3.55483e+06 -4.24411e+06 -3.05936e+06 3975.99 44.0266 19.3571
1010101 FRAC0_S 0 1 30166.9 28950.2 8560.84 1.63313e+06 -4.11386e+06 -3.88797e+06 3756.22 47.0148 26.1016
1010101 FRAC0_S 0 1 30484.8 29039.8 8530.23 -336012 -1.92185e+06 -4.0719e+06 2534.32 36.0539 36.5207
1010101 FRAC0_S 0 1 30760.9 29235.5 8485.77 -755268 -387084 -4.59087e+06 2816.47 9.13316 41.2988
1010101 FRAC0_S 0 1 30950.3 29511.3 8448.97 -181276 2.42198e+06 -3.89959e+06 2545.22 -42.4326 34.9075
1010101 FRAC0_S 0 1 31041.4 29831.3 8428.8 1.35952e+06 2.78435e+06 -2.6363e+06 1779.89 -45.6876 25.3392
1010101 FRAC0_S 0 1 31031.2 30160 8418.51 2.78027e+06 2.98165e+06 -1.84297e+06 1932.77 -44.1295 16.9645
1010101 FRAC0_S 0 1 30924.4 30468.5 8413.5 3.23448e+06 2.70077e+06 -1.29847e+06 1806.48 -42.5124 12.9379
1010101 FRAC0_S 0 1 30732.8 30730.8 8412.54 3.32562e+06 2.71391e+06 -451671 1668.99 -46.2967 5.26763
1010101 FRAC0_S 0 1 30471.9 30924.3 8414.39 3.62142e+06 3.02409e+06 488568 2015.31 -46.7671 -5.18697
1010101 FRAC0_S 0 1 30163.5 31032.5 8419.93 3.6842e+06 3.78923e+06 1.78714e+06 2913.77 -45.5651 -13.8237
1010101 FRAC0_S 0 1 29833.9 31044.5 8432.25 1.70159e+06 3.31181e+06 2.75676e+06 2246.14 -46.9545 -23.5196
1010101 FRAC0_S 0 1 29512.8 30955 8458.51 168715 2.33261e+06 3.58487e+06 2196.61 -43.3744 -34.4943
1010101 FRAC0_S 0 1 29238.6 30764.1 8501.71 -879228 176373 4.42898e+06 2611.68 -4.42973 -41.468
1010101 FRAC0_S 0 1 29048.1 30489.6 8544.7 -137110 -1.87688e+06 4.35527e+06 2836.7 35.1764 -37.906
1010101 FRAC0_S 0 1 28957.2 30169 8569.59 1.06906e+06 -2.3568e+06 2.5669e+06 1473.14 44.2319 -27.3555
1010101 FRAC0_S 0 1 28967.6 29839.8 8580.57 3.56559e+06 -4.42559e+06 2.92805e+06 4018.46 45.2434 -18.5432