
Step FractureNumber TipNr TipActive TipX TipY TipZ KI KII KIII G Phi Psi Extension
1010000 FRAC0_S 0 1 44306.8 -14296.5 8489.7 1.01782e+06 2.99659e+06 411795 915.036 -62.6975 -6.97115
1010000 FRAC0_S 0 1 44213.3 -14452.8 8739.39 1.084e+06 2.85217e+06 1.06219e+06 979.666 -57.0943 -15.0853
1010000 FRAC0_S 0 1 44196.9 -14662.6 8965.65 982769 2.28395e+06 1.62943e+06 904.021 -50.0748 -22.3034
1010000 FRAC0_S 0 1 44259.2 -14905.4 9146.32 1.00421e+06 1.54539e+06 2.15505e+06 920.36 -38.4344 -28.805
1010000 FRAC0_S 0 1 44393.9 -15157.6 9263.73 975270 408625 2.21373e+06 751.417 -14.9984 -35.501
1010000 FRAC0_S 0 1 44587.9 -15394.3 9306.38 869678 -538233 2.13971e+06 702.131 19.6291 -35.0402
1010000 FRAC0_S 0 1 44822.3 -15592.4 9270.1 343724 -974517 1.08664e+06 252.2 45.2369 -28.5067
1010000 FRAC0_S 0 1 45074 -15732.4 9158.43 935048 -2.30741e+06 1.53546e+06 865.911 51.2849 -21.6584
1010000 FRAC0_S 0 1 45331 -15802.5 8971.47 925567 -2.88435e+06 963566 941.173 59.0364 -14.4003
1010000 FRAC0_S 0 1 45531.9 -15790.9 8758.98 874652 -3.0099e+06 285496 886.303 64.582 -5.18547
1010000 FRAC0_S 0 1 45693.2 -15703.5 8510.3 915747 -2.95077e+06 -374759 869.292 63.5193 6.63443
1010000 FRAC0_S 0 1 45786.7 -15547.2 8260.61 758162 -2.1263e+06 -808505 541.039 57.402 15.4949
1010000 FRAC0_S 0 1 45803.1 -15337.4 8034.35 1.28837e+06 -2.32874e+06 -1.68204e+06 1007.45 48.0053 21.4337
1010000 FRAC0_S 0 1 45740.8 -15094.6 7853.68 1.02533e+06 -1.35903e+06 -2.07361e+06 830.146 36.1741 29.1415
1010000 FRAC0_S 0 1 45606.1 -14842.4 7736.27 1.01137e+06 -316522 -1.94224e+06 601.791 12.895 34.6858
1010000 FRAC0_S 0 1 45412.1 -14605.7 7693.62 922723 580879 -1.64545e+06 466.036 -23.4428 31.7468
1010000 FRAC0_S 0 1 45177.7 -14407.6 7729.9 751180 1.07096e+06 -1.21541e+06 348.959 -40.6588 25.9266
1010000 FRAC0_S 0 1 44926 -14267.6 7841.57 290211 1.16299e+06 -600530 175.995 -56.8322 19.9863
1010000 FRAC0_S 0 1 44681.4 -14199.1 8017.69 1.28142e+06 2.5303e+06 -596759 764.205 -57.2945 9.95388
1010000 FRAC0_S 0 1 44468.1 -14209.1 8241.02 1.03026e+06 2.95606e+06 -211177 879.187 -63.877 3.84067
Step FractureNumber TipNr TipActive TipX TipY TipZ KI KII KIII G Phi Psi Extension
1010101 FRAC0_S 0 1 44223.2 -14314.6 8439.13 3.03649e+06 40575.3 694995 886.006 -1.49785 -13.2511
1010101 FRAC0_S 0 1 44122.5 -14472.2 8705.28 2.72533e+06 288546 1.01043e+06 805.066 -9.67825 -17.504
1010101 FRAC0_S 0 1 44102.1 -14685.5 8953.65 2.35505e+06 91916.3 1.47134e+06 782.902 -3.24563 -24.6362
1010101 FRAC0_S 0 1 44169.2 -14932.8 9165.44 1.79244e+06 80298.7 1.70867e+06 675.174 -3.10374 -29.7019
1010101 FRAC0_S 0 1 44328.1 -15184.4 9321.52 1.30161e+06 -35381.6 1.60319e+06 492.919 1.6746 -32.7195
1010101 FRAC0_S 0 1 44566.5 -15411.3 9393.44 1.41816e+06 -224567 1.61307e+06 529.774 9.32342 -30.5444
1010101 FRAC0_S 0 1 44843.9 -15597.9 9363.81 2.25789e+06 -507722 1.94132e+06 978.501 14.2869 -26.5567
1010101 FRAC0_S 0 1 45122.6 -15731.5 9244.43 1.9742e+06 -411262 985801 491.626 16.037 -19.9865
1010101 FRAC0_S 0 1 45382.9 -15792.9 9057.16 2.883e+06 -414424 460497 784.161 14.5879 -9.06262
1010101 FRAC0_S 0 1 45606.8 -15775.1 8822.38 2.83017e+06 -327616 -30966.4 723.451 13.6448 0.754356
1010101 FRAC0_S 0 1 45776.4 -15684.4 8561.11 2.2872e+06 -138226 -465783 496.718 6.53328 11.7096
1010101 FRAC0_S 0 1 45877.5 -15527.8 8294.27 2.53419e+06 -155335 -1.02036e+06 712.897 5.73914 18.9566
1010101 FRAC0_S 0 1 45898.2 -15316.1 8044.25 2.30366e+06 -219642 -1.53277e+06 789.661 7.37593 24.7633
1010101 FRAC0_S 0 1 45830.7 -15069.2 7831.53 1.83464e+06 345202 -1.62794e+06 663.032 -12.1166 27.3155
1010101 FRAC0_S 0 1 45670 -14818.2 7675.87 2.51181e+06 189337 -2.21748e+06 1219.4 -5.28542 28.4578
1010101 FRAC0_S 0 1 45432 -14589.8 7604.87 1.88628e+06 251249 -1.87099e+06 788.263 -8.50003 29.2175
1010101 FRAC0_S 0 1 45156.4 -14402.2 7635.86 2.25202e+06 371923 -1.52612e+06 774.016 -11.9844 24.2207
1010101 FRAC0_S 0 1 44877.2 -14270.6 7756.24 2.88975e+06 389376 -1.21784e+06 954.893 -11.5973 18.7033
1010101 FRAC0_S 0 1 44616.4 -14207.6 7943.16 3.46963e+06 582171 -557799 1144.32 -16.5648 8.95541
1010101 FRAC0_S 0 1 44393 -14223.2 8177.64 3.73733e+06 146947 257071 1255.37 -4.87946 -4.71464