
Step FractureNumber TipNr TipActive TipX TipY TipZ KI KII KIII G Phi Psi Extension
1010000 FRAC0_S 0 1 -22500 984.872 8574.53 -1.825e+06 3.30761e+06 2.44982e+06 1773.11 -47.7507 -21.7563
1010000 FRAC0_S 0 1 -22500 913.64 8875.22 -3.62711e+06 1.74559e+06 2.8887e+06 1381.36 -26.4561 -23.239
1010000 FRAC0_S 0 1 -22500 752.975 9139.18 -4.59563e+06 466747 2.24634e+06 690.538 -8.65515 -20.8561
1010000 FRAC0_S 0 1 -22500 518.603 9340.58 -6.69213e+06 -725643 3.02026e+06 1260.15 9.39437 -19.8065
1010000 FRAC0_S 0 1 -22500 233.466 9459.7 -2.22412e+07 -1.94281e+06 2.89526e+06 1451.22 9.68403 -7.96237
1010000 FRAC0_S 0 1 -22500 -74.5244 9484.87 -7.85689e+06 -3.05718e+06 2.23478e+06 1497.09 28.7667 -12.3036
1010000 FRAC0_S 0 1 -22500 -375.22 9413.64 -7.10726e+06 -4.04791e+06 1.45618e+06 1742.14 37.7246 -8.56636
1010000 FRAC0_S 0 1 -22500 -639.186 9252.98 -6.08083e+06 -4.54942e+06 580224 1889.1 45.2864 -3.94867
1010000 FRAC0_S 0 1 -22500 -840.583 9018.61 -4.53086e+06 -5.28679e+06 -676499 2551.51 52.7639 4.89109
1010000 FRAC0_S 0 1 -22500 -959.699 8733.46 -2.37951e+06 -3.98475e+06 -1.54644e+06 1732.98 52.7592 13.9869
1010000 FRAC0_S 0 1 -22500 -984.872 8425.47 -42260.3 -3.13547e+06 -2.51104e+06 1714.66 55.8985 27.9998
1010000 FRAC0_S 0 1 -22500 -913.64 8124.78 1.67954e+06 -1.60626e+06 -2.78146e+06 1510.23 32.1576 28.8227
1010000 FRAC0_S 0 1 -22500 -752.975 7860.82 -2.22274e+07 31136.3 -1.76004e+06 412.085 -0.18137 5.5385
1010000 FRAC0_S 0 1 -22500 -518.603 7659.42 4.83795e+06 915557 -2.78231e+06 3189.98 -14.2111 21.9185
1010000 FRAC0_S 0 1 -22500 -233.466 7540.3 4.54472e+06 1.65851e+06 -1.79858e+06 2515.87 -26.0102 15.8649
1010000 FRAC0_S 0 1 -22500 74.5244 7515.13 5.45986e+06 3.11568e+06 -1.83973e+06 3971.56 -35.6162 12.7481
1010000 FRAC0_S 0 1 -22500 375.22 7586.36 5.40688e+06 4.26864e+06 -1.22073e+06 4426.97 -44.1025 8.3243
1010000 FRAC0_S 0 1 -22500 639.186 7747.02 5.63982e+06 4.50072e+06 441391 4665.35 -46.8821 -3.1961
1010000 FRAC0_S 0 1 -22500 840.583 7981.39 2.31121e+07 3.74957e+06 1.19053e+06 49041.3 -17.4623 -3.25087
1010000 FRAC0_S 0 1 -22500 959.699 8266.54 326759 3.10846e+06 1.3166e+06 1101.09 -61.6277 -19.0783
Step FractureNumber TipNr TipActive TipX TipY TipZ KI KII KIII G Phi Psi Extension
1010101 FRAC0_S 0 1 -22570.1 1050.64 8582.76 921305 4.06223e+06 2.62765e+06 2464.41 -54.7807 -22.9951
1010101 FRAC0_S 0 1 -22544.6 990.651 8909.49 -2.79356e+06 2.65331e+06 3.81233e+06 2560.35 -34.3702 -26.521
1010101 FRAC0_S 0 1 -22514.6 824.313 9200.67 1.67081e+07 1.38394e+06 -1.27748e+06 25263.8 -9.64557 5.00079
1010101 FRAC0_S 0 1 -22491 561.191 9427.42 -6.33705e+06 -1.16548e+06 2.73223e+06 1113.9 15.0347 -18.4708
1010101 FRAC0_S 0 1 -22475.5 256.413 9550.43 1.17431e+07 -175326 2.52004e+06 13135.7 1.6897 -12.6086
1010101 FRAC0_S 0 1 -22456.4 -79.5183 9570.81 -5.34868e+06 -6.34299e+06 2.22224e+06 4242.01 49.2749 -11.6159
1010101 FRAC0_S 0 1 -22439.6 -403.28 9485.49 -8.17082e+06 -3.97207e+06 2.64569e+06 2336.87 32.5528 -12.8981
1010101 FRAC0_S 0 1 -22429.3 -682.337 9306.02 -999621 -5.18868e+06 -91116.1 2400.16 67.888 1.12485
1010101 FRAC0_S 0 1 -22422.5 -892.415 9051.47 1.46987e+06 -3.6962e+06 241065 1417.66 62.9914 -3.41187
1010101 FRAC0_S 0 1 -22419.6 -1015.95 8747.5 1.77195e+06 -3.65333e+06 -1.60862e+06 1813.28 53.8309 16.1123
1010101 FRAC0_S 0 1 -22425.4 -1047.11 8418.89 2.00187e+06 -2.14113e+06 -1.28385e+07 22687.5 16.5392 40.1081
1010101 FRAC0_S 0 1 -22452.8 -985.833 8091.46 -4.52706e+06 -5.3927e+06 -3.09468e+06 3865.17 45.992 16.6815
1010101 FRAC0_S 0 1 -22492.9 -823.395 7799.79 4.32656e+06 -324997 -2.32379e+06 2395.67 6.37096 22.3227
1010101 FRAC0_S 0 1 -22523.3 -568.422 7580.16 1.0753e+07 152563 -3.69799e+06 12124.4 -1.45493 17.6355
1010101 FRAC0_S 0 1 -22542.6 -255.279 7455.75 7.17736e+06 -1.71718e+06 -2.61228e+06 5760.81 19.3335 16.0068
1010101 FRAC0_S 0 1 -22557.5 79.1005 7436.16 7.20787e+06 -1.32238e+06 -2.03882e+06 5338.24 16.4207 13.8185
1010101 FRAC0_S 0 1 -22567.6 401.451 7519.85 7.36538e+06 -689081 -1.58377e+06 5210.04 9.65142 11.926
1010101 FRAC0_S 0 1 -22561.4 688.417 7691.84 -2.49237e+06 -4.02126e+06 -7.21031e+06 8355.43 35.0116 31.8709
1010101 FRAC0_S 0 1 -22555.2 903.777 7940.52 2.33722e+07 -6.579e+06 5.73298e+06 56905.7 23.432 -11.6796
1010101 FRAC0_S 0 1 -22570 1019.84 8249.67 9.90168e+06 -7.24165e+06 -2.59979e+06 14308.6 41.9335 9.69889