
Step FractureNumber TipNr TipActive TipX TipY TipZ KI KII KIII G Phi Psi Extension
1010000 FRAC0_S 0 1 -44369.9 -29239.4 8500 103087 386481 82858.4 15.1702 -62.6136 -10.599
1010000 FRAC0_S 0 1 -44635.8 -29081.9 8500 75110.8 230868 118979 7.13505 -55.398 -19.2515
1010000 FRAC0_S 0 1 -44937.4 -29014.3 8500 93080.1 212998 205949 10.456 -46.1253 -26.0345
1010000 FRAC0_S 0 1 -45245.1 -29043.2 8500 92637.9 20920.8 138108 3.34055 -11.1543 -32.8663
1010000 FRAC0_S 0 1 -45528.7 -29165.8 8500 97019.8 -156965 243557 10.9238 37.2004 -30.2748
1010000 FRAC0_S 0 1 -45760.6 -29369.9 8500 94075.4 -172278 4273.64 3.43582 60.7552 -1.22352
1010000 FRAC0_S 0 1 -45918.1 -29635.8 8500 62187 -159029 145055 5.39667 47.5897 -25.7147
1010000 FRAC0_S 0 1 -45985.7 -29937.4 8500 74815.2 -267563 130806 9.15384 56.7818 -19.0403
1010000 FRAC0_S 0 1 -45956.8 -30245.1 8500 78197 -232150 -94282 6.5296 57.2809 16.383
1010000 FRAC0_S 0 1 -45836.2 -30525.6 8500 72415.2 -327316 2424.63 10.015 67.5758 -0.469069
1010000 FRAC0_S 0 1 -45630.1 -30760.6 8500 53802.3 -229963 -48025.6 5.27711 63.4067 10.5988
1010000 FRAC0_S 0 1 -45364.2 -30918.1 8500 91291.3 -288353 -141572 10.8176 56.0278 18.7516
1010000 FRAC0_S 0 1 -45062.6 -30985.7 8500 78041.9 -209521 -181858 8.85321 48.5421 25.2651
1010000 FRAC0_S 0 1 -44754.9 -30956.8 8500 81782.5 -116934 -219831 8.24179 33.6495 31.8641
1010000 FRAC0_S 0 1 -44471.3 -30834.2 8500 86423.3 -12336.7 -241851 8.45853 4.97889 38.7463
1010000 FRAC0_S 0 1 -44255.9 -30649.9 8500 93963.8 252436 -61689.8 6.97136 -59.8163 11.0369
1010000 FRAC0_S 0 1 -44081.9 -30364.2 8500 96164.1 219332 -215650 11.296 -45.8753 26.2289
1010000 FRAC0_S 0 1 -44014.3 -30062.6 8500 84417 251847 -134052 8.67696 -54.8958 19.5511
1010000 FRAC0_S 0 1 -44043.2 -29754.9 8500 82506.3 289015 -72303.4 8.74524 -61.4833 11.8311
1010000 FRAC0_S 0 1 -44165.8 -29471.3 8500 99089.8 390932 -168.348 14.4934 -67.1299 0.026784
Step FractureNumber TipNr TipActive TipX TipY TipZ KI KII KIII G Phi Psi Extension
1010101 FRAC0_S 0 1 -44341.9 -29203.3 8411.99 1.04522e+06 258781 -36417 103.496 -24.4192 2.09477
1010101 FRAC0_S 0 1 -44617 -29029.3 8418.62 852003 319830 107713 75.344 -30.6203 -6.33226
1010101 FRAC0_S 0 1 -44936 -28942.7 8438.54 544310 323080 259196 44.6375 -34.392 -16.1988
1010101 FRAC0_S 0 1 -45266.7 -28961.5 8487.42 224106 124012 272626 15.7311 -25.1753 -27.8916
1010101 FRAC0_S 0 1 -45565.6 -29100.5 8547.21 244005 -18094.1 300772 17.3663 4.4281 -32.2569
1010101 FRAC0_S 0 1 -45805.8 -29331.3 8577.2 299129 -94416 203750 14.2891 20.3811 -22.7674
1010101 FRAC0_S 0 1 -45972.5 -29614.7 8579.64 366416 -139972 156753 16.9778 26.4318 -16.5937
1010101 FRAC0_S 0 1 -46041.8 -29932.7 8581.32 442048 -247634 218864 29.2481 32.9582 -16.8748
1010101 FRAC0_S 0 1 -46004.7 -30256 8586.09 552477 -176016 167500 33.6914 24.8013 -13.4283
1010101 FRAC0_S 0 1 -45870.6 -30550.9 8589.61 596072 -161804 88259.9 35.03 24.2121 -7.77708
1010101 FRAC0_S 0 1 -45657.6 -30796 8588.56 714945 -271749 52772 52.4992 31.8161 -3.87488
1010101 FRAC0_S 0 1 -45382.7 -30969.2 8582.56 671948 -267956 -92996.3 47.7828 31.608 6.75516
1010101 FRAC0_S 0 1 -45064.8 -31051.9 8572.06 552417 -318178 -232535 43.4061 34.557 14.9757
1010101 FRAC0_S 0 1 -44732.4 -31034.7 8548.62 345560 -251173 -325084 30.3179 32.9496 23.4031
1010101 FRAC0_S 0 1 -44429.8 -30904.5 8496.59 222672 -90225.9 -333207 19.9103 18.1854 31.4491
1010101 FRAC0_S 0 1 -44190.5 -30673.6 8441 395297 -4293.05 -338495 29.165 0.811938 28.831
1010101 FRAC0_S 0 1 -44019.5 -30371.2 8422.16 360233 168087 -268087 23.6401 -26.4298 22.5171
1010101 FRAC0_S 0 1 -43957.9 -30067.9 8419.18 511300 171087 -244653 33.8648 -23.4531 18.2865
1010101 FRAC0_S 0 1 -43997.5 -29744.7 8412.58 610783 149475 -149608 38.2108 -21.1104 11.9332
1010101 FRAC0_S 0 1 -44130.4 -29449.1 8409.76 657214 117702 -58444.6 40.1781 -18.377 5.30792