
Step FractureNumber TipNr TipActive TipX TipY TipZ KI KII KIII G Phi Psi Extension
1010000 FRAC0_S 0 1 -15000 -29019.2 8617.02 -2.75788e+06 3.66448e+06 4.06102e+06 3390.03 -40.3841 -25.2634
1010000 FRAC0_S 0 1 -15000 -29103.5 8914.36 -1.60525e+06 3.50464e+06 4.11639e+06 3348.13 -43.0794 -28.2315
1010000 FRAC0_S 0 1 -15000 -29275.4 9171.13 -1.73733e+06 3.39952e+06 6.73606e+06 7064.63 -34.3468 -33.6309
1010000 FRAC0_S 0 1 -15000 -29518.2 9362.22 -1.17065e+06 1.3188e+06 8.07148e+06 8819.78 -16.391 -40.3377
1010000 FRAC0_S 0 1 -15000 -29808.3 9468.89 -409894 -1.28197e+06 7.45448e+06 7537.16 18.2475 -41.6511
1010000 FRAC0_S 0 1 -15000 -30117.1 9480.74 -47433.5 -4.6227e+06 7.15415e+06 8711.42 44.034 -35.1126
1010000 FRAC0_S 0 1 -15000 -30414.4 9396.57 9205.06 -8.0746e+06 6.10456e+06 10766.2 57.0028 -27.4507
1010000 FRAC0_S 0 1 -15000 -30671.2 9224.65 -175209 -8.50804e+06 3.12061e+06 7745.56 64.5427 -18.3146
1010000 FRAC0_S 0 1 -15000 -30862.2 8981.79 -1.19062e+06 -7.89988e+06 249037 5569.44 68.3367 -2.05639
1010000 FRAC0_S 0 1 -15000 -30968.9 8691.77 -2.05116e+06 -5.69111e+06 -1.716e+06 3277.8 58.8954 13.0652
1010000 FRAC0_S 0 1 -15000 -30980.8 8382.98 -3.24923e+06 -1.87073e+06 -2.54728e+06 1174.84 29.9914 22.2714
1010000 FRAC0_S 0 1 -15000 -30896.5 8085.64 -4.41356e+06 1.89926e+06 -1.99467e+06 850.604 -28.3481 16.8257
1010000 FRAC0_S 0 1 -15000 -30724.6 7828.87 -1.89532e+07 2.53991e+07 1.43683e+07 84943.5 -47.4594 -17.1099
1010000 FRAC0_S 0 1 -15000 -30481.8 7637.78 -6.1122e+06 5.55159e+06 1.36696e+06 2994.91 -46.9397 -7.81927
1010000 FRAC0_S 0 1 -15000 -30191.7 7531.11 -1.65519e+07 2.41075e+07 1.55861e+07 84097.1 -47.1461 -19.0804
1010000 FRAC0_S 0 1 -15000 -29882.9 7519.26 -5.29761e+06 3.42283e+06 4.0949e+06 3274.16 -32.3988 -21.5541
1010000 FRAC0_S 0 1 -15000 -29585.6 7603.43 4.3921e+06 1.61554e+07 -5.38734e+06 28836.5 -60.0469 14.7787
1010000 FRAC0_S 0 1 -15000 -29328.8 7775.35 -4.8152e+06 2.20961e+07 1.60351e+07 77704.2 -53.5005 -24.5228
1010000 FRAC0_S 0 1 -15000 -29137.8 8018.21 -1.3952e+07 -1.36727e+07 1.3272e+07 40085.7 38.9812 -21.8375
1010000 FRAC0_S 0 1 -15000 -29031.1 8308.23 1.72217e+06 1.5457e+07 1.17802e+07 40011.1 -54.7826 -26.2685
Step FractureNumber TipNr TipActive TipX TipY TipZ KI KII KIII G Phi Psi Extension
1010101 FRAC0_S 0 1 -15069.8 -28950.7 8626.4 4.779e+06 6.10864e+06 9.04326e+06 16237.2 -36.3332 -28.5972
1010101 FRAC0_S 0 1 -15064.4 -29036.2 8945.96 1.88604e+06 5.3495e+06 5.17165e+06 6424.26 -47.3495 -26.7789
1010101 FRAC0_S 0 1 -15052.3 -29216.8 9227.78 2.24613e+06 3.78435e+06 8.52752e+06 11397.3 -31.6628 -34.3666
1010101 FRAC0_S 0 1 -15020.4 -29475.1 9441.4 1.98634e+06 1.57382e+06 1.00012e+07 13875.4 -15.3045 -39.5754
1010101 FRAC0_S 0 1 -14974.1 -29789.4 9554.26 -1.54294e+07 1.55942e+07 -5.23959e+06 25321 -47.2593 10.5811
1010101 FRAC0_S 0 1 -14936.5 -30122.3 9552.07 7.39792e+06 -3.60876e+06 1.06998e+07 21264 21.3406 -30.4302
1010101 FRAC0_S 0 1 -14918.1 -30435.2 9447.02 9.54844e+06 -4.04563e+06 8.01323e+06 18123 23.7589 -24.3882
1010101 FRAC0_S 0 1 -14910.6 -30699.5 9257.28 1.71521e+07 -4.95688e+06 5.41973e+06 32311.8 22.9392 -14.0772
1010101 FRAC0_S 0 1 -14909.5 -30898.3 9001.18 9.48429e+06 -4.04029e+06 1.27155e+06 9685.27 33.0095 -6.45944
1010101 FRAC0_S 0 1 -14921.5 -31023.8 8698.71 5.93184e+06 -5.20827e+06 -1.64114e+06 5910.91 45.4255 9.47129
1010101 FRAC0_S 0 1 -14965.5 -31056.3 8371.12 -1.38397e+06 -3.62695e+06 -2.76847e+06 2191.59 50.0559 23.5788
1010101 FRAC0_S 0 1 -15029.7 -30970.4 8053.13 -4.8793e+06 -2.26061e+06 2.29317e+06 1154.78 29.5304 -17.0115
1010101 FRAC0_S 0 1 -15067 -30777.7 7781.76 -438385 6.63504e+06 -563775 3965.23 -68.7947 5.5781
1010101 FRAC0_S 0 1 -15073.3 -30514.1 7579.82 -1.0079e+07 -1.7739e+06 8.97443e+06 10992.3 11.4162 -27.4827
1010101 FRAC0_S 0 1 -15068.3 -30204.2 7461.89 1.70618e+06 1.92413e+07 1.18496e+07 51925.5 -58.0415 -23.8737
1010101 FRAC0_S 0 1 -15066.8 -29876 7449.34 -3.33317e+06 4.64149e+06 4.20324e+06 4269.48 -43.1909 -22.9906
1010101 FRAC0_S 0 1 -15076.8 -29562.6 7548.9 2.53673e+07 9.05539e+06 -6.35792e+06 70025.6 -27.6357 11.3585
1010101 FRAC0_S 0 1 -15046.1 -29286.5 7732.72 -896040 3.81368e+06 4.7063e+06 4241.88 -45.22 -30.7418
1010101 FRAC0_S 0 1 -15009 -29079.7 7985.54 1.02719e+07 1.6655e+07 -6.57626e+06 39872.2 -52.2977 14.039
1010101 FRAC0_S 0 1 -15041.3 -28967 8295.42 -2.20267e+06 4.30184e+06 4.11145e+06 3897.29 -45.2369 -25.2588