
Step FractureNumber TipNr TipActive TipX TipY TipZ KI KII KIII G Phi Psi Extension
1010000 FRAC0_S 0 1 14917.7 -29015.8 8500 1.69718e+06 -1.23728e+07 3.42254e+06 15456.1 64.0037 -13.998
1010000 FRAC0_S 0 1 14617.5 -29089.3 8500 1.54948e+06 -1.28755e+07 466292 15015.3 68.7173 -2.41007
1010000 FRAC0_S 0 1 14354.9 -29252.1 8500 1.51522e+07 -1.2182e+07 -2.36914e+06 34429.1 45.6431 6.01135
1010000 FRAC0_S 0 1 14155.3 -29488 8500 1.47265e+06 -1.13125e+07 -5.10932e+06 15068.9 60.5295 19.5806
1010000 FRAC0_S 0 1 14038.5 -29774.1 8500 1.11637e+06 -6.77037e+06 -5.74923e+06 8591.8 52.2547 27.0203
1010000 FRAC0_S 0 1 14015.7 -30082.3 8500 1.55867e+06 -4.87072e+06 -8.87596e+06 12808.6 37.4639 34.1358
1010000 FRAC0_S 0 1 14089.3 -30382.4 8500 1.5212e+06 -581910 -9.65562e+06 12636.1 6.75682 41.7981
1010000 FRAC0_S 0 1 14252.1 -30645.1 8500 1.18706e+06 3.12241e+06 -7.88149e+06 9256.02 -31.2655 36.6344
1010000 FRAC0_S 0 1 14488.1 -30844.6 8500 1.50541e+06 7.91537e+06 -8.22067e+06 14773 -48.7232 29.1812
1010000 FRAC0_S 0 1 14774.1 -30961.5 8500 1.56195e+06 1.1398e+07 -6.15812e+06 16837.7 -58.5856 21.7007
1010000 FRAC0_S 0 1 15082.3 -30984.2 8500 1.63963e+06 1.37312e+07 -3.51087e+06 18680.2 -64.7915 13.3624
1010000 FRAC0_S 0 1 15382.5 -30910.7 8500 1.56451e+06 1.46963e+07 -556263 19505.3 -68.8868 2.54393
1010000 FRAC0_S 0 1 15645.1 -30747.9 8500 1.77271e+07 1.29223e+07 2.3328e+06 43606.6 -44.1062 -5.35179
1010000 FRAC0_S 0 1 15844.7 -30512 8500 1.64076e+06 1.27943e+07 5.49364e+06 18840.6 -61.0287 -18.9942
1010000 FRAC0_S 0 1 15961.5 -30225.9 8500 1.24154e+06 7.16544e+06 5.86166e+06 9282.34 -52.6523 -26.4738
1010000 FRAC0_S 0 1 15984.3 -29917.7 8500 1.62119e+06 5.38771e+06 9.02151e+06 13645.4 -39.1459 -33.4448
1010000 FRAC0_S 0 1 15910.7 -29617.6 8500 -1.59942e+07 1.02401e+06 9.04162e+06 10966.3 -5.39316 -23.0901
1010000 FRAC0_S 0 1 15747.9 -29354.9 8500 1.33645e+06 -2.6266e+06 7.13061e+06 7536.4 29.2232 -36.5018
1010000 FRAC0_S 0 1 15511.9 -29155.4 8500 -4.74261e+06 -6.45416e+06 7.37488e+06 10945.7 40.1996 -25.7703
1010000 FRAC0_S 0 1 15225.9 -29038.5 8500 -1.99941e+07 -9.64615e+06 5.68152e+06 12584.7 33.0125 -11.6925
Step FractureNumber TipNr TipActive TipX TipY TipZ KI KII KIII G Phi Psi Extension
1010101 FRAC0_S 0 1 14917.2 -28965.2 8581.86 3.43823e+07 -9.18205e+06 7.30426e+06 119949 22.99 -10.5197
1010101 FRAC0_S 0 1 14598.2 -29048.4 8586.94 1.47442e+07 -3.13242e+06 1.30314e+06 20472 20.9975 -5.14725
1010101 FRAC0_S 0 1 14318 -29210.9 8580.81 1.49849e+07 -4.8681e+06 -1.97865e+06 22641.9 27.7372 6.79822
1010101 FRAC0_S 0 1 14108 -29458.6 8581.18 1.21523e+07 -3.91789e+06 -5.22253e+06 18155 23.3902 17.146
1010101 FRAC0_S 0 1 13978.4 -29762.4 8576.51 7.79588e+06 -2.59023e+06 -5.16897e+06 9567.13 21.3718 22.2755
1010101 FRAC0_S 0 1 13938.4 -30091.7 8553.12 7.22075e+06 -2.59633e+06 -8.313e+06 14437.9 18.6133 28.8266
1010101 FRAC0_S 0 1 14007.6 -30417.3 8508.12 5.5664e+06 -977450 -9.8832e+06 15837.3 8.0825 34.983
1010101 FRAC0_S 0 1 14188.3 -30696.7 8458.2 5.96885e+06 -905002 -5.76754e+06 7671.9 9.66389 28.7177
1010101 FRAC0_S 0 1 14450.7 -30898.9 8428.17 1.89178e+07 -7.92158e+06 -8.2283e+06 46487.4 28.0532 16.4851
1010101 FRAC0_S 0 1 14760.5 -31011.6 8415.92 8.03551e+06 2.247e+06 -4.05767e+06 8393.5 -20.2183 19.4286
1010101 FRAC0_S 0 1 15084.5 -31026.4 8410.11 717992 -557114 -582921 118.788 35.6845 21.2229
1010101 FRAC0_S 0 1 15402 -30951.4 8413.34 -1.95901e+06 1.23701e+07 -316805 13648.9 -68.3098 1.67177
1010101 FRAC0_S 0 1 15682.4 -30789.7 8420.01 1.2887e+07 4.66079e+06 1.66913e+06 17105.3 -29.8373 -6.52589
1010101 FRAC0_S 0 1 15891.8 -30541.6 8418.98 1.18563e+07 4.17592e+06 4.73019e+06 17056.1 -25.3264 -16.0575
1010101 FRAC0_S 0 1 16020.7 -30237.5 8422.6 9.28036e+06 2.68818e+06 6.16436e+06 13372.5 -19.2164 -22.7027
1010101 FRAC0_S 0 1 16060.6 -29908.3 8446.22 7.63133e+06 2.89394e+06 9.20352e+06 17201.5 -19.0299 -29.2056
1010101 FRAC0_S 0 1 15992.4 -29582.5 8491.72 5.39239e+06 1.03e+06 9.77925e+06 15405 -8.61742 -35.0577
1010101 FRAC0_S 0 1 15813.8 -29300.5 8538.2 -870442 -5.31347e+06 1.2229e+07 22405.8 34.571 -37.2477
1010101 FRAC0_S 0 1 15553 -29088 8558.1 6.93979e+06 -4.46734e+06 8.39272e+06 15438.2 28.024 -27.1333
1010101 FRAC0_S 0 1 15244.4 -28970.4 8565.85 7.10382e+06 -3.64759e+06 4.21125e+06 8041.17 29.9691 -19.3391