
Step FractureNumber TipNr TipActive TipX TipY TipZ KI KII KIII G Phi Psi Extension
1010000 FRAC0_S 0 1 30000 44049 8233.09 4.87349e+06 -248265 -11539.9 2121.95 6.60718 0.175181
1010000 FRAC0_S 0 1 30000 44178.1 7952.3 4.35102e+06 333837 179804 1701.2 -9.27783 -2.8379
1010000 FRAC0_S 0 1 30000 44387.6 7725.12 4.41668e+06 -245248 -225463 1750.39 6.84891 3.52803
1010000 FRAC0_S 0 1 30000 44657 7573.79 4.15092e+06 139427 368039 1555.13 -4.12753 -5.95645
1010000 FRAC0_S 0 1 30000 44960 7513.12 5.10499e+06 141254 -134439 2326.47 -3.62704 1.92826
1010000 FRAC0_S 0 1 30000 45266.9 7549.06 4.62615e+06 68616 -146544 1910.34 -1.97016 2.33079
1010000 FRAC0_S 0 1 30000 45547.7 7678.08 4.60449e+06 140983 -110618 1892.65 -4.0055 1.75965
1010000 FRAC0_S 0 1 30000 45774.9 7887.55 4.39043e+06 -784331 349088 1788.7 18.4673 -4.79753
1010000 FRAC0_S 0 1 30000 45926.2 8156.97 4.89782e+06 261774 -22526 2143.8 -6.89347 0.338432
1010000 FRAC0_S 0 1 30000 45986.8 8459.98 4.61302e+06 226409 -4628.54 1900.83 -6.39062 0.0744996
1010000 FRAC0_S 0 1 30000 45951 8766.91 4.62969e+06 212437 37860.6 1914.2 -5.96187 -0.603163
1010000 FRAC0_S 0 1 30000 45821.9 9047.7 4.72905e+06 199436 78113.6 1997.2 -5.46577 -1.20893
1010000 FRAC0_S 0 1 30000 45612.4 9274.88 4.16175e+06 147901 106227 1546.85 -4.61049 -1.85725
1010000 FRAC0_S 0 1 30000 45343 9426.21 4.62999e+06 180651 360049 1930.38 -4.8058 -5.27134
1010000 FRAC0_S 0 1 30000 45040 9486.88 4.00524e+06 88040 151810 1433.25 -2.87339 -2.74718
1010000 FRAC0_S 0 1 30000 44733.1 9450.94 4.75538e+06 34048.1 -75453.1 2015.96 -0.976397 1.20182
1010000 FRAC0_S 0 1 30000 44452.3 9321.92 4.73223e+06 -134318 116398 1998.94 3.72292 -1.80401
1010000 FRAC0_S 0 1 30000 44225.1 9112.45 4.66406e+06 -180563 96164.3 1942.58 5.02286 -1.50564
1010000 FRAC0_S 0 1 30000 44073.8 8843.03 4.55976e+06 -1.0453e+06 170673 1953.97 23.0446 -2.27609
1010000 FRAC0_S 0 1 30000 44013.2 8540.02 4.62049e+06 -67349.9 4288.5 1902.81 1.99511 -0.0712627
Step FractureNumber TipNr TipActive TipX TipY TipZ KI KII KIII G Phi Psi Extension
1010101 FRAC0_S 0 1 30002.6 43955.7 8207.01 5.18642e+06 -172980 34561.6 2399.8 4.41768 -0.498427
1010101 FRAC0_S 0 1 29997.8 44097.7 7898.75 3.63877e+06 -167612 -72313.7 1183.07 5.91916 1.44275
1010101 FRAC0_S 0 1 30000.1 44327.6 7649.11 5.50855e+06 -46753.9 -108700 2705.74 1.15087 1.48477
1010101 FRAC0_S 0 1 29997.8 44623.2 7482.63 5.59102e+06 -62440.6 1416.92 2785.88 1.53733 -0.0195421
1010101 FRAC0_S 0 1 29994.1 44956.1 7415.82 4.44729e+06 -290406 221241 1776.48 7.95864 -3.41425
1010101 FRAC0_S 0 1 29994.9 45293.3 7455.26 5.79082e+06 -103452 -77874.7 2989.94 2.40412 1.01148
1010101 FRAC0_S 0 1 30003.5 45600.7 7597.81 4.60074e+06 232958 -209922 1896.87 -6.31708 3.18929
1010101 FRAC0_S 0 1 30011 45849.2 7828.77 4.93669e+06 707153 -50868.4 2216.6 -16.3054 0.694108
1010101 FRAC0_S 0 1 29999.1 46016.1 8124.02 4.35182e+06 687707 33788 1729.89 -17.6913 -0.518011
1010101 FRAC0_S 0 1 29988.8 46083.7 8456.06 5.53814e+06 -541625 -5418.18 2759.24 11.9064 0.0694242
1010101 FRAC0_S 0 1 29989.6 46044.4 8793.13 4.72078e+06 -655459 -36713.3 2024.35 15.9263 0.527515
1010101 FRAC0_S 0 1 29990.6 45902.8 9101.57 4.62702e+06 -260499 54719.8 1914.23 7.18474 -0.859561
1010101 FRAC0_S 0 1 29991.5 45672.7 9351.14 4.73039e+06 -324375 94158.8 2004.53 8.54199 -1.41536
1010101 FRAC0_S 0 1 29992.6 45376.8 9517.43 5.12409e+06 -386878 117610 2354.87 9.29213 -1.61541
1010101 FRAC0_S 0 1 29995 45043.9 9584.2 5.14587e+06 -296311 106796 2368.97 7.27628 -1.48897
1010101 FRAC0_S 0 1 29999.5 44706.7 9544.78 5.3499e+06 -173458 21533.3 2553.2 4.31105 -0.302412
1010101 FRAC0_S 0 1 30005 44398.3 9402.95 5.07053e+06 -514468 423839 2338.52 11.4735 -5.33762
1010101 FRAC0_S 0 1 30015.8 44150.7 9172.08 4.40413e+06 859353 -213926 1800.3 -20.2416 2.99604
1010101 FRAC0_S 0 1 30022.7 43986.2 8875.46 5.5461e+06 1.25449e+06 65143.2 2881.75 -23.2435 -0.737106
1010101 FRAC0_S 0 1 30014.4 43917.7 8543.33 3.42233e+06 324583 119450 1054.97 -11.2597 -2.3783