
Step FractureNumber TipNr TipActive TipX TipY TipZ KI KII KIII G Phi Psi Extension
1010000 FRAC0_S 0 1 -21543.7 22747 8500 -1.33344e+07 4.10622e+06 832224 1594.6 -27.9255 -3.484
1010000 FRAC0_S 0 1 -21666.9 23030.4 8500 -9.51819e+06 2.98407e+06 1.51264e+06 1097.81 -26.6355 -8.03419
1010000 FRAC0_S 0 1 -21871.5 23261.9 8500 -794035 538654 3.95622e+06 2107.52 -13.5324 -39.881
1010000 FRAC0_S 0 1 -22137.7 23418.8 8500 -1.12731e+07 1.34224e+06 2.81166e+06 1211.96 -11.6509 -13.1198
1010000 FRAC0_S 0 1 -22439.4 23485.8 8500 -599133 -2.56659e+06 2.99781e+06 1782.26 46.16 -30.1309
1010000 FRAC0_S 0 1 -22747 23456.3 8500 -5.21317e+06 -2.30451e+06 2.42862e+06 1257.71 28.6795 -17.0781
1010000 FRAC0_S 0 1 -23030.4 23333.1 8500 -1.0552e+07 -3.1291e+06 2.3286e+06 1593.67 24.689 -10.6469
1010000 FRAC0_S 0 1 -23261.9 23128.5 8500 -818179 -5.77377e+06 355401 2987.4 68.0025 -3.90384
1010000 FRAC0_S 0 1 -23418.8 22862.3 8500 -751878 -5.21798e+06 -777563 2506.64 66.4034 8.55037
1010000 FRAC0_S 0 1 -23485.8 22560.6 8500 -609079 -4.40495e+06 -1.69676e+06 2111.96 61.7356 17.6119
1010000 FRAC0_S 0 1 -23456.3 22253 8500 1.31487e+07 -1.94536e+06 -3.96931e+06 17838.7 13.5576 14.8102
1010000 FRAC0_S 0 1 -23333.1 21969.6 8500 -525981 -2.07478e+06 -3.12349e+06 1681.16 41.5475 32.7359
1010000 FRAC0_S 0 1 -23128.5 21738.1 8500 -513446 -531873 -2.77233e+06 1047.42 18.146 39.2401
1010000 FRAC0_S 0 1 -22862.3 21581.2 8500 4.27222e+06 1.79644e+06 -3.3333e+06 3391.75 -24.1944 23.5057
1010000 FRAC0_S 0 1 -22560.6 21514.2 8500 -625768 2.28987e+06 -2.90943e+06 1593.07 -44.2176 30.726
1010000 FRAC0_S 0 1 -22253 21543.7 8500 1.2375e+07 5.07656e+06 -1.33412e+06 16179.6 -32.7211 5.37297
1010000 FRAC0_S 0 1 -21969.6 21666.9 8500 8.56359e+06 4.76494e+06 -592559 8604.8 -39.7185 3.26032
1010000 FRAC0_S 0 1 -21738.1 21871.5 8500 -1.34833e+07 2.49604e+06 -1.93944e+06 1055.44 -18.1434 8.05574
1010000 FRAC0_S 0 1 -21581.2 22137.7 8500 -548701 4.24562e+06 492204 1638.45 -67.2862 -6.97616
1010000 FRAC0_S 0 1 -21514.2 22439.4 8500 -621287 3.98905e+06 1.50617e+06 1719.68 -61.5314 -17.2062
Step FractureNumber TipNr TipActive TipX TipY TipZ KI KII KIII G Phi Psi Extension
1010101 FRAC0_S 0 1 -21470.1 22769.3 8443.4 2.24835e+06 2.77823e+06 2.48163e+06 1957.34 -42.2193 -22.1756
1010101 FRAC0_S 0 1 -21592.3 23078.7 8460.03 531130 1.57054e+06 2.47608e+06 1060.35 -39.792 -32.5351
1010101 FRAC0_S 0 1 -21812.8 23334.2 8472.04 564422 616077 3.95617e+06 2143.83 -15.7842 -40.4992
1010101 FRAC0_S 0 1 -22103.3 23500.5 8502.08 674198 -1.58105e+06 4.01665e+06 2409 30.8436 -36.4182
1010101 FRAC0_S 0 1 -22433.8 23564.5 8543.01 2.35413e+06 -3.78023e+06 3.47851e+06 3376.55 44.2295 -23.904
1010101 FRAC0_S 0 1 -22769.2 23535.3 8552.47 2.87311e+06 -5.21638e+06 2.38967e+06 3919.82 52.3447 -16.0711
1010101 FRAC0_S 0 1 -23067.5 23398.7 8556.06 1.46026e+07 -2.93109e+06 -957607 19889.1 20.4328 3.95087
1010101 FRAC0_S 0 1 -23297.9 23163.2 8579.71 1.09979e+07 -2.92285e+06 -2.50773e+06 12375.8 22.6922 11.1374
1010101 FRAC0_S 0 1 -23456.5 22876.3 8591.02 3.28095e+06 1.9233e+06 -852507 1385.52 -37.398 10.325
1010101 FRAC0_S 0 1 -23542.3 22559.6 8572.81 4.28155e+06 -5.57539e+06 -2.95953e+06 5568.44 47.6557 16.2518
1010101 FRAC0_S 0 1 -23530.9 22231.5 8550.32 5.1432e+06 1.19362e+06 -2.10214e+06 3071.86 -18.4015 17.3821
1010101 FRAC0_S 0 1 -23403.3 21925 8546.8 1.12759e+07 5.2082e+06 -5.86103e+06 18316 -28.8283 18.1887
1010101 FRAC0_S 0 1 -23182.8 21670.1 8521.9 8.19318e+06 2.86999e+06 -3.99579e+06 8839.3 -24.1391 18.3733
1010101 FRAC0_S 0 1 -22895.2 21502.5 8469.86 1.10108e+07 -1.86295e+06 -240577 11120.4 18.4751 1.41977
1010101 FRAC0_S 0 1 -22565.9 21436.8 8441.37 2.51285e+06 3.18969e+06 -3.15722e+06 2795.04 -41.3298 23.6051
1010101 FRAC0_S 0 1 -22212.8 21474 8439.74 2.67651e+06 7.34022e+06 -3.10207e+06 6719.34 -56.4183 16.5987
1010101 FRAC0_S 0 1 -21925.3 21599 8446.75 2.24465e+06 2.96781e+06 -492165 1266.06 -53.8886 6.4838
1010101 FRAC0_S 0 1 -21682.1 21821.5 8445.4 5.503e+06 8.62559e+06 663075 9386.86 -57.8359 -3.43024
1010101 FRAC0_S 0 1 -21533 22114.8 8424.11 8.16104e+06 -3.41449e+06 2.90373e+06 8095.27 29.122 -14.3153
1010101 FRAC0_S 0 1 -21460 22439.9 8421.27 3.52242e+06 1.94417e+06 1.3967e+06 1701.9 -34.041 -14.5065