
Step FractureNumber TipNr TipActive TipX TipY TipZ KI KII KIII G Phi Psi Extension
1010000 FRAC0_S 0 1 -15000 44049 8233.09 -779509 -2.11933e+06 -1.58828e+06 735.75 50.5083 23.4746
1010000 FRAC0_S 0 1 -15000 44178.1 7952.3 -742520 -1.05205e+06 -1.87505e+06 566.231 34.3835 31.2394
1010000 FRAC0_S 0 1 -15000 44387.6 7725.12 -502515 -577330 -2.27132e+06 715.833 22.0413 37.7068
1010000 FRAC0_S 0 1 -15000 44657 7573.79 -412993 385197 -1.91885e+06 502.926 -18.441 38.6268
1010000 FRAC0_S 0 1 -15000 44960 7513.12 -599271 1.80543e+06 -2.44519e+06 1085.66 -42.4161 30.9373
1010000 FRAC0_S 0 1 -15000 45266.9 7549.06 -407261 2.34441e+06 -1.70656e+06 877.115 -54.2635 25.0221
1010000 FRAC0_S 0 1 -15000 45547.7 7678.08 -382754 2.9619e+06 -1.18313e+06 967.921 -61.6276 18.1286
1010000 FRAC0_S 0 1 -15000 45774.9 7887.55 -455272 3.49505e+06 -604349 1137.09 -66.2113 9.76864
1010000 FRAC0_S 0 1 -15000 45926.2 8156.97 -548077 3.8341e+06 69254.3 1310.58 -68.6537 -1.20552
1010000 FRAC0_S 0 1 -15000 45986.8 8459.98 -549873 3.43894e+06 733092 1125.32 -64.8323 -11.3143
1010000 FRAC0_S 0 1 -15000 45951 8766.91 -770758 3.28307e+06 1.49145e+06 1256.32 -58.3502 -18.5916
1010000 FRAC0_S 0 1 -15000 45821.9 9047.7 -818090 2.43514e+06 1.95825e+06 1038.44 -50.1335 -24.6497
1010000 FRAC0_S 0 1 -15000 45638.3 9254.46 -1.01286e+06 1.67793e+06 2.53114e+06 1102.97 -37.7579 -30.0544
1010000 FRAC0_S 0 1 -15000 45343 9426.21 -1.16827e+06 512066 2.80606e+06 1070.6 -15.0673 -35.8763
1010000 FRAC0_S 0 1 -15000 45040 9486.88 -1.31555e+06 -876937 2.49498e+06 896.44 23.7414 -32.1676
1010000 FRAC0_S 0 1 -15000 44733.1 9450.94 -917920 -2.14034e+06 1.65738e+06 773.556 49.1228 -23.3378
1010000 FRAC0_S 0 1 -15000 44452.3 9321.92 -1.41929e+06 -3.28681e+06 1.9697e+06 1478.67 51.9602 -20.1412
1010000 FRAC0_S 0 1 -15000 44225.1 9112.45 -1.43098e+06 -4.09314e+06 1.14101e+06 1666.09 59.5764 -12.3858
1010000 FRAC0_S 0 1 -15000 44073.8 8843.03 -754187 -2.35052e+06 -740886 565.331 59.4197 13.8025
1010000 FRAC0_S 0 1 -15000 44013.2 8540.02 -1.28234e+06 -3.89463e+06 -854814 1448.82 61.2123 10.3913
Step FractureNumber TipNr TipActive TipX TipY TipZ KI KII KIII G Phi Psi Extension
1010101 FRAC0_S 0 1 -14925.4 43989.3 8213.56 933586 -1.47173e+06 -833348 363.043 49.1644 17.8854
1010101 FRAC0_S 0 1 -14943.1 44114.1 7906.95 620297 -1.55966e+06 -1.51074e+06 554.598 46.662 26.3989
1010101 FRAC0_S 0 1 -14975 44333.4 7655.08 68155.2 -603621 -1.73394e+06 432.753 30.7206 39.0759
1010101 FRAC0_S 0 1 -15023.3 44625.4 7492.69 279531 443240 -1.8097e+06 460.048 -22.3588 38.8872
1010101 FRAC0_S 0 1 -15061.9 44954.2 7439.94 955542 914829 -1.30565e+06 382.668 -34.5182 26.4885
1010101 FRAC0_S 0 1 -15079.4 45280.6 7492.61 957301 525374 -354259 122.95 -34.3149 13.8152
1010101 FRAC0_S 0 1 -15087.1 45572.7 7638 1.5626e+06 600395 -283832 260.417 -30.1381 8.60397
1010101 FRAC0_S 0 1 -15091 45805.9 7862 1.47105e+06 369812 33100.4 205.165 -24.9018 -1.36745
1010101 FRAC0_S 0 1 -15092.1 45961.8 8143.97 1.43755e+06 327845 246831 201.831 -20.9515 -9.07136
1010101 FRAC0_S 0 1 -15089.8 46029.3 8459.5 2.0604e+06 913987 180045 457.046 -34.6878 -4.3445
1010101 FRAC0_S 0 1 -15084.4 46000.1 8782.44 866612 636659 345085 118.881 -39.9174 -13.4122
1010101 FRAC0_S 0 1 -15075 45873.5 9084.52 984411 1.25169e+06 1.07443e+06 379.498 -42.9262 -21.8388
1010101 FRAC0_S 0 1 -15056.3 45658.7 9337.41 338841 1.1963e+06 1.55355e+06 458.756 -43.7233 -30.8838
1010101 FRAC0_S 0 1 -15018.3 45372.9 9509.86 -231363 453237 1.50723e+06 320.448 -25.9567 -38.0325
1010101 FRAC0_S 0 1 -14967.5 45045.8 9571 -193302 -925499 2.1011e+06 663.473 34.4571 -36.8463
1010101 FRAC0_S 0 1 -14932.5 44716.7 9518.13 695180 -2.01688e+06 1.65526e+06 769.952 49.7247 -24.8224
1010101 FRAC0_S 0 1 -14920.1 44420.9 9371.16 1.14063e+06 -1.86418e+06 828410 516.882 51.5295 -15.3156
1010101 FRAC0_S 0 1 -14915.7 44184.8 9145.38 1.36305e+06 -1.75891e+06 236879 448.706 54.1174 -5.33675
1010101 FRAC0_S 0 1 -14913.4 44027.9 8860.2 1.37442e+06 -1.33201e+06 -185393 331.006 49.6343 4.86491
1010101 FRAC0_S 0 1 -14915.3 43961.8 8541.12 1.07304e+06 -1.08935e+06 -222224 214.914 49.3472 6.98232