
Step FractureNumber TipNr TipActive TipX TipY TipZ KI KII KIII G Phi Psi Extension
1010000 FRAC0_S 0 1 44211.8 15541.8 8746.4 3.44129e+06 -570241 2.52046e+06 1929.17 11.6885 -25.184
1010000 FRAC0_S 0 1 44197.7 15330.7 8971.63 3.3953e+06 -1.8052e+06 2.34188e+06 2047.07 29.4978 -21.0372
1010000 FRAC0_S 0 1 44262.1 15087.2 9150.69 3.4686e+06 -2.90182e+06 1.84581e+06 2275.59 40.7138 -15.8575
1010000 FRAC0_S 0 1 44398.7 14835.2 9266.05 3.6006e+06 -3.77703e+06 1.17119e+06 2608.93 48.1904 -10.0666
1010000 FRAC0_S 0 1 44594.2 14599.3 9306.44 3.56578e+06 -3.96019e+06 300633 2542.56 52.9169 -2.94742
1010000 FRAC0_S 0 1 44829.4 14402.7 9267.88 2.66536e+06 -2.85479e+06 -445185 1385.64 50.9672 5.63725
1010000 FRAC0_S 0 1 45081.4 14264.5 9154.15 3.42178e+06 -3.18686e+06 -1.20968e+06 2142.98 45.4355 11.2785
1010000 FRAC0_S 0 1 45325.3 14198.3 8976.4 3.33599e+06 -2.64305e+06 -1.82255e+06 2055.97 39.3954 16.4208
1010000 FRAC0_S 0 1 45537.4 14210.6 8752.01 3.28814e+06 -1.76097e+06 -2.23833e+06 1906.12 29.7428 20.8444
1010000 FRAC0_S 0 1 45696.9 14300.2 8502.94 3.24438e+06 -299144 -2.02309e+06 1490.3 7.32129 23.989
1010000 FRAC0_S 0 1 45788.2 14458.2 8253.6 2.93513e+06 87939.1 -2.16378e+06 1391.07 -2.35347 26.7961
1010000 FRAC0_S 0 1 45802.3 14669.3 8028.37 2.98683e+06 1.27107e+06 -1.97765e+06 1459.11 -25.6294 21.4188
1010000 FRAC0_S 0 1 45737.9 14912.8 7849.31 2.79773e+06 2.1253e+06 -1.82381e+06 1542.38 -37.1549 18.6736
1010000 FRAC0_S 0 1 45601.3 15164.8 7733.95 3.00528e+06 3.03793e+06 -1.36649e+06 1875.56 -45.6325 13.2623
1010000 FRAC0_S 0 1 45384 15422.6 7693.47 1.63362e+06 2.84232e+06 -688039 1020.67 -55.8509 9.80674
1010000 FRAC0_S 0 1 45170.6 15597.3 7732.12 2.72414e+06 3.38145e+06 41796.4 1680.41 -55.829 -0.528801
1010000 FRAC0_S 0 1 44918.6 15735.5 7845.85 3.04565e+06 3.6344e+06 864640 2103.06 -51.1967 -8.50558
1010000 FRAC0_S 0 1 44674.7 15801.7 8023.6 2.85557e+06 2.76603e+06 1.51321e+06 1712.94 -43.7545 -15.0585
1010000 FRAC0_S 0 1 44462.6 15789.4 8247.99 2.98616e+06 1.91376e+06 2.0968e+06 1705.72 -33.0561 -20.4116
1010000 FRAC0_S 0 1 44303.1 15699.8 8497.06 2.22624e+06 613757 1.80082e+06 906.522 -17.2909 -25.2981
Step FractureNumber TipNr TipActive TipX TipY TipZ KI KII KIII G Phi Psi Extension
1010101 FRAC0_S 0 1 44146.8 15601.6 8777.6 3.85878e+06 -372095 2.47215e+06 2152.03 7.5559 -24.2786
1010101 FRAC0_S 0 1 44155.1 15386.9 9037.55 4.26668e+06 -121096 2.00738e+06 2159.44 2.62588 -21.2321
1010101 FRAC0_S 0 1 44242.6 15131.8 9235.67 5.20082e+06 38916.5 1.67042e+06 2781.54 -0.786229 -16.9269
1010101 FRAC0_S 0 1 44400.5 14867.6 9359.15 5.73967e+06 202133 898602 3046.66 -4.07585 -9.67712
1010101 FRAC0_S 0 1 44613.9 14619.8 9401.23 6.72581e+06 233690 312584 4048.89 -4.42665 -3.29179
1010101 FRAC0_S 0 1 44863.4 14408.7 9360.51 5.75456e+06 270722 -421815 2981.07 -5.75535 4.96205
1010101 FRAC0_S 0 1 45128.8 14254.1 9239.89 5.87634e+06 -66153.9 -1.17458e+06 3260.97 1.29527 11.9741
1010101 FRAC0_S 0 1 45387 14172.3 9047.96 5.4267e+06 52009.6 -1.81679e+06 3063.44 -0.994503 17.3778
1010101 FRAC0_S 0 1 45610.2 14168 8797.8 4.37586e+06 232292 -1.80275e+06 2143.34 -4.98084 19.3242
1010101 FRAC0_S 0 1 45773.9 14244.2 8512.65 4.23454e+06 -225164 -2.49001e+06 2427 4.46239 23.7103
1010101 FRAC0_S 0 1 45858.3 14400.1 8224.86 3.72893e+06 45648.9 -2.39293e+06 2000.82 -1.03238 25.2955
1010101 FRAC0_S 0 1 45852 14617 7965.69 2.89434e+06 125892 -1.53586e+06 1061.63 -3.81497 22.5438
1010101 FRAC0_S 0 1 45762.6 14870.6 7764.73 4.63596e+06 157995 -1.83451e+06 2364.99 -3.29725 19.0598
1010101 FRAC0_S 0 1 45601.9 15133.2 7640.94 4.71288e+06 8976.71 -1.13762e+06 2151.37 -0.214316 13.8998
1010101 FRAC0_S 0 1 45384.2 15377.3 7600.02 4.35094e+06 -630843 -525234 1759.06 15.1188 7.1391
1010101 FRAC0_S 0 1 45132.8 15584.6 7641.37 5.33047e+06 -188021 -1736.67 2535.11 4.68725 0.0245357
1010101 FRAC0_S 0 1 44868.1 15737.6 7761.05 4.28988e+06 95698.2 585901 1686.37 -2.66898 -8.73415
1010101 FRAC0_S 0 1 44611 15820.3 7951.38 4.78201e+06 413392 1.33691e+06 2290.68 -8.57945 -14.5813
1010101 FRAC0_S 0 1 44389.2 15824.9 8195.47 4.41451e+06 179732 2.02719e+06 2286.01 -3.74858 -20.787
1010101 FRAC0_S 0 1 44224.9 15750.4 8484.14 3.31079e+06 111928 2.33137e+06 1700.78 -2.69677 -26.1858