
Step FractureNumber TipNr TipActive TipX TipY TipZ KI KII KIII G Phi Psi Extension
1010000 FRAC0_S 0 1 21975.5 -6707.24 8231.76 -3.67578e+06 745872 439592 75.2752 -19.8326 -6.78352
1010000 FRAC0_S 0 1 21811.9 -6791.77 8479.91 -1.76559e+06 1.46856e+06 1.56184e+06 516.614 -36.3055 -21.9014
1010000 FRAC0_S 0 1 21715.6 -6945.62 8730.02 -38600.9 913676 2.66968e+06 1022.31 -30.862 -39.5638
1010000 FRAC0_S 0 1 21696.1 -7153.74 8957.61 1.52351e+06 -626050 3.74946e+06 2111.54 14.0695 -36.2455
1010000 FRAC0_S 0 1 21755.4 -7395.76 9140.41 2.97817e+06 -2.76067e+06 3.97559e+06 3571.6 34.1323 -26.3942
1010000 FRAC0_S 0 1 21887.5 -7647.97 9260.52 6.06659e+06 -3.01251e+06 2.41553e+06 4864.28 31.8832 -14.934
1010000 FRAC0_S 0 1 22079.5 -7885.7 9306.2 4.24734e+06 -5.97394e+06 2.21434e+06 5439.83 51.1003 -12.8427
1010000 FRAC0_S 0 1 22312.7 -8085.68 9272.95 3.83873e+06 -6.2644e+06 870597 4910.83 57.1084 -5.9804
1010000 FRAC0_S 0 1 22564.3 -8228.33 9164.03 3.01001e+06 -6.2232e+06 -497519 4291.34 60.9048 3.90177
1010000 FRAC0_S 0 1 22809.5 -8299.68 8990.12 1.2554e+06 -3.50887e+06 -1.06537e+06 1388.53 58.9062 13.1525
1010000 FRAC0_S 0 1 23023.1 -8293.1 8770.02 208041 -2.0255e+06 -1.18192e+06 555.236 58.4067 23.0402
1010000 FRAC0_S 0 1 23188.1 -8208.23 8520.09 -1.90243e+06 -1.47439e+06 -1.64053e+06 551.657 35.0955 21.9757
1010000 FRAC0_S 0 1 23284.4 -8054.38 8269.98 2.54418e+06 -1.07188e+07 5.51005e+06 14852.8 57.1152 -20.0509
1010000 FRAC0_S 0 1 23303.9 -7846.26 8042.39 -4.79835e+06 304746 -204682 13.8477 -7.80735 2.95881
1010000 FRAC0_S 0 1 23244.6 -7604.24 7859.59 -6.44636e+06 3763.37 362866 17.5136 -0.0773121 -4.06074
1010000 FRAC0_S 0 1 23112.5 -7352.03 7739.48 -7.2781e+06 -637163 636129 89.9964 10.0428 -5.61972
1010000 FRAC0_S 0 1 22920.5 -7114.3 7693.8 -67479.5 -6.60541e+06 4.0099e+06 6026.54 59.8026 -24.6286
1010000 FRAC0_S 0 1 22687.3 -6914.32 7727.05 -7.5504e+06 -1.09286e+06 326591 120.613 16.018 -2.79623
1010000 FRAC0_S 0 1 22435.7 -6771.67 7835.97 -2.18087e+07 1.31415e+07 -9.3288e+06 26963.8 -35.3846 14.9684
1010000 FRAC0_S 0 1 22190.5 -6700.32 8009.88 -2.14183e+07 1.26808e+07 9.60685e+06 26604 -34.7268 -15.5505
Step FractureNumber TipNr TipActive TipX TipY TipZ KI KII KIII G Phi Psi Extension
1010101 FRAC0_S 0 1 21903.5 -6664.97 8181.82 -2.61663e+06 4.15129e+06 307098 1548.2 -58.0459 -3.3235
1010101 FRAC0_S 0 1 21724.8 -6761.35 8448.31 -7.85012e+06 -4.60156e+06 9.05733e+06 12797.5 26.7473 -26.9938
1010101 FRAC0_S 0 1 21627.9 -6918.43 8731 1.85095e+06 1.71881e+06 2.98512e+06 1753.71 -31.8974 -28.6776
1010101 FRAC0_S 0 1 21631.7 -7114.79 9006.22 1.99205e+07 -1.78878e+07 -9.00916e+06 74669 43.2718 13.7877
1010101 FRAC0_S 0 1 21718.6 -7358.74 9222.17 4.67459e+06 -987328 3.17302e+06 3373.13 14.7712 -23.7568
1010101 FRAC0_S 0 1 21873.4 -7623.7 9354.04 7.89894e+06 399590 5.59123e+06 9731.92 -3.96968 -26.051
1010101 FRAC0_S 0 1 22092.6 -7866.99 9401.01 9.36434e+06 -178091 3.09057e+06 9087.32 1.95971 -17.1071
1010101 FRAC0_S 0 1 22349.8 -8068.79 9363.27 9.25041e+06 2.5283e+06 1.22095e+06 8393.03 -24.5807 -7.03481
1010101 FRAC0_S 0 1 22617 -8215.05 9247.11 9.37066e+06 2.14205e+06 -1.35595e+06 8478.09 -21.3642 7.85234
1010101 FRAC0_S 0 1 22875 -8290.43 9064.29 7.78074e+06 -1.30203e+06 -163411 5549.33 18.3264 1.36821
1010101 FRAC0_S 0 1 23102 -8293.65 8827.42 1.49713e+06 1.87703e+06 -5.5671e+06 4635.7 -26.3051 35.7721
1010101 FRAC0_S 0 1 23275.3 -8214.68 8562.33 2.10017e+06 -3.55332e+06 -1.59075e+06 1854.7 51.8289 15.5367
1010101 FRAC0_S 0 1 23370.9 -8062.38 8283.17 -1.14809e+06 -3.65597e+06 -1.50437e+06 1492.05 57.6248 16.724
1010101 FRAC0_S 0 1 23382 -7865.71 8008.24 -5.25181e+06 -1.26932e+06 -1.1147e+06 308.831 21.3382 10.6834
1010101 FRAC0_S 0 1 23318.3 -7614.01 7797.25 -6.85099e+06 -95666.6 615730 51.239 1.75984 -6.132
1010101 FRAC0_S 0 1 23184.8 -7324.9 7692.58 -5.81929e+06 -2.45299e+06 1.30338e+06 762.13 31.2702 -10.0055
1010101 FRAC0_S 0 1 22982.5 -7055.09 7666.97 -904681 -1.10461e+07 -5.54362e+06 14960.2 60.4898 21.403
1010101 FRAC0_S 0 1 22712.4 -6853.8 7677.56 1.22842e+07 -1.32936e+07 8.8608e+06 39636.7 43.6109 -17.8842
1010101 FRAC0_S 0 1 22410.2 -6731.68 7758.61 -6.53969e+06 2.62761e+06 -1.18734e+06 802.745 -31.019 8.51013
1010101 FRAC0_S 0 1 22134 -6662.84 7939.7 -4.3521e+06 3.35167e+06 -472519 1030.73 -45.6269 4.39751