
Step FractureNumber TipNr TipActive TipX TipY TipZ KI KII KIII G Phi Psi Extension
1010000 FRAC0_S 0 1 -30000 -14017.8 8603.45 -1.08453e+06 483125 9.45184e+06 11902.7 -6.00344 -42.625
1010000 FRAC0_S 0 1 -30000 -14097.8 8901.92 3.87318e+07 1.11094e+07 1.75032e+07 185423 -21.1901 -18.0434
1010000 FRAC0_S 0 1 -30000 -14266.1 9161.05 9.88046e+06 -2.65525e+06 1.06187e+07 24324 15.1341 -28.8306
1010000 FRAC0_S 0 1 -30000 -14506.3 9355.47 1.36527e+07 -5.3445e+06 1.05472e+07 33950.5 23.0349 -23.6399
1010000 FRAC0_S 0 1 -30000 -14794.9 9466.15 1.36132e+07 -6.62878e+06 8.29195e+06 29573.9 28.7459 -19.88
1010000 FRAC0_S 0 1 -30000 -15103.5 9482.25 2.69386e+07 -5.40664e+06 1.20029e+07 86432.5 16.0275 -18.6935
1010000 FRAC0_S 0 1 -30000 -15401.9 9402.21 1.55907e+07 -1.50328e+07 4.22824e+06 44175.2 47.3634 -8.97732
1010000 FRAC0_S 0 1 -30000 -15661 9233.85 -2.85411e+06 -8.29089e+06 -3.59366e+06 7842.93 56.6032 17.0565
1010000 FRAC0_S 0 1 -30000 -15855.5 8993.66 7.55972e+06 -1.18538e+07 -4.35748e+06 20139.1 52.4066 13.1893
1010000 FRAC0_S 0 1 -30000 -15966.1 8705.15 1.16444e+06 -5.55784e+06 -7.23089e+06 9827.41 44.6587 31.5592
1010000 FRAC0_S 0 1 -30000 -15982.2 8396.55 -5.72377e+06 2.34059e+06 -8.06868e+06 9146.95 -18.8379 30.756
1010000 FRAC0_S 0 1 -30000 -15902.2 8098.08 -1.13914e+07 8.97714e+06 -6.5993e+06 12973.5 -38.8469 17.1113
1010000 FRAC0_S 0 1 -30000 -15719.7 7823.19 -1.76724e+07 1.45002e+07 -1.70055e+06 19120.5 -47.103 3.8327
1010000 FRAC0_S 0 1 -30000 -15493.7 7644.53 -1.99505e+07 1.45407e+07 2.08558e+06 19419.2 -44.5928 -4.3402
1010000 FRAC0_S 0 1 -30000 -15205.1 7533.85 -4.68409e+07 2.45687e+07 1.24699e+07 74469.8 -35.0011 -10.8665
1010000 FRAC0_S 0 1 -30000 -14896.5 7517.75 -2.0796e+07 1.10273e+07 9.20299e+06 22100.2 -32.5728 -15.8364
1010000 FRAC0_S 0 1 -30000 -14598.1 7597.79 -2.0255e+07 7.0447e+06 9.34442e+06 16035.6 -24.3274 -17.7444
1010000 FRAC0_S 0 1 -30000 -14339 7766.15 -1.36945e+07 3.64589e+06 7.93604e+06 9560.93 -18.7373 -21.2366
1010000 FRAC0_S 0 1 -30000 -14144.5 8006.34 7.50275e+06 8.39772e+06 4.1654e+06 13607.9 -46.3306 -14.7697
1010000 FRAC0_S 0 1 -30000 -14033.9 8294.85 5.72617e+06 8.76854e+06 1.4458e+07 37574.8 -35.9794 -30.7215
Step FractureNumber TipNr TipActive TipX TipY TipZ KI KII KIII G Phi Psi Extension
1010101 FRAC0_S 0 1 -30029 -13927.2 8613.95 2.14097e+06 1.00189e+06 7.89122e+06 8780.01 -12.1348 -38.9047
1010101 FRAC0_S 0 1 -30014.1 -14012.6 8939.65 7.26689e+06 407338 9.3961e+06 16462.6 -3.30087 -32.9356
1010101 FRAC0_S 0 1 -29986.2 -14197.5 9222.76 -2.37683e+07 -1.39856e+07 1.74287e+06 17833.6 40.7964 -3.37764
1010101 FRAC0_S 0 1 -29961.9 -14460.8 9432.92 1.86239e+07 1.52656e+06 1.27911e+07 52875.9 -6.33746 -25.3116
1010101 FRAC0_S 0 1 -29959.2 -14776.8 9552.85 1.94196e+07 218301 1.16295e+07 51597 -0.974034 -24.446
1010101 FRAC0_S 0 1 -29955.7 -15110.8 9566.95 2.42904e+07 -246685 9.56986e+06 64763 1.00891 -19.2875
1010101 FRAC0_S 0 1 -29935.4 -15427.4 9467.27 2.1304e+07 -8.85452e+06 -1.56614e+06 47756.2 33.6217 3.77018
1010101 FRAC0_S 0 1 -29920.1 -15699.5 9277.39 1.57366e+07 4.11528e+06 5.52451e+06 27635.5 -20.8628 -15.4168
1010101 FRAC0_S 0 1 -29921.9 -15908.5 9022.82 1.55254e+07 -1.8322e+06 -3.14961e+06 23097.4 11.9495 11.2013
1010101 FRAC0_S 0 1 -29953.1 -16037.7 8717.68 -1.38489e+07 -2.83677e+06 -1.90671e+06 1200.62 19.7312 7.65209
1010101 FRAC0_S 0 1 -30014.3 -16064.5 8387.36 -3.9427e+06 5.96331e+06 -1.29474e+07 25464.4 -31.765 33.5983
1010101 FRAC0_S 0 1 -30057.7 -15974 8068.37 -1.53769e+06 2.71283e+07 -1.67098e+07 102716 -58.6798 24.2486
1010101 FRAC0_S 0 1 -30069.9 -15785.8 7792.83 -2.32893e+06 1.79329e+07 -1.59398e+06 28994.6 -67.7448 5.51315
1010101 FRAC0_S 0 1 -30067.8 -15528.4 7582.27 -5.99898e+06 2.08294e+07 3.41355e+06 40211.4 -63.219 -8.38378
1010101 FRAC0_S 0 1 -30059.7 -15220.3 7457.42 4.77972e+06 2.5492e+07 548802 59983.1 -67.9077 -1.37844
1010101 FRAC0_S 0 1 -30051.6 -14887.1 7435 -1.36442e+07 1.94624e+07 9.16184e+06 44917.5 -49.6219 -15.3564
1010101 FRAC0_S 0 1 -30042.1 -14561.5 7517.63 -2.05762e+07 1.14685e+07 1.04258e+07 26176.9 -32.7005 -17.159
1010101 FRAC0_S 0 1 -30044.7 -14279.8 7704.61 -1.429e+07 1.21234e+07 9.3791e+06 24796.8 -39.389 -18.1732
1010101 FRAC0_S 0 1 -30058.9 -14079 7967.29 -6.97978e+06 8.38332e+06 6.98113e+06 12744.6 -42.6728 -21.1487
1010101 FRAC0_S 0 1 -30050.1 -13954.6 8280.42 -2.47768e+06 4.71488e+06 9.85133e+06 14888.4 -33.3717 -34.0591