
Step FractureNumber TipNr TipActive TipX TipY TipZ KI KII KIII G Phi Psi Extension
1010000 FRAC0_S 0 1 103.378 -44017.8 8500 -408327 19573.9 19378 0.0840838 -5.99265 -3.31734
1010000 FRAC0_S 0 1 -193.121 -44031.3 8500 -283900 -235496 5255.82 4.94557 48.7373 -0.778072
1010000 FRAC0_S 0 1 -493.726 -44144.6 8500 -567824 537476 195708 30.8363 -45.8903 -10.9866
1010000 FRAC0_S 0 1 -733.904 -44339 8500 -247493 -119196 -30847.8 1.39261 35.6839 5.85388
1010000 FRAC0_S 0 1 -902.243 -44598.1 8500 -402110 238861 326885 19.2957 -30.2876 -22.5795
1010000 FRAC0_S 0 1 -982.264 -44896.6 8500 -417135 109885 546685 40.825 -13.5947 -31.1593
1010000 FRAC0_S 0 1 -966.133 -45205.2 8500 -146228 -31338.3 -32290.1 0.226187 19.3455 11.2204
1010000 FRAC0_S 0 1 -855.431 -45493.7 8500 -310123 -381174 557591 54.2979 36.2088 -28.2466
1010000 FRAC0_S 0 1 -660.994 -45733.9 8500 -294743 -704461 448967 71.0312 51.5386 -21.01
1010000 FRAC0_S 0 1 -401.854 -45902.2 8500 -277847 -892877 278403 81.3498 59.6861 -13.7672
1010000 FRAC0_S 0 1 -103.378 -45982.2 8500 -275882 -1.06032e+06 82159.4 101.082 65.5394 -4.40746
1010000 FRAC0_S 0 1 205.218 -45966.1 8500 -309309 -1.0724e+06 -153381 105.609 63.6407 7.46405
1010000 FRAC0_S 0 1 493.726 -45855.4 8500 -288042 -856749 -336361 80.4558 57.5598 16.0115
1010000 FRAC0_S 0 1 733.904 -45661 8500 -266907 -514265 -352004 40.0464 49.1186 21.0452
1010000 FRAC0_S 0 1 902.243 -45401.9 8500 -337620 -355613 -579475 55.9291 33.6529 28.673
1010000 FRAC0_S 0 1 982.264 -45103.4 8500 -375662 -79481.4 -582449 45.6828 10.3135 33.3864
1010000 FRAC0_S 0 1 966.133 -44794.8 8500 -453347 200158 -538015 42.0682 -21.5427 28.4916
1010000 FRAC0_S 0 1 855.431 -44506.3 8500 -488334 366470 -405837 33.8731 -34.7827 21.6904
1010000 FRAC0_S 0 1 660.994 -44266.1 8500 -538324 477676 -275881 30.4553 -42.1952 15.152
1010000 FRAC0_S 0 1 401.854 -44097.8 8500 -584832 510190 -147263 26.0791 -45.6897 8.78255
Step FractureNumber TipNr TipActive TipX TipY TipZ KI KII KIII G Phi Psi Extension
1010101 FRAC0_S 0 1 107.058 -43985.7 8500.9 -480192 1.18621e+06 189460 130.161 -60.8861 -7.61887
1010101 FRAC0_S 0 1 -220.768 -43986.6 8519.63 -671135 390504 -41636.8 13.8192 -40.7833 2.89666
1010101 FRAC0_S 0 1 -514.548 -44098.3 8482.89 -128978 1.07654e+06 73340 103.989 -68.248 -4.36461
1010101 FRAC0_S 0 1 -762.322 -44315.2 8469.44 285929 912954 516618 117.054 -54.6801 -20.4967
1010101 FRAC0_S 0 1 -965.847 -44578.1 8468.91 -5752.47 618616 728036 104.596 -49.3925 -32.4262
1010101 FRAC0_S 0 1 -1050.31 -44882.7 8475.64 -59434.7 489244 752444 96.6302 -42.7451 -34.0713
1010101 FRAC0_S 0 1 -1007.77 -45212.8 8508.9 35268.1 -329951 1.07466e+06 163.413 28.4055 -39.8332
1010101 FRAC0_S 0 1 -900.779 -45525.5 8549.11 603843 -932406 854222 207.012 43.9574 -23.6589
1010101 FRAC0_S 0 1 -704.412 -45778.6 8575.5 1.03778e+06 -833953 478624 188.412 40.862 -14.5154
1010101 FRAC0_S 0 1 -423.612 -45947.1 8585.49 2.01444e+06 -1.15359e+06 555448 521.225 36.6551 -10.9013
1010101 FRAC0_S 0 1 -108.372 -46025.2 8589.5 1.69297e+06 -769784 101250 309.569 35.7223 -3.0287
1010101 FRAC0_S 0 1 215.451 -46009.8 8588.66 1.64267e+06 -687825 -262377 291.766 32.2125 7.55502
1010101 FRAC0_S 0 1 521.597 -45900.5 8583.5 1.51376e+06 -859910 -401423 291.517 36.6601 10.5924
1010101 FRAC0_S 0 1 783.933 -45703 8572.76 1.04095e+06 -980516 -727182 252.559 41.0339 18.3259
1010101 FRAC0_S 0 1 976.881 -45432.3 8551.08 466877 -768338 -984299 200.885 40.0758 28.1009
1010101 FRAC0_S 0 1 1072.94 -45112.2 8513.62 -32240.2 -271153 -1.16773e+06 187.91 23.4263 41.1217
1010101 FRAC0_S 0 1 1053.87 -44777.5 8471.85 36899.9 501654 -943422 140.922 -39.3695 36.2811
1010101 FRAC0_S 0 1 926.14 -44467.1 8445.5 343928 964235 -780710 174.455 -49.7092 24.5426
1010101 FRAC0_S 0 1 710.673 -44212.3 8434.26 772452 1.35289e+06 -614011 266.411 -52.0684 15.8253
1010101 FRAC0_S 0 1 428.46 -44052.1 8447.43 572032 1.14864e+06 -245361 154.736 -57.9002 9.2204