
Step FractureNumber TipNr TipActive TipX TipY TipZ KI KII KIII G Phi Psi Extension
1010000 FRAC0_S 0 1 45000 984.872 8574.53 7.9767e+06 833336 3.5572e+06 7414.69 -9.11573 -19.7051
1010000 FRAC0_S 0 1 45000 913.64 8875.22 6.85454e+06 -629314 2.59046e+06 5114.6 8.47225 -17.8746
1010000 FRAC0_S 0 1 45000 752.975 9139.18 7.02563e+06 -1.24938e+06 2.0543e+06 5098.79 15.9095 -14.2074
1010000 FRAC0_S 0 1 45000 518.603 9340.58 7.65696e+06 -2.22112e+06 1.71861e+06 6056.87 24.2464 -10.8347
1010000 FRAC0_S 0 1 45000 233.466 9459.7 8.2344e+06 -2.7955e+06 1.18721e+06 6925.97 28.3695 -7.26813
1010000 FRAC0_S 0 1 45000 -74.5244 9484.87 8.99838e+06 -3.4103e+06 567190 8294.46 31.9594 -3.34642
1010000 FRAC0_S 0 1 45000 -375.22 9413.64 8.72017e+06 -3.64352e+06 -258716 7967.91 34.5792 1.58487
1010000 FRAC0_S 0 1 45000 -639.186 9252.98 6.57678e+06 -2.6803e+06 -836741 4587.65 32.2396 6.23915
1010000 FRAC0_S 0 1 45000 -840.583 9018.61 8.1707e+06 -3.13077e+06 -1.72989e+06 7220.45 29.5945 9.77281
1010000 FRAC0_S 0 1 45000 -959.699 8733.46 7.34141e+06 -2.20801e+06 -2.72791e+06 6226.86 22.9141 15.7017
1010000 FRAC0_S 0 1 45000 -984.872 8425.47 7.11193e+06 -838592 -3.31101e+06 6027.86 10.037 20.0802
1010000 FRAC0_S 0 1 45000 -913.64 8124.78 6.1102e+06 718333 -3.32431e+06 4842.65 -9.55486 22.0014
1010000 FRAC0_S 0 1 45000 -752.975 7860.82 6.25447e+06 1.45682e+06 -2.80111e+06 4718.5 -18.057 18.4407
1010000 FRAC0_S 0 1 45000 -518.603 7659.42 5.15016e+06 3.63152e+06 -2.49104e+06 4364.05 -37.8365 15.625
1010000 FRAC0_S 0 1 45000 -233.466 7540.3 5.03565e+06 3.3173e+06 -1.89279e+06 3716.74 -37.9903 13.2834
1010000 FRAC0_S 0 1 45000 74.5244 7515.13 4.62135e+06 5.01219e+06 -509179 4176.22 -52.0893 3.83255
1010000 FRAC0_S 0 1 45000 375.22 7586.36 3.86176e+06 4.16562e+06 475649 2905.27 -51.7857 -4.25996
1010000 FRAC0_S 0 1 45000 639.186 7747.02 5.02631e+06 4.61447e+06 1.29881e+06 4373.06 -46.5991 -8.79542
1010000 FRAC0_S 0 1 45000 840.583 7981.39 6.57568e+06 3.95648e+06 2.18516e+06 5883.04 -36.7801 -12.4281
1010000 FRAC0_S 0 1 45000 959.699 8266.54 5.53702e+06 2.13109e+06 2.92763e+06 4276.62 -25.3261 -19.0323
Step FractureNumber TipNr TipActive TipX TipY TipZ KI KII KIII G Phi Psi Extension
1010101 FRAC0_S 0 1 44985 1078.93 8582.3 8.98745e+06 164875 3.98725e+06 9314.67 -1.7457 -20.6306
1010101 FRAC0_S 0 1 45010.2 1002.33 8911.43 8.29112e+06 -494610 2.63732e+06 7072.53 5.93067 -16.2494
1010101 FRAC0_S 0 1 45027.7 824.475 9199.1 1.05099e+07 779384 2.76787e+06 10915.9 -7.54698 -14.0789
1010101 FRAC0_S 0 1 45039.3 566.069 9416.32 1.06725e+07 1.17799e+06 1.8832e+06 10745.1 -11.4934 -10.0751
1010101 FRAC0_S 0 1 45047.3 254.233 9543 1.09254e+07 1.93477e+06 1.4009e+06 11231.2 -17.705 -7.34368
1010101 FRAC0_S 0 1 45052.5 -80.3452 9567.58 1.20739e+07 2.79101e+06 787757 13767.1 -22.7376 -3.84194
1010101 FRAC0_S 0 1 45054.9 -406.144 9488.99 1.04997e+07 1.95972e+06 211858 10172 -19.9778 -1.2949
1010101 FRAC0_S 0 1 45053.3 -692.875 9315.67 9.09177e+06 1.22207e+06 -683602 7561.09 -14.6928 4.72098
1010101 FRAC0_S 0 1 45047.8 -913.643 9063 1.01094e+07 871843 -1.75113e+06 9582.65 -9.2582 10.1034
1010101 FRAC0_S 0 1 45036.2 -1047.49 8753.91 9.05782e+06 687188 -2.64466e+06 8283.27 -7.5497 15.146
1010101 FRAC0_S 0 1 45014.3 -1079.15 8417.84 7.89356e+06 68001.9 -2.98768e+06 6739.9 -0.866791 18.8265
1010101 FRAC0_S 0 1 44988.3 -1001.92 8088.81 7.19204e+06 68390.3 -3.26164e+06 6024.57 -0.907 21.0076
1010101 FRAC0_S 0 1 44965 -822.387 7803.88 6.80893e+06 -927726 -2.49404e+06 5035.27 12.1197 17.0537
1010101 FRAC0_S 0 1 44946.2 -562.113 7591.28 7.54444e+06 221288 -2.31362e+06 5788.3 -3.0399 16.1654
1010101 FRAC0_S 0 1 44934.2 -251.988 7469.89 6.65135e+06 -756854 -1.77732e+06 4413.45 11.0602 13.8569
1010101 FRAC0_S 0 1 44925.6 78.0602 7451.05 7.20373e+06 -282498 -453070 4658.66 4.89288 4.34374
1010101 FRAC0_S 0 1 44922.9 399.245 7529.34 7.96071e+06 -555914 327788 5688.99 8.52312 -2.84548
1010101 FRAC0_S 0 1 44929 684.335 7696.01 9.12206e+06 -209650 1.53401e+06 7731.91 2.67519 -10.3542
1010101 FRAC0_S 0 1 44941.2 907.74 7941.93 8.0252e+06 -85320.4 2.3504e+06 6474.43 1.1372 -15.8594
1010101 FRAC0_S 0 1 44959.7 1045.27 8247.2 6.91882e+06 315537 2.79602e+06 5314.34 -4.33486 -19.1787