
Step FractureNumber TipNr TipActive TipX TipY TipZ KI KII KIII G Phi Psi Extension
1010000 FRAC0_S 0 1 15000 -44020.2 8624.9 6.76005e+06 -1.74699e+06 219649 4350.55 25.2212 -1.94234
1010000 FRAC0_S 0 1 15000 -44106.8 8921.55 6.5785e+06 -1.73898e+06 -207861 4131.6 25.6444 1.88215
1010000 FRAC0_S 0 1 15000 -44280.8 9176.94 7.02357e+06 -1.68433e+06 -629839 4701.4 22.9755 5.11103
1010000 FRAC0_S 0 1 15000 -44525.1 9366.05 6.71363e+06 -1.17276e+06 -876153 4241.09 17.4835 7.46918
1010000 FRAC0_S 0 1 15000 -44816 9470.4 5.70569e+06 -582308 -929067 3045.99 10.8402 9.49422
1010000 FRAC0_S 0 1 15000 -45124.9 9479.76 6.11796e+06 -306970 -981586 3471.88 5.68219 9.75773
1010000 FRAC0_S 0 1 15000 -45421.5 9393.21 7.50401e+06 357347 -1.26125e+06 5240.74 -5.37661 10.1532
1010000 FRAC0_S 0 1 15000 -45676.9 9219.22 6.35842e+06 1.91171e+06 -1.28951e+06 4149.5 -25.1974 9.92104
1010000 FRAC0_S 0 1 15000 -45866 8974.84 6.39623e+06 1.07918e+06 -734330 3821.14 -17.1936 6.71279
1010000 FRAC0_S 0 1 15000 -45970.4 8683.98 6.36323e+06 1.27966e+06 -507072 3788.25 -20.2562 4.72524
1010000 FRAC0_S 0 1 15000 -45979.8 8375.1 6.95314e+06 1.55083e+06 -180129 4526.75 -22.7691 1.60371
1010000 FRAC0_S 0 1 15000 -45893.2 8078.45 6.19641e+06 1.44727e+06 18460.5 3608.11 -23.9465 -0.187735
1010000 FRAC0_S 0 1 15000 -45719.2 7823.06 5.48975e+06 241195 -743318 2764.21 -5.11848 8.52028
1010000 FRAC0_S 0 1 15000 -45474.9 7633.95 6.27091e+06 1.17398e+06 556774 3668.24 -19.0336 -5.26763
1010000 FRAC0_S 0 1 15000 -45184 7529.6 5.25295e+06 675580 1.33597e+06 2736.91 -12.4142 -13.2284
1010000 FRAC0_S 0 1 15000 -44875.1 7520.24 6.07113e+06 509677 934217 3423.69 -9.17297 -9.18646
1010000 FRAC0_S 0 1 15000 -44578.5 7606.79 5.89445e+06 804420 315728 3167 -15.1343 -3.44393
1010000 FRAC0_S 0 1 15000 -44323.1 7780.78 5.50538e+06 -70987.9 667385 2760.54 1.58267 -7.96026
1010000 FRAC0_S 0 1 15000 -44134 8025.16 6.40887e+06 -1.05575e+06 859704 3857.69 16.6298 -7.70357
1010000 FRAC0_S 0 1 15000 -44029.6 8316.02 7.00484e+06 -1.68665e+06 651861 4682.44 22.9915 -5.28123
Step FractureNumber TipNr TipActive TipX TipY TipZ KI KII KIII G Phi Psi Extension
1010101 FRAC0_S 0 1 15041.9 -43932.4 8635.96 8.31158e+06 1.13766e+06 307667 6283.85 -15.3724 -2.42678
1010101 FRAC0_S 0 1 15042.1 -44026.9 8959.42 7.48452e+06 846969 -229507 5062.69 -13.1655 2.06735
1010101 FRAC0_S 0 1 15037.9 -44215.4 9239.01 7.97517e+06 857348 -698898 5798.16 -12.0266 5.54198
1010101 FRAC0_S 0 1 15029.5 -44480.9 9447.77 7.55603e+06 672833 -1.0436e+06 5272.8 -9.79018 8.36077
1010101 FRAC0_S 0 1 15019.4 -44798.6 9564.23 7.47732e+06 558489 -1.22713e+06 5210.24 -8.18654 9.75407
1010101 FRAC0_S 0 1 15007.4 -45137.2 9575.75 7.65119e+06 458297 -1.26012e+06 5446.46 -6.68037 9.89335
1010101 FRAC0_S 0 1 14987 -45462.8 9478.73 7.64344e+06 -665170 -1.05198e+06 5392.61 9.59502 8.34913
1010101 FRAC0_S 0 1 14969 -45739.5 9286.16 6.05918e+06 -1.0393e+06 -951268 3488.16 16.9085 8.7567
1010101 FRAC0_S 0 1 14965.9 -45946.4 9018.65 5.40821e+06 -712228 -833232 2743.9 13.6051 8.87262
1010101 FRAC0_S 0 1 14965.6 -46060.3 8701.28 6.97961e+06 -472900 -603936 4409.42 7.97659 5.66168
1010101 FRAC0_S 0 1 14961.8 -46069.2 8363.89 6.98371e+06 -502723 -237062 4376.09 8.81604 2.36301
1010101 FRAC0_S 0 1 14967.8 -45975.5 8038.97 7.3123e+06 -404152 -163318 4782.8 6.99643 1.60247
1010101 FRAC0_S 0 1 14977.2 -45789.6 7760.7 6.88201e+06 75825.8 286749 4231.88 -1.45765 -3.03563
1010101 FRAC0_S 0 1 14976.1 -45520.2 7551.44 6.70063e+06 -160973 744152 4076.86 2.9317 -7.31567
1010101 FRAC0_S 0 1 14977.1 -45201.3 7436.42 6.8218e+06 -198237 827777 4241.55 3.49176 -7.86018
1010101 FRAC0_S 0 1 14980.1 -44863.1 7425.47 6.48046e+06 -426892 769929 3837.38 7.56821 -7.49047
1010101 FRAC0_S 0 1 14983.6 -44537.6 7520.46 5.93737e+06 -816169 954117 3321.77 14.0398 -9.14981
1010101 FRAC0_S 0 1 15002 -44257.5 7711.03 6.00234e+06 721416 265870 3266.24 -13.704 -2.9192
1010101 FRAC0_S 0 1 15024.7 -44052.2 7979.64 7.09922e+06 522581 869206 4615.87 -8.35118 -7.63888
1010101 FRAC0_S 0 1 15037.3 -43941 8298.79 7.82872e+06 878104 809617 5617.33 -12.3221 -6.39705