
Step FractureNumber TipNr TipActive TipX TipY TipZ KI KII KIII G Phi Psi Extension
1010000 FRAC0_S 0 1 -44019.9 44878.3 8500 42910.8 -10210.9 -3675.42 0.175169 22.9066 4.9093
1010000 FRAC0_S 0 1 -44030.2 45187.1 8500 40346.4 -12508.9 3486.02 0.160616 27.6323 -4.69978
1010000 FRAC0_S 0 1 -44135.4 45477.6 8500 35739.4 -2832.34 -5146.73 0.118058 8.77623 8.72515
1010000 FRAC0_S 0 1 -44325.3 45721.4 8500 61602.5 -10267.5 7946.6 0.355953 16.851 -7.43864
1010000 FRAC0_S 0 1 -44581.3 45894.6 8500 33173.9 96761.1 -2630.56 0.933298 -64.8937 1.5348
1010000 FRAC0_S 0 1 -44878.3 45980.1 8500 43581 5278.82 -5388.7 0.175592 -12.9603 7.4224
1010000 FRAC0_S 0 1 -45187.1 45969.8 8500 14013.1 110611 43194.2 1.35588 -61.8657 -17.89
1010000 FRAC0_S 0 1 -45477.6 45864.6 8500 42954.8 8825.93 -2070.51 0.17193 -21.065 2.95022
1010000 FRAC0_S 0 1 -45721.4 45674.7 8500 48123.9 15752.6 5603.8 0.23266 -28.1427 -6.07628
1010000 FRAC0_S 0 1 -45894.6 45418.7 8500 43205.7 9611.97 436.627 0.174603 -22.9885 -0.637297
1010000 FRAC0_S 0 1 -45980.1 45121.7 8500 43677.8 8552.2 2760.78 0.177531 -20.0798 -3.83277
1010000 FRAC0_S 0 1 -45969.8 44812.9 8500 48500.3 11553 10563.6 0.236347 -21.0306 -10.9296
1010000 FRAC0_S 0 1 -45864.6 44522.4 8500 46122.2 -7438.82 12814.7 0.216332 14.8108 -13.8289
1010000 FRAC0_S 0 1 -45674.7 44278.6 8500 36759 -403.999 6359.48 0.125801 1.29352 -10.6927
1010000 FRAC0_S 0 1 -45418.7 44105.4 8500 41168.5 -3413.86 6516.04 0.157713 9.04089 -9.4099
1010000 FRAC0_S 0 1 -45121.7 44019.9 8500 37440.4 -4201.09 5208.8 0.130094 11.991 -8.26411
1010000 FRAC0_S 0 1 -44812.9 44030.2 8500 52281.8 -33884.6 -16689.1 0.382928 38.5243 11.7873
1010000 FRAC0_S 0 1 -44522.4 44135.4 8500 42382.6 -9166.14 3876.75 0.169553 21.2384 -5.29429
1010000 FRAC0_S 0 1 -44278.6 44325.3 8500 40439.9 -12071.5 -936.191 0.158831 28.0492 1.35613
1010000 FRAC0_S 0 1 -44105.4 44581.3 8500 42324.8 -10272.3 -1464.64 0.169319 24.0743 2.08895
Step FractureNumber TipNr TipActive TipX TipY TipZ KI KII KIII G Phi Psi Extension
1010101 FRAC0_S 0 1 -44019.9 44878.3 8500 41470 -9584.68 -6036.26 0.16628 21.5309 7.87808
1010101 FRAC0_S 0 1 -44030.2 45187.1 8500 39854.8 -27531.4 7434.93 0.216438 42.0371 -7.42496
1010101 FRAC0_S 0 1 -44135.4 45477.6 8500 34350 -3614.19 -6842.12 0.112533 10.8373 11.1414
1010101 FRAC0_S 0 1 -44325.3 45721.4 8500 36207.8 1944.35 -9701.49 0.129678 -5.57282 14.4568
1010101 FRAC0_S 0 1 -44581.3 45894.6 8500 37587.1 14372.4 -13425.6 0.168274 -27.3914 14.6246
1010101 FRAC0_S 0 1 -44880.5 45991.8 8477.95 27131.4 -28814 -22568.7 0.207321 41.951 19.6943
1010101 FRAC0_S 0 1 -45191.5 45993 8455.91 197181 57416.3 26314.8 3.85047 -25.6906 -7.01718
1010101 FRAC0_S 0 1 -45504.3 45860.2 8481.97 75840.9 17047 58931.4 1.00034 -14.8374 -25.3048
1010101 FRAC0_S 0 1 -45721.4 45674.7 8500 56913.3 -43930.3 -93402.5 1.6209 28.0818 29.876
1010101 FRAC0_S 0 1 -45894.6 45418.7 8500 43626.5 11278.8 11840.9 0.199584 -21.6585 -12.7987
1010101 FRAC0_S 0 1 -45980.1 45121.7 8500 44078.6 6045.08 10245.2 0.19035 -13.3171 -12.2869
1010101 FRAC0_S 0 1 -45969.8 44812.9 8500 37116.8 2638.74 8730.14 0.13352 -7.4119 -12.9745
1010101 FRAC0_S 0 1 -45864.6 44522.4 8500 39389.6 1088.85 7380.88 0.145609 -3.14891 -11.2443
1010101 FRAC0_S 0 1 -45674.7 44278.6 8500 32207.7 -122819 40618 1.65605 60.3009 -14.7713
1010101 FRAC0_S 0 1 -45418.7 44105.4 8500 42678.5 -6195.73 9096.96 0.176737 14.1631 -11.4273
1010101 FRAC0_S 0 1 -45121.7 44019.9 8500 41951.8 -9175.61 6081.7 0.169251 20.6535 -7.91898
1010101 FRAC0_S 0 1 -44812.9 44030.2 8500 44600.9 -9329.75 4891.47 0.1882 20.4443 -6.25805
1010101 FRAC0_S 0 1 -44522.4 44135.4 8500 48908.8 -10931.6 6194.13 0.228909 21.2578 -7.02614
1010101 FRAC0_S 0 1 -44278.6 44325.3 8500 42796 -13861.3 -155.196 0.180329 29.9907 0.212829
1010101 FRAC0_S 0 1 -44105.4 44581.3 8500 31298.7 -9829.46 -4465.33 0.0985547 26.929 7.32261