
Step FractureNumber TipNr TipActive TipX TipY TipZ KI KII KIII G Phi Psi Extension
1010000 FRAC0_S 0 1 987.416 29976.8 8500 42956.2 1362.92 -3567.82 0.166287 -3.92786 5.62822
1010000 FRAC0_S 0 1 946.265 30283.1 8500 35852.3 3346.78 -3026.27 0.116757 -10.6566 5.42071
1010000 FRAC0_S 0 1 812.488 30561.6 8500 35573.1 2468.72 -2828.98 0.114371 -8.20104 5.24088
1010000 FRAC0_S 0 1 599.178 30785.2 8500 52550.9 -116419 -16850.5 1.49159 60.2355 6.80182
1010000 FRAC0_S 0 1 327.217 30931.9 8500 35176.5 5354.5 -1556.98 0.113141 -16.678 2.84032
1010000 FRAC0_S 0 1 23.226 30987.4 8500 41642.9 6531.13 -356.736 0.158346 -17.573 0.571573
1010000 FRAC0_S 0 1 -283.039 30946.3 8500 40128.4 -187394 -48097.6 3.58041 62.8275 12.6066
1010000 FRAC0_S 0 1 -561.598 30812.4 8500 50958.4 37943.4 -52506.6 0.726362 -32.5256 24.4125
1010000 FRAC0_S 0 1 -785.184 30599.1 8500 48298.1 129437 92988 2.85083 -50.9346 -22.8982
1010000 FRAC0_S 0 1 -931.911 30327.2 8500 48088.6 19770.3 -71357 0.91811 -18.4699 31.3101
1010000 FRAC0_S 0 1 -987.416 30023.2 8500 42928.3 557.472 3597.48 0.165964 -1.6478 -5.76708
1010000 FRAC0_S 0 1 -946.265 29716.9 8500 29486.7 -69574.7 -33743.1 0.660262 54.1322 17.6879
1010000 FRAC0_S 0 1 -812.488 29438.4 8500 37287 -2268.25 2876.11 0.12545 7.28393 -5.13543
1010000 FRAC0_S 0 1 -599.178 29214.8 8500 36152.6 -2771.35 2578.93 0.118037 9.03637 -4.71938
1010000 FRAC0_S 0 1 -327.217 29068.1 8500 55206.7 -51901.1 37071.8 0.69441 41.3258 -17.8739
1010000 FRAC0_S 0 1 -23.226 29012.6 8500 40356.2 -8029.43 -1021.65 0.15101 20.9033 1.59878
1010000 FRAC0_S 0 1 283.039 29053.7 8500 36148.9 -5158.98 -750.2 0.11889 16.1196 1.38081
1010000 FRAC0_S 0 1 561.598 29187.6 8500 33985.5 -1324.07 -1847.65 0.103534 4.89993 3.79698
1010000 FRAC0_S 0 1 785.184 29400.9 8500 34814.9 -4604.91 -1593.75 0.110235 14.8364 2.98118
1010000 FRAC0_S 0 1 931.911 29672.8 8500 48963.5 6266.97 -6434.24 0.222641 -13.5052 7.77942
Step FractureNumber TipNr TipActive TipX TipY TipZ KI KII KIII G Phi Psi Extension
1010101 FRAC0_S 0 1 987.416 29976.8 8500 44247.5 -13778.3 -8433.87 0.200841 26.0159 9.36692
1010101 FRAC0_S 0 1 946.265 30283.1 8500 44015.1 -11886 -15190.8 0.215916 21.4502 15.1602
1010101 FRAC0_S 0 1 820.017 30571.5 8521.7 159313 -46474.9 -65016.6 3.01636 21.9648 16.8246
1010101 FRAC0_S 0 1 614.236 30804.9 8543.4 77332 -12326.2 -149382 3.51434 7.03301 35.8566
1010101 FRAC0_S 0 1 336.958 30941.1 8522.01 132626 -19074.8 -3523.3 1.60148 16.1469 1.75346
1010101 FRAC0_S 0 1 19.954 30998.4 8522.24 3113.85 24045.6 19435.1 0.102624 -53.6062 -26.7932
1010101 FRAC0_S 0 1 -301.568 30985.5 8531.04 245819 -187724 -179657 12.8177 36.2988 20.02
1010101 FRAC0_S 0 1 -601.366 30867.6 8475.95 134513 123351 -152958 6.07987 -35.7248 24.4665
1010101 FRAC0_S 0 1 -844.592 30643.5 8439.82 82926.7 47450.8 -258770 9.71936 -16.0302 37.2754
1010101 FRAC0_S 0 1 -989.18 30352.5 8464.75 93207.7 69362 -423875 25.099 -15.5793 39.1375
1010101 FRAC0_S 0 1 -1009.79 30031.1 8492.08 55073.9 16896.1 -16038.3 0.329933 -24.2976 13.1185
1010101 FRAC0_S 0 1 -946.265 29716.9 8500 45906.6 -61037 118915 2.40049 32.722 -31.9194
1010101 FRAC0_S 0 1 -812.488 29438.4 8500 43238.1 5967.35 5206.08 0.173372 -14.512 -7.16092
1010101 FRAC0_S 0 1 -599.178 29214.8 8500 53253.3 11320.2 15000.5 0.294055 -18.4998 -13.5311
1010101 FRAC0_S 0 1 -327.217 29068.1 8500 36383.3 3226.95 6635.98 0.124744 -9.42803 -10.5129
1010101 FRAC0_S 0 1 -23.226 29012.6 8500 39804.7 -5131.99 3510.31 0.145173 14.0447 -5.47837
1010101 FRAC0_S 0 1 283.039 29053.7 8500 41337 -8885.85 3565.55 0.160994 21.2176 -5.02549
1010101 FRAC0_S 0 1 561.598 29187.6 8500 41239.1 -9101.18 -296.143 0.158939 22.9017 0.455047
1010101 FRAC0_S 0 1 785.184 29400.9 8500 40676.7 -8548.82 -2461.66 0.154759 21.2404 3.63999
1010101 FRAC0_S 0 1 931.911 29672.8 8500 23626.3 96486.6 101292 2.24391 -47.7169 -28.7777