
Step FractureNumber TipNr TipActive TipX TipY TipZ KI KII KIII G Phi Psi Extension
1010000 FRAC0_S 0 1 268.801 -14049.6 8500 -153468 1.60868e+06 -336602 245.672 -66.1832 11.661
1010000 FRAC0_S 0 1 -38.0465 -14013.1 8500 -170232 1.84168e+06 68948.1 302.874 -69.0752 -2.54825
1010000 FRAC0_S 0 1 -341.17 -14073.1 8500 -262282 2.00092e+06 514764 392.01 -64.5231 -13.3205
1010000 FRAC0_S 0 1 -610.898 -14223.9 8500 -9.74044e+06 1.50165e+06 848913 296.786 -16.3077 -5.31373
1010000 FRAC0_S 0 1 -820.827 -14450.7 8500 -6.53138e+06 1.03386e+06 1.13268e+06 265.882 -15.6518 -9.5979
1010000 FRAC0_S 0 1 -950.407 -14731.2 8500 -72506.5 661231 1.30731e+06 266.266 -38.0085 -36.4214
1010000 FRAC0_S 0 1 -986.955 -15038.1 8500 -154468 -69719.6 1.27399e+06 216.298 6.36349 -42.4654
1010000 FRAC0_S 0 1 -926.893 -15341.2 8500 -181382 -514919 1.10284e+06 185.389 34.3345 -35.4129
1010000 FRAC0_S 0 1 -776.1 -15610.9 8500 -371100 -1.36851e+06 1.11652e+06 332.686 51.01 -25.4487
1010000 FRAC0_S 0 1 -549.337 -15820.8 8500 160487 -1.86959e+06 743722 387.334 62.5615 -18.5413
1010000 FRAC0_S 0 1 -268.801 -15950.4 8500 -129262 -1.51553e+06 275836 214.79 66.8859 -10.5215
1010000 FRAC0_S 0 1 38.0465 -15986.9 8500 -160235 -1.88727e+06 -70342.4 318.048 69.1703 2.5543
1010000 FRAC0_S 0 1 341.17 -15926.9 8500 9.72239e+06 -1.44598e+06 -437823 8634.91 16.3556 2.89546
1010000 FRAC0_S 0 1 610.898 -15776.1 8500 -2.5278e+06 -1.18574e+06 -999911 258.264 30.7892 15.0618
1010000 FRAC0_S 0 1 820.827 -15549.3 8500 1.30336e+07 -850024 -808475 15288.9 7.86551 4.19225
1010000 FRAC0_S 0 1 941.446 -15300.5 8500 5.60938e+06 -268242 -1.19305e+06 2999.58 5.21047 12.2216
1010000 FRAC0_S 0 1 986.955 -14961.9 8500 -138443 91665.1 -1.26337e+06 213.03 -8.32908 42.3677
1010000 FRAC0_S 0 1 926.893 -14658.8 8500 -115466 548246 -994704 158.379 -38.6317 34.912
1010000 FRAC0_S 0 1 776.1 -14389.1 8500 -107655 979996 -817684 174.505 -53.4896 27.3963
1010000 FRAC0_S 0 1 549.337 -14179.2 8500 -144622 1.27814e+06 -521860 181.796 -61.7775 18.5555
Step FractureNumber TipNr TipActive TipX TipY TipZ KI KII KIII G Phi Psi Extension
1010101 FRAC0_S 0 1 280.528 -14011.4 8408.88 1.37996e+06 562027 46484.1 198.125 -33.978 -1.80536
1010101 FRAC0_S 0 1 -39.7015 -13975.4 8407.86 3.00496e+06 2.7201e+06 131082 1466.25 -49.9258 -1.72939
1010101 FRAC0_S 0 1 -363.784 -14025.1 8424.49 -8.50791e+06 7.72792e+06 334368 5336.58 -50.0671 -1.56051
1010101 FRAC0_S 0 1 -664.3 -14162.7 8456.65 811266 1.0383e+06 593570 201.574 -46.8552 -17.0025
1010101 FRAC0_S 0 1 -894.634 -14399.7 8464.09 305250 907353 897989 188.916 -47.2494 -27.2127
1010101 FRAC0_S 0 1 -1033.15 -14708.1 8465.23 1.23242e+07 -4.01642e+06 1.37866e+06 15224.9 28.1372 -5.86906
1010101 FRAC0_S 0 1 -1074.94 -15041.7 8504.24 331761 -14556 67307.5 10.4293 4.84011 -11.8188
1010101 FRAC0_S 0 1 -1002.83 -15366.1 8550.4 751344 -743320 1.01592e+06 236.807 35.3143 -26.1594
1010101 FRAC0_S 0 1 -826.601 -15647 8575.15 1.30799e+06 -810351 701085 276.34 34.4558 -17.3552
1010101 FRAC0_S 0 1 -577.183 -15859.1 8586.8 1.52668e+06 -653708 373491 264.326 31.249 -10.7013
1010101 FRAC0_S 0 1 -280.208 -15987.8 8591.54 -4.04781e+06 1.32817e+06 -914783 268.492 -26.4379 10.6447
1010101 FRAC0_S 0 1 44.3465 -16036.7 8576.77 1.42369e+06 -711502 -152115 228.804 36.7759 5.04136
1010101 FRAC0_S 0 1 371.369 -15997.7 8550.24 872292 -967049 -390239 171.391 47.5541 12.6413
1010101 FRAC0_S 0 1 666.332 -15846.1 8536.05 -1.54361e+06 -444909 -171174 21.5358 25.8701 5.97486
1010101 FRAC0_S 0 1 899.229 -15600.5 8521.91 235485 -814873 -832143 156.209 47.4852 28.031
1010101 FRAC0_S 0 1 1043.62 -15295.1 8504.34 -5.58881e+06 422560 1.18509e+06 202.7 -7.97915 -11.9499
1010101 FRAC0_S 0 1 1078.68 -14960 8479.42 239246 207060 -1.29642e+06 232.456 -15.6457 39.7625
1010101 FRAC0_S 0 1 999.954 -14635.1 8445.07 -3.58375e+06 3.16227e+06 23773.6 891.172 -50.1223 -0.273507
1010101 FRAC0_S 0 1 824.378 -14354.1 8422.18 930304 -718026 422481 146.803 40.1273 -14.5398
1010101 FRAC0_S 0 1 576.923 -14140.6 8412.98 943927 382322 -310664 105.258 -28.8802 13.6147