
Step FractureNumber TipNr TipActive TipX TipY TipZ KI KII KIII G Phi Psi Extension
1010000 FRAC0_S 0 1 -29946.5 -44329.9 7776.37 2.39812e+06 699274 725270 626.002 -23.2676 -13.611
1010000 FRAC0_S 0 1 -30197.8 -44224.1 7921.78 2.88871e+06 537862 1.03007e+06 910.492 -15.8767 -16.2654
1010000 FRAC0_S 0 1 -30419.1 -44193.7 8112.75 3.04435e+06 3355.07 1.1924e+06 1014.98 -0.110734 -19.3254
1010000 FRAC0_S 0 1 -30619.5 -44243.1 8362.64 2.86195e+06 -476891 1.11565e+06 915.684 14.1859 -17.4655
1010000 FRAC0_S 0 1 -30748.8 -44366.2 8614.93 1.98769e+06 -739023 713872 468.514 26.8418 -14.7632
1010000 FRAC0_S 0 1 -30804.7 -44551.3 8855.97 2.85594e+06 -1.38962e+06 758297 975.37 33.4809 -11.0625
1010000 FRAC0_S 0 1 -30781.8 -44780.3 9062.16 2.73153e+06 -1.72961e+06 456156 959.123 40.5832 -6.95174
1010000 FRAC0_S 0 1 -30696.7 -45004.2 9200.89 2.73001e+06 -1.84545e+06 64215.3 968.161 44.611 -1.07324
1010000 FRAC0_S 0 1 -30516.3 -45278.4 9294.67 2.60886e+06 -1.84229e+06 -156906 912.214 44.783 2.61767
1010000 FRAC0_S 0 1 -30299.6 -45498.6 9298.22 2.01371e+06 -1.17287e+06 -508920 518.37 37.3819 10.1158
1010000 FRAC0_S 0 1 -30049.1 -45672.6 9221.64 2.74564e+06 -1.17971e+06 -965421 919.736 29.6969 14.1111
1010000 FRAC0_S 0 1 -29802.2 -45775.9 9078.22 2.35153e+06 -555847 -984636 649.228 18.5667 17.621
1010000 FRAC0_S 0 1 -29570.3 -45805.9 8876.2 2.71277e+06 -59591 -1.15846e+06 834.579 2.1063 20.1213
1010000 FRAC0_S 0 1 -29380.5 -45756.9 8637.36 2.71747e+06 389614 -1.09153e+06 830.033 -12.3886 18.0476
1010000 FRAC0_S 0 1 -29251.2 -45633.8 8385.07 2.75023e+06 871407 -927437 856.07 -24.2494 14.5305
1010000 FRAC0_S 0 1 -29195.3 -45448.7 8144.03 3.02192e+06 1.14227e+06 -999005 1062.75 -27.5465 13.8565
1010000 FRAC0_S 0 1 -29218.2 -45219.7 7937.84 3.1343e+06 1.76862e+06 -429251 1178.65 -38.7351 6.06531
1010000 FRAC0_S 0 1 -29317.5 -44969.1 7786.67 2.85694e+06 1.55451e+06 -47292 942.956 -40.3015 0.823601
1010000 FRAC0_S 0 1 -29483.7 -44721.6 7705.33 2.41881e+06 1.0262e+06 489054 647.003 -31.7561 -9.18641
1010000 FRAC0_S 0 1 -29700.4 -44501.4 7701.78 2.84067e+06 754125 878365 872.356 -21.6129 -14.0439
Step FractureNumber TipNr TipActive TipX TipY TipZ KI KII KIII G Phi Psi Extension
1010101 FRAC0_S 0 1 -29962.4 -44288.8 7689.19 3.45767e+06 260079 728576 1141.98 -7.94951 -11.895
1010101 FRAC0_S 0 1 -30229.3 -44164.4 7852.64 3.2082e+06 -234482 1.06213e+06 1072.11 7.09754 -16.5561
1010101 FRAC0_S 0 1 -30471.9 -44116.3 8086.84 2.42659e+06 -795815 836193 674.141 24.76 -14.6695
1010101 FRAC0_S 0 1 -30664.2 -44157.7 8362.54 3.3415e+06 43603.9 1.0911e+06 1153.47 -1.35713 -17.0522
1010101 FRAC0_S 0 1 -30790.2 -44285 8648.8 3.22832e+06 118814 937817 1046.94 -3.82813 -15.4906
1010101 FRAC0_S 0 1 -30838.7 -44482 8916.23 3.61686e+06 -78832.3 654770 1223.28 2.51387 -10.9919
1010101 FRAC0_S 0 1 -30804.3 -44726 9141.02 3.73434e+06 334921 364164 1270.3 -10.1768 -6.18431
1010101 FRAC0_S 0 1 -30691.5 -44992.9 9303.94 3.30357e+06 445966 -116379 992.03 -15.2187 2.31819
1010101 FRAC0_S 0 1 -30513.9 -45259.8 9391.35 3.28488e+06 474748 -440102 1007.38 -14.9315 7.81146
1010101 FRAC0_S 0 1 -30287.2 -45503.6 9395.35 3.64724e+06 443971 -777325 1283.3 -12.1847 11.6125
1010101 FRAC0_S 0 1 -30029.5 -45700.5 9313.04 3.18181e+06 298316 -1.01093e+06 1046 -8.99057 15.8856
1010101 FRAC0_S 0 1 -29766.2 -45831.4 9148.26 3.36513e+06 145568 -1.09977e+06 1171.84 -4.35048 16.7282
1010101 FRAC0_S 0 1 -29510.2 -45881.8 8896.36 3.03848e+06 215341 -1.15169e+06 1003.24 -6.67592 18.1356
1010101 FRAC0_S 0 1 -29333.3 -45840.9 8639.42 3.2855e+06 -46376.1 -1.1071e+06 1125.1 1.45501 17.4008
1010101 FRAC0_S 0 1 -29204.9 -45713.5 8353.54 3.16556e+06 116623 -885496 998.448 -3.86276 15.0828
1010101 FRAC0_S 0 1 -29154.8 -45516.1 8085.99 3.44761e+06 83346.7 -553496 1100.53 -2.82767 9.96399
1010101 FRAC0_S 0 1 -29190.2 -45271.9 7859.81 3.39359e+06 -179057 -162913 1032.62 6.54979 3.33893
1010101 FRAC0_S 0 1 -29300 -45001.6 7695.63 3.48043e+06 -429453 -52237.2 1096.22 14.3522 1.02263
1010101 FRAC0_S 0 1 -29471.1 -44727.1 7608.73 2.69028e+06 -95404.8 250866 654.123 4.32953 -6.21876
1010101 FRAC0_S 0 1 -29697.9 -44480.2 7606.36 3.48156e+06 9691.51 719548 1149 -0.321851 -12.3651