
Step FractureNumber TipNr TipActive TipX TipY TipZ KI KII KIII G Phi Psi Extension
1010000 FRAC0_S 0 1 44360.4 -44254.8 8394.46 1.47509e+06 692143 737586 308.939 -29.3841 -17.6779
1010000 FRAC0_S 0 1 44239.9 -44386.6 8646.69 1.5519e+06 370431 887418 331.579 -17.2406 -21.3433
1010000 FRAC0_S 0 1 44193.8 -44578.4 8884.55 1.4636e+06 -78252.1 869163 291.905 4.47011 -23.8301
1010000 FRAC0_S 0 1 44226.7 -44811.5 9084.78 1.4439e+06 -470681 812075 293.231 22.0812 -20.3035
1010000 FRAC0_S 0 1 44335.2 -45063 9227.76 1.45307e+06 -842838 685935 314.027 33.9793 -16.1966
1010000 FRAC0_S 0 1 44508.8 -45308.4 9299.51 1.44755e+06 -1.08708e+06 467832 321.137 41.5126 -11.3524
1010000 FRAC0_S 0 1 44730.5 -45523.6 9292.99 1.48064e+06 -1.27222e+06 222824 346.188 47.0601 -5.65572
1010000 FRAC0_S 0 1 44978.6 -45687.4 9208.86 1.06071e+06 -924610 -36559.5 176.617 49.3835 1.3996
1010000 FRAC0_S 0 1 45228.8 -45784.1 9055.33 1.45265e+06 -1.18727e+06 -326447 327.824 44.8206 8.18419
1010000 FRAC0_S 0 1 45456.6 -45804 8847.44 1.54521e+06 -1.05887e+06 -567166 355.459 38.9414 12.8945
1010000 FRAC0_S 0 1 45639.6 -45745.2 8605.54 1.45425e+06 -695335 -737203 303.819 29.6603 17.7669
1010000 FRAC0_S 0 1 45760.1 -45613.4 8353.31 1.54211e+06 -285390 -859052 317.322 14.0821 21.5671
1010000 FRAC0_S 0 1 45806.2 -45421.6 8115.45 1.45139e+06 73712.6 -850780 284.465 -4.27618 23.6995
1010000 FRAC0_S 0 1 45773.3 -45188.5 7915.22 1.42743e+06 452580 -804101 285.814 -21.6159 20.4054
1010000 FRAC0_S 0 1 45664.8 -44937 7772.24 1.5527e+06 901549 -703970 353.174 -34.2604 15.7467
1010000 FRAC0_S 0 1 45491.2 -44691.6 7700.49 1.51784e+06 1.09243e+06 -494434 344.153 -40.5942 11.5848
1010000 FRAC0_S 0 1 45269.5 -44476.4 7707.01 1.46621e+06 1.23247e+06 -233648 334.185 -46.4767 6.00551
1010000 FRAC0_S 0 1 45021.4 -44312.6 7791.14 1.06591e+06 907738 28966.4 174.78 -49.0766 -1.12131
1010000 FRAC0_S 0 1 44771.2 -44215.9 7944.67 1.49945e+06 1.23093e+06 311434 348.268 -45.1907 -7.64006
1010000 FRAC0_S 0 1 44543.4 -44196 8152.56 1.75427e+06 1.1831e+06 695532 463.302 -38.1688 -13.7238
Step FractureNumber TipNr TipActive TipX TipY TipZ KI KII KIII G Phi Psi Extension
1010101 FRAC0_S 0 1 44277.3 -44218.5 8359.07 1.79996e+06 94249.6 663531 348.051 -5.06379 -18.014
1010101 FRAC0_S 0 1 44154.2 -44344.4 8646.64 1.63233e+06 36216.1 879196 340.358 -1.97595 -22.987
1010101 FRAC0_S 0 1 44120.1 -44534.4 8924.62 1.94532e+06 247824 988734 472.709 -10.4794 -21.0512
1010101 FRAC0_S 0 1 44176.1 -44773.2 9157.24 1.7862e+06 208797 916654 399.945 -9.67957 -21.2854
1010101 FRAC0_S 0 1 44311 -45035.9 9318.31 1.90079e+06 189644 788686 407.888 -8.91791 -18.8905
1010101 FRAC0_S 0 1 44509.4 -45292.6 9396.53 2.272e+06 168221 662807 520.936 -7.38392 -15.1552
1010101 FRAC0_S 0 1 44753.3 -45517.1 9388.83 2.27167e+06 105051 338926 476.11 -5.31097 -9.22079
1010101 FRAC0_S 0 1 45020.1 -45690.6 9298.51 2.16598e+06 163819 60709.8 420.939 -9.26533 -1.95962
1010101 FRAC0_S 0 1 45286 -45799 9134.16 2.32075e+06 39721.5 -196325 485.204 -2.15809 5.79471
1010101 FRAC0_S 0 1 45528.1 -45830.7 8908.87 2.16898e+06 -98222.1 -511024 454.807 4.8621 13.2307
1010101 FRAC0_S 0 1 45722.3 -45782 8640.3 1.95087e+06 -83249.5 -724944 409.659 4.1605 18.2162
1010101 FRAC0_S 0 1 45844.9 -45657.4 8351.82 1.47563e+06 -106698 -718922 263.792 6.34062 21.1469
1010101 FRAC0_S 0 1 45879.8 -45466.3 8074.72 1.4865e+06 -142782 -784346 280.543 8.03697 21.8624
1010101 FRAC0_S 0 1 45824.2 -45226.6 7842.94 1.75593e+06 -209109 -885862 383.021 9.89216 21.0507
1010101 FRAC0_S 0 1 45689.2 -44963.9 7681.7 1.61834e+06 -73693.6 -650706 290.18 4.3346 19.119
1010101 FRAC0_S 0 1 45491.2 -44706.7 7603.33 1.95347e+06 -45937.1 -536377 378.5 2.51321 15.0223
1010101 FRAC0_S 0 1 45247.4 -44482.1 7611.01 2.17866e+06 -170009 -347274 441.579 8.5502 9.49991
1010101 FRAC0_S 0 1 44980.2 -44309.1 7701.4 2.25827e+06 -175108 -63537.5 457.709 9.4739 1.96345
1010101 FRAC0_S 0 1 44714.1 -44200.8 7865.88 2.18024e+06 -90630.3 188100 429.018 5.06489 -5.77353
1010101 FRAC0_S 0 1 44471.9 -44168.8 8091.33 1.95992e+06 157709 547815 384.425 -8.03846 -14.637