
Step FractureNumber TipNr TipActive TipX TipY TipZ KI KII KIII G Phi Psi Extension
1010000 FRAC0_S 0 1 45000 29251.8 7855.26 2.275e+06 -275042 -916511 579.659 10.6672 18.3155
1010000 FRAC0_S 0 1 45000 29487.6 7655.6 2.12773e+06 137127 -909223 515.047 -5.91764 19.6355
1010000 FRAC0_S 0 1 45000 29773.6 7538.6 2.12608e+06 536300 -847888 524.043 -19.7553 16.9151
1010000 FRAC0_S 0 1 45000 30081.8 7515.7 2.0256e+06 905133 -658132 496.234 -30.8563 13.194
1010000 FRAC0_S 0 1 45000 30382 7589.16 2.0303e+06 1.13721e+06 -450645 509.574 -37.0877 9.20304
1010000 FRAC0_S 0 1 45000 30644.7 7751.78 1.49765e+06 929880 -155340 280.129 -41.3297 4.57176
1010000 FRAC0_S 0 1 45000 30844.5 7987.64 2.05063e+06 1.27971e+06 37105.7 520.828 -43.0941 -0.855473
1010000 FRAC0_S 0 1 45000 30961.5 8273.65 2.21437e+06 1.29615e+06 287660 597.655 -39.6238 -5.71814
1010000 FRAC0_S 0 1 45000 30984.3 8581.81 2.09102e+06 996320 458509 506.039 -33.8109 -9.53429
1010000 FRAC0_S 0 1 45000 30910.8 8881.97 1.77825e+06 636991 520547 353.978 -27.0809 -12.7927
1010000 FRAC0_S 0 1 45000 30748.2 9144.74 2.04098e+06 -207078 775615 455.029 9.25966 -17.8367
1010000 FRAC0_S 0 1 45000 30512.4 9344.4 1.83224e+06 161539 690093 364.815 -8.17284 -17.8741
1010000 FRAC0_S 0 1 45000 30226.4 9461.4 2.34191e+06 -89758 941339 607.299 3.67593 -19.198
1010000 FRAC0_S 0 1 45000 29918.2 9484.3 2.3418e+06 -530453 807243 600.424 18.7282 -15.524
1010000 FRAC0_S 0 1 45000 29618 9410.84 1.87889e+06 -620790 -178394 353.154 28.6913 5.04937
1010000 FRAC0_S 0 1 45000 29355.3 9248.22 2.36057e+06 -1.21242e+06 399898 648.801 36.2051 -7.5169
1010000 FRAC0_S 0 1 45000 29155.5 9012.36 2.36602e+06 -1.35773e+06 110401 664.733 40.7982 -2.21857
1010000 FRAC0_S 0 1 45000 29038.5 8726.35 2.29515e+06 -1.92034e+06 220352 804.478 47.489 -3.79324
1010000 FRAC0_S 0 1 45000 29015.7 8418.19 1.855e+06 -888390 -441450 402.877 33.6054 10.1776
1010000 FRAC0_S 0 1 45000 29089.2 8118.03 2.24603e+06 -762517 -777327 581.705 25.3579 14.624
Step FractureNumber TipNr TipActive TipX TipY TipZ KI KII KIII G Phi Psi Extension
1010101 FRAC0_S 0 1 45017.4 29180.9 7793.19 2.5964e+06 -196312 -1.06308e+06 754.459 6.94644 18.9969
1010101 FRAC0_S 0 1 44991 29437.8 7574.14 2.56758e+06 -178227 -1.06872e+06 742.195 6.38844 19.263
1010101 FRAC0_S 0 1 44967.7 29751.8 7450.15 2.40278e+06 -225221 -983853 647.724 8.45766 18.7983
1010101 FRAC0_S 0 1 44950.8 30087.7 7431.64 2.6754e+06 -240250 -875205 744.849 8.5915 16.2491
1010101 FRAC0_S 0 1 44940.5 30411.4 7516.77 2.56083e+06 -238956 -701014 654.817 9.22993 14.2958
1010101 FRAC0_S 0 1 44934.8 30692.6 7695.48 2.91103e+06 -212193 -436240 784.45 8.09715 9.06383
1010101 FRAC0_S 0 1 44933.4 30906.6 7950.06 2.367e+06 -49945 -212053 505.457 2.63442 6.07673
1010101 FRAC0_S 0 1 44937.2 31035.2 8257.07 3.61578e+06 -36593.4 161036 1168.58 1.33699 -3.23501
1010101 FRAC0_S 0 1 44944.9 31064.9 8589.45 3.11337e+06 181376 638339 920.876 -6.30729 -11.7901
1010101 FRAC0_S 0 1 44967.3 30991.3 8917.02 2.76731e+06 374717 642912 749.891 -13.1742 -12.297
1010101 FRAC0_S 0 1 44993.1 30819 9206.72 2.56365e+06 643732 904367 731.361 -20.2025 -15.5594
1010101 FRAC0_S 0 1 44998.5 30562.5 9427.1 2.51062e+06 261945 1.09365e+06 726.872 -9.16399 -19.4236
1010101 FRAC0_S 0 1 45007.7 30248.7 9554.72 3.04979e+06 102629 1.1334e+06 1000.62 -3.31231 -18.3195
1010101 FRAC0_S 0 1 45029.7 29911.5 9575.99 2.75454e+06 185794 958131 801.295 -6.51316 -17.1768
1010101 FRAC0_S 0 1 45046.8 29585.9 9490.16 3.08667e+06 162780 975611 977.948 -5.28991 -16.2515
1010101 FRAC0_S 0 1 45057.9 29304.3 9308.82 3.31239e+06 45127.6 706132 1044.21 -1.54609 -12.5574
1010101 FRAC0_S 0 1 45065.9 29093.7 9051.15 3.10933e+06 130250 307675 875.609 -5.04621 -6.51716
1010101 FRAC0_S 0 1 45067 28968.8 8742.18 3.29998e+06 153263 -86507.9 973.485 -5.93045 1.88653
1010101 FRAC0_S 0 1 45056.8 28936.9 8409.86 3.47323e+06 227150 -564119 1121.89 -7.25854 9.74059
1010101 FRAC0_S 0 1 45039.9 29008.1 8082.79 2.80709e+06 -144509 -883172 807.767 5.17633 16.2135