
Step FractureNumber TipNr TipActive TipX TipY TipZ KI KII KIII G Phi Psi Extension
1010000 FRAC0_S 0 1 -44243.4 14863.4 7879.98 3.14171e+06 993481 -601566 1015.63 -26.2841 9.37371
1010000 FRAC0_S 0 1 -44366.7 15115.7 7750.97 2.56969e+06 990457 -293716 687.311 -31.357 5.75297
1010000 FRAC0_S 0 1 -44552 15356.7 7695.29 3.67548e+06 1.56513e+06 -180268 1426.41 -34.5859 2.55735
1010000 FRAC0_S 0 1 -44781.1 15562.7 7718.37 2.38852e+06 1.08151e+06 59968.6 613.081 -36.322 -1.31556
1010000 FRAC0_S 0 1 -45031.6 15713.7 7817.96 3.4911e+06 1.53959e+06 441491 1323.2 -33.8478 -6.07817
1010000 FRAC0_S 0 1 -45279.1 15794.8 7984.32 2.90327e+06 1.12722e+06 649430 920.426 -29.6597 -10.1885
1010000 FRAC0_S 0 1 -45499.3 15798.1 8201.16 3.17328e+06 1.00296e+06 1.02421e+06 1126.46 -24.3968 -14.0818
1010000 FRAC0_S 0 1 -45670.6 15723.3 8447.25 3.39959e+06 447799 1.21338e+06 1243.55 -11.8397 -16.8044
1010000 FRAC0_S 0 1 -45776.2 15577.6 8698.5 2.836e+06 -109394 1.41073e+06 982.461 3.47163 -21.7993
1010000 FRAC0_S 0 1 -45805.8 15375.5 8930.32 3.74683e+06 -807754 1.42384e+06 1578.77 17.6377 -16.7049
1010000 FRAC0_S 0 1 -45756.6 15136.6 9120.02 3.34088e+06 -1.3453e+06 1.02045e+06 1294.37 29.1139 -12.8927
1010000 FRAC0_S 0 1 -45633.3 14884.3 9249.03 2.85818e+06 -1.54412e+06 607585 989.523 36.5003 -8.97424
1010000 FRAC0_S 0 1 -45448 14643.3 9304.71 3.89457e+06 -2.29314e+06 376275 1839.01 40.366 -4.36284
1010000 FRAC0_S 0 1 -45218.9 14437.3 9281.63 3.69705e+06 -2.2584e+06 -124413 1674.52 42.3452 1.5823
1010000 FRAC0_S 0 1 -44968.4 14286.3 9182.04 3.4665e+06 -1.80278e+06 -678557 1421.65 36.0029 8.4691
1010000 FRAC0_S 0 1 -44720.9 14205.2 9015.68 3.54621e+06 -1.31554e+06 -1.03225e+06 1416.55 27.7607 12.6484
1010000 FRAC0_S 0 1 -44500.7 14201.9 8798.84 3.80621e+06 -782113 -1.27144e+06 1560.47 17.439 15.3706
1010000 FRAC0_S 0 1 -44329.4 14276.7 8552.75 3.71391e+06 -97727.8 -1.25582e+06 1439.71 2.67392 17.3033
1010000 FRAC0_S 0 1 -44223.8 14422.4 8301.5 3.77225e+06 486977 -1.17375e+06 1472.39 -11.9863 15.311
1010000 FRAC0_S 0 1 -44194.2 14624.5 8069.68 3.9467e+06 1.01648e+06 -957665 1602.06 -21.9719 11.7528
Step FractureNumber TipNr TipActive TipX TipY TipZ KI KII KIII G Phi Psi Extension
1010101 FRAC0_S 0 1 -44202.1 14825.2 7799.85 4.22692e+06 -621581 -914001 1737.66 14.2868 11.5415
1010101 FRAC0_S 0 1 -44342.4 15095.4 7658.14 4.37302e+06 -732847 -657245 1809.39 16.6707 8.46618
1010101 FRAC0_S 0 1 -44547.6 15353.1 7597.17 3.98823e+06 -667178 -412385 1479.66 17.2179 6.12864
1010101 FRAC0_S 0 1 -44796.8 15574.8 7622.05 4.09636e+06 -48683.7 -14165.5 1495.52 1.62911 0.26527
1010101 FRAC0_S 0 1 -45066.4 15740.9 7730.23 3.62721e+06 -78811.5 165835 1176.6 2.82069 -3.28028
1010101 FRAC0_S 0 1 -45331.9 15834.9 7912.13 4.02368e+06 -182160 648055 1501.5 5.15544 -9.82573
1010101 FRAC0_S 0 1 -45567.1 15848.3 8152.71 3.96142e+06 -81505.3 993351 1530.22 2.24737 -14.1008
1010101 FRAC0_S 0 1 -45745.9 15781.1 8431.76 3.80409e+06 173581 1.23963e+06 1496.59 -4.58036 -16.6698
1010101 FRAC0_S 0 1 -45848.2 15636.9 8720.77 3.71324e+06 250627 1.34617e+06 1475.28 -6.45189 -17.6532
1010101 FRAC0_S 0 1 -45864.4 15427.8 8986.46 3.69201e+06 406927 1.31654e+06 1459.94 -10.1246 -17.012
1010101 FRAC0_S 0 1 -45795.4 15176.3 9200.07 3.36887e+06 37331.4 776172 1091.58 -1.24405 -13.3388
1010101 FRAC0_S 0 1 -45650.9 14909.3 9342.29 4.42436e+06 610533 1.01216e+06 1913.8 -13.4214 -12.1311
1010101 FRAC0_S 0 1 -45445.3 14653.7 9402.62 3.53888e+06 771769 296046 1180.72 -21.4898 -4.87632
1010101 FRAC0_S 0 1 -45197.9 14432 9377.64 4.79987e+06 514949 138637 2079.17 -12.5955 -1.96158
1010101 FRAC0_S 0 1 -44931.5 14262.1 9269.55 4.46539e+06 199344 -342544 1795.97 -5.46256 5.18148
1010101 FRAC0_S 0 1 -44669.4 14161.9 9086.22 4.35614e+06 79216.8 -813765 1779.58 -2.09686 11.2991
1010101 FRAC0_S 0 1 -44437.4 14143.3 8842.21 4.08677e+06 -218363 -1.17779e+06 1677.03 5.46461 15.2325
1010101 FRAC0_S 0 1 -44261.6 14209.2 8560.4 4.47766e+06 -89630.2 -1.32927e+06 2022.33 2.11188 15.9066
1010101 FRAC0_S 0 1 -44160.2 14355.9 8272.18 4.15375e+06 -505967 -1.21064e+06 1755.21 11.5466 14.6824
1010101 FRAC0_S 0 1 -44140.2 14569.2 8010.3 4.16343e+06 -503354 -1.05059e+06 1714.02 11.7829 13.2186