
Step FractureNumber TipNr TipActive TipX TipY TipZ KI KII KIII G Phi Psi Extension
1010000 FRAC0_S 0 1 -45000 984.872 8574.53 -1.97995e+06 -253459 1.45538e+06 287.434 9.28903 -25.6373
1010000 FRAC0_S 0 1 -45000 913.64 8875.22 -1.94929e+06 -876572 950405 188.605 28.7259 -17.5406
1010000 FRAC0_S 0 1 -45000 752.975 9139.18 -2.35231e+06 -1.16599e+06 544530 160.584 34.4131 -9.86134
1010000 FRAC0_S 0 1 -45000 518.603 9340.58 -2.012e+06 -1.15033e+06 416081 140.941 37.7712 -8.62333
1010000 FRAC0_S 0 1 -45000 233.466 9459.7 -2.25295e+06 -1.31033e+06 152958 156.11 40.6607 -3.15453
1010000 FRAC0_S 0 1 -45000 -74.5244 9484.87 -2.43411e+06 -1.40402e+06 -147969 178.572 40.6275 2.84998
1010000 FRAC0_S 0 1 -45000 -375.22 9413.64 -2.47475e+06 -1.32574e+06 -466639 185.58 36.7393 8.13517
1010000 FRAC0_S 0 1 -45000 -639.186 9252.98 -1.78148e+06 -834301 -575224 106.033 31.8185 12.9883
1010000 FRAC0_S 0 1 -45000 -840.583 9018.61 -2.0719e+06 -853501 -999748 197.846 27.1324 17.726
1010000 FRAC0_S 0 1 -45000 -959.699 8733.46 -1.83356e+06 -337102 -1.22823e+06 210.764 13.1966 23.877
1010000 FRAC0_S 0 1 -45000 -984.872 8425.47 -1.66916e+06 262154 -1.4268e+06 276.881 -10.5026 27.1834
1010000 FRAC0_S 0 1 -45000 -913.64 8124.78 -1.31656e+06 854508 -1.22951e+06 266.123 -30.7596 23.8877
1010000 FRAC0_S 0 1 -45000 -728.764 7832.29 -1.01237e+06 1.31179e+06 -795953 237.601 -46.4869 17.7505
1010000 FRAC0_S 0 1 -45000 -518.603 7659.42 -835337 1.79481e+06 -664520 345.785 -55.4931 14.3898
1010000 FRAC0_S 0 1 -45000 -233.466 7540.3 -444295 1.53845e+06 -211051 216.833 -63.7534 7.19845
1010000 FRAC0_S 0 1 -45000 74.5244 7515.13 -663928 2.04299e+06 166325 375.606 -64.1551 -4.40465
1010000 FRAC0_S 0 1 -45000 375.22 7586.36 -728412 1.85589e+06 588647 353.008 -57.939 -13.3348
1010000 FRAC0_S 0 1 -45000 639.186 7747.02 -667443 1.47231e+06 791415 276.466 -52.6602 -18.6543
1010000 FRAC0_S 0 1 -45000 840.583 7981.39 -618416 1.19666e+06 1.07972e+06 282.656 -45.9115 -24.5021
1010000 FRAC0_S 0 1 -45000 959.699 8266.54 -1.31614e+06 271554 1.16193e+06 186.131 -13.1437 -27.0682
Step FractureNumber TipNr TipActive TipX TipY TipZ KI KII KIII G Phi Psi Extension
1010101 FRAC0_S 0 1 -44985.6 1078.01 8580.82 -1.42058e+06 -428460 1.37779e+06 268.835 17.3551 -27.2882
1010101 FRAC0_S 0 1 -44957.8 994.523 8907.09 -1.37758e+06 -1.47927e+06 1.17932e+06 379.97 41.9076 -19.9734
1010101 FRAC0_S 0 1 -44944.4 815.077 9191.03 -944806 -1.69172e+06 609186 304.383 53.9537 -13.4773
1010101 FRAC0_S 0 1 -44939 559.561 9405.99 -1.02234e+06 -2.89638e+06 584420 792.974 61.0881 -9.56705
1010101 FRAC0_S 0 1 -44935.9 251.376 9532.29 -811555 -2.04144e+06 180860 375.715 62.5098 -4.53262
1010101 FRAC0_S 0 1 -44936.2 -80.5158 9559.67 -1.2832e+06 -3.39223e+06 -173474 1029.41 63.6827 2.74829
1010101 FRAC0_S 0 1 -44940.6 -405.62 9485.82 -1.26725e+06 -2.82677e+06 -474337 741.97 59.8266 7.74305
1010101 FRAC0_S 0 1 -44947.3 -693.226 9315.58 -1.03277e+06 -1.78519e+06 -525850 320.76 54.7912 11.4502
1010101 FRAC0_S 0 1 -44958.3 -915.85 9063.91 -1.0667e+06 -1.88265e+06 -943764 434.3 51.332 16.9694
1010101 FRAC0_S 0 1 -44981.7 -1050.45 8754.8 -1.3032e+06 -598040 -1.07867e+06 186.62 25.2773 23.9106
1010101 FRAC0_S 0 1 -45016.2 -1077.42 8419.36 -1.29601e+06 440916 -1.41782e+06 284.682 -18.1994 28.3897
1010101 FRAC0_S 0 1 -45048.2 -991.02 8095.47 -322344 1.01991e+06 -1.04153e+06 236.972 -47.0854 27.7803
1010101 FRAC0_S 0 1 -45069.7 -806.528 7818.32 503720 1.4181e+06 -905776 310.928 -52.6063 21.5998
1010101 FRAC0_S 0 1 -45081.7 -549.21 7613.43 1.32118e+06 1.60328e+06 -640109 439.095 -48.8082 12.9427
1010101 FRAC0_S 0 1 -45087.9 -245.306 7495.9 1.39948e+06 1.03329e+06 -194164 274.681 -44.2378 5.58493
1010101 FRAC0_S 0 1 -45088.6 78.5969 7470.37 1.62981e+06 1.11076e+06 125686 348.746 -43.7417 -3.35686
1010101 FRAC0_S 0 1 -45084.8 395.937 7539.38 1.11943e+06 809121 307912 182.614 -41.4878 -10.1134
1010101 FRAC0_S 0 1 -45078.9 678.657 7702.5 958113 1.30126e+06 733182 304.185 -47.641 -17.1293
1010101 FRAC0_S 0 1 -45061.5 903.659 7945.82 279657 1.22374e+06 890618 245.911 -53.273 -24.4503
1010101 FRAC0_S 0 1 -45025.3 1046.41 8247.76 -70606.9 1.00571e+06 1.11959e+06 256.843 -49.4359 -31.1902