
Step FractureNumber TipNr TipActive TipX TipY TipZ KI KII KIII G Phi Psi Extension
1010000 FRAC0_S 0 1 15000 -44020.2 8624.9 4.25418e+06 -603723 243401 1653.07 15.5881 -3.64653
1010000 FRAC0_S 0 1 15000 -44106.8 8921.55 4.13649e+06 -683451 57137.3 1566.78 18.2443 -0.909279
1010000 FRAC0_S 0 1 15000 -44280.8 9176.94 4.42027e+06 -741064 -128802 1792.24 18.2381 1.87954
1010000 FRAC0_S 0 1 15000 -44525.1 9366.05 4.20707e+06 -558751 -249934 1613.33 14.7272 3.80479
1010000 FRAC0_S 0 1 15000 -44816 9470.4 3.56909e+06 -327821 -311143 1157.57 10.4816 5.58689
1010000 FRAC0_S 0 1 15000 -45124.9 9479.76 3.77764e+06 -309458 -328784 1294.56 9.46722 5.62455
1010000 FRAC0_S 0 1 15000 -45421.5 9393.21 4.70036e+06 -80208.6 -450193 1996.27 2.1303 6.46873
1010000 FRAC0_S 0 1 15000 -45676.9 9219.22 3.96312e+06 742859 -473255 1478.55 -18.6402 6.85176
1010000 FRAC0_S 0 1 15000 -45866 8974.84 3.98343e+06 222791 -322985 1432.27 -6.7172 5.39449
1010000 FRAC0_S 0 1 15000 -45970.4 8683.98 3.96974e+06 295540 -281477 1422.59 -8.80425 4.70229
1010000 FRAC0_S 0 1 15000 -45979.8 8375.1 4.33403e+06 406485 -190823 1693.4 -11.0644 2.96887
1010000 FRAC0_S 0 1 15000 -45893.2 8078.45 3.86118e+06 461119 -160486 1350.89 -13.6603 2.75015
1010000 FRAC0_S 0 1 15000 -45719.2 7823.06 3.41287e+06 82850.3 -600026 1086.42 -2.80333 10.7187
1010000 FRAC0_S 0 1 15000 -45474.9 7633.95 3.90899e+06 514102 9205.63 1385.18 -15.2968 -0.161859
1010000 FRAC0_S 0 1 15000 -45184 7529.6 3.33548e+06 340408 457937 1029.6 -11.0539 -8.23572
1010000 FRAC0_S 0 1 15000 -44875.1 7520.24 3.78789e+06 449728 228918 1303.55 -13.3867 -3.91097
1010000 FRAC0_S 0 1 15000 -44578.5 7606.79 3.68807e+06 728325 33695.1 1259.48 -21.0381 -0.588708
1010000 FRAC0_S 0 1 15000 -44323.1 7780.78 3.52124e+06 254392 293036 1122.07 -8.4798 -5.44658
1010000 FRAC0_S 0 1 15000 -44134 8025.16 4.01509e+06 -150318 420042 1462.02 4.51419 -6.86813
1010000 FRAC0_S 0 1 15000 -44029.6 8316.02 4.40442e+06 -494927 409382 1772.76 12.4436 -5.81872
Step FractureNumber TipNr TipActive TipX TipY TipZ KI KII KIII G Phi Psi Extension
1010101 FRAC0_S 0 1 15026.7 -43927 8636.58 4.46347e+06 346477 227405 1792.88 -9.29826 -3.45396
1010101 FRAC0_S 0 1 15030.2 -44022.7 8961.14 4.51409e+06 316564 -1296.58 1824.73 -8.87162 0.0209277
1010101 FRAC0_S 0 1 15029.9 -44213.1 9240.81 4.08615e+06 171675 -217233 1496.73 -5.26776 3.7086
1010101 FRAC0_S 0 1 15025.1 -44480.1 9448.88 4.46337e+06 518344 -635060 1852.8 -12.3237 8.3972
1010101 FRAC0_S 0 1 15019.6 -44798.4 9564.37 4.53808e+06 403000 -491969 1881.81 -9.99946 6.79241
1010101 FRAC0_S 0 1 15013.7 -45137.2 9575.43 4.68025e+06 486143 -533792 2010.89 -11.4308 7.01489
1010101 FRAC0_S 0 1 14998 -45462.2 9480.11 4.50591e+06 -111050 -378826 1829.41 3.07743 5.72491
1010101 FRAC0_S 0 1 14982 -45741.9 9288.26 4.3275e+06 -578016 -485103 1729.86 14.2068 6.75199
1010101 FRAC0_S 0 1 14982.4 -45950.2 9020.57 4.18743e+06 -389425 -514154 1611.17 10.2994 7.54084
1010101 FRAC0_S 0 1 14984.7 -46065.1 8702.01 4.42305e+06 -265061 -391435 1769.93 7.11489 5.81479
1010101 FRAC0_S 0 1 14980.7 -46074.7 8363.13 4.1334e+06 -56522.3 -210112 1528.6 1.78687 3.64943
1010101 FRAC0_S 0 1 14982.1 -45979.6 8037.5 4.14985e+06 -47099.4 -179245 1539.06 1.49866 3.13945
1010101 FRAC0_S 0 1 14985.2 -45814.7 7784.48 4.15455e+06 58976.5 -1854.36 1538.37 -1.94501 0.0343062
1010101 FRAC0_S 0 1 14980.8 -45520.8 7550.43 4.06497e+06 -127101 165147 1477.52 4.02427 -2.90895
1010101 FRAC0_S 0 1 14978 -45201.7 7436.11 4.32145e+06 -248878 258231 1678.51 7.03004 -4.07705
1010101 FRAC0_S 0 1 14974.6 -44863.6 7426.78 4.5113e+06 -506968 475818 1866.57 12.3225 -6.5077
1010101 FRAC0_S 0 1 14972.6 -44538.5 7522.45 3.28895e+06 -639104 315339 1013.54 19.4978 -5.61417
1010101 FRAC0_S 0 1 14985.6 -44257.4 7711.67 4.16583e+06 -583814 333372 1591.58 15.1564 -4.97372
1010101 FRAC0_S 0 1 15005.7 -44049.3 7978.64 3.64822e+06 522029 283520 1220.99 -15.4478 -4.83163
1010101 FRAC0_S 0 1 15019.5 -43935.9 8297.99 4.3555e+06 260499 361577 1713.89 -7.1351 -5.49188