
Step FractureNumber TipNr TipActive TipX TipY TipZ KI KII KIII G Phi Psi Extension
1010000 FRAC0_S 0 1 0 984.872 8574.53 -2.86265e+06 -898899 -92384 73.1378 28.8458 1.8508
1010000 FRAC0_S 0 1 0 913.64 8875.22 3.12765e+06 -1.16587e+06 121945 994.794 32.0856 -2.129
1010000 FRAC0_S 0 1 0 752.975 9139.18 7.07331e+06 -969515 192369 4547.01 15.5118 -1.80403
1010000 FRAC0_S 0 1 0 518.603 9340.58 1.16876e+07 -6253.91 -163146 12176 0.0738226 1.06699
1010000 FRAC0_S 0 1 0 233.466 9459.7 1.1149e+07 67048.2 -150260 11079.7 -0.823406 1.02538
1010000 FRAC0_S 0 1 0 -74.5244 9484.87 1.43029e+07 198526 -160169 18236.5 -1.88284 0.848164
1010000 FRAC0_S 0 1 0 -375.22 9413.64 1.33058e+07 229063 117503 15783 -2.32925 -0.668882
1010000 FRAC0_S 0 1 0 -639.186 9252.98 9.98939e+06 57337.2 -1.17891e+06 9077.24 -0.713252 7.82753
1010000 FRAC0_S 0 1 0 -840.583 9018.61 6.5607e+06 31045.1 244609 3843.59 -0.634321 -2.74864
1010000 FRAC0_S 0 1 0 -959.699 8733.46 1.22469e+06 224463 37938.9 138.333 -19.5369 -1.96847
1010000 FRAC0_S 0 1 0 -984.872 8425.47 -3.75612e+06 89973.7 24906.4 0.803874 -3.21621 -0.500495
1010000 FRAC0_S 0 1 0 -913.64 8124.78 -9.12536e+06 -142297 259278 10.7453 2.07546 -2.09835
1010000 FRAC0_S 0 1 0 -752.975 7860.82 -1.23086e+07 -307871 -1.7177e+06 400.861 2.97464 8.87302
1010000 FRAC0_S 0 1 0 -518.603 7659.42 -1.73696e+07 -126591 186063 6.03237 0.9987 -0.817108
1010000 FRAC0_S 0 1 0 -233.466 7540.3 -1.58536e+07 -196306 -1.19167e+06 192.304 1.58492 5.23342
1010000 FRAC0_S 0 1 0 74.5244 7515.13 -1.88819e+07 -163013 155006 5.5635 1.1836 -0.627564
1010000 FRAC0_S 0 1 0 375.22 7586.36 -1.81002e+07 -130744 34772.1 1.68405 0.998517 -0.148368
1010000 FRAC0_S 0 1 0 639.186 7747.02 -1.78839e+07 485487 -20107.4 21.0568 -3.64725 0.0852474
1010000 FRAC0_S 0 1 0 840.583 7981.39 -1.20558e+07 -1.50658e+06 -143073 204.984 14.5438 0.810659
1010000 FRAC0_S 0 1 0 959.699 8266.54 -4.98961e+06 -192058 -62748 3.8106 5.03312 0.928526
Step FractureNumber TipNr TipActive TipX TipY TipZ KI KII KIII G Phi Psi Extension
1010101 FRAC0_S 0 1 39.5957 1072.34 8579.99 -1.66246e+06 -1.8922e+06 -165242 322.683 53.1016 3.39973
1010101 FRAC0_S 0 1 45.3066 993.029 8908.55 4.26796e+06 1.32609e+06 -267148 1789.37 -28.0916 3.48662
1010101 FRAC0_S 0 1 26.6837 822.424 9199.69 9.67521e+06 2.2267e+06 -31088.3 8783.51 -23.6866 0.202984
1010101 FRAC0_S 0 1 6.39104 569.129 9423.01 1.71167e+07 -204768 706732 26177.7 1.58112 -3.007
1010101 FRAC0_S 0 1 -1.50771 256.525 9554.46 1.82057e+07 -883423 140311 29607.4 6.28402 -0.567385
1010101 FRAC0_S 0 1 -3.01811 -81.8759 9582.09 1.56554e+07 -370714 -233532 21859.6 3.15556 1.11348
1010101 FRAC0_S 0 1 -3.1647 -412.262 9503.82 1.7176e+07 -379790 442722 26327.8 2.92299 -1.89865
1010101 FRAC0_S 0 1 -1.9479 -696.514 9332.23 1.33852e+07 118902 -351287 15983 -1.19627 1.95639
1010101 FRAC0_S 0 1 -9.22512 -922.205 9069.48 7.87723e+06 61344 355119 5546.45 -1.03168 -3.2793
1010101 FRAC0_S 0 1 -16.9975 -1026.76 8757.73 1.86043e+06 81500.2 24589.5 309.099 -5.68192 -0.97016
1010101 FRAC0_S 0 1 -7.45496 -1030.87 8421.55 -3.59166e+06 886415 185755 74.6057 -24.08 -3.0543
1010101 FRAC0_S 0 1 3.10813 -978.894 8089.64 -9.73337e+06 -284097 100948 8.54749 3.87562 -0.774897
1010101 FRAC0_S 0 1 3.91328 -821.936 7791.44 -1.55264e+07 -1.67994e+06 2.2955e+06 952.309 11.5405 -8.72394
1010101 FRAC0_S 0 1 2.8603 -569.793 7576.43 -1.9435e+07 -234065 226790 11.7227 1.63734 -0.884824
1010101 FRAC0_S 0 1 2.33507 -256.519 7445.54 -2.149e+07 -552342 161702 30.6635 3.43929 -0.566289
1010101 FRAC0_S 0 1 2.15994 81.8852 7417.88 -2.20303e+07 -563123 139827 30.8578 3.42497 -0.478512
1010101 FRAC0_S 0 1 -0.202605 412.243 7496.17 -2.21379e+07 180505 -498608 35.9685 -1.10316 1.68873
1010101 FRAC0_S 0 1 3.53298 701.568 7673.15 -1.81667e+07 -711263 441312 70.9828 5.05939 -1.76454
1010101 FRAC0_S 0 1 13.1589 922.118 7931.08 -1.31443e+07 -2.68771e+06 -101958 645.093 21.6233 0.497754
1010101 FRAC0_S 0 1 22.726 1050.52 8243.71 -6.94319e+06 -2.14937e+06 -473721 441.517 27.9217 3.78162