
Step FractureNumber TipNr TipActive TipX TipY TipZ KI KII KIII G Phi Psi Extension
1010000 FRAC0_S 0 1 -45000 -29019.2 8617.02 1.80616e+06 435472 -105826 309.083 -23.5622 3.44928
1010000 FRAC0_S 0 1 -45000 -29103.5 8914.36 1.34803e+06 361477 9114.89 173.584 -26.3495 -0.412753
1010000 FRAC0_S 0 1 -45000 -29275.4 9171.13 1.78815e+06 457602 122504 305.582 -24.4378 -3.94646
1010000 FRAC0_S 0 1 -45000 -29518.2 9362.22 2.06899e+06 387007 281525 405.341 -18.393 -7.67246
1010000 FRAC0_S 0 1 -45000 -29808.3 9468.89 1.5209e+06 259479 39761.3 212.333 -18.5358 -1.68818
1010000 FRAC0_S 0 1 -45000 -30117.1 9480.74 1.50809e+06 71969.4 261633 212.232 -5.364 -10.4148
1010000 FRAC0_S 0 1 -45000 -30414.4 9396.57 2.14279e+06 -130386 418018 433.908 6.61859 -11.3194
1010000 FRAC0_S 0 1 -45000 -30671.2 9224.65 1.63488e+06 303117 127302 248.519 -19.0395 -4.68243
1010000 FRAC0_S 0 1 -45000 -30862.2 8981.79 1.7777e+06 -288630 238951 296.625 16.4312 -7.73044
1010000 FRAC0_S 0 1 -45000 -30968.9 8691.77 1.79751e+06 -381117 185771 305.45 20.7479 -5.92475
1010000 FRAC0_S 0 1 -45000 -30980.8 8382.98 1.70152e+06 -430167 106477 275.984 24.3218 -3.63606
1010000 FRAC0_S 0 1 -45000 -30896.5 8085.64 1.75156e+06 -466449 25081.9 292.859 26.0859 -0.868056
1010000 FRAC0_S 0 1 -45000 -30724.6 7828.87 1.28358e+06 -344899 -44423.7 157.679 25.8881 2.04801
1010000 FRAC0_S 0 1 -45000 -30481.8 7637.78 1.71818e+06 -418826 -152811 281.801 23.2653 5.05837
1010000 FRAC0_S 0 1 -45000 -30191.7 7531.11 1.48108e+06 -342642 38528.9 206.132 23.3893 -1.59964
1010000 FRAC0_S 0 1 -45000 -29882.9 7519.26 1.69161e+06 -217747 -286269 270.118 13.1957 9.60876
1010000 FRAC0_S 0 1 -45000 -29585.6 7603.43 1.83406e+06 -88758.7 -323106 314.332 5.42346 10.5383
1010000 FRAC0_S 0 1 -45000 -29328.8 7775.35 1.76782e+06 145517 -358440 297.459 -8.68042 11.4853
1010000 FRAC0_S 0 1 -45000 -29137.8 8018.21 1.88671e+06 285528 -278623 334.793 -15.36 8.44082
1010000 FRAC0_S 0 1 -45000 -29031.1 8308.23 1.7111e+06 616181 -191466 299.611 -30.06 5.73857
Step FractureNumber TipNr TipActive TipX TipY TipZ KI KII KIII G Phi Psi Extension
1010101 FRAC0_S 0 1 -45043.6 -28932.2 8627.65 2.13061e+06 -184602 -98602.5 408.843 10.2974 3.13118
1010101 FRAC0_S 0 1 -45042.5 -29023.3 8951.33 2.02661e+06 -143206 90174.9 368.896 8.59014 -3.05971
1010101 FRAC0_S 0 1 -45039.7 -29210.1 9232.18 1.92335e+06 -135024 122453 333.26 8.39964 -4.27564
1010101 FRAC0_S 0 1 -45034.1 -29473.8 9442.35 1.71757e+06 -164944 288337 276.36 10.2333 -9.77796
1010101 FRAC0_S 0 1 -45026.1 -29790.4 9560.82 2.01425e+06 -260904 381256 386.934 13.0751 -10.515
1010101 FRAC0_S 0 1 -45009.8 -30128.8 9575.96 2.2899e+06 -145050 401681 490.594 6.97582 -10.3835
1010101 FRAC0_S 0 1 -45004.7 -30454.2 9483.71 1.90775e+06 -210242 455582 355.859 10.9698 -12.7737
1010101 FRAC0_S 0 1 -45005.9 -30747.7 9281.34 1.88595e+06 -413818 344872 348.026 20.1925 -9.61035
1010101 FRAC0_S 0 1 -44985.2 -30943.1 9027.06 2.00195e+06 -183403 193436 365.108 10.3778 -6.12454
1010101 FRAC0_S 0 1 -44964.9 -31058.3 8709.84 2.3242e+06 29173.1 268404 491.022 -1.54914 -7.63938
1010101 FRAC0_S 0 1 -44959.6 -31069.3 8372.7 1.86036e+06 155553 140074 313.169 -9.73653 -4.92834
1010101 FRAC0_S 0 1 -44956.8 -30976.4 8048.82 1.75307e+06 86177.6 -59349.6 274.987 -6.21041 2.40602
1010101 FRAC0_S 0 1 -44957.3 -30789.3 7768.83 1.95455e+06 132708 -184272 346.51 -7.94021 6.11037
1010101 FRAC0_S 0 1 -44959.4 -30525.2 7559.9 1.87413e+06 123022 -392352 334.808 -7.02227 11.9178
1010101 FRAC0_S 0 1 -44964.6 -30209 7441.87 1.91516e+06 219267 -343084 346.779 -11.8421 10.1686
1010101 FRAC0_S 0 1 -44976.3 -29871.3 7425.83 1.86088e+06 191919 -357032 328.813 -10.7056 10.8318
1010101 FRAC0_S 0 1 -44993.4 -29545.1 7515.95 1.98563e+06 41225.2 -386856 371.392 -2.37072 11.6537
1010101 FRAC0_S 0 1 -45011.8 -29263.8 7704.74 1.92009e+06 -8471.34 -391027 348.868 0.510359 12.2111
1010101 FRAC0_S 0 1 -45029.6 -29057.7 7972.36 1.91791e+06 -142883 -321929 343.384 8.14355 9.93616
1010101 FRAC0_S 0 1 -45041.7 -28944.9 8290.79 1.88374e+06 -96601.2 -166753 320.734 6.15713 5.85877