
Step FractureNumber TipNr TipActive TipX TipY TipZ KI KII KIII G Phi Psi Extension
1010000 FRAC0_S 0 1 -29085.3 15372.6 8500 1.05758e+07 -1.02623e+07 -8.95227e+06 30010.4 39.9209 20.4596
1010000 FRAC0_S 0 1 -29245.2 15637 8500 1.44503e+06 -4.51194e+06 -8.16295e+06 10862.4 37.5886 34.0638
1010000 FRAC0_S 0 1 -29479 15839.1 8500 1.73723e+06 -234164 -1.38105e+07 25640.8 2.06184 42.9861
1010000 FRAC0_S 0 1 -29763.8 15959 8500 1.94706e+06 4.50278e+06 -1.14808e+07 19675 -30.7428 36.4135
1010000 FRAC0_S 0 1 -30071.7 15985.1 8500 3.02351e+06 1.00651e+07 -1.04172e+07 24275 -47.1128 28.0864
1010000 FRAC0_S 0 1 -30372.6 15914.7 8500 2.01954e+06 1.35312e+07 -7.56485e+06 24290.1 -57.9658 21.9921
1010000 FRAC0_S 0 1 -30637 15754.8 8500 3.62071e+07 1.56409e+07 -3.48915e+06 140238 -33.9784 4.7869
1010000 FRAC0_S 0 1 -30839.1 15521 8500 3.68097e+06 2.04966e+07 -755138 38719.3 -67.784 2.33212
1010000 FRAC0_S 0 1 -30959 15236.2 8500 2.18334e+07 1.53168e+07 3.15508e+06 64708.1 -43.0938 -5.9036
1010000 FRAC0_S 0 1 -30985 14928.3 8500 1.82635e+06 1.74701e+07 7.9574e+06 35915.6 -60.979 -19.9607
1010000 FRAC0_S 0 1 -30914.7 14627.4 8500 -2.79459e+07 1.13113e+07 8.45584e+06 20910.9 -29.2556 -12.7869
1010000 FRAC0_S 0 1 -30754.8 14363 8500 1.55529e+06 4.67286e+06 8.47373e+06 11711.3 -37.4261 -33.9942
1010000 FRAC0_S 0 1 -30521 14160.9 8500 -2.64558e+07 1.9034e+06 1.0851e+07 15982.9 -6.63114 -19.0584
1010000 FRAC0_S 0 1 -30236.2 14041 8500 -2.43723e+07 -2.96003e+06 1.03679e+07 15077.5 10.5605 -18.9549
1010000 FRAC0_S 0 1 -29928.3 14014.9 8500 2.19141e+06 -9.7503e+06 1.10078e+07 25015.4 46.8448 -29.8208
1010000 FRAC0_S 0 1 -29627.4 14085.3 8500 1.42523e+06 -1.15178e+07 6.55087e+06 17709.8 58.2812 -22.4851
1010000 FRAC0_S 0 1 -29363 14245.2 8500 1.45655e+06 -1.21805e+07 3.33593e+06 14890 64.4191 -14.0556
1010000 FRAC0_S 0 1 -29160.9 14479 8500 2.42456e+06 -1.79331e+07 544502 29220.5 68.5876 -2.00951
1010000 FRAC0_S 0 1 -29034.9 14788.6 8500 1.70295e+06 -1.6108e+07 -2.89206e+06 24491.9 66.5517 10.2521
1010000 FRAC0_S 0 1 -29015 15071.7 8500 1.8278e+06 -1.40842e+07 -6.21489e+06 23111 60.7517 19.3049
Step FractureNumber TipNr TipActive TipX TipY TipZ KI KII KIII G Phi Psi Extension
1010101 FRAC0_S 0 1 -29022.5 15400.7 8569.15 3.40539e+06 -1.6787e+06 -4.48708e+06 3962.3 22.4014 29.3144
1010101 FRAC0_S 0 1 -29184 15691 8547.44 6.0703e+06 -2.09112e+06 -9.39472e+06 15411.9 15.6824 32.2899
1010101 FRAC0_S 0 1 -29432.4 15915.2 8504.27 6.07383e+06 405655 -1.14482e+07 20733.3 -3.13197 36.3522
1010101 FRAC0_S 0 1 -29741.6 16038.9 8457.02 6.29595e+06 2.44764e+06 -8.82936e+06 14434.4 -18.1418 30.8596
1010101 FRAC0_S 0 1 -30074.1 16052.1 8429.39 1.20861e+07 5.13849e+06 -9.78448e+06 28102.5 -24.1014 23.926
1010101 FRAC0_S 0 1 -30397.2 15972.1 8425.33 1.13626e+07 -2.86107e+06 -1.32642e+06 12468.3 23.389 6.4133
1010101 FRAC0_S 0 1 -30676.8 15803.7 8427.72 1.48703e+07 6.95927e+06 -2.33818e+06 24747.3 -34.5096 7.23745
1010101 FRAC0_S 0 1 -30886.2 15551.2 8422.66 1.47984e+07 6.17255e+06 834805 23002.3 -34.0207 -2.93776
1010101 FRAC0_S 0 1 -31014.6 15249 8420.84 1.57314e+07 6.56671e+06 4.18126e+06 28220.6 -30.414 -11.4939
1010101 FRAC0_S 0 1 -31047.2 14922.6 8426.98 1.34964e+07 5.77933e+06 7.17026e+06 26045.8 -27.2517 -18.7222
1010101 FRAC0_S 0 1 -30982.4 14597.2 8438.51 1.05964e+07 5.58163e+06 9.86303e+06 25720 -26.7916 -24.8085
1010101 FRAC0_S 0 1 -30818.4 14308 8454.51 1.08501e+07 1.13909e+07 2.54562e+07 108239 -29.442 -32.2292
1010101 FRAC0_S 0 1 -30568.2 14082 8483.61 5.4465e+06 -1.01367e+06 1.23061e+07 22876.6 7.35794 -36.9585
1010101 FRAC0_S 0 1 -30259.8 13955.1 8524.51 7.5846e+06 -4.23336e+06 1.16747e+07 24850.9 22.9549 -30.6125
1010101 FRAC0_S 0 1 -29926.8 13944.7 8562.32 1.78793e+07 -3.89096e+06 1.14352e+07 47226.4 15.4438 -22.9478
1010101 FRAC0_S 0 1 -29609.3 14035.6 8583.32 1.55059e+07 -4.26068e+06 5.94096e+06 27736.8 21.2804 -16.2632
1010101 FRAC0_S 0 1 -29336.4 14211.8 8589.64 1.48468e+07 -2.58106e+06 1.95006e+06 20741.6 17.4056 -7.51519
1010101 FRAC0_S 0 1 -29128.8 14458.8 8592.03 1.5088e+07 -1.19879e+06 -790305 20496.9 9.48282 3.53905
1010101 FRAC0_S 0 1 -29001.8 14755.1 8590.96 1.45203e+07 -1.69295e+06 -3.41281e+06 20592.2 11.5556 12.5657
1010101 FRAC0_S 0 1 -28963.2 15078.4 8582.6 1.32379e+07 -2.95246e+06 -6.07633e+06 21303.3 17.3326 18.8279