
Step FractureNumber TipNr TipActive TipX TipY TipZ KI KII KIII G Phi Psi Extension
1010000 FRAC0_S 0 1 -15000 -44020.2 8624.9 3.66449e+06 1.7436e+06 -209660 1473.37 -36.7091 2.86508
1010000 FRAC0_S 0 1 -15000 -44106.8 8921.55 3.53703e+06 1.63988e+06 129377 1356.68 -36.5806 -1.88217
1010000 FRAC0_S 0 1 -15000 -44280.8 9176.94 3.58405e+06 1.49648e+06 507937 1378.53 -32.4698 -6.81683
1010000 FRAC0_S 0 1 -15000 -44525.1 9366.05 3.78395e+06 1.19006e+06 846315 1497.36 -25.6988 -10.644
1010000 FRAC0_S 0 1 -15000 -44816 9470.4 3.06639e+06 573119 858589 965.191 -16.7015 -13.6862
1010000 FRAC0_S 0 1 -15000 -45124.9 9479.76 2.98107e+06 146826 912386 904.535 -4.99522 -15.9313
1010000 FRAC0_S 0 1 -15000 -45421.5 9393.21 4.06387e+06 -460142 1.26202e+06 1702.35 10.691 -15.443
1010000 FRAC0_S 0 1 -15000 -45676.9 9219.22 3.03241e+06 -175663 733568 893.73 6.10021 -13.3734
1010000 FRAC0_S 0 1 -15000 -45866 8974.84 3.33999e+06 -1.00889e+06 690031 1148.1 25.2247 -10.0625
1010000 FRAC0_S 0 1 -15000 -45970.4 8683.98 3.48269e+06 -1.29979e+06 542101 1270.46 30.0042 -7.5992
1010000 FRAC0_S 0 1 -15000 -45979.8 8375.1 3.27419e+06 -1.33878e+06 231575 1122.13 33.343 -3.65309
1010000 FRAC0_S 0 1 -15000 -45893.2 8078.45 3.17256e+06 -1.32084e+06 -23754.2 1052.44 34.9517 0.409263
1010000 FRAC0_S 0 1 -15000 -45719.2 7823.06 3.54144e+06 -1.45453e+06 -248914 1314.36 33.4417 3.62744
1010000 FRAC0_S 0 1 -15000 -45474.9 7633.95 3.55923e+06 -1.15155e+06 -507067 1281.22 27.4878 7.26835
1010000 FRAC0_S 0 1 -15000 -45184 7529.6 2.29309e+06 -621957 -491396 535.151 23.228 10.5652
1010000 FRAC0_S 0 1 -15000 -44875.1 7520.24 3.12062e+06 -498381 -819693 979.271 14.8369 13.2789
1010000 FRAC0_S 0 1 -15000 -44578.5 7606.79 3.10411e+06 415533 -1.15213e+06 1050.55 -11.8986 17.229
1010000 FRAC0_S 0 1 -15000 -44323.1 7780.78 3.26853e+06 562931 -1.00506e+06 1114.58 -15.3465 14.7838
1010000 FRAC0_S 0 1 -15000 -44134 8025.16 3.34703e+06 870758 -819885 1155.23 -22.1075 11.8205
1010000 FRAC0_S 0 1 -15000 -44029.6 8316.02 3.18875e+06 655107 -694007 1008.38 -18.7522 11.1572
Step FractureNumber TipNr TipActive TipX TipY TipZ KI KII KIII G Phi Psi Extension
1010101 FRAC0_S 0 1 -15052.9 -43939.1 8634.12 3.60216e+06 -143862 -168496 1161.87 5.05059 3.29628
1010101 FRAC0_S 0 1 -15058.1 -44035.3 8955.67 3.95983e+06 -210004 192620 1406.13 6.57724 -3.37968
1010101 FRAC0_S 0 1 -15052.5 -44221 9234.17 4.16334e+06 -257632 781141 1631.65 6.76173 -10.9683
1010101 FRAC0_S 0 1 -15042.3 -44483.6 9443.54 4.70589e+06 -547689 1.04567e+06 2145.53 11.6432 -12.0386
1010101 FRAC0_S 0 1 -15027.4 -44799.4 9561.91 4.03374e+06 -366040 1.05148e+06 1608.9 9.08507 -13.8174
1010101 FRAC0_S 0 1 -15006.9 -45137.2 9574.91 4.25329e+06 -5093.43 1.13144e+06 1782.3 0.132239 -14.9197
1010101 FRAC0_S 0 1 -14990.3 -45462.7 9480.45 3.81518e+06 64737.2 1.09789e+06 1457.74 -1.80888 -15.5982
1010101 FRAC0_S 0 1 -14979.4 -45741.3 9288.52 3.79539e+06 27494.7 944844 1402.43 -0.805028 -14.1616
1010101 FRAC0_S 0 1 -14963.5 -45944 9018.72 3.85206e+06 156529 721005 1393.57 -4.55673 -11.1238
1010101 FRAC0_S 0 1 -14950.6 -46053.5 8700.27 3.93564e+06 368323 541503 1431.34 -10.2375 -8.30472
1010101 FRAC0_S 0 1 -14945.7 -46061 8365.1 3.89038e+06 413836 270678 1373.69 -12.0914 -4.49944
1010101 FRAC0_S 0 1 -14943.8 -45966.2 8044.02 3.56217e+06 472531 -45404.5 1150.9 -15.275 0.863918
1010101 FRAC0_S 0 1 -14946.6 -45778.8 7766.28 3.51308e+06 491773 -297742 1133.11 -15.0871 5.23961
1010101 FRAC0_S 0 1 -14953.3 -45515.6 7558.18 4.24512e+06 332900 -538839 1654.35 -8.81202 7.84796
1010101 FRAC0_S 0 1 -14962.4 -45200.1 7441.04 3.2996e+06 326742 -1.08631e+06 1136.63 -9.37014 16.2263
1010101 FRAC0_S 0 1 -14982.5 -44862.8 7427.6 3.3618e+06 -139307 -648511 1064.76 4.62107 11.384
1010101 FRAC0_S 0 1 -15010.5 -44538 7521.02 3.50133e+06 -472274 -901380 1220.36 12.9058 13.2939
1010101 FRAC0_S 0 1 -15027.8 -44259.3 7712.41 3.56917e+06 -635570 -1.05391e+06 1318.89 15.8981 14.3068
1010101 FRAC0_S 0 1 -15033.5 -44053.6 7980.92 3.70172e+06 -311768 -1.00285e+06 1363.47 8.43069 14.2746
1010101 FRAC0_S 0 1 -15040.5 -43942.9 8298.6 4.18574e+06 36499.4 -704053 1627.29 -1.03343 10.4735