
Step FractureNumber TipNr TipActive TipX TipY TipZ KI KII KIII G Phi Psi Extension
1010000 FRAC0_S 0 1 757.049 15634.3 8500 -1.22491e+07 1.74438e+06 -1.52776e+06 581.578 -14.8499 7.35784
1010000 FRAC0_S 0 1 523.97 15837.2 8500 119488 911997 -528596 112.551 -57.92 22.6399
1010000 FRAC0_S 0 1 239.601 15958.1 8500 -1.37361e+07 3.10388e+06 -385902 878.297 -22.9535 1.73083
1010000 FRAC0_S 0 1 -68.2213 15985.3 8500 -155105 1.1088e+06 -131505 111.855 -67.0469 7.05772
1010000 FRAC0_S 0 1 -369.366 15916 8500 9.39232e+06 -505598 -75705.4 7884.44 6.91721 0.590163
1010000 FRAC0_S 0 1 -634.354 15757 8500 -1.05452e+06 785627 685681 117.531 -36.7732 -18.7426
1010000 FRAC0_S 0 1 -837.248 15524 8500 -9.32204e+06 1.40331e+06 1.33569e+06 412.763 -15.3414 -8.23333
1010000 FRAC0_S 0 1 -958.186 15239.6 8500 5.91532e+06 -214654 46673 3122.45 4.78082 -0.587512
1010000 FRAC0_S 0 1 -985.33 14931.8 8500 -131678 83221.6 706059 66.9202 -12.0794 -40.403
1010000 FRAC0_S 0 1 -916.022 14630.7 8500 2.84595e+06 333652 458139 759.576 -12.2519 -9.29994
1010000 FRAC0_S 0 1 -757.049 14365.7 8500 1.4308e+07 1.01938e+06 -641078 18389.7 -8.65196 3.07825
1010000 FRAC0_S 0 1 -523.97 14162.8 8500 -152069 -642351 428434 61.181 54.2254 -23.277
1010000 FRAC0_S 0 1 -239.601 14041.9 8500 -132904 -901842 252505 80.9547 63.725 -14.0306
1010000 FRAC0_S 0 1 68.2213 14014.7 8500 -148925 -1.12734e+06 82528 114.156 67.969 -4.61568
1010000 FRAC0_S 0 1 369.366 14084 8500 -5.2023e+06 -1.7918e+06 -286336 296.996 30.2156 3.01666
1010000 FRAC0_S 0 1 634.354 14243 8500 -267834 -724809 -602562 95.1034 49.16 24.7547
1010000 FRAC0_S 0 1 837.248 14476 8500 -6.81717e+06 -1.16975e+06 -1.19448e+06 311.691 16.7003 9.58909
1010000 FRAC0_S 0 1 958.186 14760.4 8500 -105279 -375501 -512722 47.5282 42.9143 31.4649
1010000 FRAC0_S 0 1 985.33 15068.2 8500 -192166 -88402.3 -721375 69.9071 11.8074 39.0521
1010000 FRAC0_S 0 1 916.022 15369.3 8500 -166578 190627 -667350 62.4704 -23.6249 36.805
Step FractureNumber TipNr TipActive TipX TipY TipZ KI KII KIII G Phi Psi Extension
1010101 FRAC0_S 0 1 822.379 15685.2 8455.98 859258 1.32882e+06 -1.5948e+06 561.41 -40.5407 27.0183
1010101 FRAC0_S 0 1 562.164 15897.6 8441.48 3.38598e+06 4.04382e+06 -2.20684e+06 3126.54 -46.4219 16.1318
1010101 FRAC0_S 0 1 257.14 16023.8 8436.3 2.12298e+06 2.24513e+06 -603809 899.278 -48.9451 8.98593
1010101 FRAC0_S 0 1 -73.2652 16050.1 8447.22 1.64708e+06 2.1736e+06 -13393.8 662.774 -56.8707 0.27208
1010101 FRAC0_S 0 1 -401.463 15987.1 8468.04 472348 845072 165955 87.1822 -57.0387 -8.31334
1010101 FRAC0_S 0 1 -689.795 15823.6 8466.46 457787 1.44418e+06 789475 287.422 -54.9671 -20.0402
1010101 FRAC0_S 0 1 -915.153 15570.9 8473.89 390640 1.03864e+06 1.02937e+06 250.654 -46.6499 -26.8721
1010101 FRAC0_S 0 1 -1051.35 15262.7 8492.32 -37029.5 538394 951539 146.252 -40.6604 -35.7916
1010101 FRAC0_S 0 1 -1080.94 14925.3 8486.31 -1.00667e+07 900458 1.17021e+06 254.382 -10.0011 -7.21351
1010101 FRAC0_S 0 1 -1004.67 14594.8 8480.4 1.27379e+07 -1.92196e+06 -1.00255e+06 14921.3 16.1256 4.85755
1010101 FRAC0_S 0 1 -825.348 14312.3 8507.46 249599 -228210 565852 52.7774 27.2659 -32.5894
1010101 FRAC0_S 0 1 -561.105 14111.4 8559.22 4.18607e+06 1.74224e+06 -34197.5 1832.13 -34.9313 0.446278
1010101 FRAC0_S 0 1 -252.076 13998.6 8588.29 3.74086e+06 -1.18524e+06 697550 1436.91 26.397 -9.16728
1010101 FRAC0_S 0 1 74.9113 13965.2 8581.34 1.66679e+06 467546 174222 271.081 -25.4826 -5.69853
1010101 FRAC0_S 0 1 396.672 14022 8567.25 3.38365e+06 -4.07488e+06 -1.53736e+06 2814.21 49.0532 12.3661
1010101 FRAC0_S 0 1 683.732 14185.1 8557.6 1.37347e+06 -1.79845e+06 -1.22174e+06 654.838 45.5775 19.1377
1010101 FRAC0_S 0 1 906.107 14433.6 8550.31 1.68886e+06 -1.78792e+06 -2.55491e+06 1407.18 35.3484 27.1184
1010101 FRAC0_S 0 1 1038.42 14740.5 8546.35 559300 -539228 -1.7625e+06 466.936 23.8997 35.5273
1010101 FRAC0_S 0 1 1073.16 15075.7 8517.24 -8.85155e+06 -1.58324e+06 -2.60672e+06 1127.1 15.9643 14.2721
1010101 FRAC0_S 0 1 1001.44 15403.7 8478.67 208811 623945 -1.52412e+06 347.529 -32.1568 36.6402