
Step FractureNumber TipNr TipActive TipX TipY TipZ KI KII KIII G Phi Psi Extension
1010000 FRAC0_S 0 1 757.049 15634.3 8500 -1.07678e+07 -2.3805e+06 2.01471e+06 1044.82 20.2539 -9.78129
1010000 FRAC0_S 0 1 523.97 15837.2 8500 137789 -3.55107e+06 1.62778e+06 1477.78 62.2804 -20.7877
1010000 FRAC0_S 0 1 239.601 15958.1 8500 -1.29623e+07 -3.55973e+06 787043 1211.56 25.8313 -3.47842
1010000 FRAC0_S 0 1 -68.2213 15985.3 8500 -223999 -4.26327e+06 -213848 1625.7 69.3928 3.47984
1010000 FRAC0_S 0 1 -369.366 15916 8500 7.93748e+06 -3.06734e+06 -637044 6506.62 32.0272 4.16936
1010000 FRAC0_S 0 1 -634.354 15757 8500 -2.18733e+06 -3.15409e+06 -1.3931e+06 1144.61 50.2142 14.723
1010000 FRAC0_S 0 1 -837.248 15524 8500 -8.59246e+06 -2.12945e+06 -2.51366e+06 1244.43 20.7124 13.6233
1010000 FRAC0_S 0 1 -958.186 15239.6 8500 4.12584e+06 -1.10357e+06 -2.22166e+06 2281.86 19.1997 20.3232
1010000 FRAC0_S 0 1 -985.33 14931.8 8500 -136900 317304 -2.96311e+06 1176.71 -12.3958 42.8221
1010000 FRAC0_S 0 1 -916.022 14630.7 8500 3.31686e+06 1.40415e+06 -2.1225e+06 1755.21 -25.7782 21.0172
1010000 FRAC0_S 0 1 -757.049 14365.7 8500 1.23221e+07 1.8084e+06 -1.70883e+06 14209.7 -15.0716 8.03097
1010000 FRAC0_S 0 1 -523.97 14162.8 8500 -80601.2 2.44062e+06 -1.10262e+06 692.493 -62.5374 20.6778
1010000 FRAC0_S 0 1 -239.601 14041.9 8500 -38057.6 3.10141e+06 -605021 905.811 -67.9354 11.7414
1010000 FRAC0_S 0 1 68.2213 14014.7 8500 -71127.9 3.72063e+06 123993 1235.6 -69.8262 -2.4368
1010000 FRAC0_S 0 1 369.366 14084 8500 -4.23792e+06 3.43842e+06 980970 1181.51 -44.5617 -8.41457
1010000 FRAC0_S 0 1 634.354 14243 8500 -1.12874e+06 3.2337e+06 1.51979e+06 1239 -55.8086 -17.9499
1010000 FRAC0_S 0 1 837.248 14476 8500 -6.08541e+06 2.11407e+06 2.12684e+06 999.88 -25.7278 -14.6652
1010000 FRAC0_S 0 1 958.186 14760.4 8500 -66269.3 735640 1.92017e+06 538.602 -32.7225 -38.6009
1010000 FRAC0_S 0 1 985.33 15068.2 8500 -151430 -196166 2.61957e+06 916.093 8.94974 -43.1414
1010000 FRAC0_S 0 1 916.022 15369.3 8500 -154061 -1.34338e+06 2.44456e+06 955.606 39.5806 -35.6797
Step FractureNumber TipNr TipActive TipX TipY TipZ KI KII KIII G Phi Psi Extension
1010101 FRAC0_S 0 1 817.042 15681.5 8555.37 1.3646e+06 -1.82862e+06 2.25234e+06 1138.62 39.1188 -26.6162
1010101 FRAC0_S 0 1 559.743 15893.8 8563.81 1.59087e+06 -1.07846e+06 944655 447.854 35.5443 -18.1336
1010101 FRAC0_S 0 1 256.08 16020.5 8567.32 1.34869e+06 -784487 298237 228.758 37.8834 -9.07095
1010101 FRAC0_S 0 1 -71.9044 16044.4 8570.95 1.7639e+06 -976527 -59949.2 362.705 40.3078 1.65467
1010101 FRAC0_S 0 1 -396.101 15976.4 8569.13 1.41332e+06 -803041 -322281 249.274 37.2814 9.37029
1010101 FRAC0_S 0 1 -682.653 15813.7 8560.52 -1.1932e+06 -474328 -14648.1 20.0772 33.9106 0.676706
1010101 FRAC0_S 0 1 -905.152 15573.9 8545.69 -4.82863e+06 -1.07812e+06 17045.1 103.616 23.1611 -0.224163
1010101 FRAC0_S 0 1 -1048.18 15261.8 8519.92 509791 -729158 -2.04041e+06 624.252 27.668 35.7561
1010101 FRAC0_S 0 1 -1077.83 14925.7 8486.61 383182 73471.9 -2.51699e+06 856.154 -3.41634 42.379
1010101 FRAC0_S 0 1 -1000.64 14596.6 8466.38 952776 -1.63766e+06 3.15438e+06 1643.25 34.221 -32.8792
1010101 FRAC0_S 0 1 -821.049 14316.4 8453.94 665330 749404 -764126 167.148 -39.8713 23.2959
1010101 FRAC0_S 0 1 -553.4 14116.8 8425.56 392791 249996 -145126 22.1187 -37.3734 13.2473
1010101 FRAC0_S 0 1 -249.678 14005.2 8408.02 1.38764e+06 139541 -373547 191.879 -9.90075 14.0546
1010101 FRAC0_S 0 1 73.7956 13971.8 8412.36 -348859 -864108 24664 66.6178 63.624 -1.54131
1010101 FRAC0_S 0 1 392.307 14031.5 8420.77 6.47672e+06 -3.7911e+06 555302 5059.72 40.4503 -3.91508
1010101 FRAC0_S 0 1 678.154 14192.9 8430.25 1.4208e+06 1.0036e+06 1.09946e+06 430.412 -34.1944 -21.1239
1010101 FRAC0_S 0 1 904.858 14436.2 8444.11 1.13561e+07 -4.20472e+06 2.9159e+06 14198 28.2345 -11.4877
1010101 FRAC0_S 0 1 1042.72 14739.9 8466.01 -4.28833e+06 2.55609e+06 3.38349e+06 2104.79 -30.6159 -22.1918
1010101 FRAC0_S 0 1 1072.88 15073.8 8510.2 666530 10160.4 2.04181e+06 594.072 -0.522272 -39.9682
1010101 FRAC0_S 0 1 994.377 15400.6 8544.4 491915 -469681 1.79843e+06 471.388 21.7971 -36.8135