
Step FractureNumber TipNr TipActive TipX TipY TipZ KI KII KIII G Phi Psi Extension
1010000 FRAC0_S 0 1 30000 -14017.8 8603.45 4.09113e+06 6.55508e+06 2.33966e+06 6048.49 -52.8334 -12.982
1010000 FRAC0_S 0 1 30000 -14097.8 8901.92 1.25194e+06 3.85493e+06 2.51071e+06 2302.27 -52.9215 -22.1235
1010000 FRAC0_S 0 1 30000 -14266.1 9161.05 2.22512e+06 4.58284e+06 5.15037e+06 5840.73 -43.372 -27.4727
1010000 FRAC0_S 0 1 30000 -14506.3 9355.47 595848 1.8936e+06 5.281e+06 4060.39 -29.9599 -37.7684
1010000 FRAC0_S 0 1 30000 -14794.9 9466.15 -3.28528e+06 -2.06549e+06 6.37469e+06 5784.84 22.4894 -32.6519
1010000 FRAC0_S 0 1 30000 -15103.5 9482.25 -106167 -2.54005e+06 4.55989e+06 3340.33 40.6508 -36.1433
1010000 FRAC0_S 0 1 30000 -15401.9 9402.21 241234 -5.05692e+06 4.28204e+06 4722.61 54.3953 -28.2708
1010000 FRAC0_S 0 1 30000 -15661 9233.85 439156 -5.75166e+06 2.53512e+06 3819.85 61.8673 -19.8757
1010000 FRAC0_S 0 1 30000 -15855.5 8993.66 1.63618e+06 -7.24857e+06 1.18177e+06 5106.29 64.5146 -8.70211
1010000 FRAC0_S 0 1 30000 -15966.1 8705.15 2.77861e+06 -6.96936e+06 -572208 5059.79 62.6205 4.2233
1010000 FRAC0_S 0 1 30000 -15982.2 8396.55 3.69238e+06 -5.6058e+06 -1.82683e+06 4459.05 52.7713 11.9185
1010000 FRAC0_S 0 1 30000 -15902.2 8098.08 5.00574e+06 -3.93409e+06 -2.74673e+06 4615.45 39.1962 16.5097
1010000 FRAC0_S 0 1 30000 -15733.9 7838.95 6.44992e+06 -2.1638e+06 -3.34671e+06 5613.99 23.0368 19.2418
1010000 FRAC0_S 0 1 30000 -15493.7 7644.53 6.6108e+06 -379451 -3.23806e+06 5301.69 5.09739 21.3858
1010000 FRAC0_S 0 1 30000 -15205.1 7533.85 288368 -1.26702e+06 -3.77425e+06 2045.04 29.3263 38.6874
1010000 FRAC0_S 0 1 30000 -14896.5 7517.75 7.22691e+06 3.20686e+06 -3.05417e+06 6811.08 -29.3291 15.9701
1010000 FRAC0_S 0 1 30000 -14598.1 7597.79 6.59956e+06 3.83884e+06 -2.09485e+06 5777.97 -36.3139 12.1153
1010000 FRAC0_S 0 1 30000 -14339 7766.15 5.16248e+06 2.4942e+06 -2.07963e+06 3504.45 -31.2707 15.1549
1010000 FRAC0_S 0 1 30000 -14144.5 8006.34 4.59124e+06 4.63079e+06 -209428 3795.12 -51.8639 1.71574
1010000 FRAC0_S 0 1 30000 -14033.9 8294.85 4.24062e+06 6.64902e+06 980342 5669.78 -56.4575 -6.21693
Step FractureNumber TipNr TipActive TipX TipY TipZ KI KII KIII G Phi Psi Extension
1010101 FRAC0_S 0 1 29919.4 -13960.4 8609.88 6.55791e+06 196459 1.88083e+06 4306.21 -3.1489 -15.4236
1010101 FRAC0_S 0 1 29923 -14041.8 8927.94 6.45654e+06 1.84221e+06 2.84321e+06 5092.28 -21.234 -17.7552
1010101 FRAC0_S 0 1 29933.3 -14214.6 9210.27 4.2313e+06 1.41778e+06 4.03808e+06 3943.24 -18.9905 -26.78
1010101 FRAC0_S 0 1 29967.4 -14466.4 9427.75 2.36488e+06 1.18586e+06 4.36166e+06 3153.88 -19.41 -32.9693
1010101 FRAC0_S 0 1 30022.9 -14776.5 9548.96 1.72615e+06 -255579 5.14225e+06 3788.22 4.93253 -39.1083
1010101 FRAC0_S 0 1 30062.4 -15108.6 9555.88 2.25953e+06 -3.29115e+06 5.52615e+06 5481.76 35.4172 -30.7001
1010101 FRAC0_S 0 1 30078.9 -15423.6 9456.43 4.48589e+06 -2.03414e+06 3.62413e+06 3908.75 25.2586 -23.6545
1010101 FRAC0_S 0 1 30086.9 -15692.1 9270.04 5.56986e+06 -1.46702e+06 2.22211e+06 3612.99 20.4247 -16.8189
1010101 FRAC0_S 0 1 30089.3 -15893.3 9015.56 4.60538e+06 -3.619e+06 3.33601e+06 4537.22 36.9672 -19.7606
1010101 FRAC0_S 0 1 30086.8 -16013 8713.71 7.88988e+06 -156138 -393237 5569.86 2.56624 3.56285
1010101 FRAC0_S 0 1 30077.8 -16041.2 8387.88 6.6254e+06 317536 -1.20806e+06 4114.65 -5.34771 10.8355
1010101 FRAC0_S 0 1 30061.3 -15969.7 8065.33 7.16273e+06 415758 -2.23112e+06 5249.23 -5.80784 16.0334
1010101 FRAC0_S 0 1 30037.6 -15798.1 7778.7 4.39089e+06 -1.19055e+06 -4.29905e+06 4302.42 15.8529 27.6908
1010101 FRAC0_S 0 1 30026.4 -15540.2 7564.68 6.31686e+06 1.21295e+06 -2.79518e+06 4725.97 -15.4807 18.6976
1010101 FRAC0_S 0 1 30014.5 -15224.3 7447.97 3.30189e+06 125980 -3.56195e+06 2660.36 -2.50053 31.1786
1010101 FRAC0_S 0 1 29973 -14888.3 7434.68 8.72075e+06 155856 -1.55669e+06 7101.4 -2.07574 10.9033
1010101 FRAC0_S 0 1 29945.2 -14565.1 7523.44 8.64894e+06 -719090 -1.63348e+06 7066.75 8.85174 10.8538
1010101 FRAC0_S 0 1 29939.5 -14288.8 7708.28 8.90933e+06 420319 -583735 7134.27 -5.81004 4.47849
1010101 FRAC0_S 0 1 29926.8 -14090 7972.16 8.538e+06 -130569 1.16772e+06 6678.76 1.84606 -8.79471
1010101 FRAC0_S 0 1 29918.8 -13978.5 8282.98 7.61896e+06 -2235.41 1.13423e+06 5343.8 0.0357399 -9.55077