
Step FractureNumber TipNr TipActive TipX TipY TipZ KI KII KIII G Phi Psi Extension
1010000 FRAC0_S 0 1 -30000 -29019.2 8617.02 -5.63117e+06 -5.40934e+06 3.58776e+06 4319.42 42.1982 -17.1454
1010000 FRAC0_S 0 1 -30000 -29103.5 8914.36 -5.58909e+06 -6.06462e+06 1.28885e+06 3498.36 50.2314 -7.44019
1010000 FRAC0_S 0 1 -30000 -29275.4 9171.13 -7.72969e+06 -8.59189e+06 -388985 6598.27 53.4771 1.79779
1010000 FRAC0_S 0 1 -30000 -29518.2 9362.22 -8.31241e+06 -7.98333e+06 -2.46115e+06 6484.92 46.9062 9.66647
1010000 FRAC0_S 0 1 -30000 -29808.3 9468.89 -7.18021e+06 -5.14001e+06 -3.61551e+06 4092.83 37.8739 15.998
1010000 FRAC0_S 0 1 -30000 -30117.1 9480.74 -7.43582e+06 -3.30796e+06 -4.87819e+06 4140.06 26.5064 21.1388
1010000 FRAC0_S 0 1 -30000 -30414.4 9396.57 -8.78134e+06 -1.18345e+06 -6.23919e+06 5302.17 9.85143 25.1407
1010000 FRAC0_S 0 1 -30000 -30671.2 9224.65 -5.75154e+06 -134764 -4.68983e+06 2926.89 1.77255 28.099
1010000 FRAC0_S 0 1 -30000 -30862.2 8981.79 -6.20774e+06 2.34148e+06 -5.10979e+06 3961.17 -21.9423 24.5613
1010000 FRAC0_S 0 1 -30000 -30968.9 8691.77 -4.90686e+06 3.43599e+06 -4.00293e+06 3183.16 -33.5418 21.8211
1010000 FRAC0_S 0 1 -30000 -30980.8 8382.98 -4.14321e+06 4.50958e+06 -3.24276e+06 3210.72 -43.0136 18.8107
1010000 FRAC0_S 0 1 -30000 -30896.5 8085.64 -3.47674e+06 5.39411e+06 -2.46448e+06 3400.58 -50.7699 15.3985
1010000 FRAC0_S 0 1 -30000 -30724.6 7828.87 -1.73674e+06 4.12292e+06 -1.2396e+06 1719.1 -57.6963 12.6134
1010000 FRAC0_S 0 1 -30000 -30481.8 7637.78 -2.14928e+06 6.56965e+06 -583716 3891.33 -63.9583 4.76436
1010000 FRAC0_S 0 1 -30000 -30191.7 7531.11 -220220 4.55317e+06 -509682 1881.92 -68.6639 7.21788
1010000 FRAC0_S 0 1 -30000 -29882.9 7519.26 -1.67765e+06 5.34296e+06 1.65511e+06 2908.18 -59.6702 -13.6794
1010000 FRAC0_S 0 1 -30000 -29585.6 7603.43 -2.77478e+06 3.44043e+06 3.3211e+06 2521.71 -41.3971 -23.1618
1010000 FRAC0_S 0 1 -30000 -29328.8 7775.35 -2.09685e+06 2.08158e+06 3.33952e+06 1869.38 -33.397 -28.1365
1010000 FRAC0_S 0 1 -30000 -29137.8 8018.21 -3.18385e+06 496122 4.85599e+06 3158.15 -7.90054 -33.6933
1010000 FRAC0_S 0 1 -30000 -29031.1 8308.23 -4.98697e+06 -3.55865e+06 4.21357e+06 3489.8 33.6019 -22.1597
Step FractureNumber TipNr TipActive TipX TipY TipZ KI KII KIII G Phi Psi Extension
1010101 FRAC0_S 0 1 -29933.3 -28947.5 8624.08 -298554 -5.17656e+06 2.52485e+06 3235.72 61.281 -21.3303
1010101 FRAC0_S 0 1 -29924.7 -29045.1 8940.08 1.20557e+06 -7.59809e+06 1.90174e+06 5754.92 64.1026 -12.8148
1010101 FRAC0_S 0 1 -29922.3 -29230.7 9212.97 1.58596e+06 -9.55931e+06 25028.1 8367.13 68.544 -0.174601
1010101 FRAC0_S 0 1 -29928.1 -29486.8 9421.5 245675 -1.03778e+07 -2.12186e+06 10201.3 67.5846 12.0709
1010101 FRAC0_S 0 1 -29939.9 -29794.9 9544.73 -3.28311e+06 -1.101e+07 -4.9135e+06 14012.9 57.2514 17.7945
1010101 FRAC0_S 0 1 -29958.1 -30128.8 9566.87 -5.24994e+06 -7.08384e+06 -5.53771e+06 8550.22 44.4947 21.0008
1010101 FRAC0_S 0 1 -29979.5 -30454.6 9481.83 -7.26598e+06 -3.12558e+06 -6.07723e+06 5782.59 24.049 24.2895
1010101 FRAC0_S 0 1 -30003.5 -30735.7 9294.97 -4.35236e+06 23745.5 -4.56089e+06 2766.67 -0.371485 31.2117
1010101 FRAC0_S 0 1 -30031.7 -30940.2 9026.78 -4.63294e+06 4.89422e+06 -5.47743e+06 6124.79 -38.2178 24.0763
1010101 FRAC0_S 0 1 -30054 -31048.2 8709 -1.73799e+06 4.59658e+06 -3.77372e+06 3776.82 -49.1879 24.5203
1010101 FRAC0_S 0 1 -30067.3 -31051.8 8376.06 246789 5.23698e+06 -3.36539e+06 3955.7 -58.3364 24.891
1010101 FRAC0_S 0 1 -30076.9 -30953.2 8061.14 1.77482e+06 4.20555e+06 -2.19475e+06 2497.4 -53.4957 18.562
1010101 FRAC0_S 0 1 -30084.1 -30763.9 7794.5 3.00674e+06 3.78858e+06 -1.56668e+06 2411.07 -49.0608 13.4555
1010101 FRAC0_S 0 1 -30089.4 -30504.1 7600.62 3.42689e+06 2.51829e+06 -895630 1718.27 -42.0516 9.64645
1010101 FRAC0_S 0 1 -30090.6 -30199.2 7491.14 4.24266e+06 2.56806e+06 -177015 2195.84 -41.997 1.95473
1010101 FRAC0_S 0 1 -30082.9 -29873.8 7468.26 3.97429e+06 2.61973e+06 515479 2054.4 -42.083 -5.48195
1010101 FRAC0_S 0 1 -30068.4 -29554.2 7541.54 3.08765e+06 3.21354e+06 1.80835e+06 2204.69 -44.4854 -15.7523
1010101 FRAC0_S 0 1 -30047.5 -29271 7715.63 984316 4.08395e+06 3.97846e+06 3677.71 -48.9348 -27.9198
1010101 FRAC0_S 0 1 -30006.8 -29059.9 7974.7 -1.45572e+06 944282 4.60997e+06 2905.95 -17.5886 -37.0234
1010101 FRAC0_S 0 1 -29958.9 -28950.2 8290.26 -1.12055e+06 -2.42425e+06 3.52523e+06 2176.52 39.7746 -30.6876