
Step FractureNumber TipNr TipActive TipX TipY TipZ KI KII KIII G Phi Psi Extension
1010000 FRAC0_S 0 1 -29574.6 -44108.7 8500 90842.4 296649 26714.1 8.67203 -64.3616 -4.89332
1010000 FRAC0_S 0 1 -29870.8 -44020.8 8500 74734.6 216790 74546.2 5.4248 -58.3594 -14.5153
1010000 FRAC0_S 0 1 -30179.8 -44028.8 8500 91141.2 126501 64766.7 2.7241 -48.6658 -16.1526
1010000 FRAC0_S 0 1 -30471 -44131.9 8500 73532.9 108440 146845 4.39763 -38.5569 -28.2522
1010000 FRAC0_S 0 1 -30716.2 -44320 8500 62555.3 34495.5 147601 3.3523 -18.3481 -35.0468
1010000 FRAC0_S 0 1 -30891.3 -44574.6 8500 78033.6 49105.6 137094 3.25718 -23.6003 -31.5859
1010000 FRAC0_S 0 1 -30979.2 -44870.8 8500 72961.3 -116878 157484 4.99018 39.1847 -28.5824
1010000 FRAC0_S 0 1 -30971.2 -45179.8 8500 54550.6 -136371 95439.3 3.13381 50.7959 -22.3305
1010000 FRAC0_S 0 1 -30868.1 -45471 8500 69750.7 -225147 81772 5.83996 58.6726 -15.3779
1010000 FRAC0_S 0 1 -30680 -45716.2 8500 50931 -181277 22651.3 3.22767 64.165 -6.67177
1010000 FRAC0_S 0 1 -30425.4 -45891.3 8500 69826.4 -250633 -22870.4 6.10168 64.8973 5.04941
1010000 FRAC0_S 0 1 -30129.2 -45979.2 8500 70662.7 -228182 -71476.4 5.76413 59.6874 13.8256
1010000 FRAC0_S 0 1 -29820.2 -45971.2 8500 71198.3 -185474 -114903 5.27311 52.4409 20.9644
1010000 FRAC0_S 0 1 -29529 -45868.1 8500 71601.3 -142400 -161897 5.74982 42.9899 27.4728
1010000 FRAC0_S 0 1 -29283.8 -45680 8500 78051.7 -56225.9 -177646 5.02182 22.9613 33.7188
1010000 FRAC0_S 0 1 -29108.7 -45425.4 8500 77843.4 33169.4 -190096 5.44417 -14.5726 36.0903
1010000 FRAC0_S 0 1 -29020.8 -45129.2 8500 69037.4 110755 -323957 15.4759 -27.3969 36.5134
1010000 FRAC0_S 0 1 -29028.8 -44820.2 8500 87606.7 196171 -147894 7.02222 -49.1659 22.8498
1010000 FRAC0_S 0 1 -29131.9 -44529 8500 89437.3 258806 -98458.6 7.97073 -57.615 15.589
1010000 FRAC0_S 0 1 -29320 -44283.8 8500 95768.4 288827 -38925.6 8.45245 -62.9198 6.89017
Step FractureNumber TipNr TipActive TipX TipY TipZ KI KII KIII G Phi Psi Extension
1010101 FRAC0_S 0 1 -29555.7 -44067.8 8411.38 520148 136619 4954.7 25.7755 -25.9206 -0.582183
1010101 FRAC0_S 0 1 -29865.8 -43968.8 8416.12 506825 171025 120060 27.4134 -26.7919 -10.9893
1010101 FRAC0_S 0 1 -30193.4 -43966.1 8425.59 467402 177828 211761 28.2494 -26.0363 -17.2588
1010101 FRAC0_S 0 1 -30509.9 -44064.9 8442.19 396509 259712 391382 40.3932 -30.4053 -24.5346
1010101 FRAC0_S 0 1 -30780.7 -44260.2 8458.67 181338 84288.5 243192 11.4292 -21.2708 -29.7419
1010101 FRAC0_S 0 1 -30969.1 -44535.9 8487.91 129359 -29538.1 220829 8.05468 10.4667 -34.2002
1010101 FRAC0_S 0 1 -31053.8 -44858.7 8540.95 227707 -103322 194504 10.6033 24.8189 -24.3481
1010101 FRAC0_S 0 1 -31032.9 -45189.1 8575.9 383201 -170580 243896 23.5896 26.7374 -20.764
1010101 FRAC0_S 0 1 -30914.1 -45494.2 8584.58 444328 -152347 166926 23.3669 25.1452 -15.4741
1010101 FRAC0_S 0 1 -30711.1 -45747.8 8588.99 509528 -132213 72403.2 25.3895 23.5197 -7.5688
1010101 FRAC0_S 0 1 -30443.8 -45930.9 8589.36 790340 -286363 13812.7 62.9941 31.9363 -0.982672
1010101 FRAC0_S 0 1 -30134.2 -46028.8 8585.62 581597 -208284 -73882.8 34.7337 29.6887 6.43036
1010101 FRAC0_S 0 1 -29807.6 -46029.8 8578.26 493576 -192373 -175738 29.1141 27.7663 14.5352
1010101 FRAC0_S 0 1 -29492.1 -45931.1 8563.67 334732 -199414 -249061 21.7782 31.1078 21.467
1010101 FRAC0_S 0 1 -29219.8 -45738.3 8530.27 208529 -114857 -292451 16.4256 23.6758 29.599
1010101 FRAC0_S 0 1 -29026.3 -45465 8485.67 134291 19017.9 -242222 9.44253 -6.56965 35.3909
1010101 FRAC0_S 0 1 -28938.9 -45142.4 8451.78 361972 193064 -348171 31.1196 -26.7272 25.164
1010101 FRAC0_S 0 1 -28962.9 -44810.8 8429.56 352830 228239 -248753 23.965 -33.2109 20.4164
1010101 FRAC0_S 0 1 -29084.4 -44504.9 8416.6 651879 74270.3 -241861 46.1386 -10.3294 17.4285
1010101 FRAC0_S 0 1 -29287.9 -44251.1 8411.83 515573 134624 -109406 26.8937 -22.6135 10.5498