
Step FractureNumber TipNr TipActive TipX TipY TipZ KI KII KIII G Phi Psi Extension
1010000 FRAC0_S 0 1 -29195.9 44544.7 8151.2 2.45581e+06 -2.06331e+06 -2.24344e+06 1586.17 36.1987 22.2443
1010000 FRAC0_S 0 1 -29216.3 44772.7 7943.58 2.48612e+06 -919796 -2.55309e+06 1493.09 19.9418 27.3609
1010000 FRAC0_S 0 1 -29313.3 45022.9 7790.43 1.76647e+06 198972 -1.84926e+06 736.415 -7.11188 30.0571
1010000 FRAC0_S 0 1 -29477.6 45270.9 7706.74 2.63511e+06 1.51913e+06 -2.62069e+06 1737.86 -27.8725 25.2343
1010000 FRAC0_S 0 1 -29693 45492.3 7700.69 2.45191e+06 2.42803e+06 -1.98215e+06 1583.6 -40.7727 19.7773
1010000 FRAC0_S 0 1 -29969.8 45683.3 7786.45 2.48323e+06 3.3923e+06 -1.44187e+06 1851.45 -49.8588 14.0883
1010000 FRAC0_S 0 1 -30190 45773.7 7916.26 2.4663e+06 3.69642e+06 -670017 1819.29 -55.2515 7.33135
1010000 FRAC0_S 0 1 -30422.9 45806.1 8116.78 2.4875e+06 3.90736e+06 140696 1914.5 -58.68 -1.66388
1010000 FRAC0_S 0 1 -30614.4 45759.6 8354.8 1.8233e+06 2.62721e+06 662209 969.621 -53.4566 -9.54911
1010000 FRAC0_S 0 1 -30745.8 45638.7 8607.04 2.49606e+06 3.15542e+06 1.6907e+06 1822.6 -47.2383 -16.2114
1010000 FRAC0_S 0 1 -30804.1 45455.3 8848.8 2.66872e+06 2.42781e+06 2.41933e+06 1938.36 -37.9193 -21.6885
1010000 FRAC0_S 0 1 -30783.7 45227.3 9056.42 2.53245e+06 1.09652e+06 2.68509e+06 1637.52 -22.2017 -27.2021
1010000 FRAC0_S 0 1 -30686.7 44977.1 9209.57 1.74543e+06 310333 2.14117e+06 889.809 -9.96928 -31.2045
1010000 FRAC0_S 0 1 -30513.3 44717.8 9295.42 2.97157e+06 -1.623e+06 3.01353e+06 2229.41 26.68 -25.718
1010000 FRAC0_S 0 1 -30307 44507.7 9299.31 2.54632e+06 -2.66528e+06 2.23758e+06 1876.68 41.1301 -20.4521
1010000 FRAC0_S 0 1 -30061.5 44334.4 9227.11 2.89775e+06 -3.87954e+06 1.68876e+06 2468.74 49.4553 -14.2459
1010000 FRAC0_S 0 1 -29810 44226.3 9083.74 2.54644e+06 -4.03777e+06 691834 2094.3 56.1345 -7.11818
1010000 FRAC0_S 0 1 -29577.1 44193.9 8883.22 2.51822e+06 -4.06047e+06 -174947 2038.35 58.8686 1.99837
1010000 FRAC0_S 0 1 -29385.6 44240.4 8645.2 2.51081e+06 -3.71456e+06 -1.02092e+06 1929.92 53.3719 10.3343
1010000 FRAC0_S 0 1 -29254.2 44361.3 8392.96 2.50264e+06 -3.06433e+06 -1.74584e+06 1800.24 46.3736 16.7406
Step FractureNumber TipNr TipActive TipX TipY TipZ KI KII KIII G Phi Psi Extension
1010101 FRAC0_S 0 1 -29099 44542 8154.26 3.9772e+06 -258064 -2.5309e+06 2267.41 5.23782 24.5589
1010101 FRAC0_S 0 1 -29128.7 44769.7 7908.74 3.55041e+06 -141068 -2.77188e+06 2146.93 3.02226 27.3817
1010101 FRAC0_S 0 1 -29253.9 45019.3 7718.4 3.30171e+06 43444 -2.68846e+06 1932.89 -1.00442 28.2034
1010101 FRAC0_S 0 1 -29455.8 45268.3 7613.39 2.86289e+06 120539 -2.10797e+06 1322.64 -3.27527 26.6372
1010101 FRAC0_S 0 1 -29707.6 45493.3 7604.13 4.29317e+06 346760 -2.25154e+06 2327.36 -6.86719 21.9612
1010101 FRAC0_S 0 1 -29976.7 45664.6 7682.06 5.7979e+06 536470 -1.88886e+06 3495.66 -8.83544 16.1753
1010101 FRAC0_S 0 1 -30247.1 45770.4 7835.43 5.34589e+06 267816 -728437 2623.6 -5.78709 8.52347
1010101 FRAC0_S 0 1 -30494.1 45801.8 8047.96 5.53587e+06 99180.7 177531 2735.92 -2.36846 -2.35153
1010101 FRAC0_S 0 1 -30697.4 45757.9 8301.1 4.81131e+06 188314 1.03774e+06 2209.17 -4.2987 -12.4321
1010101 FRAC0_S 0 1 -30838.3 45639.5 8573.83 4.81644e+06 409708 2.12018e+06 2679.99 -7.59013 -19.7625
1010101 FRAC0_S 0 1 -30901.2 45456 8843.81 4.28139e+06 272688 2.61709e+06 2550.98 -5.22236 -24.0707
1010101 FRAC0_S 0 1 -30875.9 45224.3 9084.87 3.72722e+06 -40398 3.20489e+06 2604.16 0.808797 -28.8804
1010101 FRAC0_S 0 1 -30755.1 44971.2 9271.96 3.68296e+06 -491598 3.0949e+06 2504.17 9.1474 -27.2263
1010101 FRAC0_S 0 1 -30549.1 44726.8 9382.03 4.84053e+06 -4040.09 3.16501e+06 3420.22 0.0705992 -25.6691
1010101 FRAC0_S 0 1 -30295.1 44508.2 9396.13 4.45515e+06 -536343 2.37717e+06 2545.89 9.81933 -21.7288
1010101 FRAC0_S 0 1 -30023.2 44335.5 9317.93 5.51414e+06 -540199 1.80149e+06 3167.1 9.29597 -16.1515
1010101 FRAC0_S 0 1 -29752.9 44230.2 9164.48 6.84921e+06 -237620 998792 4318.01 4.05386 -9.13156
1010101 FRAC0_S 0 1 -29505.9 44198.6 8951.96 6.53531e+06 -4680.13 68696.2 3806.54 0.0991099 -0.807232
1010101 FRAC0_S 0 1 -29302.5 44241.7 8698.7 5.46837e+06 -270375 -1.18655e+06 2858.43 5.35914 12.3954
1010101 FRAC0_S 0 1 -29161.5 44359.2 8425.29 4.55838e+06 -417394 -1.9452e+06 2370.37 8.18861 19.3158