
Step FractureNumber TipNr TipActive TipX TipY TipZ KI KII KIII G Phi Psi Extension
1010000 FRAC0_S 0 1 -29408.9 179.47 7729.37 -4.97483e+06 -2.60341e+06 -6.48214e+06 6192.38 23.5224 28.9458
1010000 FRAC0_S 0 1 -29607.2 413.642 7693.64 -7.1313e+06 133979 -9.05272e+06 10901.2 -1.14475 33.1156
1010000 FRAC0_S 0 1 -29844.1 607.323 7736.85 -5.72717e+06 3.12375e+06 -6.85315e+06 7115.96 -25.0782 27.7542
1010000 FRAC0_S 0 1 -30096.3 741.556 7854.75 -7.9713e+06 7.02648e+06 -7.01237e+06 10939.5 -37.5594 21.501
1010000 FRAC0_S 0 1 -30339 803.199 8035.82 2.76714e+06 910960 407242 778.329 -27.737 -7.4474
1010000 FRAC0_S 0 1 -30548.6 786.22 8262.31 1.21409e+07 -3.48919e+06 -9.9178e+06 27302 17.8148 25.3068
1010000 FRAC0_S 0 1 -30704.4 692.281 8512.08 2.95356e+07 -1.27438e+07 -1.32781e+07 115656 28.4302 16.7569
1010000 FRAC0_S 0 1 -30791.2 530.576 8760.67 -7.40988e+06 3.63149e+06 1.12903e+06 1344.69 -35.5417 -6.95196
1010000 FRAC0_S 0 1 -30800.7 316.935 8983.74 -6.83135e+06 744352 1.12023e+06 216.275 -11.4708 -9.50047
1010000 FRAC0_S 0 1 -30731.7 72.2695 9159.46 -6.40289e+06 -1.46588e+06 291440 202.778 22.8904 -2.74366
1010000 FRAC0_S 0 1 -30591.1 -179.47 9270.63 -6.75084e+06 -2.42332e+06 -796384 607.648 29.8916 6.01961
1010000 FRAC0_S 0 1 -30392.8 -413.642 9306.36 -6.9621e+06 -2.01117e+06 -1.36969e+06 609.944 24.576 9.75058
1010000 FRAC0_S 0 1 -30155.9 -607.323 9263.15 -5.79998e+06 -1.1136e+06 -1.54193e+06 426.719 17.224 13.1265
1010000 FRAC0_S 0 1 -29903.7 -741.556 9145.25 9.06927e+06 2.00208e+07 1.34787e+07 67210.5 -50.3605 -21.3889
1010000 FRAC0_S 0 1 -29661 -803.199 8964.18 -7.60501e+06 -2.44059e+06 -426445 554.97 28.826 3.12161
1010000 FRAC0_S 0 1 -29453.9 -786.969 8740.9 -5.15809e+06 -2.45364e+06 -388696 556.567 36.3524 3.71169
1010000 FRAC0_S 0 1 -29295.6 -692.281 8487.92 -1.48237e+07 -2.03035e+07 8.80041e+06 47034.5 49.7542 -14.302
1010000 FRAC0_S 0 1 -29208.8 -530.576 8239.33 2.88311e+07 8.90018e+06 8.82842e+06 91495.8 -24.204 -13.6035
1010000 FRAC0_S 0 1 -29199.3 -316.935 8016.26 7.62643e+06 -2.46186e+07 6.98428e+06 65678 60.29 -12.8409
1010000 FRAC0_S 0 1 -29268.3 -72.2695 7840.54 -5.57407e+06 -5.18482e+06 -5.79394e+06 6860.26 36.9841 23.259
Step FractureNumber TipNr TipActive TipX TipY TipZ KI KII KIII G Phi Psi Extension
1010101 FRAC0_S 0 1 -29336.8 216.723 7679.79 -4.5358e+07 1.98055e+07 -2.00124e+07 88220.1 -28.7687 16.5047
1010101 FRAC0_S 0 1 -29571 451.732 7616.52 -5.21329e+06 6.65594e+06 -8.69256e+06 13997.3 -37.9837 27.077
1010101 FRAC0_S 0 1 -29850.3 639.194 7647.17 -2.70013e+06 1.02156e+07 -8.22e+06 18286 -51.3139 25.3439
1010101 FRAC0_S 0 1 -30134.6 772.799 7770.52 1.66879e+07 -2.1267e+07 9.12621e+06 76196.1 48.9564 -13.8796
1010101 FRAC0_S 0 1 -30387.1 855.195 7978.52 3.29241e+06 -4.33698e+06 -1.45157e+07 30666.1 24.7333 36.9489
1010101 FRAC0_S 0 1 -30589.2 866.502 8249.71 -8.16338e+06 6.43369e+06 -1.15895e+06 3867.11 -45.495 5.55882
1010101 FRAC0_S 0 1 -30755.5 762.743 8522.03 -7.67629e+06 4.18093e+06 -834784 1650.34 -38.5221 4.98749
1010101 FRAC0_S 0 1 -30872.2 562.924 8770.9 -6.41537e+06 5.47963e+06 391083 2695.99 -48.5161 -2.44941
1010101 FRAC0_S 0 1 -30882.3 336.754 9019.97 -6.70064e+06 957994 1.16831e+06 263.32 -14.3698 -9.74579
1010101 FRAC0_S 0 1 -30783.1 95.1143 9234.67 -5.54837e+06 -4.00899e+06 -416000 1455.19 44.9652 3.19605
1010101 FRAC0_S 0 1 -30617.2 -169.179 9364.38 -4.12698e+06 -4.94085e+06 -2.35723e+06 2914.37 47.4527 14.6883
1010101 FRAC0_S 0 1 -30404 -427.832 9402.31 -4.95959e+06 -8.9309e+06 -3.63891e+06 8868.64 53.1574 14.7699
1010101 FRAC0_S 0 1 -30167.4 -654.749 9332.47 -4.52928e+06 -838483 -2.77971e+06 1090.31 13.6665 22.7704
1010101 FRAC0_S 0 1 -29907.8 -808.996 9183.84 -7.32666e+06 1.08221e+06 -1.22563e+06 304.151 -14.8425 9.38851
1010101 FRAC0_S 0 1 -29621.9 -855.465 9011.4 1.74448e+07 2.62118e+07 -1.43484e+07 115723 -48.9701 17.2752
1010101 FRAC0_S 0 1 -29375 -812.321 8792.56 -4.68352e+06 -9.68266e+06 200877 8359.78 62.13 -1.06933
1010101 FRAC0_S 0 1 -29218.5 -718.528 8511.02 -5.56551e+06 -1.28979e+07 -4.05358e+06 17009.3 57.2254 12.9724
1010101 FRAC0_S 0 1 -29138.9 -558.653 8232.74 -4.46201e+06 -8.50151e+06 -2.58509e+06 7329.29 55.6208 12.056
1010101 FRAC0_S 0 1 -29118.4 -310.758 8012.61 2.49188e+07 -1.12873e+07 6.33604e+06 72025 32.2173 -10.885
1010101 FRAC0_S 0 1 -29179.3 -39.3386 7825.59 701629 -7.68891e+06 -7.16461e+06 12139.1 52.0987 28.9255