
Step FractureNumber TipNr TipActive TipX TipY TipZ KI KII KIII G Phi Psi Extension
1010000 FRAC0_S 0 1 -29354.2 -14252.7 8500 -991697 6.11928e+06 3.1939e+06 4693.5 -58.4515 -21.0053
1010000 FRAC0_S 0 1 -29616.7 -14089.7 8500 -20211.3 4.86163e+06 4.56834e+06 4881.83 -53.4968 -29.9945
1010000 FRAC0_S 0 1 -29916.8 -14015.8 8500 -553686 3.14669e+06 6.3266e+06 6205.78 -37.0412 -36.0772
1010000 FRAC0_S 0 1 -30225 -14038.2 8500 -777442 7182.83 5.10091e+06 3460.56 -0.170755 -42.8137
1010000 FRAC0_S 0 1 -30511.2 -14154.9 8500 -1.0376e+07 -3.96826e+06 5.08137e+06 4837.33 25.678 -18.1453
1010000 FRAC0_S 0 1 -30747.3 -14354.2 8500 -921740 -4.23916e+06 4.17736e+06 3922.24 49.1285 -28.2887
1010000 FRAC0_S 0 1 -30910.3 -14616.7 8500 -1.64021e+07 -7.80506e+06 2.00016e+06 5960.57 35.4861 -5.7608
1010000 FRAC0_S 0 1 -30984.2 -14916.7 8500 -1.91813e+06 -9.82089e+06 2.44042e+06 9386.75 63.386 -12.447
1010000 FRAC0_S 0 1 -30961.7 -15224.9 8500 -970158 -9.61784e+06 200488 8248.28 69.1758 -1.43812
1010000 FRAC0_S 0 1 -30845.1 -15511.1 8500 -989365 -9.2489e+06 -1.81462e+06 8060.61 66.2115 10.9953
1010000 FRAC0_S 0 1 -30661.5 -15733.8 8500 -779148 -6.79141e+06 -3.1417e+06 5422.79 60.6223 20.0374
1010000 FRAC0_S 0 1 -30383.3 -15910.3 8500 -960923 -5.64167e+06 -5.118e+06 6320.02 51.1699 27.7677
1010000 FRAC0_S 0 1 -30083.2 -15984.2 8500 -354052 -3.00294e+06 -6.14637e+06 5828.03 37.2488 36.6433
1010000 FRAC0_S 0 1 -29775 -15961.8 8500 -976761 28428.7 -6.22138e+06 5147.91 -0.549666 42.6924
1010000 FRAC0_S 0 1 -29488.8 -15845.1 8500 -940356 2.77365e+06 -5.91583e+06 5340.14 -34.5165 35.4632
1010000 FRAC0_S 0 1 -29273.8 -15670.3 8500 -630919 3.47606e+06 -3.19706e+06 2436.13 -50.773 27.819
1010000 FRAC0_S 0 1 -29089.7 -15383.3 8500 2.3177e+06 6.8085e+06 -3.66434e+06 6395.27 -54.6885 19.6376
1010000 FRAC0_S 0 1 -29015.8 -15083.3 8500 -4.68789e+06 7.24533e+06 -1.20542e+06 4871.07 -55.9163 6.87844
1010000 FRAC0_S 0 1 -29038.3 -14775.1 8500 -806455 7.02048e+06 100438 4393.32 -69.0839 -0.982943
1010000 FRAC0_S 0 1 -29154.9 -14488.9 8500 -823398 7.90312e+06 1.90855e+06 6050.21 -65.3808 -12.935
Step FractureNumber TipNr TipActive TipX TipY TipZ KI KII KIII G Phi Psi Extension
1010101 FRAC0_S 0 1 -29322.4 -14213.8 8414.57 1.98579e+07 1.83281e+06 3.96954e+06 37534.4 -9.6425 -11.2766
1010101 FRAC0_S 0 1 -29594.9 -14032.5 8423.44 1.06034e+07 6.19322e+06 7.23896e+06 20406.2 -31.4261 -20.4985
1010101 FRAC0_S 0 1 -29913.3 -13938 8449.71 3.26924e+06 3.19704e+06 5.98318e+06 6624.39 -31.3359 -29.8645
1010101 FRAC0_S 0 1 -30246.4 -13950.5 8495.63 1.68525e+06 2.24383e+06 1.28483e+07 22657.2 -17.4717 -40.3799
1010101 FRAC0_S 0 1 -30552.5 -14081.3 8540.5 2.02503e+06 -2.11174e+06 5.53582e+06 4838.63 27.2286 -33.8318
1010101 FRAC0_S 0 1 -30802.5 -14305.6 8563.15 3.08126e+06 -3.58843e+06 4.54609e+06 4742.18 37.6267 -26.1941
1010101 FRAC0_S 0 1 -30971.4 -14589.3 8570.28 7.81432e+06 -4.04839e+06 4.89791e+06 10092.5 29.7319 -19.9756
1010101 FRAC0_S 0 1 -31033.9 -14909 8582.58 1.2604e+07 -5.8863e+06 4.73369e+06 20223.9 30.9872 -14.5275
1010101 FRAC0_S 0 1 -30998.8 -15233.3 8591.96 9.41917e+06 -2.96332e+06 1.88764e+06 9162.32 26.0537 -9.74036
1010101 FRAC0_S 0 1 -30879.1 -15532.9 8590.9 8.80913e+06 -3.60293e+06 34777.4 8071.91 34.6599 -0.21768
1010101 FRAC0_S 0 1 -30676.6 -15785.5 8585.92 8.49558e+06 -4.44882e+06 -2.17079e+06 8821.9 35.1419 10.5214
1010101 FRAC0_S 0 1 -30405.1 -15968.3 8575.87 6.70311e+06 -4.90603e+06 -4.40732e+06 8732.12 36.3158 18.9648
1010101 FRAC0_S 0 1 -30086.9 -16062.6 8549.49 2.30316e+07 3.6297e+06 -4.38703e+06 51002.7 -15.41 10.3623
1010101 FRAC0_S 0 1 -29754.6 -16047.9 8500.48 1.42399e+06 -944011 -6.27606e+06 5498.83 14.4544 39.2361
1010101 FRAC0_S 0 1 -29449.9 -15915.1 8452.06 3.66067e+06 -465713 2.26146e+06 1893.63 9.83479 -23.478
1010101 FRAC0_S 0 1 -29204.8 -15689.7 8426.7 4.31039e+06 2.87248e+06 -4.28759e+06 4835.87 -30.6696 24.5451
1010101 FRAC0_S 0 1 -29037.2 -15406 8419.13 5.90716e+06 3.17937e+06 -3.8122e+06 5943.08 -30.2553 20.1703
1010101 FRAC0_S 0 1 -28965.9 -15089.2 8414.83 4.34317e+06 914976 -1.43595e+06 2029.73 -17.828 15.2133
1010101 FRAC0_S 0 1 -28998 -14766.8 8409.86 6.28879e+06 1.98632e+06 -1.37842e+06 4128.49 -25.8429 10.4648
1010101 FRAC0_S 0 1 -29119.8 -14466.1 8409.89 6.60775e+06 4.44976e+06 321131 5668.88 -44.0437 -2.17505