
Step FractureNumber TipNr TipActive TipX TipY TipZ KI KII KIII G Phi Psi Extension
1010000 FRAC0_S 0 1 -15132.4 -44244.9 7877.25 -3.98493e+06 -2.45496e+06 -281891 547.62 41.7942 3.21305
1010000 FRAC0_S 0 1 -15371.7 -44194.3 8066.07 -4.33393e+06 -2.53812e+06 -987612 703.777 37.9103 9.2801
1010000 FRAC0_S 0 1 -15574.7 -44222.7 8297.36 -4.4803e+06 -1.90418e+06 -1.40273e+06 584.803 30.0482 12.9796
1010000 FRAC0_S 0 1 -15721.4 -44327.1 8548.49 -2.98918e+06 -741980 -1.22012e+06 247.054 19.4079 17.2172
1010000 FRAC0_S 0 1 -15797.5 -44497.4 8794.88 -3.9618e+06 -258785 -1.75465e+06 415.446 5.93204 20.0593
1010000 FRAC0_S 0 1 -15795.5 -44716.9 9012.39 -3.93671e+06 609912 -1.74171e+06 436.609 -12.9202 19.0724
1010000 FRAC0_S 0 1 -15705.6 -44985.9 9191.51 -3.01812e+06 1.24634e+06 -1.07339e+06 291.661 -28.8725 14.3507
1010000 FRAC0_S 0 1 -15565.8 -45214.8 9280.58 -4.30811e+06 2.20105e+06 -1.36228e+06 678.527 -33.6742 12.5107
1010000 FRAC0_S 0 1 -15360.5 -45444.5 9304.99 -2.95471e+06 1.9017e+06 -526376 359.115 -40.7239 7.31195
1010000 FRAC0_S 0 1 -15119.9 -45630.7 9250.6 -4.09918e+06 2.81199e+06 -148761 707.562 -44.6573 1.6289
1010000 FRAC0_S 0 1 -14867.6 -45755.1 9122.75 -3.77907e+06 2.46942e+06 377572 562.357 -42.4531 -4.33751
1010000 FRAC0_S 0 1 -14628.3 -45805.7 8933.93 -4.01011e+06 2.32177e+06 808766 567.352 -38.1203 -8.41113
1010000 FRAC0_S 0 1 -14425.3 -45777.3 8702.64 -3.78025e+06 1.69958e+06 1.2149e+06 453.707 -31.0302 -13.068
1010000 FRAC0_S 0 1 -14278.6 -45672.9 8451.51 -3.75535e+06 1.09769e+06 1.47222e+06 395.641 -22.1875 -16.367
1010000 FRAC0_S 0 1 -14202.5 -45502.6 8205.12 -2.96186e+06 40594.5 1.19583e+06 190.338 -1.34716 -19.54
1010000 FRAC0_S 0 1 -14204.5 -45283.1 7987.61 -3.11523e+06 -300849 1.20673e+06 201.739 8.81463 -18.1123
1010000 FRAC0_S 0 1 -14284.4 -45035.9 7820.25 -4.20703e+06 -1.14553e+06 1.56433e+06 442.4 21.2659 -15.9526
1010000 FRAC0_S 0 1 -14434.2 -44785.2 7719.42 -4.1428e+06 -1.85952e+06 1.33512e+06 545.207 30.9843 -13.1003
1010000 FRAC0_S 0 1 -14639.5 -44555.5 7695.01 -3.99418e+06 -2.17477e+06 798089 506.173 36.8805 -8.50203
1010000 FRAC0_S 0 1 -14880.1 -44369.3 7749.4 -4.27034e+06 -2.55557e+06 231511 589.102 41.5169 -2.5232
Step FractureNumber TipNr TipActive TipX TipY TipZ KI KII KIII G Phi Psi Extension
1010101 FRAC0_S 0 1 -15104.8 -44150.7 7868.54 -1.2268e+06 -3.4913e+06 -353535 1102.8 63.2033 5.27689
1010101 FRAC0_S 0 1 -15367.1 -44096.3 8067.13 -1.40842e+06 -2.80671e+06 -642676 756.91 57.5208 9.74162
1010101 FRAC0_S 0 1 -15596.4 -44128.4 8309.1 -2.40834e+06 -3.08025e+06 -1.26593e+06 1058.62 49.2866 13.4596
1010101 FRAC0_S 0 1 -15770.2 -44247 8572.11 -3.92425e+06 -2.5899e+06 -1.98019e+06 1119.22 36.1782 16.3899
1010101 FRAC0_S 0 1 -15869.9 -44444.5 8828.07 -4.01582e+06 -620587 -2.04323e+06 589.565 12.4028 20.7716
1010101 FRAC0_S 0 1 -15882.6 -44701.4 9048.23 -3.62567e+06 1.37766e+06 -1.97929e+06 690.165 -24.8969 19.4583
1010101 FRAC0_S 0 1 -15804.1 -44985.2 9213.8 -2.55446e+06 2.80109e+06 -1.53743e+06 1013.54 -45.3322 15.7556
1010101 FRAC0_S 0 1 -15644.8 -45264 9311.57 -1.72963e+06 3.48344e+06 -1.07664e+06 1235.46 -56.0654 12.3847
1010101 FRAC0_S 0 1 -15425.4 -45514.4 9328.84 -1.22407e+06 3.943e+06 -684932 1447.81 -62.551 8.67725
1010101 FRAC0_S 0 1 -15168.2 -45715.5 9265.25 -639864 2.79701e+06 -46923.6 697.424 -67.2796 1.0446
1010101 FRAC0_S 0 1 -14896 -45849.3 9129.62 -988403 3.64934e+06 421810 1210.4 -64.562 -6.27343
1010101 FRAC0_S 0 1 -14633.5 -45903.7 8932.24 -1.50348e+06 3.22076e+06 831607 1016.34 -57.6347 -10.9358
1010101 FRAC0_S 0 1 -14405.3 -45872 8689.69 -2.31182e+06 3.29047e+06 1.26266e+06 1176.86 -51.0221 -13.23
1010101 FRAC0_S 0 1 -14230.9 -45752.7 8427.49 -3.0899e+06 2.23905e+06 1.60158e+06 787.892 -37.9237 -16.2628
1010101 FRAC0_S 0 1 -14129.3 -45554.8 8172.34 -3.53604e+06 577434 1.73261e+06 428.969 -13.1453 -20.2184
1010101 FRAC0_S 0 1 -14118.3 -45301.5 7947.8 -3.64216e+06 -875964 1.68319e+06 445.18 18.379 -18.74
1010101 FRAC0_S 0 1 -14198.3 -45019.9 7778.54 -3.37536e+06 -2.21727e+06 1.81119e+06 874.384 35.6487 -17.1062
1010101 FRAC0_S 0 1 -14356.7 -44739 7681.98 -2.38459e+06 -3.13054e+06 1.23528e+06 1076.25 49.8709 -13.1684
1010101 FRAC0_S 0 1 -14576 -44486.6 7665.58 -1.72802e+06 -3.70289e+06 787324 1304.27 58.546 -9.34697
1010101 FRAC0_S 0 1 -14833.3 -44284.8 7730.32 -973920 -2.93424e+06 200812 772.579 64.2785 -3.73317