
Step FractureNumber TipNr TipActive TipX TipY TipZ KI KII KIII G Phi Psi Extension
1010000 FRAC0_S 0 1 -7207.17 504.314 7702.85 -4.97859e+06 -1.78246e+06 2.28879e+06 979.844 24.8589 -17.6161
1010000 FRAC0_S 0 1 -7453.7 674.096 7779.6 -4.62578e+06 -2.49742e+06 1.99388e+06 1084.54 33.0974 -15.48
1010000 FRAC0_S 0 1 -7704.76 777.893 7926.87 -2.22492e+06 -1.79398e+06 1.79132e+06 713.563 36.5534 -20.911
1010000 FRAC0_S 0 1 -7935.77 805.544 8130.23 110870 -1.57252e+06 2.17059e+06 848.074 45.4695 -33.4625
1010000 FRAC0_S 0 1 -8124.14 754.342 8369.79 2.93274e+06 -1.95594e+06 2.9854e+06 2292.72 30.457 -24.8294
1010000 FRAC0_S 0 1 -8251.4 629.3 8622.1 5.9249e+06 -3.38041e+06 3.90659e+06 6176.2 31.238 -20.1784
1010000 FRAC0_S 0 1 -8305.11 442.658 8862.46 7.73619e+06 -4.67873e+06 3.61007e+06 9017.12 34.908 -15.8969
1010000 FRAC0_S 0 1 -8280.02 212.686 9067.34 1.4329e+07 -5.16571e+06 1.3462e+06 20915.1 30.4003 -4.90064
1010000 FRAC0_S 0 1 -8178.57 -38.1056 9216.68 2.14465e+07 -1.45097e+07 -68082.3 59747.6 45.0326 0.147294
1010000 FRAC0_S 0 1 -8010.69 -285.167 9295.87 1.34949e+07 -1.15609e+07 -354661 28154.8 49.2056 1.08224
1010000 FRAC0_S 0 1 -7792.83 -504.314 9297.15 2.20149e+07 -6.34976e+06 -4.88637e+06 49956.3 24.1823 10.7498
1010000 FRAC0_S 0 1 -7546.3 -674.096 9220.4 1.1392e+07 -1.17479e+07 -6.19202e+06 28962.2 44.8433 14.9953
1010000 FRAC0_S 0 1 -7295.24 -777.893 9073.13 1.09131e+07 -4.56538e+06 -5.95219e+06 17181.9 26.6475 19.1182
1010000 FRAC0_S 0 1 -7064.23 -805.544 8869.77 8.84598e+06 -781304 -5.82761e+06 11544.2 6.89864 24.7196
1010000 FRAC0_S 0 1 -6875.86 -754.342 8630.21 272698 -722809 -2.99389e+06 1245.31 23.0677 39.9507
1010000 FRAC0_S 0 1 -6748.6 -629.3 8377.9 8.14616e+06 5.7674e+06 -1.15896e+06 9056.04 -43.321 5.80251
1010000 FRAC0_S 0 1 -6694.23 -433.137 8127.36 241930 4.51379e+06 67359.7 1821.37 -69.7121 -1.08292
1010000 FRAC0_S 0 1 -6719.98 -212.686 7932.66 1.22159e+06 288949 2.93172e+06 1283.55 -8.81022 -37.1039
1010000 FRAC0_S 0 1 -6821.43 38.1056 7783.32 -4.41875e+06 2.11243e+06 2.65817e+06 1337.4 -28.4838 -19.8015
1010000 FRAC0_S 0 1 -6989.31 285.167 7704.13 -4.92774e+06 -558334 2.64852e+06 960.732 9.2794 -21.8976
Step FractureNumber TipNr TipActive TipX TipY TipZ KI KII KIII G Phi Psi Extension
1010101 FRAC0_S 0 1 -7157.63 571.242 7653.43 -4.21189e+06 -3.83779e+06 2.41437e+06 2087.75 41.9305 -16.2401
1010101 FRAC0_S 0 1 -7418.74 760.511 7749.51 -2.33136e+06 -3.75277e+06 1.3483e+06 1496.74 52.8426 -13.0638
1010101 FRAC0_S 0 1 -7684.47 873.483 7917.08 -7.87023e+06 -3.45492e+06 309859 1076.43 35.3996 -2.05386
1010101 FRAC0_S 0 1 -7932.53 902.909 8139.1 -5.63456e+06 -1.8279e+06 2.49299e+06 1124.33 23.3453 -17.463
1010101 FRAC0_S 0 1 -8142.96 847.585 8392.6 3.70859e+06 445817 3.10833e+06 2528.3 -8.33003 -27.3381
1010101 FRAC0_S 0 1 -8283.71 712.732 8662.62 5.24547e+06 136836 2.67827e+06 3407.55 -2.35647 -22.2736
1010101 FRAC0_S 0 1 -8340.52 510.606 8923.84 1.41503e+07 -351630 4.8692e+06 21007 2.51825 -17.5213
1010101 FRAC0_S 0 1 -8309.84 263.559 9145.52 1.61553e+07 -468958 3.3827e+06 24798.7 3.2431 -12.2446
1010101 FRAC0_S 0 1 -8189.66 -0.8865 9306.52 2.14317e+07 1.34157e+06 1.22489e+06 41289.7 -7.60766 -3.89522
1010101 FRAC0_S 0 1 -8008.51 -268.946 9391.39 2.57447e+07 -2.47669e+06 50713.9 59608.1 11.7271 -0.139809
1010101 FRAC0_S 0 1 -7782.7 -511.488 9392.98 2.0674e+07 -689022 -2.81643e+06 39184.3 3.93262 8.63773
1010101 FRAC0_S 0 1 -7517.35 -694.793 9310.38 1.88288e+07 536924 -5.19217e+06 35202.9 -3.02744 15.016
1010101 FRAC0_S 0 1 -7251 -820.57 9146.15 1.10413e+07 134058 -4.04203e+06 13037.9 -1.2279 18.3901
1010101 FRAC0_S 0 1 -7007.57 -865.597 8919.95 1.05475e+07 1.42322e+06 -6.40198e+06 15544.9 -10.4249 23.1724
1010101 FRAC0_S 0 1 -6818.87 -818.165 8646.46 7.89872e+06 2.63363e+06 -4.4936e+06 8863.21 -22.3877 20.375
1010101 FRAC0_S 0 1 -6727.01 -701.618 8345.57 4.51342e+06 345841 -944555 1944.57 -8.09384 11.8202
1010101 FRAC0_S 0 1 -6686.6 -506.527 8075.55 4.35401e+06 -657378 870714 1828.64 14.772 -10.8231
1010101 FRAC0_S 0 1 -6683.64 -251.206 7860.31 -808847 3.46406e+06 1.35851e+06 1314.75 -59.6313 -16.8961
1010101 FRAC0_S 0 1 -6772.62 27.9545 7703.72 -4.34018e+06 1.75356e+06 2.50271e+06 1107.06 -25.6454 -19.9113
1010101 FRAC0_S 0 1 -6938.13 315.684 7633.97 -4.98915e+06 -2.25378e+06 2.59516e+06 1348.37 28.3986 -18.2791