
Step FractureNumber TipNr TipActive TipX TipY TipZ KI KII KIII G Phi Psi Extension
1010000 FRAC0_S 0 1 -29609.6 -14584.1 7693.69 5.46759e+06 6.057e+06 -1.97121e+06 6449.9 -48.733 10.6887
1010000 FRAC0_S 0 1 -29846.7 -14391 7737.68 5.35795e+06 6.76045e+06 -633509 6684.17 -54.547 3.79356
1010000 FRAC0_S 0 1 -30098.9 -14257.5 7856.29 5.61694e+06 6.8248e+06 814747 7050.26 -53.5225 -4.66925
1010000 FRAC0_S 0 1 -30341.4 -14196.5 8037.91 4.28954e+06 4.3791e+06 1.6345e+06 3703.78 -46.8584 -11.5435
1010000 FRAC0_S 0 1 -30550.5 -14214.4 8264.77 6.81703e+06 3.34053e+06 3.65626e+06 6913.47 -29.7619 -18.3333
1010000 FRAC0_S 0 1 -30705.6 -14309 8514.65 3.90359e+06 3.85096e+06 4.75281e+06 5683.71 -36.4694 -24.8749
1010000 FRAC0_S 0 1 -30791.7 -14471.3 8763.09 7.19297e+06 555626 5.34088e+06 8431.78 -5.81663 -26.3322
1010000 FRAC0_S 0 1 -30800.3 -14685.4 8985.79 6.63926e+06 -1.8742e+06 4.65361e+06 7121.22 18.5094 -23.4453
1010000 FRAC0_S 0 1 -30730.6 -14930.2 9160.93 8.07474e+06 -4.97376e+06 4.75422e+06 11020.7 33.6497 -18.4765
1010000 FRAC0_S 0 1 -30589.4 -15181.9 9271.37 7.02117e+06 -5.89966e+06 3.0028e+06 8693.64 42.2608 -13.5354
1010000 FRAC0_S 0 1 -30390.4 -15415.9 9306.31 6.79821e+06 -6.85456e+06 1.60658e+06 8648.41 48.7636 -7.84644
1010000 FRAC0_S 0 1 -30153.3 -15609 9262.32 7.07582e+06 -7.66633e+06 138322 9701.27 53.5474 -0.722201
1010000 FRAC0_S 0 1 -29901.1 -15742.5 9143.71 4.82177e+06 -5.02928e+06 -969081 4450.59 49.9498 6.72118
1010000 FRAC0_S 0 1 -29658.6 -15803.5 8962.09 6.55006e+06 -5.99232e+06 -2.68698e+06 7983.11 44.2486 12.7346
1010000 FRAC0_S 0 1 -29451.9 -15786.4 8738.32 4.10966e+06 -2.89718e+06 -2.36892e+06 2999.33 36.5771 17.6011
1010000 FRAC0_S 0 1 -29294.4 -15691 8485.35 6.63273e+06 -1.98169e+06 -4.52478e+06 6993.16 19.5229 22.9475
1010000 FRAC0_S 0 1 -29208.3 -15528.7 8236.91 6.36437e+06 -766173 -4.96139e+06 6935.57 8.5897 26.4483
1010000 FRAC0_S 0 1 -29199.7 -15314.6 8014.21 5.04285e+06 1.97669e+06 -4.96457e+06 5892.32 -21.1875 26.6492
1010000 FRAC0_S 0 1 -29269.4 -15069.8 7839.07 3.09671e+06 2.12584e+06 -4.36286e+06 3788.83 -27.606 28.6657
1010000 FRAC0_S 0 1 -29410.6 -14818.1 7728.63 3.74965e+06 3.36717e+06 -2.23215e+06 2925.86 -41.3428 16.742
Step FractureNumber TipNr TipActive TipX TipY TipZ KI KII KIII G Phi Psi Extension
1010101 FRAC0_S 0 1 -29626 -14600.9 7597.93 8.73345e+06 -176252 -2.0495e+06 7358.14 2.23345 13.4328
1010101 FRAC0_S 0 1 -29883.1 -14401 7646.18 1.07039e+07 -449946 -485223 10259.1 5.30753 3.19439
1010101 FRAC0_S 0 1 -30151 -14257.7 7772.22 1.1011e+07 3645.39 879389 10906.7 -0.0429019 -5.58656
1010101 FRAC0_S 0 1 -30406.6 -14180.1 7967.22 8.57892e+06 269538 1.94097e+06 7065.83 -3.45375 -12.9639
1010101 FRAC0_S 0 1 -30628.4 -14185.3 8213.29 8.68503e+06 -828539 2.75625e+06 7793.11 9.13453 -15.8564
1010101 FRAC0_S 0 1 -30792.2 -14276.1 8490.91 7.32632e+06 -318269 4.10451e+06 7032.65 3.74107 -23.2216
1010101 FRAC0_S 0 1 -30872.1 -14430 8781.38 7.37886e+06 -296325 4.12162e+06 7119.01 3.4725 -23.2237
1010101 FRAC0_S 0 1 -30858.5 -14639.8 9045.36 6.96107e+06 93697 3.80439e+06 6243.7 -1.20276 -23.2761
1010101 FRAC0_S 0 1 -30761.4 -14892.9 9245.18 7.75243e+06 349159 3.40019e+06 6904.05 -4.18547 -20.1746
1010101 FRAC0_S 0 1 -30595.1 -15156 9365.92 1.05371e+07 434934 3.084e+06 11175.7 -4.26498 -15.5252
1010101 FRAC0_S 0 1 -30373.8 -15399.3 9402.16 1.23822e+07 962970 1.99795e+06 14275.8 -8.511 -9.59746
1010101 FRAC0_S 0 1 -30117.7 -15601.2 9354.31 1.15953e+07 879628 42193.7 12050 -9.4927 -0.262554
1010101 FRAC0_S 0 1 -29850.3 -15746.7 9228.31 1.09161e+07 799079 -1.34624e+06 10916.4 -8.30299 7.68889
1010101 FRAC0_S 0 1 -29593.7 -15820.9 9033.91 9.74992e+06 -519327 -2.14032e+06 9104.19 5.73625 12.4713
1010101 FRAC0_S 0 1 -29372.1 -15816.6 8784.93 8.06436e+06 65716.4 -3.35478e+06 7292.41 -0.798788 19.9685
1010101 FRAC0_S 0 1 -29209.3 -15732.7 8503.26 6.97825e+06 -1.10198e+06 -3.7713e+06 6339.13 12.4123 21.479
1010101 FRAC0_S 0 1 -29129 -15575.1 8215.85 5.0808e+06 -1.5786e+06 -5.04057e+06 5901.57 17.615 27.4789
1010101 FRAC0_S 0 1 -29140.6 -15359.2 7954.91 5.58497e+06 -212305 -3.61023e+06 4517.02 3.12381 25.0734
1010101 FRAC0_S 0 1 -29234.6 -15104.9 7755.17 7.87013e+06 -14841.6 -4.2995e+06 7978 0.170426 23.4146
1010101 FRAC0_S 0 1 -29401.9 -14842.4 7634.42 8.58907e+06 215033 -3.53733e+06 8242.15 -2.41806 19.6455