
Step FractureNumber TipNr TipActive TipX TipY TipZ KI KII KIII G Phi Psi Extension
1010000 FRAC0_S 0 1 -44633 -29561.6 7694.61 1.93899e+06 1.49728e+06 -549768 574.996 -42.7115 10.1303
1010000 FRAC0_S 0 1 -44872.9 -29373.9 7746.79 2.24871e+06 1.46243e+06 -210484 647.074 -42.4734 4.09141
1010000 FRAC0_S 0 1 -45125.3 -29247.5 7872.7 1.91052e+06 1.6253e+06 195166 565.719 -47.7035 -3.98983
1010000 FRAC0_S 0 1 -45365.3 -29194.7 8060.01 1.79633e+06 1.17474e+06 335861 425.515 -40.8995 -7.58152
1010000 FRAC0_S 0 1 -45569.6 -29220.8 8290.39 2.19639e+06 1.17488e+06 726618 623.1 -34.3847 -12.793
1010000 FRAC0_S 0 1 -45718.1 -29323.1 8541.28 2.21101e+06 779674 961026 612.625 -24.8971 -17.0173
1010000 FRAC0_S 0 1 -45796.4 -29491.7 8788.14 2.56259e+06 389868 1.26334e+06 810.993 -12.3482 -20.4107
1010000 FRAC0_S 0 1 -45796.7 -29710.1 9006.8 1.71086e+06 -205180 892050 370.416 9.85572 -21.4481
1010000 FRAC0_S 0 1 -45718.9 -29956.8 9175.84 1.72082e+06 -819485 1.01998e+06 462.083 28.5158 -19.6375
1010000 FRAC0_S 0 1 -45570.9 -30207.8 9278.73 2.25293e+06 -1.25777e+06 900173 701.038 34.2294 -14.5439
1010000 FRAC0_S 0 1 -45400.4 -30406.8 9307.31 2.1935e+06 -1.59639e+06 587998 701.824 41.743 -9.88095
1010000 FRAC0_S 0 1 -45127.1 -30626.1 9253.21 2.1008e+06 -1.65471e+06 199658 642.565 46.3192 -3.85338
1010000 FRAC0_S 0 1 -44874.7 -30752.5 9127.3 2.21322e+06 -1.70027e+06 -157133 697.384 46.2642 2.96176
1010000 FRAC0_S 0 1 -44634.7 -30805.3 8939.99 1.59864e+06 -1.12291e+06 -371829 358.481 41.5965 8.89894
1010000 FRAC0_S 0 1 -44430.4 -30779.2 8709.61 2.39934e+06 -1.27536e+06 -795789 742.158 34.2428 12.8391
1010000 FRAC0_S 0 1 -44281.9 -30676.9 8458.72 2.22804e+06 -776820 -854057 593.141 25.3461 15.6466
1010000 FRAC0_S 0 1 -44203.6 -30508.3 8211.86 2.36292e+06 -358561 -1.13033e+06 678.922 12.4258 20.0476
1010000 FRAC0_S 0 1 -44203.3 -30289.9 7993.2 2.20964e+06 103500 -1.04839e+06 582.219 -4.24419 21.1167
1010000 FRAC0_S 0 1 -44285.7 -30032.9 7818.57 1.87057e+06 506791 -796218 419.003 -20.5716 17.4922
1010000 FRAC0_S 0 1 -44429.1 -29792.2 7721.27 2.34374e+06 957997 -793519 655.02 -28.9194 13.8747
Step FractureNumber TipNr TipActive TipX TipY TipZ KI KII KIII G Phi Psi Extension
1010101 FRAC0_S 0 1 -44640.7 -29565.2 7597.04 2.95666e+06 -407865 -611964 843.619 13.6232 11.2223
1010101 FRAC0_S 0 1 -44903.5 -29369.4 7653.04 2.93251e+06 -446785 -321194 797.819 15.8827 6.52161
1010101 FRAC0_S 0 1 -45174.7 -29235.2 7788.29 2.99545e+06 -411534 859.546 814.649 15.8857 -0.0196715
1010101 FRAC0_S 0 1 -45431 -29172.5 7990.38 3.12449e+06 -274301 357590 893.643 9.8499 -7.12619
1010101 FRAC0_S 0 1 -45648.6 -29189.1 8242.32 3.23274e+06 -6892.48 810157 1018.55 0.238068 -14.2832
1010101 FRAC0_S 0 1 -45806.1 -29286.6 8522.53 2.87636e+06 13888.8 1.01269e+06 873.662 -0.497309 -18.0169
1010101 FRAC0_S 0 1 -45883 -29461.1 8816.75 2.31548e+06 -21885.3 946858 597.041 0.929818 -19.7448
1010101 FRAC0_S 0 1 -45863.3 -29673.4 9062.97 2.64963e+06 216279 1.16726e+06 810.984 -7.3062 -19.8103
1010101 FRAC0_S 0 1 -45758.4 -29927.7 9259.21 2.44481e+06 670646 816659 661.399 -21.8416 -14.7763
1010101 FRAC0_S 0 1 -45585 -30191.1 9374.3 2.42232e+06 397273 726454 607.116 -14.806 -14.5944
1010101 FRAC0_S 0 1 -45357.2 -30432.5 9403.05 3.04027e+06 171534 649079 882.32 -6.08185 -12.1804
1010101 FRAC0_S 0 1 -45095.3 -30628.6 9346.65 3.59179e+06 207144 405156 1175.26 -6.72814 -7.21053
1010101 FRAC0_S 0 1 -44824.8 -30764.2 9211.63 2.971e+06 222459 -56896.9 791.402 -9.2539 1.35526
1010101 FRAC0_S 0 1 -44569.1 -30827.6 9009.73 2.80729e+06 422585 -201076 723.556 -16.1816 4.45796
1010101 FRAC0_S 0 1 -44351.2 -30810.5 8757.77 3.18129e+06 117262 -857901 1000.96 -3.89396 14.6935
1010101 FRAC0_S 0 1 -44193.8 -30713.1 8477.67 2.84648e+06 71704.1 -1.07076e+06 874.953 -2.49398 18.5598
1010101 FRAC0_S 0 1 -44116.4 -30544.8 8195.2 2.70043e+06 8632.64 -1.16797e+06 831.26 -0.311378 20.5029
1010101 FRAC0_S 0 1 -44130.5 -30322.1 7940.39 2.70646e+06 -60024.3 -1.15224e+06 829.624 2.128 20.0816
1010101 FRAC0_S 0 1 -44232.4 -30066.1 7743.89 2.86884e+06 -144986 -1.11056e+06 899.304 4.83498 18.6101
1010101 FRAC0_S 0 1 -44408.8 -29804.7 7626.95 3.07723e+06 -382758 -921223 969.742 11.6966 14.9418