
Step FractureNumber TipNr TipActive TipX TipY TipZ KI KII KIII G Phi Psi Extension
1010000 FRAC0_S 0 1 29434.8 -44219.2 8284.43 1.46896e+06 1.23784e+06 580429 373.63 -42.7926 -12.7437
1010000 FRAC0_S 0 1 29284.7 -44319.8 8535.12 1.33857e+06 906360 754522 308.586 -35.9128 -17.5329
1010000 FRAC0_S 0 1 29204.6 -44487 8782.37 1.26268e+06 471629 835748 254.791 -23.334 -21.875
1010000 FRAC0_S 0 1 29202.4 -44704.4 9001.98 1.25764e+06 51629.7 899280 248.737 -3.23455 -26.2888
1010000 FRAC0_S 0 1 29278.3 -44950.7 9172.44 1.35802e+06 -401600 946128 297.765 19.2374 -23.2396
1010000 FRAC0_S 0 1 29424.7 -45201.9 9277.09 1.26184e+06 -770362 767327 273.077 33.2241 -18.9
1010000 FRAC0_S 0 1 29627.6 -45433.3 9305.68 1.40344e+06 -844128 609530 288.425 35.2526 -15.1385
1010000 FRAC0_S 0 1 29866.9 -45622.3 9255.39 1.79797e+06 -1.53626e+06 495579 531.037 44.8951 -9.54067
1010000 FRAC0_S 0 1 30119.1 -45750.3 9131.17 1.8022e+06 -1.35413e+06 275339 462.904 44.3442 -6.04586
1010000 FRAC0_S 0 1 30359.8 -45804.9 8945.16 1.28959e+06 -1.32517e+06 -255207 313.341 49.7191 6.67506
1010000 FRAC0_S 0 1 30565.2 -45780.8 8715.57 856146 -750477 -340783 130.95 43.5564 12.6389
1010000 FRAC0_S 0 1 30715.3 -45680.2 8464.88 1.27315e+06 -836320 -723666 276.417 35.2272 17.7704
1010000 FRAC0_S 0 1 30795.4 -45513 8217.63 1.06746e+06 -381373 -722258 183.878 22.4325 22.2962
1010000 FRAC0_S 0 1 30797.6 -45295.6 7998.02 1.43278e+06 -143405 -915231 296.169 7.82644 24.2003
1010000 FRAC0_S 0 1 30721.7 -45049.3 7827.56 1.29487e+06 355003 -873382 262.091 -18.3113 23.0447
1010000 FRAC0_S 0 1 30575.3 -44798.1 7722.91 1.02544e+06 582549 -599884 171.804 -32.0659 18.7566
1010000 FRAC0_S 0 1 30372.4 -44566.7 7694.32 1.22924e+06 979888 -541538 259.215 -40.9898 14.0772
1010000 FRAC0_S 0 1 30133.1 -44377.7 7744.61 812177 1.0161e+06 -142769 153.492 -53.569 5.47664
1010000 FRAC0_S 0 1 29880.9 -44249.7 7868.83 1.04196e+06 1.03738e+06 -30893.8 192.768 -51.9066 1.13485
1010000 FRAC0_S 0 1 29640.2 -44195.1 8054.84 1.44647e+06 1.40723e+06 293194 374.341 -48.6073 -6.98074
Step FractureNumber TipNr TipActive TipX TipY TipZ KI KII KIII G Phi Psi Extension
1010101 FRAC0_S 0 1 29354.2 -44201.7 8230.78 1.94606e+06 -69327.7 485862 369.296 3.82664 -13.9062
1010101 FRAC0_S 0 1 29193.9 -44298 8506.65 1.66925e+06 -68792.5 697096 313.348 3.89913 -19.6244
1010101 FRAC0_S 0 1 29112.2 -44462.4 8788.18 1.07706e+06 -117992 714766 172.562 8.38224 -24.5699
1010101 FRAC0_S 0 1 29123.8 -44678.9 9047.39 1.60902e+06 84893.9 955739 352.831 -4.41369 -23.8413
1010101 FRAC0_S 0 1 29228 -44928.6 9250.33 1.56567e+06 83160.1 884762 323.167 -4.5198 -23.2142
1010101 FRAC0_S 0 1 29404.4 -45189.3 9371.63 1.78157e+06 52061.1 892129 388.931 -2.64841 -21.994
1010101 FRAC0_S 0 1 29632.4 -45431.8 9403.74 1.83989e+06 -97349.6 624967 354.448 5.21816 -17.0622
1010101 FRAC0_S 0 1 29895.3 -45628.3 9349.36 2.19857e+06 74268 477873 461.596 -3.72891 -12.5547
1010101 FRAC0_S 0 1 30168.4 -45760.4 9216.23 1.5095e+06 -75065.5 11349.2 203.565 6.43017 -0.553021
1010101 FRAC0_S 0 1 30426.1 -45817.1 9017.17 1.88378e+06 10259.4 -258500 325.114 -0.665678 8.89116
1010101 FRAC0_S 0 1 30645.8 -45797.4 8769.27 1.83681e+06 44595.8 -494416 333.334 -2.60323 14.8029
1010101 FRAC0_S 0 1 30806 -45702.5 8492.88 1.53993e+06 -38416.4 -785895 293.591 2.25637 22.2815
1010101 FRAC0_S 0 1 30888.7 -45537.1 8212.41 1.31158e+06 -14288.5 -716120 221.516 0.976199 23.2957
1010101 FRAC0_S 0 1 30878.5 -45318.7 7954.99 1.98698e+06 -308967 -835477 453.158 13.1318 18.4616
1010101 FRAC0_S 0 1 30774 -45069.5 7751.21 1.32239e+06 -3616.03 -735171 227.713 0.245394 23.6225
1010101 FRAC0_S 0 1 30595.1 -44811.7 7628.68 1.85175e+06 -331369 -862988 414.391 14.4014 19.4494
1010101 FRAC0_S 0 1 30362.8 -44574.7 7597.3 1.87354e+06 -91527.6 -581591 358.522 4.94123 16.0921
1010101 FRAC0_S 0 1 30098.3 -44383.1 7652.59 1.85135e+06 -198764 -324015 322.909 11.2303 10.0306
1010101 FRAC0_S 0 1 29827.9 -44248.6 7785.15 1.97848e+06 -137925 -75087.6 351.256 8.53386 2.63379
1010101 FRAC0_S 0 1 29573 -44184.8 7983.26 1.9371e+06 -115727 216069 341.775 6.95873 -7.12874