
Step FractureNumber TipNr TipActive TipX TipY TipZ KI KII KIII G Phi Psi Extension
1010000 FRAC0_S 0 1 -29016 30084.9 8500 -3.79616e+06 -1.00614e+07 -9.34239e+06 20629.1 47.55 26.0585
1010000 FRAC0_S 0 1 -29090.4 30384.8 8500 -3.43535e+06 -4.83904e+06 -9.7364e+06 14694.7 32.5614 32.5221
1010000 FRAC0_S 0 1 -29264.1 30658.9 8500 -2.08512e+06 -42919.1 -6.46881e+06 5565.61 0.697195 40.0075
1010000 FRAC0_S 0 1 -29490.2 30846 8500 -3.78568e+06 4.49356e+06 -9.70898e+06 14336.5 -30.6046 32.4862
1010000 FRAC0_S 0 1 -29776.6 30962.1 8500 -2.94347e+06 7.68517e+06 -7.5115e+06 12767.2 -46.7479 26.6401
1010000 FRAC0_S 0 1 -30084.9 30984 8500 -2.81391e+06 1.09007e+07 -5.57447e+06 14721.4 -56.7617 19.7856
1010000 FRAC0_S 0 1 -30384.8 30909.6 8500 -2.73822e+06 1.18771e+07 -2.92619e+06 13709.1 -62.7008 12.0933
1010000 FRAC0_S 0 1 -30647.1 30746.2 8500 -3.30008e+06 1.45692e+07 -474626 18944.6 -67.036 1.99606
1010000 FRAC0_S 0 1 -30846 30509.8 8500 -2.79001e+06 1.26853e+07 2.40246e+06 15106.9 -64.095 -9.88591
1010000 FRAC0_S 0 1 -30962.1 30223.4 8500 -2.31819e+06 8.1067e+06 3.61197e+06 7591.33 -57.5063 -17.8859
1010000 FRAC0_S 0 1 -30984 29915.1 8500 -3.21255e+06 9.33809e+06 7.66398e+06 15582.4 -49.735 -24.8288
1010000 FRAC0_S 0 1 -30909.6 29615.2 8500 -2.58502e+06 4.23531e+06 7.19768e+06 8488.71 -35.9087 -31.3497
1010000 FRAC0_S 0 1 -30746.2 29352.9 8500 -3.03147e+06 1.07464e+06 1.02422e+07 14055 -10.0929 -38.8634
1010000 FRAC0_S 0 1 -30509.8 29154 8500 -3.76298e+06 -4.42117e+06 1.06628e+07 16863.4 28.9895 -33.5664
1010000 FRAC0_S 0 1 -30223.4 29037.9 8500 -3.5703e+06 -8.26783e+06 8.77148e+06 16324.2 44.8977 -27.2194
1010000 FRAC0_S 0 1 -29915.1 29016 8500 -3.52697e+06 -1.2249e+07 6.73829e+06 19408.6 55.4479 -20.3887
1010000 FRAC0_S 0 1 -29615.2 29090.4 8500 -3.09873e+06 -1.4785e+07 3.7633e+06 21362.7 62.9659 -12.5628
1010000 FRAC0_S 0 1 -29352.9 29253.8 8500 -3.21955e+06 -1.49486e+07 279689 19923 67.4814 -1.17498
1010000 FRAC0_S 0 1 -29154 29490.2 8500 -3.69546e+06 -1.5345e+07 -3.05343e+06 22222.8 63.4684 10.1495
1010000 FRAC0_S 0 1 -29037.9 29776.6 8500 -1.43772e+06 -1.24602e+07 -6.13892e+06 18847.1 59.9909 20.8001
Step FractureNumber TipNr TipActive TipX TipY TipZ KI KII KIII G Phi Psi Extension
1010101 FRAC0_S 0 1 -28950.8 30093.1 8572 5.98322e+06 -5.93181e+06 -7.66073e+06 14130.8 35.9951 25.4705
1010101 FRAC0_S 0 1 -29015.9 30419 8545.66 1.65023e+06 -4.46209e+06 -8.35702e+06 11305.6 36.5165 34.042
1010101 FRAC0_S 0 1 -29185.5 30706.4 8501.34 20651 -100820 -7.18318e+06 6863.49 1.91896 44.7913
1010101 FRAC0_S 0 1 -29445.3 30915.9 8456.64 1.2891e+06 3.15689e+06 -7.42337e+06 8365.3 -32.284 35.8749
1010101 FRAC0_S 0 1 -29758.9 31027.5 8429.94 3.27543e+06 3.87172e+06 -4.79835e+06 5354.01 -38.0226 26.007
1010101 FRAC0_S 0 1 -30087.8 31038.6 8417.75 5.98265e+06 4.20281e+06 -3.49318e+06 6386.35 -36.4071 17.7671
1010101 FRAC0_S 0 1 -30401.3 30951.8 8411.64 8.48881e+06 3.33759e+06 -1.8507e+06 7869.44 -29.9954 9.95025
1010101 FRAC0_S 0 1 -30673.7 30777.2 8409.26 7.75564e+06 3.20539e+06 -327454 6289.79 -34.1093 2.23484
1010101 FRAC0_S 0 1 -30884.2 30531.4 8410.92 7.04675e+06 3.44326e+06 1.06199e+06 5631.4 -35.5102 -6.89173
1010101 FRAC0_S 0 1 -31013.7 30233.7 8416.26 6.84922e+06 4.44863e+06 3.24236e+06 7342.04 -36.281 -15.7525
1010101 FRAC0_S 0 1 -31048 29907.5 8426.1 4.72092e+06 5.92154e+06 5.71983e+06 9461.89 -41.4981 -23.2341
1010101 FRAC0_S 0 1 -30981.6 29581.9 8447.22 302927 3.60453e+06 5.11007e+06 4638.95 -44.7769 -33.604
1010101 FRAC0_S 0 1 -30813.3 29294.1 8488.69 -87940.2 1.63154e+06 8.88909e+06 10746.3 -19.8756 -42.188
1010101 FRAC0_S 0 1 -30554.9 29083.2 8537.5 790913 -2.98316e+06 8.21239e+06 9818.73 30.507 -37.9501
1010101 FRAC0_S 0 1 -30241.4 28970.6 8568 3.53056e+06 -5.62933e+06 6.9932e+06 10438.9 40.2882 -27.5835
1010101 FRAC0_S 0 1 -29912.3 28960 8581.1 6.09593e+06 -7.27189e+06 5.41087e+06 11917.4 43.7169 -19.735
1010101 FRAC0_S 0 1 -29598.9 29048 8588.22 8.75197e+06 -5.52774e+06 2.75434e+06 10557.4 38.06 -11.7495
1010101 FRAC0_S 0 1 -29326.4 29223.1 8590.82 1.20401e+07 -6.62651e+06 1.15295e+06 17007.5 38.9829 -4.42575
1010101 FRAC0_S 0 1 -29116.5 29468.7 8589.48 9.50341e+06 -5.28949e+06 -1.82023e+06 10981.8 37.4787 8.14996
1010101 FRAC0_S 0 1 -28987.2 29766.7 8584.11 6.47584e+06 -5.6062e+06 -3.35343e+06 8033.29 41.6142 15.3883