
Step FractureNumber TipNr TipActive TipX TipY TipZ KI KII KIII G Phi Psi Extension
1010000 FRAC0_S 0 1 29487.9 844.559 8500 -359719 3.53704e+06 -1.616e+06 1462.15 -61.009 20.029
1010000 FRAC0_S 0 1 29251.9 644.975 8500 -610025 2.93813e+06 -1.3739e+06 1020.3 -58.6275 19.2011
1010000 FRAC0_S 0 1 29089.2 382.257 8500 -353993 4.25653e+06 165627 1618.15 -69.1715 -2.6652
1010000 FRAC0_S 0 1 29015.7 82.121 8500 -383330 4.07527e+06 1.12948e+06 1649.6 -64.8697 -14.4175
1010000 FRAC0_S 0 1 29038.5 -226.054 8500 -362930 3.58814e+06 2.07985e+06 1722.6 -58.5158 -22.9747
1010000 FRAC0_S 0 1 29155.4 -512.101 8500 -305793 2.31899e+06 2.88755e+06 1588.16 -46.5081 -31.8038
1010000 FRAC0_S 0 1 29355 -748.021 8500 -1.66166e+07 -251843 3.88315e+06 2011.14 1.68875 -13.4403
1010000 FRAC0_S 0 1 29617.7 -910.718 8500 -3.48162e+06 -18216.3 2.8723e+06 1097.29 0.399653 -28.4541
1010000 FRAC0_S 0 1 29917.9 -984.268 8500 -402637 -1.61663e+06 2.91053e+06 1359.56 38.3825 -34.5482
1010000 FRAC0_S 0 1 30226 -961.471 8500 -401170 -3.14208e+06 2.60758e+06 1784.08 53.2505 -27.1364
1010000 FRAC0_S 0 1 30512.1 -844.559 8500 -1.14949e+07 -5.03862e+06 1.45101e+06 2542.32 33.7284 -6.07831
1010000 FRAC0_S 0 1 30748.1 -644.975 8500 339322 -4.82054e+06 264771 2090.28 69.1319 -3.72849
1010000 FRAC0_S 0 1 30910.8 -382.257 8500 -407380 -4.71211e+06 -143331 1981.33 69.2335 2.09982
1010000 FRAC0_S 0 1 30984.3 -82.121 8500 -887046 -4.6105e+06 -1.20206e+06 2086.36 63.1935 12.9326
1010000 FRAC0_S 0 1 30961.5 226.054 8500 1.33576e+07 -3.16212e+06 -893937 16896.8 23.1142 3.9172
1010000 FRAC0_S 0 1 30844.6 512.101 8500 -312962 -2.97542e+06 -2.84891e+06 1868.37 51.4206 29.0965
1010000 FRAC0_S 0 1 30645 748.021 8500 -372967 -1.28411e+06 -3.0379e+06 1374.37 33.0545 36.6538
1010000 FRAC0_S 0 1 30382.3 910.718 8500 -388605 126880 -3.12646e+06 1301.48 -4.79242 42.6404
1010000 FRAC0_S 0 1 30082.1 984.268 8500 -380327 1.56572e+06 -2.90204e+06 1338.56 -37.9128 34.866
1010000 FRAC0_S 0 1 29774 961.471 8500 -303979 2.94472e+06 -2.52296e+06 1619.29 -53.2069 27.7904
Step FractureNumber TipNr TipActive TipX TipY TipZ KI KII KIII G Phi Psi Extension
1010101 FRAC0_S 0 1 29462 888.356 8414.91 2.7631e+06 1.32661e+06 -253767 845.722 -36.2297 4.44449
1010101 FRAC0_S 0 1 29217.8 675.775 8412.08 2.89087e+06 919731 -397794 841.13 -27.2531 7.07801
1010101 FRAC0_S 0 1 29052.4 398.52 8409.29 -1.3622e+06 1.15174e+06 138420 120.754 -47.5935 -3.98073
1010101 FRAC0_S 0 1 28973.6 84.3384 8410.05 2.27916e+06 -1.14528e+06 -95842.1 580.993 38.1381 2.09914
1010101 FRAC0_S 0 1 28987.8 -240.069 8416.59 3.15183e+06 1.62212e+06 497084 1152.55 -36.4545 -7.0623
1010101 FRAC0_S 0 1 29097 -551.858 8443.14 -1.4781e+07 1.1851e+07 3.21715e+06 13891.8 -44.55 -8.0235
1010101 FRAC0_S 0 1 29298 -817.844 8483.51 1.41654e+06 2.67315e+06 4.05627e+06 3003.86 -38.4039 -30.6575
1010101 FRAC0_S 0 1 29580.5 -995.274 8516.61 414109 -498193 2.50798e+06 873.963 18.907 -39.4514
1010101 FRAC0_S 0 1 29908.4 -1060.94 8551.25 1.16988e+06 -1.28398e+06 1.39099e+06 526.201 38.9463 -23.8996
1010101 FRAC0_S 0 1 30242 -1027.9 8569.47 1.95e+06 -1.80769e+06 1.35921e+06 875.743 40.7226 -18.3908
1010101 FRAC0_S 0 1 30543.8 -900.493 8571.15 2.16584e+06 -1.75584e+06 927917 807.242 41.5122 -13.7163
1010101 FRAC0_S 0 1 30780.4 -677.816 8583.97 2.46034e+06 -1.19253e+06 306451 678.624 35.8171 -5.83949
1010101 FRAC0_S 0 1 30945.1 -395.872 8592.43 2.41046e+06 -562232 -268084 555.485 22.1813 6.22651
1010101 FRAC0_S 0 1 31037.3 -82.1639 8577.82 3.07645e+06 -1.41504e+06 515487 1057.15 33.975 -7.68062
1010101 FRAC0_S 0 1 31030.8 243.725 8561.48 2.26799e+06 -2.69859e+06 -742874 1180.69 50.5333 9.59013
1010101 FRAC0_S 0 1 30907.3 549.399 8562.54 82356.9 974132 -247182 93.29 -65.5272 13.6028
1010101 FRAC0_S 0 1 30695.3 810.813 8544.73 992626 -1.04712e+06 -1.98368e+06 708.86 31.6945 30.4349
1010101 FRAC0_S 0 1 30416.9 992.182 8494.1 572346 319818 -2.17223e+06 665.877 -13.8487 38.7092
1010101 FRAC0_S 0 1 30091.6 1061.12 8447.17 1.51704e+06 1.49107e+06 -1.95517e+06 911.611 -35.7411 25.6054
1010101 FRAC0_S 0 1 29762.4 1020.64 8422.73 2.51552e+06 1.68778e+06 -1.02866e+06 958.445 -37.8782 14.06