
Step FractureNumber TipNr TipActive TipX TipY TipZ KI KII KIII G Phi Psi Extension
1010000 FRAC0_S 0 1 -44780.2 -44438 7718.14 1.23185e+06 1.05383e+06 -193716 239.173 -46.8591 5.89273
1010000 FRAC0_S 0 1 -45035 -44284.7 7819.74 1.15406e+06 1.04266e+06 79339.8 216.394 -49.4439 -2.67886
1010000 FRAC0_S 0 1 -45278.2 -44205.3 7983.59 1.26458e+06 940657 254156 229.941 -43.3064 -7.70818
1010000 FRAC0_S 0 1 -45498.5 -44201.8 8200.28 1.42305e+06 802070 520077 273.753 -34.9286 -13.5927
1010000 FRAC0_S 0 1 -45670 -44276.3 8446.31 1.04918e+06 358837 495723 142.248 -23.9017 -18.0732
1010000 FRAC0_S 0 1 -45775.9 -44421.7 8697.59 1.44999e+06 212621 814083 279.523 -11.5029 -22.073
1010000 FRAC0_S 0 1 -45805.9 -44623.6 8929.52 1.38585e+06 -185609 741959 247.429 10.7818 -21.6217
1010000 FRAC0_S 0 1 -45757 -44862.4 9119.42 1.26621e+06 -450621 612342 210.834 24.4655 -18.2254
1010000 FRAC0_S 0 1 -45633.9 -45114.7 9248.68 1.26518e+06 -714472 504617 221.992 34.4738 -14.4822
1010000 FRAC0_S 0 1 -45448.8 -45355.8 9304.66 1.40956e+06 -1.04111e+06 397648 294.666 41.8203 -10.2463
1010000 FRAC0_S 0 1 -45219.8 -45562 9281.86 1.13912e+06 -1.11414e+06 184643 230.777 49.3612 -5.71828
1010000 FRAC0_S 0 1 -44969.3 -45713.3 9182.54 1.32944e+06 -1.12277e+06 -87979 270.857 48.2047 2.66193
1010000 FRAC0_S 0 1 -44721.8 -45794.7 9016.41 1.01291e+06 -713961 -240974 144.572 41.5795 9.05669
1010000 FRAC0_S 0 1 -44501.5 -45798.2 8799.72 1.43701e+06 -767527 -484268 267.696 34.2596 12.9778
1010000 FRAC0_S 0 1 -44330 -45723.7 8553.69 1.12702e+06 -267741 -444873 145.896 18.8929 16.9326
1010000 FRAC0_S 0 1 -44224.1 -45578.3 8302.41 1.3713e+06 -179415 -683281 232.531 10.7921 20.7696
1010000 FRAC0_S 0 1 -44194.1 -45376.4 8070.48 1.35086e+06 138631 -687412 227.169 -8.63169 21.3399
1010000 FRAC0_S 0 1 -44243 -45137.6 7880.58 1.28455e+06 370642 -621833 210.707 -20.9338 18.8399
1010000 FRAC0_S 0 1 -44366.1 -44885.3 7751.32 1.28957e+06 636267 -482792 215.264 -32.0979 14.3087
1010000 FRAC0_S 0 1 -44551.2 -44644.2 7695.34 1.47163e+06 936195 -313103 284.125 -39.8831 8.53865
Step FractureNumber TipNr TipActive TipX TipY TipZ KI KII KIII G Phi Psi Extension
1010101 FRAC0_S 0 1 -44805.6 -44441.1 7622.92 1.74943e+06 -286316 -221277 286.54 16.6333 7.32986
1010101 FRAC0_S 0 1 -45075.4 -44281.2 7729.58 2.02772e+06 -265571 -5005.19 372.676 15.2425 0.169711
1010101 FRAC0_S 0 1 -45338.3 -44186.8 7908.09 1.7825e+06 -116923 172101 288.288 7.67899 -6.25242
1010101 FRAC0_S 0 1 -45572.1 -44169.5 8144.81 1.83669e+06 118655 437433 327.31 -6.77032 -13.1566
1010101 FRAC0_S 0 1 -45753.4 -44234.7 8419.66 1.74358e+06 89517.8 598819 319.306 -5.05849 -17.2054
1010101 FRAC0_S 0 1 -45858.8 -44375.8 8707.92 1.16961e+06 111100 523388 159.434 -8.35601 -19.8512
1010101 FRAC0_S 0 1 -45874.1 -44578.9 8978.56 1.72416e+06 227459 817687 358.436 -11.0267 -20.1538
1010101 FRAC0_S 0 1 -45802.3 -44826.3 9197.09 1.48002e+06 184571 685031 260.639 -10.5656 -19.9358
1010101 FRAC0_S 0 1 -45654.3 -45091.1 9341.32 1.56339e+06 146948 566241 262.371 -8.74503 -17.359
1010101 FRAC0_S 0 1 -45444.2 -45342.6 9401.9 1.85429e+06 166662 415646 331.846 -9.24845 -12.3453
1010101 FRAC0_S 0 1 -45192.7 -45557.1 9376.63 1.82047e+06 -31308.7 225590 302.176 2.09409 -8.0812
1010101 FRAC0_S 0 1 -44924.5 -45719.6 9270.29 2.1849e+06 106203 58260.5 426.848 -6.18566 -1.91398
1010101 FRAC0_S 0 1 -44662.3 -45815.4 9091.79 1.78982e+06 46730.1 -191830 290.548 -3.18819 7.08155
1010101 FRAC0_S 0 1 -44428.8 -45833.5 8853.82 1.84022e+06 -150745 -424256 327.725 8.46536 12.6832
1010101 FRAC0_S 0 1 -44248 -45769.3 8577.8 1.63193e+06 -166139 -604925 288.445 9.3448 17.5443
1010101 FRAC0_S 0 1 -44141.4 -45625.9 8291.04 1.55001e+06 -128576 -650422 271.829 7.51553 19.2093
1010101 FRAC0_S 0 1 -44123.4 -45419.6 8022.63 1.40059e+06 -93567.3 -444441 201.854 6.5941 16.1477
1010101 FRAC0_S 0 1 -44193.6 -45171.2 7804.34 1.59499e+06 -163198 -685623 291.589 9.03705 19.2858
1010101 FRAC0_S 0 1 -44342 -44906.4 7659.19 1.58864e+06 -179127 -549236 267.875 10.405 16.6353
1010101 FRAC0_S 0 1 -44553 -44654.9 7597.79 1.72462e+06 -206564 -396748 289.778 11.8715 12.335