
Step FractureNumber TipNr TipActive TipX TipY TipZ KI KII KIII G Phi Psi Extension
1010000 FRAC0_S 0 1 -29799.2 -29424 7723.21 -1.33315e+07 2.56959e+06 817617 677.286 -19.8639 -3.73562
1010000 FRAC0_S 0 1 -30050.4 -29277.8 7828.17 -1.33762e+07 780979 780823 135.439 -7.12805 -3.98696
1010000 FRAC0_S 0 1 -30296.6 -29202.2 7998.91 -1.2258e+07 489347 790323 104.412 -4.96911 -4.44113
1010000 FRAC0_S 0 1 -30513.8 -29204.8 8218.7 -1.3947e+07 -588573 -75178.4 31.621 5.52611 0.400469
1010000 FRAC0_S 0 1 -30692.7 -29295.6 8488.26 -1.33684e+07 -547692 -346988 42.7433 5.2727 1.87803
1010000 FRAC0_S 0 1 -30781.1 -29435.6 8716.66 -1.55375e+07 217136 -980515 132.069 -1.80469 4.45674
1010000 FRAC0_S 0 1 -30804.9 -29641.2 8946.1 -1.53529e+07 784909 -1.5958e+06 393.596 -6.05943 6.75182
1010000 FRAC0_S 0 1 -30749.9 -29882 9131.87 -1.57296e+07 2.07558e+06 -1.6003e+06 724.494 -14.1734 6.20795
1010000 FRAC0_S 0 1 -30621.5 -30134.2 9255.79 -1.57726e+07 3.15202e+06 -1.25157e+06 1093.66 -20.1631 4.71153
1010000 FRAC0_S 0 1 -30432.3 -30373.4 9305.73 -1.87044e+07 4.37331e+06 -762557 1781.64 -23.3264 2.46115
1010000 FRAC0_S 0 1 -30200.8 -30576 9276.79 -1.59041e+07 3.79426e+06 238786 1290.45 -24.1083 -0.929465
1010000 FRAC0_S 0 1 -29973.9 -30711.4 9185.29 -1.61815e+07 3.4654e+06 708600 1136.9 -21.8054 -2.67529
1010000 FRAC0_S 0 1 -29703.4 -30797.8 9001.09 -1.70165e+07 2.49999e+06 1.16536e+06 737.557 -15.9002 -4.2903
1010000 FRAC0_S 0 1 -29486.2 -30795.2 8781.3 -1.54464e+07 1.17632e+06 999068 256.056 -9.03358 -4.31614
1010000 FRAC0_S 0 1 -29319.2 -30714.8 8533.98 -1.22133e+07 187155 -161120 6.57389 -2.07033 0.995031
1010000 FRAC0_S 0 1 -29218.9 -30564.4 8283.34 -1.45075e+07 674450 11238.5 40.5514 -6.07689 -0.0576792
1010000 FRAC0_S 0 1 -29195.1 -30358.8 8053.9 -1.19088e+07 923887 -761848 153.256 -9.19112 4.26754
1010000 FRAC0_S 0 1 -29250.1 -30118 7868.13 -1.29891e+07 2.01047e+06 -529638 397.49 -16.9517 2.62189
1010000 FRAC0_S 0 1 -29378.5 -29865.8 7744.21 -1.25152e+07 2.61198e+06 -255323 616.62 -21.7541 1.28557
1010000 FRAC0_S 0 1 -29567.7 -29626.6 7694.27 -1.24067e+07 2.82585e+06 334070 726.426 -23.1078 -1.65873
Step FractureNumber TipNr TipActive TipX TipY TipZ KI KII KIII G Phi Psi Extension
1010101 FRAC0_S 0 1 -29798.2 -29387 7633.33 -6.66806e+06 5.35475e+06 1.15807e+06 2733.46 -45.3224 -6.59835
1010101 FRAC0_S 0 1 -30065.4 -29217.4 7753.57 -7.49699e+06 4.03221e+06 1.72148e+06 1842.96 -36.1203 -9.57651
1010101 FRAC0_S 0 1 -30328.8 -29126.8 7946.78 -1.50719e+07 2.23183e+06 2.26882e+06 1128.49 -15.0538 -8.59825
1010101 FRAC0_S 0 1 -30561.5 -29123.8 8193.88 -1.50599e+07 -904157 1.75101e+06 480.633 6.9631 -7.38737
1010101 FRAC0_S 0 1 -30744.2 -29211.3 8466.28 -1.12979e+07 -867119 -38635.6 67.1999 9.59418 0.24661
1010101 FRAC0_S 0 1 -30859.1 -29381.1 8736.89 -1.63465e+07 -367591 -1.10698e+06 175.02 2.85796 4.71775
1010101 FRAC0_S 0 1 -30890.5 -29613.1 8982.51 -1.73587e+07 2.06937e+06 -1.58677e+06 716.468 -13.1073 5.70141
1010101 FRAC0_S 0 1 -30835.3 -29883.9 9178.51 -1.73134e+07 6.18055e+06 -2.27308e+06 4091.12 -29.5534 6.62408
1010101 FRAC0_S 0 1 -30698.7 -30165.6 9306.74 -1.46098e+07 8.56379e+06 -1.34402e+06 6775.44 -40.3604 4.17668
1010101 FRAC0_S 0 1 -30494.1 -30429.6 9356.78 -1.41356e+07 9.32245e+06 -373983 7762.98 -44.053 1.21588
1010101 FRAC0_S 0 1 -30237 -30654.6 9323.03 -9.29832e+06 7.14325e+06 232972 4554.15 -47.1286 -1.08335
1010101 FRAC0_S 0 1 -29965.2 -30809.5 9212.97 -1.42387e+07 8.64703e+06 860573 6761.35 -41.698 -2.7834
1010101 FRAC0_S 0 1 -29690.4 -30889 9032.77 -1.60608e+07 6.24395e+06 1.05884e+06 3623.24 -32.4156 -3.46718
1010101 FRAC0_S 0 1 -29445 -30881.4 8799.42 -1.6227e+07 3.35394e+06 970296 1127.61 -20.9835 -3.6091
1010101 FRAC0_S 0 1 -29257.1 -30789.8 8532.45 -1.15896e+07 1.35735e+06 -227432 171.057 -13.6811 1.33669
1010101 FRAC0_S 0 1 -29148.2 -30625.8 8256.26 -1.24183e+07 2.11323e+06 -933141 513.751 -17.8237 4.58638
1010101 FRAC0_S 0 1 -29127.5 -30404.1 8000.51 -1.0223e+07 4.11228e+06 -2.29574e+06 2207.89 -30.3374 10.1383
1010101 FRAC0_S 0 1 -29195.1 -30145.6 7792.55 -1.20035e+07 7.05254e+06 -1.7399e+06 4834.81 -39.4277 6.29492
1010101 FRAC0_S 0 1 -29341.6 -29874.2 7654.05 -9.06885e+06 8.51204e+06 -863612 6555.65 -49.7009 3.57978
1010101 FRAC0_S 0 1 -29549.8 -29613.9 7598.92 -8.98764e+06 9.23798e+06 363804 7622.28 -52.2857 -1.51386