
Step FractureNumber TipNr TipActive TipX TipY TipZ KI KII KIII G Phi Psi Extension
1010000 FRAC0_S 0 1 -44369.9 -29239.4 8500 56988.5 7474.72 1496.16 0.294678 -14.9663 -1.75229
1010000 FRAC0_S 0 1 -44635.8 -29081.9 8500 42392.2 297.1 2917.12 0.161279 -0.90905 -4.85409
1010000 FRAC0_S 0 1 -44937.4 -29014.3 8500 57302.2 -1653.56 2103.33 0.293428 3.74005 -2.64774
1010000 FRAC0_S 0 1 -45245.1 -29043.2 8500 75310.8 -127977 -82299.9 2.86571 48.6799 19.7373
1010000 FRAC0_S 0 1 -45528.7 -29165.8 8500 31756.7 -217480 -159739 7.69825 54.6532 25.4311
1010000 FRAC0_S 0 1 -45760.6 -29369.9 8500 71962.4 -127425 -320681 15.5856 30.0999 35.5488
1010000 FRAC0_S 0 1 -45918.1 -29635.8 8500 42637.6 1965.84 -6013.42 0.167152 -5.33169 8.80085
1010000 FRAC0_S 0 1 -45985.7 -29937.4 8500 52049.7 8302.34 -4664.19 0.25045 -16.7361 5.4258
1010000 FRAC0_S 0 1 -45956.8 -30245.1 8500 28926.9 274254 -272596 16.6601 -50.8031 29.5315
1010000 FRAC0_S 0 1 -45836.2 -30525.6 8500 51911.3 17812.5 417.934 0.268428 -31.0386 -0.463585
1010000 FRAC0_S 0 1 -45630.1 -30760.6 8500 40146.9 12349.2 4324.28 0.159702 -27.1207 -5.74502
1010000 FRAC0_S 0 1 -45364.2 -30918.1 8500 60515 24913.4 6464.32 0.387193 -32.8108 -5.32371
1010000 FRAC0_S 0 1 -45062.6 -30985.7 8500 52593.1 10617 10443.9 0.271033 -18.7261 -10.3967
1010000 FRAC0_S 0 1 -44754.9 -30956.8 8500 53485.9 5153.79 11084.8 0.27363 -9.96585 -11.5664
1010000 FRAC0_S 0 1 -44471.3 -30834.2 8500 54530.7 -330.273 10342.7 0.279214 0.707341 -11.5421
1010000 FRAC0_S 0 1 -44255.9 -30649.9 8500 38158.5 181323 351465 19.4887 -37.4015 -35.5104
1010000 FRAC0_S 0 1 -44081.9 -30364.2 8500 55124.6 -2122.93 5340.16 0.274974 4.66816 -6.41494
1010000 FRAC0_S 0 1 -44014.3 -30062.6 8500 49781.8 -2719.16 2728.22 0.222484 6.7231 -3.77253
1010000 FRAC0_S 0 1 -44043.2 -29754.9 8500 47442.5 1750.25 -877.683 0.200944 -4.80828 1.35712
1010000 FRAC0_S 0 1 -44165.8 -29471.3 8500 57655.3 -357.039 3375.74 0.29774 0.811886 -4.18944
Step FractureNumber TipNr TipActive TipX TipY TipZ KI KII KIII G Phi Psi Extension
1010101 FRAC0_S 0 1 -44369.9 -29239.4 8500 67461.9 -6214.37 16246.1 0.444094 9.34083 -13.0149
1010101 FRAC0_S 0 1 -44635.8 -29081.9 8500 62748 -15272.1 14166.3 0.398329 21.272 -11.207
1010101 FRAC0_S 0 1 -44941.5 -28998.3 8518.78 51514.9 -1700.06 6183.34 0.241822 3.94964 -7.76216
1010101 FRAC0_S 0 1 -45260.9 -28999 8557.94 277848 -317497 -109779 17.4648 48.8459 11.3438
1010101 FRAC0_S 0 1 -45564.9 -29111.5 8572.1 205345 -111145 -120325 6.78386 31.0903 18.9818
1010101 FRAC0_S 0 1 -45801.7 -29330.1 8545.47 124993 -83983.1 -131027 4.30403 30.3101 25.158
1010101 FRAC0_S 0 1 -45934.8 -29622 8512.54 56323.2 -33177.7 -84029.1 1.31987 24.2082 30.0323
1010101 FRAC0_S 0 1 -46001 -29941.3 8480.63 28260.9 -13034.9 -78438.3 0.904602 14.4116 36.9358
1010101 FRAC0_S 0 1 -45987.4 -30252.9 8461.25 39764.3 -29002.9 -46598.6 0.504657 30.7718 26.1218
1010101 FRAC0_S 0 1 -45849.5 -30532.6 8480.63 -142537 -126869 88929.6 2.48613 40.7925 -17.3251
1010101 FRAC0_S 0 1 -45630.1 -30760.6 8500 57298.5 27189.2 -10040.2 0.37184 -34.4772 7.91241
1010101 FRAC0_S 0 1 -45364.2 -30918.1 8500 55930.1 23514.8 -269.179 0.328034 -35.2072 0.263015
1010101 FRAC0_S 0 1 -45062.6 -30985.7 8500 40181 -22583.7 -20692.4 0.246265 32.7585 17.3107
1010101 FRAC0_S 0 1 -44754.9 -30956.8 8500 59126.9 19564.6 13976.3 0.371617 -26.4374 -11.0134
1010101 FRAC0_S 0 1 -44456 -30846.9 8484.81 47880.4 -21118 22962.8 0.314157 28.4582 -17.4191
1010101 FRAC0_S 0 1 -44208.8 -30655.4 8469.63 -12019.8 -21195.8 -227841 6.94428 10.9055 42.9389
1010101 FRAC0_S 0 1 -44066.6 -30376.8 8484.81 39917.8 -63745.9 62547.4 1.02441 43.397 -24.6792
1010101 FRAC0_S 0 1 -44014.3 -30062.6 8500 60290.2 5615.87 18932.6 0.374391 -8.96053 -15.7631
1010101 FRAC0_S 0 1 -44043.2 -29754.9 8500 48498.8 2680.74 10067.2 0.223718 -5.99364 -11.9293
1010101 FRAC0_S 0 1 -44165.8 -29471.3 8500 71092 -4513.1 17651.6 0.493623 6.61127 -13.5815