
Step FractureNumber TipNr TipActive TipX TipY TipZ KI KII KIII G Phi Psi Extension
1010000 FRAC0_S 0 1 30000 29254 7852.75 9.23126e+06 1.49532e+06 -8.17875e+06 16689.5 -10.6354 27.5679
1010000 FRAC0_S 0 1 30000 29487.6 7655.6 7.95844e+06 5.54172e+06 -6.79146e+06 14515 -33.0135 22.4094
1010000 FRAC0_S 0 1 30000 29773.6 7538.6 8.0395e+06 9.16175e+06 -5.37077e+06 17075.6 -45.2923 16.691
1010000 FRAC0_S 0 1 30000 30081.8 7515.7 7.28292e+06 1.01051e+07 -2.90075e+06 14944.9 -52.3642 10.4773
1010000 FRAC0_S 0 1 30000 30382 7589.16 7.85181e+06 1.10387e+07 -870720 16452.9 -56.3619 3.37277
1010000 FRAC0_S 0 1 30000 30644.7 7751.78 6.49944e+06 8.35737e+06 825048 10078.7 -54.7294 -4.01236
1010000 FRAC0_S 0 1 30000 30844.5 7987.64 9.93412e+06 1.11984e+07 3.0494e+06 21205.4 -49.8209 -9.31125
1010000 FRAC0_S 0 1 30000 30961.5 8273.65 1.0048e+07 8.95389e+06 4.61948e+06 18979 -43.0102 -13.9919
1010000 FRAC0_S 0 1 30000 30984.3 8581.81 1.25486e+07 8.4379e+06 6.49202e+06 25981.8 -36.3896 -16.5861
1010000 FRAC0_S 0 1 30000 30910.8 8881.97 1.17234e+07 3.89481e+06 7.60623e+06 21293.5 -21.5098 -22.0061
1010000 FRAC0_S 0 1 30000 30748.2 9144.74 1.70131e+07 6.41733e+06 9.39177e+06 41193.5 -24.6966 -19.6171
1010000 FRAC0_S 0 1 30000 30512.4 9344.4 1.72429e+07 -23553.5 1.04386e+07 40986 0.118971 -24.7038
1010000 FRAC0_S 0 1 30000 30226.4 9461.4 1.61876e+07 -2.66749e+06 9.32442e+06 35547.8 12.6253 -22.1965
1010000 FRAC0_S 0 1 30000 29918.2 9484.3 1.87479e+07 -8.35587e+06 9.08724e+06 48525.5 28.592 -17.5045
1010000 FRAC0_S 0 1 30000 29618 9410.84 1.43747e+07 -1.22547e+07 3.91573e+06 33834.6 44.9006 -9.45687
1010000 FRAC0_S 0 1 30000 29355.3 9248.22 1.81228e+07 -1.5624e+07 3.28167e+06 52452 46.6098 -6.6536
1010000 FRAC0_S 0 1 30000 29155.5 9012.36 1.69882e+07 -1.59316e+07 -688604 48397.9 50.6354 1.58429
1010000 FRAC0_S 0 1 30000 29038.5 8726.35 1.7105e+07 -1.51588e+07 -2.5829e+06 47435.8 47.6554 5.60019
1010000 FRAC0_S 0 1 30000 29015.7 8418.19 1.00145e+07 -7.05009e+06 -5.98107e+06 18123.8 36.2775 18.0207
1010000 FRAC0_S 0 1 30000 29089.2 8118.03 1.0925e+07 -3.56322e+06 -8.43069e+06 21220.3 20.0739 24.2269
Step FractureNumber TipNr TipActive TipX TipY TipZ KI KII KIII G Phi Psi Extension
1010101 FRAC0_S 0 1 29985.7 29182 7796.18 9.18108e+06 15195.3 -6.77107e+06 13609 -0.133167 27.1423
1010101 FRAC0_S 0 1 29950.4 29443.2 7586.6 1.02289e+07 353241 -6.22775e+06 14493.1 -2.91103 24.3681
1010101 FRAC0_S 0 1 29931.1 29756 7471.22 1.40441e+07 1.93e+06 -5.89232e+06 22525.4 -11.8115 18.6223
1010101 FRAC0_S 0 1 29921.8 30085.7 7455.39 1.27446e+07 560277 -3.35626e+06 15999.9 -4.62873 14.3734
1010101 FRAC0_S 0 1 29918.2 30403.4 7537.47 1.6271e+07 -823068 -1.37934e+06 23904.9 6.09863 5.63998
1010101 FRAC0_S 0 1 29919.3 30682.7 7708.77 1.66656e+07 599001 257390 24790.4 -4.70419 -1.13866
1010101 FRAC0_S 0 1 29924.3 30899.2 7955.78 1.80615e+07 1.72173e+06 2.47014e+06 30144.8 -10.4127 -8.25149
1010101 FRAC0_S 0 1 29932 31030.9 8258.57 1.9174e+07 1.13814e+06 3.19745e+06 34236 -6.61358 -9.99804
1010101 FRAC0_S 0 1 29944.1 31063.7 8589.96 1.86569e+07 842025 7.08605e+06 37758.8 -4.36399 -18.4459
1010101 FRAC0_S 0 1 29956.4 30991 8916.46 1.83835e+07 2.13614e+06 1.05077e+07 45206.5 -9.30677 -22.6307
1010101 FRAC0_S 0 1 29970 30817.1 9204.76 1.80125e+07 -1.08373e+06 1.02939e+07 43109.7 5.06716 -23.2713
1010101 FRAC0_S 0 1 29995.1 30561.1 9425.72 2.07702e+07 -631327 1.11315e+07 54958 2.69044 -22.8251
1010101 FRAC0_S 0 1 30022.9 30248.7 9552.15 2.40189e+07 605861 1.18615e+07 70153.2 -2.30543 -21.8698
1010101 FRAC0_S 0 1 30047.1 29913.3 9568.13 2.53236e+07 2.08639e+06 1.0405e+07 71932 -7.51121 -18.9637
1010101 FRAC0_S 0 1 30065.4 29591.3 9478.39 2.70295e+07 2.74898e+06 8.38902e+06 75136.5 -9.72026 -15.5498
1010101 FRAC0_S 0 1 30073.3 29312.4 9298.79 2.46974e+07 970569 3.62451e+06 56185 -4.56187 -9.1461
1010101 FRAC0_S 0 1 30075.3 29100.9 9045.68 3.2735e+07 1.92847e+06 1.09953e+06 95980.9 -7.34574 -2.36692
1010101 FRAC0_S 0 1 30071.1 28972.2 8740.62 2.24451e+07 -46098 -3.60424e+06 46619.8 0.247094 10.1437
1010101 FRAC0_S 0 1 30056.6 28937.5 8409.62 2.0819e+07 -2.19994e+06 -8.99016e+06 49803.9 9.29132 19.3041
1010101 FRAC0_S 0 1 30027.3 29007.2 8082.15 1.51837e+07 -2.33516e+06 -7.94115e+06 29417 12.2518 21.1183