
Step FractureNumber TipNr TipActive TipX TipY TipZ KI KII KIII G Phi Psi Extension
1010000 FRAC0_S 0 1 15846.5 29491.1 8500 1.59815e+06 -910870 -1.1029e+07 16479.4 9.10268 41.6425
1010000 FRAC0_S 0 1 15962.3 29777.6 8500 1.98772e+06 4.24202e+06 -1.11577e+07 18513.4 -29.9893 36.4643
1010000 FRAC0_S 0 1 15984 30085.8 8500 1.76804e+06 9.12182e+06 -9.54742e+06 19816.6 -48.5416 29.2365
1010000 FRAC0_S 0 1 15909.3 30385.7 8500 1.59493e+06 1.30178e+07 -7.32174e+06 22457.5 -58.4323 22.3595
1010000 FRAC0_S 0 1 15745.6 30647.8 8500 1.15576e+06 1.19244e+07 -3.13522e+06 14097 -65.0982 13.8476
1010000 FRAC0_S 0 1 15508.9 30846.5 8500 1.69053e+06 1.7141e+07 -459577 26464.5 -69.1304 1.83949
1010000 FRAC0_S 0 1 15222.4 30962.3 8500 2.14537e+07 1.57101e+07 2.94703e+06 64162.1 -44.0952 -5.55269
1010000 FRAC0_S 0 1 14914.1 30984 8500 1.801e+06 1.40108e+07 6.36871e+06 23176.2 -60.5034 -19.6755
1010000 FRAC0_S 0 1 14614.3 30909.3 8500 2.72321e+07 9.91609e+06 8.47889e+06 84406.6 -27.1198 -13.3552
1010000 FRAC0_S 0 1 14352.2 30745.6 8500 1.58781e+06 4.49639e+06 8.56868e+06 11791.4 -36.369 -34.3278
1010000 FRAC0_S 0 1 14153.5 30508.9 8500 1.55095e+06 693616 9.59165e+06 12493.2 -7.96377 -41.5376
1010000 FRAC0_S 0 1 14037.7 30222.4 8500 -2.2442e+07 -3.88825e+06 9.38438e+06 13060.1 14.4121 -18.2169
1010000 FRAC0_S 0 1 14016 29914.2 8500 1.71521e+06 -8.20119e+06 8.69981e+06 16322 48.0903 -29.2444
1010000 FRAC0_S 0 1 14090.7 29614.3 8500 907354 -1.14514e+07 6.58226e+06 17521.1 59.0551 -23.1208
1010000 FRAC0_S 0 1 14254.4 29352.2 8500 1.67613e+06 -1.27884e+07 3.32543e+06 16294.6 64.4671 -13.4272
1010000 FRAC0_S 0 1 14491.1 29153.5 8500 1.04891e+06 -1.06096e+07 502416 10162.2 68.8609 -3.16616
1010000 FRAC0_S 0 1 14777.6 29037.7 8500 1.23197e+06 -1.51746e+07 -2.7013e+06 21624.9 67.0339 10.3674
1010000 FRAC0_S 0 1 15085.9 29016 8500 1.56594e+06 -1.31079e+07 -5.68443e+06 19826.7 61.1216 19.2063
1010000 FRAC0_S 0 1 15385.7 29090.7 8500 7.06805e+06 -9.66844e+06 -8.02816e+06 21353.6 43.9883 21.8179
1010000 FRAC0_S 0 1 15670.2 29273.9 8500 1.99161e+06 -6.11356e+06 -1.04439e+07 18190.9 38.5384 33.4557
Step FractureNumber TipNr TipActive TipX TipY TipZ KI KII KIII G Phi Psi Extension
1010101 FRAC0_S 0 1 15922.7 29446 8510.99 5.74012e+06 -321939 -1.01561e+07 16663.9 2.75148 35.9041
1010101 FRAC0_S 0 1 16042.2 29756.5 8460.23 7.3873e+06 1.86779e+06 -1.0085e+07 18701 -12.8677 31.7004
1010101 FRAC0_S 0 1 16050.1 30088.9 8428.73 7.59247e+06 2.06641e+06 -6.83882e+06 11737.6 -16.4374 26.6629
1010101 FRAC0_S 0 1 15957.8 30404.2 8415.99 1.57653e+07 3.11621e+06 -7.61599e+06 30727.5 -15.4964 19.6928
1010101 FRAC0_S 0 1 15778.2 30674.3 8409.99 1.32743e+07 1.92512e+06 -3.28153e+06 17464.2 -13.824 12.8095
1010101 FRAC0_S 0 1 15530.1 30886.2 8413.21 1.43013e+07 3.25704e+06 -1.24151e+06 19375.8 -22.1537 5.00708
1010101 FRAC0_S 0 1 15234 31017.2 8420.09 2.12627e+07 -1.48358e+06 2.20479e+06 41129.4 8.07687 -6.63476
1010101 FRAC0_S 0 1 14907.4 31046.5 8427.69 1.2546e+07 5.54671e+06 4.72202e+06 19733.1 -29.8993 -14.7302
1010101 FRAC0_S 0 1 14582.6 30977.7 8440.62 9.17477e+06 5.40158e+06 7.6801e+06 17945.8 -29.8545 -22.9862
1010101 FRAC0_S 0 1 14295.9 30809.2 8455.49 8.61223e+06 9.79223e+06 1.97556e+07 67061.7 -31.3159 -31.5363
1010101 FRAC0_S 0 1 14074.3 30555.1 8484.47 3.19087e+07 -3.61085e+06 1.0355e+07 106152 10.5859 -15.9251
1010101 FRAC0_S 0 1 13952.6 30244.7 8527.58 -1.94923e+07 -8.86048e+06 8.95195e+06 17654.1 29.3033 -16.8172
1010101 FRAC0_S 0 1 13947.4 29911.7 8564.87 1.71667e+07 -2.83124e+06 1.3771e+07 52196.8 11.2457 -26.3206
1010101 FRAC0_S 0 1 14042.3 29595.8 8584.05 -5.93898e+06 -1.66023e+07 2.36216e+06 25304.1 62.2222 -7.1016
1010101 FRAC0_S 0 1 14221.7 29325.3 8589.88 1.03575e+07 -1.26727e+06 2.6178e+06 10614.1 11.9027 -13.2217
1010101 FRAC0_S 0 1 14471.5 29121.5 8592.21 1.24887e+07 4.53966e+06 536027 15772.9 -31.5081 -2.34966
1010101 FRAC0_S 0 1 14769.6 28998.9 8591.24 -1.40889e+06 3.45604e+06 512777 1099.32 -61.0616 -7.13743
1010101 FRAC0_S 0 1 15092.7 28966 8584.17 1.21925e+07 -7.13329e+06 -5.55056e+06 21878.7 34.3892 15.7609
1010101 FRAC0_S 0 1 15413.6 29030.9 8572.2 1.1377e+07 5.97365e+06 -2.48731e+06 15536.7 -35.8099 9.26097
1010101 FRAC0_S 0 1 15701.6 29195.6 8552.47 7.14267e+06 -4.64124e+06 -1.26509e+07 27751.8 24.0666 31.538