
Step FractureNumber TipNr TipActive TipX TipY TipZ KI KII KIII G Phi Psi Extension
1010000 FRAC0_S 0 1 15665.1 44272.3 8562.57 -5.40952e+06 -439730 4.33973e+06 2522.06 5.91166 -27.2355
1010000 FRAC0_S 0 1 15770.1 44407.5 8322.53 -4.86021e+06 -2.2556e+06 3.70009e+06 2274.22 26.1519 -22.8216
1010000 FRAC0_S 0 1 15806.4 44605.5 8088.12 -4.60225e+06 -3.93932e+06 2.95809e+06 2546.62 39.7441 -17.8806
1010000 FRAC0_S 0 1 15763.8 44842.2 7894.03 -4.93618e+06 -4.89271e+06 2.15422e+06 2750.38 45.4924 -12.9557
1010000 FRAC0_S 0 1 15646.5 45094.3 7759.26 -4.28394e+06 -5.747e+06 674302 3003.59 54.9838 -4.78214
1010000 FRAC0_S 0 1 15446.6 45358.5 7694.82 -2.39971e+06 -4.06383e+06 -944031 1590.15 55.737 9.40447
1010000 FRAC0_S 0 1 15239.6 45547.1 7713.33 -4.09543e+06 -4.94507e+06 -1.70873e+06 2567.39 49.591 11.5652
1010000 FRAC0_S 0 1 14990 45703.3 7806.67 -4.41975e+06 -4.25163e+06 -2.81166e+06 2662.21 42.2393 17.1201
1010000 FRAC0_S 0 1 14741.3 45790.8 7967.88 -4.4236e+06 -2.71245e+06 -3.41051e+06 2202.61 31.3761 21.7725
1010000 FRAC0_S 0 1 14517.9 45800.9 8181.18 -4.0114e+06 -949866 -3.54427e+06 1751.13 14.7617 26.7726
1010000 FRAC0_S 0 1 14341.7 45732.6 8425.69 -4.65321e+06 458456 -3.87144e+06 2012.14 -6.96263 27.4863
1010000 FRAC0_S 0 1 14229.9 45592.5 8677.47 -5.05527e+06 2.13144e+06 -3.72719e+06 2252.46 -24.6716 22.7889
1010000 FRAC0_S 0 1 14193.6 45394.5 8911.88 -3.98301e+06 2.75383e+06 -2.51796e+06 1519.01 -35.4602 18.7788
1010000 FRAC0_S 0 1 14236.2 45157.8 9105.97 -5.8551e+06 5.04164e+06 -2.56332e+06 3138.91 -42.618 13.6574
1010000 FRAC0_S 0 1 14353.5 44905.7 9240.74 -5.81976e+06 6.23691e+06 -1.53982e+06 3781.65 -49.4907 8.41033
1010000 FRAC0_S 0 1 14534.1 44662.8 9303.01 -5.6333e+06 6.28793e+06 -87767.1 3524.26 -54.1131 0.568296
1010000 FRAC0_S 0 1 14760.4 44452.9 9286.67 -6.1886e+06 6.70602e+06 1.29118e+06 4229.07 -50.5389 -6.82612
1010000 FRAC0_S 0 1 15010 44296.7 9193.33 -6.08541e+06 5.64211e+06 2.60857e+06 3741.69 -44.2561 -13.1001
1010000 FRAC0_S 0 1 15258.7 44209.2 9032.12 -5.5708e+06 3.60039e+06 3.3873e+06 2681.14 -34.3832 -18.6376
1010000 FRAC0_S 0 1 15482.1 44199.1 8818.82 -5.52739e+06 1.94168e+06 3.71971e+06 2176.18 -22.1873 -22.2839
Step FractureNumber TipNr TipActive TipX TipY TipZ KI KII KIII G Phi Psi Extension
1010101 FRAC0_S 0 1 15724.1 44202.2 8585.38 -4.29998e+06 -246968 4.78452e+06 3050.02 3.65623 -31.3175
1010101 FRAC0_S 0 1 15860.7 44377.8 8331.76 -2.83421e+06 -4.04718e+06 4.33038e+06 3953.63 41.4154 -25.2035
1010101 FRAC0_S 0 1 15903.9 44609 8092.42 -467573 -4.3991e+06 2.74079e+06 2723.55 57.5496 -23.8182
1010101 FRAC0_S 0 1 15857.6 44871.9 7895.39 980381 -5.30713e+06 1.66516e+06 2964.26 62.2536 -14.8852
1010101 FRAC0_S 0 1 15731.3 45144.9 7761.4 2.40736e+06 -5.82918e+06 635548 3598.04 61.7658 -5.41816
1010101 FRAC0_S 0 1 15539.1 45403.8 7697.1 2.14802e+06 -5.97565e+06 -890066 3698.49 62.0478 7.38038
1010101 FRAC0_S 0 1 15297.6 45626.6 7706.69 1.06307e+06 -3.4333e+06 -1.59788e+06 1490.67 56.6546 18.1825
1010101 FRAC0_S 0 1 15025.8 45793.7 7794.19 -4588.34 -3.80695e+06 -2.41179e+06 2065.09 59.4469 25.2719
1010101 FRAC0_S 0 1 14746.5 45886.2 7952.5 -1.31117e+06 -2.25169e+06 -2.91685e+06 1583.36 40.1969 28.4248
1010101 FRAC0_S 0 1 14485.3 45888.7 8165.33 -3.3566e+06 -1.38038e+06 -4.44875e+06 2802.05 19.4576 30.0359
1010101 FRAC0_S 0 1 14273.3 45796.8 8412.39 -2.69826e+06 522801 -2.97441e+06 1201.02 -11.3154 29.8412
1010101 FRAC0_S 0 1 14139.3 45624.2 8670.08 -3.07645e+06 3.38294e+06 -3.86982e+06 3011.54 -38.3432 24.5907
1010101 FRAC0_S 0 1 14095.9 45394.8 8911.68 -1.43846e+06 5.30433e+06 -3.24434e+06 3907.11 -54.6104 21.856
1010101 FRAC0_S 0 1 14141.6 45131.4 9110.32 -251279 6.12955e+06 -2.3646e+06 4091.64 -63.7372 18.6772
1010101 FRAC0_S 0 1 14267.7 44857.2 9244.89 1.11337e+06 6.88554e+06 -1.45597e+06 4617.17 -64.8307 11.2288
1010101 FRAC0_S 0 1 14460.4 44596.9 9306.17 1.44277e+06 5.75529e+06 -26952.8 3137.21 -67.1034 0.290518
1010101 FRAC0_S 0 1 14701.9 44373.5 9292.42 1.07704e+06 5.94879e+06 1.05609e+06 3405.14 -65.1235 -9.62905
1010101 FRAC0_S 0 1 14972.5 44206.4 9202.8 -314213 6.36044e+06 2.44433e+06 4399.6 -63.5943 -18.5368
1010101 FRAC0_S 0 1 15249.2 44112.8 9042.57 -1.99855e+06 5.60971e+06 3.59459e+06 4522.7 -52.5517 -21.6299
1010101 FRAC0_S 0 1 15509.1 44109 8829.19 -2.82903e+06 2.36555e+06 3.1544e+06 1822.03 -34.0473 -24.7592