
Step FractureNumber TipNr TipActive TipX TipY TipZ KI KII KIII G Phi Psi Extension
1010000 FRAC0_S 0 1 7146.93 -29195.6 8048.62 -1.04733e+07 1.9706e+06 876878 448.303 -19.1788 -4.99156
1010000 FRAC0_S 0 1 6940.16 -29217.4 8277.23 -1.15384e+07 -9.0272e+06 -813875 7349.7 46.6332 2.92148
1010000 FRAC0_S 0 1 6788.2 -29315.8 8527.64 -4.07341e+06 5.18111e+06 519702 2427.98 -54.5422 -4.05402
1010000 FRAC0_S 0 1 6705.9 -29481.2 8775.34 -4.62691e+06 -1.31305e+06 -5.42339e+06 4065.58 15.2425 29.7101
1010000 FRAC0_S 0 1 6701.34 -29697.4 8996.1 -4.5715e+06 623000 -5.70226e+06 4359.18 -7.77541 31.7805
1010000 FRAC0_S 0 1 6774.95 -29943.2 9168.29 -1.04551e+07 -6.52443e+06 1.41627e+06 4060.03 40.8485 -5.80955
1010000 FRAC0_S 0 1 6919.54 -30194.6 9275.06 -4.23705e+06 4.38681e+06 -4.77688e+06 4749.72 -38.3285 23.611
1010000 FRAC0_S 0 1 7120.95 -30427 9305.97 -4.26148e+06 741104 130084 51.1929 -18.7551 -1.95566
1010000 FRAC0_S 0 1 7359.47 -30617.4 9257.98 -9.25257e+06 3.85705e+06 -4.39711e+06 3897.17 -27.4467 17.5092
1010000 FRAC0_S 0 1 7611.74 -30747.5 9135.8 -6.31925e+06 7.19133e+06 -900569 4716.21 -52.4307 4.74544
1010000 FRAC0_S 0 1 7853.07 -30804.4 8951.38 -5.56745e+06 8.62202e+06 2.41477e+06 7399.91 -53.8226 -10.6457
1010000 FRAC0_S 0 1 8059.84 -30782.6 8722.77 -3.87439e+06 4.52352e+06 2.79319e+06 2861.05 -45.1521 -17.4123
1010000 FRAC0_S 0 1 8211.8 -30684.2 8472.36 -4.9911e+06 2.71322e+06 4.77243e+06 3685.21 -27.1344 -25.0072
1010000 FRAC0_S 0 1 8294.1 -30518.8 8224.66 -4.33741e+06 -219823 4.37459e+06 2549.53 3.40317 -30.2865
1010000 FRAC0_S 0 1 8298.66 -30302.6 8003.9 -1.12348e+06 -7.65762e+06 1.03022e+06 5366.49 66.627 -7.82642
1010000 FRAC0_S 0 1 8225.05 -30056.8 7831.71 -5.47651e+06 -5.62475e+06 3.48617e+06 4435.64 43.5749 -16.756
1010000 FRAC0_S 0 1 8080.46 -29805.4 7724.94 -5.1783e+06 -6.97766e+06 1.92079e+06 4829.25 52.1968 -10.0288
1010000 FRAC0_S 0 1 7879.05 -29573 7694.03 -5.21951e+06 -7.68484e+06 316430 5275.86 57.7265 -1.84797
1010000 FRAC0_S 0 1 7640.53 -29382.6 7742.02 -5.25006e+06 -7.66323e+06 -1.25047e+06 5440.97 55.2552 6.62915
1010000 FRAC0_S 0 1 7388.26 -29252.5 7864.2 -4.23588e+06 -5.32112e+06 -2.31985e+06 3238.86 48.6726 13.9764
Step FractureNumber TipNr TipActive TipX TipY TipZ KI KII KIII G Phi Psi Extension
1010101 FRAC0_S 0 1 7130.31 -29119.1 8024.39 -2.64168e+06 -4.76878e+06 -3.11598e+06 3317.81 49.0576 20.1975
1010101 FRAC0_S 0 1 6906.3 -29156.4 8263.58 -3.09409e+06 -3.88567e+06 -3.76897e+06 3234.71 41.4623 23.2928
1010101 FRAC0_S 0 1 6728.93 -29278.6 8522.07 -4.12179e+06 3.39041e+06 -970061 1149.46 -44.7753 8.48875
1010101 FRAC0_S 0 1 6630.51 -29444.3 8795.52 -5.57353e+06 -692856 -5.29534e+06 3772.18 8.13835 28.8021
1010101 FRAC0_S 0 1 6637.33 -29659.1 9049.83 -4.87582e+06 -866726 -5.38961e+06 3930.31 10.4758 30.0284
1010101 FRAC0_S 0 1 6723.6 -29929.4 9229.69 -9.94837e+06 -1.01737e+07 2.97063e+06 10397 48.0919 -9.48776
1010101 FRAC0_S 0 1 6860.42 -30224.6 9324.86 -3.13118e+06 5.49337e+06 -4.9475e+06 5944.63 -45.1979 24.0485
1010101 FRAC0_S 0 1 7063.21 -30490 9352.14 -3.80076e+06 -1.34094e+06 2.22424e+06 818.213 23.1666 -20.5441
1010101 FRAC0_S 0 1 7316.4 -30696.4 9291.78 796784 7.67133e+06 -1.52233e+06 5608.86 -66.228 11.1193
1010101 FRAC0_S 0 1 7576.11 -30837.6 9138.01 2.17062e+06 7.56027e+06 711072 5580.42 -64.6687 -5.15858
1010101 FRAC0_S 0 1 7830.36 -30899 8933.68 1.62835e+06 5.54259e+06 2.0208e+06 3516.88 -58.9672 -15.5533
1010101 FRAC0_S 0 1 8062.44 -30876.7 8698.15 -212374 4.64769e+06 3.14358e+06 3239.18 -57.693 -25.5451
1010101 FRAC0_S 0 1 8251.4 -30764.6 8445.6 -2.2697e+06 2.94084e+06 4.16006e+06 3072.39 -37.0426 -28.124
1010101 FRAC0_S 0 1 8366.66 -30555 8213.52 -2.09927e+06 -466863 4.01825e+06 2166.88 9.57473 -35.3109
1010101 FRAC0_S 0 1 8385.37 -30285.5 8012.03 529206 -4.02536e+06 4.59873e+06 4281.58 48.0301 -30.8584
1010101 FRAC0_S 0 1 8313.22 -30014.3 7834.75 -810700 -5.90544e+06 1.16565e+06 3288.36 65.5988 -10.8138
1010101 FRAC0_S 0 1 8161.85 -29749.6 7722.7 2.35993e+06 -6.406e+06 1.37692e+06 4405.22 60.4985 -9.98059
1010101 FRAC0_S 0 1 7948 -29501.9 7696.96 3.25735e+06 -6.20334e+06 -322480 4388.39 60.6273 2.53524
1010101 FRAC0_S 0 1 7694.61 -29299.7 7745.39 5.75333e+06 -9.34771e+06 -155335 10739.2 59.5004 0.790749
1010101 FRAC0_S 0 1 7406.91 -29170.6 7850.01 488892 -4.3463e+06 -4.35086e+06 4222.31 50.5694 29.5408