
Step FractureNumber TipNr TipActive TipX TipY TipZ KI KII KIII G Phi Psi Extension
1010000 FRAC0_S 0 1 -14934.8 -21836.5 7771.28 -2.05938e+07 -9.90959e+06 -830022 8842.23 37.2752 2.04306
1010000 FRAC0_S 0 1 -15186.4 -21727.3 7913.68 -6.27776e+06 -7.66267e+06 -3.78903e+06 7141.68 47.4322 15.1625
1010000 FRAC0_S 0 1 -15419.7 -21693.8 8113.48 -6.27325e+06 -5.64118e+06 -5.05306e+06 6231.69 38.8083 20.3023
1010000 FRAC0_S 0 1 -15611.9 -21739.2 8351.11 3.41791e+06 -2.33426e+06 -5.98246e+06 6286.58 25.079 31.1884
1010000 FRAC0_S 0 1 -15744.3 -21859 8603.32 -1.7416e+07 -2.1691e+06 -6.41899e+06 5899.31 11.1909 17.2432
1010000 FRAC0_S 0 1 -15803.8 -22041.6 8845.42 -5.66771e+06 1.49078e+06 -6.0364e+06 5044.32 -14.9239 28.7769
1010000 FRAC0_S 0 1 -15784.6 -22269.1 9053.69 -5.64442e+06 3.95321e+06 -5.61312e+06 5583.04 -31.6572 24.2899
1010000 FRAC0_S 0 1 -15688.6 -22519.1 9207.78 -2.26388e+06 3.39928e+06 -3.55312e+06 2708.75 -42.1141 25.1662
1010000 FRAC0_S 0 1 -15525.3 -22767.4 9292.58 -5.00396e+06 6.81656e+06 -2.99094e+06 5330.32 -49.6048 14.4052
1010000 FRAC0_S 0 1 -15310.4 -22989.4 9299.79 4.7779e+06 6.86803e+06 -662126 6295.84 -56.3252 4.1006
1010000 FRAC0_S 0 1 -15065.2 -23163.5 9228.72 -1.16703e+07 7.77343e+06 -748865 5459.17 -43.5212 2.84733
1010000 FRAC0_S 0 1 -14813.6 -23272.7 9086.32 -5.85023e+06 8.30617e+06 2.39284e+06 6909.43 -52.6332 -10.588
1010000 FRAC0_S 0 1 -14580.3 -23306.2 8886.52 -5.66027e+06 6.32809e+06 4.12846e+06 5835.27 -44.1779 -17.815
1010000 FRAC0_S 0 1 -14388.1 -23260.8 8648.89 -4.55988e+06 3.3956e+06 4.40559e+06 3608.88 -33.1759 -23.608
1010000 FRAC0_S 0 1 -14255.7 -23141 8396.68 -5.97907e+06 890700 6.32626e+06 5393.56 -9.13075 -29.8093
1010000 FRAC0_S 0 1 -14196.2 -22958.4 8154.58 9.5502e+06 -4.3312e+06 4.1648e+06 12106 29.5687 -16.2436
1010000 FRAC0_S 0 1 -14215.4 -22730.9 7946.31 -6.19046e+06 -5.1759e+06 5.28806e+06 6106.41 36.7485 -21.4394
1010000 FRAC0_S 0 1 -14311.4 -22480.9 7792.22 -7.72346e+06 -8.32368e+06 4.59083e+06 8976.94 45.078 -15.7179
1010000 FRAC0_S 0 1 -14474.7 -22232.6 7707.42 -9.79517e+06 -9.33195e+06 2.44225e+06 8553.46 47.4678 -8.40867
1010000 FRAC0_S 0 1 -14689.6 -22010.6 7700.21 -1.05845e+07 -1.01458e+07 -141466 9175.44 51.5137 0.527158
Step FractureNumber TipNr TipActive TipX TipY TipZ KI KII KIII G Phi Psi Extension
1010101 FRAC0_S 0 1 -14891 -21749.4 7758.69 4.06908e+06 -1.20346e+07 -3.32542e+06 15852.2 59.8606 12.3835
1010101 FRAC0_S 0 1 -15185.6 -21625.2 7928.14 -553739 -7.62901e+06 -3.13531e+06 6493.77 62.5633 19.075
1010101 FRAC0_S 0 1 -15418.6 -21596.5 8119.62 -723171 -6.71795e+06 -4.96488e+06 7300.06 55.285 25.9303
1010101 FRAC0_S 0 1 -15642.6 -21648.3 8363.31 -2.88265e+06 -4.83413e+06 -5.68395e+06 6379.26 41.394 27.147
1010101 FRAC0_S 0 1 -15807 -21790.5 8621.49 -4.22512e+06 -1.67835e+06 -6.21302e+06 5385.02 18.0494 31.3194
1010101 FRAC0_S 0 1 -15890.7 -22010.5 8864.6 -3.7212e+06 2.71177e+06 -6.18097e+06 5736.47 -26.8623 30.2972
1010101 FRAC0_S 0 1 -15879.6 -22276.8 9070.75 -1.33857e+07 9.15304e+06 -4.86938e+06 10619 -38.9467 12.816
1010101 FRAC0_S 0 1 -15777.9 -22557.2 9221.36 613608 7.11377e+06 -4.0773e+06 6754.06 -58.9464 23.0041
1010101 FRAC0_S 0 1 -15603.5 -22827.1 9299.42 2.71802e+06 7.45583e+06 -2.70557e+06 6585.45 -57.5869 14.9291
1010101 FRAC0_S 0 1 -15373.9 -23064.6 9303.67 3.28911e+06 7.86292e+06 -1.16984e+06 6655.3 -60.8334 7.10788
1010101 FRAC0_S 0 1 -15112.5 -23250 9232.34 3.15926e+06 1.00434e+07 571018 9921.36 -64.8657 -3.17693
1010101 FRAC0_S 0 1 -14844.5 -23366.1 9081.78 2.37277e+06 7.93344e+06 1.92441e+06 6602.77 -61.3589 -11.4558
1010101 FRAC0_S 0 1 -14593.9 -23403 8877.98 873464 7.21503e+06 3.74614e+06 6573.22 -59.3341 -21.3836
1010101 FRAC0_S 0 1 -14364.1 -23351.9 8631.48 -1.4193e+06 3.62619e+06 3.65669e+06 2950.12 -46.1832 -26.949
1010101 FRAC0_S 0 1 -14193.2 -23204.6 8381.71 -4.17796e+06 1.3844e+06 6.90229e+06 6507.12 -14.6858 -33.0734
1010101 FRAC0_S 0 1 -14105.7 -22978.6 8146.16 -3.20223e+06 -4.08461e+06 6.11689e+06 6463.09 36.1626 -28.7232
1010101 FRAC0_S 0 1 -14118.9 -22715.4 7938.2 -4.3722e+06 -3.96109e+06 754298 1473.83 47.7237 -6.2469
1010101 FRAC0_S 0 1 -14222.1 -22440.6 7781.84 1.32936e+06 -8.45579e+06 3.46906e+06 8129.45 60.8254 -18.1545
1010101 FRAC0_S 0 1 -14396.8 -22172.7 7697.84 7.3758e+06 -2.35672e+06 208298 5348.5 29.2562 -1.61991
1010101 FRAC0_S 0 1 -14627.6 -21935.3 7688.74 2.81486e+06 -1.00702e+07 -446961 9769.19 65.8099 2.57789