
Step FractureNumber TipNr TipActive TipX TipY TipZ KI KII KIII G Phi Psi Extension
1010000 FRAC0_S 0 1 -14708 -6995.02 7702.98 954233 471517 1.16331e+06 280.939 -23.1749 -28.3845
1010000 FRAC0_S 0 1 -14954.6 -6825.44 7779.98 958017 -90722.3 1.22106e+06 280.82 5.48387 -32.4106
1010000 FRAC0_S 0 1 -15205.6 -6721.88 7927.46 1.06639e+06 -683711 1.25822e+06 353.546 28.2025 -26.8506
1010000 FRAC0_S 0 1 -15436.5 -6694.5 8130.99 904572 -1.08595e+06 947363 297.369 42.185 -21.7207
1010000 FRAC0_S 0 1 -15624.7 -6745.96 8370.63 961281 -1.51466e+06 687881 349.712 50.9804 -15.3989
1010000 FRAC0_S 0 1 -15751.7 -6871.23 8622.94 1.12943e+06 -1.13631e+06 526834 265.642 45.3766 -13.5407
1010000 FRAC0_S 0 1 -15805.2 -7058.05 8863.21 921726 -1.80927e+06 -50691.8 367.746 61.4457 1.41047
1010000 FRAC0_S 0 1 -15779.8 -7288.14 9067.93 909607 -1.70607e+06 -416118 356.127 56.6154 10.084
1010000 FRAC0_S 0 1 -15678.1 -7538.95 9217.06 942735 -1.59045e+06 -818491 393.704 50.6712 17.0799
1010000 FRAC0_S 0 1 -15510 -7785.96 9296 840022 -910910 -931194 252.146 39.4731 23.1027
1010000 FRAC0_S 0 1 -15292 -8004.98 9297.02 823489 -434492 -1.05926e+06 226.482 23.7895 28.7598
1010000 FRAC0_S 0 1 -15045.4 -8174.56 9220.02 860543 72384.9 -1.12054e+06 233.453 -4.84802 32.7369
1010000 FRAC0_S 0 1 -14794.4 -8278.12 9072.54 1.09128e+06 604369 -1.18602e+06 325.754 -26.283 26.5128
1010000 FRAC0_S 0 1 -14563.5 -8305.5 8869.01 692668 1.3641e+06 -851505 305 -50.2658 20.0085
1010000 FRAC0_S 0 1 -14375.3 -8254.04 8629.37 742375 1.66057e+06 -571236 338.23 -56.3448 13.7637
1010000 FRAC0_S 0 1 -14248.3 -8128.77 8377.06 1.11936e+06 1.96929e+06 -375793 476.012 -56.9622 8.07248
1010000 FRAC0_S 0 1 -14194.8 -7941.95 8136.79 791235 1.38875e+06 41556.4 227.878 -60.163 -1.44753
1010000 FRAC0_S 0 1 -14220.2 -7711.86 7932.07 960148 1.64176e+06 426329 346.509 -55.3262 -10.3271
1010000 FRAC0_S 0 1 -14321.9 -7461.05 7782.94 1.0078e+06 1.49365e+06 825593 379.963 -48.7434 -17.3234
1010000 FRAC0_S 0 1 -14490 -7214.04 7704 963935 990914 1.01365e+06 306.951 -38.9334 -22.7867
Step FractureNumber TipNr TipActive TipX TipY TipZ KI KII KIII G Phi Psi Extension
1010101 FRAC0_S 0 1 -14702.2 -6967.95 7613.02 1.45944e+06 77540.8 1.51032e+06 493.718 -3.51708 -30.5525
1010101 FRAC0_S 0 1 -14946.1 -6758.44 7716.28 1.49294e+06 -214365 1.6827e+06 579.297 8.57292 -30.5863
1010101 FRAC0_S 0 1 -15197.1 -6630.35 7901.57 1.57383e+06 -236534 1.34507e+06 466.331 10.1012 -27.2527
1010101 FRAC0_S 0 1 -15430 -6597.49 8139.73 1.73207e+06 -135148 1.04018e+06 412.866 6.35653 -23.6821
1010101 FRAC0_S 0 1 -15623.8 -6653.24 8404.16 2.06291e+06 -544583 766558 483.797 20.7729 -16.0176
1010101 FRAC0_S 0 1 -15753.7 -6787.07 8674.08 2.27417e+06 -394929 368497 492.82 17.0187 -8.97671
1010101 FRAC0_S 0 1 -15801.2 -6985.55 8929.78 2.42841e+06 -185151 -42097.6 528.788 9.42046 1.22816
1010101 FRAC0_S 0 1 -15774.2 -7229.57 9147.6 2.3746e+06 -110819 -404249 525.298 5.26605 10.2659
1010101 FRAC0_S 0 1 -15677.1 -7499.28 9307.09 1.8327e+06 -444767 -1.03781e+06 460.176 17.5221 21.1832
1010101 FRAC0_S 0 1 -15512.3 -7774.12 9392.41 1.81381e+06 -290133 -1.03833e+06 444.055 12.3298 22.171
1010101 FRAC0_S 0 1 -15285.6 -8043.29 9384.57 955141 124037 -1.33213e+06 318.684 -7.01634 33.0195
1010101 FRAC0_S 0 1 -15052.9 -8240.95 9284.79 1.42001e+06 -19764.1 -1.29818e+06 403.86 1.00695 29.5643
1010101 FRAC0_S 0 1 -14804.3 -8368.58 9097.56 1.07183e+06 13187.7 -799559 187.412 -0.976253 27.1527
1010101 FRAC0_S 0 1 -14576.6 -8400.41 8855.16 1.86356e+06 -40374.8 -982645 438.034 1.9445 22.7285
1010101 FRAC0_S 0 1 -14387.6 -8344.14 8590.05 1.91049e+06 -50966.3 -759282 402.157 2.59799 19.1975
1010101 FRAC0_S 0 1 -14257.4 -8211 8322.17 2.14316e+06 -6.73474 -412216 431.895 0.000368971 11.7237
1010101 FRAC0_S 0 1 -14202 -8013.81 8068.75 2.48811e+06 -76341.2 -64073.6 552.716 4.00703 1.88174
1010101 FRAC0_S 0 1 -14223.4 -7770 7852.05 2.33333e+06 701017 808356 615.85 -23.2104 -14.9479
1010101 FRAC0_S 0 1 -14320.6 -7499.81 7692.51 2.43282e+06 349991 890548 643.802 -12.7035 -16.9703
1010101 FRAC0_S 0 1 -14486.4 -7225.05 7607.47 1.21821e+06 94701.9 792378 216.548 -6.15595 -24.6825