
Step FractureNumber TipNr TipActive TipX TipY TipZ KI KII KIII G Phi Psi Extension
1010000 FRAC0_S 0 1 29664.6 -29071 8500 3.52694e+06 1.02692e+07 -3.97395e+06 12606 -57.5277 15.7929
1010000 FRAC0_S 0 1 29393.9 -29220.1 8500 4.27548e+06 1.24827e+07 -1.36785e+06 15762.6 -63.2148 5.69823
1010000 FRAC0_S 0 1 29182.6 -29445.6 8500 3.69658e+06 1.03427e+07 1.24902e+06 10957.3 -62.6748 -6.15217
1010000 FRAC0_S 0 1 29051.3 -29725.3 8500 4.0028e+06 9.7286e+06 3.50215e+06 11492.9 -56.7247 -14.4881
1010000 FRAC0_S 0 1 29012.8 -30032 8500 3.92586e+06 7.64532e+06 5.62187e+06 10785.5 -48.413 -21.9765
1010000 FRAC0_S 0 1 29071 -30335.4 8500 3.86938e+06 4.56038e+06 7.14356e+06 9974.43 -34.994 -28.8355
1010000 FRAC0_S 0 1 29220.1 -30606.1 8500 2.73782e+06 901042 5.2351e+06 4385.31 -13.4936 -34.5303
1010000 FRAC0_S 0 1 29445.6 -30817.4 8500 3.55807e+06 -1.82021e+06 6.70414e+06 7401.11 19.5022 -33.1197
1010000 FRAC0_S 0 1 29725.3 -30948.7 8500 2.90375e+06 -3.81775e+06 4.82482e+06 5146.25 38.6376 -26.8314
1010000 FRAC0_S 0 1 30032 -30987.2 8500 3.42495e+06 -7.51707e+06 4.96991e+06 9365.68 50.516 -21.1431
1010000 FRAC0_S 0 1 30335.4 -30929 8500 2.51467e+06 -6.84595e+06 2.33105e+06 5462.51 57.9757 -14.2396
1010000 FRAC0_S 0 1 30606.1 -30779.9 8500 2.89577e+06 -8.51606e+06 920098 7322.37 63.2977 -5.63596
1010000 FRAC0_S 0 1 30817.4 -30554.4 8500 3.04671e+06 -9.03739e+06 -960457 8227.85 63.3944 5.56416
1010000 FRAC0_S 0 1 30948.7 -30274.7 8500 3.0178e+06 -7.9777e+06 -2.59976e+06 7381.74 58.0486 13.7089
1010000 FRAC0_S 0 1 30987.2 -29968 8500 3.39335e+06 -7.65772e+06 -4.62405e+06 9095.34 51.6877 20.1378
1010000 FRAC0_S 0 1 30929 -29664.6 8500 3.3475e+06 -5.00327e+06 -5.92695e+06 7901.34 40.4637 26.6926
1010000 FRAC0_S 0 1 30779.9 -29393.9 8500 3.22283e+06 -1.78811e+06 -6.62315e+06 7044.67 19.8638 33.7095
1010000 FRAC0_S 0 1 30554.4 -29182.6 8500 3.41252e+06 658825 -6.48055e+06 6662.06 -8.46825 35.4571
1010000 FRAC0_S 0 1 30274.7 -29051.3 8500 3.67343e+06 4.63284e+06 -6.85002e+06 9355.78 -36.2535 28.512
1010000 FRAC0_S 0 1 29968 -29012.8 8500 3.97402e+06 7.97426e+06 -5.85868e+06 11638.8 -48.6566 22.0906
Step FractureNumber TipNr TipActive TipX TipY TipZ KI KII KIII G Phi Psi Extension
1010101 FRAC0_S 0 1 29648 -29020.4 8416.73 1.47304e+07 1.46607e+06 -3.82412e+06 21472.1 -9.87658 13.6947
1010101 FRAC0_S 0 1 29366.1 -29183.3 8412.06 1.22298e+07 1.40651e+06 -1.12302e+06 13672 -12.7058 5.74386
1010101 FRAC0_S 0 1 29143.5 -29420 8412.36 1.63541e+07 2.59378e+06 1.10924e+06 24596.3 -16.9341 -4.21279
1010101 FRAC0_S 0 1 28998.8 -29711.8 8417.29 1.18632e+07 1.44174e+06 3.32447e+06 14196.1 -11.6116 -14.2745
1010101 FRAC0_S 0 1 28947.3 -30036.1 8427.37 1.1262e+07 1.79596e+06 5.77074e+06 16018.6 -12.7169 -20.8061
1010101 FRAC0_S 0 1 28996.7 -30364.8 8446.8 8.90376e+06 1.65995e+06 7.27639e+06 14351.7 -12.4204 -26.3239
1010101 FRAC0_S 0 1 29149.2 -30662.4 8482.35 6.24913e+06 656061 6.65809e+06 9414.16 -6.60808 -30.3373
1010101 FRAC0_S 0 1 29384.3 -30883.5 8524.95 6.64129e+06 -780080 7.09643e+06 10682.4 7.32047 -30.2423
1010101 FRAC0_S 0 1 29701.7 -31021.6 8558.86 6.07636e+06 -1.28413e+06 4.91133e+06 6645.19 13.8832 -25.9309
1010101 FRAC0_S 0 1 30032 -31050.1 8575.39 8.97388e+06 -2.14067e+06 3.85313e+06 9559.03 18.5909 -17.8926
1010101 FRAC0_S 0 1 30351.8 -30978.6 8584.02 1.02228e+07 -888549 2.54154e+06 10242 8.8149 -13.3764
1010101 FRAC0_S 0 1 30633.6 -30816.3 8588.21 1.10287e+07 -918585 1.18431e+06 11100.4 9.45077 -6.76624
1010101 FRAC0_S 0 1 30855.5 -30579.6 8588.25 9.61412e+06 -816321 -760273 8372.81 9.84 5.14684
1010101 FRAC0_S 0 1 30998.9 -30287.9 8584.39 9.61801e+06 -1.21968e+06 -2.46789e+06 9185.81 12.2452 13.332
1010101 FRAC0_S 0 1 31048.8 -29964.3 8576.67 8.96722e+06 -1.94903e+06 -3.82083e+06 9445.57 17.2911 18.0045
1010101 FRAC0_S 0 1 30998.9 -29636.7 8560.56 6.83036e+06 -1.12604e+06 -5.21139e+06 7882.41 11.4602 25.701
1010101 FRAC0_S 0 1 30848.8 -29338.2 8529.53 5.33435e+06 -597795 -5.97136e+06 7309.89 6.85427 30.824
1010101 FRAC0_S 0 1 30606.4 -29107.9 8486.35 5.73183e+06 575047 -6.45975e+06 8506.95 -6.164 31.0183
1010101 FRAC0_S 0 1 30299.3 -28975.5 8447.98 8.10104e+06 1.55572e+06 -6.87738e+06 12354.4 -12.5531 26.7346
1010101 FRAC0_S 0 1 29968.1 -28947.8 8426.59 1.09168e+07 1.65607e+06 -5.79226e+06 15326.5 -12.0552 21.3181