
Step FractureNumber TipNr TipActive TipX TipY TipZ KI KII KIII G Phi Psi Extension
1010000 FRAC0_S 0 1 103.378 -44017.8 8500 -1.29574e+06 -4.99151e+06 516267 2255.64 65.0346 -5.72881
1010000 FRAC0_S 0 1 -193.121 -44031.3 8500 -1.30159e+06 -4.93588e+06 -844175 2265.76 63.5732 8.82914
1010000 FRAC0_S 0 1 -493.726 -44144.6 8500 -1.38244e+06 -4.81757e+06 -1.97652e+06 2587.74 58.1868 16.9267
1010000 FRAC0_S 0 1 -733.904 -44339 8500 -1.26614e+06 -3.1703e+06 -2.70117e+06 1866.04 48.3736 24.7923
1010000 FRAC0_S 0 1 -902.243 -44598.1 8500 -1.14058e+06 -2.07916e+06 -3.0425e+06 1616.37 38.7658 30.1066
1010000 FRAC0_S 0 1 -982.264 -44896.6 8500 -1.06671e+06 -401115 -3.37781e+06 1531.82 11.1093 38.337
1010000 FRAC0_S 0 1 -966.133 -45205.2 8500 -989672 894287 -3.00763e+06 1274.36 -23.2553 35.4832
1010000 FRAC0_S 0 1 -855.431 -45493.7 8500 -812179 1.47618e+06 -2.47131e+06 1006.46 -36.6868 31.6027
1010000 FRAC0_S 0 1 -660.994 -45733.9 8500 -816268 3.35999e+06 -2.01201e+06 1544.42 -55.3781 21.8719
1010000 FRAC0_S 0 1 -401.854 -45902.2 8500 -757276 3.99579e+06 -1.1793e+06 1607.73 -62.5405 14.2016
1010000 FRAC0_S 0 1 -103.378 -45982.2 8500 -736015 4.67107e+06 -336439 1959.34 -67.5594 4.45578
1010000 FRAC0_S 0 1 205.218 -45966.1 8500 -839810 4.68813e+06 650969 2014.87 -65.9253 -7.85128
1010000 FRAC0_S 0 1 493.726 -45855.4 8500 -782819 3.87478e+06 1.45984e+06 1621.33 -60.5923 -16.7343
1010000 FRAC0_S 0 1 733.904 -45661 8500 -733975 3.25378e+06 1.76127e+06 1355.99 -56.8133 -20.7989
1010000 FRAC0_S 0 1 902.243 -45401.9 8500 -891236 1.96521e+06 2.86975e+06 1439.47 -39.8026 -30.8022
1010000 FRAC0_S 0 1 982.264 -45103.4 8500 -987971 675049 3.27358e+06 1465.88 -17.8352 -37.2125
1010000 FRAC0_S 0 1 966.133 -44794.8 8500 -1.1076e+06 -976346 3.42837e+06 1648.19 22.6009 -35.7469
1010000 FRAC0_S 0 1 855.431 -44506.3 8500 -1.20119e+06 -2.46751e+06 3.10817e+06 1827.43 41.6949 -28.8325
1010000 FRAC0_S 0 1 660.994 -44266.1 8500 -1.22245e+06 -3.89207e+06 2.51057e+06 2188.15 53.2225 -22.1042
1010000 FRAC0_S 0 1 401.854 -44097.8 8500 -1.38172e+06 -4.93034e+06 1.56742e+06 2492.86 60.194 -14.2102
Step FractureNumber TipNr TipActive TipX TipY TipZ KI KII KIII G Phi Psi Extension
1010101 FRAC0_S 0 1 108.331 -43974.5 8589.41 2.54294e+06 -1.39518e+06 225722 756.466 39.0508 -4.1314
1010101 FRAC0_S 0 1 -215.325 -43990.2 8588.68 3.60807e+06 -1.75973e+06 -714450 1503.88 34.6456 8.70691
1010101 FRAC0_S 0 1 -521.553 -44099.7 8583.56 3.71813e+06 -2.47027e+06 -1.95665e+06 2284.86 36.0211 16.8332
1010101 FRAC0_S 0 1 -782.977 -44297.5 8574.27 1.45173e+06 -1.78794e+06 -2.0439e+06 1028.27 39.3596 25.2353
1010101 FRAC0_S 0 1 -974.593 -44568.6 8554.81 604414 -1.40936e+06 -2.69087e+06 1172.58 35.6576 33.8174
1010101 FRAC0_S 0 1 -1071.34 -44888.3 8515.42 80571.6 -223823 -2.47695e+06 821.034 10.8129 43.2914
1010101 FRAC0_S 0 1 -1052.83 -45222.2 8470.14 311866 829755 -2.73921e+06 1067.96 -26.7332 38.6143
1010101 FRAC0_S 0 1 -922.13 -45529.1 8439.69 952849 1.3779e+06 -2.10878e+06 841.535 -36.7087 29.6045
1010101 FRAC0_S 0 1 -702.059 -45775.6 8421.74 1.87189e+06 1.55453e+06 -1.61481e+06 874.392 -36.5147 21.5991
1010101 FRAC0_S 0 1 -421.74 -45943.4 8411.95 3.12736e+06 1.36857e+06 -747593 1112.77 -31.7717 10.45
1010101 FRAC0_S 0 1 -107.947 -46021.7 8408.78 2.12001e+06 789595 -161673 459.532 -31.366 4.01451
1010101 FRAC0_S 0 1 214.593 -46006.2 8409.47 2.25847e+06 1.13761e+06 521377 605.997 -34.7522 -9.79655
1010101 FRAC0_S 0 1 518.285 -45895.8 8412.7 2.03299e+06 1.13542e+06 1.05754e+06 631.922 -32.5618 -17.4528
1010101 FRAC0_S 0 1 781.58 -45694 8420.56 1.52611e+06 1.22678e+06 1.65077e+06 704.076 -33.569 -24.6021
1010101 FRAC0_S 0 1 971.171 -45429.1 8439.41 905229 1.03196e+06 2.27883e+06 858.594 -30.0741 -32.5191
1010101 FRAC0_S 0 1 1069.72 -45111.4 8478.29 132661 -31993.2 2.41577e+06 777.839 1.72502 -44.0999
1010101 FRAC0_S 0 1 1051.13 -44778.4 8528.18 258474 -714207 2.95781e+06 1214.98 23.128 -40.0094
1010101 FRAC0_S 0 1 920.362 -44471.7 8562.89 1.15346e+06 -1.52611e+06 2.71068e+06 1303.35 34.0262 -30.8796
1010101 FRAC0_S 0 1 702.252 -44223.2 8578.37 2.09588e+06 -1.79476e+06 1.92888e+06 1173.31 36.5186 -22.2278
1010101 FRAC0_S 0 1 423.088 -44053.5 8586.07 3.09967e+06 -2.22355e+06 1.03723e+06 1439.83 40.3877 -11.8422