
Step FractureNumber TipNr TipActive TipX TipY TipZ KI KII KIII G Phi Psi Extension
1010000 FRAC0_S 0 1 -29946.5 -44329.9 7776.37 -2.14705e+06 -329018 -771744 88.8597 13.4642 16.671
1010000 FRAC0_S 0 1 -30197.8 -44224.1 7921.78 -2.56834e+06 -68902 -991575 131.192 2.63301 18.8495
1010000 FRAC0_S 0 1 -30419.1 -44193.7 8112.75 -2.69325e+06 460635 -1.05128e+06 165.898 -14.4957 17.4373
1010000 FRAC0_S 0 1 -30619.5 -44243.1 8362.64 -2.52384e+06 835606 -897792 169.422 -24.7823 14.9815
1010000 FRAC0_S 0 1 -30748.8 -44366.2 8614.93 -1.74148e+06 910442 -512559 108.805 -34.4846 11.7681
1010000 FRAC0_S 0 1 -30804.7 -44551.3 8855.97 -2.48916e+06 1.50969e+06 -434887 228.25 -39.5542 7.3332
1010000 FRAC0_S 0 1 -30781.8 -44780.3 9062.16 -2.35636e+06 1.69315e+06 -110690 257.087 -45.3836 2.05198
1010000 FRAC0_S 0 1 -30696.7 -45004.2 9200.89 -2.35498e+06 1.65743e+06 248511 253.005 -43.8661 -4.43696
1010000 FRAC0_S 0 1 -30516.3 -45278.4 9294.67 -2.71498e+06 1.63366e+06 151246 240.864 -41.6002 -2.58437
1010000 FRAC0_S 0 1 -30299.6 -45498.6 9298.22 -1.73443e+06 856862 633532 118.807 -32.2571 -14.0498
1010000 FRAC0_S 0 1 -30049.1 -45672.6 9221.64 -2.37497e+06 699069 1.02267e+06 182.645 -21.8515 -17.4148
1010000 FRAC0_S 0 1 -29802.2 -45775.9 9078.22 -2.03878e+06 148683 943912 120.469 -6.48961 -20.5136
1010000 FRAC0_S 0 1 -29570.3 -45805.9 8876.2 -2.36671e+06 -341964 1.01904e+06 148.532 12.2539 -18.8566
1010000 FRAC0_S 0 1 -29380.5 -45756.9 8637.36 -2.37262e+06 -710797 875044 146.86 22.8819 -15.6298
1010000 FRAC0_S 0 1 -29251.2 -45633.8 8385.07 -2.41277e+06 -1.08002e+06 653039 160.661 31.7206 -11.4675
1010000 FRAC0_S 0 1 -29195.3 -45448.7 8144.03 -2.72509e+06 -998062 598630 136.427 28.598 -10.171
1010000 FRAC0_S 0 1 -29218.2 -45219.7 7937.84 -2.78808e+06 -1.66424e+06 97120.1 248.061 41.8464 -1.65008
1010000 FRAC0_S 0 1 -29317.5 -44969.1 7786.67 -2.54285e+06 -1.34463e+06 -230455 168.177 38.2507 4.26182
1010000 FRAC0_S 0 1 -29483.7 -44721.6 7705.33 -1.48431e+06 -589185 -1.01681e+06 168.443 24.1474 22.0919
1010000 FRAC0_S 0 1 -29700.4 -44501.4 7701.78 -2.71049e+06 -714884 -1.0321e+06 187.217 20.6525 16.2912
Step FractureNumber TipNr TipActive TipX TipY TipZ KI KII KIII G Phi Psi Extension
1010101 FRAC0_S 0 1 -29929.2 -44253.1 7719.69 -2.44428e+06 -1.39206e+06 -716747 241.006 36.2602 11.461
1010101 FRAC0_S 0 1 -30215.8 -44147.5 7866.59 -1.95863e+06 -39557.5 -910859 110.485 1.89079 21.1875
1010101 FRAC0_S 0 1 -30482.6 -44130.3 8074.98 -2.28818e+06 1.00426e+06 -1.12076e+06 256.933 -28.2333 17.6803
1010101 FRAC0_S 0 1 -30698 -44199.3 8325.62 -1.75498e+06 1.82974e+06 -908202 408.04 -45.4053 14.4186
1010101 FRAC0_S 0 1 -30841.5 -44345.2 8591.93 -1.25951e+06 2.35591e+06 -688470 557.629 -55.6601 11.6328
1010101 FRAC0_S 0 1 -30902.5 -44553.5 8845.42 -724063 2.51401e+06 -389203 583.342 -63.4062 7.9894
1010101 FRAC0_S 0 1 -30877.5 -44804 9062.37 -496021 2.5767e+06 -39814.2 591.848 -67.9254 0.992341
1010101 FRAC0_S 0 1 -30770.9 -45073.2 9224.53 -382752 2.41097e+06 241254 525.717 -67.0409 -5.99179
1010101 FRAC0_S 0 1 -30591.6 -45337 9317.97 -681876 2.30702e+06 568088 517.198 -61.3557 -11.6157
1010101 FRAC0_S 0 1 -30353.8 -45571.4 9334.06 -1.12223e+06 1.83012e+06 964839 422.271 -50.1289 -17.2101
1010101 FRAC0_S 0 1 -30077.6 -45751.8 9269.18 -1.40645e+06 1.01145e+06 863699 190.377 -36.5007 -18.2432
1010101 FRAC0_S 0 1 -29788.5 -45856.2 9128.03 -2.18149e+06 340744 1.21916e+06 208.03 -12.1697 -21.9128
1010101 FRAC0_S 0 1 -29483.1 -45868.7 8888.44 -2.18807e+06 -832819 1.14887e+06 237.353 25.1696 -18.9857
1010101 FRAC0_S 0 1 -29303 -45803.9 8672.47 -1.81026e+06 -1.71391e+06 930734 376.972 43.5004 -14.8556
1010101 FRAC0_S 0 1 -29159 -45661 8403.11 -1.53176e+06 -2.17772e+06 619678 473.674 52.7119 -10.4888
1010101 FRAC0_S 0 1 -29097.7 -45455.4 8146.18 -1.27708e+06 -2.39512e+06 333848 526.013 58.6808 -6.27102
1010101 FRAC0_S 0 1 -29122.1 -45202.2 7929.66 -1.01204e+06 -2.60917e+06 -13169.5 606.664 64.4299 0.282206
1010101 FRAC0_S 0 1 -29230.3 -44932.2 7762.78 -1.13188e+06 -2.1781e+06 -270812 432.501 59.2585 5.71032
1010101 FRAC0_S 0 1 -29413.3 -44670.5 7661.38 -1.16913e+06 -1.30022e+06 -913491 261.63 43.4689 18.6565
1010101 FRAC0_S 0 1 -29653.5 -44435.4 7647.26 -2.1461e+06 -1.67504e+06 -821518 339.783 41.3991 12.7688