
Step FractureNumber TipNr TipActive TipX TipY TipZ KI KII KIII G Phi Psi Extension
1010000 FRAC0_S 0 1 37052 -29119.8 8500 -300223 -1.89488e+06 524115 356.491 63.5669 -13.8081
1010000 FRAC0_S 0 1 36801.9 -29301.3 8500 -328944 -2.27004e+06 96503 460.428 68.2561 -2.75024
1010000 FRAC0_S 0 1 36620.1 -29551.2 8500 -369727 -2.18286e+06 -413510 447.341 65.1189 10.2328
1010000 FRAC0_S 0 1 36524.5 -29845.1 8500 -322761 -1.99886e+06 -878444 458.667 60.1369 18.9249
1010000 FRAC0_S 0 1 36524.4 -30154.1 8500 -224420 -1.03626e+06 -903895 204.354 50.9798 26.8172
1010000 FRAC0_S 0 1 36626.3 -30461 8500 -260909 -601876 -1.59291e+06 369.748 30.1082 36.7104
1010000 FRAC0_S 0 1 36801.3 -30698.1 8500 -215204 -76760.1 -1.2195e+06 198.321 6.92938 41.4507
1010000 FRAC0_S 0 1 37051.2 -30879.9 8500 -286457 576898 -1.44297e+06 306.585 -30.6394 35.8835
1010000 FRAC0_S 0 1 37345.1 -30975.5 8500 -202299 1.10202e+06 -1.12933e+06 277.847 -49.042 29.0896
1010000 FRAC0_S 0 1 37654.1 -30975.6 8500 -180311 1.59731e+06 -881091 330.606 -58.8438 22.2248
1010000 FRAC0_S 0 1 37948 -30880.2 8500 -246075 1.99472e+06 -526031 391.363 -64.5488 13.6366
1010000 FRAC0_S 0 1 38198.1 -30698.7 8500 -188141 1.06701e+06 -585394 147.03 -57.6359 21.47
1010000 FRAC0_S 0 1 38379.9 -30448.8 8500 -215549 2.00541e+06 344986 374.201 -66.6595 -9.89041
1010000 FRAC0_S 0 1 38475.5 -30154.9 8500 -173520 1.63308e+06 675846 298.401 -61.8054 -18.7896
1010000 FRAC0_S 0 1 38475.6 -29845.9 8500 -210408 1.3168e+06 1.07078e+06 307.008 -52.9765 -26.5424
1010000 FRAC0_S 0 1 38380.2 -29552 8500 -220317 757998 1.23839e+06 255.168 -39.6878 -33.2762
1010000 FRAC0_S 0 1 38198.7 -29301.9 8500 -254611 709022 978521 172.145 -41.7805 -30.922
1010000 FRAC0_S 0 1 37948.8 -29120.1 8500 -195250 -631196 1.76576e+06 450.185 29.9393 -37.8199
1010000 FRAC0_S 0 1 37654.9 -29024.5 8500 -260879 -1.9075e+06 1.64519e+06 684.218 52.5131 -27.5079
1010000 FRAC0_S 0 1 37345.9 -29024.4 8500 -287567 -1.64793e+06 971505 367.523 56.8687 -22.3815
Step FractureNumber TipNr TipActive TipX TipY TipZ KI KII KIII G Phi Psi Extension
1010101 FRAC0_S 0 1 37033.2 -29079.9 8588.93 995514 -490448 475.412 109.747 38.5722 -0.0249436
1010101 FRAC0_S 0 1 36774.4 -29273.5 8591.51 732454 -233041 -347830 68.737 22.6381 18.3433
1010101 FRAC0_S 0 1 36582.6 -29533.1 8590.26 591133 -210045 -445226 61.434 21.605 23.6515
1010101 FRAC0_S 0 1 36475 -29838.9 8585.46 857065 -245182 -567628 113.666 19.0467 22.7009
1010101 FRAC0_S 0 1 36461.7 -30166.9 8573.07 478018 -374935 -622911 84.4949 31.0485 27.0425
1010101 FRAC0_S 0 1 36548.1 -30487.6 8547.52 317692 -524595 -582192 78.5969 42.0643 26.3667
1010101 FRAC0_S 0 1 36737.1 -30762.1 8505.83 135712 122227 -1.01161e+06 139.077 -12.8298 41.1997
1010101 FRAC0_S 0 1 37011.5 -30951.9 8458.65 400180 534254 -882260 143.23 -35.1174 30.097
1010101 FRAC0_S 0 1 37332.2 -31039.8 8428.11 799880 657044 -676338 156.321 -36.4795 21.4124
1010101 FRAC0_S 0 1 37660.4 -31026.9 8415.76 1.02017e+06 559192 -288194 131.651 -35.6436 11.2508
1010101 FRAC0_S 0 1 37969.3 -30921.7 8412.34 1.6575e+06 773886 111361 299.829 -36.125 -3.35278
1010101 FRAC0_S 0 1 38230.7 -30731.8 8412.24 986897 300877 344564 110.647 -23.4269 -14.9943
1010101 FRAC0_S 0 1 38418.6 -30469.1 8410.94 486262 154908 383342 42.7529 -19.5679 -24.5652
1010101 FRAC0_S 0 1 38527.3 -30135.4 8413.49 462154 122963 535288 58.4889 -14.5217 -29.733
1010101 FRAC0_S 0 1 38534.2 -29834.3 8422.08 413105 242093 538204 58.9552 -25.5197 -28.4649
1010101 FRAC0_S 0 1 38442.6 -29519 8431.46 495670 504042 1.11872e+06 210.985 -29.3477 -31.9879
1010101 FRAC0_S 0 1 38252.1 -29247.5 8463.2 235242 464857 444637 50.4815 -45.3083 -25.318
1010101 FRAC0_S 0 1 37984 -29053.3 8528.13 304191 -374519 629764 73.4927 34.3369 -29.8968
1010101 FRAC0_S 0 1 37667.4 -28961.7 8573.09 795901 -647555 517847 129.48 38.5925 -18.294
1010101 FRAC0_S 0 1 37338.9 -28972.5 8584.1 972187 -649185 293987 133.272 39.4097 -11.1947