
Step FractureNumber TipNr TipActive TipX TipY TipZ KI KII KIII G Phi Psi Extension
1010000 FRAC0_S 0 1 22500 -29019.2 8617.02 -8.5118e+06 9.85895e+06 3.78018e+06 10561.9 -48.4445 -12.3501
1010000 FRAC0_S 0 1 22500 -29103.5 8914.36 -1.03315e+07 9.70847e+06 6.15597e+06 13439.2 -42.2708 -16.5074
1010000 FRAC0_S 0 1 22500 -29275.4 9171.13 -1.24077e+07 7.9669e+06 8.73944e+06 15814.2 -33.0686 -20.4405
1010000 FRAC0_S 0 1 22500 -29518.2 9362.22 -1.43003e+07 5.22983e+06 1.09861e+07 18489.5 -21.9371 -23.8036
1010000 FRAC0_S 0 1 22500 -29808.3 9468.89 -1.46451e+07 417049 1.14539e+07 17464 -2.18463 -27.5355
1010000 FRAC0_S 0 1 22500 -30117.1 9480.74 -1.47289e+07 -4.75651e+06 1.10456e+07 18242.7 20.112 -23.8998
1010000 FRAC0_S 0 1 22500 -30414.4 9396.57 -1.42724e+07 -8.68718e+06 1.019e+07 20535.1 31.8811 -20.8586
1010000 FRAC0_S 0 1 22500 -30671.2 9224.65 -1.60652e+07 -1.53544e+07 7.87884e+06 29264.4 44.0138 -14.3116
1010000 FRAC0_S 0 1 22500 -30862.2 8981.79 -1.21177e+07 -1.29019e+07 3.53995e+06 16499.7 48.9598 -9.1611
1010000 FRAC0_S 0 1 22500 -30968.9 8691.77 -9.69652e+06 -1.17767e+07 295728 12370.4 55.2515 -1.05353
1010000 FRAC0_S 0 1 22500 -30980.8 8382.98 -7.53526e+06 -9.63315e+06 -2.16968e+06 8895.29 52.3698 8.33596
1010000 FRAC0_S 0 1 22500 -30896.5 8085.64 -5.63463e+06 -6.32916e+06 -3.86592e+06 5557.31 44.7855 17.0809
1010000 FRAC0_S 0 1 22500 -30724.6 7828.87 -7.66366e+06 -6.66443e+06 -7.47037e+06 11380 36.2592 22.8551
1010000 FRAC0_S 0 1 22500 -30481.8 7637.78 -2.64185e+06 967489 -4.82975e+06 3185.84 -15.1301 33.8313
1010000 FRAC0_S 0 1 22500 -30191.7 7531.11 -5.72153e+06 -2.39199e+06 -6.00228e+06 5301.5 21.7136 27.2002
1010000 FRAC0_S 0 1 22500 -29882.9 7519.26 -1.31138e+06 4.27568e+06 -2.06718e+06 2197.4 -56.3618 18.6585
1010000 FRAC0_S 0 1 22500 -29585.6 7603.43 -2.27112e+06 5.72509e+06 -1.36711e+06 3169.3 -59.4314 10.685
1010000 FRAC0_S 0 1 22500 -29328.8 7775.35 -2.49317e+06 1.16292e+07 3.11164e+06 13338.9 -62.5963 -13.0073
1010000 FRAC0_S 0 1 22500 -29137.8 8018.21 -4.81968e+06 8.55771e+06 596105 6573.18 -59.485 -3.2674
1010000 FRAC0_S 0 1 22500 -29031.1 8308.23 -4.35516e+06 6.34317e+06 1.63986e+06 3943.07 -53.4737 -9.78398
Step FractureNumber TipNr TipActive TipX TipY TipZ KI KII KIII G Phi Psi Extension
1010101 FRAC0_S 0 1 22425.7 -28954.9 8625.82 1.95274e+06 8.49394e+06 2.92787e+06 7908.95 -60.6785 -15.4938
1010101 FRAC0_S 0 1 22434 -29038 8946.08 -833454 1.09362e+07 4.88737e+06 13834.5 -61.7431 -20.0451
1010101 FRAC0_S 0 1 22446.5 -29216.5 9227.61 -4.98491e+06 1.15083e+07 7.69058e+06 19668 -50.77 -21.4673
1010101 FRAC0_S 0 1 22466.7 -29475.4 9441.44 -8.42168e+06 7.07881e+06 8.86005e+06 14905.8 -34.7712 -24.0037
1010101 FRAC0_S 0 1 22497.4 -29790 9561.46 -1.3174e+07 634794 1.19746e+07 19106.9 -3.4044 -29.1076
1010101 FRAC0_S 0 1 22529.5 -30126.6 9571.13 -1.15511e+07 -9.34338e+06 1.15952e+07 25660.9 34.472 -23.6342
1010101 FRAC0_S 0 1 22552.3 -30447.1 9471.61 -6.60341e+06 -1.4141e+07 8.21431e+06 26793.4 51.6726 -19.4699
1010101 FRAC0_S 0 1 22566.8 -30718.8 9278.3 -2.19059e+06 -1.562e+07 5.3222e+06 25508.8 62.6168 -16.1988
1010101 FRAC0_S 0 1 22575.7 -30917.1 9013.76 777756 -1.45745e+07 2.51852e+06 19825.8 67.6185 -10.3371
1010101 FRAC0_S 0 1 22579.8 -31026.3 8703.5 2.22022e+06 -1.06122e+07 -149214 10477.7 67.668 0.892191
1010101 FRAC0_S 0 1 22577.8 -31041.1 8374.68 1.30667e+06 -6.01208e+06 -4.66598e+06 6268.63 52.6149 25.3655
1010101 FRAC0_S 0 1 22569.8 -30958.7 8055.24 650133 -5.21264e+06 -2.62162e+06 3373.02 59.5908 20.9507
1010101 FRAC0_S 0 1 22540.6 -30782.1 7772.95 -837091 -2.61273e+06 -3.74308e+06 2471.72 41.6173 31.6536
1010101 FRAC0_S 0 1 22510.9 -30524.7 7559.17 -700795 1.16317e+06 -2.43569e+06 909.594 -32.7508 33.5959
1010101 FRAC0_S 0 1 22491.1 -30210.9 7450.72 2.02586e+06 -3.8347e+06 2.80398e+06 2721.76 48.2493 -21.786
1010101 FRAC0_S 0 1 22446.1 -29878.8 7457.44 2.88614e+06 3.14986e+06 -234293 1633.69 -52.6639 2.86844
1010101 FRAC0_S 0 1 22414 -29565.5 7558.16 3.00129e+06 2.15279e+06 73028.6 1216.37 -45.7857 -1.0833
1010101 FRAC0_S 0 1 22412.6 -29296.8 7740.74 -4.68744e+06 -3.40392e+06 -1.73266e+06 1431.77 40.1047 12.7303
1010101 FRAC0_S 0 1 22414.6 -29093.2 7994.5 2.96964e+06 4.32941e+06 819601 2545.44 -54.7512 -7.53801
1010101 FRAC0_S 0 1 22419.6 -28974.3 8298.22 2.78548e+06 5.86548e+06 1.53843e+06 4071.91 -57.3946 -11.0245