
Step FractureNumber TipNr TipActive TipX TipY TipZ KI KII KIII G Phi Psi Extension
1010000 FRAC0_S 0 1 -44780.2 -44438 7718.14 -146155 19689.5 -1.18576e+06 187.037 -2.02459 43.0307
1010000 FRAC0_S 0 1 -45007.2 -44297.7 7804.93 -564754 250304 -1.20409e+06 198.411 -16.2794 34.7789
1010000 FRAC0_S 0 1 -45278.2 -44205.3 7983.59 -155564 898284 -854982 169.126 -50.3811 28.3163
1010000 FRAC0_S 0 1 -45498.5 -44201.8 8200.28 -751387 1.2569e+06 -1.00619e+06 275.428 -46.204 22.3587
1010000 FRAC0_S 0 1 -45670 -44276.3 8446.31 -616353 1.24998e+06 -529519 176.522 -53.9878 15.6272
1010000 FRAC0_S 0 1 -45775.9 -44421.7 8697.59 -885292 2.02328e+06 -359333 381.958 -59.846 8.17776
1010000 FRAC0_S 0 1 -45805.9 -44623.6 8929.52 -830668 1.90197e+06 59099.1 322.818 -62.8895 -1.63642
1010000 FRAC0_S 0 1 -45757 -44862.4 9119.42 -791983 1.64627e+06 466829 270.49 -56.8567 -11.682
1010000 FRAC0_S 0 1 -45633.9 -45114.7 9248.68 -803732 1.38497e+06 786848 253.271 -49.998 -18.3185
1010000 FRAC0_S 0 1 -45448.8 -45355.8 9304.66 -887558 1.07569e+06 1.14764e+06 278.28 -40.0399 -24.2839
1010000 FRAC0_S 0 1 -45219.8 -45562 9281.86 -318359 40629.7 1.20659e+06 193.778 -3.58611 -40.5133
1010000 FRAC0_S 0 1 -44969.3 -45713.3 9182.54 -838265 -164808 1.25497e+06 211.888 9.8453 -33.1573
1010000 FRAC0_S 0 1 -44721.8 -45794.7 9016.41 -662788 -548928 894725 133.322 31.7296 -27.1772
1010000 FRAC0_S 0 1 -44501.5 -45798.2 8799.72 -941750 -1.27105e+06 1.00213e+06 277.53 44.4086 -21.1071
1010000 FRAC0_S 0 1 -44330 -45723.7 8553.69 -1.1482e+06 -1.11461e+06 781274 191.888 41.877 -17.8452
1010000 FRAC0_S 0 1 -44224.1 -45578.3 8302.41 -820468 -1.83769e+06 289776 312.101 60.0711 -7.34837
1010000 FRAC0_S 0 1 -44194.1 -45376.4 8070.48 -757018 -1.8695e+06 -103857 312.878 63.0412 2.91918
1010000 FRAC0_S 0 1 -44243 -45137.6 7880.58 -668443 -1.69395e+06 -528826 292.894 57.9962 13.1628
1010000 FRAC0_S 0 1 -44366.1 -44885.3 7751.32 -664223 -1.31764e+06 -780554 235.742 50.852 19.4051
1010000 FRAC0_S 0 1 -44551.2 -44644.2 7695.34 -742537 -1.01308e+06 -1.13462e+06 262.678 40.4721 25.5348
Step FractureNumber TipNr TipActive TipX TipY TipZ KI KII KIII G Phi Psi Extension
1010101 FRAC0_S 0 1 -44756.9 -44381.1 7650.81 184983 -60175.9 -1.35875e+06 248.917 5.15402 42.3948
1010101 FRAC0_S 0 1 -45050.8 -44244.8 7736.46 608414 528233 -1.00703e+06 192.727 -30.2476 29.3594
1010101 FRAC0_S 0 1 -45333.3 -44185.1 7908.39 202119 704956 -873250 149.346 -44.4604 30.3195
1010101 FRAC0_S 0 1 -45574 -44193.8 8137.02 641923 998028 -736056 197.535 -46.4556 20.9964
1010101 FRAC0_S 0 1 -45754.8 -44279.6 8395.72 670035 1.00107e+06 -442192 155.313 -50.6107 14.8761
1010101 FRAC0_S 0 1 -45864.4 -44441.3 8657.28 955934 848256 -110971 147.185 -48.276 4.4088
1010101 FRAC0_S 0 1 -45895.1 -44656 8900.26 1.10365e+06 1.01603e+06 162809 204.055 -48.4493 -5.39579
1010101 FRAC0_S 0 1 -45845.5 -44904.3 9105.62 875909 877619 345513 152.878 -46.2979 -11.9451
1010101 FRAC0_S 0 1 -45717.2 -45167 9253.73 580818 914779 605255 153.353 -47.6884 -19.7327
1010101 FRAC0_S 0 1 -45512.6 -45416.2 9337.24 163105 778920 873293 157.866 -47.1837 -29.8863
1010101 FRAC0_S 0 1 -45247.5 -45623.7 9345.36 -559858 574672 994331 160.925 -32.6912 -29.2325
1010101 FRAC0_S 0 1 -44955.7 -45768.5 9259.08 -338121 -239247 922871 118.375 20.5459 -35.4942
1010101 FRAC0_S 0 1 -44672.2 -45833.3 9088.83 -416968 -822427 1.05599e+06 208.584 41.175 -28.8996
1010101 FRAC0_S 0 1 -44427.4 -45820.4 8860.11 -194931 -750323 588583 96.2428 51.7344 -25.0719
1010101 FRAC0_S 0 1 -44244.1 -45730.8 8600.52 388994 -1.2242e+06 543180 186.272 56.919 -17.5539
1010101 FRAC0_S 0 1 -44135.1 -45563.3 8341.02 825436 -966997 101022 145.397 53.2413 -4.06762
1010101 FRAC0_S 0 1 -44105.2 -45343.7 8100.29 1.10839e+06 -955783 -155178 194.081 47.3095 5.29246
1010101 FRAC0_S 0 1 -44154.9 -45095.2 7895.61 879035 -988048 -348438 171.996 48.5133 11.4509
1010101 FRAC0_S 0 1 -44283.1 -44832.6 7747.58 598411 -835431 -595339 141.243 45.7739 20.0438
1010101 FRAC0_S 0 1 -44488.8 -44585 7662.04 207241 -544950 -591497 76.8228 45.2651 27.9412