
Step FractureNumber TipNr TipActive TipX TipY TipZ KI KII KIII G Phi Psi Extension
1010000 FRAC0_S 0 1 -14627.4 -29085.3 8500 -873617 6.32438e+06 754101 3639.84 -67.0671 -7.10001
1010000 FRAC0_S 0 1 -14928.3 -29015 8500 -980027 6.44925e+06 2.36435e+06 4449.83 -61.8372 -16.9072
1010000 FRAC0_S 0 1 -15236.2 -29041 8500 -976066 5.22282e+06 3.65235e+06 4204.9 -54.5481 -24.3825
1010000 FRAC0_S 0 1 -15521 -29160.9 8500 -933115 3.56444e+06 4.9262e+06 4359.73 -42.939 -31.7564
1010000 FRAC0_S 0 1 -15754.8 -29363 8500 -794024 815321 4.05823e+06 2249.64 -18.6914 -38.9317
1010000 FRAC0_S 0 1 -15914.7 -29627.4 8500 -1.09555e+07 -1.9637e+06 3.89743e+06 2363.88 15.3935 -16.3048
1010000 FRAC0_S 0 1 -15985.1 -29928.3 8500 -1.53071e+06 -4.40621e+06 5.56961e+06 5855.78 43.3458 -30.0234
1010000 FRAC0_S 0 1 -15959 -30236.2 8500 -2.28756e+06 -5.08979e+06 3.26335e+06 3724.86 50.9504 -20.8176
1010000 FRAC0_S 0 1 -15839.1 -30521 8500 1.40743e+07 -8.63686e+06 4.12807e+06 26565.1 37.8031 -11.2163
1010000 FRAC0_S 0 1 -15637 -30754.8 8500 8.19684e+06 -8.46856e+06 1.56618e+06 12704 49.9268 -6.45703
1010000 FRAC0_S 0 1 -15372.6 -30914.7 8500 -784052 -8.08063e+06 -851575 5915.03 68.0163 6.58276
1010000 FRAC0_S 0 1 -15071.7 -30985 8500 -1.20924e+06 -7.49637e+06 -2.65857e+06 5947.63 61.8913 16.4415
1010000 FRAC0_S 0 1 -14763.8 -30959 8500 -830641 -5.79766e+06 -3.85082e+06 4967.47 56.0295 24.2068
1010000 FRAC0_S 0 1 -14479 -30839.1 8500 -656852 -3.86788e+06 -5.14316e+06 4851.25 44.8063 32.1555
1010000 FRAC0_S 0 1 -14245.2 -30637 8500 -712617 -1.12402e+06 -4.43727e+06 2731.27 22.8353 38.6591
1010000 FRAC0_S 0 1 -14085.3 -30372.6 8500 -916719 1.17559e+06 -5.20669e+06 3728.74 -20.7328 38.8484
1010000 FRAC0_S 0 1 -14014.9 -30071.7 8500 -1.1113e+06 3.75733e+06 -4.96653e+06 4538.65 -43.2679 30.9732
1010000 FRAC0_S 0 1 -14041 -29763.8 8500 -731443 4.3343e+06 -2.948e+06 2829.9 -55.2432 24.2279
1010000 FRAC0_S 0 1 -14160.9 -29479 8500 -916654 6.62764e+06 -2.29339e+06 4613.75 -62.5469 16.3902
1010000 FRAC0_S 0 1 -14363 -29245.2 8500 -1.00931e+06 6.45155e+06 -664129 3767.64 -67.0306 6.15517
Step FractureNumber TipNr TipActive TipX TipY TipZ KI KII KIII G Phi Psi Extension
1010101 FRAC0_S 0 1 -14612.9 -29048 8408.9 1.85199e+07 6.5437e+06 745423 34453.1 -30.9961 -2.22529
1010101 FRAC0_S 0 1 -14926.4 -28968.3 8412.53 9.19792e+06 4.19639e+06 2.55883e+06 9978.89 -31.9828 -11.6619
1010101 FRAC0_S 0 1 -15254.6 -28986.1 8420.28 5.21689e+06 3.26847e+06 3.15017e+06 4697 -33.8031 -18.6987
1010101 FRAC0_S 0 1 -15561.8 -29100.5 8437.56 3.93091e+06 3.85923e+06 5.75596e+06 7110.53 -34.2039 -27.1852
1010101 FRAC0_S 0 1 -15822.9 -29307.8 8473.59 2.57797e+06 2.05675e+06 8.56839e+06 10733.7 -20.1102 -36.7212
1010101 FRAC0_S 0 1 -15995.6 -29592.6 8522.42 -7.89974e+06 -4.63386e+06 6.65568e+06 7805.08 29.7255 -23.0839
1010101 FRAC0_S 0 1 -16059 -29920.3 8560.37 3.71091e+06 -3.51889e+06 5.83449e+06 6858.02 32.6307 -28.2528
1010101 FRAC0_S 0 1 -16024.5 -30252.9 8571.32 8.29131e+06 -7.7819e+06 7.67838e+06 19363.6 38.355 -21.7669
1010101 FRAC0_S 0 1 -15898.3 -30557.9 8569.2 -8.10706e+06 -1.53044e+07 759759 20948.5 60.5803 -2.41912
1010101 FRAC0_S 0 1 -15678.1 -30798.5 8576.77 9.94213e+06 -7.71134e+06 1.81458e+06 14545 44.4715 -6.98354
1010101 FRAC0_S 0 1 -15413.4 -30947.6 8587.12 1.04076e+07 -1.16572e+07 -612984 21811.4 53.4687 2.08424
1010101 FRAC0_S 0 1 -15073.6 -31030.9 8588.02 1.09816e+07 -4.44481e+06 -2.30323e+06 13212.3 30.6984 9.57597
1010101 FRAC0_S 0 1 -14748.6 -31013 8581.13 2.57951e+06 -3.15765e+06 -2.03845e+06 2034.07 45.3095 18.1804
1010101 FRAC0_S 0 1 -14438 -30896.9 8565.57 3.96618e+06 -3.86154e+06 -5.18849e+06 6310.93 35.373 25.8486
1010101 FRAC0_S 0 1 -14179 -30690.6 8528.17 1.50213e+06 721803 -487549 279.109 -32.3079 12.9582
1010101 FRAC0_S 0 1 -14006.2 -30406.4 8474.86 1.65619e+06 899129 -5.69377e+06 4628.2 -14.428 38.1162
1010101 FRAC0_S 0 1 -13943.1 -30079.8 8436.34 1.37603e+07 -4.24122e+06 -8.84673e+06 28884.8 20.369 22.1186
1010101 FRAC0_S 0 1 -13985.4 -29752.2 8419.6 5.39382e+06 3.4492e+06 -4.28959e+06 6099.91 -31.9415 21.9568
1010101 FRAC0_S 0 1 -14121.2 -29455.9 8412.07 9.33785e+06 3.90545e+06 -3.61222e+06 10864.5 -28.6802 15.2002
1010101 FRAC0_S 0 1 -14336.9 -29215.2 8408.76 1.12266e+07 4.01373e+06 -1.81166e+06 13103.1 -29.0752 7.91452