
Step FractureNumber TipNr TipActive TipX TipY TipZ KI KII KIII G Phi Psi Extension
1010000 FRAC0_S 0 1 37500 44049 8233.09 2.66774e+06 -92977.7 67663.6 635.559 4.5266 -1.84712
1010000 FRAC0_S 0 1 37500 44178.1 7952.3 2.18083e+06 18.2029 12194.5 423.827 -0.00116204 -0.432703
1010000 FRAC0_S 0 1 37500 44387.6 7725.12 2.5582e+06 -209274 -227582 593.96 9.44048 5.73636
1010000 FRAC0_S 0 1 37500 44657 7573.79 2.66918e+06 -207358 93227.1 639.854 9.43396 -2.41606
1010000 FRAC0_S 0 1 37500 44960 7513.12 3.26847e+06 32319.8 94694.1 953.239 -1.32624 -2.14962
1010000 FRAC0_S 0 1 37500 45266.9 7549.06 2.92716e+06 -51341.9 43120.8 764 2.3586 -1.1064
1010000 FRAC0_S 0 1 37500 45547.7 7678.08 2.8731e+06 1754.26 9208.28 735.589 -0.0851305 -0.248703
1010000 FRAC0_S 0 1 37500 45774.9 7887.55 2.18554e+06 -8454.58 -10926.7 425.665 0.535788 0.385725
1010000 FRAC0_S 0 1 37500 45926.2 8156.97 2.99797e+06 -56210.8 6172.04 801.193 2.54782 -0.157174
1010000 FRAC0_S 0 1 37500 45986.8 8459.98 2.81917e+06 -26586.6 -4821.46 708.285 1.29965 0.131835
1010000 FRAC0_S 0 1 37500 45951 8766.91 3.00621e+06 -28947 36913.9 805.57 1.31296 -0.93248
1010000 FRAC0_S 0 1 37500 45821.9 9047.7 2.9003e+06 -26437.2 -6470.07 749.638 1.25614 0.171892
1010000 FRAC0_S 0 1 37500 45612.4 9274.88 2.69872e+06 -161476 239335 658.938 7.10356 -5.82613
1010000 FRAC0_S 0 1 37500 45343 9426.21 2.92927e+06 -10818.2 -8523.49 764.64 0.512703 0.225197
1010000 FRAC0_S 0 1 37500 45040 9486.88 2.69852e+06 220258 -195303 658.295 -9.55197 4.76206
1010000 FRAC0_S 0 1 37500 44733.1 9450.94 2.84674e+06 123615 151439 726.555 -5.43386 -3.70614
1010000 FRAC0_S 0 1 37500 44452.3 9321.92 2.87514e+06 18052.7 -839.177 736.652 -0.870584 0.0226147
1010000 FRAC0_S 0 1 37500 44225.1 9112.45 3.13012e+06 -39813.9 74581.3 873.949 1.70742 -1.77554
1010000 FRAC0_S 0 1 37500 44073.8 8843.03 2.54882e+06 190481 247153 590.26 -8.64466 -6.2291
1010000 FRAC0_S 0 1 37500 44013.2 8540.02 2.92281e+06 11849.3 -3159.2 761.266 -0.563532 0.0838396
Step FractureNumber TipNr TipActive TipX TipY TipZ KI KII KIII G Phi Psi Extension
1010101 FRAC0_S 0 1 37503.7 43955.3 8206.78 3.01523e+06 153168 15675.7 812.275 -6.57263 -0.383206
1010101 FRAC0_S 0 1 37506.1 44097.1 7898.5 3.00902e+06 204376 -14784.8 810.572 -8.58283 0.356541
1010101 FRAC0_S 0 1 37512.3 44327.6 7649.44 2.96579e+06 381719 -26795.3 796.884 -14.9417 0.617316
1010101 FRAC0_S 0 1 37511.7 44623.6 7483.21 3.27377e+06 331161 65249.2 965.381 -12.0623 -1.37627
1010101 FRAC0_S 0 1 37504 44956.2 7416 2.97178e+06 48974.3 45936.6 787.467 -2.21791 -1.16097
1010101 FRAC0_S 0 1 37501.4 45293.3 7455.18 2.72204e+06 401184 -127831 676.778 -16.2102 3.01592
1010101 FRAC0_S 0 1 37501.2 45601.8 7596.91 2.76833e+06 79484.1 -118168 685.326 -3.70153 3.05522
1010101 FRAC0_S 0 1 37501.6 45851.4 7827.07 3.32193e+06 -2039.59 65933.5 983.926 0.0842081 -1.50461
1010101 FRAC0_S 0 1 37503.1 46017.6 8123.12 2.77489e+06 -16659.7 15347.4 686.202 0.828475 -0.425499
1010101 FRAC0_S 0 1 37502.9 46084.3 8456.04 2.61653e+06 -25163.1 -6100.78 610.127 1.32416 0.179545
1010101 FRAC0_S 0 1 37502.3 46044.9 8793.26 2.89246e+06 -231013 -288112 761.318 9.15905 6.35183
1010101 FRAC0_S 0 1 37504.8 45903 9101.63 3.03957e+06 70007.1 -85086.5 824.688 -3.03431 2.05404
1010101 FRAC0_S 0 1 37507 45672.7 9351.1 2.98821e+06 39173.2 56951.9 796.267 -1.7668 -1.42901
1010101 FRAC0_S 0 1 37499.4 45376.8 9517.19 3.32607e+06 -21240.5 22035.3 985.905 0.879785 -0.508703
1010101 FRAC0_S 0 1 37489.6 45044 9583.55 3.32171e+06 -376038 -22799.1 995.885 13.4348 0.476737
1010101 FRAC0_S 0 1 37490.8 44706.8 9544.31 3.19219e+06 -288352 -112547 917.129 10.7844 2.41083
1010101 FRAC0_S 0 1 37497.6 44398.2 9402.99 3.14208e+06 -222062 -40460.6 884.367 8.83358 0.922297
1010101 FRAC0_S 0 1 37497.3 44148.9 9172.82 2.86438e+06 -333007 139543 743.591 13.2741 -3.20409
1010101 FRAC0_S 0 1 37493 43982.8 8876.7 3.02186e+06 -120387 -7428.1 815.018 5.24881 0.18377
1010101 FRAC0_S 0 1 37497.8 43916 8543.89 3.01531e+06 -4546.81 -68300.1 810.816 0.205976 1.70897