
Step FractureNumber TipNr TipActive TipX TipY TipZ KI KII KIII G Phi Psi Extension
1010000 FRAC0_S 0 1 14840.5 15764.3 7895.16 4.03046e+06 -538091 503146 1507.03 14.0656 -7.41334
1010000 FRAC0_S 0 1 14604 15806.4 8089.6 2.06689e+06 -961202 -10654.7 463.026 37.2802 0.273084
1010000 FRAC0_S 0 1 14406.6 15769.7 8323.7 -1.70408e+07 -1.49363e+06 -323285 212.699 10.6496 1.32748
1010000 FRAC0_S 0 1 14266.6 15657.3 8576.03 2.06382e+07 21225.1 -1.77778e+06 38375.4 -0.132374 5.97305
1010000 FRAC0_S 0 1 14198.8 15480.7 8820.4 -1.16452e+06 1.15276e+06 -2.74483e+06 1120.45 -28.2513 32.5915
1010000 FRAC0_S 0 1 14209.5 15257.1 9033.41 -2.69321e+06 2.3934e+06 -2.82563e+06 1572.35 -35.9439 23.6468
1010000 FRAC0_S 0 1 14297.5 15008.3 9194.21 -3.68461e+06 4.18255e+06 -2.43726e+06 2348.92 -45.293 16.6028
1010000 FRAC0_S 0 1 14454.3 14758.7 9287.05 -4.38044e+06 5.51703e+06 -1.48088e+06 3003.96 -51.425 9.59262
1010000 FRAC0_S 0 1 14664.5 14532.7 9302.85 -4.55058e+06 5.98831e+06 -118174 3197.33 -56.5654 0.860869
1010000 FRAC0_S 0 1 14907.5 14352.5 9240.07 -4.04853e+06 5.70715e+06 1.17942e+06 3087.46 -54.0002 -8.02892
1010000 FRAC0_S 0 1 15159.5 14235.7 9104.84 -3.14506e+06 4.15717e+06 1.97858e+06 2060.67 -48.6655 -15.129
1010000 FRAC0_S 0 1 15396 14193.6 8910.4 -1.93554e+06 2.50428e+06 2.2365e+06 1224.1 -42.6649 -22.426
1010000 FRAC0_S 0 1 15593.8 14230.5 8675.79 -733182 914156 1.64492e+06 434.336 -33.4766 -30.7335
1010000 FRAC0_S 0 1 15733.4 14342.7 8423.97 1.10636e+06 278929 1.39828e+06 376.047 -13.3259 -30.8549
1010000 FRAC0_S 0 1 15801.2 14519.3 8179.6 2.40855e+06 23045.6 744297 590.662 -1.01221 -16.4675
1010000 FRAC0_S 0 1 15790.5 14742.9 7966.59 3.62301e+06 333361 238137 1187.12 -10.6844 -4.32197
1010000 FRAC0_S 0 1 15702.5 14991.7 7805.79 3.78961e+06 798668 14305.4 1336.59 -22.1859 -0.242115
1010000 FRAC0_S 0 1 15545.7 15241.3 7712.95 -1.2571e+07 1.37823e+06 -536097 207.49 -12.6868 2.84155
1010000 FRAC0_S 0 1 15335.5 15467.3 7697.15 4.66989e+06 728675 589657 2036.86 -15.9994 -7.36064
1010000 FRAC0_S 0 1 15092.5 15647.5 7759.93 4.69168e+06 221259 734624 2037.62 -5.37746 -9.58772
Step FractureNumber TipNr TipActive TipX TipY TipZ KI KII KIII G Phi Psi Extension
1010101 FRAC0_S 0 1 14841.4 15848.9 7852.95 4.49886e+06 2.63657e+06 2.24571e+06 3093.76 -33.8177 -16.781
1010101 FRAC0_S 0 1 14593.1 15900.5 8077.51 2.16562e+06 1.24266e+06 2.34917e+06 1289.5 -26.956 -26.3318
1010101 FRAC0_S 0 1 14364.3 15854.7 8323.17 2.64353e+06 -1.34444e+06 -1.84748e+06 1237.74 28.5393 21.3868
1010101 FRAC0_S 0 1 14192.8 15716.1 8578.41 659685 -994281 -1.79339e+06 554.634 34.5556 31.6465
1010101 FRAC0_S 0 1 14106.2 15501.9 8825.37 1.04996e+06 2.66252e+06 -6.17844e+06 5806.95 -32.614 35.8468
1010101 FRAC0_S 0 1 14112.7 15244.4 9040.74 -495306 2.80564e+06 -2.89634e+06 1817.15 -49.034 29.2459
1010101 FRAC0_S 0 1 14207.4 14969.8 9202.01 4.36623e+06 9.04205e+06 -5.38545e+06 12841.7 -51.1535 19.6416
1010101 FRAC0_S 0 1 14374.9 14699.9 9290.58 1.60696e+06 5.46102e+06 -1.45071e+06 3167.52 -60.9816 12.3261
1010101 FRAC0_S 0 1 14598 14459.2 9301.63 1.2586e+06 7.44436e+06 59183.7 5079.96 -68.4167 -0.525343
1010101 FRAC0_S 0 1 14856.5 14267.7 9237.16 1.67176e+06 4.92395e+06 1.38192e+06 2663.53 -59.7435 -12.5213
1010101 FRAC0_S 0 1 15127.8 14142.3 9100.57 879133 3.81635e+06 2.10384e+06 1955.39 -56.527 -20.9752
1010101 FRAC0_S 0 1 15387.6 14096.2 8901.14 -1.04264e+06 1.87064e+06 1.06627e+06 463.035 -50.3417 -18.5301
1010101 FRAC0_S 0 1 15636.2 14146.6 8634.09 762880 401822 1.72036e+06 459.879 -18.1409 -34.7774
1010101 FRAC0_S 0 1 15787.4 14267.1 8400.96 1.64012e+06 -161876 1.26921e+06 456.29 7.18458 -26.5985
1010101 FRAC0_S 0 1 15872.9 14465.9 8141.73 2.95156e+06 -1.06652e+06 2.1723e+06 1505.27 22.0424 -23.3078
1010101 FRAC0_S 0 1 15855.5 14706.7 7904.62 4.35284e+06 -440004 355631 1722.46 11.4535 -5.23039
1010101 FRAC0_S 0 1 15751.8 14974.1 7723.8 -3.03831e+06 -2.59853e+06 1.15044e+06 777.731 43.339 -12.2729
1010101 FRAC0_S 0 1 15581.6 15248.6 7622.51 6.01761e+06 23155.1 288705 3237.96 -0.511224 -3.48915
1010101 FRAC0_S 0 1 15355.3 15499.8 7607.52 5.07822e+06 260601 370664 2322.33 -6.24425 -4.92473
1010101 FRAC0_S 0 1 15098.3 15707.1 7685.07 5.65208e+06 257835 797685 2937.26 -5.27806 -8.80926