
Step FractureNumber TipNr TipActive TipX TipY TipZ KI KII KIII G Phi Psi Extension
1010000 FRAC0_S 0 1 15000 -44020.2 8624.9 4.18024e+06 -926735 421300 1657.28 21.5019 -5.75259
1010000 FRAC0_S 0 1 15000 -44106.8 8921.55 4.07977e+06 -1.07594e+06 128273 1588.54 25.6048 -1.87407
1010000 FRAC0_S 0 1 15000 -44280.8 9176.94 4.36664e+06 -1.18697e+06 -170885 1828.54 26.0193 2.29902
1010000 FRAC0_S 0 1 15000 -44525.1 9366.05 4.14312e+06 -900609 -372638 1620.36 21.3432 5.21008
1010000 FRAC0_S 0 1 15000 -44816 9470.4 3.50889e+06 -536701 -473294 1152.61 15.6402 7.80748
1010000 FRAC0_S 0 1 15000 -45124.9 9479.76 3.68364e+06 -504313 -600832 1279.83 13.9672 9.2669
1010000 FRAC0_S 0 1 15000 -45421.5 9393.21 4.53902e+06 -143729 -722560 1907.18 3.67316 9.83705
1010000 FRAC0_S 0 1 15000 -45676.9 9219.22 3.84086e+06 881937 -592356 1430.55 -21.3028 8.28297
1010000 FRAC0_S 0 1 15000 -45866 8974.84 3.80777e+06 321980 -506591 1335.39 -9.38497 8.1287
1010000 FRAC0_S 0 1 15000 -45970.4 8683.98 3.76651e+06 442507 -442151 1307.62 -12.6858 7.11664
1010000 FRAC0_S 0 1 15000 -45979.8 8375.1 4.09422e+06 614616 -335914 1542.39 -16.0176 5.04746
1010000 FRAC0_S 0 1 15000 -45893.2 8078.45 3.63709e+06 681746 -261150 1229.27 -19.2885 4.34026
1010000 FRAC0_S 0 1 15000 -45719.2 7823.06 3.12205e+06 382833 -780934 962.742 -11.9471 13.117
1010000 FRAC0_S 0 1 15000 -45474.9 7633.95 3.66965e+06 801177 -18180.1 1257.23 -22.7568 0.315353
1010000 FRAC0_S 0 1 15000 -45184 7529.6 3.1924e+06 486532 491566 961.386 -15.3798 -8.7352
1010000 FRAC0_S 0 1 15000 -44875.1 7520.24 3.57295e+06 728806 317872 1198.34 -20.3446 -5.21087
1010000 FRAC0_S 0 1 15000 -44578.5 7606.79 3.44961e+06 1.05217e+06 158293 1162.37 -28.0413 -2.61143
1010000 FRAC0_S 0 1 15000 -44323.1 7780.78 3.36039e+06 453516 440028 1050.33 -14.1299 -7.71525
1010000 FRAC0_S 0 1 15000 -44134 8025.16 3.87652e+06 -157149 669116 1400.84 4.60008 -10.4299
1010000 FRAC0_S 0 1 15000 -44029.6 8316.02 4.29654e+06 -689523 668818 1746.85 16.03 -8.76366
Step FractureNumber TipNr TipActive TipX TipY TipZ KI KII KIII G Phi Psi Extension
1010101 FRAC0_S 0 1 15036 -43930.1 8635.92 4.65081e+06 338226 427326 1961.94 -8.46938 -5.94843
1010101 FRAC0_S 0 1 15041.7 -44026.6 8959.13 4.52676e+06 380395 5736.69 1838.9 -10.4203 -0.0910341
1010101 FRAC0_S 0 1 15041.8 -44216.5 9237.77 4.52826e+06 538081 -302902 1865.21 -13.3272 4.29529
1010101 FRAC0_S 0 1 15035.9 -44482 9445.94 4.66797e+06 490069 -538329 2001.64 -11.5264 7.07659
1010101 FRAC0_S 0 1 15028.6 -44799 9562.19 4.66375e+06 556691 -623028 2017.44 -12.7021 7.94118
1010101 FRAC0_S 0 1 15020.4 -45137.2 9574.11 4.35386e+06 539884 -677268 1776.16 -12.9099 8.99475
1010101 FRAC0_S 0 1 15000.2 -45461.8 9479.36 3.51919e+06 51548.8 -434987 1129 -1.79004 8.08098
1010101 FRAC0_S 0 1 14979.4 -45741.1 9287.57 3.90199e+06 -387559 -744981 1443.94 10.3624 10.8194
1010101 FRAC0_S 0 1 14977.3 -45949.2 9020.07 4.31033e+06 -555740 -722232 1752.47 13.2303 9.52952
1010101 FRAC0_S 0 1 14978.1 -46063.7 8701.89 3.43603e+06 -101258 -449529 1079.85 3.5106 8.37526
1010101 FRAC0_S 0 1 14972.5 -46072.7 8363.49 3.95893e+06 -182871 -339858 1414.97 5.59606 5.72521
1010101 FRAC0_S 0 1 14971.4 -45977.5 8038.5 3.27731e+06 -81575.4 -234702 965.028 3.14197 4.95353
1010101 FRAC0_S 0 1 14971.7 -45787.2 7759.25 3.78347e+06 32820.8 -50236.1 1276.01 -1.18334 1.00785
1010101 FRAC0_S 0 1 14968.8 -45519.3 7553.07 2.70899e+06 -159619 76274 656.99 7.38266 -1.9981
1010101 FRAC0_S 0 1 14968.4 -45201 7438.76 3.63887e+06 -128037 -15468 1181.43 4.65891 0.318428
1010101 FRAC0_S 0 1 14964.3 -44864.3 7430.1 3.49079e+06 -610866 533909 1157.02 17.2334 -8.54602
1010101 FRAC0_S 0 1 14961.7 -44540 7525.98 3.51102e+06 -832771 434148 1185.35 22.2748 -6.81501
1010101 FRAC0_S 0 1 14978.1 -44258.5 7713.53 3.60841e+06 77372.1 269260 1170.45 -2.71201 -5.1573
1010101 FRAC0_S 0 1 15004.8 -44050 7979.06 3.58789e+06 593767 471270 1208.07 -16.7257 -7.56166
1010101 FRAC0_S 0 1 15024.9 -43937.5 8298.03 4.82165e+06 340404 766403 2160.1 -7.80783 -9.53198