
Step FractureNumber TipNr TipActive TipX TipY TipZ KI KII KIII G Phi Psi Extension
1010000 FRAC0_S 0 1 -45000 -14017.8 8603.45 1.09246e+06 102078 -649007 163.3 -7.53724 23.3695
1010000 FRAC0_S 0 1 -45000 -14097.8 8901.92 1.25912e+06 428926 -591271 204.165 -23.8666 18.0131
1010000 FRAC0_S 0 1 -45000 -14266.1 9161.05 1.16295e+06 505823 -338677 158.571 -30.8319 12.2201
1010000 FRAC0_S 0 1 -45000 -14506.3 9355.47 1.46009e+06 812400 -247768 256.948 -37.8551 7.34928
1010000 FRAC0_S 0 1 -45000 -14794.9 9466.15 1.18152e+06 650010 -15279.5 162.078 -40.6034 0.64307
1010000 FRAC0_S 0 1 -45000 -15103.5 9482.25 1.18948e+06 577659 -271930 165.648 -34.0434 9.81517
1010000 FRAC0_S 0 1 -45000 -15401.9 9402.21 1.30081e+06 680819 278621 202.411 -35.8189 -9.11363
1010000 FRAC0_S 0 1 -45000 -15649.2 9244.54 852206 809025 -316564 136.369 -45.5548 11.6392
1010000 FRAC0_S 0 1 -45000 -15855.5 8993.66 1.08865e+06 408014 523118 156.84 -25.4247 -17.9882
1010000 FRAC0_S 0 1 -45000 -15966.1 8705.15 931680 208941 613263 131.26 -15.6848 -23.2388
1010000 FRAC0_S 0 1 -45000 -15982.2 8396.55 898171 -5457.85 738433 144.411 0.464556 -28.4029
1010000 FRAC0_S 0 1 -45000 -15902.2 8098.08 797967 -391563 724278 140.172 25.7136 -24.7926
1010000 FRAC0_S 0 1 -45000 -15733.9 7838.95 346938 -1.39652e+06 496346 217.279 60.0774 -15.6645
1010000 FRAC0_S 0 1 -45000 -15493.7 7644.53 607183 -919066 484731 139.372 49.3624 -16.884
1010000 FRAC0_S 0 1 -45000 -15205.1 7533.85 403062 -1.53941e+06 -315963 238.925 62.9047 10.2666
1010000 FRAC0_S 0 1 -45000 -14896.5 7517.75 608497 -1.32138e+06 50805.6 188.928 62.244 -1.97903
1010000 FRAC0_S 0 1 -45000 -14598.1 7597.79 655528 -1.18362e+06 -232077 170.296 57.1447 8.32544
1010000 FRAC0_S 0 1 -45000 -14339 7766.15 771681 -1.00963e+06 -500934 177.274 48.2346 15.5305
1010000 FRAC0_S 0 1 -45000 -14144.5 8006.34 746848 -573391 -596557 126.333 35.6157 21.0792
1010000 FRAC0_S 0 1 -45000 -14033.9 8294.85 817645 -365514 -866978 171.448 22.7352 27.0837
Step FractureNumber TipNr TipActive TipX TipY TipZ KI KII KIII G Phi Psi Extension
1010101 FRAC0_S 0 1 -45007 -13925.1 8613.15 1.39859e+06 55900.7 -661961 232.863 -3.64891 21.1678
1010101 FRAC0_S 0 1 -45036.4 -14015.5 8937.49 1.45506e+06 140477 -419179 213.792 -9.42127 14.8001
1010101 FRAC0_S 0 1 -45051.1 -14203.5 9216.18 1.90751e+06 28382.5 -311676 337.227 -1.75677 10.1819
1010101 FRAC0_S 0 1 -45059.7 -14466.7 9422.59 1.82658e+06 -146792 -28348.8 299.332 9.89019 1.09803
1010101 FRAC0_S 0 1 -45061.8 -14779.2 9540.98 1.77648e+06 -331710 71762.7 291.711 19.6822 -2.53195
1010101 FRAC0_S 0 1 -45058.9 -15112.1 9560.54 1.48128e+06 -209984 100457 200.794 15.4461 -4.26951
1010101 FRAC0_S 0 1 -45061.1 -15432.4 9472.85 1.26704e+06 -165671 163178 149.044 13.7791 -7.63039
1010101 FRAC0_S 0 1 -45061.1 -15712.3 9289.67 1.4862e+06 -182061 314543 212.938 12.2647 -11.5431
1010101 FRAC0_S 0 1 -45046.1 -15929.9 9034.24 967728 -45286.8 264139 92.9134 4.87627 -14.7203
1010101 FRAC0_S 0 1 -45024.1 -16057.7 8723.81 919522 69010.9 464212 104.429 -6.49257 -21.5547
1010101 FRAC0_S 0 1 -44995.5 -16076.1 8387.15 964164 -27144 597400 130.369 2.37155 -24.6641
1010101 FRAC0_S 0 1 -44956.4 -15977.4 8068.79 1.21985e+06 -291428 559987 181.874 18.3123 -18.6759
1010101 FRAC0_S 0 1 -44926.9 -15781.1 7798.99 1.47287e+06 -185141 190647 201.198 13.3188 -7.69297
1010101 FRAC0_S 0 1 -44918.1 -15521.6 7596.84 1.4165e+06 -93025.7 336756 194.652 6.87624 -13.1291
1010101 FRAC0_S 0 1 -44914.3 -15216.8 7485.9 1.30559e+06 -33073.3 162784 155.517 3.04989 -8.06868
1010101 FRAC0_S 0 1 -44912.5 -14891 7471.06 1.63905e+06 -85509.7 -16842.8 240.083 6.70575 0.751326
1010101 FRAC0_S 0 1 -44917.3 -14574.7 7549.06 1.56918e+06 -131952 -90927.9 222.07 9.92891 3.8727
1010101 FRAC0_S 0 1 -44927.1 -14293.5 7718.85 1.44071e+06 -174063 -272597 197.543 12.3162 10.5773
1010101 FRAC0_S 0 1 -44942.6 -14075.6 7968.86 1.42258e+06 -211484 -536228 222.563 12.9776 17.2574
1010101 FRAC0_S 0 1 -44969.4 -13946.5 8277.71 1.39362e+06 -21618.3 -709824 240.12 1.41698 22.3721