
Step FractureNumber TipNr TipActive TipX TipY TipZ KI KII KIII G Phi Psi Extension
1010000 FRAC0_S 0 1 167.108 -29026.6 8500 7541.9 3.0089e+06 -398637 827.894 -69.0098 8.65518
1010000 FRAC0_S 0 1 -141.884 -29022.6 8500 6052.8 3.40477e+06 273233 1042.94 -69.5977 -5.60345
1010000 FRAC0_S 0 1 -436.986 -29114.3 8500 130595 2.50727e+06 844927 656.652 -64.5082 -16.9806
1010000 FRAC0_S 0 1 -698.651 -29301.7 8500 4.17945e+06 1.14101e+06 1.01416e+06 1809.36 -22.9462 -11.6418
1010000 FRAC0_S 0 1 -874.166 -29540.2 8500 -7983.86 1.43942e+06 1.83148e+06 630.755 -47.9694 -33.2723
1010000 FRAC0_S 0 1 -973.449 -29832.9 8500 2750.16 579680 2.04414e+06 585.686 -27.4882 -40.7164
1010000 FRAC0_S 0 1 -977.444 -30141.9 8500 27504.5 -426433 2.20374e+06 662.184 20.6613 -41.9877
1010000 FRAC0_S 0 1 -885.76 -30437 8500 -6357.54 -1.30248e+06 1.88279e+06 622.644 45.4752 -34.5294
1010000 FRAC0_S 0 1 -707.371 -30689.4 8500 -7101.75 -1.60051e+06 1.20482e+06 421.329 57.0019 -27.3583
1010000 FRAC0_S 0 1 -459.741 -30874.2 8500 -16485.3 -2.72783e+06 1.0102e+06 798.798 64.7656 -18.5979
1010000 FRAC0_S 0 1 -167.108 -30973.4 8500 -13456.8 -3.37273e+06 431961 1038.47 69.0474 -8.40204
1010000 FRAC0_S 0 1 141.884 -30977.4 8500 100649 -3.25597e+06 -327580 959.862 69.0543 6.67445
1010000 FRAC0_S 0 1 436.986 -30885.7 8500 1861.1 -2.81844e+06 -928448 822.502 65.689 17.294
1010000 FRAC0_S 0 1 689.314 -30707.4 8500 -27065.8 -2.69927e+06 -1.713e+06 1039.53 59.2454 25.1842
1010000 FRAC0_S 0 1 874.166 -30459.8 8500 -297.931 -1.46617e+06 -1.85376e+06 648.599 48.1723 33.2623
1010000 FRAC0_S 0 1 973.449 -30167.1 8500 -8540.82 -554599 -2.03139e+06 576.238 26.7276 40.8408
1010000 FRAC0_S 0 1 977.444 -29858.1 8500 22253.9 419154 -2.12598e+06 616.834 -20.9907 41.9614
1010000 FRAC0_S 0 1 885.76 -29563 8500 681302 1.31684e+06 -1.74628e+06 601.469 -40.5777 29.1992
1010000 FRAC0_S 0 1 707.371 -29310.6 8500 -7098.72 1.60646e+06 -1.15676e+06 407.936 -57.6451 26.8157
1010000 FRAC0_S 0 1 459.741 -29125.8 8500 -2917 2.79469e+06 -1.03532e+06 838.539 -64.8639 18.6611
Step FractureNumber TipNr TipActive TipX TipY TipZ KI KII KIII G Phi Psi Extension
1010101 FRAC0_S 0 1 173.829 -28990.9 8407.25 -404012 -488114 19524.2 21.2816 54.8915 -1.65534
1010101 FRAC0_S 0 1 -147.633 -28986.8 8407.23 1.44186e+06 -1.73301e+06 30396.7 453.005 55.2316 -0.736736
1010101 FRAC0_S 0 1 -463.826 -29069.9 8421.69 147660 1.00539e+06 308820 104.7 -63.1747 -15.0048
1010101 FRAC0_S 0 1 -741.023 -29242.2 8439.37 625046 -399988 435012 74.2387 33.1002 -20.3102
1010101 FRAC0_S 0 1 -941.722 -29504.4 8441.57 228935 36294.8 728420 75.357 -5.02034 -39.4457
1010101 FRAC0_S 0 1 -1055.13 -29821 8467.17 302157 -180215 408755 33.2514 25.4497 -28.8349
1010101 FRAC0_S 0 1 -1061.32 -30152.6 8523.93 337861 -245734 2.8162e+06 1070.38 9.75337 -41.9678
1010101 FRAC0_S 0 1 -950.101 -30465.4 8565.44 181997 240648 586707 53.894 -29.3995 -34.1892
1010101 FRAC0_S 0 1 -747.556 -30725.5 8582.37 1.09298e+06 -225069 1.17264e+06 293.852 12.0794 -29.4084
1010101 FRAC0_S 0 1 -480.927 -30911.3 8589.54 -486073 520189 -12436.8 24.1334 -53.2369 0.947346
1010101 FRAC0_S 0 1 -173.81 -31009.3 8592.65 -1.73499e+06 1.05287e+06 -178717 103.03 -40.8702 4.57922
1010101 FRAC0_S 0 1 147.493 -31013.2 8592.82 -1.96697e+06 1.1141e+06 71735.4 111.29 -40.7307 -1.75764
1010101 FRAC0_S 0 1 456.3 -30922.2 8590.39 -575057 557353 -50397.5 28.0192 -50.4268 3.26354
1010101 FRAC0_S 0 1 726.468 -30742.6 8584.38 -325106 465047 -49263.3 19.5945 -56.0767 4.46397
1010101 FRAC0_S 0 1 934.609 -30488.2 8569.99 -31033.9 484310 -215382 27.0711 -62.0398 20.1236
1010101 FRAC0_S 0 1 1055.32 -30179.1 8532.17 3.23146e+06 1.5468e+06 828726 1235.06 -33.2945 -10.8077
1010101 FRAC0_S 0 1 1062.68 -29846.8 8477.07 322882 -10355 -632241 62.4635 1.49348 36.9269
1010101 FRAC0_S 0 1 952.499 -29533.5 8437.41 163007 -197571 -414304 28.6753 31.145 32.2704
1010101 FRAC0_S 0 1 748.507 -29274.2 8418.87 134416 295682 -392472 29.8872 -41.2797 29.7035
1010101 FRAC0_S 0 1 480.724 -29088.9 8410.27 2.07731e+06 -4.69347e+06 270936 2357.26 62.2156 -2.95226