
Step FractureNumber TipNr TipActive TipX TipY TipZ KI KII KIII G Phi Psi Extension
1010000 FRAC0_S 0 1 44210.8 30250.9 9038.31 252025 -1.3358e+06 -1.23464e+06 367.402 50.5792 27.8053
1010000 FRAC0_S 0 1 44300.8 30001.8 9197.53 210049 -664582 -1.44472e+06 320.889 34.368 35.782
1010000 FRAC0_S 0 1 44459.1 29752.4 9288.46 180409 51405 -1.64994e+06 365.202 -3.77223 43.0209
1010000 FRAC0_S 0 1 44670.4 29527.4 9302.2 233376 699519 -1.4307e+06 320.694 -35.3025 35.1228
1010000 FRAC0_S 0 1 44914 29348.6 9237.43 283868 1.27519e+06 -1.21242e+06 347.589 -49.5964 27.8069
1010000 FRAC0_S 0 1 45166 29233.5 9100.47 366364 1.76775e+06 -903523 398.998 -57.7663 20.281
1010000 FRAC0_S 0 1 45401.8 29193.6 8904.73 525426 2.25009e+06 -545915 515.394 -62.7171 11.9287
1010000 FRAC0_S 0 1 45598.2 29232.5 8669.38 470113 1.82101e+06 -75693.5 315.952 -66.2774 2.46078
1010000 FRAC0_S 0 1 45736 29346.5 8417.44 16611.3 2.03373e+06 499880 401.823 -67.1288 -14.0212
1010000 FRAC0_S 0 1 45801.8 29524.5 8173.59 774234 2.06958e+06 842615 529.517 -56.5344 -16.1045
1010000 FRAC0_S 0 1 45789.2 29749.1 7961.69 769171 1.45797e+06 1.14013e+06 415.025 -47.4944 -22.6269
1010000 FRAC0_S 0 1 45699.2 29998.2 7802.47 813101 909728 1.41029e+06 397.188 -34.7486 -28.4235
1010000 FRAC0_S 0 1 45540.9 30247.6 7711.54 1.03296e+06 312398 1.20645e+06 297.363 -16.09 -29.5008
1010000 FRAC0_S 0 1 45329.6 30472.6 7697.8 542054 -615966 1.50168e+06 359.913 28.6685 -33.5195
1010000 FRAC0_S 0 1 45086 30651.4 7762.57 788283 -1.17869e+06 1.32235e+06 411.741 41.1789 -26.0237
1010000 FRAC0_S 0 1 44834 30766.5 7899.53 504951 -1.20762e+06 696432 217.182 52.5906 -19.7914
1010000 FRAC0_S 0 1 44598.2 30806.4 8095.27 632522 -2.12921e+06 560447 481.411 60.9737 -12.2193
1010000 FRAC0_S 0 1 44392.2 30763.1 8344.7 867448 -1.73363e+06 149051 337.825 60.4367 -4.13049
1010000 FRAC0_S 0 1 44264 30653.5 8582.56 681730 -1.86224e+06 -323439 364.356 61.3981 8.37839
1010000 FRAC0_S 0 1 44198.2 30475.5 8826.41 378781 -2.01162e+06 -932659 489.07 59.0977 19.2922
Step FractureNumber TipNr TipActive TipX TipY TipZ KI KII KIII G Phi Psi Extension
1010101 FRAC0_S 0 1 44203.3 30308 9117.27 1.67725e+06 -607555 -1.16931e+06 465.424 22.4593 22.6233
1010101 FRAC0_S 0 1 44271.6 30026.1 9281.73 1.36298e+06 -362580 -1.31202e+06 406.201 15.7137 27.534
1010101 FRAC0_S 0 1 44408.2 29728.2 9357.33 797031 -172248 -1.54477e+06 376.632 9.2634 35.4682
1010101 FRAC0_S 0 1 44613.1 29462.3 9338.74 932160 -119374 -1.1643e+06 258.995 7.33905 31.8737
1010101 FRAC0_S 0 1 44864.1 29264.5 9243.78 1.30428e+06 258499 -1.23003e+06 358.769 -12.3585 27.9521
1010101 FRAC0_S 0 1 45125.5 29144.6 9085.24 1.56493e+06 282921 -904592 334.195 -13.6509 22.0704
1010101 FRAC0_S 0 1 45368.3 29105.7 8872.88 2.15677e+06 127911 -693690 479.966 -5.88343 16.3768
1010101 FRAC0_S 0 1 45569.7 29148.6 8624.16 2.33452e+06 97395.9 -250031 494.807 -4.99184 6.98492
1010101 FRAC0_S 0 1 45715.9 29267.4 8361.14 2.2863e+06 85936.8 128035 468.629 -4.72925 -3.90774
1010101 FRAC0_S 0 1 45796.9 29452.6 8106.44 2.78544e+06 350838 745750 776.311 -12.0808 -13.7662
1010101 FRAC0_S 0 1 45800.4 29692.3 7882.66 1.58155e+06 274490 824284 319.972 -13.6031 -20.8664
1010101 FRAC0_S 0 1 45723.9 29968.8 7713.99 1.692e+06 309912 1.41401e+06 529.59 -12.1255 -26.6332
1010101 FRAC0_S 0 1 45579.8 30260.7 7631.57 1.55142e+06 160291 1.73805e+06 618.537 -6.35389 -30.9213
1010101 FRAC0_S 0 1 45378.4 30531.4 7648.28 1.05807e+06 122301 1.1083e+06 264.46 -7.28139 -30.0333
1010101 FRAC0_S 0 1 45131.4 30735.9 7744.81 1.47125e+06 -10902.9 1.30698e+06 420.087 0.546198 -29.3044
1010101 FRAC0_S 0 1 44870.6 30857.4 7907.09 1.85899e+06 -148061 1.05992e+06 459.318 6.59553 -23.0148
1010101 FRAC0_S 0 1 44627.7 30896.8 8123.23 2.23958e+06 -246972 707356 518.933 10.4071 -15.6561
1010101 FRAC0_S 0 1 44423.5 30854.9 8372.82 2.23348e+06 -348067 260247 464.321 16.0973 -6.86636
1010101 FRAC0_S 0 1 44278.5 30735.4 8636.97 2.15739e+06 -443339 -226218 439.069 20.234 6.03041
1010101 FRAC0_S 0 1 44204.3 30548.4 8893.14 2.4609e+06 -873168 -903367 716.13 25.8762 15.1288