
Step FractureNumber TipNr TipActive TipX TipY TipZ KI KII KIII G Phi Psi Extension
1010000 FRAC0_S 0 1 -45000 -14017.8 8603.45 -2.59584e+06 -1.25477e+06 1.16911e+06 322.085 30.6216 -16.3764
1010000 FRAC0_S 0 1 -45000 -14097.8 8901.92 -2.51779e+06 -1.4421e+06 747753 259.684 36.3177 -11.5568
1010000 FRAC0_S 0 1 -45000 -14266.1 9161.05 -2.3234e+06 -1.3069e+06 256782 160.968 39.1574 -5.00869
1010000 FRAC0_S 0 1 -45000 -14506.3 9355.47 -2.98177e+06 -1.78214e+06 -82472.2 283.92 42.0161 1.31779
1010000 FRAC0_S 0 1 -45000 -14794.9 9466.15 -2.44129e+06 -1.23814e+06 -422274 160.32 35.882 7.68041
1010000 FRAC0_S 0 1 -45000 -15103.5 9482.25 -2.82932e+06 -975649 -768896 163.453 26.6783 12.1797
1010000 FRAC0_S 0 1 -45000 -15401.9 9402.21 -2.8674e+06 -836492 -1.00081e+06 195.568 22.679 15.0993
1010000 FRAC0_S 0 1 -45000 -15649.2 9244.54 -2.31873e+06 -29385.7 -862920 99.1127 1.27534 18.5782
1010000 FRAC0_S 0 1 -45000 -15855.5 8993.66 -2.54328e+06 32126.6 -1.21697e+06 197.067 -1.18097 21.6319
1010000 FRAC0_S 0 1 -45000 -15966.1 8705.15 -2.24873e+06 477276 -1.21677e+06 217.21 -15.9214 20.9285
1010000 FRAC0_S 0 1 -45000 -15982.2 8396.55 -2.24517e+06 973006 -1.26057e+06 295.704 -27.1112 19.3393
1010000 FRAC0_S 0 1 -45000 -15902.2 8098.08 -2.04327e+06 1.55209e+06 -1.06392e+06 365.211 -38.8688 16.0902
1010000 FRAC0_S 0 1 -45000 -15733.9 7838.95 -1.2361e+06 1.78548e+06 -890850 389.629 -49.312 16.0495
1010000 FRAC0_S 0 1 -45000 -15493.7 7644.53 -1.60166e+06 2.0792e+06 -337078 400.341 -53.7021 6.31142
1010000 FRAC0_S 0 1 -45000 -15205.1 7533.85 -938212 2.08056e+06 -84886 386.691 -62.3935 2.10864
1010000 FRAC0_S 0 1 -45000 -14896.5 7517.75 -1.56555e+06 2.23773e+06 590602 492.605 -53.1438 -9.88811
1010000 FRAC0_S 0 1 -45000 -14598.1 7597.79 -1.63386e+06 1.69183e+06 958310 377.201 -44.3714 -15.7969
1010000 FRAC0_S 0 1 -45000 -14339 7766.15 -1.78902e+06 1.1378e+06 1.30506e+06 341.885 -32.5809 -20.9158
1010000 FRAC0_S 0 1 -45000 -14144.5 8006.34 -1.66102e+06 328986 1.25626e+06 219.542 -13.4691 -25.2428
1010000 FRAC0_S 0 1 -45000 -14033.9 8294.85 -2.06489e+06 -329158 1.45388e+06 290.785 11.4636 -24.76
Step FractureNumber TipNr TipActive TipX TipY TipZ KI KII KIII G Phi Psi Extension
1010101 FRAC0_S 0 1 -44954.8 -13932.6 8611.07 -1.05088e+06 -1.31549e+06 936439 270.836 44.6565 -19.4624
1010101 FRAC0_S 0 1 -44941.9 -14025.1 8933.54 -1.19198e+06 -2.57578e+06 873542 692.704 56.1364 -13.5114
1010101 FRAC0_S 0 1 -44936.9 -14209.6 9211.28 -780255 -2.08252e+06 256442 395.205 62.2676 -6.18962
1010101 FRAC0_S 0 1 -44936.1 -14469.2 9420.43 -1.03349e+06 -3.054e+06 -23277.4 831.196 65.374 0.440621
1010101 FRAC0_S 0 1 -44942.7 -14779.5 9544.08 -1.63988e+06 -3.28531e+06 -571954 1005.3 58.6674 7.75832
1010101 FRAC0_S 0 1 -44953.3 -15113.3 9567.57 -1.89354e+06 -2.37685e+06 -764731 581.2 50.4891 11.0854
1010101 FRAC0_S 0 1 -44968.9 -15439.7 9485.14 -2.39779e+06 -1.86185e+06 -1.19979e+06 500.352 39.6035 15.5478
1010101 FRAC0_S 0 1 -44989.7 -15725.5 9304.56 -2.0612e+06 -562887 -972998 154.148 20.1937 18.6842
1010101 FRAC0_S 0 1 -45007.3 -15939 9042.21 -2.00242e+06 31651.5 -1.15965e+06 178.946 -1.3806 23.9712
1010101 FRAC0_S 0 1 -45025.6 -16057 8725.29 -2.15317e+06 1.01613e+06 -1.43487e+06 365.835 -27.4881 21.1033
1010101 FRAC0_S 0 1 -45045.3 -16067.8 8388.96 -1.16944e+06 1.56273e+06 -1.14655e+06 392.457 -45.0428 20.1734
1010101 FRAC0_S 0 1 -45061.7 -15972 8068.99 -347482 1.97037e+06 -989621 476.209 -58.5597 20.3839
1010101 FRAC0_S 0 1 -45073.8 -15783.3 7796.4 359029 1.89268e+06 -669479 390.312 -61.3225 16.1428
1010101 FRAC0_S 0 1 -45081.4 -15523 7596.65 1.02598e+06 1.61491e+06 -374690 344.865 -54.8983 9.18216
1010101 FRAC0_S 0 1 -45084.4 -15215.8 7483.45 1.39052e+06 1.44046e+06 -88425.8 358.234 -52.0356 2.33227
1010101 FRAC0_S 0 1 -45079.6 -14888.5 7460.26 1.11331e+06 1.51751e+06 284140 326.391 -53.9119 -7.28961
1010101 FRAC0_S 0 1 -45068.4 -14567.8 7534.57 463830 1.76111e+06 690941 359.041 -59.0213 -16.6298
1010101 FRAC0_S 0 1 -45050.2 -14282.4 7706.36 -468297 1.7635e+06 1.19962e+06 468.526 -53.4613 -23.2355
1010101 FRAC0_S 0 1 -45020.1 -14064.4 7961.29 -1.1358e+06 815661 1.2867e+06 279.479 -30.8232 -25.7833
1010101 FRAC0_S 0 1 -44983.1 -13943.5 8274.78 -1.82663e+06 -621679 1.52449e+06 343.543 20.1936 -25.0719