
Step FractureNumber TipNr TipActive TipX TipY TipZ KI KII KIII G Phi Psi Extension
1010000 FRAC0_S 0 1 -44463.4 -44170.8 8500 32808 -89706.4 -14575.4 0.841259 61.6374 7.91993
1010000 FRAC0_S 0 1 -44745.9 -44045.6 8500 26501.3 -61329 -25662.8 0.48534 55.2122 15.9499
1010000 FRAC0_S 0 1 -45053.3 -44013.7 8500 36575 -111762 -58650.4 1.68976 55.1845 19.452
1010000 FRAC0_S 0 1 -45355.5 -44078.5 8500 35986.4 -34308.3 -54909 0.621281 33.1067 27.8605
1010000 FRAC0_S 0 1 -45638.4 -44246.2 8500 25491.9 -56586.5 -114145 2.07609 34.5517 34.2066
1010000 FRAC0_S 0 1 -45829.2 -44463.4 8500 36592.1 20236.5 -56097.9 0.574355 -22.8402 30.6041
1010000 FRAC0_S 0 1 -45954.4 -44745.9 8500 37412.4 43407.2 -47881.8 0.59755 -39.2553 24.4514
1010000 FRAC0_S 0 1 -45986.3 -45053.3 8500 44240.2 70473.4 -38630.9 0.815452 -49.5559 17.5556
1010000 FRAC0_S 0 1 -45921.5 -45355.5 8500 38408.7 74968.7 -20434.8 0.687822 -56.4636 11.142
1010000 FRAC0_S 0 1 -45766.5 -45622.8 8500 67541 -25823.3 14619.3 0.494348 29.4765 -9.95513
1010000 FRAC0_S 0 1 -45536.6 -45829.2 8500 70330.2 97752 -7508.73 1.29975 -56.2441 3.27514
1010000 FRAC0_S 0 1 -45254.1 -45954.4 8500 37588 69958.7 27989.6 0.666219 -53.613 -14.7005
1010000 FRAC0_S 0 1 -44946.7 -45986.3 8500 48415.3 66074.1 52187.7 0.960146 -44.4983 -21.1871
1010000 FRAC0_S 0 1 -44644.5 -45921.5 8500 2428.83 58657.4 84158.5 1.24912 -45.1225 -34.116
1010000 FRAC0_S 0 1 -44377.2 -45766.5 8500 16109.7 -21296.4 32495.9 0.203987 36.1552 -29.1288
1010000 FRAC0_S 0 1 -44170.8 -45536.6 8500 7637.63 -38742.9 44337.8 0.40041 47.0224 -30.2392
1010000 FRAC0_S 0 1 -44045.6 -45254.1 8500 22155.8 -51886.3 51226.8 0.632659 45.9786 -26.3784
1010000 FRAC0_S 0 1 -44013.7 -44946.7 8500 35742.7 -65507.7 39146.5 0.70005 50.0831 -19.183
1010000 FRAC0_S 0 1 -44078.5 -44644.5 8500 41426.1 -85582.2 29357.8 0.920224 55.6556 -13.4813
1010000 FRAC0_S 0 1 -44233.5 -44377.2 8500 36143.1 -101586 8420.79 1.04542 63.4917 -4.38463
Step FractureNumber TipNr TipActive TipX TipY TipZ KI KII KIII G Phi Psi Extension
1010101 FRAC0_S 0 1 -44463.4 -44170.8 8500 31206.6 -79060.6 -8645.88 0.653711 62.1377 5.49674
1010101 FRAC0_S 0 1 -44746.6 -44031.3 8520.52 50014.5 -4408.35 -13944.8 0.250499 8.73618 14.5366
1010101 FRAC0_S 0 1 -45062.3 -43965.7 8554.71 137277 -36369.8 -35647.3 1.96616 22.2145 12.3278
1010101 FRAC0_S 0 1 -45384.2 -44009.1 8562.02 151051 -11873.8 -37600.6 2.23377 8.04446 13.4655
1010101 FRAC0_S 0 1 -45675.7 -44169.4 8532.31 59746.4 -16934.9 -60904.9 0.836996 16.1715 28.0615
1010101 FRAC0_S 0 1 -45893.8 -44448.7 8492.23 38372.5 18441.8 -55960.8 0.57802 -21.0219 30.5792
1010101 FRAC0_S 0 1 -45973.8 -44733.4 8490.3 51194 5211.35 -50500.3 0.57515 -6.65826 29.482
1010101 FRAC0_S 0 1 -45986.3 -45053.3 8500 27533.3 65459.7 -38627.2 0.647832 -52.3131 20.0488
1010101 FRAC0_S 0 1 -45921.5 -45355.5 8500 135672 81491.6 -36604.1 2.41021 -37.7392 10.5643
1010101 FRAC0_S 0 1 -45774.1 -45634.5 8479.21 96006.3 17573.7 -2963.1 0.850034 -19.5191 1.96181
1010101 FRAC0_S 0 1 -45551.6 -45852.5 8458.43 111109 31490.9 26704.7 1.28329 -23.6185 -11.4821
1010101 FRAC0_S 0 1 -45260.7 -45983.9 8461.69 112400 10528 43970.3 1.39281 -8.55276 -18.2591
1010101 FRAC0_S 0 1 -44938.5 -46038.3 8447.24 143006 2547.86 51572.6 2.17668 -1.79781 -18.1478
1010101 FRAC0_S 0 1 -44630.9 -45972.2 8447.04 60520.3 18510.8 20688.9 0.413846 -23.5758 -14.7622
1010101 FRAC0_S 0 1 -44370.9 -45783 8482.28 56816.9 -12104.3 62521.6 0.820608 12.2987 -29.635
1010101 FRAC0_S 0 1 -44170.8 -45536.6 8500 31088 -13451.5 52283.3 0.465808 18.099 -32.4968
1010101 FRAC0_S 0 1 -44045.6 -45254.1 8500 36940.1 -44613 56215.5 0.719259 37.9952 -26.3329
1010101 FRAC0_S 0 1 -44013.7 -44946.7 8500 35386.3 -73575.5 45867 0.87377 50.7214 -20.2109
1010101 FRAC0_S 0 1 -44078.5 -44644.5 8500 46617.5 -93476.8 31197.5 1.10174 55.5539 -13.1115
1010101 FRAC0_S 0 1 -44233.5 -44377.2 8500 35085.7 -98612.9 9106.85 0.987276 63.2964 -4.83994