
Step FractureNumber TipNr TipActive TipX TipY TipZ KI KII KIII G Phi Psi Extension
1010000 FRAC0_S 0 1 22267.9 -14039.9 8500 40453.1 7802.98 7475.21 0.158682 -18.2293 -9.86841
1010000 FRAC0_S 0 1 21982.6 -14158.7 8500 52209.6 41551.9 -73654.8 1.11828 -30.4353 27.9287
1010000 FRAC0_S 0 1 21747.9 -14359.7 8500 33235.7 -201127 -104786 5.16347 58.4066 20.9492
1010000 FRAC0_S 0 1 21586.9 -14623.4 8500 41389.9 -1258.11 1307.12 0.153025 3.94982 -2.29035
1010000 FRAC0_S 0 1 21515.2 -14924.1 8500 42682.5 430.699 530.125 0.162394 -1.37479 -0.942578
1010000 FRAC0_S 0 1 21539.9 -15232.1 8500 37573.7 1646.79 1015.86 0.126183 -5.61264 -1.94826
1010000 FRAC0_S 0 1 21658.7 -15517.4 8500 33464.9 661.322 859.981 0.0999314 -2.62132 -1.89735
1010000 FRAC0_S 0 1 21859.7 -15752.1 8500 33567 2692.67 2375.89 0.101801 -9.41717 -4.67181
1010000 FRAC0_S 0 1 22123.4 -15913.1 8500 32977 90650.5 -62521.1 1.34905 -51.5767 22.475
1010000 FRAC0_S 0 1 22424.1 -15984.8 8500 43234.4 -4546.64 -2639.39 0.169335 12.0552 3.99269
1010000 FRAC0_S 0 1 22732.1 -15960.1 8500 41499.3 -10193.7 18398.7 0.207746 18.8802 -18.2008
1010000 FRAC0_S 0 1 23017.4 -15841.3 8500 38019.8 -2316.47 4462.61 0.131936 7.05198 -7.44246
1010000 FRAC0_S 0 1 23252.1 -15640.3 8500 33956.4 -1944.03 -1181.09 0.103269 7.14723 2.45092
1010000 FRAC0_S 0 1 23413.1 -15376.6 8500 43781.3 5036.07 -3189.47 0.174419 -12.9005 4.65946
1010000 FRAC0_S 0 1 23484.8 -15075.9 8500 46344.5 -1414.52 -1970 0.192086 3.9256 3.03816
1010000 FRAC0_S 0 1 23460.1 -14767.9 8500 42621.4 -758.555 -454.863 0.161954 2.40172 0.805834
1010000 FRAC0_S 0 1 23341.3 -14482.6 8500 45785.6 -574.662 -2021.28 0.187376 1.653 3.20108
1010000 FRAC0_S 0 1 23140.3 -14247.9 8500 44314 141210 -115561 3.728 -50.2629 25.0763
1010000 FRAC0_S 0 1 22876.6 -14086.9 8500 41298.6 -1065.05 -1735.01 0.152485 3.34038 3.01774
1010000 FRAC0_S 0 1 22575.9 -14015.2 8500 41740 1749.71 3412.71 0.157072 -5.12533 -5.50073
Step FractureNumber TipNr TipActive TipX TipY TipZ KI KII KIII G Phi Psi Extension
1010101 FRAC0_S 0 1 22256.6 -14021.6 8487.33 34167.5 -5191.99 -19057.2 0.154733 11.89 21.9338
1010101 FRAC0_S 0 1 21950 -14113.4 8495.96 56655.2 -65424.3 105776 2.15554 34.4272 -29.0979
1010101 FRAC0_S 0 1 21716.7 -14324.3 8529.93 136226 -59558 237851 9.49395 17.908 -32.8551
1010101 FRAC0_S 0 1 21577 -14614.9 8521.3 64869.3 14720.3 42725.9 0.637078 -15.8348 -23.2195
1010101 FRAC0_S 0 1 21515.2 -14924.1 8500 50436.1 -7281.91 11922.3 0.250308 13.8737 -12.3863
1010101 FRAC0_S 0 1 21539.9 -15232.1 8500 44884.8 -8283.35 6585.09 0.191407 18.0624 -8.19518
1010101 FRAC0_S 0 1 21658.7 -15517.4 8500 45160.8 2849.63 15546.9 0.21461 -6.13627 -17.1052
1010101 FRAC0_S 0 1 21853.8 -15766.4 8480.41 9043.36 -35721 11043.9 0.137213 60.9313 -14.1432
1010101 FRAC0_S 0 1 22149.8 -15957.6 8460.83 216766 134922 55052.3 6.2123 -38.7377 -9.95275
1010101 FRAC0_S 0 1 22418.1 -15999.2 8480.41 23826.7 8225.45 80458.1 0.917595 -9.86104 -38.9032
1010101 FRAC0_S 0 1 22732.1 -15960.1 8500 74569.4 356731 109157 13.4201 -61.9105 -14.4077
1010101 FRAC0_S 0 1 23017.4 -15841.3 8500 38812 -269953 -100328 7.96681 61.9024 17.1443
1010101 FRAC0_S 0 1 23252.1 -15640.3 8500 45821.8 96.5234 1518.8 0.187406 -0.284577 -2.46351
1010101 FRAC0_S 0 1 23413.1 -15376.6 8500 23553.6 58049.4 -164884 3.96555 -29.0885 37.4103
1010101 FRAC0_S 0 1 23484.8 -15075.9 8500 49860.5 29865.6 -1005.89 0.30115 -42.2113 0.966729
1010101 FRAC0_S 0 1 23460.1 -14767.9 8500 45570.4 20883.3 13504.1 0.248167 -31.7901 -12.2321
1010101 FRAC0_S 0 1 23351.7 -14470.4 8480.78 48084.1 -15881.1 35079.7 0.392172 20.6482 -23.4864
1010101 FRAC0_S 0 1 23161 -14223.6 8461.55 296452 214040 -40106.1 12.1277 -43.8453 5.50651
1010101 FRAC0_S 0 1 22886.9 -14074.7 8480.78 132395 104286 70481.7 3.19178 -39.4629 -16.1604
1010101 FRAC0_S 0 1 22575.9 -14015.2 8500 54973 127393 -86318 2.7064 -50.6427 21.6526