
Step FractureNumber TipNr TipActive TipX TipY TipZ KI KII KIII G Phi Psi Extension
1010000 FRAC0_S 0 1 -7500 8486.75 8543.02 3.34488e+06 142921 8180.27 998.811 -5.60641 -0.182332
1010000 FRAC0_S 0 1 -7500 8425.17 8845.84 3.63942e+06 6248.36 -7898.47 1180.31 -0.239224 0.16847
1010000 FRAC0_S 0 1 -7500 8273.02 9114.8 3.22746e+06 -468497 -243245 955.642 15.6603 4.69066
1010000 FRAC0_S 0 1 -7500 8045.2 9323.58 3.41732e+06 83298.9 90583.7 1042.34 -3.20968 -1.94646
1010000 FRAC0_S 0 1 -7500 7764.01 9451.74 3.01269e+06 -100628 -404678 831.474 3.94727 8.53573
1010000 FRAC0_S 0 1 -7500 7456.98 9486.75 3.42303e+06 4622 125465 1046.21 -0.181998 -2.71314
1010000 FRAC0_S 0 1 -7500 7154.16 9425.17 3.83578e+06 -130308 143631 1315.35 4.36864 -2.68573
1010000 FRAC0_S 0 1 -7500 6885.2 9273.02 3.89277e+06 -44071.3 144069 1353.28 1.50375 -2.71251
1010000 FRAC0_S 0 1 -7500 6676.42 9045.2 3.4852e+06 -148497 34724.4 1084.51 5.55246 -0.735371
1010000 FRAC0_S 0 1 -7500 6548.26 8764.01 3.34641e+06 -142683 28651 999.82 5.56336 -0.633098
1010000 FRAC0_S 0 1 -7500 6513.25 8456.98 3.37351e+06 -138845 -9273.73 1015.85 5.41088 0.205173
1010000 FRAC0_S 0 1 -7500 6574.83 8154.16 3.54785e+06 -196003 -46650.6 1125.36 7.05209 0.954966
1010000 FRAC0_S 0 1 -7500 6726.98 7885.2 3.32795e+06 -843357 -417369 1073.46 23.3662 6.82157
1010000 FRAC0_S 0 1 -7500 6954.8 7676.42 3.46332e+06 -63914.8 -99791 1070.53 2.44532 2.12105
1010000 FRAC0_S 0 1 -7500 7235.99 7548.26 3.03675e+06 106802 443397 848.921 -4.10647 -9.13765
1010000 FRAC0_S 0 1 -7500 7543.02 7513.25 3.30856e+06 28914 -101288 976.888 -1.17221 2.26885
1010000 FRAC0_S 0 1 -7500 7845.84 7574.83 3.5291e+06 73589.1 -75518.6 1111.07 -2.77293 1.58753
1010000 FRAC0_S 0 1 -7500 8114.8 7726.98 3.40089e+06 60158.8 -94108.2 1032.15 -2.34898 2.04161
1010000 FRAC0_S 0 1 -7500 8323.58 7954.8 3.40055e+06 62451.5 -55797.7 1031.2 -2.46267 1.22855
1010000 FRAC0_S 0 1 -7500 8451.74 8235.99 3.50743e+06 186942 -16211.8 1099.39 -6.87564 0.340157
Step FractureNumber TipNr TipActive TipX TipY TipZ KI KII KIII G Phi Psi Extension
1010101 FRAC0_S 0 1 -7507.98 8583.8 8547.3 3.52402e+06 -34554.3 -28942.4 1106.85 1.34196 0.627118
1010101 FRAC0_S 0 1 -7495.9 8515.7 8879.41 3.70321e+06 472060 -78069 1242.7 -14.6758 1.42056
1010101 FRAC0_S 0 1 -7488.01 8347.89 9174.34 3.50875e+06 676174 139223 1140.38 -20.1804 -2.47713
1010101 FRAC0_S 0 1 -7494.33 8098.25 9404.23 3.59859e+06 384561 234568 1174.46 -12.1829 -4.23589
1010101 FRAC0_S 0 1 -7498.04 7790.03 9545.61 3.84377e+06 153202 173382 1322.65 -5.04857 -3.1858
1010101 FRAC0_S 0 1 -7496.54 7452.74 9584.09 3.98578e+06 119836 258866 1425.84 -3.79122 -4.51024
1010101 FRAC0_S 0 1 -7495.62 7120.06 9516.39 2.91509e+06 17903.8 133652 759.638 -0.814967 -3.33674
1010101 FRAC0_S 0 1 -7494.36 6824.61 9349.21 3.76553e+06 57258.8 127705 1265.97 -2.01447 -2.48697
1010101 FRAC0_S 0 1 -7492.08 6595.39 9098.88 3.54859e+06 54669.5 74684.7 1123.12 -2.06551 -1.57027
1010101 FRAC0_S 0 1 -7490.38 6454.68 8789.96 3.80671e+06 80391.7 90757.1 1292.97 -2.80078 -1.76244
1010101 FRAC0_S 0 1 -7489.8 6416.3 8452.78 2.96774e+06 931419 41031.6 862.365 -29.1829 -0.808683
1010101 FRAC0_S 0 1 -7481.59 6485.53 8121.42 3.87688e+06 662492 -149884 1381.44 -18.3818 2.45942
1010101 FRAC0_S 0 1 -7476.04 6654.04 7827.11 3.05738e+06 516518 -89044.1 857.791 -18.3497 1.87663
1010101 FRAC0_S 0 1 -7489.75 6902.61 7596.45 3.46679e+06 201491 6703.93 1074.6 -7.46547 -0.142178
1010101 FRAC0_S 0 1 -7503.03 7209.96 7454.39 3.51363e+06 -182485 -156088 1106.32 6.47493 3.10631
1010101 FRAC0_S 0 1 -7504.02 7547.27 7415.89 3.00612e+06 -135944 -170693 810.79 5.62724 3.9314
1010101 FRAC0_S 0 1 -7503.96 7879.96 7483.54 3.3563e+06 92058.8 -261982 1013.69 -3.4305 5.34295
1010101 FRAC0_S 0 1 -7504.34 8175.47 7650.71 3.56381e+06 19052.1 -157654 1135.1 -0.711264 3.2289
1010101 FRAC0_S 0 1 -7506.16 8404.71 7901.05 3.62787e+06 49277.6 -60512.3 1173.52 -1.8336 1.25416
1010101 FRAC0_S 0 1 -7509.5 8545.27 8210.02 3.7748e+06 -128983 1985.52 1271.22 4.54697 -0.0396432