
Step FractureNumber TipNr TipActive TipX TipY TipZ KI KII KIII G Phi Psi Extension
1010000 FRAC0_S 0 1 987.416 29976.8 8500 849677 -98568.1 -4.31666e+06 2543.47 2.5965 41.7683
1010000 FRAC0_S 0 1 946.265 30283.1 8500 4.29066e+06 1.87849e+06 -4.26759e+06 4377.17 -22.9307 26.3767
1010000 FRAC0_S 0 1 812.488 30561.6 8500 892130 3.54475e+06 -3.63331e+06 2946.33 -47.9884 28.4278
1010000 FRAC0_S 0 1 599.178 30785.2 8500 665324 4.10053e+06 -2.21842e+06 2192.32 -58.0665 21.4458
1010000 FRAC0_S 0 1 327.217 30931.9 8500 954670 6.26123e+06 -1.559e+06 3897.85 -64.2558 12.8163
1010000 FRAC0_S 0 1 23.226 30987.4 8500 924000 6.65863e+06 -130647 4029.25 -68.6913 1.31169
1010000 FRAC0_S 0 1 -283.039 30946.3 8500 -1.98511e+07 6.08684e+06 1.16034e+06 3480.56 -27.9152 -3.27943
1010000 FRAC0_S 0 1 -561.598 30812.4 8500 5.15394e+06 5.03374e+06 2.34438e+06 5355.93 -44.94 -13.4367
1010000 FRAC0_S 0 1 -785.184 30599.1 8500 -2.14016e+07 4.05326e+06 3.37274e+06 2976.9 -18.3006 -8.67404
1010000 FRAC0_S 0 1 -931.911 30327.2 8500 1.08678e+06 2.58586e+06 4.39266e+06 3267.39 -37.6905 -32.6929
1010000 FRAC0_S 0 1 -987.416 30023.2 8500 846606 318790 4.30293e+06 2535.45 -7.92376 -40.9438
1010000 FRAC0_S 0 1 -946.265 29716.9 8500 -9.71274e+06 -1.49001e+06 3.95567e+06 2278.93 13.0851 -18.1073
1010000 FRAC0_S 0 1 -812.488 29438.4 8500 -1.59038e+07 -3.17251e+06 3.48658e+06 2513.66 18.3011 -11.2651
1010000 FRAC0_S 0 1 -599.178 29214.8 8500 3.81473e+06 -4.20756e+06 2.33269e+06 3598.02 45.3291 -15.8966
1010000 FRAC0_S 0 1 -327.217 29068.1 8500 -7.33608e+06 -5.53278e+06 1.50986e+06 3031.01 43.5062 -7.82664
1010000 FRAC0_S 0 1 -23.226 29012.6 8500 910285 -6.00983e+06 121058 3294.27 68.4982 -1.33129
1010000 FRAC0_S 0 1 283.039 29053.7 8500 776368 -5.2185e+06 -1.09309e+06 2639.33 65.1305 11.2442
1010000 FRAC0_S 0 1 561.598 29187.6 8500 -3.17031e+06 -4.59683e+06 -2.14612e+06 2495.54 49.8671 15.3396
1010000 FRAC0_S 0 1 785.184 29400.9 8500 2.34219e+07 -3.12486e+06 -3.00301e+06 50953.9 14.0221 7.58597
1010000 FRAC0_S 0 1 931.911 29672.8 8500 946660 -2.28236e+06 -4.35534e+06 3066.92 35.7911 33.9094
Step FractureNumber TipNr TipActive TipX TipY TipZ KI KII KIII G Phi Psi Extension
1010101 FRAC0_S 0 1 1078.54 29975.5 8507.14 3.4014e+06 289750 2.08279e+06 1615.39 -6.84925 -23.8424
1010101 FRAC0_S 0 1 1029.12 30305.1 8463.07 1.55627e+06 -1.81562e+06 2.07508e+06 1082.26 38.8883 -24.9256
1010101 FRAC0_S 0 1 870.096 30597.7 8431.9 2.91324e+06 793733 -2.29477e+06 1512.79 -17.2907 24.999
1010101 FRAC0_S 0 1 632.583 30826 8416.47 4.64833e+06 919570 -2.07395e+06 2572.82 -15.8331 18.7381
1010101 FRAC0_S 0 1 342.647 30972 8410.45 5.11838e+06 577580 -1.00227e+06 2497.82 -11.5516 10.9324
1010101 FRAC0_S 0 1 20.92 31037 8419.2 4.45367e+06 -1.2298e+06 -260285 1911.29 25.9701 3.35244
1010101 FRAC0_S 0 1 -305.549 31012.2 8435.64 5.08985e+06 2.89169e+06 987624 3183.39 -37.8605 -8.18871
1010101 FRAC0_S 0 1 -606.922 30877.2 8445.12 5.78238e+06 5.17647e+06 3.4215e+06 6924.24 -41.3252 -16.6903
1010101 FRAC0_S 0 1 -851.65 30649.1 8451.35 3.28808e+06 2.39355e+06 3.35457e+06 2970.6 -32.1724 -24.4085
1010101 FRAC0_S 0 1 -1012.87 30355.3 8458.13 2.2975e+06 1.23721e+06 4.01165e+06 2747.18 -21.0712 -32.1391
1010101 FRAC0_S 0 1 -1078.92 30024 8483.48 1.66807e+06 -106457 3.29784e+06 1695.43 2.90742 -36.763
1010101 FRAC0_S 0 1 -1037.2 29690 8515.72 1.95645e+06 -1.49109e+06 4.01766e+06 2686.04 25.1708 -32.4202
1010101 FRAC0_S 0 1 -885.53 29390.4 8539.14 2.59519e+06 -1.93266e+06 2.7637e+06 1948.86 32.1899 -24.8233
1010101 FRAC0_S 0 1 -646.035 29156.3 8560.62 1.28493e+07 -5.71677e+06 6.16689e+06 22682.8 28.6198 -17.3968
1010101 FRAC0_S 0 1 -350.109 29010.7 8575.46 -8.70552e+06 -8.35962e+06 79375.4 6228.14 51.6211 -0.360416
1010101 FRAC0_S 0 1 -26.651 28967.1 8586.41 4.81066e+06 -889367 -156581 2135.97 19.6458 2.0618
1010101 FRAC0_S 0 1 298.011 29011.2 8587.73 2.13337e+07 1.0352e+07 -2.13453e+06 50711.9 -36.2941 4.79143
1010101 FRAC0_S 0 1 602.218 29136.2 8566.97 9.24649e+06 -1.48356e+06 -3.01827e+06 9026.44 14.292 15.5334
1010101 FRAC0_S 0 1 852.044 29351.4 8545.85 2.31928e+06 -1.65038e+06 -2.3913e+06 1482.58 31.6114 24.6591
1010101 FRAC0_S 0 1 1014.43 29644.1 8536.43 7.40542e+06 2.13611e+06 -1.8205e+06 5734.2 -23.8464 11.6505