
Step FractureNumber TipNr TipActive TipX TipY TipZ KI KII KIII G Phi Psi Extension
1010000 FRAC0_S 0 1 -7500 23431.5 8171.35 637882 -1.34039e+07 -1.33541e+07 39764.4 51.7407 30.18
1010000 FRAC0_S 0 1 -7500 23487.4 8475.25 -35284.8 4.0576e+06 -852828 1563.85 -67.7428 12.4689
1010000 FRAC0_S 0 1 -7500 23446.7 8781.58 2.94407e+06 4.75149e+06 244858 2792.14 -58.7098 -2.3739
1010000 FRAC0_S 0 1 -7500 23313.3 9060.35 6.33632e+06 5.22892e+06 1.47645e+06 6304.01 -44.8788 -8.40745
1010000 FRAC0_S 0 1 -7500 23100.4 9284.26 8.46649e+06 4.38087e+06 2.76366e+06 9113.57 -33.7751 -12.7743
1010000 FRAC0_S 0 1 -7500 22828.6 9431.41 1.02235e+07 3.12633e+06 3.62133e+06 11928.9 -23.4146 -15.1412
1010000 FRAC0_S 0 1 -7500 22524.8 9487.38 1.10097e+07 1.28781e+06 4.31317e+06 13423.4 -10.4333 -18.0287
1010000 FRAC0_S 0 1 -7500 22218.5 9446.7 9.01142e+06 -778191 3.28908e+06 8728.99 8.08228 -17.5287
1010000 FRAC0_S 0 1 -7500 21939.6 9313.35 9.43756e+06 -2.25644e+06 3.68437e+06 10195.9 19.0349 -16.7932
1010000 FRAC0_S 0 1 -7500 21715.7 9100.39 6.92048e+06 -3.43266e+06 2.8762e+06 6417.99 31.6134 -15.3982
1010000 FRAC0_S 0 1 -7500 21568.5 8828.65 3.67821e+06 -3.99965e+06 1.99544e+06 3160.68 45.9191 -14.6859
1010000 FRAC0_S 0 1 -7500 21512.6 8524.75 789149 -4.31027e+06 1.11567e+06 1876.56 63.4248 -12.9384
1010000 FRAC0_S 0 1 -7500 21553.3 8218.42 50410.1 6.85264e+06 -6.32509e+06 9505.61 -53.7397 29.7512
1010000 FRAC0_S 0 1 -7500 21686.7 7939.65 -5.46648e+06 -2.47091e+06 -232230 551.225 35.9398 2.19057
1010000 FRAC0_S 0 1 -7500 21899.6 7715.74 -7.0174e+06 -2.20679e+06 -752533 509.277 27.5423 5.6957
1010000 FRAC0_S 0 1 -7500 22171.4 7568.59 -8.50798e+06 -1.73059e+06 -806367 353.359 20.2175 5.51872
1010000 FRAC0_S 0 1 -7500 22475.2 7512.62 -1.24267e+07 -1.79621e+06 -2.09959e+06 873.805 14.5586 9.48727
1010000 FRAC0_S 0 1 -7500 22781.5 7553.3 -8.6494e+06 -715372 -1.2589e+06 256.384 9.10985 8.77955
1010000 FRAC0_S 0 1 -7500 23060.4 7686.65 -8.61823e+06 521256 -1.72341e+06 419.239 -6.55672 11.5441
1010000 FRAC0_S 0 1 -7500 23284.3 7899.61 -5.84365e+06 1.19305e+06 -1.39506e+06 385.68 -18.4079 12.002
Step FractureNumber TipNr TipActive TipX TipY TipZ KI KII KIII G Phi Psi Extension
1010101 FRAC0_S 0 1 -7491.77 23488.9 8146.39 -3.69881e+06 2.2499e+06 -1.71336e+06 841.513 -35.074 15.7919
1010101 FRAC0_S 0 1 -7548 23533.3 8473.33 2.79852e+06 -632399 -6.00771e+06 5533.84 9.06592 36.2777
1010101 FRAC0_S 0 1 -7583.5 23495.6 8798.8 7.36389e+06 214551 976942 4963.2 -3.46689 -8.47655
1010101 FRAC0_S 0 1 -7570.54 23367.6 9100.65 5.65584e+06 -2.33217e+06 274054 3345.16 33.9409 -2.55096
1010101 FRAC0_S 0 1 -7555.37 23147.9 9348.94 1.0914e+07 1.01185e+07 1.29721e+07 42118.3 -35.4608 -24.9531
1010101 FRAC0_S 0 1 -7538.29 22857.2 9515.76 1.20081e+07 -2.06554e+06 2.9844e+06 14413.9 15.9261 -12.6364
1010101 FRAC0_S 0 1 -7515.47 22526.5 9581.9 1.38103e+07 -1.05567e+06 3.48669e+06 18711.5 7.82141 -13.6276
1010101 FRAC0_S 0 1 -7489.34 22191.5 9538.18 1.29033e+07 714112 3.43689e+06 16452.8 -5.73947 -14.3788
1010101 FRAC0_S 0 1 -7467.07 21888.8 9388.94 1.2815e+07 431755 2.10201e+06 15238.3 -3.88276 -10.0632
1010101 FRAC0_S 0 1 -7447.67 21652.1 9151.52 6.3831e+06 1.49295e+07 -8.37527e+06 32821.6 -52.7011 19.3783
1010101 FRAC0_S 0 1 -7428.62 21507.7 8853.45 1.18747e+06 9.77578e+06 2.67747e+06 9594.98 -64.3803 -14.0388
1010101 FRAC0_S 0 1 -7459.8 21459.6 8516.75 2.27566e+06 -2.0726e+06 1.12073e+06 1011.31 43.0028 -14.5983
1010101 FRAC0_S 0 1 -7503.29 21497.1 8198.78 -2.13307e+06 532958 -2.31353e+06 737.184 -14.1822 29.1159
1010101 FRAC0_S 0 1 -7479.25 21625.7 7894.87 -5.55896e+06 -4.39268e+06 502869 1753.06 46.4658 -3.6755
1010101 FRAC0_S 0 1 -7453.57 21848.2 7646.93 -7.77004e+06 -5.52825e+06 -424483 2747.3 45.039 2.38118
1010101 FRAC0_S 0 1 -7464.88 22141.7 7482.56 -1.09748e+07 -5.43472e+06 -910139 2742.14 37.0381 4.00774
1010101 FRAC0_S 0 1 -7474.83 22473.3 7418.46 -1.15169e+07 -3.88639e+06 -1.19764e+06 1536.69 28.9386 5.45538
1010101 FRAC0_S 0 1 -7488.65 22809.2 7461.33 -1.14996e+07 -1.69433e+06 -1.6159e+06 603.094 15.1006 8.11771
1010101 FRAC0_S 0 1 -7509.64 23114.4 7607.67 -8.56093e+06 829094 -1.26205e+06 273.093 -10.4727 8.77817
1010101 FRAC0_S 0 1 -7499.01 23350.6 7845.18 -7.56078e+06 1.26097e+06 -1.75606e+06 551.827 -15.6945 12.0396