
Step FractureNumber TipNr TipActive TipX TipY TipZ KI KII KIII G Phi Psi Extension
1010000 FRAC0_S 0 1 29701.1 -44058.7 8500 -28017.3 -364033 66918.5 12.4045 67.005 -10.671
1010000 FRAC0_S 0 1 29424.8 -44197.1 8500 -26438.7 -489273 -29082 21.4444 69.273 4.06973
1010000 FRAC0_S 0 1 29204.9 -44414.1 8500 -20208.6 -376017 -116076 14.3911 65.0462 15.9789
1010000 FRAC0_S 0 1 29062.8 -44688.4 8500 -23144.9 -329780 -200203 15.0219 58.5867 23.9087
1010000 FRAC0_S 0 1 29012.4 -44993.3 8500 -12489.5 -238306 -278736 15.3938 48.8274 31.9142
1010000 FRAC0_S 0 1 29058.7 -45298.9 8500 608.369 212937 -316920 17.3987 -44.9188 34.8214
1010000 FRAC0_S 0 1 29197.1 -45575.2 8500 -7806.49 31434.2 -330349 14.6024 -11.4009 43.3539
1010000 FRAC0_S 0 1 29414.1 -45795.1 8500 -1735.99 172262 -277157 12.8608 -43.2502 35.4634
1010000 FRAC0_S 0 1 29688.4 -45937.2 8500 48369.8 1.16329e+06 -123105 122.812 -68.8447 6.91319
1010000 FRAC0_S 0 1 29993.3 -45987.6 8500 996.247 363855 -147553 14.693 -64.1168 19.7246
1010000 FRAC0_S 0 1 30298.9 -45941.3 8500 3155.36 410595 -67415.3 15.6283 -68.4942 10.2806
1010000 FRAC0_S 0 1 30575.2 -45802.9 8500 8513.52 508345 12537.8 23.0547 -69.8893 -1.82878
1010000 FRAC0_S 0 1 30795.1 -45585.9 8500 -51656.1 -126551 -546167 41.1008 22.322 40.0506
1010000 FRAC0_S 0 1 30937.2 -45311.6 8500 -31455.6 371301 -181268 16.6553 -60.7132 21.0304
1010000 FRAC0_S 0 1 30987.6 -45006.7 8500 -24617.4 -89046.6 -97515.6 1.97132 46.5868 28.9812
1010000 FRAC0_S 0 1 30941.3 -44701.1 8500 -43973.3 919785 200039 80.7096 -66.9227 -12.4321
1010000 FRAC0_S 0 1 30799.2 -44419.6 8500 20742.6 -22240.5 367478 18.0427 7.38026 -43.3815
1010000 FRAC0_S 0 1 30585.9 -44204.9 8500 -15421.9 -36118 662930 58.5666 6.89841 -43.9626
1010000 FRAC0_S 0 1 30311.6 -44062.8 8500 -40591.7 -6692.91 272817 9.90307 2.89662 -42.5073
1010000 FRAC0_S 0 1 30006.7 -44012.4 8500 -18444.1 -411824 175285 19.1994 62.8355 -19.8131
Step FractureNumber TipNr TipActive TipX TipY TipZ KI KII KIII G Phi Psi Extension
1010101 FRAC0_S 0 1 29690.2 -44021.4 8591.65 219557 -47660.6 -342473 20.0973 10.5163 33.4015
1010101 FRAC0_S 0 1 29403.1 -44167.1 8592.44 -8983.01 33882.2 -377814 19.0871 -10.8217 43.4346
1010101 FRAC0_S 0 1 29170.4 -44390.2 8590.05 -98063.8 99123.1 -353246 17.4716 -22.9414 36.466
1010101 FRAC0_S 0 1 29013.1 -44673.9 8584.15 -184810 180212 -301318 14.9694 -32.743 28.5235
1010101 FRAC0_S 0 1 28950.2 -44994.4 8541.32 54428.9 86337.4 -266076 10.3441 -26.5575 36.8975
1010101 FRAC0_S 0 1 28988.5 -45323.8 8478.57 57396.8 -63122.5 -356487 17.5507 17.3005 39.8615
1010101 FRAC0_S 0 1 29129.6 -45623.7 8455.34 13304.1 -21902 -427957 24.4171 6.46377 43.8972
1010101 FRAC0_S 0 1 29399 -45865.1 8433.72 184953 76692.7 -263512 12.8077 -18.9523 30.8298
1010101 FRAC0_S 0 1 29671.9 -45980 8413.75 434174 120728 -184078 22.6033 -21.0036 17.382
1010101 FRAC0_S 0 1 29993.2 -46026.8 8408.44 637309 208973 -89637.7 41.1532 -27.7695 7.16775
1010101 FRAC0_S 0 1 30309.4 -45976.8 8407.51 170250 -36503.8 161282 6.16116 13.1973 -27.8441
1010101 FRAC0_S 0 1 30606.6 -45839.4 8439.28 611528 265718 368833 57.7089 -26.671 -20.1964
1010101 FRAC0_S 0 1 30849 -45624.2 8473.71 83970.7 105715 187321 6.29105 -33.753 -30.6085
1010101 FRAC0_S 0 1 30996.3 -45333 8484.05 78284.5 190121 221374 10.285 -43.797 -28.5134
1010101 FRAC0_S 0 1 31043 -45007.7 8491.51 25929 130569 247170 9.70445 -37.9602 -35.3877
1010101 FRAC0_S 0 1 30997.4 -44680.9 8475.37 -25463 -27334.8 203956 5.59914 14.1114 -41.1369
1010101 FRAC0_S 0 1 30867.3 -44373 8486.43 42089.7 -142207 237134 9.43882 39.2709 -33.4413
1010101 FRAC0_S 0 1 30643.4 -44126.8 8510.48 75543.5 -559185 290380 39.5868 59.048 -21.2319
1010101 FRAC0_S 0 1 30342.1 -43984 8527.77 158404 -360637 85578.9 14.7995 58.6014 -10.3791
1010101 FRAC0_S 0 1 30011.8 -43956.5 8568.76 500641 -361733 -188548 38.723 39.8953 12.9319