
Step FractureNumber TipNr TipActive TipX TipY TipZ KI KII KIII G Phi Psi Extension
1010000 FRAC0_S 0 1 -14193.8 37077.1 8116.84 7.77038e+06 -9.15864e+06 -8.4521e+06 22356.2 41.4036 22.3151
1010000 FRAC0_S 0 1 -14226.2 37310 7916.32 4.6485e+06 -3.26011e+06 -9.82014e+06 15698.5 23.3773 33.0801
1010000 FRAC0_S 0 1 -14334.3 37561.5 7772.92 3.85441e+06 1.82601e+06 -9.21014e+06 12902.9 -16.1154 35.6199
1010000 FRAC0_S 0 1 -14507.6 37806.9 7700.7 3.36349e+06 6.61096e+06 -8.30942e+06 14085.8 -41.4688 28.6326
1010000 FRAC0_S 0 1 -14729 38022.3 7706.72 4.68481e+06 8.52751e+06 -6.63851e+06 14297 -47.2234 22.3941
1010000 FRAC0_S 0 1 -14977 38186.6 7790.39 2.99209e+06 1.04501e+07 -3.60568e+06 12258.1 -59.5154 15.0211
1010000 FRAC0_S 0 1 -15227.2 38283.7 7943.53 3.02805e+06 1.13278e+07 -1.37963e+06 12504.8 -64.5077 6.58508
1010000 FRAC0_S 0 1 -15455.2 38304.1 8151.14 3.27294e+06 1.10769e+07 803724 11974 -64.9338 -4.04419
1010000 FRAC0_S 0 1 -15638.6 38245.8 8392.89 3.90931e+06 1.22854e+07 3.32653e+06 16283 -60.3825 -12.3334
1010000 FRAC0_S 0 1 -15759.5 38114.4 8645.13 3.87493e+06 9.07069e+06 4.7659e+06 11690.7 -53.3391 -18.5992
1010000 FRAC0_S 0 1 -15806.2 37922.9 8883.16 4.42545e+06 7.0991e+06 6.59621e+06 12022.9 -44.1036 -24.0204
1010000 FRAC0_S 0 1 -15773.8 37690 9083.68 4.36074e+06 3.93834e+06 7.43909e+06 10436.9 -30.6503 -29.4959
1010000 FRAC0_S 0 1 -15665.7 37438.5 9227.08 5.14539e+06 687021 8.76176e+06 12611.4 -6.43538 -34.9338
1010000 FRAC0_S 0 1 -15492.4 37193.1 9299.3 3.01454e+06 -3.06444e+06 6.91337e+06 8003.29 29.1269 -32.1609
1010000 FRAC0_S 0 1 -15271 36977.7 9293.28 4.74854e+06 -6.66478e+06 7.28501e+06 13026 41.0079 -25.3802
1010000 FRAC0_S 0 1 -15023 36813.4 9209.61 5.02044e+06 -9.98014e+06 5.75079e+06 15520.2 51.1403 -19.0816
1010000 FRAC0_S 0 1 -14772.8 36716.3 9056.47 5.82341e+06 -1.39748e+07 3.72326e+06 22268.5 58.4689 -11.5199
1010000 FRAC0_S 0 1 -14544.8 36695.9 8848.86 5.74529e+06 -1.43201e+07 563095 21256.9 63.4537 -2.10457
1010000 FRAC0_S 0 1 -14361.4 36754.2 8607.11 4.57552e+06 -1.09345e+07 -2.11102e+06 13112.5 59.9205 8.87086
1010000 FRAC0_S 0 1 -14240.5 36885.6 8354.87 5.21296e+06 -1.06399e+07 -5.47781e+06 16500.3 52.4164 17.8545
Step FractureNumber TipNr TipActive TipX TipY TipZ KI KII KIII G Phi Psi Extension
1010101 FRAC0_S 0 1 -14097 37091.5 8113 1.31732e+07 -2.26254e+06 -8.6287e+06 25822.1 12.544 23.7254
1010101 FRAC0_S 0 1 -14141.8 37311.6 7881.22 9.14932e+06 -1.55212e+06 -9.97749e+06 20914.2 10.1138 29.9522
1010101 FRAC0_S 0 1 -14286.5 37554 7696.99 7.87725e+06 474082 -9.75613e+06 18208.6 -3.61744 32.4459
1010101 FRAC0_S 0 1 -14501.8 37795.3 7605.35 7.35896e+06 1.52534e+06 -7.22524e+06 11976.2 -12.6284 28.3453
1010101 FRAC0_S 0 1 -14753.3 38011.8 7611.99 1.07673e+07 2.89831e+06 -7.07811e+06 17742.7 -18.1943 22.7728
1010101 FRAC0_S 0 1 -15022.8 38173.3 7703.97 1.53012e+07 2.0541e+06 -5.2959e+06 24969.2 -12.1201 16.4327
1010101 FRAC0_S 0 1 -15288.4 38266.7 7866.98 1.4127e+07 1.32294e+06 -2.29635e+06 18641.3 -10.0476 9.54054
1010101 FRAC0_S 0 1 -15527.2 38287.5 8084.52 9.57602e+06 827094 -149339 8235.32 -10.5431 1.09725
1010101 FRAC0_S 0 1 -15720.7 38232.6 8338.91 1.39113e+07 2.0021e+06 2.15392e+06 18219.2 -14.6543 -8.82986
1010101 FRAC0_S 0 1 -15850.9 38104.2 8609.39 1.23799e+07 2.86099e+06 4.56708e+06 17160.8 -18.7607 -16.2299
1010101 FRAC0_S 0 1 -15902.8 37912.7 8872.96 9.59303e+06 1.66019e+06 6.31535e+06 13750.6 -12.6046 -23.7744
1010101 FRAC0_S 0 1 -15876.8 37712 9078.66 8.20292e+06 1.25429e+06 7.97495e+06 14595 -9.71097 -28.7772
1010101 FRAC0_S 0 1 -15730.5 37429.3 9290.47 6.91911e+06 708057 7.62232e+06 12038 -6.3495 -30.7428
1010101 FRAC0_S 0 1 -15514.2 37189.9 9389.99 7.35525e+06 -406056 7.60588e+06 12529.5 3.65042 -30.5216
1010101 FRAC0_S 0 1 -15255.4 36977.2 9389.73 9.27771e+06 -1.06887e+06 7.30051e+06 14860.6 8.22286 -26.6205
1010101 FRAC0_S 0 1 -14981.6 36815.4 9298.91 1.23459e+07 -1.39598e+06 5.8882e+06 18367.1 9.60199 -20.4276
1010101 FRAC0_S 0 1 -14713.2 36724.3 9135.17 1.40694e+07 -1.07129e+06 3.61502e+06 19479.6 7.76815 -13.8079
1010101 FRAC0_S 0 1 -14472.7 36708.5 8916.1 1.55651e+07 -108163 1.25675e+06 21800.1 0.89158 -5.60825
1010101 FRAC0_S 0 1 -14278.9 36766 8660.87 1.58892e+07 -1.04759e+06 -1.72374e+06 22990.2 7.63889 6.92359
1010101 FRAC0_S 0 1 -14148.6 36894 8389.39 1.68159e+07 -3.03545e+06 -5.81608e+06 30517.9 15.5775 15.98