
Step FractureNumber TipNr TipActive TipX TipY TipZ KI KII KIII G Phi Psi Extension
1010000 FRAC0_S 0 1 -14013.8 30054.3 8500 -1.52252e+06 5.50898e+06 9.49195e+06 14687.3 -38.8954 -33.9175
1010000 FRAC0_S 0 1 -14078.8 30356.4 8500 -7.71109e+06 895702 9.98835e+06 13340.5 -6.58119 -32.3761
1010000 FRAC0_S 0 1 -14234 30623.6 8500 1.533e+07 -3.455e+06 1.02705e+07 36034.7 15.6577 -23.4481
1010000 FRAC0_S 0 1 -14464.3 30829.8 8500 -1.57278e+06 -8.06078e+06 8.98252e+06 16521.2 47.4958 -29.953
1010000 FRAC0_S 0 1 -14746.9 30954.7 8500 -3.4702e+07 -1.09147e+07 6.19535e+06 15720.6 26.386 -8.85491
1010000 FRAC0_S 0 1 -15054.3 30986.2 8500 -1.67661e+06 -1.46859e+07 4.14141e+06 21500 64.364 -14.4082
1010000 FRAC0_S 0 1 -15356.4 30921.2 8500 -1.64772e+06 -1.59149e+07 879914 22673 68.6851 -3.64636
1010000 FRAC0_S 0 1 -15623.6 30766 8500 -2.22937e+06 -1.65814e+07 -2.6363e+06 25424.6 66.3972 9.08923
1010000 FRAC0_S 0 1 -15829.8 30535.7 8500 2.56434e+07 -1.29809e+07 -5.44869e+06 77561.1 35.162 9.13869
1010000 FRAC0_S 0 1 -15954.7 30253.1 8500 -1.76972e+06 -1.13239e+07 -9.35017e+06 23054.2 52.8166 26.7677
1010000 FRAC0_S 0 1 -15986.2 29945.7 8500 -1.49442e+06 -5.55353e+06 -9.67263e+06 15191.8 38.7771 34.0786
1010000 FRAC0_S 0 1 -15921.2 29643.6 8500 1.82653e+07 -1.40988e+06 -9.9006e+06 42943 6.51473 22.4128
1010000 FRAC0_S 0 1 -15766 29376.4 8500 -1.60766e+06 3.83054e+06 -1.07056e+07 16550.6 -29.2777 37.213
1010000 FRAC0_S 0 1 -15535.7 29170.2 8500 -1.48831e+06 7.84468e+06 -8.62728e+06 15382.9 -47.7948 29.8532
1010000 FRAC0_S 0 1 -15253.1 29045.3 8500 -3.57756e+06 9.37694e+06 -5.95354e+06 12549.3 -52.2135 21.288
1010000 FRAC0_S 0 1 -14945.7 29013.8 8500 -1.47026e+06 1.32033e+07 -3.73372e+06 17388.4 -64.4051 14.4637
1010000 FRAC0_S 0 1 -14643.6 29078.8 8500 -1.42043e+06 1.31909e+07 -601781 15553.2 -68.7632 3.03379
1010000 FRAC0_S 0 1 -14376.4 29234 8500 -1.49428e+07 1.34968e+07 2.3257e+06 16952.1 -47.9462 -5.70782
1010000 FRAC0_S 0 1 -14166.8 29469.7 8500 -656632 1.44965e+07 6.12533e+06 23716.6 -62.8891 -19.7189
1010000 FRAC0_S 0 1 -14045.3 29746.9 8500 -1.14083e+06 7.49234e+06 6.18204e+06 10085.1 -52.8981 -26.8016
Step FractureNumber TipNr TipActive TipX TipY TipZ KI KII KIII G Phi Psi Extension
1010101 FRAC0_S 0 1 -13937.2 30061.5 8445.8 4.77675e+06 4.31698e+06 8.52605e+06 13362.2 -30.099 -30.0165
1010101 FRAC0_S 0 1 -13994.4 30390.6 8485.31 3.35592e+07 -3.72362e+06 1.49971e+07 131507 9.61634 -19.6596
1010101 FRAC0_S 0 1 -14164.4 30677.1 8529.06 2.96273e+06 -3.03274e+06 9.61492e+06 13897.2 24.5567 -35.5234
1010101 FRAC0_S 0 1 -14421.5 30895 8554.72 4.77098e+06 -6.60697e+06 8.31265e+06 15108.5 39.0945 -27.0474
1010101 FRAC0_S 0 1 -14726.9 31023 8563.19 8.31562e+06 -8.11907e+06 6.10984e+06 17000.9 41.3401 -18.7152
1010101 FRAC0_S 0 1 -15053 31037.9 8579.48 3.52469e+06 -1.22027e+07 2.56861e+06 15253.6 62.2359 -10.3001
1010101 FRAC0_S 0 1 -15369.9 30956.6 8592.03 1.43669e+07 -3.99139e+06 697074 19877.2 26.2536 -2.8092
1010101 FRAC0_S 0 1 -15656.7 30801 8583.51 1.12495e+07 -5.12268e+06 -1.06609e+06 13766.5 35.0859 4.6452
1010101 FRAC0_S 0 1 -15885.1 30569.6 8571.62 2.34761e+07 -973377 -5.85096e+06 53748.6 4.42515 13.8312
1010101 FRAC0_S 0 1 -16020.5 30270.9 8569.89 7.0062e+06 -6.73298e+06 -6.06973e+06 13313.7 39.4984 20.8019
1010101 FRAC0_S 0 1 -16062.9 29938.5 8554.07 5.50308e+06 -4.58523e+06 -8.53696e+06 14265.1 30.2232 28.8187
1010101 FRAC0_S 0 1 -16003.9 29610.9 8509.11 2.3771e+06 -1.69875e+06 -9.97923e+06 14005.5 15.8984 38.745
1010101 FRAC0_S 0 1 -15832.1 29325.8 8459.87 2.49326e+06 2.00086e+06 -7.62761e+06 8648.68 -21.2017 36.015
1010101 FRAC0_S 0 1 -15574.8 29113.5 8430.98 6.16487e+06 4.65731e+06 -7.83065e+06 13475 -30.5918 26.9293
1010101 FRAC0_S 0 1 -15269.5 28990.8 8419.42 1.12872e+07 6.01469e+06 -6.86065e+06 20836.5 -30.5122 19.4866
1010101 FRAC0_S 0 1 -14945.2 28968.9 8411.85 1.12567e+07 4.30584e+06 -3.14852e+06 14262 -28.5103 12.1907
1010101 FRAC0_S 0 1 -14625.9 29038.2 8412.28 1.30833e+07 4.9543e+06 -1.17117e+06 17622.9 -31.452 4.63303
1010101 FRAC0_S 0 1 -14342.4 29193.5 8417.32 2.29166e+07 1.21309e+07 3.67002e+06 61702.6 -36.9928 -7.09708
1010101 FRAC0_S 0 1 -14125.9 29435.1 8416.99 1.03157e+07 5.80699e+06 4.51062e+06 15193.5 -33.8567 -15.4744
1010101 FRAC0_S 0 1 -13987.1 29734 8422.17 1.93527e+07 9.99885e+06 1.47169e+07 71089.2 -28.1615 -22.3681