
Step FractureNumber TipNr TipActive TipX TipY TipZ KI KII KIII G Phi Psi Extension
1010000 FRAC0_S 0 1 -44243.4 14863.4 7879.98 1.41053e+06 139673 -1.12848e+06 348.401 -7.10964 27.0032
1010000 FRAC0_S 0 1 -44366.7 15115.7 7750.97 1.16003e+06 502586 -864885 241.909 -25.0708 22.8267
1010000 FRAC0_S 0 1 -44552 15356.7 7695.29 1.70601e+06 1.2761e+06 -1.0221e+06 543.407 -37.5072 17.7598
1010000 FRAC0_S 0 1 -44781.1 15562.7 7718.37 1.13567e+06 1.15474e+06 -492533 266.015 -46.039 12.771
1010000 FRAC0_S 0 1 -45031.6 15713.7 7817.96 1.67864e+06 1.91092e+06 -317183 589.875 -51.7311 6.11517
1010000 FRAC0_S 0 1 -45279.1 15794.8 7984.32 1.42459e+06 1.64714e+06 97564.3 423.874 -53.853 -2.36989
1010000 FRAC0_S 0 1 -45499.3 15798.1 8201.16 1.62215e+06 1.7566e+06 518687 545.225 -48.8794 -9.79608
1010000 FRAC0_S 0 1 -45670.6 15723.3 8447.25 1.68583e+06 1.47901e+06 859504 546.431 -41.9975 -15.1537
1010000 FRAC0_S 0 1 -45776.2 15577.6 8698.5 1.5994e+06 1.00438e+06 1.16204e+06 497.436 -32.36 -20.9266
1010000 FRAC0_S 0 1 -45805.8 15375.5 8930.32 1.97855e+06 505057 1.45794e+06 654.268 -16.7898 -24.3364
1010000 FRAC0_S 0 1 -45756.6 15136.6 9120.02 1.66461e+06 -182671 1.29956e+06 474.508 7.89098 -26.5839
1010000 FRAC0_S 0 1 -45633.3 14884.3 9249.03 1.41324e+06 -655421 1.0413e+06 360.469 26.3957 -22.417
1010000 FRAC0_S 0 1 -45448 14643.3 9304.71 1.91414e+06 -1.42605e+06 1.13761e+06 679.832 37.4863 -17.6863
1010000 FRAC0_S 0 1 -45218.9 14437.3 9281.63 1.76986e+06 -1.87136e+06 811540 678.786 46.4739 -13.1198
1010000 FRAC0_S 0 1 -44968.4 14286.3 9182.04 1.60477e+06 -1.90639e+06 280763 563.821 52.692 -5.5944
1010000 FRAC0_S 0 1 -44720.9 14205.2 9015.68 1.61005e+06 -1.94607e+06 -133351 570.836 54.3698 2.77611
1010000 FRAC0_S 0 1 -44500.7 14201.9 8798.84 1.71155e+06 -1.85583e+06 -544690 607.401 48.926 9.75298
1010000 FRAC0_S 0 1 -44329.4 14276.7 8552.75 1.65924e+06 -1.48327e+06 -871604 542.417 42.1741 15.3806
1010000 FRAC0_S 0 1 -44223.8 14422.4 8301.5 1.67536e+06 -1.02464e+06 -1.15386e+06 520.747 32.2742 20.3952
1010000 FRAC0_S 0 1 -44194.2 14624.5 8069.68 1.69158e+06 -486996 -1.38395e+06 530.854 17.8299 25.3209
Step FractureNumber TipNr TipActive TipX TipY TipZ KI KII KIII G Phi Psi Extension
1010101 FRAC0_S 0 1 -44176.8 14844.8 7816.01 2.30577e+06 16666.4 -1.4544e+06 755.117 -0.616429 25.1431
1010101 FRAC0_S 0 1 -44332.5 15101.9 7662.08 2.33678e+06 -13521.2 -1.32843e+06 721.312 0.513625 23.8634
1010101 FRAC0_S 0 1 -44549.7 15349.4 7597.98 2.49587e+06 -43245.9 -1.0961e+06 715.057 1.65559 20.5185
1010101 FRAC0_S 0 1 -44805.8 15560 7623.15 2.93119e+06 -20532.1 -770167 844.551 0.770191 14.7274
1010101 FRAC0_S 0 1 -45077.7 15713.1 7730.44 3.03675e+06 68777.6 -271910 832.016 -2.82191 6.06571
1010101 FRAC0_S 0 1 -45341.8 15797.5 7907.74 2.8468e+06 -175943 107327 726.464 7.6483 -2.63575
1010101 FRAC0_S 0 1 -45575.8 15807.1 8139.46 2.8557e+06 117177 498023 760.905 -4.64658 -10.5124
1010101 FRAC0_S 0 1 -45781.9 15721.6 8449.39 2.47505e+06 61323 806604 632.741 -2.54458 -16.8989
1010101 FRAC0_S 0 1 -45870.8 15595.8 8687.15 2.48889e+06 76001.3 1.24332e+06 758.111 -2.76613 -21.9482
1010101 FRAC0_S 0 1 -45894.5 15395.3 8956.89 2.00718e+06 23546.7 1.30657e+06 586.101 -0.9843 -25.4793
1010101 FRAC0_S 0 1 -45822.2 15156.1 9184.74 2.33366e+06 36884.7 1.45669e+06 767.634 -1.34273 -24.9072
1010101 FRAC0_S 0 1 -45666.4 14898.9 9338.3 1.91408e+06 3031.06 1.06607e+06 477.631 -0.142174 -23.6598
1010101 FRAC0_S 0 1 -45449.8 14651 9402.1 2.74888e+06 -86530.5 1.11076e+06 838.109 3.03622 -19.3407
1010101 FRAC0_S 0 1 -45193.9 14440.7 9376.71 2.90116e+06 19699.3 727748 820.491 -0.753836 -14.2449
1010101 FRAC0_S 0 1 -44921.9 14288.1 9269.35 3.36681e+06 89467.9 333210 1025.58 -3.26631 -6.60339
1010101 FRAC0_S 0 1 -44658.1 14203.4 9092.15 3.54064e+06 242031 -103801 1123.75 -8.44705 2.05971
1010101 FRAC0_S 0 1 -44424.2 14193.2 8860.56 2.96109e+06 76367.1 -572504 825.431 -2.93031 11.5401
1010101 FRAC0_S 0 1 -44241.4 14261.9 8593.42 2.88441e+06 -48555.9 -997861 874.021 1.71868 17.6741
1010101 FRAC0_S 0 1 -44129.1 14404.5 8313.15 2.49171e+06 13756 -1.25314e+06 762.127 -0.511442 22.3374
1010101 FRAC0_S 0 1 -44105 14605.3 8043.88 2.66616e+06 24830 -1.59818e+06 973.195 -0.808114 24.4818