
Step FractureNumber TipNr TipActive TipX TipY TipZ KI KII KIII G Phi Psi Extension
1010000 FRAC0_S 0 1 44208.4 590.716 8500 847977 1.44585e+06 -1.7325e+06 649.563 -41.2472 27.4528
1010000 FRAC0_S 0 1 44064.6 317.195 8500 947873 2.74855e+06 -472223 782.906 -61.8765 8.41234
1010000 FRAC0_S 0 1 44012.4 12.6255 8500 948575 2.89659e+06 160145 831.245 -64.6362 -3.06593
1010000 FRAC0_S 0 1 44056.8 -293.18 8500 742698 2.10091e+06 599971 490.345 -59.3582 -12.5881
1010000 FRAC0_S 0 1 44193.6 -570.287 8500 960689 2.30277e+06 1.35792e+06 800.016 -52.3799 -20.0699
1010000 FRAC0_S 0 1 44409.3 -791.57 8500 892051 1.4282e+06 1.6479e+06 613.846 -41.3204 -26.7008
1010000 FRAC0_S 0 1 44682.8 -935.369 8500 638416 458035 1.39014e+06 312.037 -23.4131 -33.2924
1010000 FRAC0_S 0 1 44987.4 -987.607 8500 770008 -275292 1.76259e+06 472.783 13.0531 -35.9594
1010000 FRAC0_S 0 1 45293.2 -943.172 8500 583670 -790890 1.29703e+06 309.84 35.3105 -30.0901
1010000 FRAC0_S 0 1 45570.3 -806.413 8500 685309 -1.40002e+06 1.49373e+06 513.263 44.0528 -26.8055
1010000 FRAC0_S 0 1 45791.6 -590.716 8500 637894 -1.22621e+06 1.54588e+06 488.081 41.2915 -28.5785
1010000 FRAC0_S 0 1 45935.4 -317.195 8500 547920 -2.33129e+06 132936 513.407 66.4235 -3.37812
1010000 FRAC0_S 0 1 45987.6 -12.6255 8500 588307 -2.38035e+06 -86123 536.731 66.588 2.17281
1010000 FRAC0_S 0 1 45943.2 293.18 8500 540574 -1.75625e+06 -638638 355.137 58.7039 15.4077
1010000 FRAC0_S 0 1 45806.4 570.287 8500 498391 -1.42719e+06 -771657 282.834 54.4797 19.6142
1010000 FRAC0_S 0 1 45590.7 791.57 8500 507756 -1.00296e+06 -1.00424e+06 246.743 44.6989 25.8843
1010000 FRAC0_S 0 1 45317.2 935.369 8500 670812 -610309 -1.52164e+06 381.238 27.1662 32.6201
1010000 FRAC0_S 0 1 45012.6 987.607 8500 729036 170107 -1.79708e+06 479.462 -8.55411 37.3282
1010000 FRAC0_S 0 1 44706.8 943.172 8500 614487 691801 -1.24687e+06 283.066 -32.795 30.2219
1010000 FRAC0_S 0 1 44429.7 806.413 8500 871831 1.69536e+06 -1.43414e+06 597.405 -46.7514 23.7172
Step FractureNumber TipNr TipActive TipX TipY TipZ KI KII KIII G Phi Psi Extension
1010101 FRAC0_S 0 1 44157.2 630.97 8426.78 2.83737e+06 853901 -677909 843.489 -24.6875 11.3078
1010101 FRAC0_S 0 1 44016.5 336.143 8416.83 3.29208e+06 447066 -489740 1015.46 -14.0181 8.59047
1010101 FRAC0_S 0 1 43967.6 12.9015 8411.26 3.37251e+06 46907 -129915 1015.96 -1.83798 2.8108
1010101 FRAC0_S 0 1 44009.3 -309.419 8414.59 3.21898e+06 192633 514556 961.865 -6.70043 -9.6557
1010101 FRAC0_S 0 1 44145.2 -606.739 8422.38 3.10611e+06 165948 774004 941.861 -5.62431 -13.7136
1010101 FRAC0_S 0 1 44367 -852.203 8437.25 1.94416e+06 416851 1.43063e+06 624.509 -14.5455 -24.7323
1010101 FRAC0_S 0 1 44656.6 -1018.22 8469.27 1.45768e+06 201415 1.67687e+06 566.94 -8.19757 -30.8696
1010101 FRAC0_S 0 1 44985.5 -1077.52 8515.81 1.48043e+06 -658059 1.63018e+06 587.336 22.3115 -27.5652
1010101 FRAC0_S 0 1 45315.4 -1021.15 8551.93 1.26965e+06 -452542 1.05845e+06 310.898 20.9305 -24.9091
1010101 FRAC0_S 0 1 45612.2 -866.467 8565.72 1.73412e+06 -852572 825040 423.272 30.6139 -16.9325
1010101 FRAC0_S 0 1 45841.6 -631.065 8573.29 2.06324e+06 -692069 462815 450.506 26.8702 -10.5351
1010101 FRAC0_S 0 1 45979.3 -334.979 8585.26 2.60106e+06 -344018 274579 623.448 14.1597 -6.41199
1010101 FRAC0_S 0 1 46029.3 -12.236 8590.16 2.04644e+06 -128465 -25143.8 374.74 7.93618 0.887132
1010101 FRAC0_S 0 1 45989.8 309.15 8586.01 1.70251e+06 -273925 -320218 278.613 15.7022 10.2339
1010101 FRAC0_S 0 1 45853.2 605.157 8579.64 1.93658e+06 -380248 -747893 421.471 16.2926 17.0693
1010101 FRAC0_S 0 1 45631 849.504 8566.93 1.67809e+06 -449305 -912205 379.594 19.1649 20.4362
1010101 FRAC0_S 0 1 45342.4 1016.46 8536.7 1.23772e+06 -338787 -1.23173e+06 348.52 15.8709 27.8632
1010101 FRAC0_S 0 1 45014.2 1078.18 8490.44 1.27046e+06 103522 -1.59569e+06 483.433 -4.79529 32.3838
1010101 FRAC0_S 0 1 44684.8 1022.01 8450.99 1.80281e+06 580817 -1.48844e+06 614.332 -19.4253 25.1072
1010101 FRAC0_S 0 1 44388.7 865.694 8433.56 1.96832e+06 685970 -589273 433.351 -26.4773 13.0814