
Step FractureNumber TipNr TipActive TipX TipY TipZ KI KII KIII G Phi Psi Extension
1010000 FRAC0_S 0 1 14902.5 -44017.1 8500 39412.6 -16.8214 753.327 0.138495 0.0585949 -1.45071
1010000 FRAC0_S 0 1 14603.6 -44095.3 8500 41171.1 1960.83 1296.16 0.151613 -6.04252 -2.2475
1010000 FRAC0_S 0 1 14343.5 -44262.1 8500 31671.4 767.922 1049.13 0.0895835 -3.17352 -2.41119
1010000 FRAC0_S 0 1 14147.6 -44501.1 8500 41759.8 3655.59 228.873 0.156595 -10.7634 -0.390284
1010000 FRAC0_S 0 1 14035.1 -44788.9 8500 42289.2 1741.41 1108.99 0.159796 -5.29678 -1.89639
1010000 FRAC0_S 0 1 14017.2 -45097.5 8500 42328.3 528.219 800.223 0.159767 -1.68367 -1.41864
1010000 FRAC0_S 0 1 14095.3 -45396.4 8500 42431.9 547.72 1348.61 0.160708 -1.71916 -2.34247
1010000 FRAC0_S 0 1 14262.1 -45656.6 8500 52807.2 11892.9 2649.48 0.26203 -22.5391 -3.01739
1010000 FRAC0_S 0 1 14501.1 -45852.5 8500 41226.4 -3434.41 -491.916 0.152536 10.2437 0.845855
1010000 FRAC0_S 0 1 14788.9 -45964.9 8500 41323.9 -2411.2 -165.961 0.152692 7.47814 0.294394
1010000 FRAC0_S 0 1 15097.5 -45982.9 8500 43991.3 -893.47 12888 0.194611 2.14839 -15.7581
1010000 FRAC0_S 0 1 15396.4 -45904.7 8500 41288.5 -4333.63 2662.56 0.154526 12.0014 -4.2008
1010000 FRAC0_S 0 1 15656.5 -45737.9 8500 31288 -2044.17 -299.202 0.0876175 8.25083 0.691315
1010000 FRAC0_S 0 1 15852.4 -45498.9 8500 47837.7 -164953 -88547.9 3.67139 55.6608 20.0707
1010000 FRAC0_S 0 1 15964.9 -45211.1 8500 30669.5 -12903.2 -154577 3.27657 8.81975 40.7655
1010000 FRAC0_S 0 1 15982.8 -44902.5 8500 44406.3 -5044.3 -389.046 0.178005 13.4524 0.606853
1010000 FRAC0_S 0 1 15904.7 -44603.6 8500 38493.8 2700.94 -828.151 0.132782 -8.70905 1.52434
1010000 FRAC0_S 0 1 15737.9 -44343.4 8500 42741.5 124183 -153693 4.67867 -43.724 29.8074
1010000 FRAC0_S 0 1 15498.9 -44147.5 8500 36135.6 2526.33 -1742.39 0.117331 -8.48 3.3023
1010000 FRAC0_S 0 1 15211.1 -44035.1 8500 42779 60420.3 -40276.3 0.704131 -46.5428 19.2955
Step FractureNumber TipNr TipActive TipX TipY TipZ KI KII KIII G Phi Psi Extension
1010101 FRAC0_S 0 1 14902.5 -44017.1 8500 37943.6 12345.8 4720.63 0.144839 -27.8942 -6.45047
1010101 FRAC0_S 0 1 14603.6 -44095.3 8500 43328.2 3107.82 3832.72 0.170103 -8.38782 -5.75524
1010101 FRAC0_S 0 1 14343.5 -44262.1 8500 45292.1 2007.79 1149.18 0.183333 -5.68155 -1.83154
1010101 FRAC0_S 0 1 14147.6 -44501.1 8500 31976.7 -153710 -73395.1 2.91295 58.4209 19.4482
1010101 FRAC0_S 0 1 14035.1 -44788.9 8500 49069.8 4210.08 -140772 2.85178 -3.00444 39.2175
1010101 FRAC0_S 0 1 14017.2 -45097.5 8500 47091.8 -2384.31 2692.36 0.199084 6.25235 -3.93761
1010101 FRAC0_S 0 1 14095.3 -45396.4 8500 38379.6 2413.87 1986.28 0.132302 -7.6767 -3.55043
1010101 FRAC0_S 0 1 14262.1 -45656.6 8500 37424.6 -53519.4 3261.24 0.381462 56.9432 -2.66069
1010101 FRAC0_S 0 1 14501.1 -45852.5 8500 36342.4 1853.23 5716.88 0.122347 -5.7837 -9.59536
1010101 FRAC0_S 0 1 14788.9 -45964.9 8500 29553.1 -219406 11791.5 4.38597 68.2401 -3.45978
1010101 FRAC0_S 0 1 15097.5 -45982.9 8500 32326.1 1366.3 16458.6 0.129312 -3.76217 -22.0439
1010101 FRAC0_S 0 1 15396.4 -45904.7 8500 42257.8 -13509.3 40556.4 0.39415 18.258 -26.9912
1010101 FRAC0_S 0 1 15668.8 -45745 8520.65 79506.8 -36197 79252.6 1.51542 23.5804 -26.2547
1010101 FRAC0_S 0 1 15900.9 -45518.4 8545.12 154210 -128378 134091 5.9791 36.4891 -21.6836
1010101 FRAC0_S 0 1 16025.4 -45228.7 8528.31 82059.2 -102500 55351.6 1.94374 47.0364 -16.2394
1010101 FRAC0_S 0 1 16007 -44907.8 8503.83 544.359 -32152.4 -302636 12.2734 12.7799 43.5162
1010101 FRAC0_S 0 1 15918.1 -44591.6 8482.72 35089.3 -60265.4 71909.6 1.1211 41.3549 -27.4341
1010101 FRAC0_S 0 1 15764.9 -44319.4 8465.44 95920.5 44886.7 84292.2 1.94441 -25.1337 -24.581
1010101 FRAC0_S 0 1 15512.4 -44135.5 8482.72 170271 116862 45245.1 4.07272 -40.5699 -10.0063
1010101 FRAC0_S 0 1 15211.1 -44035.1 8500 42072.6 2439.37 24994.9 0.241355 -4.82713 -23.7817