
Step FractureNumber TipNr TipActive TipX TipY TipZ KI KII KIII G Phi Psi Extension
1010000 FRAC0_S 0 1 -30000 -44020.2 8624.9 1.57607e+06 -254266 117231 228.937 17.0847 -4.57553
1010000 FRAC0_S 0 1 -30000 -44106.8 8921.55 1.45004e+06 -246434 30386.6 192.898 18.5534 -1.36231
1010000 FRAC0_S 0 1 -30000 -44280.8 9176.94 1.50607e+06 -248518 -31000.5 207.755 18.1292 1.34425
1010000 FRAC0_S 0 1 -30000 -44525.1 9366.05 1.55864e+06 -222589 -90563.6 221.987 15.6585 3.69665
1010000 FRAC0_S 0 1 -30000 -44816 9470.4 1.24578e+06 -111892 -96139.4 140.64 10.3604 5.01377
1010000 FRAC0_S 0 1 -30000 -45124.9 9479.76 1.4379e+06 -1072.64 -31420.4 184.372 0.102092 1.65169
1010000 FRAC0_S 0 1 -30000 -45421.5 9393.21 1.56878e+06 -4764.69 -75651.1 220.068 0.403891 3.50855
1010000 FRAC0_S 0 1 -30000 -45676.9 9219.22 1.32927e+06 -63964.8 -282840 168.457 5.24095 12.2229
1010000 FRAC0_S 0 1 -30000 -45866 8974.84 1.57028e+06 59345.1 -127453 222.199 -4.64864 5.48424
1010000 FRAC0_S 0 1 -30000 -45970.4 8683.98 1.55878e+06 109942 -102946 219.005 -8.41822 4.42092
1010000 FRAC0_S 0 1 -30000 -45979.8 8375.1 1.63057e+06 168762 -76723.8 240.243 -12.0274 3.13472
1010000 FRAC0_S 0 1 -30000 -45893.2 8078.45 1.51528e+06 171085 -59305 207.68 -13.0484 2.61177
1010000 FRAC0_S 0 1 -30000 -45719.2 7823.06 1.49782e+06 164510 -24086.2 202.403 -12.9909 1.1073
1010000 FRAC0_S 0 1 -30000 -45474.9 7633.95 1.17854e+06 161157 9102.51 126.095 -15.7281 -0.524889
1010000 FRAC0_S 0 1 -30000 -45184 7529.6 1.5017e+06 208101 51721.9 205.168 -15.5622 -2.26178
1010000 FRAC0_S 0 1 -30000 -44875.1 7520.24 1.48438e+06 171410 100166 200.296 -12.9993 -4.34202
1010000 FRAC0_S 0 1 -30000 -44578.5 7606.79 1.32991e+06 -11625.6 72674.1 158.32 1.14615 -3.92115
1010000 FRAC0_S 0 1 -30000 -44323.1 7780.78 1.63759e+06 39049.3 172792 243.073 -2.92479 -6.99945
1010000 FRAC0_S 0 1 -30000 -44134 8025.16 1.47157e+06 -54065.4 162609 196.746 4.41166 -7.20668
1010000 FRAC0_S 0 1 -30000 -44029.6 8316.02 1.3362e+06 5783.88 -22293.3 159.168 -0.592276 1.26577
Step FractureNumber TipNr TipActive TipX TipY TipZ KI KII KIII G Phi Psi Extension
1010101 FRAC0_S 0 1 -29977.6 -43926.8 8636.4 1.48717e+06 253575 36591.7 202.989 -18.5492 -1.59188
1010101 FRAC0_S 0 1 -29968.9 -44022.9 8961.09 1.71919e+06 442651 73744 281.559 -24.9759 -2.53703
1010101 FRAC0_S 0 1 -29969.7 -44213.2 9240.73 1.66054e+06 399373 94849 261.121 -23.5435 -3.36948
1010101 FRAC0_S 0 1 -29974.2 -44480.1 9448.72 1.52225e+06 298524 13814.6 214.455 -20.9274 -0.585478
1010101 FRAC0_S 0 1 -29984.2 -44798.4 9564.63 1.87841e+06 191933 19230.9 317.749 -12.2688 -0.715061
1010101 FRAC0_S 0 1 -29995.2 -45137.3 9576.12 2.06631e+06 -57103.2 -15903.6 380.791 3.68705 0.578026
1010101 FRAC0_S 0 1 -29997.3 -45463.1 9481.35 1.85543e+06 -2996.34 -83900 307.71 0.215805 3.30768
1010101 FRAC0_S 0 1 -29997.3 -45743.6 9290.07 1.89492e+06 -9214.03 -51694.4 320.331 0.657996 2.03856
1010101 FRAC0_S 0 1 -30005.5 -45951.2 9021.54 1.89615e+06 -157323 -34523.7 322.747 10.1511 1.28066
1010101 FRAC0_S 0 1 -30014.6 -46065.1 8702.08 1.9889e+06 -511186 -83831.1 376.716 24.957 2.49585
1010101 FRAC0_S 0 1 -30019.7 -46074.5 8363.13 1.65842e+06 -168763 -146377 250.473 11.4598 5.60364
1010101 FRAC0_S 0 1 -30022.1 -45979.2 8037.87 1.53379e+06 -242626 -88667.5 215.922 17.0278 3.6336
1010101 FRAC0_S 0 1 -30023.6 -45788.3 7758.18 1.82978e+06 -311036 -90676.9 308.064 18.1539 3.11504
1010101 FRAC0_S 0 1 -30025.9 -45520.2 7551.39 1.64166e+06 -290240 4005.97 247.665 19.416 -0.161264
1010101 FRAC0_S 0 1 -30025.8 -45201.4 7437.01 1.92078e+06 -291126 -50801.2 336.656 16.854 1.73459
1010101 FRAC0_S 0 1 -30017.4 -44862.8 7425.65 1.56869e+06 -128282 -41180.9 220.973 9.95121 1.82948
1010101 FRAC0_S 0 1 -30005.9 -44536.9 7519.24 2.09664e+06 107180 64658.2 393.3 -6.4584 -2.19641
1010101 FRAC0_S 0 1 -30000.1 -44256.3 7709.83 1.87959e+06 132985 112296 318.065 -8.48771 -4.03001
1010101 FRAC0_S 0 1 -29997.7 -44048.6 7978.36 1.91392e+06 69766.4 127095 328.999 -4.55087 -4.57691
1010101 FRAC0_S 0 1 -29991.3 -43934.9 8297.75 1.66145e+06 79928.5 87244 247.564 -5.98561 -3.64627