
Step FractureNumber TipNr TipActive TipX TipY TipZ KI KII KIII G Phi Psi Extension
1010000 FRAC0_S 0 1 103.378 -44017.8 8500 474769 -427069 -3005.79 36.3397 50.4837 0.258743
1010000 FRAC0_S 0 1 -193.121 -44031.3 8500 341146 -346691 -133443 23.4495 46.625 11.8024
1010000 FRAC0_S 0 1 -493.726 -44144.6 8500 624649 -609597 -231662 75.0212 46.1138 11.5024
1010000 FRAC0_S 0 1 -733.904 -44339 8500 310951 -247815 -308422 26.7401 34.2912 23.5671
1010000 FRAC0_S 0 1 -902.243 -44598.1 8500 471752 -309245 -443990 54.5711 30.8816 23.9356
1010000 FRAC0_S 0 1 -982.264 -44896.6 8500 489154 -110951 -603660 70.8844 12.3092 30.8164
1010000 FRAC0_S 0 1 -966.133 -45205.2 8500 231655 235063 -443395 35.8535 -31.4895 30.168
1010000 FRAC0_S 0 1 -855.431 -45493.7 8500 392419 314235 -539583 61.2443 -30.8501 27.5854
1010000 FRAC0_S 0 1 -660.994 -45733.9 8500 369521 768804 -480779 95.5797 -50.694 20.2517
1010000 FRAC0_S 0 1 -401.854 -45902.2 8500 354971 967149 -296558 106.277 -58.6592 13.1827
1010000 FRAC0_S 0 1 -103.378 -45982.2 8500 351060 1.1432e+06 -81467.2 128.324 -64.7257 3.94449
1010000 FRAC0_S 0 1 205.218 -45966.1 8500 393177 1.15857e+06 175968 137.505 -62.4038 -7.60196
1010000 FRAC0_S 0 1 493.726 -45855.4 8500 366141 921394 367944 105.603 -56.236 -15.706
1010000 FRAC0_S 0 1 733.904 -45661 8500 360451 632495 427508 71.5335 -48.4597 -20.4862
1010000 FRAC0_S 0 1 902.243 -45401.9 8500 413971 382498 630121 81.1162 -32.5047 -28.0142
1010000 FRAC0_S 0 1 982.264 -45103.4 8500 448036 81881.2 637645 72.5617 -9.47393 -32.7558
1010000 FRAC0_S 0 1 966.133 -44794.8 8500 522352 -226533 591506 75.4205 21.6613 -27.9945
1010000 FRAC0_S 0 1 855.431 -44506.3 8500 554657 -415021 454360 70.2196 34.856 -21.5276
1010000 FRAC0_S 0 1 660.994 -44266.1 8500 600389 -549030 312695 71.9865 42.7003 -15.1721
1010000 FRAC0_S 0 1 401.854 -44097.8 8500 641978 -596571 167218 72.1584 46.8058 -8.8113
Step FractureNumber TipNr TipActive TipX TipY TipZ KI KII KIII G Phi Psi Extension
1010101 FRAC0_S 0 1 110.102 -43953.6 8574.97 166605 563964 -43559.4 31.0677 -64.8407 4.28449
1010101 FRAC0_S 0 1 -219.351 -43969.5 8573.65 725813 423676 -46014.1 63.2205 -40.8233 2.95328
1010101 FRAC0_S 0 1 -529.967 -44084 8568.29 385793 532936 1712.37 38.5723 -57.5932 -0.144996
1010101 FRAC0_S 0 1 -792.862 -44287.6 8559.02 754567 418074 10781.7 66.3273 -40.7223 -0.707885
1010101 FRAC0_S 0 1 -981.08 -44564.3 8545.07 588877 59597.6 -390126 51.4601 -7.80307 24.6427
1010101 FRAC0_S 0 1 -1071.3 -44887.2 8510.43 641480 2650.79 -341777 52.205 -0.37591 23.0739
1010101 FRAC0_S 0 1 -1050.72 -45222.2 8466.39 573212 -100482 -388612 50.2644 12.6161 24.1177
1010101 FRAC0_S 0 1 -924.059 -45531.4 8441.95 518807 -117970 -337447 40.3699 15.9264 23.0581
1010101 FRAC0_S 0 1 -706.07 -45780.1 8427.14 535427 -3682.65 -266028 34.96 0.638887 22.1695
1010101 FRAC0_S 0 1 -424.15 -45948.4 8415.34 495591 -198615 -24227.9 25.4796 33.3539 2.59288
1010101 FRAC0_S 0 1 -108.496 -46026.7 8411.27 414713 -274331 45564.8 22.3081 42.5194 -4.71107
1010101 FRAC0_S 0 1 215.859 -46011.4 8412.29 394484 -324036 100245 24.5601 44.4428 -9.05519
1010101 FRAC0_S 0 1 522.342 -45901.9 8417.56 374180 -277920 156875 22.6323 39.8348 -13.8847
1010101 FRAC0_S 0 1 784.747 -45703.8 8428.36 348921 -222825 144410 18.0468 36.7831 -14.3865
1010101 FRAC0_S 0 1 977.606 -45432.7 8450.31 450820 -132656 334426 34.5535 18.7709 -24.0378
1010101 FRAC0_S 0 1 1073.3 -45112.3 8487.57 670856 -22919.4 429548 64.6906 2.82731 -25.0011
1010101 FRAC0_S 0 1 1053.88 -44777.5 8528.63 636568 128614 137668 40.1037 -18.523 -11.1263
1010101 FRAC0_S 0 1 925.99 -44467.3 8554.76 545209 151800 157398 31.8365 -22.6638 -13.2492
1010101 FRAC0_S 0 1 710.315 -44212.9 8566.42 324995 358315 -114453 22.595 -48.7595 10.5112
1010101 FRAC0_S 0 1 429.739 -44037 8572.69 127642 963099 -196858 89.2608 -65.554 11.1539