
Step FractureNumber TipNr TipActive TipX TipY TipZ KI KII KIII G Phi Psi Extension
1010000 FRAC0_S 0 1 15000 29248.7 7858.8 1.31445e+07 2.99766e+06 -2.42248e+07 94246.6 -10.0104 34.9244
1010000 FRAC0_S 0 1 15000 29487.6 7655.6 3.15391e+06 3.1723e+06 -3.82594e+06 3729.97 -36.9117 24.7083
1010000 FRAC0_S 0 1 15000 29773.6 7538.6 3.87076e+06 4.09639e+06 -3.88682e+06 4839.7 -40.0206 22.0276
1010000 FRAC0_S 0 1 15000 30081.8 7515.7 4.22393e+06 5.43414e+06 -3.0511e+06 5459.4 -47.0632 16.8236
1010000 FRAC0_S 0 1 15000 30382 7589.16 4.39303e+06 6.02224e+06 -1.5162e+06 5257.24 -52.8299 9.37903
1010000 FRAC0_S 0 1 15000 30644.7 7751.78 3.84043e+06 2.50789e+07 1.41239e+07 83891.4 -57.807 -22.0412
1010000 FRAC0_S 0 1 15000 30844.5 7987.64 1.1285e+07 1.53069e+07 -5.92999e+06 36903.6 -50.3862 13.1252
1010000 FRAC0_S 0 1 15000 30961.5 8273.65 6.97844e+06 1.33352e+07 1.44912e+07 48115 -43.364 -26.7552
1010000 FRAC0_S 0 1 15000 30984.3 8581.81 137337 -6.07041e+06 2.97401e+06 4461.72 61.9621 -21.8024
1010000 FRAC0_S 0 1 15000 30910.8 8881.97 -1.03059e+06 -8.30118e+06 599755 6188.38 68.1136 -4.59
1010000 FRAC0_S 0 1 15000 30748.2 9144.74 8.67796e+06 5.97956e+06 7.75259e+06 17890.4 -32.3717 -23.0341
1010000 FRAC0_S 0 1 15000 30512.4 9344.4 -3.17558e+06 -1.14061e+07 -6.28697e+06 16850.1 55.6078 20.5035
1010000 FRAC0_S 0 1 15000 30226.4 9461.4 -2.69621e+06 -6.20829e+06 -7.51126e+06 10938.3 42.9347 28.7809
1010000 FRAC0_S 0 1 15000 29918.2 9484.3 -2.92952e+06 -3.92773e+06 -1.03261e+07 15556.2 28.3436 34.9559
1010000 FRAC0_S 0 1 15000 29618 9410.84 -1.59771e+06 409462 -7.90966e+06 8335.79 -5.6612 41.2193
1010000 FRAC0_S 0 1 15000 29355.3 9248.22 -1.34156e+06 3.57571e+06 -8.90208e+06 11679.2 -31.538 36.5519
1010000 FRAC0_S 0 1 15000 29155.5 9012.36 -600530 5.49949e+06 -7.21979e+06 9627.76 -45.8703 32.5832
1010000 FRAC0_S 0 1 15000 29038.5 8726.35 -1.12341e+07 2.41747e+07 -1.83344e+07 96785.2 -48.8111 22.7689
1010000 FRAC0_S 0 1 15000 29015.7 8418.19 849467 3.52061e+06 -3.48155e+06 2780.91 -48.701 28.0981
1010000 FRAC0_S 0 1 15000 29089.2 8118.03 1.64097e+06 3.80297e+06 -3.57542e+06 3228.93 -46.5854 25.7346
Step FractureNumber TipNr TipActive TipX TipY TipZ KI KII KIII G Phi Psi Extension
1010101 FRAC0_S 0 1 14958.2 29188.3 7799.38 -2.06959e+06 2.24273e+07 1.21127e+07 64334.5 -59.4949 -22.1947
1010101 FRAC0_S 0 1 14949.6 29443.9 7586.71 5.30282e+06 -186206 -4.69244e+06 5437.38 2.53701 28.9391
1010101 FRAC0_S 0 1 14934.3 29763.9 7465.54 4.23448e+06 -964478 -4.01741e+06 3827.28 13.8842 27.7299
1010101 FRAC0_S 0 1 14927.4 30086.1 7449.2 8.05824e+06 -876670 -4.41134e+06 8443.04 8.89409 22.1761
1010101 FRAC0_S 0 1 14920.7 30403.8 7534.24 1.03864e+07 -737888 -2.70068e+06 10631.5 7.27291 13.9779
1010101 FRAC0_S 0 1 14918.5 30681.6 7709.4 9.05749e+06 -888011 78939.1 7381.51 11.8525 -0.612178
1010101 FRAC0_S 0 1 14923.2 30898 7956.85 8.99532e+06 -1.06517e+06 930439 7426.64 12.9104 -6.36661
1010101 FRAC0_S 0 1 14968.5 31022.1 8258.02 2.14532e+07 1.11225e+07 1.6424e+07 87912.3 -28.172 -22.437
1010101 FRAC0_S 0 1 15050.2 31034 8583.2 3.88682e+06 -765119 2.03722e+06 1950.37 15.0976 -20.6944
1010101 FRAC0_S 0 1 15055 30955.7 8903.94 -3.47391e+06 1.03253e+07 -3.33351e+06 10978.1 -58.9488 13.9271
1010101 FRAC0_S 0 1 15017.1 30796.1 9187.98 1.04108e+06 -9.3844e+06 -2.22989e+06 8605.56 65.3237 12.7192
1010101 FRAC0_S 0 1 15044.9 30547.2 9400.14 2.89293e+06 -1.07088e+07 -6.68603e+06 16910.2 54.3949 22.1216
1010101 FRAC0_S 0 1 15066.6 30240.2 9531.04 -2.50271e+06 1.97078e+07 9.92158e+06 47702.2 -59.5344 -20.9382
1010101 FRAC0_S 0 1 15038.3 29909.1 9568.91 2.38868e+06 -8.50535e+06 -1.14462e+07 24379.7 43.1545 31.301
1010101 FRAC0_S 0 1 14993.8 29583.1 9494.79 -6.05501e+06 1.6657e+07 -2.01917e+07 78948.8 -43.8026 29.3998
1010101 FRAC0_S 0 1 14953.5 29302.9 9312.48 1.93814e+06 1.49367e+06 -5.71781e+06 4881.75 -20.9894 35.8565
1010101 FRAC0_S 0 1 14932.3 29095.9 9050.34 2.95554e+06 1.56597e+06 -4.27735e+06 3430.25 -22.6991 30.1193
1010101 FRAC0_S 0 1 14925.7 28975.2 8741.56 2.85737e+06 -1.81554e+06 -3.05084e+06 2259.18 29.0406 25.6609
1010101 FRAC0_S 0 1 14925.5 28950.9 8412.58 2.81916e+06 -329102 -3.40949e+06 2263.95 6.84962 31.6332
1010101 FRAC0_S 0 1 14940.6 29022.4 8087.3 2.20793e+06 -518648 -3.57281e+06 2156.12 11.0521 33.6237