
Step FractureNumber TipNr TipActive TipX TipY TipZ KI KII KIII G Phi Psi Extension
1010000 FRAC0_S 0 1 -44019.9 44878.3 8500 27460 -93433.5 -59603.3 1.3176 53.7134 22.1586
1010000 FRAC0_S 0 1 -44030.2 45187.1 8500 27467.8 -71831.6 -67957.7 1.14125 47.2146 26.2441
1010000 FRAC0_S 0 1 -44135.4 45477.6 8500 22348 -14853.7 -69681.1 0.709941 18.1041 36.8254
1010000 FRAC0_S 0 1 -44325.3 45721.4 8500 25702.8 293168 242235 15.5218 -54.0384 -27.5231
1010000 FRAC0_S 0 1 -44581.3 45894.6 8500 46707.7 928479 -253974 85.5927 -65.8111 14.7078
1010000 FRAC0_S 0 1 -44878.3 45980.1 8500 30292.3 84840.6 -59304.2 1.19094 -51.5328 22.7038
1010000 FRAC0_S 0 1 -45187.1 45969.8 8500 57316.2 1.3764e+06 -125620 171.208 -69.0366 6.06952
1010000 FRAC0_S 0 1 -45477.6 45864.6 8500 30440.9 117952 -17161.6 1.36149 -64.2127 7.73099
1010000 FRAC0_S 0 1 -45721.4 45674.7 8500 41569.2 153642 8543.16 2.26722 -65.7658 -3.21242
1010000 FRAC0_S 0 1 -45894.6 45418.7 8500 32425 103994 31265.6 1.1874 -59.9013 -13.3962
1010000 FRAC0_S 0 1 -45980.1 45121.7 8500 31698.1 88019.4 52575.9 1.14755 -53.2526 -20.729
1010000 FRAC0_S 0 1 -45969.8 44812.9 8500 33189.8 51040.4 81650.5 1.21699 -36.4498 -30.3981
1010000 FRAC0_S 0 1 -45864.6 44522.4 8500 32481.9 25815.1 91204.4 1.25973 -22.0873 -35.3029
1010000 FRAC0_S 0 1 -45674.7 44278.6 8500 21835 -10949 69339.7 0.692631 14.2052 -37.7469
1010000 FRAC0_S 0 1 -45418.7 44105.4 8500 23231.4 -44691.4 72868.6 0.932282 37.3868 -31.5302
1010000 FRAC0_S 0 1 -45121.7 44019.9 8500 20570.7 -70666.2 56083 0.901021 51.0486 -24.9112
1010000 FRAC0_S 0 1 -44812.9 44030.2 8500 47869.2 -529756 -241457 32.9662 61.2659 20.1259
1010000 FRAC0_S 0 1 -44522.4 44135.4 8500 24042.3 -127258 18413.6 1.5397 65.6193 -8.07438
1010000 FRAC0_S 0 1 -44278.6 44325.3 8500 23002.6 -138039 -9307.54 1.75665 67.4818 4.16324
1010000 FRAC0_S 0 1 -44105.4 44581.3 8500 25754.4 -119910 -36479.5 1.51735 61.8281 14.2981
Step FractureNumber TipNr TipActive TipX TipY TipZ KI KII KIII G Phi Psi Extension
1010101 FRAC0_S 0 1 -43963.1 44872.7 8580.69 -214594 177941 -141357 5.47908 -38.8849 18.3385
1010101 FRAC0_S 0 1 -43961.3 45203.1 8564.61 -297890 587228 -400860 52.1 -49.3332 21.1073
1010101 FRAC0_S 0 1 -44067.2 45514.5 8513.65 66913.2 130600 -137316 4.42669 -43.9572 26.4382
1010101 FRAC0_S 0 1 -44280.2 45763.6 8444.5 186314 63500.3 -207724 9.19142 -18.0818 28.6103
1010101 FRAC0_S 0 1 -44560.7 45939.3 8414.58 498730 251724 -309537 40.5541 -29.2991 19.9634
1010101 FRAC0_S 0 1 -44871.7 46029.1 8414.7 152978 182092 48758.3 5.35624 -50.6628 -9.37594
1010101 FRAC0_S 0 1 -45193.8 46012.4 8411.23 590431 514860 400609 76.0307 -39.6829 -18.4146
1010101 FRAC0_S 0 1 -45497.3 45899.4 8408.84 367872 121431 343998 29.1117 -18.9148 -26.5758
1010101 FRAC0_S 0 1 -45752.9 45703.5 8410.27 63547 -39097.7 359614 17.696 11.3404 -40.7083
1010101 FRAC0_S 0 1 -45939.6 45438.2 8413.92 -93726 -115173 250910 9.55514 30.6755 -32.7368
1010101 FRAC0_S 0 1 -46041 45127 8423.46 -68058.3 -234322 190223 9.70533 50.7562 -25.1995
1010101 FRAC0_S 0 1 -46044.4 44796 8440.86 -88431.6 -199597 75295.3 4.30409 55.7849 -14.7474
1010101 FRAC0_S 0 1 -45941.4 44478.5 8472.48 135538 375341 12808 14.2127 -64.383 -1.88793
1010101 FRAC0_S 0 1 -45736.5 44214.1 8518.05 93629.5 -128914 134918 4.68305 41.3851 -24.7387
1010101 FRAC0_S 0 1 -45454 44036.2 8555.93 437896 -330202 373294 45.3364 34.6431 -21.9802
1010101 FRAC0_S 0 1 -45131.8 43958.9 8575.98 400518 -262786 -44682.5 20.7137 42.3205 4.7913
1010101 FRAC0_S 0 1 -44805.3 43982 8586.05 414613 -205233 -174746 23.133 31.4903 15.5576
1010101 FRAC0_S 0 1 -44503.1 44099 8590.55 1.35474e+06 -375418 -541284 215.072 21.2267 16.7134
1010101 FRAC0_S 0 1 -44249 44298.2 8591 110692 -3088.11 -417514 24.2769 0.811375 40.9166
1010101 FRAC0_S 0 1 -44062.4 44562.9 8587.32 -276825 -886.249 -365784 17.7952 0.192681 33.675