
Step FractureNumber TipNr TipActive TipX TipY TipZ KI KII KIII G Phi Psi Extension
1010000 FRAC0_S 0 1 -22500 36572.7 8159.93 2.72945e+06 -225646 -27384.3 668.498 10.1913 0.713392
1010000 FRAC0_S 0 1 -22500 36723.2 7890.02 2.75139e+06 -700182 -350324 734.586 23.4091 6.90708
1010000 FRAC0_S 0 1 -22500 36949.7 7679.83 3.04043e+06 -237589 -92871.8 829.931 9.51979 2.12394
1010000 FRAC0_S 0 1 -22500 37230 7549.91 2.69155e+06 -37320 -149983 648.669 1.80312 3.97407
1010000 FRAC0_S 0 1 -22500 37536.8 7513 2.67538e+06 36908.8 -151367 640.987 -1.79279 4.03072
1010000 FRAC0_S 0 1 -22500 37840 7572.7 2.78218e+06 131567 -142688 694.009 -5.89672 3.56945
1010000 FRAC0_S 0 1 -22500 38109.9 7723.17 2.17606e+06 94186.2 -106726 424.262 -5.43752 3.43567
1010000 FRAC0_S 0 1 -22500 38320.1 7949.68 2.57337e+06 941914 -403217 690.79 -29.608 7.67684
1010000 FRAC0_S 0 1 -22500 38448.3 8223.93 2.91988e+06 138652 -38721.9 761.637 -6.12698 0.969999
1010000 FRAC0_S 0 1 -22500 38487 8536.87 2.42344e+06 778433 58131.6 577.794 -29.4384 -1.38039
1010000 FRAC0_S 0 1 -22500 38427.3 8840.07 2.96477e+06 225136 36974.3 787.964 -9.4269 -0.889408
1010000 FRAC0_S 0 1 -22500 38276.8 9109.98 2.49984e+06 -740945 -411672 628.328 25.52 8.37223
1010000 FRAC0_S 0 1 -22500 38050.3 9320.17 2.80714e+06 138527 133371 706.266 -6.15697 -3.31673
1010000 FRAC0_S 0 1 -22500 37770 9450.09 3.01437e+06 78462 183261 814.708 -3.31283 -4.25996
1010000 FRAC0_S 0 1 -22500 37463.2 9487 2.86891e+06 -43349.6 163114 737.141 1.95949 -4.04419
1010000 FRAC0_S 0 1 -22500 37160 9427.3 2.64981e+06 60232.1 5814.28 626.015 -3.07048 -0.166836
1010000 FRAC0_S 0 1 -22500 36890.1 9276.83 2.79904e+06 -158825 133713 702.769 7.00753 -3.31184
1010000 FRAC0_S 0 1 -22500 36675.1 9043.25 2.8371e+06 144822 901.091 719.128 -6.63228 -0.0235603
1010000 FRAC0_S 0 1 -22500 36549.9 8769.93 2.47791e+06 350247 -36807.1 558.25 -16.0691 0.996643
1010000 FRAC0_S 0 1 -22500 36513 8463.13 2.24126e+06 -191207 -10422.7 450.895 10.5291 0.33219
Step FractureNumber TipNr TipActive TipX TipY TipZ KI KII KIII G Phi Psi Extension
1010101 FRAC0_S 0 1 -22476.7 36483.9 8127.9 2.20483e+06 305389 -112102 443.171 -15.3547 3.27413
1010101 FRAC0_S 0 1 -22471.6 36650.3 7832.74 2.89502e+06 730166 -49326.4 794.674 -25.0555 1.04112
1010101 FRAC0_S 0 1 -22481 36897.4 7600.67 2.76422e+06 375169 -48124.4 693.731 -15.5082 1.17011
1010101 FRAC0_S 0 1 -22495.1 37203.6 7456.39 2.62185e+06 -46351.9 -547072 652.548 2.00371 12.3162
1010101 FRAC0_S 0 1 -22503.4 37540.5 7415.68 2.8651e+06 -78632.6 -172095 735.976 3.48853 4.20747
1010101 FRAC0_S 0 1 -22508.3 37873.5 7481.47 2.73408e+06 -93963.8 -149423 669.872 4.34844 3.83129
1010101 FRAC0_S 0 1 -22519.7 38167.3 7648.57 2.74903e+06 -370485 -26410.5 685.743 15.5165 0.652497
1010101 FRAC0_S 0 1 -22529.7 38395.6 7899.1 2.84332e+06 -695915 -89876 764.636 24.2723 1.91146
1010101 FRAC0_S 0 1 -22529.9 38537.8 8205.18 2.74227e+06 -641683 -13758.6 706.826 23.9434 0.31531
1010101 FRAC0_S 0 1 -22531.3 38577.6 8540.2 2.65783e+06 -674425 28868.4 670.119 25.2733 -0.667502
1010101 FRAC0_S 0 1 -22509.7 38513.1 8871.8 2.80082e+06 -67672.9 -210366 705.326 3.04336 5.17537
1010101 FRAC0_S 0 1 -22485.2 38349.3 9166.98 2.84254e+06 786236 111286 776.743 -26.3373 -2.29167
1010101 FRAC0_S 0 1 -22496 38102.5 9399.39 2.83986e+06 277689 318191 738.993 -10.858 -6.94069
1010101 FRAC0_S 0 1 -22504.7 37796.5 9543.71 3.06872e+06 158.249 166109 842.825 -0.00684833 -3.9181
1010101 FRAC0_S 0 1 -22501.1 37459.5 9584.38 2.89939e+06 -47815.8 193641 754.288 2.11512 -4.68347
1010101 FRAC0_S 0 1 -22498.8 37126.5 9518.66 2.77055e+06 -497999 747883 780.494 16.2825 -13.3799
1010101 FRAC0_S 0 1 -22498.1 36830.1 9353.13 2.84484e+06 -149279 170059 727.007 6.4491 -4.09679
1010101 FRAC0_S 0 1 -22509.6 36600.1 9104.06 2.73127e+06 -514785 226305 695.17 19.2168 -4.94335
1010101 FRAC0_S 0 1 -22512.1 36458.5 8795.98 2.98082e+06 -696161 -38622.7 835.152 23.7733 0.807224
1010101 FRAC0_S 0 1 -22493.4 36417.6 8459.39 2.44031e+06 -93941.1 -102208 532.836 4.89954 2.97423