
Step FractureNumber TipNr TipActive TipX TipY TipZ KI KII KIII G Phi Psi Extension
1010000 FRAC0_S 0 1 -14566.1 371.756 7694.36 9.31696e+06 5.69526e+06 -4.00206e+06 12755.8 -35.6535 14.9553
1010000 FRAC0_S 0 1 -14797.4 574.708 7722.7 1.08092e+07 -1.29644e+07 -1.64733e+07 61481 37.8337 26.3973
1010000 FRAC0_S 0 1 -15048.5 721.403 7827.14 -1.96852e+07 1.98442e+07 -1.09428e+07 51017.2 -44.2231 15.3599
1010000 FRAC0_S 0 1 -15294.9 797.482 7997.43 -1.57466e+07 1.86128e+07 1.01504e+07 44574.1 -46.3034 -16.0717
1010000 FRAC0_S 0 1 -15512.4 795.499 8216.93 1.44622e+06 3.27321e+06 -314852 1154.28 -61.434 4.74918
1010000 FRAC0_S 0 1 -15679.8 715.646 8464.13 -3.19314e+06 3.64159e+06 -1.96244e+06 1693.9 -45.9582 15.7578
1010000 FRAC0_S 0 1 -15780.6 565.741 8714.84 -6.62555e+06 3.33669e+06 -2.73279e+06 1985.37 -31.961 15.2615
1010000 FRAC0_S 0 1 -15805.5 368.244 8937.26 -1.2345e+07 8.25033e+06 -3.60064e+06 7789.84 -39.5985 10.8765
1010000 FRAC0_S 0 1 -15750.6 119.889 9130.69 -1.40715e+07 9.88411e+06 -2.74087e+06 9704.8 -42.2382 7.66025
1010000 FRAC0_S 0 1 -15622.8 -132.414 9255.13 -2.88839e+07 4.18327e+06 4.20593e+06 3912.15 -14.8309 -8.38139
1010000 FRAC0_S 0 1 -15433.9 -371.756 9305.64 -4.77239e+06 -2.53488e+06 -7.75815e+06 8577.72 21.5744 31.416
1010000 FRAC0_S 0 1 -15202.6 -574.708 9277.3 -4.29556e+06 1.81339e+07 -114280 29304.6 -67.3215 0.394553
1010000 FRAC0_S 0 1 -14951.5 -721.403 9172.86 -1.19768e+07 5.5296e+06 4.86779e+06 5876.16 -30.3243 -15.4079
1010000 FRAC0_S 0 1 -14705.1 -797.482 9002.57 -1.22233e+07 2.12191e+06 6.4232e+06 5888.47 -13.5731 -20.9671
1010000 FRAC0_S 0 1 -14487.6 -795.499 8783.07 -8.8933e+06 -2.13174e+06 5.09219e+06 3853.69 17.2925 -21.3497
1010000 FRAC0_S 0 1 -14320.2 -715.646 8535.87 -1.47998e+07 -1.77612e+07 1.05143e+07 42813.7 45.825 -17.0729
1010000 FRAC0_S 0 1 -14219.4 -565.741 8285.16 290786 -4.24698e+06 -856449 1712.35 66.8337 11.5523
1010000 FRAC0_S 0 1 -14195 -360.457 8055.47 2.27218e+06 -2.82433e+06 -2.59904e+06 2069.29 41.9525 22.5791
1010000 FRAC0_S 0 1 -14249.4 -119.889 7869.31 6.56765e+06 -569691 -5.07118e+06 7292.94 6.38045 26.7058
1010000 FRAC0_S 0 1 -14377.2 132.414 7744.87 6.58212e+06 2.46794e+06 -3.69873e+06 6222.89 -24.4783 19.852
Step FractureNumber TipNr TipActive TipX TipY TipZ KI KII KIII G Phi Psi Extension
1010101 FRAC0_S 0 1 -14543.8 387.634 7614.33 1.53704e+07 1.39395e+07 -2.26898e+06 39051.6 -48.159 5.43405
1010101 FRAC0_S 0 1 -14782 617.645 7662.07 1.06283e+07 7.98331e+06 -2.85603e+06 16830 -42.3823 9.79298
1010101 FRAC0_S 0 1 -15073.1 751.293 7756.68 2.54325e+07 -2.03461e+07 1.52835e+07 125593 38.8768 -17.4556
1010101 FRAC0_S 0 1 -15355.9 804.472 7920.61 9.44631e+06 -2.19003e+06 -537116 8417.29 22.9208 3.37726
1010101 FRAC0_S 0 1 -15588.1 795.129 8154.49 5.51518e+06 512427 -606132 2782.74 -10.3967 6.85144
1010101 FRAC0_S 0 1 -15767.7 721.54 8422.98 -39806.5 8.47433e+06 -946300 6518.47 -69.2395 7.47194
1010101 FRAC0_S 0 1 -15876.7 574.805 8697.25 7.2854e+06 -6.94647e+06 -1.08417e+07 24662.6 33.4134 27.557
1010101 FRAC0_S 0 1 -15903 353.17 8942.56 -2.21244e+07 1.45391e+06 6.18366e+06 5273.98 -6.67215 -14.7815
1010101 FRAC0_S 0 1 -15842 95.8727 9149.18 3.23143e+06 2.59818e+07 -7.71179e+06 68994.3 -63.8518 14.8509
1010101 FRAC0_S 0 1 -15689.3 -157.182 9311.08 -1.36917e+07 1.595e+07 -138173 22672.4 -54.9031 0.361194
1010101 FRAC0_S 0 1 -15477.9 -404.504 9363.24 -1.5545e+07 2.71738e+07 3.31291e+06 67260.1 -58.2519 -5.44274
1010101 FRAC0_S 0 1 -15244.3 -639.053 9297.53 -5.74306e+07 2.49151e+07 1.05161e+07 70024.3 -32.5234 -8.40989
1010101 FRAC0_S 0 1 -14975.4 -809.437 9190.94 -9.50031e+06 1.13252e+07 4.52539e+06 14153.1 -48.5731 -12.8722
1010101 FRAC0_S 0 1 -14686.9 -881.485 9039.07 -3.35587e+07 -8.03941e+06 -117877 5761.22 24.3807 0.220142
1010101 FRAC0_S 0 1 -14428 -850.648 8825.31 -6.18976e+06 -7.81712e+06 1.7127e+07 44458.7 30.7384 -32.922
1010101 FRAC0_S 0 1 -14237.8 -727.486 8580.11 623022 -6.40536e+06 2.92121e+06 4825.6 61.1176 -20.0562
1010101 FRAC0_S 0 1 -14130.1 -549.874 8319.68 2.02691e+07 -1.75138e+07 1.14835e+07 81481.3 40.9227 -16.3881
1010101 FRAC0_S 0 1 -14103.8 -348.504 8054.9 7.34939e+06 -715254 -3.58439e+06 6567.49 8.33215 20.8761
1010101 FRAC0_S 0 1 -14175.3 -122.779 7818.69 1.00958e+07 1.53478e+07 -7.59371e+06 37742.3 -49.9313 16.185
1010101 FRAC0_S 0 1 -14339.6 124.375 7658.88 1.2427e+07 -48572.9 -5.28037e+06 17469.8 0.382459 20.2777