
Step FractureNumber TipNr TipActive TipX TipY TipZ KI KII KIII G Phi Psi Extension
1010000 FRAC0_S 0 1 44496.7 44705.9 9297.36 2.93246e+06 -2.46473e+06 -409172 1329.89 46.815 5.33275
1010000 FRAC0_S 0 1 44716.1 44488.2 9295.65 2.61779e+06 -1.97932e+06 -810087 1047.04 41.8678 10.945
1010000 FRAC0_S 0 1 44963.2 44320.7 9216.05 2.68537e+06 -1.67546e+06 -1.27373e+06 1108.51 35.4402 15.9461
1010000 FRAC0_S 0 1 45213.9 44219.7 9066.37 2.69057e+06 -867788 -1.43586e+06 986.392 22.2128 19.6976
1010000 FRAC0_S 0 1 45443.8 44194.9 8861.24 2.52355e+06 -211751 -1.42957e+06 843.284 6.93696 22.8851
1010000 FRAC0_S 0 1 45630.1 44249.1 8620.76 2.53864e+06 565914 -1.40883e+06 866.805 -16.4535 21.132
1010000 FRAC0_S 0 1 45754.8 44376.8 8368.46 2.63348e+06 1.24405e+06 -1.27855e+06 973.324 -29.7039 17.3125
1010000 FRAC0_S 0 1 45805.6 44565.4 8129.02 2.473e+06 1.5672e+06 -920768 876.596 -37.241 13.3402
1010000 FRAC0_S 0 1 45777.5 44796.6 7925.91 2.70909e+06 2.09461e+06 -581875 1089.98 -43.8616 8.04215
1010000 FRAC0_S 0 1 45673.4 45047.7 7778.99 3.01549e+06 2.54723e+06 -147648 1391.38 -48.5214 1.99472
1010000 FRAC0_S 0 1 45503.3 45294.1 7702.64 2.35597e+06 1.88786e+06 297396 823.963 -46.1029 -4.96655
1010000 FRAC0_S 0 1 45283.9 45511.8 7704.35 2.36804e+06 1.67375e+06 721141 818.497 -40.5534 -11.0532
1010000 FRAC0_S 0 1 45036.8 45679.3 7783.95 3.01391e+06 1.56423e+06 1.28e+06 1245.38 -32.3917 -15.4674
1010000 FRAC0_S 0 1 44786.1 45780.3 7933.63 2.69346e+06 876714 1.42129e+06 983.631 -22.4304 -19.5344
1010000 FRAC0_S 0 1 44556.2 45805.1 8138.76 2.72952e+06 168074 1.56095e+06 990.476 -5.17812 -23.2632
1010000 FRAC0_S 0 1 44369.9 45750.9 8379.24 1.94467e+06 -391375 1.08962e+06 508.549 15.081 -21.4713
1010000 FRAC0_S 0 1 44245.2 45623.2 8631.54 2.14079e+06 -891764 1.05247e+06 626.578 27.2262 -17.9055
1010000 FRAC0_S 0 1 44194.4 45434.6 8870.98 2.21114e+06 -1.42371e+06 845211 711.307 37.4211 -13.541
1010000 FRAC0_S 0 1 44222.5 45203.4 9074.09 2.66437e+06 -2.13809e+06 591483 1086.47 44.4955 -8.15642
1010000 FRAC0_S 0 1 44326.6 44952.3 9221.01 2.63789e+06 -2.29821e+06 136222 1093.2 49.0622 -2.07097
Step FractureNumber TipNr TipActive TipX TipY TipZ KI KII KIII G Phi Psi Extension
1010101 FRAC0_S 0 1 44504.4 44726.8 9393.51 3.9572e+06 372868 -465128 1436.58 -10.463 7.25541
1010101 FRAC0_S 0 1 44734 44488 9392.37 3.54854e+06 324601 -852081 1228.04 -9.28702 12.9924
1010101 FRAC0_S 0 1 44993.2 44296.5 9305.68 3.30935e+06 243882 -1.16909e+06 1163 -7.04351 17.2877
1010101 FRAC0_S 0 1 45255.4 44169.8 9137.78 3.13347e+06 227328 -1.40271e+06 1141.24 -6.52176 20.1072
1010101 FRAC0_S 0 1 45491.2 44122.9 8900.45 3.10509e+06 158004 -1.50307e+06 1161.86 -4.56423 21.3164
1010101 FRAC0_S 0 1 45674.9 44165.1 8619.22 2.58653e+06 73651.2 -1.15074e+06 772.761 -2.67954 20.5439
1010101 FRAC0_S 0 1 45792.4 44295.2 8331 3.11639e+06 20950.3 -1.12959e+06 1035.17 -0.685702 18.3363
1010101 FRAC0_S 0 1 45834.2 44495.8 8066.09 3.44828e+06 34194.4 -790261 1142.74 -1.11593 13.2976
1010101 FRAC0_S 0 1 45793.9 44741.6 7845.85 3.68906e+06 -227476 -384063 1236.94 7.20931 6.70256
1010101 FRAC0_S 0 1 45677 45008.7 7688.31 3.63987e+06 -377345 58783.7 1193.74 12.3609 -1.11805
1010101 FRAC0_S 0 1 45496.7 45274.1 7606.27 3.87619e+06 -454301 470692 1386.72 12.6204 -7.32968
1010101 FRAC0_S 0 1 45267.5 45514.2 7607.56 3.77852e+06 -275796 877831 1381.51 7.60965 -12.8372
1010101 FRAC0_S 0 1 45008.4 45706.1 7694.44 3.29092e+06 -248775 1.15784e+06 1148.89 7.21788 -17.2206
1010101 FRAC0_S 0 1 44745.5 45831.6 7862.67 3.16507e+06 -210075 1.42308e+06 1165.95 5.99528 -20.2308
1010101 FRAC0_S 0 1 44509 45877.9 8099.98 2.82622e+06 -66149.1 1.35279e+06 955.556 2.16451 -21.5049
1010101 FRAC0_S 0 1 44323.7 45834.8 8380.01 2.99958e+06 -170342 1.3779e+06 1056.86 5.14559 -20.6031
1010101 FRAC0_S 0 1 44205.3 45704.2 8667.71 3.44115e+06 -54894.5 1.28567e+06 1275.31 1.59799 -18.5864
1010101 FRAC0_S 0 1 44165.2 45504 8933.48 3.64796e+06 -33478.5 863942 1285.21 1.02736 -13.6333
1010101 FRAC0_S 0 1 44207 45258.7 9154.15 4.08611e+06 339760 464611 1526.8 -9.38847 -7.11241
1010101 FRAC0_S 0 1 44324 44991.8 9311.55 3.65809e+06 386443 -23921.7 1205.82 -12.6664 0.457484