
Step FractureNumber TipNr TipActive TipX TipY TipZ KI KII KIII G Phi Psi Extension
1010000 FRAC0_S 0 1 -15000 44049 8233.09 -7.50483e+06 -2.04911e+06 -1.52609e+06 683.911 23.4971 10.1172
1010000 FRAC0_S 0 1 -15000 44178.1 7952.3 -7.88656e+06 -623368 -1.63816e+06 391.541 8.33567 11.7313
1010000 FRAC0_S 0 1 -15000 44387.6 7725.12 -7.45382e+06 -710436 -2.10528e+06 634.457 9.35006 14.6033
1010000 FRAC0_S 0 1 -15000 44657 7573.79 -6.22246e+06 382543 -1.67454e+06 385.983 -6.31905 14.4256
1010000 FRAC0_S 0 1 -15000 44960 7513.12 -9.07533e+06 1.5155e+06 -2.15582e+06 822.785 -15.6556 12.2481
1010000 FRAC0_S 0 1 -15000 45266.9 7549.06 -7.66565e+06 2.10178e+06 -1.46297e+06 678.3 -23.7493 9.60098
1010000 FRAC0_S 0 1 -15000 45547.7 7678.08 -7.56702e+06 2.60099e+06 -995910 734.758 -28.8178 6.6956
1010000 FRAC0_S 0 1 -15000 45774.9 7887.55 -7.81378e+06 3.03571e+06 -482565 852.169 -32.4808 3.26171
1010000 FRAC0_S 0 1 -15000 45926.2 8156.97 -8.20783e+06 3.27223e+06 96461.2 955.384 -33.9797 -0.647643
1010000 FRAC0_S 0 1 -15000 45986.8 8459.98 -7.71675e+06 3.00109e+06 675308 863.224 -32.0206 -4.50737
1010000 FRAC0_S 0 1 -15000 45951 8766.91 -8.45411e+06 2.82252e+06 1.26045e+06 921.206 -27.9707 -7.50838
1010000 FRAC0_S 0 1 -15000 45821.9 9047.7 -8.1563e+06 2.13349e+06 1.73093e+06 804.095 -22.6428 -10.5474
1010000 FRAC0_S 0 1 -15000 45638.3 9254.46 -8.73067e+06 1.52597e+06 2.18237e+06 840.949 -16.1212 -12.669
1010000 FRAC0_S 0 1 -15000 45343 9426.21 -8.54968e+06 387850 2.44758e+06 810.161 -4.68806 -15.2433
1010000 FRAC0_S 0 1 -15000 45040 9486.88 -8.30847e+06 -739274 1.99057e+06 575.694 9.06231 -12.9928
1010000 FRAC0_S 0 1 -15000 44733.1 9450.94 -7.99934e+06 -2.1066e+06 1.58508e+06 729.608 22.9537 -9.96871
1010000 FRAC0_S 0 1 -15000 44452.3 9321.92 -8.62192e+06 -2.89501e+06 1.70139e+06 1131.84 27.3044 -9.49301
1010000 FRAC0_S 0 1 -15000 44225.1 9112.45 -8.59697e+06 -3.59154e+06 995416 1281.23 32.9437 -5.70106
1010000 FRAC0_S 0 1 -15000 44073.8 8843.03 -7.38001e+06 -1.91616e+06 -876558 429.374 23.8871 6.47604
1010000 FRAC0_S 0 1 -15000 44013.2 8540.02 -8.59269e+06 -3.23145e+06 -731586 1001.69 31.3949 4.4328
Step FractureNumber TipNr TipActive TipX TipY TipZ KI KII KIII G Phi Psi Extension
1010101 FRAC0_S 0 1 -14963.4 43963 8207.85 -7.50978e+06 -5.7549e+06 -1.57302e+06 3280.32 43.7696 7.89831
1010101 FRAC0_S 0 1 -14978.7 44099.5 7899.32 -7.76631e+06 -3.42276e+06 -1.93822e+06 1543.59 31.7442 10.7972
1010101 FRAC0_S 0 1 -14991 44327.7 7649.4 -8.30516e+06 -1.37534e+06 -2.151e+06 783.921 15.3283 13.0899
1010101 FRAC0_S 0 1 -15008.2 44623.4 7483.78 -7.88332e+06 1.26035e+06 -2.22016e+06 797.123 -14.6662 13.9793
1010101 FRAC0_S 0 1 -15026.3 44955.6 7419.68 -7.96283e+06 3.48274e+06 -1.93953e+06 1581.17 -31.6882 10.6095
1010101 FRAC0_S 0 1 -15038.9 45290.4 7462.72 -6.27863e+06 4.62946e+06 -1.19798e+06 2100.67 -43.3006 7.39547
1010101 FRAC0_S 0 1 -15047.6 45594.7 7606.51 -5.63876e+06 5.60466e+06 -738466 2871.68 -50.1705 4.68193
1010101 FRAC0_S 0 1 -15052.9 45839.6 7835.97 -5.07552e+06 5.39498e+06 -494748 2626.17 -51.936 3.45215
1010101 FRAC0_S 0 1 -15054.7 46002.9 8128.65 -5.01757e+06 5.73697e+06 77479.5 2933.66 -54.5127 -0.556231
1010101 FRAC0_S 0 1 -15052.2 46070 8457.03 -6.10417e+06 6.45084e+06 614311 3758.36 -51.7815 -3.56667
1010101 FRAC0_S 0 1 -15046.4 46033.9 8790.77 -6.06328e+06 5.39368e+06 1.05799e+06 2741.24 -47.3351 -6.35812
1010101 FRAC0_S 0 1 -15037.9 45896.5 9098.09 -7.1504e+06 5.44062e+06 1.67442e+06 3010.57 -43.2121 -8.70067
1010101 FRAC0_S 0 1 -15025.5 45670.1 9348.73 -7.86432e+06 3.46009e+06 2.08525e+06 1645.16 -31.4636 -11.3313
1010101 FRAC0_S 0 1 -15007.1 45376.2 9516.46 -8.70646e+06 930874 2.51395e+06 917.772 -10.3142 -14.7248
1010101 FRAC0_S 0 1 -14984.4 45044.5 9581.74 -9.59496e+06 -2.26688e+06 2.80932e+06 1507.59 19.9606 -13.7259
1010101 FRAC0_S 0 1 -14965.1 44709.4 9538.42 -7.6818e+06 -4.97462e+06 2.11286e+06 2798.93 39.2137 -10.4831
1010101 FRAC0_S 0 1 -14953.7 44405 9394.07 -6.71392e+06 -6.37162e+06 1.41216e+06 3882.88 48.0081 -7.28457
1010101 FRAC0_S 0 1 -14951.2 44158.5 9164.89 -5.092e+06 -5.09185e+06 367725 2328.34 51.2585 -2.67824
1010101 FRAC0_S 0 1 -14953.2 43993.1 8872.77 -6.14802e+06 -5.50419e+06 -139457 2702.27 50.0978 0.91787
1010101 FRAC0_S 0 1 -14953.8 43927 8543.49 -5.78233e+06 -3.38464e+06 -986949 1150.38 38.8889 7.26974