
Step FractureNumber TipNr TipActive TipX TipY TipZ KI KII KIII G Phi Psi Extension
1010000 FRAC0_S 0 1 -44335.5 63.5472 7772 7.45943e+06 2.23874e+06 1.53844e+06 5719.75 -25.1144 -10.0606
1010000 FRAC0_S 0 1 -44509.2 308.867 7700.42 7.99487e+06 870626 1.26359e+06 5975.63 -11.5163 -9.21685
1010000 FRAC0_S 0 1 -44731.1 523.953 7707.11 7.86006e+06 357425 1.34672e+06 5757.86 -5.1342 -10.3288
1010000 FRAC0_S 0 1 -44979.2 687.75 7791.42 6.85212e+06 109325 1.76447e+06 4598.99 -1.74305 -14.4231
1010000 FRAC0_S 0 1 -45229.4 784.226 7945.08 7.39337e+06 -453194 1.4512e+06 5169.32 6.6576 -11.3703
1010000 FRAC0_S 0 1 -45457 803.937 8153.07 6.83575e+06 -948669 1.3602e+06 4490.15 13.7703 -10.8719
1010000 FRAC0_S 0 1 -45640 744.952 8395.01 7.48315e+06 -1.73875e+06 1.37641e+06 5511.31 21.0842 -9.57331
1010000 FRAC0_S 0 1 -45760.3 613.046 8647.23 5.03285e+06 -1.55166e+06 869358 2572.18 26.1102 -8.64838
1010000 FRAC0_S 0 1 -45806.2 421.131 8885.04 6.01579e+06 -2.31743e+06 601512 3751.55 31.6031 -5.10162
1010000 FRAC0_S 0 1 -45773.2 187.993 9085.16 5.2945e+06 -2.5486e+06 189957 3081.51 37.371 -1.826
1010000 FRAC0_S 0 1 -45664.5 -63.5472 9228 6.95661e+06 -3.15791e+06 -708930 5267.91 34.8883 4.96738
1010000 FRAC0_S 0 1 -45490.8 -308.867 9299.58 8.15979e+06 -2.74339e+06 -935595 6720.21 28.6832 5.95809
1010000 FRAC0_S 0 1 -45268.9 -523.953 9292.89 6.27427e+06 -1.92778e+06 -1.60338e+06 4181.03 24.8188 11.8721
1010000 FRAC0_S 0 1 -45020.8 -687.75 9208.58 7.68905e+06 -1.25301e+06 -2.62487e+06 6324.59 14.3444 16.0011
1010000 FRAC0_S 0 1 -44770.6 -784.226 9054.92 8.42215e+06 215632 -2.6145e+06 7234.08 -2.65717 16.3419
1010000 FRAC0_S 0 1 -44543 -803.937 8846.93 8.63309e+06 1.622e+06 -2.23966e+06 7542.97 -16.9944 12.921
1010000 FRAC0_S 0 1 -44360 -744.952 8604.99 6.6764e+06 1.96368e+06 -1.23387e+06 4518.11 -25.0739 9.23171
1010000 FRAC0_S 0 1 -44239.7 -613.046 8352.77 8.46765e+06 2.70354e+06 -568846 7083.64 -28.5276 3.7019
1010000 FRAC0_S 0 1 -44194 -429.322 8123.4 8.49241e+06 2.7354e+06 177534 7097.66 -29.5505 -1.20614
1010000 FRAC0_S 0 1 -44226.8 -187.993 7914.84 8.48823e+06 2.22274e+06 773151 6940.13 -24.4746 -5.10166
Step FractureNumber TipNr TipActive TipX TipY TipZ KI KII KIII G Phi Psi Extension
1010101 FRAC0_S 0 1 -44296.2 48.6764 7684.2 9.09083e+06 -1.92242e+06 1.05575e+06 7841.91 20.524 -6.57063
1010101 FRAC0_S 0 1 -44476.1 325.672 7610.9 8.59257e+06 -963578 1.09685e+06 6821.94 12.0905 -7.68119
1010101 FRAC0_S 0 1 -44710.7 569.527 7623.47 8.59113e+06 -324048 1.34793e+06 6828 4.35058 -9.6751
1010101 FRAC0_S 0 1 -44977.6 754.979 7721.13 8.42312e+06 -62459.3 1.48859e+06 6617.32 0.873951 -10.906
1010101 FRAC0_S 0 1 -45245.2 867.166 7897.06 7.85575e+06 -175483 1.63456e+06 5857.33 2.51863 -12.2467
1010101 FRAC0_S 0 1 -45486.6 894.512 8133.31 8.41387e+06 497452 1.54929e+06 6649.68 -6.49936 -10.8285
1010101 FRAC0_S 0 1 -45678.5 834.01 8405.04 8.45088e+06 776597 1.33473e+06 6654.69 -9.91522 -9.32974
1010101 FRAC0_S 0 1 -45801.9 693.046 8685.21 8.53622e+06 842363 1.05505e+06 6704.45 -10.8467 -7.54996
1010101 FRAC0_S 0 1 -45843.6 487.244 8947.01 9.25199e+06 828807 481817 7719.84 -10.5543 -3.48933
1010101 FRAC0_S 0 1 -45802.1 236.656 9165.46 6.78215e+06 936207 -54025.6 4177.34 -15.8478 0.540581
1010101 FRAC0_S 0 1 -45686.3 -37.063 9319.96 9.16192e+06 1.27807e+06 -652614 7682.17 -15.2013 4.47476
1010101 FRAC0_S 0 1 -45504.3 -307.771 9396.59 9.35011e+06 865603 -1.42078e+06 8125.65 -10.0268 9.03162
1010101 FRAC0_S 0 1 -45270.1 -549.131 9387.07 9.11869e+06 825938 -2.14566e+06 8082.64 -9.23731 12.8033
1010101 FRAC0_S 0 1 -45009.7 -740.806 9288.12 9.91278e+06 868468 -2.53852e+06 9680.51 -8.83061 13.6669
1010101 FRAC0_S 0 1 -44750.6 -862.19 9106.77 9.93574e+06 218277 -2.53402e+06 9655.11 -2.38775 14.2617
1010101 FRAC0_S 0 1 -44515.7 -894.988 8864.94 9.95726e+06 -538372 -2.30302e+06 9566.24 5.76521 12.967
1010101 FRAC0_S 0 1 -44326.1 -835.549 8591.58 1.02994e+07 -360991 -1.38835e+06 9720.51 4.1317 8.54963
1010101 FRAC0_S 0 1 -44200.5 -693.687 8313.12 1.00333e+07 -1.39524e+06 -412121 9166.58 15.5248 2.67485
1010101 FRAC0_S 0 1 -44150.7 -484.751 8054.14 9.62065e+06 -1.61533e+06 308930 8492.95 18.218 -2.06357
1010101 FRAC0_S 0 1 -44183.5 -229.675 7837.51 9.35778e+06 -1.18659e+06 905849 8037.79 13.7565 -5.96419