
Step FractureNumber TipNr TipActive TipX TipY TipZ KI KII KIII G Phi Psi Extension
1010000 FRAC0_S 0 1 8478.79 29867.8 8500 -582798 -1.1852e+06 2.59219e+06 1018.86 32.883 -34.7083
1010000 FRAC0_S 0 1 8471.76 30176.7 8500 -759420 -2.65209e+06 2.62028e+06 1539.92 48.0233 -27.6566
1010000 FRAC0_S 0 1 8369.6 30468.3 8500 -417891 -2.90194e+06 1.5274e+06 1060.7 58.7259 -21.3018
1010000 FRAC0_S 0 1 8182.32 30714.1 8500 4.76637e+06 -3.26794e+06 1.59413e+06 3314.06 39.453 -12.0095
1010000 FRAC0_S 0 1 7928.26 30890 8500 -351270 -4.26205e+06 75636.2 1619.45 69.4198 -1.24961
1010000 FRAC0_S 0 1 7632.27 30978.8 8500 -597368 -4.02648e+06 -802835 1530.43 65.3397 10.8172
1010000 FRAC0_S 0 1 7323.33 30971.7 8500 -451283 -3.83175e+06 -1.76375e+06 1722.08 60.6069 19.9437
1010000 FRAC0_S 0 1 7031.69 30869.6 8500 -591872 -2.44026e+06 -2.16427e+06 1153.62 50.3077 26.7621
1010000 FRAC0_S 0 1 6785.89 30682.3 8500 4.34948e+06 -2.18311e+06 -2.09877e+06 2696.32 30.9318 17.015
1010000 FRAC0_S 0 1 6609.99 30428.2 8500 -639456 -211967 -2.95674e+06 1166.73 7.57571 40.6675
1010000 FRAC0_S 0 1 6521.21 30132.2 8500 -576015 1.03017e+06 -2.54658e+06 957.08 -30.422 35.422
1010000 FRAC0_S 0 1 6528.24 29823.3 8500 -573684 2.12616e+06 -2.09954e+06 989.1 -48.2831 27.8067
1010000 FRAC0_S 0 1 6630.4 29531.7 8500 -677149 3.12179e+06 -1.58464e+06 1202.4 -57.6445 20.0999
1010000 FRAC0_S 0 1 6817.68 29285.9 8500 -518879 3.25317e+06 -755163 1018.91 -64.4562 12.0926
1010000 FRAC0_S 0 1 7071.74 29110 8500 5.76221e+06 4.78661e+06 -374313 5019.01 -47.9073 2.63414
1010000 FRAC0_S 0 1 7367.73 29021.2 8500 -572200 3.49018e+06 775582 1165.48 -64.5673 -11.6562
1010000 FRAC0_S 0 1 7676.67 29028.3 8500 5.61112e+06 3.96534e+06 1.86398e+06 4668.85 -40.1155 -11.8325
1010000 FRAC0_S 0 1 7968.31 29130.4 8500 -598714 2.19352e+06 2.02809e+06 975.803 -49.2126 -26.9758
1010000 FRAC0_S 0 1 8214.11 29317.7 8500 1.54856e+07 3.39459e+06 3.8971e+06 24415.7 -19.3099 -12.3794
1010000 FRAC0_S 0 1 8390.01 29571.8 8500 -3.50949e+06 -399597 2.36388e+06 757.421 8.63415 -24.707
Step FractureNumber TipNr TipActive TipX TipY TipZ KI KII KIII G Phi Psi Extension
1010101 FRAC0_S 0 1 8559.13 29854.3 8549.49 1.0714e+06 -1.09909e+06 3.1828e+06 1557.25 25.7928 -34.7097
1010101 FRAC0_S 0 1 8536.89 30186 8572.12 2.69589e+06 -2.06564e+06 3.82305e+06 2971.75 29.6342 -28.1917
1010101 FRAC0_S 0 1 8422.25 30497.6 8577.21 3.5425e+06 -2.7099e+06 3.26771e+06 3192.81 34.1792 -22.885
1010101 FRAC0_S 0 1 8224.24 30756.1 8576.54 4.08355e+06 -4.21576e+06 1.8918e+06 3545.65 45.9352 -13.3421
1010101 FRAC0_S 0 1 7950.61 30930.1 8585.41 7.13374e+06 -3.46546e+06 1.22633e+06 5805.01 35.0154 -7.73385
1010101 FRAC0_S 0 1 7636.68 31019.5 8590.62 4.62342e+06 -3.40236e+06 -187798 2941.05 45.9817 1.76616
1010101 FRAC0_S 0 1 7312.77 31020.3 8585.52 6.51022e+06 -3.63802e+06 -1.91192e+06 5442.31 35.8621 11.5361
1010101 FRAC0_S 0 1 6998.85 30924.6 8573.11 2.96723e+06 -3.89103e+06 -2.72037e+06 3117.95 45.3198 19.4906
1010101 FRAC0_S 0 1 6724.98 30736.8 8548.23 2.3183e+06 -2.88634e+06 -4.23115e+06 3602.34 36.275 28.3409
1010101 FRAC0_S 0 1 6528.46 30467.4 8506.78 631462 -566307 -3.10208e+06 1343.95 17.2243 39.0966
1010101 FRAC0_S 0 1 6439.79 30145.8 8459.31 858763 710160 -2.7712e+06 1132.04 -21.0336 36.3498
1010101 FRAC0_S 0 1 6462.36 29813.9 8428.9 1.14788e+07 -6.23781e+06 -5.66556e+06 19477.7 32.3669 16.9622
1010101 FRAC0_S 0 1 6583.02 29508.3 8416.55 1.35394e+06 2.53392e+06 -1.23023e+06 936.795 -52.1547 16.8422
1010101 FRAC0_S 0 1 6783.73 29248.9 8415.22 1.21958e+07 -1.30154e+06 -4.5795e+06 16194.3 9.71716 17.6422
1010101 FRAC0_S 0 1 7048.32 29061.4 8417.76 1.31135e+07 1.16277e+06 -2.17458e+06 16073.2 -9.5457 9.73393
1010101 FRAC0_S 0 1 7361.01 28966.1 8420.19 6.22725e+06 4.03224e+06 341006 4919.87 -43.1251 -2.47502
1010101 FRAC0_S 0 1 7689.81 28965.6 8426.28 5.25308e+06 3.8863e+06 1.84919e+06 4259.63 -40.7578 -12.1915
1010101 FRAC0_S 0 1 8004.28 29066.5 8437.77 3.09653e+06 3.13436e+06 2.86753e+06 2823.49 -39.9219 -21.3052
1010101 FRAC0_S 0 1 8278.25 29260 8468.29 1.54861e+06 2.09813e+06 3.48015e+06 2216.8 -35.1486 -30.2195
1010101 FRAC0_S 0 1 8472.42 29531.1 8512.81 7.66445e+06 3.03176e+06 8.23628e+06 15075.9 -20.6239 -27.6873