
Step FractureNumber TipNr TipActive TipX TipY TipZ KI KII KIII G Phi Psi Extension
1010000 FRAC0_S 0 1 29290.4 15686.6 8522.98 3.92038e+06 1.01256e+07 7.38793e+06 17765.2 -50.5155 -22.9647
1010000 FRAC0_S 0 1 29206.7 15522.3 8770.95 2.91559e+07 4.91212e+06 7.63245e+06 85647.2 -15.52 -13.1709
1010000 FRAC0_S 0 1 29200.7 15306.9 8992.41 2.95503e+07 -1.33795e+06 8.14066e+06 86786.2 4.71707 -14.8336
1010000 FRAC0_S 0 1 29273 15061.5 9165.67 2.88139e+07 -6.83872e+06 6.97776e+06 84625.8 20.6573 -11.883
1010000 FRAC0_S 0 1 29416.4 14810 9273.77 2.96182e+07 -1.09578e+07 4.85766e+06 92008.7 29.6937 -7.96235
1010000 FRAC0_S 0 1 29616.9 14577.1 9306.12 3.07114e+07 -1.31564e+07 2.32466e+06 100190 34.1959 -3.84182
1010000 FRAC0_S 0 1 29854.8 14385.5 9259.56 2.26167e+07 -1.03041e+07 -962605 55165.4 36.101 2.1893
1010000 FRAC0_S 0 1 30107.1 14254.2 9138.66 2.82649e+07 -7.47809e+06 -41976.9 76173.9 26.1993 0.091451
1010000 FRAC0_S 0 1 30347.4 14196 8956.52 2.79611e+07 -1.00463e+07 -4.24585e+06 81059.6 29.3297 7.50467
1010000 FRAC0_S 0 1 30556.5 14216.3 8727.25 2.61815e+07 -8.45008e+06 -4.79211e+06 70499.3 26.7917 8.99363
1010000 FRAC0_S 0 1 30709.6 14313.4 8477.02 2.48369e+07 -7.27391e+06 -4.96393e+06 62961.3 24.7729 9.85184
1010000 FRAC0_S 0 1 30793.3 14477.7 8229.05 2.37495e+07 -7.57687e+06 -5.23502e+06 59022.3 26.0068 10.4918
1010000 FRAC0_S 0 1 30799.3 14693.1 8007.59 2.38981e+07 -6.47518e+06 -6.69214e+06 60585.2 22.3211 13.0071
1010000 FRAC0_S 0 1 30727 14938.5 7834.33 1.75804e+07 -5.16364e+06 -7.38233e+06 37165.4 21.9395 17.132
1010000 FRAC0_S 0 1 30583.6 15190 7726.23 1.65678e+07 -2.6356e+06 -8.80483e+06 35389.8 12.5543 21.2593
1010000 FRAC0_S 0 1 30389.5 15416.8 7693.67 1.62967e+07 979552 -9.56938e+06 35930.7 -5.01517 23.6108
1010000 FRAC0_S 0 1 30145.2 15614.5 7740.44 1.69499e+07 5.43633e+06 -8.2912e+06 37377.6 -22.6111 18.6706
1010000 FRAC0_S 0 1 29892.9 15745.8 7861.34 1.28463e+07 6.59312e+06 -4.68868e+06 21502.9 -33.0289 13.9112
1010000 FRAC0_S 0 1 29651.1 15804.1 8044.77 2.01743e+07 1.11792e+07 -2.67524e+06 48356.3 -38.4383 5.92818
1010000 FRAC0_S 0 1 29443.5 15783.7 8272.75 4.05339e+07 6.68813e+06 3.47361e+06 151998 -17.2515 -5.18955
Step FractureNumber TipNr TipActive TipX TipY TipZ KI KII KIII G Phi Psi Extension
1010101 FRAC0_S 0 1 29204.3 15710 8494.41 2.59028e+07 -6.85321e+06 4.92299e+06 67197.5 23.148 -9.62783
1010101 FRAC0_S 0 1 29118.8 15548.9 8779.29 3.10998e+07 -5.72033e+06 3.87076e+06 91095.5 18.2978 -7.12122
1010101 FRAC0_S 0 1 29127.4 15340.2 9043.24 2.40427e+07 417496 5.57734e+06 55663 -1.93236 -13.3452
1010101 FRAC0_S 0 1 29224 15086.4 9245.15 3.0112e+07 2.03376e+06 6.26336e+06 86384.8 -7.21675 -11.8419
1010101 FRAC0_S 0 1 29393 14821.6 9367.93 3.43505e+07 2.53355e+06 4.80391e+06 108788 -8.24982 -8.5501
1010101 FRAC0_S 0 1 29616.9 14574.4 9404.29 3.23262e+07 3.75693e+06 1.47831e+06 94667.1 -13.3026 -3.01873
1010101 FRAC0_S 0 1 29874.9 14366.1 9353.5 4.08567e+07 306140 -5.45327e+06 152712 -0.916398 8.67304
1010101 FRAC0_S 0 1 30145.1 14218.3 9221.56 3.38481e+07 3.51814e+06 -2.65951e+06 104137 -11.7648 5.03701
1010101 FRAC0_S 0 1 30406.3 14152.7 9021.98 3.18606e+07 3.73185e+06 -4.52752e+06 94422.8 -12.4167 8.38201
1010101 FRAC0_S 0 1 30631.7 14173.4 8773.17 2.87249e+07 3.16488e+06 -4.90974e+06 77625 -11.5227 9.81923
1010101 FRAC0_S 0 1 30797.8 14277.1 8499.87 2.63971e+07 2.87103e+06 -5.59601e+06 66991.8 -11.0542 11.6695
1010101 FRAC0_S 0 1 30890.1 14461.6 8220.81 1.47581e+07 2.51392e+06 -9.89288e+06 32988 -12.3565 24.0293
1010101 FRAC0_S 0 1 30894.5 14688.1 7985.42 2.17421e+07 1.10419e+06 -6.66748e+06 48145.2 -5.1398 15.9369
1010101 FRAC0_S 0 1 30813.8 14952.6 7791.84 1.93035e+07 1.26108e+06 -7.78216e+06 41401 -6.08975 18.9265
1010101 FRAC0_S 0 1 30649.7 15219.1 7662.45 1.43967e+07 240345 -7.20335e+06 25375.8 -1.53216 22.136
1010101 FRAC0_S 0 1 30415.4 15458.4 7611.43 1.62674e+07 -341057 -8.82378e+06 33946.5 1.86487 23.0899
1010101 FRAC0_S 0 1 30139.1 15649.4 7650.84 1.95654e+07 105890 -8.86359e+06 44561.6 -0.518562 21.0445
1010101 FRAC0_S 0 1 29854.6 15777.5 7777.21 1.88833e+07 -642172 -5.58832e+06 35964.9 3.53411 15.7226
1010101 FRAC0_S 0 1 29591.5 15840.7 7977.58 4.24131e+06 1.36252e+07 -1.01861e+07 31945.6 -51.4848 23.9714
1010101 FRAC0_S 0 1 29369.6 15820 8224.43 2.84901e+07 -1.66354e+06 2.89725e+06 73692.3 6.86926 -6.58391