
Step FractureNumber TipNr TipActive TipX TipY TipZ KI KII KIII G Phi Psi Extension
1010000 FRAC0_S 0 1 36827.1 -6778.64 8451.56 5.34171e+06 4.51858e+06 3.0471e+06 5596.95 -40.432 -16.5747
1010000 FRAC0_S 0 1 36722.7 -6925.35 8702.69 4.98246e+06 5.22771e+06 4.13487e+06 6921.35 -41.7232 -19.7412
1010000 FRAC0_S 0 1 36694.4 -7128.32 8933.97 3.61055e+06 4.18815e+06 4.54565e+06 5472.85 -39.4411 -24.2477
1010000 FRAC0_S 0 1 36745 -7367.68 9122.77 2.83616e+06 3.23491e+06 5.23294e+06 5291.32 -34.3316 -29.0364
1010000 FRAC0_S 0 1 36869.4 -7619.98 9250.62 2.20043e+06 1.57511e+06 5.83576e+06 5181.99 -21.0633 -35.1939
1010000 FRAC0_S 0 1 37065.4 -7871.07 9305.7 1.91031e+06 -530385 5.94642e+06 5053.13 8.5734 -38.7134
1010000 FRAC0_S 0 1 37285.3 -8065.81 9280.56 1.68121e+06 -2.33525e+06 4.93537e+06 3977.41 31.7579 -32.9727
1010000 FRAC0_S 0 1 37536 -8215.69 9179.72 4.78744e+06 -598764 4.8171e+06 5160.5 7.97462 -29.4694
1010000 FRAC0_S 0 1 37783.2 -8295.52 9012.35 3.38972e+06 -5.20685e+06 2.61986e+06 4352.65 49.9055 -16.4184
1010000 FRAC0_S 0 1 38020.9 -8293.99 8773.04 4.5913e+06 -4.76786e+06 873339 4005.57 50.0355 -6.41687
1010000 FRAC0_S 0 1 38172.9 -8221.36 8548.44 4.91022e+06 -591446 -1.39565e+06 2438.7 11.4903 14.4319
1010000 FRAC0_S 0 1 38277.3 -8074.65 8297.31 5.57818e+06 -758690 -2.0673e+06 3392.45 12.0681 17.1901
1010000 FRAC0_S 0 1 38305.6 -7871.68 8066.03 6.76356e+06 21787.4 -1.68675e+06 4454.85 -0.35957 14.2213
1010000 FRAC0_S 0 1 38255 -7632.32 7877.23 8.46951e+06 1.67453e+06 -1.80143e+06 7073.57 -18.2499 11.0123
1010000 FRAC0_S 0 1 38130.6 -7380.02 7749.38 1.02036e+07 2.83028e+06 -1.32851e+06 10226.1 -24.8704 6.93262
1010000 FRAC0_S 0 1 37944.5 -7139.46 7695.01 7.71185e+06 6.41889e+06 -2.72167e+06 9956.33 -43.169 11.7363
1010000 FRAC0_S 0 1 37714.7 -6934.19 7719.44 7.75864e+06 4.55202e+06 227650 7217.43 -41.6005 -1.40532
1010000 FRAC0_S 0 1 37464 -6784.31 7820.28 9.52391e+06 6.67093e+06 1.46684e+06 12334.4 -42.8926 -6.25043
1010000 FRAC0_S 0 1 37214 -6703.99 7989.98 8.62009e+06 5.47431e+06 2.2406e+06 9959.56 -39.0561 -10.0781
1010000 FRAC0_S 0 1 36997.3 -6702.53 8205.18 5.05808e+06 9.73801e+06 1.2485e+06 10937.3 -59.185 -5.86969
Step FractureNumber TipNr TipActive TipX TipY TipZ KI KII KIII G Phi Psi Extension
1010101 FRAC0_S 0 1 36739.3 -6770.37 8408.97 8.17837e+06 -2.89655e+06 3.41491e+06 8258.81 25.189 -16.5498
1010101 FRAC0_S 0 1 36626.9 -6920.23 8680.15 5.68323e+06 -1.22815e+06 3.54251e+06 4681.64 15.4814 -22.6424
1010101 FRAC0_S 0 1 36596.3 -7136.26 8931.7 731446 -1.43746e+06 6.19226e+06 5331.56 21.9999 -39.6666
1010101 FRAC0_S 0 1 36652 -7388.35 9144.39 3.95046e+06 4.05641e+06 6.2687e+06 8083.37 -34.1292 -27.8881
1010101 FRAC0_S 0 1 36797 -7649.19 9303.34 4.58615e+06 1.89624e+06 5.19643e+06 5786.03 -20.8858 -28.1725
1010101 FRAC0_S 0 1 37020.5 -7886.89 9386.52 6.71039e+06 5.5242e+06 120086 6733.83 -48.6038 -0.755034
1010101 FRAC0_S 0 1 37285.1 -8097.78 9370.69 2.86188e+06 -1.90996e+06 5.09296e+06 4504.7 24.4819 -31.4737
1010101 FRAC0_S 0 1 37560.4 -8254.07 9261.6 4.3308e+06 -2.87788e+06 3.58942e+06 4122.92 32.3402 -22.2817
1010101 FRAC0_S 0 1 37836.6 -8317.21 9086.04 6.55133e+06 -682463 1.67243e+06 4238.1 10.3169 -13.4833
1010101 FRAC0_S 0 1 38076.3 -8318.22 8850 7.05346e+06 -4.28832e+06 -592029 6118.66 41.269 3.78832
1010101 FRAC0_S 0 1 38253.5 -8264.51 8570.45 6.77149e+06 -1.04063e+06 -567162 4225.24 16.307 5.12834
1010101 FRAC0_S 0 1 38361.7 -8121.56 8286.32 7.47369e+06 -660266 -1.60521e+06 5358.88 9.16955 11.9595
1010101 FRAC0_S 0 1 38382.2 -7909.57 8022.39 6.27076e+06 187410 -1.15321e+06 3684.03 -3.4047 11.0603
1010101 FRAC0_S 0 1 38311.1 -7660.54 7803.86 9.72247e+06 -310852 -1.76319e+06 8845.33 3.64056 10.9212
1010101 FRAC0_S 0 1 38159.4 -7397.57 7658.54 1.01892e+07 781485 -2.61636e+06 10216.2 -7.82079 13.7963
1010101 FRAC0_S 0 1 37944 -7148.09 7597.88 9.82127e+06 -3.41808e+06 -1.48286e+06 9928.87 28.7307 7.52159
1010101 FRAC0_S 0 1 37691.5 -6931.71 7623.56 1.22465e+07 -2.16152e+06 1.03793e+06 13924.1 18.2209 -5.09239
1010101 FRAC0_S 0 1 37422.9 -6769.75 7731.89 1.18974e+07 -1.75973e+06 2.30626e+06 13596.8 14.5823 -10.58
1010101 FRAC0_S 0 1 37158.1 -6690.01 7910.67 1.10521e+07 -1.66899e+06 3.63935e+06 12894.4 13.5535 -15.718
1010101 FRAC0_S 0 1 36922.5 -6695.57 8143.27 8.44509e+06 -3.22397e+06 3.60965e+06 9014.43 26.4247 -16.5859