
Step FractureNumber TipNr TipActive TipX TipY TipZ KI KII KIII G Phi Psi Extension
1010000 FRAC0_S 0 1 -15000 44049 8233.09 -591985 -2.19674e+06 -1.57047e+06 758.045 52.7742 23.8176
1010000 FRAC0_S 0 1 -15000 44178.1 7952.3 -482840 -1.43705e+06 -1.79524e+06 612.664 43.6799 29.9858
1010000 FRAC0_S 0 1 -15000 44387.6 7725.12 -371572 -527324 -2.26529e+06 707.276 21.3874 38.9278
1010000 FRAC0_S 0 1 -15000 44657 7573.79 -155896 456666 -1.65012e+06 380.727 -25.4042 39.3327
1010000 FRAC0_S 0 1 -15000 44960 7513.12 -220748 1.78235e+06 -2.11396e+06 877.433 -47.4893 31.3499
1010000 FRAC0_S 0 1 -15000 45266.9 7549.06 -97617.9 2.17638e+06 -1.44718e+06 700.625 -57.9363 25.3434
1010000 FRAC0_S 0 1 -15000 45547.7 7678.08 -73864.2 2.68024e+06 -972661 765.968 -64.4801 18.1096
1010000 FRAC0_S 0 1 -15000 45774.9 7887.55 -140133 3.12756e+06 -460011 899.785 -68.1856 9.12293
1010000 FRAC0_S 0 1 -15000 45926.2 8156.97 -221894 3.40683e+06 135508 1036.7 -69.369 -2.76514
1010000 FRAC0_S 0 1 -15000 45986.8 8459.98 -240087 3.02899e+06 711487 884.893 -65.9997 -12.8874
1010000 FRAC0_S 0 1 -15000 45951 8766.91 -427146 2.8839e+06 1.3838e+06 995.801 -59.5848 -20.1235
1010000 FRAC0_S 0 1 -15000 45821.9 9047.7 -486522 2.11075e+06 1.78206e+06 819.385 -51.2159 -26.2758
1010000 FRAC0_S 0 1 -15000 45638.3 9254.46 -656223 1.42451e+06 2.28871e+06 877.501 -38.2022 -31.8023
1010000 FRAC0_S 0 1 -15000 45343 9426.21 -818327 391017 2.51552e+06 855.228 -13.9251 -37.6255
1010000 FRAC0_S 0 1 -15000 45040 9486.88 -978097 -915361 2.31719e+06 788.79 27.1267 -32.9307
1010000 FRAC0_S 0 1 -15000 44733.1 9450.94 -883965 -1.58641e+06 1.88758e+06 698.135 41.6877 -27.5935
1010000 FRAC0_S 0 1 -15000 44452.3 9321.92 -1.07824e+06 -3.02843e+06 1.73056e+06 1215.58 53.7921 -20.2241
1010000 FRAC0_S 0 1 -15000 44225.1 9112.45 -1.09408e+06 -3.73581e+06 964742 1367.43 61.1634 -12.0714
1010000 FRAC0_S 0 1 -15000 44073.8 8843.03 -474204 -2.2696e+06 -798797 543.877 60.9612 15.9099
1010000 FRAC0_S 0 1 -15000 44013.2 8540.02 -943204 -3.46928e+06 -858973 1170.65 61.8185 11.8337
Step FractureNumber TipNr TipActive TipX TipY TipZ KI KII KIII G Phi Psi Extension
1010101 FRAC0_S 0 1 -14920.9 43993.1 8215.38 1.06499e+06 -1.35047e+06 -816853 352.328 46.2733 17.6042
1010101 FRAC0_S 0 1 -14936.5 44119 7909.91 681159 -1.19318e+06 -1.30616e+06 395.114 42.6697 26.4672
1010101 FRAC0_S 0 1 -14975.2 44335.8 7657.4 315201 -659924 -2.0445e+06 603.596 27.253 37.6835
1010101 FRAC0_S 0 1 -15030.7 44626.2 7496.3 423725 435573 -1.5909e+06 369.525 -22.6757 36.7327
1010101 FRAC0_S 0 1 -15068.8 44954.4 7445.41 792810 573196 -865778 184.98 -31.3392 25.2924
1010101 FRAC0_S 0 1 -15083.4 45279.4 7497.66 1.49947e+06 594958 -333868 246.725 -30.0993 10.1004
1010101 FRAC0_S 0 1 -15089.5 45570.5 7641.61 1.46539e+06 437177 -262175 217.525 -25.4185 8.96265
1010101 FRAC0_S 0 1 -15092.4 45803.7 7864.01 1.44518e+06 337057 -37330.9 196.419 -23.5317 1.58639
1010101 FRAC0_S 0 1 -15092.9 45960.2 8144.68 1.0685e+06 258280 129990 109.928 -22.6211 -6.69733
1010101 FRAC0_S 0 1 -15090.7 46027.7 8459.51 1.38249e+06 507956 235733 200.696 -29.4515 -8.24236
1010101 FRAC0_S 0 1 -15085.4 45998.5 8782.01 1.62319e+06 1.1571e+06 752306 429.363 -38.3468 -15.1143
1010101 FRAC0_S 0 1 -15076 45872.3 9083.89 1.38018e+06 1.60129e+06 1.10784e+06 561.47 -44.0877 -18.7091
1010101 FRAC0_S 0 1 -15056.4 45658.2 9337.14 658558 1.41451e+06 1.65482e+06 581.153 -43.0433 -28.1218
1010101 FRAC0_S 0 1 -15016.1 45372.9 9509.37 -180143 404995 2.016e+06 555.163 -20.1009 -40.6306
1010101 FRAC0_S 0 1 -14966.5 45045.2 9572.07 -98708.7 -949779 2.21003e+06 729.989 34.8595 -37.7221
1010101 FRAC0_S 0 1 -14935.2 44715.7 9521.41 647219 -1.97827e+06 1.82261e+06 827.874 48.4184 -26.42
1010101 FRAC0_S 0 1 -14921.2 44421.4 9371.96 1.45023e+06 -1.94218e+06 991633 654.328 48.2834 -15.9545
1010101 FRAC0_S 0 1 -14914.2 44186.6 9143.9 1.1151e+06 -1.0385e+06 -392630 227.409 45.4558 11.243
1010101 FRAC0_S 0 1 -14912.3 44029.8 8859.4 1.12716e+06 -1.00915e+06 -181911 208.363 47.6788 5.91747
1010101 FRAC0_S 0 1 -14914.1 43963.6 8541.1 1.4453e+06 -1.19071e+06 -289121 323.599 45.3898 7.38716