
Step FractureNumber TipNr TipActive TipX TipY TipZ KI KII KIII G Phi Psi Extension
1010000 FRAC0_S 0 1 -7500 36572.7 8159.93 -532720 -3.88617e+06 936602 1462.44 64.7309 -12.6318
1010000 FRAC0_S 0 1 -7500 36723.2 7890.02 1.70888e+06 -3.17216e+06 1.16277e+06 1336.72 54.197 -13.785
1010000 FRAC0_S 0 1 -7500 36949.7 7679.83 2.22503e+06 -3.67533e+06 819025 1734.08 55.6337 -9.01712
1010000 FRAC0_S 0 1 -7500 37230 7549.91 3.43341e+06 -3.29474e+06 190953 2022.62 50.7929 -2.1275
1010000 FRAC0_S 0 1 -7500 37536.8 7513 3.91222e+06 -2.8708e+06 -877080 2200.58 42.6364 8.49835
1010000 FRAC0_S 0 1 -7500 37840 7572.7 3.60986e+06 -697683 -2.00193e+06 1737.6 14.6249 21.4264
1010000 FRAC0_S 0 1 -7500 38109.9 7723.17 1.84702e+06 782909 -1.5792e+06 690.302 -23.6186 24.6192
1010000 FRAC0_S 0 1 -7500 38320.1 7949.68 1.21181e+06 2.06782e+06 -1.48227e+06 804.094 -47.5943 21.0821
1010000 FRAC0_S 0 1 -7500 38450.1 8230.07 -1.48917e+06 8.73416e+06 2.59075e+06 7690.51 -62.9038 -14.4211
1010000 FRAC0_S 0 1 -7500 38487 8536.87 -3.06412e+06 7.60674e+06 159197 5159.5 -63.7993 -1.13943
1010000 FRAC0_S 0 1 -7500 38427.3 8840.07 -3.73742e+06 5.49e+06 1.44501e+06 2963.49 -53.4941 -9.95596
1010000 FRAC0_S 0 1 -7500 38276.8 9109.98 -7.64344e+06 1.31681e+07 6.17582e+06 20524.4 -51.6454 -16.1214
1010000 FRAC0_S 0 1 -7500 38050.3 9320.17 -7.84723e+06 5.78699e+06 5.11535e+06 6464.4 -36.5421 -18.824
1010000 FRAC0_S 0 1 -7500 37770 9450.09 -9.63728e+06 2.53197e+06 6.72099e+06 6579.1 -17.5074 -23.5743
1010000 FRAC0_S 0 1 -7500 37463.2 9487 -8.85711e+06 683034 7.12067e+06 6785.19 -5.62185 -27.3086
1010000 FRAC0_S 0 1 -7500 37160 9427.3 -5.72729e+06 -1.21408e+07 -4.15378e+06 15429.4 55.9071 13.5384
1010000 FRAC0_S 0 1 -7500 36890.1 9276.83 -7.11278e+06 -4.01847e+06 5.6652e+06 5707.52 29.4877 -22.5541
1010000 FRAC0_S 0 1 -7500 36679.9 9050.32 -5.78193e+06 -5.39817e+06 4.28845e+06 5042.66 40.3318 -19.0881
1010000 FRAC0_S 0 1 -7500 36549.9 8769.93 -3.64292e+06 -4.5879e+06 2.37268e+06 2624.39 47.4702 -15.8012
1010000 FRAC0_S 0 1 -7500 36513 8463.13 -1.62823e+06 -4.05694e+06 1.51867e+06 1773.39 56.6422 -14.9769
Step FractureNumber TipNr TipActive TipX TipY TipZ KI KII KIII G Phi Psi Extension
1010101 FRAC0_S 0 1 -7413.63 36527.4 8143.04 -9.53867e+06 9.30634e+06 8.49287e+06 17310.8 -39.5467 -21.0468
1010101 FRAC0_S 0 1 -7416.21 36682.3 7856.57 812232 951177 1.7229e+06 534.204 -32.9859 -30.4875
1010101 FRAC0_S 0 1 -7419.08 36918.2 7632.16 2.53944e+06 1.61711e+06 1.95319e+06 1315.07 -32.151 -21.5629
1010101 FRAC0_S 0 1 -7423.69 37214.3 7489.41 1.46175e+07 -5.67361e+06 7.45034e+06 29291.3 25.7045 -18.5677
1010101 FRAC0_S 0 1 -7440.45 37542.3 7438.33 7.38106e+06 -227387 1.38876e+06 5115.83 3.49352 -11.2534
1010101 FRAC0_S 0 1 -7480.46 37871.5 7490.89 5.40687e+06 -1.0848e+06 -36166.1 2710.1 21.3321 0.431129
1010101 FRAC0_S 0 1 -7532.18 38160.6 7655.04 3.38637e+06 -1.37538e+06 -130927 1192.72 33.8238 2.06363
1010101 FRAC0_S 0 1 -7569.19 38373.2 7909.77 3.54884e+06 1.66204e+06 -629673 1421.17 -34.171 8.02566
1010101 FRAC0_S 0 1 -7585.4 38497 8214.87 -66750.4 -135365 94465.9 2.8197 49.3164 -21.4963
1010101 FRAC0_S 0 1 -7587.21 38534 8539.71 -1.10516e+06 1.50098e+06 -764694 278.533 -48.4604 15.9964
1010101 FRAC0_S 0 1 -7582.23 38478.5 8860.3 2.54228e+06 7.88189e+06 2.35215e+06 6847.66 -59.7272 -13.2415
1010101 FRAC0_S 0 1 -7574.19 38326.4 9150.93 -2.03793e+06 5.95543e+06 73062.6 3161.18 -65.2059 -0.703788
1010101 FRAC0_S 0 1 -7556.89 38091.4 9386.05 -4.09115e+06 7.11568e+06 2.04861e+06 5070.07 -54.982 -11.2666
1010101 FRAC0_S 0 1 -7532.37 37793.2 9537.5 -7.07587e+06 5.58341e+06 3.84754e+06 4746.84 -39.346 -16.388
1010101 FRAC0_S 0 1 -7491.72 37463 9572.81 -7.73839e+06 7.99456e+06 -567625 5738.14 -51.8249 2.67613
1010101 FRAC0_S 0 1 -7448.74 37135.9 9495.59 -5.54028e+06 -5.29905e+06 3.46437e+06 4098.44 42.2582 -16.9558
1010101 FRAC0_S 0 1 -7438.5 36842.5 9334.83 -5.01048e+06 -5.90336e+06 2.47174e+06 3918.01 48.1282 -13.278
1010101 FRAC0_S 0 1 -7436.91 36618.5 9093.28 -2.90479e+06 -4.53286e+06 1.29809e+06 2055.04 53.7971 -10.8618
1010101 FRAC0_S 0 1 -7426.09 36487.8 8789.27 -1.97502e+06 -3.72141e+06 -663582 1292.64 57.9516 7.77901
1010101 FRAC0_S 0 1 -7417.21 36459.2 8463.05 -1.31622e+06 -988355 869369 187.569 36.8078 -18.889