
Step FractureNumber TipNr TipActive TipX TipY TipZ KI KII KIII G Phi Psi Extension
1010000 FRAC0_S 0 1 -29016 30084.9 8500 4.22154e+06 9.55507e+06 8.41318e+06 19137.7 -47.3054 -24.8296
1010000 FRAC0_S 0 1 -29090.4 30384.8 8500 3.79739e+06 4.75144e+06 8.82106e+06 13645.6 -33.0584 -31.1006
1010000 FRAC0_S 0 1 -29264.1 30658.9 8500 2.28832e+06 238783 5.87314e+06 5059.38 -3.92303 -38.4034
1010000 FRAC0_S 0 1 -29490.2 30846 8500 4.02621e+06 -3.7795e+06 8.83026e+06 13087.9 28.1934 -32.1044
1010000 FRAC0_S 0 1 -29776.6 30962.1 8500 3.20101e+06 -6.66628e+06 6.85559e+06 11123.9 44.685 -26.4303
1010000 FRAC0_S 0 1 -30084.9 30984 8500 3.06933e+06 -9.56888e+06 5.14473e+06 12519 55.0649 -19.8039
1010000 FRAC0_S 0 1 -30384.8 30909.6 8500 2.95677e+06 -1.0513e+07 2.78814e+06 11661.7 61.2596 -12.406
1010000 FRAC0_S 0 1 -30647.1 30746.2 8500 3.51345e+06 -1.29776e+07 665010 16166.7 65.8477 -2.97388
1010000 FRAC0_S 0 1 -30846 30509.8 8500 3.01494e+06 -1.14005e+07 -1.94646e+06 12895.7 63.5637 8.81208
1010000 FRAC0_S 0 1 -30962.1 30223.4 8500 2.47259e+06 -7.38283e+06 -3.09093e+06 6672.5 57.0729 16.7414
1010000 FRAC0_S 0 1 -30984 29915.1 8500 3.49322e+06 -8.68877e+06 -6.71598e+06 13813.6 49.5708 23.552
1010000 FRAC0_S 0 1 -30909.6 29615.2 8500 2.79084e+06 -4.09648e+06 -6.40471e+06 7645.13 36.498 29.9222
1010000 FRAC0_S 0 1 -30746.2 29352.9 8500 3.38439e+06 -1.41557e+06 -9.24799e+06 12574.1 13.3966 37.0471
1010000 FRAC0_S 0 1 -30509.8 29154 8500 4.09695e+06 3.54448e+06 -9.75705e+06 15276.8 -25.6161 33.364
1010000 FRAC0_S 0 1 -30223.4 29037.9 8500 3.92434e+06 7.18607e+06 -8.20718e+06 14932.5 -42.3928 27.1821
1010000 FRAC0_S 0 1 -29915.1 29016 8500 3.92352e+06 1.09784e+07 -6.45952e+06 17661.3 -53.4619 20.569
1010000 FRAC0_S 0 1 -29615.2 29090.4 8500 3.58414e+06 1.36671e+07 -3.67385e+06 19584.6 -61.5783 12.6774
1010000 FRAC0_S 0 1 -29352.9 29253.8 8500 3.64841e+06 1.38213e+07 -571579 18252.1 -66.1701 2.43805
1010000 FRAC0_S 0 1 -29154 29490.2 8500 4.12316e+06 1.43388e+07 2.52429e+06 20683.5 -62.9767 -8.90464
1010000 FRAC0_S 0 1 -29037.9 29776.6 8500 2.22653e+06 1.15171e+07 5.46793e+06 16238.2 -58.7713 -19.5268
Step FractureNumber TipNr TipActive TipX TipY TipZ KI KII KIII G Phi Psi Extension
1010101 FRAC0_S 0 1 -28950.3 30093 8428.24 1.24959e+07 2.57352e+06 7.6372e+06 22261.9 -14.9681 -22.5016
1010101 FRAC0_S 0 1 -29016 30418.9 8452.64 8.42919e+06 2.16294e+06 8.44245e+06 16227.8 -15.0047 -28.1037
1010101 FRAC0_S 0 1 -29185.4 30706.8 8494.75 6.54439e+06 227301 8.8722e+06 14290.3 -2.01938 -33.6223
1010101 FRAC0_S 0 1 -29444.7 30917.4 8539.49 6.79159e+06 -1.44747e+06 7.42705e+06 11633.4 12.3377 -29.5616
1010101 FRAC0_S 0 1 -29758.5 31029.8 8567.46 8.93475e+06 -2.68258e+06 6.53866e+06 13441.2 19.1571 -23.8107
1010101 FRAC0_S 0 1 -30088 31041 8580.49 1.15957e+07 -2.71194e+06 4.77952e+06 15675.4 18.4783 -17.4624
1010101 FRAC0_S 0 1 -30402 30953.8 8587.14 1.38411e+07 -2.19031e+06 2.00983e+06 18036.2 15.965 -8.27977
1010101 FRAC0_S 0 1 -30674.6 30778.5 8589.93 1.37913e+07 -1.97762e+06 126068 17299.3 16.3349 -0.616568
1010101 FRAC0_S 0 1 -30885 30532 8588.57 1.13607e+07 -2.05175e+06 -1.45285e+06 12156.9 17.9897 7.30804
1010101 FRAC0_S 0 1 -31014.3 30233.9 8583.39 1.37786e+07 -3.05656e+06 -4.37357e+06 20294.1 18.7226 14.6815
1010101 FRAC0_S 0 1 -31048.1 29907.6 8573.92 1.02784e+07 -2.65236e+06 -5.78966e+06 14499.2 18.4304 20.9667
1010101 FRAC0_S 0 1 -30981.2 29582.2 8554.56 8.12621e+06 -2.11582e+06 -7.68917e+06 14146.7 15.5449 27.3795
1010101 FRAC0_S 0 1 -30813.2 29293.9 8515.64 5.87352e+06 -566982 -7.68439e+06 10956.4 5.50689 32.6674
1010101 FRAC0_S 0 1 -30555.6 29081.5 8467.32 7.46763e+06 1.17905e+06 -8.83365e+06 15471.6 -9.12453 30.9897
1010101 FRAC0_S 0 1 -30242.1 28967.8 8435.4 9.5615e+06 2.1352e+06 -7.78847e+06 16620.7 -14.5008 25.9052
1010101 FRAC0_S 0 1 -29912.2 28957.4 8420.99 1.36799e+07 2.44356e+06 -6.1738e+06 22277.4 -14.5019 19.0672
1010101 FRAC0_S 0 1 -29598 29046 8413.07 1.49332e+07 1.92364e+06 -3.13994e+06 21512.6 -12.8199 11.4341
1010101 FRAC0_S 0 1 -29325.3 29221.7 8410 1.75493e+07 1.47635e+06 -168826 27641.8 -10.3541 0.683502
1010101 FRAC0_S 0 1 -29115.4 29468 8411.21 1.21443e+07 811721 1.7801e+06 13622.5 -7.49931 -8.9407
1010101 FRAC0_S 0 1 -28986.1 29766.3 8416.6 1.32591e+07 1.79474e+06 4.61267e+06 18782.7 -12.1932 -16.4791