
Step FractureNumber TipNr TipActive TipX TipY TipZ KI KII KIII G Phi Psi Extension
1010000 FRAC0_S 0 1 167.108 -29026.6 8500 384609 32339.3 -15970.4 13.3087 -10.0675 2.83252
1010000 FRAC0_S 0 1 -141.884 -29022.6 8500 474141 153408 -26620.3 22.2242 -28.9815 3.11943
1010000 FRAC0_S 0 1 -436.986 -29114.3 8500 90511 -115958 -36117.2 2.10171 50.9267 10.8814
1010000 FRAC0_S 0 1 -698.651 -29301.7 8500 -5.41858e+06 -847300 -310862 76.8261 16.8747 3.61309
1010000 FRAC0_S 0 1 -874.166 -29540.2 8500 365742 26322.9 -75053.1 12.7309 -7.66696 11.6806
1010000 FRAC0_S 0 1 -973.449 -29832.9 8500 460296 76172.5 -72383 20.0938 -16.4195 8.80659
1010000 FRAC0_S 0 1 -977.444 -30141.9 8500 493792 99987 -107480 24.155 -18.5384 11.1797
1010000 FRAC0_S 0 1 -885.76 -30437 8500 369117 155083 -93739.9 15.4528 -30.7265 11.073
1010000 FRAC0_S 0 1 -707.371 -30689.4 8500 280702 154492 -66040.1 9.72822 -36.5011 9.70403
1010000 FRAC0_S 0 1 -459.741 -30874.2 8500 378771 227667 -37102.1 17.5862 -40.7673 4.38725
1010000 FRAC0_S 0 1 -167.108 -30973.4 8500 503093 242734 23597.4 27.8784 -37.1998 -2.36114
1010000 FRAC0_S 0 1 141.884 -30977.4 8500 100081 185400 3145.56 3.95684 -61.0462 -0.846154
1010000 FRAC0_S 0 1 436.986 -30885.7 8500 406958 242571 67179.2 20.6015 -39.3648 -7.02124
1010000 FRAC0_S 0 1 689.314 -30707.4 8500 248976 87726.4 38101.9 6.40271 -28.9334 -7.58829
1010000 FRAC0_S 0 1 874.166 -30459.8 8500 361639 120291 106597 14.4547 -25.6906 -13.0452
1010000 FRAC0_S 0 1 973.449 -30167.1 8500 382091 50608 100284 14.5752 -12.6622 -13.5079
1010000 FRAC0_S 0 1 977.444 -29858.1 8500 349498 18505.9 44655 11.1804 -6.1376 -8.05416
1010000 FRAC0_S 0 1 885.76 -29563 8500 -460951 -20224.6 169087 3.83896 4.28659 -18.0509
1010000 FRAC0_S 0 1 707.371 -29310.6 8500 259483 -3337.76 1378.86 6.00114 1.75752 -0.406184
1010000 FRAC0_S 0 1 459.741 -29125.8 8500 394946 35239 -25786.7 14.0987 -10.4016 4.30561
Step FractureNumber TipNr TipActive TipX TipY TipZ KI KII KIII G Phi Psi Extension
1010101 FRAC0_S 0 1 183.741 -28934.6 8474.63 166504 -721096 67125.1 49.4051 65.8082 -5.32092
1010101 FRAC0_S 0 1 -150.974 -28940.9 8490.81 4.80327e+06 -203922 -770431 2138.54 4.85411 9.8143
1010101 FRAC0_S 0 1 -470.767 -29047.2 8533.96 -89492.3 775359 132903 55.9205 -66.5222 -9.80427
1010101 FRAC0_S 0 1 -751.607 -29232.7 8530.59 -44984.1 834950 436846 87.5033 -60.6274 -22.2448
1010101 FRAC0_S 0 1 -958.355 -29496 8493.52 -533039 136844 445739 28.0936 -16.1194 -25.8964
1010101 FRAC0_S 0 1 -1066.1 -29816.7 8474.58 285296 -304084 407964 37.6286 36.1779 -26.3843
1010101 FRAC0_S 0 1 -1067.26 -30154.2 8464.27 492390 -1.18953e+06 1.726e+06 543.909 40.3384 -31.0396
1010101 FRAC0_S 0 1 -962.154 -30473.4 8451.63 -536636 -1.07074e+06 1.06855e+06 254.024 44.8115 -25.8849
1010101 FRAC0_S 0 1 -768.805 -30739.1 8441.29 -727330 -1.38326e+06 853838 267.466 50.0853 -19.7285
1010101 FRAC0_S 0 1 -495.13 -30941.3 8437.36 -1.11096e+06 -1.92367e+06 703944 395.658 53.5034 -13.5168
1010101 FRAC0_S 0 1 -180.921 -31041.5 8431.57 -1.74767e+06 -2.26392e+06 266772 466.183 54.4814 -4.73529
1010101 FRAC0_S 0 1 150.543 -31038.3 8425.28 -2.45149e+06 -2.25629e+06 -233923 460.921 49.3287 3.61831
1010101 FRAC0_S 0 1 471.097 -30948.1 8434.32 -1.58413e+06 -2.08826e+06 -773895 468.249 50.3121 12.5765
1010101 FRAC0_S 0 1 748.344 -30766.5 8449.11 -568724 -1.50227e+06 -787633 283.614 54.2409 18.986
1010101 FRAC0_S 0 1 953.355 -30500.5 8460.74 -17903.7 -862780 -591816 112.915 57.9981 26.0186
1010101 FRAC0_S 0 1 1066.06 -30182.3 8475.52 238766 -429470 -462711 49.9915 43.0697 26.3887
1010101 FRAC0_S 0 1 1073.04 -29844.1 8491.04 426834 -171351 -107401 20.3852 29.8705 11.1082
1010101 FRAC0_S 0 1 972.968 -29519.9 8501.83 269703 -206022 347063 26.2844 30.6664 -27.0299
1010101 FRAC0_S 0 1 776.968 -29243 8498.89 -7.53326e+06 -738498 586889 94.4091 11.1846 -5.02269
1010101 FRAC0_S 0 1 504.693 -29040.6 8487.37 963543 1.22962e+06 -285380 228.294 -52.2263 8.54345