
Step FractureNumber TipNr TipActive TipX TipY TipZ KI KII KIII G Phi Psi Extension
1010000 FRAC0_S 0 1 -30000 -29019.2 8617.02 -1.12843e+07 -8.2839e+06 3.44874e+06 7696.87 41.3195 -10.9463
1010000 FRAC0_S 0 1 -30000 -29103.5 8914.36 -9.89379e+06 -8.18966e+06 687164 6039.45 47.7571 -2.81124
1010000 FRAC0_S 0 1 -30000 -29275.4 9171.13 -1.35738e+07 -1.1011e+07 -1.77888e+06 11224.7 46.2613 5.1128
1010000 FRAC0_S 0 1 -30000 -29518.2 9362.22 -1.4321e+07 -9.65169e+06 -4.28267e+06 10740.4 39.6545 11.0643
1010000 FRAC0_S 0 1 -30000 -29808.3 9468.89 -1.21743e+07 -5.84728e+06 -5.36318e+06 6872.31 30.63 16.1532
1010000 FRAC0_S 0 1 -30000 -30117.1 9480.74 -1.32159e+07 -3.06683e+06 -7.3049e+06 7935.2 17.0193 20.991
1010000 FRAC0_S 0 1 -30000 -30414.4 9396.57 -1.58783e+07 431094 -8.56295e+06 9768.66 -2.40549 22.9422
1010000 FRAC0_S 0 1 -30000 -30671.2 9224.65 -1.12798e+07 1.45015e+06 -6.02434e+06 5014.31 -10.4068 21.6504
1010000 FRAC0_S 0 1 -30000 -30862.2 8981.79 -1.256e+07 5.0255e+06 -6.40858e+06 7712.82 -26.2518 18.4789
1010000 FRAC0_S 0 1 -30000 -30968.9 8691.77 -1.06304e+07 6.07715e+06 -4.60281e+06 6108.72 -34.2317 15.3077
1010000 FRAC0_S 0 1 -30000 -30980.8 8382.98 -9.80342e+06 7.22229e+06 -3.31406e+06 6108.85 -40.8857 11.8329
1010000 FRAC0_S 0 1 -30000 -30896.5 8085.64 -9.21086e+06 8.0838e+06 -1.99716e+06 6353.64 -46.373 7.72119
1010000 FRAC0_S 0 1 -30000 -30724.6 7828.87 -5.85678e+06 5.81484e+06 -560723 3054.83 -50.7331 3.50613
1010000 FRAC0_S 0 1 -30000 -30481.8 7637.78 -8.00372e+06 8.34238e+06 883120 6305.37 -51.3765 -3.91135
1010000 FRAC0_S 0 1 -30000 -30191.7 7531.11 -4.42048e+06 5.04074e+06 105338 2265.68 -54.3332 -0.854859
1010000 FRAC0_S 0 1 -30000 -29882.9 7519.26 -6.959e+06 5.52556e+06 3.42679e+06 4282.49 -40.1762 -15.268
1010000 FRAC0_S 0 1 -30000 -29585.6 7603.43 -7.83571e+06 2.62111e+06 5.12873e+06 4110.62 -21.5647 -22.094
1010000 FRAC0_S 0 1 -30000 -29328.8 7775.35 -6.81193e+06 969517 4.35127e+06 2601.92 -10.7403 -23.7293
1010000 FRAC0_S 0 1 -30000 -29137.8 8018.21 -9.06294e+06 -2.03022e+06 6.00744e+06 5167.17 15.6345 -23.3288
1010000 FRAC0_S 0 1 -30000 -29031.1 8308.23 -1.01771e+07 -6.2071e+06 4.65242e+06 6312.02 35.2143 -15.6363
Step FractureNumber TipNr TipActive TipX TipY TipZ KI KII KIII G Phi Psi Extension
1010101 FRAC0_S 0 1 -29934.1 -28946.7 8624.56 -2.60398e+06 -1.20535e+07 3.04864e+06 14182.6 62.8657 -12.4517
1010101 FRAC0_S 0 1 -29928.5 -29041.6 8942.43 -1.33709e+06 -1.33816e+07 1.18312e+06 16143 68.2418 -5.62063
1010101 FRAC0_S 0 1 -29929.5 -29225.3 9218.47 -1.59929e+06 -1.19258e+07 -972294 12799.3 67.7975 5.08279
1010101 FRAC0_S 0 1 -29937.3 -29482.6 9428.67 -4.87439e+06 -1.57408e+07 -4.13211e+06 24350 60.7284 12.1038
1010101 FRAC0_S 0 1 -29951.2 -29793.3 9551.63 -7.36281e+06 -1.04473e+07 -5.1936e+06 13313.5 49.1439 15.9281
1010101 FRAC0_S 0 1 -29973.7 -30129 9571.98 -1.106e+07 -6.33954e+06 -7.25972e+06 10590.9 31.3655 20.1031
1010101 FRAC0_S 0 1 -29999.3 -30454.8 9483.7 -1.35593e+07 -430609 -8.06528e+06 8668.01 2.7067 24.1105
1010101 FRAC0_S 0 1 -30021.1 -30734.6 9294.34 -1.0087e+07 4.03332e+06 -6.06948e+06 6349.15 -25.1743 20.4662
1010101 FRAC0_S 0 1 -30040.7 -30938.3 9025.71 -7.99311e+06 9.96018e+06 -6.00519e+06 13636.5 -46.1037 17.4774
1010101 FRAC0_S 0 1 -30055.6 -31047.8 8708.49 -4.62021e+06 6.60059e+06 -3.49466e+06 5506.61 -48.7131 16.6625
1010101 FRAC0_S 0 1 -30064.9 -31054.2 8375.28 -2.69105e+06 9.64887e+06 -3.18029e+06 9641.4 -59.9821 14.5976
1010101 FRAC0_S 0 1 -30071.9 -30958.3 8058.17 -792132 1.07267e+07 -2.04274e+06 10808.3 -66.9413 11.0001
1010101 FRAC0_S 0 1 -30076.4 -30771.2 7786.5 492945 8.73215e+06 -874243 6917.98 -68.7172 6.50474
1010101 FRAC0_S 0 1 -30078.8 -30511.5 7585.49 1.08626e+06 8.09132e+06 117963 5940.99 -68.8252 -0.984527
1010101 FRAC0_S 0 1 -30076.3 -30202.8 7469.92 802224 7.44905e+06 1.16879e+06 5183.6 -66.9354 -9.16982
1010101 FRAC0_S 0 1 -30061.8 -29871.5 7445.93 -1.65564e+06 7.39739e+06 3.19993e+06 6238.07 -59.0075 -18.1195
1010101 FRAC0_S 0 1 -30039.2 -29547.2 7524.23 -3.8312e+06 6.21046e+06 4.29348e+06 5888.68 -47.5143 -20.4013
1010101 FRAC0_S 0 1 -30011.8 -29264.7 7706.47 -6.20629e+06 2.38116e+06 5.46304e+06 4474.61 -21.7156 -25.3387
1010101 FRAC0_S 0 1 -29976.8 -29059 7972.74 -5.01967e+06 -619505 4.86427e+06 3181.13 8.01385 -29.0451
1010101 FRAC0_S 0 1 -29947.9 -28951.4 8290.78 -4.66338e+06 -8.58375e+06 4.94964e+06 9824.05 50.4643 -18.7749