
Step FractureNumber TipNr TipActive TipX TipY TipZ KI KII KIII G Phi Psi Extension
1010000 FRAC0_S 0 1 29487.9 844.559 8500 720139 -4.31759e+06 3.30102e+06 3156.63 53.7221 -25.7061
1010000 FRAC0_S 0 1 29251.9 644.975 8500 1.7415e+06 -6.15219e+06 1.06863e+06 3794.9 63.1181 -8.83125
1010000 FRAC0_S 0 1 29089.2 382.257 8500 717156 -6.32976e+06 870363 3716.85 67.1856 -8.17589
1010000 FRAC0_S 0 1 29015.7 82.121 8500 764639 -6.56869e+06 -587157 3942.84 67.961 5.6009
1010000 FRAC0_S 0 1 29038.5 -226.054 8500 768138 -6.49213e+06 -2.0763e+06 4381.73 63.503 15.7139
1010000 FRAC0_S 0 1 29155.4 -512.101 8500 657133 -5.05066e+06 -3.49586e+06 3936.99 55.7472 24.866
1010000 FRAC0_S 0 1 29355 -748.021 8500 2.76594e+07 -1.22007e+06 -3.79934e+06 70225.5 5.12934 8.62246
1010000 FRAC0_S 0 1 29617.7 -910.718 8500 6.15813e+06 -166589 -4.40661e+06 5964.37 2.15644 26.4648
1010000 FRAC0_S 0 1 29917.9 -984.268 8500 788531 829692 -4.72504e+06 3086.11 -17.1143 39.791
1010000 FRAC0_S 0 1 30226 -961.471 8500 853513 3.34942e+06 -4.71159e+06 4017.08 -42.7197 32.007
1010000 FRAC0_S 0 1 30512.1 -844.559 8500 1.92513e+07 5.49859e+06 -2.50507e+06 36554.1 -25.3954 6.89038
1010000 FRAC0_S 0 1 30748.1 -644.975 8500 -930478 4.96215e+06 -2.98918e+06 3382.54 -56.367 22.5132
1010000 FRAC0_S 0 1 30910.8 -382.257 8500 793133 7.1133e+06 -959211 4687.31 -67.2653 8.05285
1010000 FRAC0_S 0 1 30984.3 -82.121 8500 1.55549e+06 7.44405e+06 642136 5208.38 -66.3634 -5.04843
1010000 FRAC0_S 0 1 30961.5 226.054 8500 -2.23333e+07 7.3926e+06 499747 4903.13 -30.0539 -1.28062
1010000 FRAC0_S 0 1 30844.6 512.101 8500 619453 5.86357e+06 3.58366e+06 4806 -57.797 -23.5853
1010000 FRAC0_S 0 1 30645 748.021 8500 735796 3.50878e+06 4.21157e+06 3504.39 -46.0392 -30.6621
1010000 FRAC0_S 0 1 30382.3 910.718 8500 774997 1.46966e+06 4.67761e+06 3156.03 -26.568 -37.6389
1010000 FRAC0_S 0 1 30082.1 984.268 8500 772556 -703215 4.69899e+06 3033.96 15.0361 -40.247
1010000 FRAC0_S 0 1 29774 961.471 8500 657019 -3.01307e+06 4.46147e+06 3494.79 42.2646 -32.8616
Step FractureNumber TipNr TipActive TipX TipY TipZ KI KII KIII G Phi Psi Extension
1010101 FRAC0_S 0 1 29459.8 895.249 8579.42 4.84303e+06 -1.65144e+06 2.4212e+06 3112.77 23.5304 -18.7485
1010101 FRAC0_S 0 1 29218.3 676.139 8587.79 5.81166e+06 -1.32748e+06 1.06038e+06 3316.31 20.8309 -9.53522
1010101 FRAC0_S 0 1 29053.5 397.922 8591.56 5.62567e+06 -762173 -329112 2886.34 14.9845 3.74255
1010101 FRAC0_S 0 1 28977.2 84.8797 8591.76 5.86544e+06 -361087 -1.63044e+06 3430.87 6.28621 14.7651
1010101 FRAC0_S 0 1 28995.4 -237.675 8588.58 4.39424e+06 -347039 -2.24385e+06 2401.03 6.78277 21.6509
1010101 FRAC0_S 0 1 29104.3 -548.103 8565.94 -2.53899e+06 2.38297e+06 -553728 546.795 -47.6693 7.55027
1010101 FRAC0_S 0 1 29296.7 -812.047 8526.75 -1.57641e+07 -4.24899e+06 -2.78454e+06 2640.02 23.6614 9.03472
1010101 FRAC0_S 0 1 29580.1 -999.455 8496.76 1.67673e+06 -916435 -4.5922e+06 3130.11 16.7172 36.3712
1010101 FRAC0_S 0 1 29908.5 -1072.8 8469.27 2.46463e+06 796287 -4.67298e+06 3502.07 -13.346 34.4932
1010101 FRAC0_S 0 1 30244.2 -1040.35 8448.01 3.29808e+06 2.19692e+06 -4.30784e+06 3867.51 -27.8597 27.9042
1010101 FRAC0_S 0 1 30550.3 -910.104 8440.79 5.20696e+06 3.31754e+06 -3.10781e+06 4681.32 -34.2343 18.4837
1010101 FRAC0_S 0 1 30789.7 -686.111 8424.59 6.12975e+06 2.30505e+06 -635444 3875.38 -31.0578 5.30256
1010101 FRAC0_S 0 1 30949.1 -399.611 8410.17 6.02765e+06 867476 544545 3344.09 -15.3725 -5.53239
1010101 FRAC0_S 0 1 31034.2 -82.5744 8418.61 3.25969e+06 -3.01124e+06 1.60399e+06 2097.03 43.2985 -14.5182
1010101 FRAC0_S 0 1 31025 242.034 8430.9 2.06111e+07 1.81825e+06 3.5295e+06 39806.8 -9.46268 -9.99523
1010101 FRAC0_S 0 1 30899.7 544.012 8427.18 3.33752e+06 1.25311e+06 2.8642e+06 2223.61 -21.5552 -25.0969
1010101 FRAC0_S 0 1 30687.7 801.832 8431.67 3.0317e+06 307636 3.22755e+06 2212.94 -6.4049 -30.3646
1010101 FRAC0_S 0 1 30412.9 989.158 8466.13 2.2964e+06 137279 3.55974e+06 2156.95 -3.16996 -34.6861
1010101 FRAC0_S 0 1 30090.5 1071.02 8518.61 2.71249e+06 -892574 4.31565e+06 3203.74 14.8875 -32.7021
1010101 FRAC0_S 0 1 29759.8 1034.2 8560.27 4.41002e+06 -1.44752e+06 4.17353e+06 4236.39 18.7449 -26.7402