
Step FractureNumber TipNr TipActive TipX TipY TipZ KI KII KIII G Phi Psi Extension
1010000 FRAC0_S 0 1 802.035 29671.9 8026.05 989336 1.72918e+06 240810 361.378 -57.9045 -6.12859
1010000 FRAC0_S 0 1 736.756 29915.6 7847.62 968844 1.46982e+06 571976 319.666 -51.6648 -13.6277
1010000 FRAC0_S 0 1 599.358 30167.6 7733.05 1.23562e+06 1.3408e+06 687911 359.184 -45.6943 -14.9719
1010000 FRAC0_S 0 1 403.291 30403.1 7693.56 1.11136e+06 853661 1.41501e+06 441.299 -30.8934 -26.8703
1010000 FRAC0_S 0 1 167.748 30599.2 7733 1.36208e+06 352632 1.64615e+06 536.806 -13.9186 -30.2876
1010000 FRAC0_S 0 1 -84.2162 30736.7 7847.53 1.22004e+06 -412335 1.50721e+06 449.926 17.1794 -29.8399
1010000 FRAC0_S 0 1 -327.937 30802 8025.92 1.03894e+06 -913435 1.16872e+06 352.203 34.9773 -24.5805
1010000 FRAC0_S 0 1 -539.557 30788.8 8250.72 1.12645e+06 -1.81692e+06 1.02834e+06 547.888 49.396 -17.9832
1010000 FRAC0_S 0 1 -698.361 30698.4 8499.92 1.21208e+06 -2.04029e+06 671719 561.871 53.8679 -12.3849
1010000 FRAC0_S 0 1 -788.805 30539.7 8749.13 1.26346e+06 -2.38764e+06 253606 658.804 59.4335 -4.92681
1010000 FRAC0_S 0 1 -802.969 30336.3 8966.71 1.2527e+06 -2.44912e+06 -267242 683.834 59.7346 5.10223
1010000 FRAC0_S 0 1 -736.756 30084.4 9152.38 1.1764e+06 -1.99158e+06 -733666 548.357 53.2236 13.5003
1010000 FRAC0_S 0 1 -599.358 29832.4 9266.95 1.21082e+06 -1.70938e+06 -1.18685e+06 578.364 46.1429 19.7845
1010000 FRAC0_S 0 1 -403.291 29596.9 9306.44 1.25208e+06 -1.01173e+06 -1.45052e+06 510.742 32.9405 25.4279
1010000 FRAC0_S 0 1 -167.748 29400.8 9267 839722 -38687.2 -1.36626e+06 311.235 2.39213 35.2504
1010000 FRAC0_S 0 1 84.2162 29263.3 9152.47 1.21162e+06 416029 -1.50831e+06 448.812 -17.341 29.8818
1010000 FRAC0_S 0 1 327.937 29198 8974.08 1.217e+06 1.07452e+06 -1.34093e+06 474.011 -35.2883 24.2968
1010000 FRAC0_S 0 1 539.557 29211.2 8749.28 1.11331e+06 1.73547e+06 -969828 503.929 -49.1683 17.6814
1010000 FRAC0_S 0 1 698.361 29301.6 8500.08 1.369e+06 1.36637e+06 -748896 407.965 -44.1367 15.2405
1010000 FRAC0_S 0 1 788.805 29460.3 8250.87 1.25333e+06 2.2372e+06 -179014 590.239 -59.3348 3.7266
Step FractureNumber TipNr TipActive TipX TipY TipZ KI KII KIII G Phi Psi Extension
1010101 FRAC0_S 0 1 797.165 29606.6 7951.65 2.57753e+06 -42588.9 89136.6 593.237 2.18347 -2.53053
1010101 FRAC0_S 0 1 736.072 29866.3 7762 2.0808e+06 127955 526784 424.188 -6.39536 -13.7967
1010101 FRAC0_S 0 1 601.487 30141.5 7638.78 2.15899e+06 140923 1.03568e+06 559.792 -5.78982 -21.0371
1010101 FRAC0_S 0 1 406.906 30409.8 7597.5 2.04578e+06 217173 796543 461.535 -9.58495 -18.0705
1010101 FRAC0_S 0 1 172.622 30645.2 7651.93 1.74981e+06 142846 1.47908e+06 565.619 -5.80557 -27.8661
1010101 FRAC0_S 0 1 -77.6408 30817 7800.62 1.74244e+06 -51930.2 1.65876e+06 636.733 2.08957 -29.8536
1010101 FRAC0_S 0 1 -320.695 30897.9 8018.14 2.01744e+06 -37135.4 1.35956e+06 608.646 1.51449 -25.8278
1010101 FRAC0_S 0 1 -532.709 30883.8 8274.52 2.41174e+06 -31471 1.14985e+06 694.242 1.22086 -21.582
1010101 FRAC0_S 0 1 -691.547 30785.9 8545.72 2.43253e+06 -15375.7 716303 595.543 0.678642 -15.9663
1010101 FRAC0_S 0 1 -780.786 30617.1 8810.57 2.75128e+06 -34979.1 289021 685.743 1.58334 -7.03911
1010101 FRAC0_S 0 1 -794.895 30393.6 9048.05 3.04389e+06 112704 -93674.1 827.929 -4.77038 2.22058
1010101 FRAC0_S 0 1 -733.832 30134.2 9237.64 3.26121e+06 88785.5 -539195 987.096 -3.15955 10.1796
1010101 FRAC0_S 0 1 -599.887 29859.5 9361.1 2.26144e+06 -182101 -1.05306e+06 606.164 7.10126 20.4979
1010101 FRAC0_S 0 1 -408.471 29588.3 9400.26 1.97239e+06 -311526 -1.27636e+06 571.984 11.7141 23.7217
1010101 FRAC0_S 0 1 -178.013 29348.9 9343.44 1.67525e+06 -280646 -1.31613e+06 487.485 11.493 26.0353
1010101 FRAC0_S 0 1 74.4791 29179.7 9196.86 1.31361e+06 -75248.2 -1.18336e+06 340.516 4.03568 28.8999
1010101 FRAC0_S 0 1 320.552 29102.1 8981.67 1.84386e+06 293410 -1.27065e+06 525.364 -11.5347 24.4949
1010101 FRAC0_S 0 1 536.645 29115.6 8727.1 2.10442e+06 105072 -1.08531e+06 552.277 -4.39345 22.1126
1010101 FRAC0_S 0 1 699.407 29212.8 8457.56 2.37076e+06 196306 -682778 566.28 -8.20127 14.9308
1010101 FRAC0_S 0 1 785.534 29382.2 8190.95 2.58138e+06 73188 -230965 601.36 -3.50589 6.03188