
Step FractureNumber TipNr TipActive TipX TipY TipZ KI KII KIII G Phi Psi Extension
1010000 FRAC0_S 0 1 -29085.3 15372.6 8500 6.24188e+06 -7.13076e+06 -4.17936e+06 10326 45.3235 16.7018
1010000 FRAC0_S 0 1 -29245.2 15637 8500 914755 -3.684e+06 -4.37654e+06 3831.45 45.671 30.1879
1010000 FRAC0_S 0 1 -29479 15839.1 8500 1.12374e+06 -1.8707e+06 -7.85571e+06 8632.1 22.0569 39.1748
1010000 FRAC0_S 0 1 -29763.8 15959 8500 1.2021e+06 1.03981e+06 -6.85024e+06 6466.24 -15.0954 40.0347
1010000 FRAC0_S 0 1 -30071.7 15985.1 8500 1.79539e+06 4.38484e+06 -6.56037e+06 7724.65 -39.8915 31.414
1010000 FRAC0_S 0 1 -30372.6 15914.7 8500 1.23295e+06 6.82077e+06 -5.17313e+06 7840.37 -53.5801 25.4586
1010000 FRAC0_S 0 1 -30637 15754.8 8500 2.06593e+07 6.69777e+06 -3.48987e+06 43650.1 -27.0979 8.40214
1010000 FRAC0_S 0 1 -30839.1 15521 8500 2.13371e+06 1.17126e+07 -1.64215e+06 12988.9 -65.8398 7.89891
1010000 FRAC0_S 0 1 -30959 15236.2 8500 1.2126e+07 8.15607e+06 -255368 19039.2 -44.5585 0.964771
1010000 FRAC0_S 0 1 -30985 14928.3 8500 1.07876e+06 1.09516e+07 3.51732e+06 12436.8 -63.883 -15.9569
1010000 FRAC0_S 0 1 -30914.7 14627.4 8500 -1.60167e+07 7.36389e+06 5.17049e+06 8387.78 -31.4522 -13.0432
1010000 FRAC0_S 0 1 -30754.8 14363 8500 974480 3.77176e+06 4.53387e+06 4086.26 -45.3377 -30.2308
1010000 FRAC0_S 0 1 -30521 14160.9 8500 -1.48904e+07 1.19338e+06 7.07378e+06 6782.01 -7.02874 -20.7469
1010000 FRAC0_S 0 1 -30236.2 14041 8500 -1.43251e+07 -823497 6.3115e+06 5358.49 5.2692 -20.0857
1010000 FRAC0_S 0 1 -29928.3 14014.9 8500 1.58537e+06 -4.11722e+06 6.89515e+06 8057.76 38.2782 -32.806
1010000 FRAC0_S 0 1 -29627.4 14085.3 8500 967337 -5.67932e+06 4.52418e+06 5679.87 53.0835 -26.1771
1010000 FRAC0_S 0 1 -29363 14245.2 8500 944201 -6.48412e+06 2.71018e+06 4802.87 60.9055 -18.4925
1010000 FRAC0_S 0 1 -29160.9 14479 8500 1.56159e+06 -1.00455e+07 1.48258e+06 9501.88 66.214 -8.41121
1010000 FRAC0_S 0 1 -29034.9 14788.6 8500 1.09555e+06 -9.56053e+06 -561662 8293.9 68.4723 3.82266
1010000 FRAC0_S 0 1 -29015 15071.7 8500 1.15271e+06 -8.90794e+06 -2.61699e+06 8100.28 63.8108 14.695
Step FractureNumber TipNr TipActive TipX TipY TipZ KI KII KIII G Phi Psi Extension
1010101 FRAC0_S 0 1 -29028.4 15397.9 8575.87 6.88667e+06 -2.18662e+06 -3.3072e+06 6106.91 22.543 18.4813
1010101 FRAC0_S 0 1 -29190.1 15685.9 8562.93 9.80252e+06 5.62111e+06 -1.50153e+06 11678 -38.7751 6.66011
1010101 FRAC0_S 0 1 -29429.9 15909.5 8531.11 -3.24309e+06 -2.57864e+06 -1.30689e+06 819.682 41.4829 13.1906
1010101 FRAC0_S 0 1 -29741.4 16044.7 8480.33 3.35321e+06 363628 -5.45252e+06 4967.83 -5.44187 34.7135
1010101 FRAC0_S 0 1 -30074.3 16060.5 8441.31 4.29915e+06 1.0216e+06 -4.84376e+06 4860.45 -13.3638 29.676
1010101 FRAC0_S 0 1 -30399.5 15978.4 8432.35 5.31994e+06 2.47542e+06 -4.3375e+06 5570.27 -25.6497 23.6674
1010101 FRAC0_S 0 1 -30680.1 15807.9 8434.3 6.92557e+06 3.59161e+06 -2.88952e+06 6533.98 -32.4817 15.2783
1010101 FRAC0_S 0 1 -30888.2 15553.1 8425.45 -3.12493e+06 7.82577e+06 -1.50743e+06 5759.56 -60.3217 8.95484
1010101 FRAC0_S 0 1 -31013.3 15249.3 8419.66 5.89981e+06 1.83577e+06 -48861.7 3402.35 -29.1226 0.488293
1010101 FRAC0_S 0 1 -31044.1 14922.9 8424.52 7.9788e+06 1.57204e+06 1.39408e+06 6151.55 -18.6643 -9.39969
1010101 FRAC0_S 0 1 -30978.6 14599.2 8433.68 6.46822e+06 3.17974e+06 3.43399e+06 6197.51 -29.8933 -18.201
1010101 FRAC0_S 0 1 -30814.5 14311.1 8448.33 6.15397e+06 4.86756e+06 7.95349e+06 13899.3 -31.3071 -26.8963
1010101 FRAC0_S 0 1 -30566.5 14083.2 8478.4 3.61851e+06 1.80939e+06 7.84569e+06 9645.31 -17.7834 -34.5747
1010101 FRAC0_S 0 1 -30259.8 13952 8517.02 2.41555e+06 -140786 4.76426e+06 3540.58 2.66652 -36.7856
1010101 FRAC0_S 0 1 -29925.7 13937.7 8553.26 4.37494e+06 -1.24865e+06 5.07241e+06 5266.51 15.3896 -29.5686
1010101 FRAC0_S 0 1 -29606.8 14028.6 8577.31 5.33041e+06 -1.23112e+06 3.48959e+06 4286.54 16.0978 -23.1026
1010101 FRAC0_S 0 1 -29333 14207.4 8586.56 1.43636e+07 -5.3404e+06 4.30512e+06 23391 27.6772 -12.9253
1010101 FRAC0_S 0 1 -29127 14456.9 8590.85 7.54323e+06 -512962 1.34602e+06 5334.79 7.42971 -10.4902
1010101 FRAC0_S 0 1 -29003.5 14754.9 8591.82 9.97507e+06 -2.75571e+06 -521746 9579.52 26.0847 3.01968
1010101 FRAC0_S 0 1 -28967.7 15077.7 8585.9 6.88549e+06 -557535 -1.00139e+06 4385.77 8.93824 8.78567