
Step FractureNumber TipNr TipActive TipX TipY TipZ KI KII KIII G Phi Psi Extension
1010000 FRAC0_S 0 1 30000 -44020.2 8624.9 -4.05583e+06 -1.2159e+06 261139 140.811 27.3857 -3.60791
1010000 FRAC0_S 0 1 30000 -44106.8 8921.55 -3.58097e+06 334459 469643 39.3032 -10.2709 -7.97529
1010000 FRAC0_S 0 1 30000 -44280.8 9176.94 -4.64833e+06 -1.26439e+06 -459271 170.512 25.0239 5.45054
1010000 FRAC0_S 0 1 30000 -44525.1 9366.05 -4.12576e+06 -848943 -537853 102.697 19.9001 7.29621
1010000 FRAC0_S 0 1 30000 -44816 9470.4 -3.38678e+06 -472499 -578793 64.4494 14.1117 9.61113
1010000 FRAC0_S 0 1 30000 -45124.9 9479.76 -3.65727e+06 -263418 -813447 94.1889 7.57318 12.4281
1010000 FRAC0_S 0 1 30000 -45421.5 9393.21 -4.721e+06 269638 -944583 125.146 -6.21575 11.5778
1010000 FRAC0_S 0 1 30000 -45676.9 9219.22 -3.96266e+06 1.22802e+06 -1.15935e+06 313.145 -24.4564 13.1408
1010000 FRAC0_S 0 1 30000 -45866 8974.84 -4.16397e+06 597078 -556513 72.9589 -14.8373 7.8017
1010000 FRAC0_S 0 1 30000 -45970.4 8683.98 -4.55688e+06 924009 -550467 116.382 -19.8052 6.84398
1010000 FRAC0_S 0 1 30000 -45979.8 8375.1 -4.65593e+06 1.03838e+06 -324351 110.074 -22.0702 4.10765
1010000 FRAC0_S 0 1 30000 -45893.2 8078.45 -4.12755e+06 1.00723e+06 -77679.2 91.2058 -24.4392 1.15508
1010000 FRAC0_S 0 1 30000 -45719.2 7823.06 -4.39421e+06 1.13918e+06 71478.7 116.32 -25.563 -0.989365
1010000 FRAC0_S 0 1 30000 -45474.9 7633.95 -3.79022e+06 203357 -430169 28.2961 -6.28779 7.27276
1010000 FRAC0_S 0 1 30000 -45184 7529.6 -4.07418e+06 801425 504976 91.1489 -19.2997 -7.02975
1010000 FRAC0_S 0 1 30000 -44875.1 7520.24 -4.02652e+06 531969 669336 84.8027 -13.5212 -9.44565
1010000 FRAC0_S 0 1 30000 -44578.5 7606.79 -3.99722e+06 649405 92850.3 38.7267 -17.8687 -1.51542
1010000 FRAC0_S 0 1 30000 -44323.1 7780.78 -3.76443e+06 469055 195139 24.6699 -14.0428 -3.37286
1010000 FRAC0_S 0 1 30000 -44134 8025.16 -3.99056e+06 -613749 706475 99.9478 15.2444 -9.7921
1010000 FRAC0_S 0 1 30000 -44029.6 8316.02 -4.30353e+06 -1.02749e+06 554757 135.007 22.3067 -7.05863
Step FractureNumber TipNr TipActive TipX TipY TipZ KI KII KIII G Phi Psi Extension
1010101 FRAC0_S 0 1 30028.1 -43931.2 8636.71 -3.4911e+06 -2.33297e+06 109777 486.606 44.2224 -1.43172
1010101 FRAC0_S 0 1 30013.2 -44023.8 8960.88 -3.71701e+06 -1.74123e+06 -45808.8 270.451 37.284 0.646887
1010101 FRAC0_S 0 1 30025.2 -44214.3 9239.1 -3.83004e+06 -2.25922e+06 -193397 459.797 41.2918 2.36978
1010101 FRAC0_S 0 1 30033.7 -44481.6 9446.63 -3.43866e+06 -2.24953e+06 -658867 508.668 40.8259 7.74131
1010101 FRAC0_S 0 1 30024 -44798.9 9563.24 -3.80001e+06 -1.52287e+06 -811696 294.284 30.4403 9.74283
1010101 FRAC0_S 0 1 30010 -45137.3 9575.22 -4.03906e+06 -619314 -907221 143.644 14.7118 11.8376
1010101 FRAC0_S 0 1 29987.6 -45461.5 9479.32 -4.30624e+06 678732 -1.11239e+06 205.625 -14.7168 13.1318
1010101 FRAC0_S 0 1 29970.2 -45739.9 9286.47 -3.0955e+06 2.2292e+06 -1.15905e+06 621.487 -39.8593 12.8889
1010101 FRAC0_S 0 1 29968.4 -45947.2 9019.03 -3.8212e+06 2.02163e+06 -572189 407.736 -37.1677 6.69469
1010101 FRAC0_S 0 1 29967.3 -46060.8 8701.43 -3.42247e+06 2.16536e+06 -468076 446.958 -41.1091 5.83167
1010101 FRAC0_S 0 1 29962.4 -46069.4 8363.9 -3.36558e+06 2.41692e+06 -300285 532.527 -44.5758 3.77016
1010101 FRAC0_S 0 1 29959.1 -45973.8 8040.63 -3.1902e+06 2.68683e+06 -99018.2 644.593 -48.7942 1.28334
1010101 FRAC0_S 0 1 29965.3 -45784.6 7760.65 -3.63158e+06 2.46181e+06 147199 542.935 -44.3345 -1.82145
1010101 FRAC0_S 0 1 29975.5 -45519.6 7551.73 -3.71661e+06 1.99717e+06 369794 373.618 -38.4163 -4.61935
1010101 FRAC0_S 0 1 29974.9 -45201.7 7437.33 -3.75872e+06 1.85399e+06 465392 335.102 -36.191 -5.77889
1010101 FRAC0_S 0 1 29972.4 -44863.2 7427.32 -4.24587e+06 2.16055e+06 723796 485.641 -35.9947 -7.57781
1010101 FRAC0_S 0 1 29972.8 -44538.5 7521.98 -3.04824e+06 1.07111e+06 623248 153.897 -28.0484 -9.68044
1010101 FRAC0_S 0 1 29986.8 -44258.5 7712.34 -3.17322e+06 255022 830449 97.5183 -8.13256 -13.9552
1010101 FRAC0_S 0 1 30016.6 -44052.3 7979.99 -3.27977e+06 -1.0718e+06 856486 199.93 25.8469 -11.9349
1010101 FRAC0_S 0 1 30037.1 -43941 8298.62 -3.0868e+06 -3.03829e+06 700803 887.913 48.447 -7.66028