
Step FractureNumber TipNr TipActive TipX TipY TipZ KI KII KIII G Phi Psi Extension
1010000 FRAC0_S 0 1 -30000 -14017.8 8603.45 5.37853e+06 5.13851e+06 -1.04343e+07 19410.9 -30.1257 30.661
1010000 FRAC0_S 0 1 -30000 -14097.8 8901.92 -3.95303e+07 -7.49071e+06 -1.80408e+07 48287.7 15.1906 19.0911
1010000 FRAC0_S 0 1 -30000 -14266.1 9161.05 -7.19381e+06 7.61163e+06 -9.49633e+06 17156.7 -36.9826 25.4408
1010000 FRAC0_S 0 1 -30000 -14506.3 9355.47 -1.16241e+07 9.09547e+06 -8.66054e+06 17347.5 -36.6323 20.125
1010000 FRAC0_S 0 1 -30000 -14794.9 9466.15 -1.23948e+07 8.67745e+06 -6.35118e+06 12074.7 -37.2907 16.2945
1010000 FRAC0_S 0 1 -30000 -15103.5 9482.25 -2.67135e+07 5.53396e+06 -1.00688e+07 16212.5 -17.1115 16.6911
1010000 FRAC0_S 0 1 -30000 -15401.9 9402.21 -1.37778e+07 1.48824e+07 -1.23725e+06 19940.2 -52.3444 3.17136
1010000 FRAC0_S 0 1 -30000 -15661 9233.85 6.71394e+06 6.2001e+06 6.85127e+06 13685.3 -37.0281 -23.0722
1010000 FRAC0_S 0 1 -30000 -15855.5 8993.66 -4.42714e+06 8.49591e+06 6.99849e+06 12946.2 -46.9743 -23.329
1010000 FRAC0_S 0 1 -30000 -15966.1 8705.15 2.88548e+06 621176 9.10728e+06 11807.7 -6.72457 -39.1137
1010000 FRAC0_S 0 1 -30000 -15982.2 8396.55 1.1332e+07 -8.77449e+06 8.85932e+06 28742.5 35.9862 -20.7696
1010000 FRAC0_S 0 1 -30000 -15902.2 8098.08 1.7686e+07 -1.61492e+07 5.88049e+06 55711.8 45.353 -10.8256
1010000 FRAC0_S 0 1 -30000 -15719.7 7823.19 2.3502e+07 -2.00179e+07 -343096 84942.6 49.3129 0.608097
1010000 FRAC0_S 0 1 -30000 -15493.7 7644.53 2.75263e+07 -1.9726e+07 -5.87775e+06 106787 42.3295 8.22521
1010000 FRAC0_S 0 1 -30000 -15205.1 7533.85 5.67967e+07 -2.95269e+07 -1.77111e+07 406866 34.0958 12.3225
1010000 FRAC0_S 0 1 -30000 -14896.5 7517.75 2.86407e+07 -1.19877e+07 -1.49746e+07 115725 26.9295 18.613
1010000 FRAC0_S 0 1 -30000 -14598.1 7597.79 2.78379e+07 -5.56289e+06 -1.44249e+07 99487.5 15.3372 20.5239
1010000 FRAC0_S 0 1 -30000 -14339 7766.15 1.93583e+07 -1.02999e+06 -1.14971e+07 51068.3 4.44937 23.8344
1010000 FRAC0_S 0 1 -30000 -14144.5 8006.34 -3.6881e+06 -4.43546e+06 -6.58757e+06 7524.76 35.8472 28.3108
1010000 FRAC0_S 0 1 -30000 -14033.9 8294.85 -1.98006e+06 -3.88725e+06 -1.71993e+07 40690.1 21.6052 39.8125
Step FractureNumber TipNr TipActive TipX TipY TipZ KI KII KIII G Phi Psi Extension
1010101 FRAC0_S 0 1 -30009.3 -13929.9 8612.97 -1.46874e+07 -4.18635e+06 -3.38973e+06 3089.9 23.8501 11.1109
1010101 FRAC0_S 0 1 -30014.5 -14017.4 8937.19 -1.66273e+06 4.49323e+06 -8.90913e+06 12355.6 -35.5287 34.5864
1010101 FRAC0_S 0 1 -30038.5 -14204.4 9214.98 -2.41744e+06 8.80765e+06 -9.71594e+06 19467.8 -46.5001 29.0857
1010101 FRAC0_S 0 1 -30060 -14467.3 9423.04 -4.52203e+06 1.12062e+07 -7.66059e+06 18995.3 -51.0083 22.0074
1010101 FRAC0_S 0 1 -30052.6 -14779 9546.2 -7.03884e+06 1.58838e+07 -7.9162e+06 30816.7 -53.5382 17.8478
1010101 FRAC0_S 0 1 -30049.7 -15110.5 9563.19 -5.3428e+06 1.78409e+07 -6.52867e+06 34032.6 -58.8254 15.5456
1010101 FRAC0_S 0 1 -30062 -15430.2 9468.7 -642973 1.59594e+07 -2.77409e+06 23720.2 -67.823 10.4907
1010101 FRAC0_S 0 1 -30068.2 -15708.8 9285.98 1.80736e+06 1.31767e+07 1.29396e+06 15985.5 -67.4591 -5.9918
1010101 FRAC0_S 0 1 -30054.6 -15922.7 9030.69 2.03051e+06 7.70591e+06 4.69778e+06 8594.05 -54.7902 -21.8905
1010101 FRAC0_S 0 1 -30009.5 -16049.6 8721.87 5.26707e+06 725287 8.18667e+06 11432.8 -6.97814 -34.0345
1010101 FRAC0_S 0 1 -29955.8 -16062.8 8390.32 1.58951e+07 -2.51947e+06 7.88788e+06 31354.6 12.7681 -20.4237
1010101 FRAC0_S 0 1 -29930.8 -15966.6 8070.76 2.60927e+07 2.31095e+06 2.64356e+06 62074.1 -10.0329 -6.40218
1010101 FRAC0_S 0 1 -29927.5 -15783.4 7793.98 5.17765e+07 1.01372e+07 -3.4959e+06 249669 -20.0159 4.07455
1010101 FRAC0_S 0 1 -29933.3 -15528.5 7581.36 3.38651e+07 5.57571e+06 -6.17985e+06 110045 -16.065 9.96045
1010101 FRAC0_S 0 1 -29943.8 -15220.7 7455.17 3.58013e+07 4.65612e+06 -1.06136e+07 131129 -12.1819 14.7847
1010101 FRAC0_S 0 1 -29956.7 -14886.4 7431.13 2.87644e+07 4.93631e+06 -1.13412e+07 93006.8 -14.5024 17.5476
1010101 FRAC0_S 0 1 -29973.5 -14559.5 7513.05 4.33909e+07 -6.39104e+06 -1.98286e+07 223705 12.2636 19.5407
1010101 FRAC0_S 0 1 -29974.9 -14278.3 7696.95 2.37634e+07 5.00634e+06 -1.51966e+07 83268.6 -15.0338 23.0176
1010101 FRAC0_S 0 1 -29959.6 -14070.1 7962.73 1.45242e+07 9.88586e+06 -1.28342e+07 49414.3 -32.2287 22.9598
1010101 FRAC0_S 0 1 -29979.5 -13949.3 8277.33 1.26363e+07 6.12584e+06 -9.62436e+06 29892.1 -26.9523 22.6523