
Step FractureNumber TipNr TipActive TipX TipY TipZ KI KII KIII G Phi Psi Extension
1010000 FRAC0_S 0 1 -14202.7 44496.5 8206.19 -4.25069e+06 -1.24235e+06 2.83923e+06 1209.68 19.318 -22.7469
1010000 FRAC0_S 0 1 -14203.9 44713.5 7990.44 -3.83868e+06 -3.91734e+06 2.25915e+06 2046.24 44.0503 -15.9156
1010000 FRAC0_S 0 1 -14283.8 44963 7820.86 -3.29236e+06 -4.07782e+06 1.01397e+06 1618.51 51.5331 -8.95054
1010000 FRAC0_S 0 1 -14433.4 45213.7 7719.72 -2.47033e+06 -3.81145e+06 -76493 1295.29 58.769 0.9336
1010000 FRAC0_S 0 1 -14638.5 45443.6 7694.95 -2.65979e+06 -3.47323e+06 -777068 1155.28 52.6838 8.35411
1010000 FRAC0_S 0 1 -14878.9 45629.9 7748.98 -3.12651e+06 -3.47742e+06 -1.64058e+06 1435.53 46.5968 14.2145
1010000 FRAC0_S 0 1 -15131.2 45754.7 7876.54 -3.17783e+06 -2.65124e+06 -2.23166e+06 1288.74 38.4745 19.0653
1010000 FRAC0_S 0 1 -15370.7 45805.6 8065.11 -3.4575e+06 -1.70853e+06 -2.79475e+06 1298.93 26.8223 23.3159
1010000 FRAC0_S 0 1 -15573.9 45777.6 8296.27 -3.33628e+06 -597707 -2.84173e+06 1105.87 11.8051 26.9086
1010000 FRAC0_S 0 1 -15720.9 45673.5 8547.35 -4.36607e+06 65637.1 -2.99532e+06 1193.65 -1.2318 26.0899
1010000 FRAC0_S 0 1 -15797.3 45503.5 8793.81 -3.69191e+06 1.58075e+06 -2.775e+06 1246.85 -24.7985 22.9723
1010000 FRAC0_S 0 1 -15795.7 45284.1 9011.51 -3.36088e+06 2.976e+06 -1.9169e+06 1277.92 -41.3783 16.3352
1010000 FRAC0_S 0 1 -15716.2 45037 9179.14 -4.04611e+06 3.65381e+06 -1.96645e+06 1703.95 -42.9174 14.502
1010000 FRAC0_S 0 1 -15566.6 44786.3 9280.28 -4.1712e+06 4.48045e+06 -1.27054e+06 2003.53 -48.9448 9.44683
1010000 FRAC0_S 0 1 -15361.5 44556.4 9305.05 -4.16016e+06 4.72373e+06 -306570 2000.87 -53.4651 2.56516
1010000 FRAC0_S 0 1 -15121.1 44370.1 9251.02 -4.27154e+06 4.5449e+06 714760 1908.61 -50.8416 -5.66376
1010000 FRAC0_S 0 1 -14868.8 44245.3 9123.46 -4.13792e+06 4.12653e+06 1.72515e+06 1913.22 -45.887 -12.486
1010000 FRAC0_S 0 1 -14629.3 44194.4 8934.89 -4.20852e+06 3.19568e+06 2.74277e+06 1910.56 -37.1484 -18.6726
1010000 FRAC0_S 0 1 -14426.1 44222.4 8703.73 -3.9698e+06 1.35597e+06 3.11604e+06 1455.24 -20.6816 -24.2951
1010000 FRAC0_S 0 1 -14279.1 44326.5 8452.65 -3.54006e+06 -1.00853e+06 3.11164e+06 1378.38 17.2188 -26.239
Step FractureNumber TipNr TipActive TipX TipY TipZ KI KII KIII G Phi Psi Extension
1010101 FRAC0_S 0 1 -14108.9 44474.9 8205.56 -1.87969e+06 -3.01201e+06 2.8689e+06 1903.09 43.7918 -24.3249
1010101 FRAC0_S 0 1 -14108.9 44729 7988.32 -65308.6 -2.69171e+06 1.60934e+06 990.096 59.7032 -24.2659
1010101 FRAC0_S 0 1 -14194.4 45004.4 7824.91 1.44589e+06 -4.21824e+06 786451 1854.14 61.6166 -9.01919
1010101 FRAC0_S 0 1 -14354.3 45273 7723.65 1.98986e+06 -4.35568e+06 -402787 2065 61.2004 4.53801
1010101 FRAC0_S 0 1 -14552.4 45498.4 7692.27 836668 -3.73458e+06 -733964 1376.85 63.8646 10.1595
1010101 FRAC0_S 0 1 -14830.4 45715.1 7739.58 149768 -3.35198e+06 -2.1019e+06 1590.81 58.6978 24.6144
1010101 FRAC0_S 0 1 -15107.7 45848.8 7863.9 -978604 -2.85411e+06 -2.49931e+06 1556.68 48.8821 25.6461
1010101 FRAC0_S 0 1 -15379.3 45901.2 8053.03 -2.00216e+06 -2.10151e+06 -2.80848e+06 1442.59 36.0939 26.2444
1010101 FRAC0_S 0 1 -15616.9 45863.5 8289.65 -2.82439e+06 -699826 -2.95811e+06 1207.45 14.2984 28.7221
1010101 FRAC0_S 0 1 -15793.7 45734.8 8547.73 -2.88631e+06 1.21104e+06 -3.03703e+06 1357.42 -21.7475 27.2238
1010101 FRAC0_S 0 1 -15889.3 45527.1 8796.26 -2.0334e+06 3.29198e+06 -3.46881e+06 2566.04 -42.5981 25.6322
1010101 FRAC0_S 0 1 -15892.4 45272.3 9015.31 -1.2179e+06 3.51756e+06 -2.77041e+06 2123.38 -50.2361 24.294
1010101 FRAC0_S 0 1 -15807.3 45000.2 9186.92 -192716 4.4076e+06 -2.10363e+06 2319.69 -61.7868 21.2263
1010101 FRAC0_S 0 1 -15647.3 44730 9287.75 767739 4.26987e+06 -1.48939e+06 1972.19 -61.6289 16.0805
1010101 FRAC0_S 0 1 -15429 44484.2 9309.02 1.15475e+06 5.33073e+06 -118049 2652.88 -67.3994 1.38384
1010101 FRAC0_S 0 1 -15172.4 44285.6 9253.8 702828 4.79947e+06 1.35119e+06 2339.48 -63.7124 -14.0953
1010101 FRAC0_S 0 1 -14899.2 44151.8 9125.58 -291938 4.92139e+06 2.56487e+06 3033.2 -60.5572 -22.1323
1010101 FRAC0_S 0 1 -14631.4 44097.3 8935.35 -1.83254e+06 3.87205e+06 2.58016e+06 2221.42 -50.1414 -21.0912
1010101 FRAC0_S 0 1 -14388.7 44138.4 8706.37 -2.90967e+06 1.52768e+06 3.32369e+06 1677.2 -24.8454 -27.3515
1010101 FRAC0_S 0 1 -14203.4 44271.7 8456.38 -3.84043e+06 -756079 4.02034e+06 2200.64 11.7453 -29.2087