
Step FractureNumber TipNr TipActive TipX TipY TipZ KI KII KIII G Phi Psi Extension
1010000 FRAC0_S 0 1 -29609.6 -14584.1 7693.69 3.07199e+07 1.91708e+07 1.89576e+06 117322 -42.2337 -2.81114
1010000 FRAC0_S 0 1 -29846.7 -14391 7737.68 2.98826e+07 1.74755e+07 5.71097e+06 111124 -38.5111 -8.01173
1010000 FRAC0_S 0 1 -30098.9 -14257.5 7856.29 2.95326e+07 1.37693e+07 8.56347e+06 104367 -32.2338 -11.9789
1010000 FRAC0_S 0 1 -30341.4 -14196.5 8037.91 2.09157e+07 6.36796e+06 7.45186e+06 49981.8 -23.3132 -15.2146
1010000 FRAC0_S 0 1 -30550.5 -14214.4 8264.77 8.73993e+06 6.89255e+06 7.6164e+06 18755.4 -35.353 -22.0114
1010000 FRAC0_S 0 1 -30705.6 -14309 8514.65 3.93781e+07 -749737 5.37121e+06 142064 2.28793 -8.74809
1010000 FRAC0_S 0 1 -30791.7 -14471.3 8763.09 2.36151e+07 -1.47174e+06 8.54868e+06 59607 5.99176 -17.6925
1010000 FRAC0_S 0 1 -30800.3 -14685.4 8985.79 1.8128e+07 -1.73727e+06 6.14048e+06 34567.5 9.04006 -16.5775
1010000 FRAC0_S 0 1 -30730.6 -14930.2 9160.93 1.83361e+07 -2.87674e+06 6.82571e+06 36894 13.627 -17.0326
1010000 FRAC0_S 0 1 -30589.4 -15181.9 9271.37 1.47637e+07 -3.60747e+06 5.13152e+06 24084.9 19.8397 -15.4572
1010000 FRAC0_S 0 1 -30390.4 -15415.9 9306.31 1.39598e+07 -5.36465e+06 4.40867e+06 22515.1 28.0691 -13.3505
1010000 FRAC0_S 0 1 -30153.3 -15609 9262.32 1.53742e+07 -8.11952e+06 3.30475e+06 28389.9 35.9918 -9.11699
1010000 FRAC0_S 0 1 -29901.1 -15742.5 9143.71 1.12779e+07 -6.3549e+06 727359 15003.1 40.0712 -3.03826
1010000 FRAC0_S 0 1 -29658.6 -15803.5 8962.09 1.84911e+07 -8.73224e+06 -2.45677e+06 38066 35.1305 6.23036
1010000 FRAC0_S 0 1 -29451.9 -15786.4 8738.32 1.33218e+07 -4.4216e+06 -3.31736e+06 19020.1 26.3069 11.4674
1010000 FRAC0_S 0 1 -29294.4 -15691 8485.35 1.12068e+07 -4.8596e+06 -6.09409e+06 18235.4 27.3345 18.9542
1010000 FRAC0_S 0 1 -29208.3 -15528.7 8236.91 2.76597e+07 3.69539e+06 -9.89401e+06 82410.7 -11.9804 16.8105
1010000 FRAC0_S 0 1 -29199.7 -15314.6 8014.21 2.62555e+07 5.84083e+06 -6.62168e+06 70299.8 -19.5268 12.3746
1010000 FRAC0_S 0 1 -29269.4 -15069.8 7839.07 4.75235e+07 1.55352e+07 -3.8761e+06 224758 -28.7225 4.40621
1010000 FRAC0_S 0 1 -29410.6 -14818.1 7728.63 2.12872e+07 1.32011e+07 -1.67695e+06 56282.7 -41.7761 3.54584
Step FractureNumber TipNr TipActive TipX TipY TipZ KI KII KIII G Phi Psi Extension
1010101 FRAC0_S 0 1 -29618.8 -14591.1 7595.8 3.7266e+07 -5.76243e+06 1.25018e+06 126919 17.0341 -2.17598
1010101 FRAC0_S 0 1 -29870.8 -14378.5 7643.21 3.90323e+07 -5.38957e+06 6.27631e+06 143589 14.0919 -9.15045
1010101 FRAC0_S 0 1 -30138.1 -14225 7772.79 3.7028e+07 -3.85468e+06 1.0498e+07 138158 10.1091 -14.5591
1010101 FRAC0_S 0 1 -30398.2 -14154.6 7970.32 3.0114e+07 -5.00847e+06 1.0537e+07 97811.5 14.5146 -16.2428
1010101 FRAC0_S 0 1 -30620.8 -14167.6 8222.84 1.93041e+07 -3.48553e+06 6.62496e+06 40126.5 15.6066 -15.8937
1010101 FRAC0_S 0 1 -30778.3 -14250.2 8511.46 2.25448e+07 330097 7.17627e+06 52151 -1.52938 -16.7446
1010101 FRAC0_S 0 1 -30863.5 -14413.5 8794.71 3.43138e+07 1.88559e+06 6.55842e+06 110959 -6.03778 -11.1877
1010101 FRAC0_S 0 1 -30868.8 -14645.2 9042.4 1.86394e+07 1.84846e+06 6.938e+06 37665.6 -9.11781 -17.6201
1010101 FRAC0_S 0 1 -30786.7 -14909.4 9237.92 1.1173e+07 2.84695e+06 4.93837e+06 15090 -19.4451 -18.0787
1010101 FRAC0_S 0 1 -30624.2 -15178.3 9362.36 1.45823e+07 2.25352e+06 6.23798e+06 24576.5 -13.0055 -18.6753
1010101 FRAC0_S 0 1 -30398.1 -15424.3 9403.27 1.66037e+06 1.91365e+06 7.70839e+06 8474.75 -21.7321 -37.8872
1010101 FRAC0_S 0 1 -30133.3 -15624.5 9357.07 1.6074e+07 1.98391e+06 4.022e+06 25525.9 -12.0141 -13.1132
1010101 FRAC0_S 0 1 -29858 -15765 9229.19 1.85547e+07 1.89209e+06 1.70552e+06 31384.3 -11.4471 -5.80966
1010101 FRAC0_S 0 1 -29597.8 -15836.6 9031.32 2.20765e+07 2.44743e+06 -541860 44002.4 -13.0023 1.67075
1010101 FRAC0_S 0 1 -29373.9 -15825.7 8782.88 2.27218e+07 3.38079e+06 -5.45113e+06 50976.4 -14.1965 12.4902
1010101 FRAC0_S 0 1 -29213.9 -15736.3 8500.18 2.55473e+07 3.93823e+06 -7.01059e+06 66077.7 -14.2921 13.7655
1010101 FRAC0_S 0 1 -29138.2 -15582.1 8207.78 2.92731e+07 1.14228e+06 -8.08097e+06 85161 -4.09251 14.9193
1010101 FRAC0_S 0 1 -29145.2 -15363.8 7950.27 3.18287e+07 -390329 -8.83631e+06 100673 1.32471 15.2592
1010101 FRAC0_S 0 1 -29235 -15105.2 7755.27 3.12094e+07 -556364 -4.75717e+06 89833.1 2.11641 9.59977
1010101 FRAC0_S 0 1 -29400.7 -14840.8 7633.86 5.22956e+07 -6.68808e+06 84064.8 247688 14.9544 -0.110942