
Step FractureNumber TipNr TipActive TipX TipY TipZ KI KII KIII G Phi Psi Extension
1010000 FRAC0_S 0 1 -14323.9 719.942 8500 1.10292e+07 -1.49729e+06 248412 11047.6 15.4472 -1.50426
1010000 FRAC0_S 0 1 -14579.4 893.655 8500 196877 -1.30941e+06 -155800 159.466 66.8483 7.02155
1010000 FRAC0_S 0 1 -14876.1 979.89 8500 173512 -1.20777e+06 -462394 161.105 61.6725 17.4867
1010000 FRAC0_S 0 1 -15185 970.208 8500 120362 -662992 -509976 75.05 53.3725 25.6254
1010000 FRAC0_S 0 1 -15475.7 865.554 8500 193597 -537127 -824440 119.449 40.0033 32.0759
1010000 FRAC0_S 0 1 -15719.9 676.174 8500 174655 -125038 -760007 80.9336 15.5446 38.9669
1010000 FRAC0_S 0 1 -15893.7 420.606 8500 234221 305283 -907820 122.803 -26.4157 35.9415
1010000 FRAC0_S 0 1 -15979.9 123.865 8500 246600 765431 -823880 147.905 -46.2014 28.3575
1010000 FRAC0_S 0 1 -15970.2 -185 8500 113966 1.0823e+06 -674540 166.053 -57.5648 23.8337
1010000 FRAC0_S 0 1 -15865.5 -475.757 8500 228130 1.36177e+06 -379943 189.084 -63.3297 13.8169
1010000 FRAC0_S 0 1 -15676.1 -719.942 8500 -1.03974e+07 932716 62762.6 78.046 -10.9924 -0.428695
1010000 FRAC0_S 0 1 -15420.6 -893.655 8500 214887 1.31355e+06 198068 163.085 -65.9954 -8.51396
1010000 FRAC0_S 0 1 -15123.9 -979.89 8500 173160 1.20865e+06 450105 159.792 -61.8972 -17.1726
1010000 FRAC0_S 0 1 -14815 -970.208 8500 166571 940007 674392 141.7 -54.3923 -24.8041
1010000 FRAC0_S 0 1 -14524.3 -865.554 8500 196493 569116 834238 124.864 -40.9443 -31.7
1010000 FRAC0_S 0 1 -14292.4 -689.301 8500 178556 158899 901169 113.101 -16.8081 -39.2812
1010000 FRAC0_S 0 1 -14106.3 -420.606 8500 177626 -252103 900191 116.251 24.0234 -37.677
1010000 FRAC0_S 0 1 -14020.1 -123.865 8500 166922 -646644 756059 115.77 45.7958 -29.9146
1010000 FRAC0_S 0 1 -14029.8 185 8500 -6.26e+06 -843540 378822 82.4935 14.8935 -3.86445
1010000 FRAC0_S 0 1 -14134.5 475.757 8500 271459 -1.3583e+06 434115 196.036 61.8188 -14.9465
Step FractureNumber TipNr TipActive TipX TipY TipZ KI KII KIII G Phi Psi Extension
1010101 FRAC0_S 0 1 -14276.3 769.652 8558.34 1.42386e+06 -1.0933e+06 168033 290.929 45.3979 -4.75182
1010101 FRAC0_S 0 1 -14553 940.777 8574.64 1.55249e+06 -734024 -408634 284.996 32.9368 11.0676
1010101 FRAC0_S 0 1 -14871.7 1026.98 8587.07 1.08747e+06 -1.12057e+06 -1.39382e+06 475.657 36.78 25.2422
1010101 FRAC0_S 0 1 -15198.3 1028.06 8578.21 1.04046e+06 -310085 -913924 216.124 17.8583 26.105
1010101 FRAC0_S 0 1 -15514.6 930.257 8558.91 33594.1 -156189 -1.85774e+06 461.282 10.2722 43.6042
1010101 FRAC0_S 0 1 -15784.5 735.469 8518.35 499705 42287.9 -969157 147.333 -3.86293 36.451
1010101 FRAC0_S 0 1 -15968.9 458.334 8466.42 6.00644e+06 -969116 -1.03485e+06 3440.97 15.9129 9.52591
1010101 FRAC0_S 0 1 -16047.7 135.228 8431.69 1.00389e+06 361939 -1.03433e+06 243.765 -19.52 27.485
1010101 FRAC0_S 0 1 -16023.6 -193.258 8417.42 1.56818e+06 865799 -785144 367.925 -32.5901 17.0611
1010101 FRAC0_S 0 1 -15915.2 -506.966 8429.46 -1.21479e+06 -3.43031e+06 -2.07464e+06 1621.01 53.2261 20.936
1010101 FRAC0_S 0 1 -15724 -770.326 8445.29 1.44076e+06 1.17251e+06 -146101 310.32 -46.8497 4.03737
1010101 FRAC0_S 0 1 -15447.6 -941.63 8427.51 3.88266e+06 1.95859e+06 3.78445e+06 3590 -25.5884 -25.5656
1010101 FRAC0_S 0 1 -15128.5 -1026.75 8412.73 1.49756e+06 398956 620299 265.203 -20.4334 -17.2195
1010101 FRAC0_S 0 1 -14802 -1027.03 8420.91 966312 328601 671997 152.889 -21.4353 -22.7969
1010101 FRAC0_S 0 1 -14485.9 -929.333 8439.68 1.21381e+06 -84122.3 1.43375e+06 405.319 4.24492 -31.8482
1010101 FRAC0_S 0 1 -14215.5 -735.215 8479.34 -873701 -2.66975e+06 3.51353e+06 2277.01 42.9454 -30.6545
1010101 FRAC0_S 0 1 -14030.3 -458.624 8531.05 620094 -144596 1.0731e+06 189.282 10.5818 -34.2935
1010101 FRAC0_S 0 1 -13941.1 -133.436 8552.44 592968 -477750 966596 175.934 28.9807 -29.5785
1010101 FRAC0_S 0 1 -13954.7 197.552 8552.8 942854 -737767 802745 213.424 35.4136 -21.7652
1010101 FRAC0_S 0 1 -14073.5 509.221 8557.15 1.20726e+06 -924549 556855 247.288 39.8644 -14.7392