
Step FractureNumber TipNr TipActive TipX TipY TipZ KI KII KIII G Phi Psi Extension
1010000 FRAC0_S 0 1 -45000 984.872 8574.53 9.02992e+06 -99654 -3.81127e+06 9198.78 1.07395 20.1098
1010000 FRAC0_S 0 1 -45000 913.64 8875.22 7.93945e+06 968338 -2.79036e+06 6736.14 -11.1092 16.7278
1010000 FRAC0_S 0 1 -45000 752.975 9139.18 9.39692e+06 1.2898e+06 -2.03845e+06 8569.49 -13.471 11.648
1010000 FRAC0_S 0 1 -45000 518.603 9340.58 7.99868e+06 2.70773e+06 -1.44573e+06 6632.48 -27.7193 8.81254
1010000 FRAC0_S 0 1 -45000 233.466 9459.7 8.74191e+06 3.23293e+06 -822685 7831.25 -30.8998 4.87783
1010000 FRAC0_S 0 1 -45000 -74.5244 9484.87 9.39933e+06 3.67051e+06 -86171.7 9074.17 -33.611 0.509483
1010000 FRAC0_S 0 1 -45000 -375.22 9413.64 9.51535e+06 3.65819e+06 760849 9337.68 -31.9296 -4.16059
1010000 FRAC0_S 0 1 -45000 -639.186 9252.98 6.87128e+06 2.48577e+06 1.18013e+06 4943.13 -29.1311 -8.32181
1010000 FRAC0_S 0 1 -45000 -840.583 9018.61 8.30783e+06 2.60855e+06 2.43989e+06 7548.49 -24.6727 -13.1476
1010000 FRAC0_S 0 1 -45000 -959.699 8733.46 7.6315e+06 1.58673e+06 3.02422e+06 6630.51 -16.9694 -17.2544
1010000 FRAC0_S 0 1 -45000 -984.872 8425.47 7.36849e+06 220984 3.74136e+06 6704.25 -2.70378 -22.1571
1010000 FRAC0_S 0 1 -45000 -913.64 8124.78 6.46147e+06 -1.5234e+06 3.3409e+06 5411.69 17.5646 -20.1371
1010000 FRAC0_S 0 1 -45000 -752.975 7860.82 6.48871e+06 -3.39875e+06 3.36455e+06 6286.77 31.3015 -17.6762
1010000 FRAC0_S 0 1 -45000 -518.603 7659.42 5.19942e+06 -4.1987e+06 2.10527e+06 4569.4 41.774 -13.1697
1010000 FRAC0_S 0 1 -45000 -233.466 7540.3 3.46577e+06 -3.83823e+06 871064 2484.03 50.3002 -7.93635
1010000 FRAC0_S 0 1 -45000 74.5244 7515.13 4.81631e+06 -5.33078e+06 20999.2 4599.38 54.1574 -0.160945
1010000 FRAC0_S 0 1 -45000 375.22 7586.36 5.0514e+06 -5.07968e+06 -1.10224e+06 4734.7 48.9938 7.33585
1010000 FRAC0_S 0 1 -45000 639.186 7747.02 5.21927e+06 -3.74967e+06 -2.19242e+06 4319.61 39.1328 14.0482
1010000 FRAC0_S 0 1 -45000 840.583 7981.39 4.80546e+06 -2.87143e+06 -3.14409e+06 4107.23 32.221 19.8774
1010000 FRAC0_S 0 1 -45000 959.699 8266.54 6.759e+06 -1.3002e+06 -2.80776e+06 5270.05 15.7485 17.9503
Step FractureNumber TipNr TipActive TipX TipY TipZ KI KII KIII G Phi Psi Extension
1010101 FRAC0_S 0 1 -44997.1 1080.79 8581.92 8.82474e+06 125124 -3.29007e+06 8380.59 -1.42385 18.5819
1010101 FRAC0_S 0 1 -45015 1002.48 8911.47 9.48233e+06 -96028.3 -2.73869e+06 9010.67 1.08724 15.7118
1010101 FRAC0_S 0 1 -45028.1 824.357 9198.81 1.01911e+07 -1.21192e+06 -1.65599e+06 9750.38 12.3896 9.36044
1010101 FRAC0_S 0 1 -45041.9 565.448 9414.83 9.76867e+06 -874122 -1.15778e+06 8749.86 9.98635 7.33509
1010101 FRAC0_S 0 1 -45051.2 253.656 9540.98 1.02921e+07 -2.79712e+06 -750640 10211.4 25.4355 4.13344
1010101 FRAC0_S 0 1 -45053.7 -80.6562 9566.86 1.1012e+07 -2.6102e+06 -46788.5 11413.2 24.1817 0.266606
1010101 FRAC0_S 0 1 -45052.4 -407.043 9490.3 1.12185e+07 -1.48174e+06 681863 11472.5 14.6433 -3.88867
1010101 FRAC0_S 0 1 -45048 -694.845 9317.82 8.11127e+06 -1.17836e+06 1.03269e+06 6128.36 15.0697 -7.47316
1010101 FRAC0_S 0 1 -45040.4 -916.619 9064.76 1.09557e+07 -1.27993e+06 2.71448e+06 11821.6 11.4729 -13.0745
1010101 FRAC0_S 0 1 -45026.3 -1050.4 8754.81 7.07858e+06 -678781 3.22628e+06 5890.41 8.38455 -20.0641
1010101 FRAC0_S 0 1 -45002.1 -1079.96 8418.3 8.40646e+06 -124924 3.20386e+06 7663.87 1.4824 -18.8352
1010101 FRAC0_S 0 1 -44973.1 -998.923 8090.96 7.92498e+06 18145.4 3.18177e+06 6943.05 -0.228162 -19.609
1010101 FRAC0_S 0 1 -44952.5 -851.664 7846.33 6.72196e+06 179422 2.57889e+06 4913.82 -2.62455 -18.7761
1010101 FRAC0_S 0 1 -44934.5 -558.241 7598.34 7.59401e+06 170585 1.52374e+06 5450.27 -2.54756 -11.9077
1010101 FRAC0_S 0 1 -44924.6 -249.7 7478.81 8.32523e+06 21343.5 799302 6261.18 -0.326333 -6.56474
1010101 FRAC0_S 0 1 -44921.4 79.1902 7455.24 9.54878e+06 604220 377291 8176.44 -7.80263 -2.75231
1010101 FRAC0_S 0 1 -44926.2 401.337 7526.63 8.00289e+06 1.05828e+06 -648568 5862.91 -14.4273 5.06282
1010101 FRAC0_S 0 1 -44936.3 688.516 7691.18 7.25806e+06 387118 -1.81263e+06 5144.61 -5.61307 13.7369
1010101 FRAC0_S 0 1 -44950.8 912.512 7938.71 7.75265e+06 -100935 -2.57789e+06 6240.59 1.34809 17.2605
1010101 FRAC0_S 0 1 -44972.7 1049.38 8245.94 8.22551e+06 275863 -2.78148e+06 7064.84 -3.38112 17.2232