
Step FractureNumber TipNr TipActive TipX TipY TipZ KI KII KIII G Phi Psi Extension
1010000 FRAC0_S 0 1 772.766 44413.9 8313.34 1.8213e+06 283288 133495 305.111 -16.5992 -4.53506
1010000 FRAC0_S 0 1 806.209 44613.7 8080.04 2.23229e+06 22272.3 -129968 446.337 -1.30154 4.15332
1010000 FRAC0_S 0 1 760.735 44851.4 7887.84 1.9122e+06 92657.6 -178956 330.854 -5.81409 6.17024
1010000 FRAC0_S 0 1 640.795 45103.6 7755.57 2.41491e+06 300792 -272819 537.63 -13.3818 6.84554
1010000 FRAC0_S 0 1 458.13 45345.7 7696.17 2.34527e+06 424775 -167811 509.955 -18.7788 4.3477
1010000 FRAC0_S 0 1 230.619 45553.9 7715.46 2.30089e+06 463409 -20617.3 490.952 -21.3577 0.575641
1010000 FRAC0_S 0 1 -19.466 45707.9 7811.54 2.53637e+06 380299 216798 592.401 -15.9603 -5.23868
1010000 FRAC0_S 0 1 -267.646 45792.6 7975 1.78263e+06 150006 183418 289.649 -9.57278 -6.51305
1010000 FRAC0_S 0 1 -489.626 45799.7 8189.86 1.81276e+06 -143088 178649 298.895 9.07045 -6.2971
1010000 FRAC0_S 0 1 -663.679 45728.6 8435.08 1.92645e+06 -456434 80334.2 350.129 23.5385 -2.50876
1010000 FRAC0_S 0 1 -772.766 45586.1 8686.66 1.18398e+06 -499523 -138066 149.686 33.1277 5.72242
1010000 FRAC0_S 0 1 -806.209 45386.3 8919.96 1.56771e+06 -628945 -447691 280.913 29.3384 12.2596
1010000 FRAC0_S 0 1 -766.349 45165.2 9101.14 1.19604e+06 -374615 -732296 211.301 20.9212 21.4658
1010000 FRAC0_S 0 1 -640.795 44896.4 9244.43 936686 7074.35 -755929 154.188 -0.581487 28.1628
1010000 FRAC0_S 0 1 -458.13 44654.3 9303.83 1.15252e+06 542544 -915791 256.138 -26.0697 23.2994
1010000 FRAC0_S 0 1 -230.619 44446.1 9284.54 1.13897e+06 989628 -726906 273.146 -40.1119 17.7174
1010000 FRAC0_S 0 1 19.466 44292.1 9188.46 1.29032e+06 1.22428e+06 -426910 306.164 -46.1431 10.6253
1010000 FRAC0_S 0 1 267.646 44207.4 9025 1.37806e+06 1.13796e+06 -79224.2 285.453 -47.9287 2.35033
1010000 FRAC0_S 0 1 489.626 44200.3 8810.14 1.62034e+06 792380 147743 292.811 -36.6216 -4.39085
1010000 FRAC0_S 0 1 663.679 44271.4 8564.92 1.51452e+06 323237 168760 217.497 -20.7365 -6.3268
Step FractureNumber TipNr TipActive TipX TipY TipZ KI KII KIII G Phi Psi Extension
1010101 FRAC0_S 0 1 832.682 44344.7 8281.51 2.10227e+06 -589829 -151481 427.877 26.0277 4.0615
1010101 FRAC0_S 0 1 878.672 44570 8032.6 1.89224e+06 -310151 -260493 336.662 16.5201 7.88068
1010101 FRAC0_S 0 1 828.635 44830.1 7821.46 2.8049e+06 -348741 -556569 753.108 12.5408 10.9582
1010101 FRAC0_S 0 1 689.699 45100.5 7671.45 2.78937e+06 -364270 -198387 710.388 14.3873 4.50078
1010101 FRAC0_S 0 1 476.934 45366.8 7602.25 2.51614e+06 -504390 -116617 588.629 20.6997 2.85388
1010101 FRAC0_S 0 1 232.868 45586.5 7623.32 2.62984e+06 -429376 -48131.2 633.027 18.0087 1.20026
1010101 FRAC0_S 0 1 -37.2518 45759.6 7730.83 2.50693e+06 -403240 43352.6 574.77 17.8092 -1.1378
1010101 FRAC0_S 0 1 -300.212 45862.9 7917.8 2.35357e+06 180049 -26545.9 496.59 -9.49959 0.805218
1010101 FRAC0_S 0 1 -528.269 45884.3 8167.67 2.16118e+06 136043 90940.1 418.954 -7.74805 -2.92235
1010101 FRAC0_S 0 1 -701.408 45816.5 8449.97 1.95448e+06 315333 58006.3 349.708 -17.6803 -1.92317
1010101 FRAC0_S 0 1 -810.104 45665 8730.95 1.87919e+06 263318 -125087 322.94 -15.3132 4.20227
1010101 FRAC0_S 0 1 -848.968 45446.4 8984.11 1.80996e+06 168265 -383878 314.043 -9.6177 11.8046
1010101 FRAC0_S 0 1 -813.481 45178.7 9186.44 1.50174e+06 36465.1 -647429 256.831 -2.31627 20.2095
1010101 FRAC0_S 0 1 -703.117 44885.3 9313.37 1.43682e+06 28357.1 -852764 280.754 -1.70224 24.2295
1010101 FRAC0_S 0 1 -521.777 44603.1 9352.27 1.37001e+06 -39810.9 -693978 231.447 2.6242 22.1389
1010101 FRAC0_S 0 1 -284.972 44369 9309.92 1.41276e+06 -197953 -482313 212.284 12.6147 16.2218
1010101 FRAC0_S 0 1 -20.6055 44202.2 9195.87 1.36712e+06 -370109 -240139 186.425 23.7518 8.98588
1010101 FRAC0_S 0 1 246.565 44111.3 9020.73 1.46174e+06 -649431 -92326.7 229.116 35.1814 3.21027
1010101 FRAC0_S 0 1 496.724 44104 8800.13 1.62913e+06 -973643 -33203.4 321.124 42.1612 0.977274
1010101 FRAC0_S 0 1 700.836 44183.5 8546.81 1.43883e+06 -417085 -11086.6 199.995 27.7824 0.462016