
Step FractureNumber TipNr TipActive TipX TipY TipZ KI KII KIII G Phi Psi Extension
1010000 FRAC0_S 0 1 0 -14017.8 8603.45 -8.9211e+06 994106 61757 88.5699 -13.2546 -0.481552
1010000 FRAC0_S 0 1 0 -14097.8 8901.92 -1.26661e+07 206786 188535 8.5379 -2.1989 -1.11901
1010000 FRAC0_S 0 1 0 -14266.1 9161.05 -1.77653e+07 -1.55052e+07 -9.24817e+06 32798.3 41.7447 15.4045
1010000 FRAC0_S 0 1 0 -14506.3 9355.47 -2.2002e+07 148011 284787 12.7389 -0.920583 -0.984812
1010000 FRAC0_S 0 1 0 -14794.9 9466.15 -2.39235e+07 52939.5 338168 15.4593 -0.304486 -1.07844
1010000 FRAC0_S 0 1 0 -15103.5 9482.25 -2.45579e+07 -369504 335378 27.1261 2.03272 -1.02968
1010000 FRAC0_S 0 1 0 -15401.9 9402.21 -2.32948e+07 -421853 295730 27.4897 2.43793 -0.955621
1010000 FRAC0_S 0 1 0 -15661 9233.85 -1.83028e+07 -297826 179338 12.1817 2.20262 -0.741847
1010000 FRAC0_S 0 1 0 -15855.5 8993.66 -1.62925e+07 -370809 98835 13.5518 3.06279 -0.458765
1010000 FRAC0_S 0 1 0 -15966.1 8705.15 -1.08517e+07 -407970 12894.6 14.8535 4.97509 -0.0891804
1010000 FRAC0_S 0 1 0 -15982.2 8396.55 -6.5349e+06 -780972 -229311 61.3434 13.7409 2.34008
1010000 FRAC0_S 0 1 0 -15902.2 8098.08 -1.23511e+06 -293627 -124149 9.73269 22.6612 5.67245
1010000 FRAC0_S 0 1 0 -15733.9 7838.95 3.92966e+06 132786 -234599 1384.95 -4.25939 4.16009
1010000 FRAC0_S 0 1 0 -15493.7 7644.53 6.47754e+06 -80276.8 -186848 3744.14 1.6564 2.13551
1010000 FRAC0_S 0 1 0 -15205.1 7533.85 7.50124e+06 2.00144e+07 1.38468e+07 66210 -51.3533 -22.4136
1010000 FRAC0_S 0 1 0 -14896.5 7517.75 8.98126e+06 -531931 219527 7219.51 7.44245 -1.74254
1010000 FRAC0_S 0 1 0 -14598.1 7597.79 7.27009e+06 198128 -184333 4717.85 -3.57775 1.8597
1010000 FRAC0_S 0 1 0 -14339 7766.15 4.66394e+06 1.92339e+07 1.2188e+07 54660.9 -54.7341 -22.58
1010000 FRAC0_S 0 1 0 -14144.5 8006.34 1.2876e+06 1.49299e+07 -9.50661e+06 32030.5 -57.6747 24.3187
1010000 FRAC0_S 0 1 0 -14033.9 8294.85 -4.34195e+06 462330 301594 31.1447 -12.1029 -4.49217
Step FractureNumber TipNr TipActive TipX TipY TipZ KI KII KIII G Phi Psi Extension
1010101 FRAC0_S 0 1 -17.6649 -13922.6 8613.64 -1.03582e+07 1.80067e+06 158716 292.282 -18.9702 -0.999571
1010101 FRAC0_S 0 1 8.9949 -14014.1 8937.29 -1.72388e+07 -1.07626e+06 1.74614e+06 508.736 7.30935 -6.53917
1010101 FRAC0_S 0 1 31.9298 -14203.1 9217.83 -2.04478e+07 -5.60078e+06 353537 2811.89 26.5487 -1.03854
1010101 FRAC0_S 0 1 15.7091 -14462.3 9435.71 -2.8864e+07 2.34454e+07 1.5183e+07 79642.2 -40.1859 -15.8768
1010101 FRAC0_S 0 1 0.21938 -14774.6 9561.55 -3.03079e+07 1.95546e+06 -56639.2 341.168 -8.21418 0.13659
1010101 FRAC0_S 0 1 2.70408 -15113.6 9579.22 -2.26908e+07 -628074 311205 48.0327 3.67167 -1.02153
1010101 FRAC0_S 0 1 3.97445 -15441.6 9491.25 -2.63569e+07 -1.30797e+06 227390 159.325 6.41118 -0.633697
1010101 FRAC0_S 0 1 4.32086 -15726.3 9306.27 -1.95988e+07 -1.021e+06 172429 96.8462 6.7059 -0.644579
1010101 FRAC0_S 0 1 5.80042 -15939.8 9042.35 -1.84755e+07 -1.34512e+06 78894.7 162.059 9.14354 -0.308724
1010101 FRAC0_S 0 1 11.6102 -16060.6 8725.42 -1.22359e+07 -1.39798e+06 250007 182.464 13.387 -1.39384
1010101 FRAC0_S 0 1 23.6767 -16076 8387.24 -6.48621e+06 -1.64112e+06 251385 248.403 24.736 -2.31052
1010101 FRAC0_S 0 1 23.3456 -15987 8060.07 -998049 -307281 -20105.8 8.4677 28.6945 1.1756
1010101 FRAC0_S 0 1 6.64109 -15804.5 7774.54 3.98004e+06 146290 -79617.5 1414.32 -4.78475 1.46469
1010101 FRAC0_S 0 1 -19.9368 -15540.4 7569.29 8.7158e+06 1.78289e+07 1.28024e+07 56893.5 -49.0644 -21.8854
1010101 FRAC0_S 0 1 -35.0897 -15221.5 7457.01 1.03225e+07 -1.48227e+06 -460731 9718.97 15.8965 2.88337
1010101 FRAC0_S 0 1 -14.6088 -14884.4 7430.38 9.70858e+06 -1.48489e+06 -795110 8679.77 16.2664 5.02798
1010101 FRAC0_S 0 1 -18.361 -14577.8 7510.48 7.6357e+06 -1.73249e+06 517702 5498.57 22.385 -3.99419
1010101 FRAC0_S 0 1 -63.5098 -14297.9 7715.22 4.16606e+06 -3.68371e+06 305056 2768.17 48.9574 -2.87165
1010101 FRAC0_S 0 1 -67.905 -14087.8 7977.17 153160 -1.77585e+06 267495 292.629 67.4327 -9.00957
1010101 FRAC0_S 0 1 -37.341 -13950.2 8280.56 -3.96465e+06 1.66721e+06 258639 256.587 -34.0172 -3.36118