
Step FractureNumber TipNr TipActive TipX TipY TipZ KI KII KIII G Phi Psi Extension
1010000 FRAC0_S 0 1 -15000 -29019.2 8617.02 -7.00757e+06 -1.50709e+06 5.25583e+06 3876.35 14.4836 -24.9633
1010000 FRAC0_S 0 1 -15000 -29103.5 8914.36 -3.6739e+06 958487 4.63739e+06 2942.08 -13.7275 -30.7621
1010000 FRAC0_S 0 1 -15000 -29275.4 9171.13 -4.03293e+06 379142 6.85353e+06 6259.94 -4.63239 -35.2387
1010000 FRAC0_S 0 1 -15000 -29518.2 9362.22 -2.7502e+06 -879804 8.08027e+06 8752.65 10.1232 -38.1092
1010000 FRAC0_S 0 1 -15000 -29808.3 9468.89 -1.15024e+06 -2.68065e+06 7.57714e+06 8276.27 29.032 -37.249
1010000 FRAC0_S 0 1 -15000 -30117.1 9480.74 -637473 -5.83301e+06 7.0107e+06 9568.82 47.4702 -31.6384
1010000 FRAC0_S 0 1 -15000 -30414.4 9396.57 -973628 -8.95068e+06 5.33978e+06 10931.3 58.0248 -23.248
1010000 FRAC0_S 0 1 -15000 -30671.2 9224.65 -1.43643e+06 -8.46743e+06 2.12116e+06 6987.36 63.8731 -12.732
1010000 FRAC0_S 0 1 -15000 -30862.2 8981.79 -4.42487e+06 -5.12382e+06 -1.58632e+06 2674.13 49.5996 10.4423
1010000 FRAC0_S 0 1 -15000 -30968.9 8691.77 -5.96136e+06 -1.49572e+06 -3.00021e+06 1396.52 18.5923 19.662
1010000 FRAC0_S 0 1 -15000 -30980.8 8382.98 -8.51055e+06 4.27748e+06 -2.78533e+06 2662.25 -33.1724 12.8949
1010000 FRAC0_S 0 1 -15000 -30896.5 8085.64 -1.11483e+07 9.41623e+06 -464334 7929.65 -48.6534 1.70621
1010000 FRAC0_S 0 1 -15000 -30724.6 7828.87 -3.04366e+07 4.03178e+07 2.1229e+07 204790 -47.9158 -16.244
1010000 FRAC0_S 0 1 -15000 -30481.8 7637.78 -1.50118e+07 1.17171e+07 7.14807e+06 19029.6 -40.0482 -14.9889
1010000 FRAC0_S 0 1 -15000 -30191.7 7531.11 -2.83131e+07 3.65438e+07 2.76703e+07 220833 -44.3742 -20.3747
1010000 FRAC0_S 0 1 -15000 -29882.9 7519.26 -1.36148e+07 3.69298e+06 1.13653e+07 18394.9 -16.8703 -25.7325
1010000 FRAC0_S 0 1 -15000 -29585.6 7603.43 1766.32 1.73629e+07 -2.21585e+06 27517.1 -69.1021 8.40434
1010000 FRAC0_S 0 1 -15000 -29328.8 7775.35 -1.21764e+07 2.29704e+07 2.81943e+07 152742 -41.5646 -28.1809
1010000 FRAC0_S 0 1 -15000 -29137.8 8018.21 -2.40616e+07 -2.56253e+07 2.19169e+07 122401 41.1374 -20.7829
1010000 FRAC0_S 0 1 -15000 -29031.1 8308.23 -1.58255e+06 1.24028e+07 1.73736e+07 53852.6 -44.4215 -33.0848
Step FractureNumber TipNr TipActive TipX TipY TipZ KI KII KIII G Phi Psi Extension
1010101 FRAC0_S 0 1 -15011 -28931.6 8629.48 -5.20525e+06 -1.83323e+06 4.96374e+06 3576.42 19.7507 -26.6141
1010101 FRAC0_S 0 1 -15007.6 -29017 8954.54 -5.74198e+06 659784 5.74297e+06 4425.36 -7.39915 -29.5052
1010101 FRAC0_S 0 1 -15005.5 -29204.8 9236.67 -2.36125e+06 859526 8.5599e+06 9810.99 -9.84187 -39.2527
1010101 FRAC0_S 0 1 -14981.1 -29471.7 9443.56 338826 2.90534e+06 1.03393e+07 14980.3 -26.7419 -40.2517
1010101 FRAC0_S 0 1 -14952.9 -29789.7 9550.04 3.13579e+06 -3.19951e+06 9.79562e+06 14550.3 25.0146 -35.197
1010101 FRAC0_S 0 1 -14929.8 -30122.3 9547.75 6.14445e+06 -2.57184e+06 7.36228e+06 11162.7 20.6027 -28.7967
1010101 FRAC0_S 0 1 -14916.7 -30435 9445.46 1.55185e+07 -6.49304e+06 5.42035e+06 29124.3 29.2157 -14.1238
1010101 FRAC0_S 0 1 -14914.8 -30705.8 9260.72 1.14587e+07 -4.58007e+06 3.42236e+06 15127.4 29.0711 -12.6962
1010101 FRAC0_S 0 1 -14931.5 -30921.2 9010.27 5.48474e+06 -7.21486e+06 -1.03139e+06 7460.67 54.2357 5.67269
1010101 FRAC0_S 0 1 -14978.7 -31050.3 8706.39 -1.27651e+06 -3.91924e+06 -2.83514e+06 2437.82 51.6514 23.4235
1010101 FRAC0_S 0 1 -15038.2 -31060.5 8375.69 -5.29498e+06 5.66075e+06 -3.97743e+06 4959.51 -43.0115 18.4341
1010101 FRAC0_S 0 1 -15069.8 -30959.6 8057.92 -9.58443e+06 -1.74663e+07 -1.537e+07 58604.3 45.7765 23.929
1010101 FRAC0_S 0 1 -15071.9 -30773.6 7782.46 -889149 1.82829e+07 135639 29788.6 -69.8028 -0.546334
1010101 FRAC0_S 0 1 -15068.2 -30516.2 7575.46 -2.85733e+06 1.76451e+07 5.53506e+06 31819.1 -62.7277 -15.09
1010101 FRAC0_S 0 1 -15058.3 -30205.2 7455.59 -6.16468e+06 1.57813e+07 9.5048e+06 34208.2 -52.6242 -20.5586
1010101 FRAC0_S 0 1 -15055.3 -29877 7446.13 -1.02576e+07 1.30716e+07 1.18878e+07 34021.6 -42.3204 -22.5694
1010101 FRAC0_S 0 1 -15070.5 -29562.6 7549.76 -9.85806e+06 1.05219e+07 1.16721e+07 27985 -38.415 -24.0283
1010101 FRAC0_S 0 1 -15040.1 -29283.3 7730.63 2.39773e+07 4.06165e+07 4.44617e+07 461155 -42.4317 -26.3153
1010101 FRAC0_S 0 1 -15001.2 -29074.7 7982.65 -5.21409e+06 -3.4266e+06 -5.94376e+06 5744.95 29.0288 26.3072
1010101 FRAC0_S 0 1 -15012.3 -28955.6 8294.98 -1.02472e+07 -2.56784e+06 6.79705e+06 6732.16 17.1304 -23.069