
Step FractureNumber TipNr TipActive TipX TipY TipZ KI KII KIII G Phi Psi Extension
1010000 FRAC0_S 0 1 -44193.9 44575.6 8118.3 1.7117e+06 -523890 -1.25431e+06 494.791 19.4388 23.7712
1010000 FRAC0_S 0 1 -44225.7 44808.3 7917.46 2.11806e+06 27691.7 -1.48598e+06 693.515 -1.06342 26.3902
1010000 FRAC0_S 0 1 -44333.4 45059.8 7773.64 2.07098e+06 806565 -1.52964e+06 751.353 -23.2771 23.0968
1010000 FRAC0_S 0 1 -44506.3 45305.3 7700.93 2.2224e+06 1.48465e+06 -1.30261e+06 862.209 -35.3421 18.0504
1010000 FRAC0_S 0 1 -44727.5 45521 7706.42 2.18653e+06 1.99449e+06 -937435 897.384 -43.9245 13.1786
1010000 FRAC0_S 0 1 -44975.3 45685.7 7789.6 2.17874e+06 2.2862e+06 -459552 916.84 -49.9081 6.99155
1010000 FRAC0_S 0 1 -45225.7 45783.3 7942.33 1.91641e+06 2.42758e+06 121239 854.359 -55.423 -2.09351
1010000 FRAC0_S 0 1 -45453.8 45804.2 8149.63 2.24101e+06 2.35669e+06 568076 985.357 -49.3006 -8.17852
1010000 FRAC0_S 0 1 -45637.6 45746.4 8391.24 2.16237e+06 1.8833e+06 1.00208e+06 866.277 -42.4895 -14.1841
1010000 FRAC0_S 0 1 -45759 45615.5 8643.49 1.91738e+06 1.05469e+06 1.01389e+06 563.444 -32.1432 -17.7054
1010000 FRAC0_S 0 1 -45806.1 45424.4 8881.7 2.58835e+06 691811 1.87492e+06 1107.19 -17.5273 -24.0036
1010000 FRAC0_S 0 1 -45774.3 45191.7 9082.54 2.21069e+06 -102484 1.66876e+06 806.801 3.55685 -26.8926
1010000 FRAC0_S 0 1 -45666.6 44940.2 9226.36 2.35284e+06 -943203 1.66955e+06 943.298 24.0671 -22.4949
1010000 FRAC0_S 0 1 -45493.7 44694.7 9299.07 1.92353e+06 -1.5308e+06 1.26906e+06 752.716 38.0201 -18.5745
1010000 FRAC0_S 0 1 -45272.5 44479 9293.58 2.24942e+06 -2.18345e+06 957302 997.601 45.2249 -12.812
1010000 FRAC0_S 0 1 -45024.7 44314.3 9210.4 2.15293e+06 -2.39415e+06 449241 950.648 51.0125 -6.74653
1010000 FRAC0_S 0 1 -44774.3 44216.7 9057.67 2.18167e+06 -2.47545e+06 -92134.8 971.321 53.9545 1.50077
1010000 FRAC0_S 0 1 -44546.2 44195.8 8850.37 2.16377e+06 -2.36393e+06 -587675 961.1 49.7482 8.52541
1010000 FRAC0_S 0 1 -44362.4 44253.6 8608.76 2.16091e+06 -1.91069e+06 -1.02662e+06 881.594 42.6366 14.3686
1010000 FRAC0_S 0 1 -44241 44384.5 8356.51 2.26693e+06 -1.44711e+06 -1.44563e+06 922.487 33.7589 19.2634
Step FractureNumber TipNr TipActive TipX TipY TipZ KI KII KIII G Phi Psi Extension
1010101 FRAC0_S 0 1 -44102.5 44554.9 8099.68 2.94456e+06 -79910.3 -1.76175e+06 1185.99 2.31791 24.2397
1010101 FRAC0_S 0 1 -44153.3 44788.5 7860.54 2.74669e+06 145672 -1.9775e+06 1194.26 -4.12519 26.232
1010101 FRAC0_S 0 1 -44292.6 45043.9 7688.6 3.0076e+06 71372.5 -1.69565e+06 1188.91 -2.07712 23.5387
1010101 FRAC0_S 0 1 -44497.9 45296.4 7604.15 3.24619e+06 -59852.4 -1.48039e+06 1230.81 1.7397 20.9677
1010101 FRAC0_S 0 1 -44746.4 45518.2 7610 3.72747e+06 -108567 -1.13059e+06 1409.15 3.02686 16.0457
1010101 FRAC0_S 0 1 -45016.8 45684.9 7699.99 3.19904e+06 43487.8 -470700 941.574 -1.63002 9.35725
1010101 FRAC0_S 0 1 -45285 45784.5 7863.19 4.12841e+06 217535 -31001.8 1523.11 -6.78512 0.550817
1010101 FRAC0_S 0 1 -45527.5 45812.4 8084.51 2.76671e+06 30669.1 376545 701.052 -1.34626 -8.78922
1010101 FRAC0_S 0 1 -45723.3 45762.6 8346.35 3.3681e+06 22902.8 1.01498e+06 1147.93 -0.725846 -16.2172
1010101 FRAC0_S 0 1 -45852.3 45636.6 8627.37 3.35221e+06 223218 1.46447e+06 1291.04 -6.06333 -19.8786
1010101 FRAC0_S 0 1 -45896.3 45447.4 8902.44 2.89388e+06 66900.1 1.69884e+06 1130.5 -1.99561 -24.0513
1010101 FRAC0_S 0 1 -45844.9 45213.6 9141.31 2.8758e+06 88538.3 1.88518e+06 1210.33 -2.53267 -25.3346
1010101 FRAC0_S 0 1 -45705.3 44957.8 9312.15 2.91143e+06 135259 1.68618e+06 1135.11 -3.94385 -23.6004
1010101 FRAC0_S 0 1 -45499.8 44705.7 9395.8 3.08011e+06 142986 1.46007e+06 1130.75 -4.20921 -21.1104
1010101 FRAC0_S 0 1 -45251.9 44483.9 9389.72 3.76375e+06 114704 1.23072e+06 1464.94 -3.1078 -16.8742
1010101 FRAC0_S 0 1 -44982.6 44315.8 9299.83 3.6569e+06 137213 571056 1236.71 -4.33154 -9.63928
1010101 FRAC0_S 0 1 -44715 44214.8 9136.9 3.83567e+06 125382 36877.5 1312.6 -4.32179 -0.716676
1010101 FRAC0_S 0 1 -44472.6 44187.4 8915.63 4.209e+06 22376.9 -575146 1622.69 -0.650257 8.86093
1010101 FRAC0_S 0 1 -44276.6 44238.3 8654.11 3.55934e+06 -104272 -1.07467e+06 1283.5 3.04699 15.9933
1010101 FRAC0_S 0 1 -44147.3 44365.2 8374.01 3.34865e+06 -133210 -1.52921e+06 1311.83 3.67218 20.7298