
Step FractureNumber TipNr TipActive TipX TipY TipZ KI KII KIII G Phi Psi Extension
1010000 FRAC0_S 0 1 -30000 984.872 8574.53 -3.71106e+06 -1.04522e+07 8.04331e+06 18339.5 50.3874 -23.9226
1010000 FRAC0_S 0 1 -30000 913.64 8875.22 -254529 -1.12093e+07 4.31033e+06 13667.5 64.1378 -18.8497
1010000 FRAC0_S 0 1 -30000 752.975 9139.18 -3.50657e+07 -1.24247e+07 1.81967e+06 14196.6 30.8317 -2.83347
1010000 FRAC0_S 0 1 -30000 518.603 9340.58 4.60773e+06 -1.39577e+07 -1.34328e+06 19492 63.7455 5.11259
1010000 FRAC0_S 0 1 -30000 233.466 9459.7 -1.89726e+07 -1.00103e+07 -3.25394e+06 10337.5 36.7234 7.53698
1010000 FRAC0_S 0 1 -30000 -74.5244 9484.87 6.08054e+06 -9.35248e+06 -6.23028e+06 16251.6 47.3941 19.703
1010000 FRAC0_S 0 1 -30000 -375.22 9413.64 5.17118e+06 -6.45919e+06 -7.97851e+06 14567 38.5208 26.2736
1010000 FRAC0_S 0 1 -30000 -639.186 9252.98 2.95347e+06 -1.91466e+06 -6.88957e+06 7416.98 20.9418 34.3744
1010000 FRAC0_S 0 1 -30000 -840.583 9018.61 1.3987e+06 1.4438e+06 -9.08044e+06 11326.5 -15.9268 40.2635
1010000 FRAC0_S 0 1 -30000 -959.699 8733.46 -1.93443e+06 5.77331e+06 -8.76372e+06 13184.9 -40.4708 32.1586
1010000 FRAC0_S 0 1 -30000 -984.872 8425.47 -4.63256e+06 1.02716e+07 -7.65046e+06 17186 -49.2395 22.6606
1010000 FRAC0_S 0 1 -30000 -913.64 8124.78 -7.91759e+06 1.31644e+07 -4.77354e+06 18473.5 -53.1348 13.2758
1010000 FRAC0_S 0 1 -30000 -752.975 7860.82 -6.5583e+07 1.47715e+07 -1.12937e+06 19613.1 -23.0789 1.07475
1010000 FRAC0_S 0 1 -30000 -518.603 7659.42 -1.26932e+07 1.41343e+07 1.71548e+06 18193.7 -52.162 -4.56872
1010000 FRAC0_S 0 1 -30000 -233.466 7540.3 -5.38209e+07 1.13598e+07 3.69198e+06 13312 -21.1871 -4.08644
1010000 FRAC0_S 0 1 -30000 74.5244 7515.13 -1.37923e+07 9.50374e+06 6.80125e+06 14200.7 -37.2278 -15.9409
1010000 FRAC0_S 0 1 -30000 375.22 7586.36 -1.3381e+07 6.24927e+06 8.4705e+06 13022.7 -27.6723 -20.5133
1010000 FRAC0_S 0 1 -30000 639.186 7747.02 -1.47941e+07 3.10281e+06 8.04678e+06 9469.74 -15.7425 -21.0181
1010000 FRAC0_S 0 1 -30000 840.583 7981.39 -5.0444e+07 -708022 9.00014e+06 10818 1.63817 -10.9318
1010000 FRAC0_S 0 1 -30000 959.699 8266.54 1.29198e+07 -5.63937e+06 7.84429e+06 25892 26.7086 -20.2606
Step FractureNumber TipNr TipActive TipX TipY TipZ KI KII KIII G Phi Psi Extension
1010101 FRAC0_S 0 1 -29927.8 1048.45 8575.79 7.5405e+06 -6.35517e+06 2.92145e+06 9800.84 42.9093 -12.5542
1010101 FRAC0_S 0 1 -29923 966.074 8898.6 6.92032e+06 -6.62463e+06 750166 8253.06 49.8457 -4.00233
1010101 FRAC0_S 0 1 -29929.5 801.6 9180.52 1.13919e+07 -1.10893e+07 2.26898e+06 23207.1 48.6745 -6.87333
1010101 FRAC0_S 0 1 -29927.4 551.318 9392.77 1.394e+07 -2.2544e+06 -1.95822e+06 18279 16.3072 8.03025
1010101 FRAC0_S 0 1 -29929.3 247.468 9524.93 -1.84097e+07 -2.13253e+07 -6.07108e+06 45426.5 50.0059 9.75833
1010101 FRAC0_S 0 1 -29932.7 -79.7723 9556.19 2.40297e+07 -1.59053e+07 -8.92892e+06 84601.1 38.1537 13.1511
1010101 FRAC0_S 0 1 -29941.6 -406.468 9484.51 1.03022e+07 -929606 -7.57849e+06 17173.3 6.74786 26.0689
1010101 FRAC0_S 0 1 -29973.4 -697.296 9319.29 1.78153e+07 -2.16671e+07 -2.20033e+07 134507 40.6423 23.687
1010101 FRAC0_S 0 1 -30021 -915.092 9066.14 -2.18788e+07 6.94258e+06 -1.18779e+07 23059.2 -21.8447 19.9532
1010101 FRAC0_S 0 1 -30058.3 -1033.39 8753.84 -1.46934e+07 2.06195e+07 -3.46545e+06 39483.5 -54.6504 6.70698
1010101 FRAC0_S 0 1 -30074.1 -1049.78 8421.81 6.18156e+06 1.03456e+07 -1.20092e+07 32124 -41.5553 26.9809
1010101 FRAC0_S 0 1 -30068.8 -975.199 8097.27 6.13898e+06 1.64062e+07 -9.2271e+06 38666.9 -53.627 19.8691
1010101 FRAC0_S 0 1 -30059.4 -809.968 7812.29 2.31903e+06 1.70859e+07 -1.09532e+06 26652.5 -68.0582 4.07329
1010101 FRAC0_S 0 1 -30058.3 -557.75 7595.78 7.96866e+06 1.73089e+07 -716541 32423.8 -62.1853 2.12504
1010101 FRAC0_S 0 1 -30052.9 -251.036 7462.1 -3.5656e+07 2.71797e+07 6.57276e+06 71574.4 -44.0886 -7.09042
1010101 FRAC0_S 0 1 -30050.9 80.4295 7432.3 -6.41845e+06 1.49982e+07 6.83492e+06 26258.1 -54.5948 -16.9391
1010101 FRAC0_S 0 1 -30045.2 409.115 7507.2 1.42514e+07 3.79902e+06 8.72391e+06 29506.6 -18.4554 -21.9114
1010101 FRAC0_S 0 1 -30024.5 700.008 7676.73 -9.28584e+06 4.48564e+06 9.93692e+06 14925.7 -23.9823 -26.8951
1010101 FRAC0_S 0 1 -29994.1 920.392 7931.53 -6.03853e+06 -1.15521e+07 -800571 11977 60.3199 3.33283
1010101 FRAC0_S 0 1 -29957.6 1040.26 8244.05 2.09924e+06 -1.06713e+07 -130426 10542.4 67.9091 0.785194