
Step FractureNumber TipNr TipActive TipX TipY TipZ KI KII KIII G Phi Psi Extension
1010000 FRAC0_S 0 1 -22142.3 -44079.3 8500 263593 1.15908e+06 84401.7 126.854 -66.2677 -4.2648
1010000 FRAC0_S 0 1 -22444.3 -44013.9 8500 206828 939145 281272 92.9284 -61.8131 -14.0901
1010000 FRAC0_S 0 1 -22751.8 -44044.9 8500 191658 860469 519936 105.205 -55.6576 -22.1876
1010000 FRAC0_S 0 1 -23034.5 -44169.4 8500 229385 566692 695608 97.6603 -43.0834 -29.1971
1010000 FRAC0_S 0 1 -23265 -44375.3 8500 178315 126767 449184 31.1002 -21.5521 -34.7475
1010000 FRAC0_S 0 1 -23420.6 -44642.3 8500 150096 -85513 534088 40.5975 14.6899 -38.2346
1010000 FRAC0_S 0 1 -23486.1 -44944.3 8500 166683 -364542 570411 57.5917 38.6623 -31.5399
1010000 FRAC0_S 0 1 -23455 -45251.8 8500 185579 -648014 487831 72.1394 51.8209 -24.2978
1010000 FRAC0_S 0 1 -23330.5 -45534.6 8500 125168 -431945 193976 23.0262 57.3617 -17.9432
1010000 FRAC0_S 0 1 -23124.7 -45765.1 8500 106002 -650689 102568 40.1293 65.8757 -8.84051
1010000 FRAC0_S 0 1 -22857.7 -45920.7 8500 186862 -936429 -52564.5 81.6194 67.0977 3.4209
1010000 FRAC0_S 0 1 -22555.7 -45986.1 8500 145933 -828302 -228825 69.9987 63.2076 13.642
1010000 FRAC0_S 0 1 -22248.2 -45955.1 8500 157570 -736897 -411785 73.1532 56.7013 21.3094
1010000 FRAC0_S 0 1 -21965.5 -45830.6 8500 151530 -557236 -593617 76.5826 47.0858 28.6962
1010000 FRAC0_S 0 1 -21735 -45624.7 8500 166964 -298330 -738396 82.9303 30.3985 35.4303
1010000 FRAC0_S 0 1 -21579.4 -45357.7 8500 186344 62523.7 -666869 62.5896 -9.23245 39.3015
1010000 FRAC0_S 0 1 -21513.9 -45055.7 8500 153622 273621 -498327 41.8024 -35.2698 32.4293
1010000 FRAC0_S 0 1 -21545 -44748.2 8500 215076 697576 -574226 91.3389 -50.2742 25.2014
1010000 FRAC0_S 0 1 -21669.5 -44465.4 8500 223451 916129 -389124 99.3771 -58.7599 17.7163
1010000 FRAC0_S 0 1 -21875.3 -44234.9 8500 184447 829633 -135755 66.8163 -64.5716 8.74904
Step FractureNumber TipNr TipActive TipX TipY TipZ KI KII KIII G Phi Psi Extension
1010101 FRAC0_S 0 1 -22127.5 -44040.5 8409.61 1.71392e+06 428283 67227.6 278.709 -24.5078 -2.3428
1010101 FRAC0_S 0 1 -22442.9 -43967.3 8412.41 1.86097e+06 429889 422467 348.811 -20.424 -11.3447
1010101 FRAC0_S 0 1 -22768.2 -43990.5 8419.6 1.41176e+06 493366 630396 252.147 -24.591 -17.3529
1010101 FRAC0_S 0 1 -23075.9 -44110.4 8436.02 859748 351882 686870 139.649 -23.5439 -23.9005
1010101 FRAC0_S 0 1 -23333.5 -44321.8 8470.9 558698 200364 814693 119.668 -16.6895 -31.5351
1010101 FRAC0_S 0 1 -23503.3 -44609 8519.12 484210 -100222 863216 120.892 9.35681 -34.777
1010101 FRAC0_S 0 1 -23562.6 -44937.3 8557.23 348246 -192550 585129 59.6466 21.8948 -31.6231
1010101 FRAC0_S 0 1 -23515.8 -45265.9 8575.98 993401 -456132 741406 179.585 26.1126 -22.616
1010101 FRAC0_S 0 1 -23374.6 -45561 8584.58 1.37521e+06 -427121 393769 205.403 24.5809 -12.9247
1010101 FRAC0_S 0 1 -23152.5 -45797.3 8589.72 1.61047e+06 -508247 164166 257.721 27.6991 -5.43845
1010101 FRAC0_S 0 1 -22871.8 -45957.9 8591.19 1.41525e+06 -319602 -50469.1 187.921 22.8191 2.17861
1010101 FRAC0_S 0 1 -22557 -46030.9 8588.55 1.29187e+06 -281388 -349157 171.988 18.9924 13.0781
1010101 FRAC0_S 0 1 -22232.7 -46007.2 8582.42 1.36935e+06 -520612 -616007 241.713 26.0637 17.1796
1010101 FRAC0_S 0 1 -21926.9 -45886.1 8570.17 871337 -349594 -697343 143.222 23.1893 23.9941
1010101 FRAC0_S 0 1 -21669.3 -45675.3 8539.6 615587 -235532 -881610 142.084 17.737 31.1434
1010101 FRAC0_S 0 1 -21496.2 -45390.4 8490.2 342111 -85625.2 -615380 61.4488 11.0204 34.5305
1010101 FRAC0_S 0 1 -21434.6 -45062.9 8447.89 620825 235373 -876567 141.475 -17.7256 31.0133
1010101 FRAC0_S 0 1 -21482.7 -44734.2 8425.73 1.15343e+06 420259 -755542 210.212 -22.9812 21.829
1010101 FRAC0_S 0 1 -21625.5 -44439 8415.44 1.36827e+06 413258 -492262 214.276 -23.1325 15.3398
1010101 FRAC0_S 0 1 -21847.2 -44201.9 8410.58 1.78173e+06 380037 -213349 301.808 -20.6089 6.74022