
Step FractureNumber TipNr TipActive TipX TipY TipZ KI KII KIII G Phi Psi Extension
1010000 FRAC0_S 0 1 -30000 -14017.8 8603.45 962722 4.08531e+06 5.92518e+06 6239.15 -42.4193 -32.4958
1010000 FRAC0_S 0 1 -30000 -14097.8 8901.92 2.52375e+07 1.00379e+07 1.16725e+07 83856.6 -26.7333 -17.3529
1010000 FRAC0_S 0 1 -30000 -14266.1 9161.05 7.54132e+06 1.41561e+06 8.12403e+06 14024.4 -11.1219 -29.6332
1010000 FRAC0_S 0 1 -30000 -14506.3 9355.47 9.74111e+06 -1.247e+06 8.57954e+06 18384.1 8.63758 -27.8555
1010000 FRAC0_S 0 1 -30000 -14794.9 9466.15 9.40414e+06 -3.27243e+06 7.04415e+06 15434.4 21.3039 -23.6508
1010000 FRAC0_S 0 1 -30000 -15103.5 9482.25 1.7813e+07 -3.67127e+06 9.63904e+06 41832.9 15.5402 -20.9918
1010000 FRAC0_S 0 1 -30000 -15401.9 9402.21 1.09286e+07 -1.05567e+07 4.90938e+06 23779 44.7963 -13.3663
1010000 FRAC0_S 0 1 -30000 -15661 9233.85 -414149 -7.20392e+06 -355809 4641.33 69.3473 3.4148
1010000 FRAC0_S 0 1 -30000 -15855.5 8993.66 6.19575e+06 -1.0476e+07 -1.2888e+06 13421.1 57.844 5.42714
1010000 FRAC0_S 0 1 -30000 -15966.1 8705.15 2.37193e+06 -7.14429e+06 -3.79751e+06 6967.59 54.9689 19.5633
1010000 FRAC0_S 0 1 -30000 -15982.2 8396.55 -1.47673e+06 -2.64517e+06 -5.1177e+06 4106.88 34.3429 33.0791
1010000 FRAC0_S 0 1 -30000 -15902.2 8098.08 -4.99025e+06 1.48834e+06 -5.08643e+06 3638.34 -16.8578 27.922
1010000 FRAC0_S 0 1 -30000 -15719.7 7823.19 -8.56583e+06 5.45602e+06 -2.9727e+06 3827.96 -37.7314 12.6341
1010000 FRAC0_S 0 1 -30000 -15493.7 7644.53 -1.00585e+07 6.68618e+06 -1.0824e+06 4139.49 -42.6612 4.61422
1010000 FRAC0_S 0 1 -30000 -15205.1 7533.85 -2.6911e+07 1.38724e+07 5.17314e+06 20708 -35.882 -8.36198
1010000 FRAC0_S 0 1 -30000 -14896.5 7517.75 -1.05525e+07 7.04769e+06 2.55363e+06 5293.39 -40.3973 -9.35336
1010000 FRAC0_S 0 1 -30000 -14598.1 7597.79 -1.02684e+07 5.89486e+06 3.1175e+06 4389.12 -36.26 -11.7491
1010000 FRAC0_S 0 1 -30000 -14339 7766.15 -6.73219e+06 4.28648e+06 3.15818e+06 2963.85 -35.9307 -15.7384
1010000 FRAC0_S 0 1 -30000 -14144.5 8006.34 6.53292e+06 8.4114e+06 1.26745e+06 10321.5 -53.7943 -5.89639
1010000 FRAC0_S 0 1 -30000 -14033.9 8294.85 5.27657e+06 9.20862e+06 8.18712e+06 18952.3 -45.3149 -23.8632
Step FractureNumber TipNr TipActive TipX TipY TipZ KI KII KIII G Phi Psi Extension
1010101 FRAC0_S 0 1 -30062.8 -13943.4 8612.75 5.92054e+06 3.09079e+06 3.4468e+06 5554.92 -30.4246 -19.0543
1010101 FRAC0_S 0 1 -30044.2 -14020.4 8938.44 7.95504e+06 777381 7.37964e+06 12936 -6.59182 -28.8027
1010101 FRAC0_S 0 1 -30017.1 -14196.9 9224.38 1.07999e+07 755154 8.22847e+06 19449.5 -5.24193 -26.7334
1010101 FRAC0_S 0 1 -29988.2 -14458.6 9437.48 1.28863e+07 5.19967e+06 7.89851e+06 25503.9 -25.212 -20.6606
1010101 FRAC0_S 0 1 -29971.4 -14775.3 9557.08 1.1439e+07 182318 7.59239e+06 19329.8 -1.32215 -25.6692
1010101 FRAC0_S 0 1 -29959.9 -15110.9 9569.16 1.63909e+07 -1.27862e+06 7.66741e+06 31905.1 6.88681 -20.5821
1010101 FRAC0_S 0 1 -29934.7 -15424.8 9465.13 1.88986e+07 1.61221e+06 4.54541e+06 34805.7 -8.71831 -13.0639
1010101 FRAC0_S 0 1 -29914.5 -15691.6 9269.82 1.6816e+07 3.24712e+06 2.71022e+06 27114.8 -18.5387 -8.81528
1010101 FRAC0_S 0 1 -29913.8 -15898.5 9016.5 1.35158e+07 331178 -96751.3 16289.3 -3.28566 0.53963
1010101 FRAC0_S 0 1 -29923.8 -16026.3 8715.59 8.36519e+06 -1.25532e+06 -2.54528e+06 7237.66 13.7006 14.8744
1010101 FRAC0_S 0 1 -29958.6 -16059.2 8385.47 -166092 -2.21575e+06 -1.20056e+07 19607.3 19.9006 42.109
1010101 FRAC0_S 0 1 -30015.7 -15981.1 8063.21 -4.02181e+06 4.68838e+06 -7.10027e+06 8663.77 -35.3598 28.3734
1010101 FRAC0_S 0 1 -30054.8 -15794.2 7786.82 -3.29106e+06 7.76905e+06 -3.1051e+06 6660.85 -55.7278 15.5124
1010101 FRAC0_S 0 1 -30063.8 -15531 7579.64 -9.26566e+06 6.26738e+06 3.09224e+06 4771.99 -39.1836 -12.0402
1010101 FRAC0_S 0 1 -30062.4 -15220.8 7459.37 -1.30957e+07 2.15826e+07 4.74662e+06 44504.9 -55.663 -8.91258
1010101 FRAC0_S 0 1 -30061.8 -14888.5 7441.65 -7.62145e+06 6.4431e+06 1.49204e+06 3995.35 -45.9764 -7.17747
1010101 FRAC0_S 0 1 -30060.4 -14566.1 7526.98 -4.477e+06 1.05162e+07 3.24921e+06 11258.9 -57.4436 -12.8459
1010101 FRAC0_S 0 1 -30064.3 -14290.9 7710.27 -2.67105e+06 9.17526e+06 3.45829e+06 9092.4 -58.7725 -15.9402
1010101 FRAC0_S 0 1 -30072.8 -14088.2 7972.89 255972 7.38048e+06 4.28404e+06 7300.75 -59.8463 -23.7698
1010101 FRAC0_S 0 1 -30072.6 -13968.3 8282.1 1.88816e+07 -1.81491e+06 4.54155e+06 34805.8 9.70563 -12.9674