
Step FractureNumber TipNr TipActive TipX TipY TipZ KI KII KIII G Phi Psi Extension
1010000 FRAC0_S 0 1 -44474.7 -14732.7 7707.43 5.58037e+06 1.50855e+06 -686830 3040.46 -24.5263 6.63225
1010000 FRAC0_S 0 1 -44689.5 -14510.6 7700.19 5.26862e+06 1.58601e+06 -321400 2711.43 -27.5227 3.42727
1010000 FRAC0_S 0 1 -44934.7 -14336.5 7771.25 4.80883e+06 592592 -313437 2105.01 -13.7644 4.17872
1010000 FRAC0_S 0 1 -45186.3 -14227.4 7913.64 5.0609e+06 1.63806e+06 382954 2540.96 -28.6373 -4.12135
1010000 FRAC0_S 0 1 -45419.6 -14193.8 8113.43 5.50469e+06 1.60141e+06 975754 3055.33 -24.9924 -8.93621
1010000 FRAC0_S 0 1 -45611.9 -14239.2 8351.05 4.83934e+06 969289 1.12038e+06 2337.55 -18.2146 -11.7493
1010000 FRAC0_S 0 1 -45744.3 -14359 8603.26 3.4049e+06 281879 1.00971e+06 1175.76 -8.1505 -15.2441
1010000 FRAC0_S 0 1 -45803.8 -14541.6 8845.36 5.69841e+06 -268983 1.80916e+06 3335.34 4.7587 -16.3601
1010000 FRAC0_S 0 1 -45784.6 -14769 9053.65 4.78781e+06 -1.03555e+06 1.38655e+06 2393.94 18.6639 -13.7798
1010000 FRAC0_S 0 1 -45688.6 -15019.1 9207.75 3.72104e+06 -1.28816e+06 868412 1481.99 27.3207 -10.804
1010000 FRAC0_S 0 1 -45525.3 -15267.3 9292.57 5.48186e+06 -2.39677e+06 886480 3294.24 33.0481 -7.55117
1010000 FRAC0_S 0 1 -45310.5 -15489.4 9299.81 4.19857e+06 -1.43068e+06 168844 1757.02 30.283 -2.24342
1010000 FRAC0_S 0 1 -45065.3 -15663.5 9228.75 5.49176e+06 -2.74243e+06 -402591 3379.26 37.3964 3.56415
1010000 FRAC0_S 0 1 -44813.7 -15772.6 9086.36 5.11425e+06 -2.11639e+06 -842205 2824.2 31.8916 7.77824
1010000 FRAC0_S 0 1 -44595.6 -15806.6 8902.29 5.3062e+06 -1.56818e+06 -1.19618e+06 2918.4 24.5603 10.8359
1010000 FRAC0_S 0 1 -44388.1 -15760.8 8648.95 5.33582e+06 -952186 -1.35525e+06 2862.13 16.3546 12.7929
1010000 FRAC0_S 0 1 -44255.7 -15641 8396.74 5.57876e+06 -520072 -1.34885e+06 3039.41 9.43488 13.0442
1010000 FRAC0_S 0 1 -44196.2 -15458.4 8154.64 5.25394e+06 558698 -1.61575e+06 2834.81 -10.1336 15.4045
1010000 FRAC0_S 0 1 -44215.4 -15231 7946.35 5.51092e+06 745685 -1.1319e+06 2926.24 -13.4165 11.1749
1010000 FRAC0_S 0 1 -44311.4 -14980.9 7792.25 3.98457e+06 712573 -634935 1513.64 -17.4593 8.82018
Step FractureNumber TipNr TipActive TipX TipY TipZ KI KII KIII G Phi Psi Extension
1010101 FRAC0_S 0 1 -44449.9 -14731.9 7612.91 5.34177e+06 -750373 -600179 2640.8 14.8174 6.72976
1010101 FRAC0_S 0 1 -44684.7 -14489 7605.36 5.78595e+06 -382198 -558897 3037.72 7.72816 6.25261
1010101 FRAC0_S 0 1 -44949.2 -14296.3 7683.98 5.77515e+06 -131773 -18386.1 2973.62 3.07883 0.241714
1010101 FRAC0_S 0 1 -45225.9 -14181.6 7837.44 5.31442e+06 -442301 465769 2563.03 9.59768 -5.6536
1010101 FRAC0_S 0 1 -45481.3 -14145 8055.46 5.3023e+06 -666369 678193 2606.01 13.3319 -7.61496
1010101 FRAC0_S 0 1 -45686.7 -14185.2 8320.44 4.02257e+06 -509109 1.23044e+06 1666.36 11.8231 -15.1513
1010101 FRAC0_S 0 1 -45824 -14304.4 8606.16 5.15343e+06 -219958 1.26643e+06 2584.19 4.56097 -13.6766
1010101 FRAC0_S 0 1 -45876.7 -14488.5 8879.53 5.22098e+06 170386 1.61233e+06 2777.35 -3.3645 -16.2076
1010101 FRAC0_S 0 1 -45841 -14729.8 9121.9 5.02473e+06 335807 1.27587e+06 2476.39 -6.90487 -13.776
1010101 FRAC0_S 0 1 -45723.8 -14994.4 9295.42 5.59124e+06 404413 1.2596e+06 3011.35 -7.58621 -12.5471
1010101 FRAC0_S 0 1 -45540.2 -15260.1 9389.24 5.51147e+06 155539 713702 2776.74 -3.3711 -8.31167
1010101 FRAC0_S 0 1 -45305.3 -15498.5 9397.43 5.01864e+06 -45490.7 125184 2246.66 1.22189 -1.86242
1010101 FRAC0_S 0 1 -45038.2 -15685 9320.58 5.57298e+06 773343 -331356 2835.49 -15.2746 3.78922
1010101 FRAC0_S 0 1 -44767.3 -15807.7 9165.14 5.91487e+06 1.01242e+06 -677049 3269.88 -17.3984 6.6831
1010101 FRAC0_S 0 1 -44491.8 -15855.3 8915.67 3.643e+06 449124 -715627 1268.7 -12.4675 10.8791
1010101 FRAC0_S 0 1 -44313.6 -15815.9 8679 5.65489e+06 589136 -1.29394e+06 3103.15 -10.5142 12.4168
1010101 FRAC0_S 0 1 -44177.4 -15696.6 8392.86 5.90044e+06 104285 -1.13799e+06 3275.59 -2.02909 11.5895
1010101 FRAC0_S 0 1 -44124.3 -15509 8115.16 4.86201e+06 -332392 -912379 2227.04 7.41282 10.9169
1010101 FRAC0_S 0 1 -44153.6 -15266.9 7879.82 4.96191e+06 -491464 -942168 2333.52 10.3449 10.7745
1010101 FRAC0_S 0 1 -44264.6 -14997.5 7708.19 5.56522e+06 -757492 -800404 2896.23 14.0964 8.34796