
Step FractureNumber TipNr TipActive TipX TipY TipZ KI KII KIII G Phi Psi Extension
1010000 FRAC0_S 0 1 -44463.4 -44170.8 8500 30454.6 -88760.9 -14286.9 0.811848 62.1378 7.96931
1010000 FRAC0_S 0 1 -44745.9 -44045.6 8500 24355.9 -63078.3 -26395.7 0.500084 56.0849 16.3127
1010000 FRAC0_S 0 1 -45053.3 -44013.7 8500 29737.4 269570 58641.3 7.0116 -65.7327 -11.8927
1010000 FRAC0_S 0 1 -45355.5 -44078.5 8500 34157.2 -34076.9 -55138 0.61179 33.3292 28.2686
1010000 FRAC0_S 0 1 -45638.4 -44246.2 8500 14002.8 272985 304003 18.9496 -49.7322 -31.391
1010000 FRAC0_S 0 1 -45829.2 -44463.4 8500 35256.3 19124.6 -54918.6 0.544492 -22.3532 30.8605
1010000 FRAC0_S 0 1 -45954.4 -44745.9 8500 35653.5 42729.2 -47585 0.577126 -39.4348 24.7559
1010000 FRAC0_S 0 1 -45986.3 -45053.3 8500 39271.2 68197.1 -34139 0.706872 -51.1878 16.8864
1010000 FRAC0_S 0 1 -45921.5 -45355.5 8500 36470.8 73209.2 -19230.7 0.645306 -56.9306 10.9015
1010000 FRAC0_S 0 1 -45766.5 -45622.8 8500 78691.5 575337 -148914 32.9976 -64.3754 13.3308
1010000 FRAC0_S 0 1 -45536.6 -45829.2 8500 70357.7 -47523.6 62352.7 1.15945 32.048 -23.0348
1010000 FRAC0_S 0 1 -45254.1 -45954.4 8500 35643.2 71421.5 28023.2 0.672206 -54.4516 -14.7606
1010000 FRAC0_S 0 1 -44946.7 -45986.3 8500 42728.8 66584.1 49012.4 0.877252 -46.4968 -20.9838
1010000 FRAC0_S 0 1 -44644.5 -45921.5 8500 -10335.4 -170424 -124175 4.63892 56.3793 26.2908
1010000 FRAC0_S 0 1 -44377.2 -45766.5 8500 14789.1 127390 166894 5.1701 -45.8117 -32.4965
1010000 FRAC0_S 0 1 -44170.8 -45536.6 8500 4285.12 28859.3 120112 1.99463 -23.8808 -40.8613
1010000 FRAC0_S 0 1 -44045.6 -45254.1 8500 17240.9 -27533.5 45192.6 0.365677 36.2893 -30.8544
1010000 FRAC0_S 0 1 -44013.7 -44946.7 8500 32905.5 -66898.2 39514.6 0.702953 51.0853 -19.4683
1010000 FRAC0_S 0 1 -44078.5 -44644.5 8500 36334.9 -97515.9 31794 1.09947 58.1585 -13.7556
1010000 FRAC0_S 0 1 -44233.5 -44377.2 8500 30292.2 -105791 8395.14 1.08843 64.9808 -4.4209
Step FractureNumber TipNr TipActive TipX TipY TipZ KI KII KIII G Phi Psi Extension
1010101 FRAC0_S 0 1 -44463.4 -44170.8 8500 -54461.3 -178620 31963.8 2.97895 62.5572 -8.92666
1010101 FRAC0_S 0 1 -44746.4 -44035.3 8477.21 15014.7 -10083.5 -36782.6 0.209093 20.9544 34.7043
1010101 FRAC0_S 0 1 -45061.9 -43973.8 8468.15 -137005 -18808.2 -17930.6 0.0742827 14.335 7.69822
1010101 FRAC0_S 0 1 -45381.2 -44016.7 8485.61 32827.9 14591.2 -35517.9 0.282785 -22.4638 27.3514
1010101 FRAC0_S 0 1 -45650.7 -44188.9 8475.59 40640.9 42.0458 -16517.6 0.183469 -0.10287 19.7721
1010101 FRAC0_S 0 1 -45839.4 -44450.8 8480.92 10539.3 8638.28 14596.8 0.0448852 -31.2279 -27.5466
1010101 FRAC0_S 0 1 -45954.4 -44745.9 8500 36648.1 38374.8 -37836.4 0.44131 -39.5102 22.4407
1010101 FRAC0_S 0 1 -45986.3 -45053.3 8500 -69558.8 73540.4 -195337 5.55673 -27.1161 34.0263
1010101 FRAC0_S 0 1 -45929.9 -45362.2 8477.46 60358 6869.73 -44784.2 0.595589 -8.32295 25.9105
1010101 FRAC0_S 0 1 -45794.9 -45654.2 8468.19 61691.2 30387.7 -20361.2 0.476559 -32.7233 13.0425
1010101 FRAC0_S 0 1 -45568 -45871.6 8503.99 -40566.6 -158824 16448.5 2.28379 65.1155 -5.7525
1010101 FRAC0_S 0 1 -45264.7 -45989.4 8495.13 100226 2933.8 50939 1.24101 -2.64001 -22.1778
1010101 FRAC0_S 0 1 -44939.9 -46033.5 8484.55 75375.2 78173 34202.1 1.20641 -46.1561 -13.114
1010101 FRAC0_S 0 1 -44622.7 -45978.1 8505.58 33792.6 43471.8 57506.8 0.709993 -37.8753 -27.2741
1010101 FRAC0_S 0 1 -44331.1 -45818.9 8474.85 19008.1 -429.545 80423.4 0.892446 0.600904 -41.4139
1010101 FRAC0_S 0 1 -44121.4 -45574.9 8461.84 41913.2 25490.2 95990.4 1.43992 -20.137 -34.434
1010101 FRAC0_S 0 1 -44026.4 -45266.5 8489.88 14488 42182.6 88082.6 1.20915 -34.8531 -35.2441
1010101 FRAC0_S 0 1 -44001.5 -44941.9 8521.24 32902.2 -40677.9 77086.8 1.03425 32.6956 -31.2692
1010101 FRAC0_S 0 1 -44053.9 -44635 8542.48 -26818.7 -7496.05 44795.7 0.271892 12.6371 -33.5861
1010101 FRAC0_S 0 1 -44221.2 -44372.5 8521.24 59243.8 -4466.26 4945.01 0.31779 8.81126 -5.44689