
Step FractureNumber TipNr TipActive TipX TipY TipZ KI KII KIII G Phi Psi Extension
1010000 FRAC0_S 0 1 -21841.9 -6763.56 8500 275440 3.72466e+06 -270538 1252.73 -68.8559 4.80874
1010000 FRAC0_S 0 1 -22101.7 -6596.22 8500 -253827 3.13416e+06 491399 907.442 -67.4169 -9.3507
1010000 FRAC0_S 0 1 -22400.4 -6517.35 8500 -359551 3.58765e+06 1.59464e+06 1485.15 -61.2959 -19.7118
1010000 FRAC0_S 0 1 -22708.9 -6534.66 8500 -1.24814e+07 2.35244e+06 1.8403e+06 943.564 -18.3583 -8.20678
1010000 FRAC0_S 0 1 -22997 -6646.48 8500 -9.48976e+06 2.09335e+06 2.77791e+06 1416.82 -18.9199 -13.8531
1010000 FRAC0_S 0 1 -23236.5 -6841.84 8500 -242141 233207 2.27461e+06 692.966 -11.3691 -41.9397
1010000 FRAC0_S 0 1 -23403.8 -7101.63 8500 -273010 -888378 2.27603e+06 759.309 31.5066 -37.1785
1010000 FRAC0_S 0 1 -23482.6 -7400.41 8500 -271645 -2.02168e+06 2.20287e+06 1009.61 48.7975 -30.294
1010000 FRAC0_S 0 1 -23465.3 -7708.94 8500 -288189 -3.06247e+06 1.67088e+06 1207.05 59.3457 -22.3002
1010000 FRAC0_S 0 1 -23353.5 -7997.01 8500 -152618 -4.15879e+06 1.08927e+06 1699.01 66.2986 -14.3895
1010000 FRAC0_S 0 1 -23158.1 -8236.44 8500 1.5119e+07 -2.08837e+06 -341415 20773.3 15.6692 1.50501
1010000 FRAC0_S 0 1 -22898.3 -8403.78 8500 -284959 -3.60755e+06 -656816 1217.09 67.0002 10.5735
1010000 FRAC0_S 0 1 -22599.6 -8482.65 8500 -234063 -3.14698e+06 -1.34503e+06 1123.11 62.1853 19.5258
1010000 FRAC0_S 0 1 -22291.1 -8465.34 8500 -279453 -2.35935e+06 -1.96869e+06 1011.51 53.3345 27.3031
1010000 FRAC0_S 0 1 -22003 -8353.52 8500 5.03304e+06 -1.47787e+06 -2.34289e+06 3181.97 21.4183 18.3296
1010000 FRAC0_S 0 1 -21763.5 -8158.16 8500 9.88406e+06 191636 -1.80909e+06 9144.12 -2.23922 11.1085
1010000 FRAC0_S 0 1 -21596.2 -7898.37 8500 -284296 836724 -2.48131e+06 881.253 -28.7417 38.0699
1010000 FRAC0_S 0 1 -21517.4 -7599.59 8500 -6.59754e+06 1.99545e+06 -3.01441e+06 1563.35 -21.9989 18.0308
1010000 FRAC0_S 0 1 -21534.7 -7291.06 8500 1.2792e+07 2.41749e+06 -1.37737e+06 15354.7 -18.9177 6.24953
1010000 FRAC0_S 0 1 -21646.5 -7002.99 8500 1.09643e+07 2.39994e+06 -325357 11239.8 -22.3921 1.83516
Step FractureNumber TipNr TipActive TipX TipY TipZ KI KII KIII G Phi Psi Extension
1010101 FRAC0_S 0 1 -21805.9 -6729.69 8420.76 9.77847e+06 2.28529e+06 2.41008e+06 9758.46 -20.3597 -12.073
1010101 FRAC0_S 0 1 -22086.6 -6559.98 8408.59 1.9132e+06 483260 -197709 352.182 -23.651 5.75293
1010101 FRAC0_S 0 1 -22399.1 -6461.48 8425.19 2.32026e+06 1.39367e+06 237015 660.284 -40.6741 -4.56042
1010101 FRAC0_S 0 1 -22729.7 -6455.9 8454.22 1.53231e+06 2.22635e+06 1.40677e+06 914.119 -47.3375 -18.7952
1010101 FRAC0_S 0 1 -23044.1 -6566.08 8470.99 447087 1.34551e+06 1.55401e+06 500.326 -44.972 -29.104
1010101 FRAC0_S 0 1 -23304.4 -6780.14 8495.1 341458 359899 1.83882e+06 471.64 -18.4304 -39.171
1010101 FRAC0_S 0 1 -23477.4 -7066.44 8540.01 781768 -603665 1.64497e+06 446.823 25.1106 -32.6165
1010101 FRAC0_S 0 1 -23547.4 -7391.19 8572.19 -1.02735e+07 -6.26268e+06 109709 3496.6 42.7638 -0.512647
1010101 FRAC0_S 0 1 -23515.3 -7717.73 8584.71 -5.56781e+06 3.31878e+06 643261 1036.52 -40.2656 -5.11461
1010101 FRAC0_S 0 1 -23391.2 -8044.2 8572.43 8.30814e+06 7.76062e+06 825900 11608.4 -49.5391 -3.73419
1010101 FRAC0_S 0 1 -23202.9 -8286.33 8559.41 2.05676e+06 -1.99716e+06 327758 746.676 49.2691 -5.64991
1010101 FRAC0_S 0 1 -22923.5 -8451.21 8574.89 2.92842e+06 -1.97985e+06 125324 1115.56 44.2363 -1.92155
1010101 FRAC0_S 0 1 -22602.7 -8529.39 8587.29 2.85114e+06 -1.0563e+06 -246078 831.858 31.0768 4.50532
1010101 FRAC0_S 0 1 -22274.2 -8526.24 8571.35 2.55875e+06 -1.60825e+06 -931931 929.409 37.1934 13.1537
1010101 FRAC0_S 0 1 -21957.7 -8424.99 8537.34 1.05687e+07 2.84245e+06 -701092 10738.8 -25.3586 3.79356
1010101 FRAC0_S 0 1 -21694.5 -8220.4 8495.15 394084 -478391 -2.27575e+06 723.044 19.6575 39.1399
1010101 FRAC0_S 0 1 -21514.4 -7935.04 8465.62 1.90118e+07 -7.0411e+06 -10545.1 36626.3 32.7126 0.0315531
1010101 FRAC0_S 0 1 -21428 -7608.11 8461.15 196457 493741 -1.42827e+06 296.478 -28.8267 37.5876
1010101 FRAC0_S 0 1 -21445.4 -7271.76 8464.9 648516 1.65635e+06 -1.15058e+06 458.02 -51.0243 22.3133
1010101 FRAC0_S 0 1 -21577.4 -6968 8449.53 -1.13432e+07 6.27261e+06 -3.52277e+06 5156.61 -35.3795 12.0823