
Step FractureNumber TipNr TipActive TipX TipY TipZ KI KII KIII G Phi Psi Extension
1010000 FRAC0_S 0 1 -45000 -29019.2 8617.02 -3.01603e+06 -684639 290928 53.0256 21.9535 -5.50973
1010000 FRAC0_S 0 1 -45000 -29103.5 8914.36 -2.26634e+06 -613293 59908.6 33.9942 26.162 -1.57596
1010000 FRAC0_S 0 1 -45000 -29275.4 9171.13 -3.00955e+06 -813222 -114450 60.6732 25.9303 2.23947
1010000 FRAC0_S 0 1 -45000 -29518.2 9362.22 -3.47773e+06 -715248 -374717 64.2618 20.206 6.17676
1010000 FRAC0_S 0 1 -45000 -29808.3 9468.89 -2.8795e+06 -515430 -749807 98.4477 16.3275 13.0307
1010000 FRAC0_S 0 1 -45000 -30117.1 9480.74 -2.53585e+06 -217161 -414322 27.0335 9.26971 9.63858
1010000 FRAC0_S 0 1 -45000 -30414.4 9396.57 -3.6159e+06 118050 -692694 65.0585 -3.68376 11.3976
1010000 FRAC0_S 0 1 -45000 -30671.2 9224.65 -2.88745e+06 -102601 -321563 14.6906 4.27032 7.26276
1010000 FRAC0_S 0 1 -45000 -30862.2 8981.79 -2.94863e+06 362062 -459492 39.762 -12.7991 9.01611
1010000 FRAC0_S 0 1 -45000 -30968.9 8691.77 -2.97361e+06 552076 -399404 48.3762 -18.3066 7.59532
1010000 FRAC0_S 0 1 -45000 -30980.8 8382.98 -2.79894e+06 662467 -287572 50.1058 -22.5531 5.78896
1010000 FRAC0_S 0 1 -45000 -30896.5 8085.64 -2.86898e+06 772362 -169237 56.9673 -25.5006 3.39907
1010000 FRAC0_S 0 1 -45000 -30724.6 7828.87 -2.08751e+06 617086 -28150.7 34.0381 -28.0442 0.799995
1010000 FRAC0_S 0 1 -45000 -30481.8 7637.78 -2.79447e+06 817019 136648 61.9661 -27.1911 -2.79983
1010000 FRAC0_S 0 1 -45000 -30191.7 7531.11 -2.14868e+06 375459 -549933 52.7845 -16.055 12.8976
1010000 FRAC0_S 0 1 -45000 -29882.9 7519.26 -2.76531e+06 573740 432657 54.2296 -19.6766 -8.51325
1010000 FRAC0_S 0 1 -45000 -29585.6 7603.43 -2.98736e+06 394069 553382 54.5668 -13.3188 -10.317
1010000 FRAC0_S 0 1 -45000 -29328.8 7775.35 -2.56964e+06 722656 147017 49.4107 -26.3259 -3.2739
1010000 FRAC0_S 0 1 -45000 -29137.8 8018.21 -3.08564e+06 -269376 560477 48.246 9.30032 -10.489
1010000 FRAC0_S 0 1 -45000 -29031.1 8308.23 -2.65189e+06 -270693 422675 30.2905 10.8702 -9.32852
Step FractureNumber TipNr TipActive TipX TipY TipZ KI KII KIII G Phi Psi Extension
1010101 FRAC0_S 0 1 -44965.6 -28928.8 8627.16 -2.61503e+06 -1.59706e+06 310973 240.146 40.7058 -5.20673
1010101 FRAC0_S 0 1 -44957.7 -29023.2 8951.21 -2.14378e+06 -1.72179e+06 61268.7 264.673 47.9277 -1.20896
1010101 FRAC0_S 0 1 -44958.5 -29210.5 9231.58 -2.11517e+06 -1.6978e+06 -201708 262.272 46.6867 3.83563
1010101 FRAC0_S 0 1 -44964.8 -29474.2 9441.99 -2.34566e+06 -1.40407e+06 -315684 188.926 40.0021 5.85781
1010101 FRAC0_S 0 1 -44973.3 -29790.4 9560.95 -3.34682e+06 -1.60282e+06 -627606 281.314 34.4526 8.35944
1010101 FRAC0_S 0 1 -44986.5 -30128.6 9575.92 -2.97348e+06 -642682 -473011 66.5634 20.2742 8.58103
1010101 FRAC0_S 0 1 -44997.3 -30455.1 9484.65 -3.25631e+06 -53988 -565389 42.7751 1.93661 10.6764
1010101 FRAC0_S 0 1 -45003.5 -30736.8 9295.76 -3.18238e+06 315782 -573126 52.5729 -10.4377 10.3263
1010101 FRAC0_S 0 1 -45017.1 -30945.1 9028.47 -2.95098e+06 969502 -589481 129.973 -26.8608 9.63132
1010101 FRAC0_S 0 1 -45030.9 -31059.7 8710.14 -3.05528e+06 1.71401e+06 -479775 292.404 -38.2512 6.85367
1010101 FRAC0_S 0 1 -45037.8 -31070.3 8372.65 -2.87881e+06 2.247e+06 -322346 463.739 -45.8336 4.49943
1010101 FRAC0_S 0 1 -45042.9 -30976.6 8048.98 -2.57269e+06 2.3096e+06 -97512 476.6 -49.8738 1.5147
1010101 FRAC0_S 0 1 -45045.7 -30788.3 7770 -2.15138e+06 2.03843e+06 50638 370.611 -51.1237 -0.926742
1010101 FRAC0_S 0 1 -45041.5 -30524.3 7560.4 -2.28417e+06 1.84533e+06 267701 312.972 -46.4244 -4.62632
1010101 FRAC0_S 0 1 -45033.7 -30209.1 7441.18 -2.5598e+06 1.61423e+06 320421 245.854 -41.2528 -5.39309
1010101 FRAC0_S 0 1 -45029.6 -29871.9 7426.87 -2.59797e+06 1.32178e+06 401662 177.141 -36.2726 -6.96477
1010101 FRAC0_S 0 1 -45031.1 -29547.3 7519.45 -2.21634e+06 990348 354752 104.136 -33.5177 -7.44208
1010101 FRAC0_S 0 1 -45023.9 -29266.7 7708.36 -2.83889e+06 821208 675168 120.723 -24.0078 -11.3472
1010101 FRAC0_S 0 1 -44998.3 -29055.4 7972.94 -3.026e+06 -324119 737321 81.6656 10.6613 -12.9964
1010101 FRAC0_S 0 1 -44977.2 -28938.3 8289.41 -2.84179e+06 -1.02765e+06 444795 120.418 29.3762 -7.69098