
Step FractureNumber TipNr TipActive TipX TipY TipZ KI KII KIII G Phi Psi Extension
1010000 FRAC0_S 0 1 -15000 -14017.8 8603.45 3.43986e+06 7.78268e+06 -1.2257e+06 6651.62 -60.1669 7.36021
1010000 FRAC0_S 0 1 -15000 -14097.8 8901.92 8.03132e+06 1.07762e+07 -2.37946e+06 16848.7 -53.0984 8.34377
1010000 FRAC0_S 0 1 -15000 -14266.1 9161.05 7.28003e+06 4.04461e+06 799445 6265.46 -38.9139 -4.99973
1010000 FRAC0_S 0 1 -15000 -14506.3 9355.47 1.03858e+07 4.26331e+06 1.92543e+06 11724.6 -31.3795 -8.61574
1010000 FRAC0_S 0 1 -15000 -14794.9 9466.15 9.77646e+06 2.36429e+06 1.96215e+06 9527.23 -21.503 -10.2134
1010000 FRAC0_S 0 1 -15000 -15103.5 9482.25 3.21596e+06 -9.58522e+06 -4.52868e+06 11836.4 56.0199 18.1296
1010000 FRAC0_S 0 1 -15000 -15401.9 9402.21 1.11932e+07 -123775 3.24665e+06 12567.6 1.18479 -15.7485
1010000 FRAC0_S 0 1 -15000 -15661 9233.85 1.99695e+07 -9.63626e+06 8.88578e+06 54311.2 30.6615 -16.2477
1010000 FRAC0_S 0 1 -15000 -15855.5 8993.66 7.27158e+06 -3.87207e+06 3.01409e+06 7256.06 33.0533 -15.11
1010000 FRAC0_S 0 1 -15000 -15966.1 8705.15 4.25055e+06 -5.90656e+06 2.2092e+06 5367.9 50.8993 -12.8813
1010000 FRAC0_S 0 1 -15000 -15982.2 8396.55 1.74971e+06 -7.74478e+06 954323 5738.89 65.312 -6.84871
1010000 FRAC0_S 0 1 -15000 -15902.2 8098.08 -743864 -8.84175e+06 -1.02184e+06 7105.19 68.0604 7.20768
1010000 FRAC0_S 0 1 -15000 -15733.9 7838.95 -3.65481e+06 -6.04178e+06 -2.42666e+06 4035.98 52.3852 14.2908
1010000 FRAC0_S 0 1 -15000 -15493.7 7644.53 -5.62213e+06 -6.70194e+06 -5.11115e+06 7476.94 43.4718 20.0298
1010000 FRAC0_S 0 1 -15000 -15205.1 7533.85 1.24143e+07 -1.99897e+07 -1.7039e+07 87953.9 45.1597 22.9611
1010000 FRAC0_S 0 1 -15000 -14896.5 7517.75 -8.25077e+06 -1.76181e+06 -8.57396e+06 10053.8 12.6416 28.9591
1010000 FRAC0_S 0 1 -15000 -14598.1 7597.79 -6.16494e+06 1.98425e+06 -6.56789e+06 6088.1 -17.6032 28.2372
1010000 FRAC0_S 0 1 -15000 -14339 7766.15 -2.90963e+06 -1.08165e+07 -1.62143e+07 45391.7 41.4415 32.5628
1010000 FRAC0_S 0 1 -15000 -14144.5 8006.34 -1.88807e+07 -6.83459e+06 4.36097e+06 6691.87 28.1992 -10.616
1010000 FRAC0_S 0 1 -15000 -14033.9 8294.85 -7.34665e+06 -2.73022e+06 -9.58748e+06 12889.6 18.0884 30.1849
Step FractureNumber TipNr TipActive TipX TipY TipZ KI KII KIII G Phi Psi Extension
1010101 FRAC0_S 0 1 -15055.6 -13956.1 8607.23 8.33642e+06 4.04103e+06 -244211 7655.87 -37.6478 1.49683
1010101 FRAC0_S 0 1 -15077.4 -14043.6 8928.46 1.46531e+07 1.17196e+06 -1.5697e+06 19583.3 -9.11463 6.76995
1010101 FRAC0_S 0 1 -15064.4 -14212.8 9211.68 1.26581e+07 -523786 2.2796e+06 14993.4 4.66243 -10.7828
1010101 FRAC0_S 0 1 -15050.9 -14465.7 9428.22 1.3417e+07 -1.45787e+06 3.17203e+06 17568.9 10.8527 -12.6902
1010101 FRAC0_S 0 1 -15010.6 -14775.9 9544.04 1.29589e+07 593676 2.08815e+06 15575.8 -5.21315 -9.82539
1010101 FRAC0_S 0 1 -14967.2 -15111.7 9555.63 1.14416e+07 6.08248e+06 3.86419e+06 16948.2 -34.1525 -13.015
1010101 FRAC0_S 0 1 -14965.5 -15438.1 9477.75 9.29206e+06 2.69448e+06 3.95818e+06 10424.7 -21.6594 -17.3294
1010101 FRAC0_S 0 1 -14960.4 -15718.1 9299.11 1.13362e+07 1.62135e+06 3.79912e+06 13605.4 -12.8908 -15.988
1010101 FRAC0_S 0 1 -14940.6 -15921.6 9033.86 1.2708e+07 -513041 2.99522e+06 15607.4 4.35916 -13.2811
1010101 FRAC0_S 0 1 -14924.9 -16025.6 8721.07 1.08258e+07 -1.7335e+06 2.27332e+06 11398.6 15.4058 -11.1795
1010101 FRAC0_S 0 1 -14912 -16027 8393.83 1.04301e+07 -2.52847e+06 37339.9 10263.9 24.5886 -0.223838
1010101 FRAC0_S 0 1 -14911.1 -15941 8079.16 1.06069e+07 -4.16723e+06 -1.89685e+06 12051.4 30.6218 8.44777
1010101 FRAC0_S 0 1 -14920 -15774.2 7799.01 6.10454e+06 -6.10992e+06 -3.47127e+06 8249.91 43.912 15.6454
1010101 FRAC0_S 0 1 -14928 -15526.8 7585.65 1.27207e+06 -6.62633e+06 -4.51761e+06 6771.24 54.779 24.0117
1010101 FRAC0_S 0 1 -14941.8 -15218.9 7459.39 -2.01076e+06 -7.00762e+06 -6.8882e+06 10686.4 48.091 27.5889
1010101 FRAC0_S 0 1 -14978.9 -14885.4 7430.22 -2.80621e+07 1.41779e+07 3.48363e+06 19526.2 -36.6805 -5.75117
1010101 FRAC0_S 0 1 -14993.1 -14563.6 7516.07 -8.14026e+06 1.70887e+06 -6.73e+06 6284.17 -13.6866 26.2249
1010101 FRAC0_S 0 1 -14962.7 -14285.1 7705.51 3.24735e+06 2.92526e+07 -1.70471e+07 115843 -58.256 22.9302
1010101 FRAC0_S 0 1 -14952.1 -14070.6 7965.46 -5.71848e+06 578921 -5.31076e+06 3781.02 -6.80796 28.778
1010101 FRAC0_S 0 1 -14994.3 -13955.9 8275.28 853145 5.60937e+06 -2.17911e+06 3500.26 -61.3814 17.5704