
Step FractureNumber TipNr TipActive TipX TipY TipZ KI KII KIII G Phi Psi Extension
1010000 FRAC0_S 0 1 -45000 -29019.2 8617.02 -2.69822e+06 -784514 281557 65.3873 26.1369 -5.64952
1010000 FRAC0_S 0 1 -45000 -29103.5 8914.36 -2.02986e+06 -678061 38610.5 41.1681 30.2966 -1.09
1010000 FRAC0_S 0 1 -45000 -29275.4 9171.13 -2.69563e+06 -884983 -159829 73.1879 29.2052 3.27268
1010000 FRAC0_S 0 1 -45000 -29518.2 9362.22 -3.11464e+06 -778757 -435647 79.2837 22.9195 7.51523
1010000 FRAC0_S 0 1 -45000 -29808.3 9468.89 -2.60068e+06 -432776 -621186 68.0108 15.5969 12.3044
1010000 FRAC0_S 0 1 -45000 -30117.1 9480.74 -2.27093e+06 -208403 -469863 33.2328 9.54346 11.5893
1010000 FRAC0_S 0 1 -45000 -30414.4 9396.57 -3.24766e+06 148319 -758191 78.4158 -4.90928 13.1368
1010000 FRAC0_S 0 1 -45000 -30671.2 9224.65 -2.59344e+06 -126943 -240014 9.09765 5.87452 6.10693
1010000 FRAC0_S 0 1 -45000 -30862.2 8981.79 -2.63484e+06 448040 -495742 50.574 -16.4306 10.172
1010000 FRAC0_S 0 1 -45000 -30968.9 8691.77 -2.6562e+06 653761 -416078 61.111 -22.409 8.29857
1010000 FRAC0_S 0 1 -45000 -30980.8 8382.98 -2.49666e+06 764539 -283464 62.7733 -26.9397 6.02655
1010000 FRAC0_S 0 1 -45000 -30896.5 8085.64 -2.55812e+06 870139 -143645 70.2132 -29.9508 3.08342
1010000 FRAC0_S 0 1 -45000 -30724.6 7828.87 -1.85977e+06 677939 5106.41 40.9585 -32.3497 -0.156504
1010000 FRAC0_S 0 1 -45000 -30481.8 7637.78 -2.49044e+06 873481 196651 73.1316 -30.1321 -4.20729
1010000 FRAC0_S 0 1 -45000 -30191.7 7531.11 -1.91258e+06 287859 -574500 51.2806 -13.7696 14.734
1010000 FRAC0_S 0 1 -45000 -29882.9 7519.26 -2.46651e+06 563635 503615 62.0415 -20.5492 -10.4459
1010000 FRAC0_S 0 1 -45000 -29585.6 7603.43 -2.66332e+06 342123 622843 62.0253 -12.5787 -12.4173
1010000 FRAC0_S 0 1 -45000 -29328.8 7775.35 -2.28227e+06 549295 262389 36.0435 -22.649 -6.3776
1010000 FRAC0_S 0 1 -45000 -29137.8 8018.21 -2.75861e+06 -368979 601768 60.2946 13.1663 -11.7269
1010000 FRAC0_S 0 1 -45000 -29031.1 8308.23 -2.3631e+06 -523705 473495 54.2582 20.1188 -10.3356
Step FractureNumber TipNr TipActive TipX TipY TipZ KI KII KIII G Phi Psi Extension
1010101 FRAC0_S 0 1 -44956.8 -28932.1 8626.84 -1.99007e+06 -1.7201e+06 250815 272.022 47.5958 -4.80674
1010101 FRAC0_S 0 1 -44951.6 -29026 8949.96 -1.86173e+06 -1.85472e+06 2813.94 306.539 52.4074 -0.0589946
1010101 FRAC0_S 0 1 -44953.3 -29212.6 9229.94 -1.87608e+06 -2.34415e+06 -526569 526.542 52.066 8.24654
1010101 FRAC0_S 0 1 -44961.6 -29475.1 9440.86 -1.87145e+06 -1.29241e+06 -320570 162.509 42.2971 6.89674
1010101 FRAC0_S 0 1 -44972.7 -29790.6 9560.72 -2.91202e+06 -1.50373e+06 -646735 257.125 35.4087 9.42597
1010101 FRAC0_S 0 1 -44987.1 -30128.6 9575.92 -3.11404e+06 -692321 -760633 119.66 19.6143 12.0755
1010101 FRAC0_S 0 1 -44997.6 -30455.1 9484.51 -2.97499e+06 -46623.8 -588988 46.3323 1.79615 11.8458
1010101 FRAC0_S 0 1 -45004.1 -30735.2 9296.5 -2.91607e+06 378381 -606113 61.6187 -12.9223 11.3237
1010101 FRAC0_S 0 1 -45021.1 -30943.6 9027.91 -2.61938e+06 1.09973e+06 -626783 160.02 -30.9446 10.5631
1010101 FRAC0_S 0 1 -45037.4 -31057.3 8709.79 -2.25781e+06 1.73065e+06 -430182 291.512 -44.0955 7.28098
1010101 FRAC0_S 0 1 -45044.7 -31067.4 8373.09 -2.33373e+06 2.38146e+06 -339160 520.675 -50.4238 5.08541
1010101 FRAC0_S 0 1 -45049.7 -30973.6 8050.47 -1.91333e+06 2.24728e+06 -95754.6 451.248 -54.4038 1.73805
1010101 FRAC0_S 0 1 -45051.8 -30785.9 7772.2 -1.71297e+06 2.056e+06 99447 377.996 -54.6344 -1.98337
1010101 FRAC0_S 0 1 -45044.5 -30523 7561.87 -1.94122e+06 1.82421e+06 316542 309.861 -48.5851 -5.85018
1010101 FRAC0_S 0 1 -45033.3 -30208.9 7441.35 -2.24723e+06 1.49835e+06 399564 221.289 -41.4596 -7.21205
1010101 FRAC0_S 0 1 -45029 -29871.9 7426.82 -1.92955e+06 1.10444e+06 -308258 121.334 -38.6192 6.91329
1010101 FRAC0_S 0 1 -45029.2 -29546.7 7518.97 -2.63583e+06 1.09345e+06 544759 146.011 -31.2352 -9.40561
1010101 FRAC0_S 0 1 -45019 -29266 7707.48 -2.71726e+06 600477 753889 107.721 -19.1245 -13.3109
1010101 FRAC0_S 0 1 -44989.6 -29056.6 7972.98 -2.6317e+06 -763097 774904 131.754 23.2769 -13.3559
1010101 FRAC0_S 0 1 -44966.1 -28941.5 8289.9 -2.39841e+06 -1.04693e+06 346205 113.611 33.3201 -6.84701