
Step FractureNumber TipNr TipActive TipX TipY TipZ KI KII KIII G Phi Psi Extension
1010000 FRAC0_S 0 1 30098 44257.7 9144.19 2.65881e+06 -1.48576e+06 -1.04075e+06 970.712 34.3675 14.3261
1010000 FRAC0_S 0 1 30340.6 44196.7 8962.74 2.6547e+06 -969128 -1.3008e+06 936.736 24.84 18.3006
1010000 FRAC0_S 0 1 30549.9 44214.2 8736 2.75623e+06 -331470 -1.45498e+06 968.301 9.84281 21.5974
1010000 FRAC0_S 0 1 30705.3 44308.6 8486.16 2.30635e+06 360023 -1.24834e+06 692.807 -12.2833 21.5173
1010000 FRAC0_S 0 1 30791.6 44470.7 8237.67 2.71432e+06 1.00166e+06 -1.28206e+06 964.534 -25.2459 17.8366
1010000 FRAC0_S 0 1 30800.5 44684.6 8014.85 2.7114e+06 1.52591e+06 -1.02343e+06 1001.9 -34.7185 13.9252
1010000 FRAC0_S 0 1 30730.9 44929.4 7839.53 2.51578e+06 1.6749e+06 -651860 870.485 -40.0481 9.90171
1010000 FRAC0_S 0 1 30589.9 45181.1 7728.86 2.78913e+06 2.24751e+06 -161044 1146.78 -47.4486 2.38506
1010000 FRAC0_S 0 1 30391.2 45415.2 7693.68 2.70134e+06 2.05346e+06 243543 1033.9 -45.7013 -3.72218
1010000 FRAC0_S 0 1 30154.1 45608.5 7737.42 2.73864e+06 1.8919e+06 671001 1047.17 -41.0458 -9.34359
1010000 FRAC0_S 0 1 29902 45742.3 7855.81 2.86532e+06 1.54152e+06 1.08878e+06 1101.01 -33.7623 -14.158
1010000 FRAC0_S 0 1 29659.4 45803.3 8037.26 2.7145e+06 961571 1.31863e+06 970.26 -24.3581 -18.2923
1010000 FRAC0_S 0 1 29450.1 45785.8 8264 2.06445e+06 221972 1.09612e+06 543.971 -8.88575 -21.8107
1010000 FRAC0_S 0 1 29294.7 45691.4 8513.84 2.91114e+06 -430844 1.55699e+06 1094.15 11.771 -21.4566
1010000 FRAC0_S 0 1 29208.4 45529.3 8762.33 2.92727e+06 -1.10562e+06 1.43569e+06 1146.65 25.4435 -18.2032
1010000 FRAC0_S 0 1 29199.5 45315.4 8985.15 2.62121e+06 -1.54483e+06 1.00898e+06 960.311 35.5545 -13.9533
1010000 FRAC0_S 0 1 29269.1 45070.6 9160.47 2.58554e+06 -1.84843e+06 631489 953.198 41.7661 -9.21107
1010000 FRAC0_S 0 1 29410.1 44818.9 9271.14 2.63157e+06 -2.16005e+06 223352 1039.51 47.3145 -3.40843
1010000 FRAC0_S 0 1 29608.8 44584.8 9306.32 2.66862e+06 -2.14159e+06 -251980 1051.74 46.6995 3.80082
1010000 FRAC0_S 0 1 29845.9 44391.5 9262.58 2.66194e+06 -1.93543e+06 -698481 1030.11 41.8153 9.71353
Step FractureNumber TipNr TipActive TipX TipY TipZ KI KII KIII G Phi Psi Extension
1010101 FRAC0_S 0 1 30139.1 44228.8 9228.11 3.03799e+06 21916.4 -852423 919.115 -0.782067 15.4282
1010101 FRAC0_S 0 1 30394.8 44147.4 9026.09 3.02291e+06 94100.7 -1.06766e+06 966.68 -3.11279 17.7525
1010101 FRAC0_S 0 1 30610.5 44147.4 8765.98 3.00058e+06 60963.1 -1.28727e+06 1023.02 -1.94881 20.197
1010101 FRAC0_S 0 1 30762.2 44232.9 8475.52 3.45815e+06 61580.1 -1.43557e+06 1340.08 -1.72899 19.8273
1010101 FRAC0_S 0 1 30838.3 44399.3 8191.62 3.09896e+06 -93535 -1.13877e+06 1029.03 2.9907 18.2265
1010101 FRAC0_S 0 1 30834.1 44626.2 7943.98 3.18196e+06 -242970 -853401 1004.35 7.72495 14.2457
1010101 FRAC0_S 0 1 30748.6 44885.9 7753.22 3.44745e+06 -298190 -493220 1099.34 9.50213 8.62905
1010101 FRAC0_S 0 1 30590.4 45152.5 7634.53 4.22343e+06 -374252 -50391 1602.31 10.8186 0.84174
1010101 FRAC0_S 0 1 30377.3 45403.8 7596.64 3.79576e+06 -394331 275767 1307.85 11.8161 -4.69068
1010101 FRAC0_S 0 1 30127.5 45617.4 7643.19 3.73923e+06 -37549.3 588000 1292.03 1.19921 -9.90887
1010101 FRAC0_S 0 1 29861.4 45772.2 7772 3.33453e+06 -215968 936407 1111.6 6.57645 -14.8411
1010101 FRAC0_S 0 1 29605.7 45853.5 7974.3 3.21411e+06 -137195 1.22338e+06 1121.29 4.13565 -18.499
1010101 FRAC0_S 0 1 29389.8 45853.3 8234.4 3.23159e+06 -27573.8 1.5323e+06 1242.93 0.803349 -21.5693
1010101 FRAC0_S 0 1 29237.8 45767.3 8524.49 3.30927e+06 -61835.5 1.42728e+06 1247.15 1.79252 -20.2814
1010101 FRAC0_S 0 1 29162 45600.8 8808.4 3.13758e+06 91116.8 1.21376e+06 1073.91 -2.84201 -18.8476
1010101 FRAC0_S 0 1 29167.3 45374.3 9056.2 3.63064e+06 146938 1.03306e+06 1318.48 -4.21089 -15.2283
1010101 FRAC0_S 0 1 29253.1 45114.8 9246.86 3.93775e+06 308004 559135 1431.76 -8.68668 -8.62983
1010101 FRAC0_S 0 1 29410.5 44848 9365.41 3.80366e+06 346716 106292 1301.44 -10.9389 -1.92715
1010101 FRAC0_S 0 1 29623.4 44597.1 9403.18 3.80209e+06 395088 -252211 1310.53 -11.8795 4.31535
1010101 FRAC0_S 0 1 29873.2 44383.8 9356.71 3.50049e+06 141782 -631965 1146.81 -4.56695 10.8112