
Step FractureNumber TipNr TipActive TipX TipY TipZ KI KII KIII G Phi Psi Extension
1010000 FRAC0_S 0 1 -45000 15987.2 8471.27 1.35842e+06 580011 -247673 202.571 -32.2169 8.41338
1010000 FRAC0_S 0 1 -45000 15947.8 8777.76 1.36929e+06 596564 -111504 200.444 -34.4316 4.09165
1010000 FRAC0_S 0 1 -45000 15815.6 9057.06 1.40277e+06 646081 124728 214.612 -35.4293 -4.36726
1010000 FRAC0_S 0 1 -45000 15603.5 9281.83 1.43086e+06 508147 232282 212.625 -28.9304 -7.96671
1010000 FRAC0_S 0 1 -45000 15332.4 9430.08 1.38177e+06 375296 225717 189.464 -23.991 -8.45176
1010000 FRAC0_S 0 1 -45000 15028.7 9487.27 1.33368e+06 235086 281279 173.947 -16.6596 -11.0962
1010000 FRAC0_S 0 1 -45000 14722.2 9447.82 1.26569e+06 112818 302869 156.085 -9.07863 -12.9795
1010000 FRAC0_S 0 1 -45000 14442.9 9315.6 1.54541e+06 -44921 402115 234.506 3.12081 -14.3978
1010000 FRAC0_S 0 1 -45000 14218.2 9103.54 1.31093e+06 -175245 318944 169.404 12.9318 -12.7515
1010000 FRAC0_S 0 1 -45000 14070 8832.4 1.38722e+06 -137685 352402 189.687 9.89132 -13.4791
1010000 FRAC0_S 0 1 -45000 14012.8 8528.73 1.44429e+06 -526815 282132 221.198 28.9061 -9.24915
1010000 FRAC0_S 0 1 -45000 14052.2 8222.24 1.33218e+06 -658352 184070 201.272 35.9686 -6.36591
1010000 FRAC0_S 0 1 -45000 14184.4 7942.94 1.17682e+06 -511784 258449 155.632 31.9628 -9.77219
1010000 FRAC0_S 0 1 -45000 14396.5 7718.17 1.05633e+06 -562882 -108985 129.245 38.1728 4.78767
1010000 FRAC0_S 0 1 -45000 14667.6 7569.92 1.04752e+06 -633718 -70658.8 134.231 41.483 3.09227
1010000 FRAC0_S 0 1 -45000 14971.3 7512.73 1.36844e+06 -524252 -441627 217.301 27.9112 13.5756
1010000 FRAC0_S 0 1 -45000 15277.8 7552.18 1.21475e+06 112166 -646879 188.267 -7.72984 22.0187
1010000 FRAC0_S 0 1 -45000 15557.1 7684.4 1.15778e+06 -113393 -353167 137.182 9.43207 15.3989
1010000 FRAC0_S 0 1 -45000 15781.8 7896.46 1.20984e+06 598802 -404410 184.134 -32.7561 13.1517
1010000 FRAC0_S 0 1 -45000 15930 8167.6 1.29988e+06 408852 -360066 182.706 -24.9339 12.576
Step FractureNumber TipNr TipActive TipX TipY TipZ KI KII KIII G Phi Psi Extension
1010101 FRAC0_S 0 1 -45051.3 16070.7 8468.21 1.89874e+06 122279 -222528 329.179 -7.42239 7.41185
1010101 FRAC0_S 0 1 -45056.1 16025.4 8800.23 1.83301e+06 42073.3 15578.6 299.595 -3.08078 -0.640457
1010101 FRAC0_S 0 1 -45055.3 15882.5 9103.16 1.81099e+06 70485.1 549155 332.805 -4.00095 -15.9382
1010101 FRAC0_S 0 1 -45048.9 15654.8 9349.47 1.85253e+06 -102074 337350 321.879 6.09615 -10.7658
1010101 FRAC0_S 0 1 -45039.6 15361.8 9514.35 1.49408e+06 -330776 595809 255.882 17.8235 -17.1993
1010101 FRAC0_S 0 1 -45028.4 15030.9 9580.35 1.74277e+06 -208137 449874 301.426 11.6112 -13.4574
1010101 FRAC0_S 0 1 -45013.7 14695 9539.76 1.46676e+06 366710 82060.3 204.589 -24.2361 -3.28091
1010101 FRAC0_S 0 1 -44995.6 14388.5 9395.41 1.77934e+06 -73160.8 486454 314.077 4.31061 -14.795
1010101 FRAC0_S 0 1 -44983.1 14142.3 9162.22 1.97583e+06 -55854.1 594552 395.169 2.94582 -15.9671
1010101 FRAC0_S 0 1 -44973.7 13982.4 8864.51 1.84039e+06 -211763 393768 326.436 11.5962 -11.7019
1010101 FRAC0_S 0 1 -44956.8 13926.3 8532.6 1.66504e+06 -57420.6 342275 262.921 3.83928 -12.0233
1010101 FRAC0_S 0 1 -44945.3 13974 8199.53 2.03361e+06 6433.27 90676.8 369.618 -0.422063 -3.25967
1010101 FRAC0_S 0 1 -44943.4 14118 7897.76 1.76455e+06 3725.94 -157422 280.755 -0.270617 6.15582
1010101 FRAC0_S 0 1 -44939.3 14347.3 7658.43 1.65603e+06 142284 -379327 265.32 -8.84857 12.5856
1010101 FRAC0_S 0 1 -44939.7 14642.4 7497.01 1.53122e+06 257413 -482160 245.754 -14.9707 15.0741
1010101 FRAC0_S 0 1 -44963.4 14970.6 7427.16 1.45002e+06 69464.5 -459292 215.846 -4.8284 16.3266
1010101 FRAC0_S 0 1 -44990.9 15304.9 7462.18 1.41336e+06 -47645.9 -591818 224.79 3.21168 19.7442
1010101 FRAC0_S 0 1 -45008.7 15608.5 7607.04 1.456e+06 26658.5 -594922 236.043 -1.78489 19.6296
1010101 FRAC0_S 0 1 -45033.5 15850.4 7842.76 1.6364e+06 101415 -557371 280.852 -6.04936 16.9957
1010101 FRAC0_S 0 1 -45047.9 16010.5 8138.87 1.63356e+06 41922.1 -455255 265.513 -2.72739 15.1591