
Step FractureNumber TipNr TipActive TipX TipY TipZ KI KII KIII G Phi Psi Extension
1010000 FRAC0_S 0 1 -44201.4 29698 8003.36 1.53721e+06 -1.3274e+06 -1.69963e+06 751.782 34.7951 24.4696
1010000 FRAC0_S 0 1 -44275.2 29943.9 7831.33 1.84333e+06 -623228 -2.27043e+06 1022.99 17.2076 29.8043
1010000 FRAC0_S 0 1 -44420.1 30195.2 7724.75 2.47124e+06 427014 -2.64383e+06 1490.09 -10.3714 29.6997
1010000 FRAC0_S 0 1 -44621.5 30427.5 7694.05 2.00304e+06 1.50109e+06 -2.17436e+06 1187.11 -32.117 25.0286
1010000 FRAC0_S 0 1 -44860.1 30617.9 7742.25 1.24932e+06 1.52924e+06 -1.15811e+06 525.856 -43.8214 20.0904
1010000 FRAC0_S 0 1 -45112.4 30747.8 7864.62 1.79856e+06 2.89358e+06 -1.09328e+06 1193.32 -52.5105 13.5613
1010000 FRAC0_S 0 1 -45353.7 30804.5 8049.19 1.58152e+06 2.85387e+06 -375350 967.382 -58.4176 5.88494
1010000 FRAC0_S 0 1 -45567.5 30780 8287.48 949771 2.38151e+06 33970 585.933 -64.0183 -0.783996
1010000 FRAC0_S 0 1 -45712.2 30683.8 8528.32 1.78801e+06 3.02327e+06 942460 1217.5 -54.2358 -11.891
1010000 FRAC0_S 0 1 -45794.3 30518.3 8775.98 291556 1.46179e+06 684947 260.384 -58.7727 -19.3071
1010000 FRAC0_S 0 1 -45798.6 30302 8996.64 1.60275e+06 1.42744e+06 1.7703e+06 827.293 -35.4401 -24.2766
1010000 FRAC0_S 0 1 -45724.8 30056.1 9168.67 1.25813e+06 497471 1.60836e+06 507.153 -19.1727 -29.7494
1010000 FRAC0_S 0 1 -45579.9 29804.8 9275.25 1.81469e+06 -442392 2.33218e+06 1034.28 12.8452 -31.116
1010000 FRAC0_S 0 1 -45378.5 29572.5 9305.95 2.67911e+06 -1.81258e+06 2.52268e+06 1778.77 31.5031 -23.7839
1010000 FRAC0_S 0 1 -45139.9 29382.1 9257.75 1.73498e+06 -2.37022e+06 1.67355e+06 1141.35 45.6464 -19.8214
1010000 FRAC0_S 0 1 -44887.6 29252.2 9135.38 1.70604e+06 -2.98448e+06 1.0737e+06 1206.4 53.7211 -13.3841
1010000 FRAC0_S 0 1 -44646.3 29195.5 8950.81 1.83844e+06 -3.366e+06 390048 1331.02 58.893 -5.27777
1010000 FRAC0_S 0 1 -44439.6 29217.5 8722.12 1.67537e+06 -3.29314e+06 -301700 1228.61 60.1488 4.35705
1010000 FRAC0_S 0 1 -44287.8 29316.2 8471.68 2.13801e+06 -3.26403e+06 -1.11319e+06 1521.51 52.5689 12.3637
1010000 FRAC0_S 0 1 -44205.7 29481.7 8224.02 1.38811e+06 -1.82863e+06 -1.22351e+06 668.774 45.7839 18.9873
Step FractureNumber TipNr TipActive TipX TipY TipZ KI KII KIII G Phi Psi Extension
1010101 FRAC0_S 0 1 -44105.6 29706.1 7992.78 3.21304e+06 -141927 -2.49817e+06 1751.77 3.35356 27.2796
1010101 FRAC0_S 0 1 -44195 29953.9 7783.55 2.54016e+06 -13176.5 -2.27789e+06 1265.09 0.381311 29.4404
1010101 FRAC0_S 0 1 -44374.1 30204.2 7644.1 2.788e+06 47542.5 -2.48739e+06 1515.73 -1.24484 29.2431
1010101 FRAC0_S 0 1 -44616.3 30434 7598.41 2.89901e+06 333727 -2.20116e+06 1403.22 -8.33418 26.1812
1010101 FRAC0_S 0 1 -44887.8 30622.1 7648.39 3.3479e+06 378313 -1.6877e+06 1390.36 -9.44111 21.1084
1010101 FRAC0_S 0 1 -45163.2 30747.6 7780.03 4.02295e+06 286324 -1.13082e+06 1619.55 -7.17459 14.7878
1010101 FRAC0_S 0 1 -45420 30797 7975.96 4.05837e+06 126572 -332909 1483.84 -3.8673 5.56843
1010101 FRAC0_S 0 1 -45638 30770.6 8217.44 4.25032e+06 -28950.3 315868 1623.14 0.879248 -5.20576
1010101 FRAC0_S 0 1 -45798.6 30670.8 8481.57 4.27399e+06 35226.9 1.16847e+06 1809.47 -0.89744 -15.1369
1010101 FRAC0_S 0 1 -45886.8 30503.4 8749.12 3.96443e+06 19752.3 1.80498e+06 1833.86 -0.476857 -21.1114
1010101 FRAC0_S 0 1 -45893.1 30288.7 9002.9 2.20347e+06 34061.6 1.54893e+06 751.851 -1.25372 -26.3853
1010101 FRAC0_S 0 1 -45804.9 30045.5 9215.37 2.11959e+06 13768.4 1.98867e+06 926.348 -0.466846 -29.95
1010101 FRAC0_S 0 1 -45624.9 29796.4 9356.11 3.01723e+06 -110194 2.62437e+06 1728.32 2.65645 -28.719
1010101 FRAC0_S 0 1 -45382.9 29566.9 9401.88 2.77501e+06 -275776 2.14736e+06 1306.27 7.23038 -26.5903
1010101 FRAC0_S 0 1 -45111.5 29379.7 9351.3 3.66473e+06 -494210 1.8004e+06 1649.64 11.1288 -20.5529
1010101 FRAC0_S 0 1 -44836.1 29254.3 9219.67 4.81701e+06 -607775 1.24728e+06 2307.5 12.1721 -13.4281
1010101 FRAC0_S 0 1 -44566.7 29201.5 9011.99 4.59057e+06 -165004 340606 1895.7 4.45952 -5.06576
1010101 FRAC0_S 0 1 -44361.1 29225.7 8782.04 4.5259e+06 -281071 -362393 1849.81 7.40521 5.30593
1010101 FRAC0_S 0 1 -44199.1 29321.9 8514.53 3.99482e+06 -356857 -1.09944e+06 1594.19 8.86508 14.3895
1010101 FRAC0_S 0 1 -44109.8 29487 8243.91 3.59379e+06 -403337 -1.74966e+06 1572.54 9.48105 20.6889