
Step FractureNumber TipNr TipActive TipX TipY TipZ KI KII KIII G Phi Psi Extension
1010000 FRAC0_S 0 1 45000 -44020.2 8624.9 3.21326e+06 569879 130924 951.286 -18.8998 -2.57215
1010000 FRAC0_S 0 1 45000 -44106.8 8921.55 2.85679e+06 403794 172812 745.751 -15.4969 -3.84234
1010000 FRAC0_S 0 1 45000 -44280.8 9176.94 2.96751e+06 302446 235493 800.242 -11.5579 -5.09103
1010000 FRAC0_S 0 1 45000 -44525.1 9366.05 2.88666e+06 169491 297575 756.873 -6.89657 -6.66112
1010000 FRAC0_S 0 1 45000 -44816 9470.4 2.39096e+06 4034.13 271621 519.227 -0.211636 -7.6027
1010000 FRAC0_S 0 1 45000 -45124.9 9479.76 2.64657e+06 -222067 338133 643.756 9.35926 -7.85769
1010000 FRAC0_S 0 1 45000 -45421.5 9393.21 2.73717e+06 -274518 252050 682.788 11.2804 -5.82692
1010000 FRAC0_S 0 1 45000 -45676.9 9219.22 3.38292e+06 -428237 306575 1048.63 13.8027 -5.62436
1010000 FRAC0_S 0 1 45000 -45866 8974.84 2.84436e+06 -432473 129218 739.819 16.6476 -2.91166
1010000 FRAC0_S 0 1 45000 -45970.4 8683.98 2.83897e+06 -486332 19113.9 739.33 18.878 -0.444706
1010000 FRAC0_S 0 1 45000 -45979.8 8375.1 3.12782e+06 -494450 -76410.8 894.35 17.4646 1.59731
1010000 FRAC0_S 0 1 45000 -45893.2 8078.45 2.80275e+06 -405462 -192226 719.557 15.6981 4.30388
1010000 FRAC0_S 0 1 45000 -45719.2 7823.06 2.98477e+06 -263637 -264773 809.384 10.1117 5.69108
1010000 FRAC0_S 0 1 45000 -45474.9 7633.95 2.87668e+06 -156005 -322974 753.452 6.35731 7.20162
1010000 FRAC0_S 0 1 45000 -45184 7529.6 2.47982e+06 -242411 -112052 554.889 11.4619 3.03211
1010000 FRAC0_S 0 1 45000 -44875.1 7520.24 2.80185e+06 159547 -306571 714.313 -6.66818 7.02683
1010000 FRAC0_S 0 1 45000 -44578.5 7606.79 2.5888e+06 528422 -303900 634.37 -19.9542 6.66839
1010000 FRAC0_S 0 1 45000 -44323.1 7780.78 3.00867e+06 411929 -180128 826.069 -15.1001 3.8194
1010000 FRAC0_S 0 1 45000 -44134 8025.16 2.83914e+06 440588 -103405 737.008 -17.0451 2.35324
1010000 FRAC0_S 0 1 45000 -44029.6 8316.02 3.1187e+06 482686 8987.16 887.48 -17.466 -0.193958
Step FractureNumber TipNr TipActive TipX TipY TipZ KI KII KIII G Phi Psi Extension
1010101 FRAC0_S 0 1 44969.6 -43928.1 8636.72 2.9133e+06 -444432 83815.1 774.84 16.9119 -1.88003
1010101 FRAC0_S 0 1 44973.5 -44021.9 8961.89 2.16123e+06 -299612 106765 425.742 15.3833 -3.18629
1010101 FRAC0_S 0 1 44980.3 -44211.4 9242.55 2.93433e+06 -339198 192573 782.447 13.0302 -4.23174
1010101 FRAC0_S 0 1 44988.9 -44478.8 9450.93 3.05485e+06 -213601 217616 841.947 8.3154 -4.74052
1010101 FRAC0_S 0 1 45000.8 -44797.8 9565.76 2.49374e+06 8132.59 159481 557.54 -0.42716 -4.55564
1010101 FRAC0_S 0 1 45012.9 -45136.9 9575.43 2.73048e+06 60240 244343 672.624 -2.75115 -6.06565
1010101 FRAC0_S 0 1 45019.8 -45462.2 9479.71 2.96216e+06 364074 224084 800.374 -13.6205 -4.79163
1010101 FRAC0_S 0 1 45024 -45741.7 9288.28 2.2704e+06 269797 132865 468.171 -13.4174 -3.79548
1010101 FRAC0_S 0 1 45028.4 -45948 9019.96 2.79384e+06 403421 85870.3 711.034 -16.1458 -2.01752
1010101 FRAC0_S 0 1 45030.9 -46061.6 8701.29 2.80745e+06 440712 15417.9 719.686 -17.629 -0.367753
1010101 FRAC0_S 0 1 45029.9 -46072.1 8363.2 2.74388e+06 328052 -219320 686.888 -13.2589 5.05116
1010101 FRAC0_S 0 1 45025.4 -45978.3 8038.03 2.93009e+06 406368 -169402 783.581 -15.2871 3.69188
1010101 FRAC0_S 0 1 45018.3 -45788.8 7757.27 2.52927e+06 192952 158699 576.722 -9.06262 -4.19659
1010101 FRAC0_S 0 1 45014.9 -45521.2 7549.43 3.1588e+06 320292 -290603 909.513 -11.3898 5.81686
1010101 FRAC0_S 0 1 45009.8 -45201.9 7435.03 2.87314e+06 301638 -242321 751.516 -11.8128 5.36535
1010101 FRAC0_S 0 1 44990.6 -44863.3 7425.65 3.02871e+06 -158611 -126607 821.788 6.54033 2.93179
1010101 FRAC0_S 0 1 44973.5 -44538.7 7522.08 2.86342e+06 -486798 -211452 757.69 17.8271 4.51446
1010101 FRAC0_S 0 1 44971.1 -44259 7712.87 2.5896e+06 -303100 -220660 612.237 12.9662 5.36249
1010101 FRAC0_S 0 1 44971.3 -44052.1 7980.16 2.90375e+06 -599105 -125079 785.418 21.2102 2.64996
1010101 FRAC0_S 0 1 44969.5 -43938.3 8298.64 2.32629e+06 -322956 911.39 491.522 16.0213 -0.0268204