
Step FractureNumber TipNr TipActive TipX TipY TipZ KI KII KIII G Phi Psi Extension
1010000 FRAC0_S 0 1 -29285.5 -6818.08 8500 -494064 5.51648e+06 527971 2748.83 -68.2897 -6.08317
1010000 FRAC0_S 0 1 -29531.2 -6630.66 8500 -449352 4.93622e+06 1.72519e+06 2567.12 -63.4536 -16.9816
1010000 FRAC0_S 0 1 -29822.8 -6528.34 8500 -417663 3.11964e+06 2.14398e+06 1478.59 -55.7688 -24.7357
1010000 FRAC0_S 0 1 -30131.8 -6521.13 8500 -372945 1.90798e+06 2.75535e+06 1334.13 -42.9919 -32.7963
1010000 FRAC0_S 0 1 -30427.8 -6609.74 8500 -356982 932119 4.26348e+06 2495 -21.5293 -40.4354
1010000 FRAC0_S 0 1 -30681.9 -6785.5 8500 2.93391e+06 -690381 4.32538e+06 3297.8 11.6302 -32.6701
1010000 FRAC0_S 0 1 -30869.3 -7031.2 8500 -494783 -2.69457e+06 3.47076e+06 2249.14 45.1836 -31.6859
1010000 FRAC0_S 0 1 -30971.7 -7322.79 8500 -386066 -4.41467e+06 2.87305e+06 2834.53 57.3737 -24.5773
1010000 FRAC0_S 0 1 -30978.8 -7631.72 8500 -135519 -5.66755e+06 1.86341e+06 3324.13 65.2412 -17.009
1010000 FRAC0_S 0 1 -30890.2 -7927.75 8500 -500458 -5.91304e+06 601386 3163.75 68.273 -6.44441
1010000 FRAC0_S 0 1 -30714.5 -8181.92 8500 3.38077e+06 -6.35251e+06 -515847 4649.87 59.8819 3.84221
1010000 FRAC0_S 0 1 -30468.8 -8369.34 8500 -501989 -5.1234e+06 -1.82486e+06 2781.97 63.172 17.1254
1010000 FRAC0_S 0 1 -30177.2 -8471.66 8500 -527276 -4.19091e+06 -2.79104e+06 2601.16 56.3308 24.4323
1010000 FRAC0_S 0 1 -29868.2 -8478.87 8500 -500349 -2.63963e+06 -3.39988e+06 2158.26 45.1033 31.6311
1010000 FRAC0_S 0 1 -29572.2 -8390.26 8500 3.30556e+06 -838966 -3.67406e+06 2831.73 14.2166 29.3662
1010000 FRAC0_S 0 1 -29318.1 -8214.5 8500 -381038 625713 -2.90727e+06 1159.04 -20.5921 39.7301
1010000 FRAC0_S 0 1 -29130.7 -7968.8 8500 -821334 2.22669e+06 -3.6632e+06 2226.55 -38.7443 32.7431
1010000 FRAC0_S 0 1 -29028.3 -7677.21 8500 -5.87995e+06 3.83806e+06 -3.66805e+06 3102.11 -34.3863 18.8957
1010000 FRAC0_S 0 1 -29021.2 -7368.28 8500 -396817 3.7816e+06 -1.42753e+06 1545.35 -62.5866 17.7225
1010000 FRAC0_S 0 1 -29109.8 -7072.25 8500 -445461 5.40575e+06 -616794 2654.59 -68.1119 7.13805
Step FractureNumber TipNr TipActive TipX TipY TipZ KI KII KIII G Phi Psi Extension
1010101 FRAC0_S 0 1 -29258.4 -6791.43 8407.99 2.97523e+06 939608 392165 887.93 -27.2106 -6.82854
1010101 FRAC0_S 0 1 -29511.4 -6590.77 8411.38 2.82228e+06 932157 742974 860.629 -26.01 -11.985
1010101 FRAC0_S 0 1 -29814.9 -6472.71 8419.25 2.63876e+06 1.57224e+06 991037 971.381 -35.9188 -13.662
1010101 FRAC0_S 0 1 -30144.2 -6450.09 8436.06 2.06773e+06 1.77266e+06 2.26706e+06 1344.57 -34.7373 -24.4064
1010101 FRAC0_S 0 1 -30467.3 -6531.99 8469.64 1.04387e+06 909278 3.1439e+06 1485.36 -22.7474 -35.5561
1010101 FRAC0_S 0 1 -30741.3 -6720.75 8518.64 991920 -872598 3.00257e+06 1354.58 22.8499 -35.56
1010101 FRAC0_S 0 1 -30930.5 -6994.33 8561.57 2.16186e+06 -1.9818e+06 2.45519e+06 1568.17 35.7318 -24.4527
1010101 FRAC0_S 0 1 -31024 -7310.97 8582.55 3.19093e+06 -1.8296e+06 1.2925e+06 1427.79 34.6945 -14.5861
1010101 FRAC0_S 0 1 -31021.2 -7636.1 8589.68 3.78029e+06 -1.36596e+06 489233 1471.53 29.8215 -6.5227
1010101 FRAC0_S 0 1 -30926.4 -7945.83 8590.78 3.27468e+06 -998069 -299246 1056.25 27.2262 4.96387
1010101 FRAC0_S 0 1 -30746.4 -8213.18 8588.79 3.85991e+06 -1.08122e+06 -400788 1453.18 25.4687 5.66635
1010101 FRAC0_S 0 1 -30491.1 -8411.5 8587.05 3.56227e+06 -1.45779e+06 -544601 1359.6 31.8721 7.31761
1010101 FRAC0_S 0 1 -30185.2 -8526.35 8581.63 2.95962e+06 -1.70018e+06 -1.40702e+06 1301.43 33.7365 16.3149
1010101 FRAC0_S 0 1 -29855.6 -8549.32 8562.36 1.73099e+06 -194082 2.51397e+06 1110.93 5.98722 -33.5898
1010101 FRAC0_S 0 1 -29532.7 -8468.36 8521.19 1.08658e+07 1.99475e+06 -1.99466e+06 11404.6 -17.5369 9.87833
1010101 FRAC0_S 0 1 -29258.1 -8279.46 8472.9 1.27587e+07 -1.14495e+06 -1.96801e+06 15137.7 9.73505 9.16423
1010101 FRAC0_S 0 1 -29059.9 -8007.94 8445.8 1.36634e+06 1.65858e+06 -2.14117e+06 1021.24 -37.732 26.6596
1010101 FRAC0_S 0 1 -28959.2 -7692.35 8433.93 -6.05926e+06 8.26349e+06 -2.23869e+06 6751.47 -52.4271 9.94065
1010101 FRAC0_S 0 1 -28969.6 -7364.89 8418.3 2.9207e+06 1.48807e+06 -831097 1049.34 -34.1131 11.5414
1010101 FRAC0_S 0 1 -29074.8 -7056.25 8408.19 1.0309e+06 257757 -661782 158.87 -17.279 22.6663