
Step FractureNumber TipNr TipActive TipX TipY TipZ KI KII KIII G Phi Psi Extension
1010000 FRAC0_S 0 1 30000 984.872 8574.53 -2.13186e+06 1.31379e+06 6.89494e+06 6476.66 -16.6573 -37.3373
1010000 FRAC0_S 0 1 30000 913.64 8875.22 2.16008e+06 -1.95398e+06 5.41514e+06 4656.06 25.764 -33.6683
1010000 FRAC0_S 0 1 30000 752.975 9139.18 -6.54444e+06 -3.21326e+06 4.36854e+06 3458.26 28.2235 -20.9655
1010000 FRAC0_S 0 1 30000 518.603 9340.58 -9.16401e+06 -6.30191e+06 4.222e+06 5909.69 37.6406 -15.2092
1010000 FRAC0_S 0 1 30000 233.466 9459.7 -8.1237e+06 -5.46409e+06 2.07822e+06 3234.92 40.3145 -9.76656
1010000 FRAC0_S 0 1 30000 -74.5244 9484.87 -1.04122e+07 -8.34067e+06 1.11443e+06 6364.27 46.4373 -4.27148
1010000 FRAC0_S 0 1 30000 -375.22 9413.64 -9.93558e+06 -8.65192e+06 -681791 6732.21 48.748 2.7185
1010000 FRAC0_S 0 1 30000 -639.186 9252.98 -6.71383e+06 -6.13886e+06 -1.93785e+06 3857.61 46.0486 9.65303
1010000 FRAC0_S 0 1 30000 -840.583 9018.61 -1.3406e+07 -6.6499e+06 -4.1535e+06 6235.01 33.174 12.4108
1010000 FRAC0_S 0 1 30000 -959.699 8733.46 -3.79919e+06 -4.38391e+06 -5.65957e+06 5972.67 37.3166 26.3741
1010000 FRAC0_S 0 1 30000 -984.872 8425.47 -1.59463e+06 -1.74749e+06 -6.90548e+06 6614.31 21.8382 37.5763
1010000 FRAC0_S 0 1 30000 -913.64 8124.78 1.08042e+06 1.47228e+06 -6.32611e+06 5619.79 -21.29 38.8222
1010000 FRAC0_S 0 1 30000 -749.835 7857.12 2.65128e+06 2.4767e+06 -3.29778e+06 2619.4 -35.1039 25.4734
1010000 FRAC0_S 0 1 30000 -518.603 7659.42 5.09065e+06 6.16644e+06 -4.3313e+06 8192.78 -44.4273 19.1249
1010000 FRAC0_S 0 1 30000 -233.466 7540.3 -2.74423e+07 5.87092e+06 -2.70896e+06 4047.43 -20.9579 5.67918
1010000 FRAC0_S 0 1 30000 74.5244 7515.13 6.07366e+06 8.44792e+06 -1.21276e+06 9842.37 -54.9883 5.81598
1010000 FRAC0_S 0 1 30000 375.22 7586.36 5.56527e+06 8.79657e+06 598120 9702.82 -58.1183 -3.0658
1010000 FRAC0_S 0 1 30000 639.186 7747.02 7.00336e+06 6.72453e+06 2.68151e+06 9356.41 -45.6163 -11.865
1010000 FRAC0_S 0 1 30000 840.583 7981.39 3.52621e+07 6.90329e+06 4.07688e+06 117258 -19.3399 -6.62025
1010000 FRAC0_S 0 1 30000 959.699 8266.54 -322781 3.64029e+06 4.69204e+06 4108.88 -46.5002 -32.5865
Step FractureNumber TipNr TipActive TipX TipY TipZ KI KII KIII G Phi Psi Extension
1010101 FRAC0_S 0 1 29978.4 1070.18 8582.62 182358 2.22544e+06 6.58581e+06 6212.89 -30.3565 -39.422
1010101 FRAC0_S 0 1 30026.4 995.97 8908.39 -3.06959e+06 -2.61554e+06 6.14875e+06 5637.95 27.5234 -31.6188
1010101 FRAC0_S 0 1 30049.8 817.782 9193.1 -3.50849e+06 -7.32687e+06 5.05609e+06 8183.71 49.6678 -21.4763
1010101 FRAC0_S 0 1 30058.5 560.69 9407.05 -6.32937e+06 -9.35683e+06 2.9116e+06 8929.1 52.7174 -11.4026
1010101 FRAC0_S 0 1 30065.8 251.572 9530.77 2.53859e+07 4.84838e+06 2.23225e+06 60184 -19.3458 -5.20692
1010101 FRAC0_S 0 1 30071.2 -78.8805 9553.01 -3.67133e+06 -1.07932e+07 2.2546e+06 11056.8 61.2061 -9.91828
1010101 FRAC0_S 0 1 30073.7 -400.273 9474.55 704589 -1.18627e+07 -67016.3 12584.7 69.7389 0.412808
1010101 FRAC0_S 0 1 30068.5 -685.714 9305.67 6.19862e+06 -1.69539e+07 -5.08593e+06 32477.4 58.8215 12.9778
1010101 FRAC0_S 0 1 30060.5 -906.749 9058.51 106142 -7.92292e+06 -2.85935e+06 6682.07 64.8077 18.2075
1010101 FRAC0_S 0 1 30053.3 -1039.28 8752.1 -1.3667e+07 -1.55276e+07 -9.54222e+06 33595.1 44.8712 17.2116
1010101 FRAC0_S 0 1 30024.7 -1072.01 8417.82 -283307 -2.51328e+06 -9.51445e+06 12602.7 25.6634 40.5712
1010101 FRAC0_S 0 1 29976.8 -995.466 8092.1 -3.56356e+06 2.2954e+06 -7.44604e+06 7843.5 -22.0696 33.3165
1010101 FRAC0_S 0 1 29944.7 -815.081 7810.3 5.39902e+06 360593 -4.26781e+06 5031.58 -4.94397 27.22
1010101 FRAC0_S 0 1 29941.7 -558.461 7593.1 1.54779e+07 5.7135e+06 -8.22908e+06 33263 -24.5482 19.2353
1010101 FRAC0_S 0 1 29944.1 -252.794 7465.44 -1.50539e+07 1.07762e+07 -2.00513e+06 10882.7 -43.7083 5.44753
1010101 FRAC0_S 0 1 29928.9 76.1867 7451.63 1.06937e+07 -133572 -552705 10232.4 1.6336 3.71047
1010101 FRAC0_S 0 1 29919.2 397.65 7534.3 2.34442e+07 3.68403e+06 3.31532e+06 51648.9 -15.9166 -8.10288
1010101 FRAC0_S 0 1 29934.7 686.91 7695.76 1.13362e+07 1.09451e+07 6.04696e+06 26989.7 -43.6418 -15.1462
1010101 FRAC0_S 0 1 29947.4 908.772 7939.23 2.93218e+07 -7.34723e+06 6.07716e+06 86336 21.9953 -10.4222
1010101 FRAC0_S 0 1 29948.3 1037.1 8247.82 6.10294e+06 -881654 -2.87276e+06 4485.86 11.9618 19.929