
Step FractureNumber TipNr TipActive TipX TipY TipZ KI KII KIII G Phi Psi Extension
1010000 FRAC0_S 0 1 14902.5 -44017.1 8500 279015 -282324 41149.4 14.265 50.2328 -5.17339
1010000 FRAC0_S 0 1 14603.6 -44095.3 8500 269072 -245983 -59026.6 12.3068 47.1356 7.67103
1010000 FRAC0_S 0 1 14343.5 -44262.1 8500 201646 -169978 -81898.2 7.09002 42.6384 13.0093
1010000 FRAC0_S 0 1 14147.6 -44501.1 8500 246256 -185240 -159914 11.8626 36.9831 18.678
1010000 FRAC0_S 0 1 14035.1 -44788.9 8500 226872 -135185 -214362 12.3265 28.9834 24.4432
1010000 FRAC0_S 0 1 14017.2 -45097.5 8500 221761 -58668.1 -274609 14.7185 14.0161 30.5131
1010000 FRAC0_S 0 1 14095.3 -45396.4 8500 204317 77291.4 -272587 14.1347 -18.1637 30.3815
1010000 FRAC0_S 0 1 14262.1 -45656.6 8500 178217 151831 -151947 7.95514 -37.1547 21.3096
1010000 FRAC0_S 0 1 14501.1 -45852.5 8500 184109 330061 -212299 18.7226 -49.1575 19.976
1010000 FRAC0_S 0 1 14788.9 -45964.9 8500 170602 419731 -133672 20.6689 -57.6364 13.2762
1010000 FRAC0_S 0 1 15097.5 -45982.9 8500 193800 509916 -38922.2 26.7182 -63.1258 3.99739
1010000 FRAC0_S 0 1 15396.4 -45904.7 8500 170563 444939 61556.8 20.7375 -61.7725 -6.81882
1010000 FRAC0_S 0 1 15656.5 -45737.9 8500 159543 220468 109982 8.20829 -48.8205 -15.8451
1010000 FRAC0_S 0 1 15852.4 -45498.9 8500 146613 250875 190472 12.3491 -46.9918 -21.8052
1010000 FRAC0_S 0 1 15964.9 -45211.1 8500 156100 129154 86219.7 4.64647 -40.2135 -16.3262
1010000 FRAC0_S 0 1 15982.8 -44902.5 8500 205070 27148.6 298736 15.6824 -6.97542 -33.4393
1010000 FRAC0_S 0 1 15904.7 -44603.6 8500 201581 -60868.4 283812 14.6642 14.7307 -31.6173
1010000 FRAC0_S 0 1 15737.9 -44343.4 8500 184537 -160835 145609 8.15951 38.3495 -20.2298
1010000 FRAC0_S 0 1 15498.9 -44147.5 8500 203064 -209439 99017.6 8.88724 45.587 -13.8623
1010000 FRAC0_S 0 1 15211.1 -44035.1 8500 238560 -252117 46333.7 11.0209 50.2985 -6.48425
Step FractureNumber TipNr TipActive TipX TipY TipZ KI KII KIII G Phi Psi Extension
1010101 FRAC0_S 0 1 14896 -43954.2 8575.99 262340 133245 -138380 10.2616 -30.5766 17.9978
1010101 FRAC0_S 0 1 14576.1 -44034.6 8572.8 133736 214845 -123407 7.73243 -49.2228 18.1381
1010101 FRAC0_S 0 1 14294.9 -44209 8567.24 168168 248343 -79767.5 8.86214 -52.5288 11.6845
1010101 FRAC0_S 0 1 14079.4 -44462.6 8559.13 144666 224333 -32804.8 6.49252 -56.344 6.14826
1010101 FRAC0_S 0 1 13951 -44771.9 8545.33 225750 105375 -111826 7.19395 -29.3435 17.5884
1010101 FRAC0_S 0 1 13925.7 -45107.1 8516.43 184489 153220 -156746 8.39265 -36.6612 21.4103
1010101 FRAC0_S 0 1 14012.9 -45431.1 8475.37 268062 30080.6 -173514 10.4881 -8.64398 24.2286
1010101 FRAC0_S 0 1 14202.3 -45706.7 8443.1 344587 122983 -251866 20.3658 -21.8866 23.2623
1010101 FRAC0_S 0 1 14466.9 -45907 8425.96 346238 27010.4 -83321.9 11.671 -8.03731 13.1356
1010101 FRAC0_S 0 1 14776.1 -46016.3 8416.56 363853 -36013.8 56585.3 12.3386 10.6102 -9.16234
1010101 FRAC0_S 0 1 15101.6 -46029.2 8412.26 251321 -114671 143130 9.52482 27.9815 -19.3201
1010101 FRAC0_S 0 1 15418 -45949.9 8414.83 44178.4 -337901 107899 11.8966 63.2567 -15.5763
1010101 FRAC0_S 0 1 15697.9 -45781.9 8422.06 165204 -143957 145101 7.07892 37.3365 -21.5479
1010101 FRAC0_S 0 1 15911.5 -45532.4 8428.48 146471 -151797 137579 6.48249 40.2683 -21.3332
1010101 FRAC0_S 0 1 16041.6 -45225.3 8446.41 209829 -225442 9875.45 8.46529 52.9482 -1.71416
1010101 FRAC0_S 0 1 16073 -44892.1 8484.14 247863 -80212.4 174896 10.1162 20.5465 -23.1325
1010101 FRAC0_S 0 1 15988.2 -44568.7 8525.19 292254 59217.3 166061 11.5912 -15.1027 -21.6303
1010101 FRAC0_S 0 1 15798.1 -44292.6 8555.24 310775 -24392.2 92840.9 9.80574 7.75125 -15.3666
1010101 FRAC0_S 0 1 15534.6 -44088.7 8570.46 316709 138178 -62599.2 11.1607 -32.3917 8.9526
1010101 FRAC0_S 0 1 15225.2 -43972.9 8575.54 210073 116747 -132862 7.49478 -31.0412 19.7876