
Step FractureNumber TipNr TipActive TipX TipY TipZ KI KII KIII G Phi Psi Extension
1010000 FRAC0_S 0 1 -14068.5 44671.4 8500 265754 254654 -460735 40.3049 -31.6212 29.351
1010000 FRAC0_S 0 1 -14012.6 44975.3 8500 348847 256970 448053 43.4284 -29.975 -27.1969
1010000 FRAC0_S 0 1 -14053.3 45281.6 8500 256165 383209 275840 29.0528 -46.3471 -20.5111
1010000 FRAC0_S 0 1 -14186.7 45560.4 8500 301154 -644707 971134 170.553 39.1662 -31.0452
1010000 FRAC0_S 0 1 -14399.6 45784.3 8500 207824 -184959 637743 60.9904 22.8723 -35.6322
1010000 FRAC0_S 0 1 -14671.4 45931.4 8500 284592 -394170 230385 28.1215 47.5403 -17.6467
1010000 FRAC0_S 0 1 -14975.3 45987.4 8500 246401 -440243 129647 24.9165 55.1443 -11.5558
1010000 FRAC0_S 0 1 -15281.6 45946.7 8500 243653 -476834 35836.3 25.722 60.441 -3.62173
1010000 FRAC0_S 0 1 -15560.4 45813.3 8500 171912 -675260 263544 52.5031 59.2408 -16.6495
1010000 FRAC0_S 0 1 -15784.3 45600.3 8500 192173 -335459 -121199 15.2723 53.6712 13.4186
1010000 FRAC0_S 0 1 -15931.5 45328.6 8500 267415 -377745 -258134 27.9497 46.3045 19.5951
1010000 FRAC0_S 0 1 -15987.4 45024.7 8500 286106 -272034 -349413 30.1266 35.675 25.1389
1010000 FRAC0_S 0 1 -15946.7 44718.4 8500 313411 -96721.1 -422143 33.2878 15.3244 31.073
1010000 FRAC0_S 0 1 -15813.3 44439.6 8500 376689 141973 -493626 46.848 -18.2581 30.1885
1010000 FRAC0_S 0 1 -15564.4 44241.5 8500 316039 298903 -390858 37.1802 -35.423 25.3277
1010000 FRAC0_S 0 1 -15328.6 44068.6 8500 377488 563756 -363269 58.5701 -47.4289 19.1617
1010000 FRAC0_S 0 1 -15024.7 44012.6 8500 382528 717935 -227517 65.8539 -55.228 12.3948
1010000 FRAC0_S 0 1 -14718.4 44053.3 8500 387616 784448 -52858.5 68.5947 -60.9485 3.30444
1010000 FRAC0_S 0 1 -14439.6 44186.7 8500 332367 956798 -124548 93.4838 -62.6879 6.61564
1010000 FRAC0_S 0 1 -14215.7 44399.7 8500 389277 683062 286496 65.9964 -52.6872 -14.9785
Step FractureNumber TipNr TipActive TipX TipY TipZ KI KII KIII G Phi Psi Extension
1010101 FRAC0_S 0 1 -13994.7 44647.5 8441.41 460319 -74794.8 471948 49.0041 10.0117 -29.3063
1010101 FRAC0_S 0 1 -13932.7 44972.1 8443.82 212047 -215979 356346 25.0521 33.242 -28.6249
1010101 FRAC0_S 0 1 -13982.6 45302 8467.12 430256 -360803 326080 42.2379 37.9142 -19.9557
1010101 FRAC0_S 0 1 -14124.2 45605.6 8523.21 427323 -138812 338183 33.1999 19.8405 -24.5542
1010101 FRAC0_S 0 1 -14350 45847.8 8553.67 338713 -70198.8 341744 26.1954 12.4802 -28.6707
1010101 FRAC0_S 0 1 -14645.8 45995.8 8567.12 -181468 299025 300970 20.0154 -43.3213 -25.1458
1010101 FRAC0_S 0 1 -14972.5 46043.7 8581.22 694856 -159795 17119 45.3389 23.31 -1.51896
1010101 FRAC0_S 0 1 -15295.6 45995.1 8585.49 826463 -192843 -389428 84.3497 17.853 19.0404
1010101 FRAC0_S 0 1 -15590.2 45855.2 8584.85 456293 42198.4 -361947 36.1354 -6.69765 26.9717
1010101 FRAC0_S 0 1 -15831.3 45634.6 8579.84 311057 113757 -397156 30.7536 -18.0347 29.9836
1010101 FRAC0_S 0 1 -15996 45349.6 8570.87 58308.4 183334 -237804 10.8193 -43.2988 30.5693
1010101 FRAC0_S 0 1 -16067.4 45024.6 8553.84 250889 210267 -293641 21.0167 -33.5681 25.3502
1010101 FRAC0_S 0 1 -16032.7 44691.7 8519.96 365036 140280 -341348 29.1245 -21.2743 26.0832
1010101 FRAC0_S 0 1 -15887.9 44389.6 8476.45 379293 60322.9 -414869 36.0354 -9.53451 30.0914
1010101 FRAC0_S 0 1 -15650.3 44154 8444.78 583149 87646.5 -469760 60.3373 -10.345 26.5278
1010101 FRAC0_S 0 1 -15352.5 44006.2 8428.16 774527 146897 -390269 75.6365 -14.8008 20.2861
1010101 FRAC0_S 0 1 -15027.5 43956.5 8418.66 1.03281e+06 419201 -319190 124.264 -29.2135 12.9847
1010101 FRAC0_S 0 1 -14705.3 44006.4 8413.54 692331 8020.48 241631 50.4834 -1.18695 -17.8366
1010101 FRAC0_S 0 1 -14411.1 44147 8413.83 786344 -45189.3 366580 73.1545 5.18081 -20.7759
1010101 FRAC0_S 0 1 -14165 44364.7 8424.91 507219 -94022.6 396808 44.6549 12.5676 -25.7951