
Step FractureNumber TipNr TipActive TipX TipY TipZ KI KII KIII G Phi Psi Extension
1010000 FRAC0_S 0 1 29604.2 -14095.1 8500 1.64305e+06 -8.67832e+06 4.37952e+06 9502.69 58.2517 -20.3081
1010000 FRAC0_S 0 1 29343.9 -14261.7 8500 1.14918e+06 -9.0001e+06 2.1831e+06 7969.61 64.8892 -12.7736
1010000 FRAC0_S 0 1 29147.9 -14500.6 8500 812040 -8.07251e+06 199462 5870.94 69.1321 -1.69677
1010000 FRAC0_S 0 1 29035.2 -14788.4 8500 867802 -7.58306e+06 -1.60866e+06 5535.36 65.7577 11.6294
1010000 FRAC0_S 0 1 29017.1 -15096.8 8500 1.20561e+06 -6.77711e+06 -3.2445e+06 5622.34 59.0025 19.7849
1010000 FRAC0_S 0 1 29095.1 -15395.8 8500 1.24286e+06 -6.28399e+06 -5.73135e+06 8025.31 50.6305 27.5516
1010000 FRAC0_S 0 1 29239.2 -15630.8 8500 1.69392e+06 -3.62687e+06 -7.35296e+06 8618.64 34.3314 34.1456
1010000 FRAC0_S 0 1 29500.6 -15852.1 8500 1.04751e+07 192022 -6.91177e+06 16134.9 -1.52093 25.5668
1010000 FRAC0_S 0 1 29788.4 -15964.7 8500 2.17901e+07 4.79184e+06 -6.50166e+06 49978.5 -18.8091 14.0542
1010000 FRAC0_S 0 1 30096.8 -15982.9 8500 2.40816e+06 7.31996e+06 -7.59067e+06 12954.7 -46.6675 27.8474
1010000 FRAC0_S 0 1 30395.8 -15904.9 8500 1.18997e+06 8.81932e+06 -4.66977e+06 9957.5 -58.8453 21.474
1010000 FRAC0_S 0 1 30656.1 -15738.3 8500 2.47231e+07 1.06154e+07 -1.54233e+06 64824.7 -34.4968 3.2042
1010000 FRAC0_S 0 1 30852.1 -15499.4 8500 999532 1.1567e+07 -305027 12024 -69.2809 1.82989
1010000 FRAC0_S 0 1 30964.8 -15211.6 8500 1.56e+07 8.72906e+06 1.82374e+06 28918 -38.9298 -5.27877
1010000 FRAC0_S 0 1 30982.9 -14903.2 8500 1.89345e+06 1.04438e+07 4.64198e+06 12904.8 -59.6292 -18.858
1010000 FRAC0_S 0 1 30904.9 -14604.2 8500 907110 5.91265e+06 5.10034e+06 6648.35 -52.2205 -27.3328
1010000 FRAC0_S 0 1 30738.3 -14343.9 8500 477026 4.69344e+06 8.24744e+06 11029.9 -40.4058 -35.4758
1010000 FRAC0_S 0 1 30499.4 -14147.9 8500 -1.06369e+07 1.08705e+06 7.41698e+06 7421.83 -7.72507 -25.2695
1010000 FRAC0_S 0 1 30211.6 -14035.3 8500 -1.51263e+07 -1.12732e+06 6.62645e+06 5953.26 6.72798 -19.8221
1010000 FRAC0_S 0 1 29903.2 -14017.1 8500 1.20993e+06 -5.77244e+06 6.03044e+06 7936.39 48.3291 -29.0599
Step FractureNumber TipNr TipActive TipX TipY TipZ KI KII KIII G Phi Psi Extension
1010101 FRAC0_S 0 1 29585 -14046.5 8583.83 9.47314e+06 -2.62245e+06 3.54487e+06 10280.9 21.506 -15.9833
1010101 FRAC0_S 0 1 29316.9 -14229.3 8589.89 9.7003e+06 -1.77633e+06 849838 8762.12 18.7213 -5.22078
1010101 FRAC0_S 0 1 29115.5 -14481.5 8592.15 7.33317e+06 -741117 -882583 4944.47 11.1048 7.36547
1010101 FRAC0_S 0 1 28994.8 -14780.8 8590.38 1.326e+07 -6.19052e+06 -3.8002e+06 21003.5 32.3129 11.8671
1010101 FRAC0_S 0 1 28966.9 -15103.5 8584.98 6.43071e+06 551098 -3.41082e+06 5259.4 -7.22705 22.0448
1010101 FRAC0_S 0 1 29037.8 -15423.5 8574.18 3.64061e+06 -7.99427e+06 -5.98255e+06 11636.1 49.1143 22.6819
1010101 FRAC0_S 0 1 29203.7 -15711.5 8546.86 1.25472e+07 3.3139e+06 -7.12663e+06 21762.4 -18.7276 21.0098
1010101 FRAC0_S 0 1 29454.9 -15932.1 8504.71 3.60548e+06 675034 -7.52427e+06 8728.75 -7.77673 36.3097
1010101 FRAC0_S 0 1 29753.3 -16047.2 8466.5 98034 2.69263e+06 -4.65774e+06 3532.3 -41.4626 35.8716
1010101 FRAC0_S 0 1 30100.3 -16052 8434.17 7.41314e+06 3.3167e+06 -5.45819e+06 9839.58 -25.7455 22.5479
1010101 FRAC0_S 0 1 30421.6 -15961 8424.86 5.99741e+06 2.79498e+06 -2.85112e+06 4982.45 -29.573 17.121
1010101 FRAC0_S 0 1 30696.3 -15785.4 8426.91 1.03545e+07 5.13443e+06 -1.47854e+06 12194 -35.9547 6.54629
1010101 FRAC0_S 0 1 30900.1 -15527.9 8423.37 1.76131e+07 7.53076e+06 1.38713e+06 32953.3 -34.0988 -3.98789
1010101 FRAC0_S 0 1 31023 -15223.2 8423.63 7.68833e+06 1.43571e+06 2.32578e+06 6170.43 -16.4542 -14.4824
1010101 FRAC0_S 0 1 31041.1 -14898.7 8421.39 7.02674e+06 2.6142e+06 4.47146e+06 7667.98 -23.5318 -21.4011
1010101 FRAC0_S 0 1 30959.8 -14578 8422.71 7.32576e+06 2.16403e+06 6.58294e+06 10963.1 -17.5806 -26.4109
1010101 FRAC0_S 0 1 30793.3 -14291.1 8444.47 4.55179e+06 771038 6.42272e+06 7385.65 -8.88867 -32.7846
1010101 FRAC0_S 0 1 30544 -14068.2 8480.01 3.75461e+06 -962661 7.62702e+06 9075.57 10.4921 -35.5952
1010101 FRAC0_S 0 1 30233.1 -13948.8 8521.18 5.75854e+06 -4.32801e+06 1.13247e+07 21681.3 25.439 -32.0235
1010101 FRAC0_S 0 1 29899.9 -13947.7 8561.54 1.64679e+07 -7.39017e+06 1.38899e+07 54692.1 24.7258 -24.2331