
Step FractureNumber TipNr TipActive TipX TipY TipZ KI KII KIII G Phi Psi Extension
1010000 FRAC0_S 0 1 802.035 29671.9 8026.05 -1.66055e+07 2.31929e+06 8.26939e+06 9574.24 -11.4309 -20.6673
1010000 FRAC0_S 0 1 736.756 29915.6 7847.62 -3.47293e+07 5.9815e+06 1.39485e+07 29064.9 -14.4822 -17.7558
1010000 FRAC0_S 0 1 599.358 30167.6 7733.05 -2.11801e+07 -6.98419e+06 9.09835e+06 15356.4 23.7813 -17.0777
1010000 FRAC0_S 0 1 403.291 30403.1 7693.56 -1.96049e+07 -1.00668e+07 6.626e+06 14869.6 33.4433 -13.139
1010000 FRAC0_S 0 1 167.748 30599.2 7733 -2.19084e+07 -1.51251e+07 4.72194e+06 23350.9 41.5274 -8.39866
1010000 FRAC0_S 0 1 -84.2162 30736.7 7847.53 -2.08738e+07 -1.53271e+07 1.66172e+06 21301.1 45.2023 -3.3597
1010000 FRAC0_S 0 1 -327.937 30802 8025.92 -1.78552e+07 -1.33839e+07 -1.39974e+06 16222.7 45.638 3.28439
1010000 FRAC0_S 0 1 -539.557 30788.8 8250.72 -2.12393e+07 -1.6003e+07 -4.6877e+06 25743.4 43.2359 8.30781
1010000 FRAC0_S 0 1 -698.361 30698.4 8499.92 -1.9955e+07 -1.24904e+07 -7.24288e+06 20879.1 37.1266 13.1355
1010000 FRAC0_S 0 1 -788.805 30539.7 8749.13 -1.96021e+07 -9.2457e+06 -9.43088e+06 19446.6 29.7313 17.2141
1010000 FRAC0_S 0 1 -803.905 30344.5 8959.46 -2.03045e+07 -5.06945e+06 -1.17009e+07 20499.2 17.8342 21.33
1010000 FRAC0_S 0 1 -736.756 30084.4 9152.38 -1.84884e+07 -216833 -1.16502e+07 18055.9 0.996465 25.075
1010000 FRAC0_S 0 1 -599.358 29832.4 9266.95 -1.83295e+07 6.65452e+06 -1.27569e+07 25590.1 -22.5087 22.5946
1010000 FRAC0_S 0 1 -403.291 29596.9 9306.44 -1.8172e+07 9.79012e+06 -9.77448e+06 21247.8 -31.6093 17.9895
1010000 FRAC0_S 0 1 -167.748 29400.8 9267 -1.76358e+07 1.38161e+07 -7.15405e+06 23816.8 -41.1373 13.3209
1010000 FRAC0_S 0 1 84.2162 29263.3 9152.47 -1.77304e+07 1.60745e+07 -3.72822e+06 24873.7 -47.1191 7.42226
1010000 FRAC0_S 0 1 327.937 29198 8974.08 -1.81938e+07 1.65413e+07 44024.8 24382 -50.751 -0.0986828
1010000 FRAC0_S 0 1 539.557 29211.2 8749.28 -2.48685e+07 1.74665e+07 1.30777e+06 27413 -44.818 -2.30766
1010000 FRAC0_S 0 1 698.361 29301.6 8500.08 -1.47657e+07 8.88682e+06 4.95083e+06 10297.4 -36.7398 -12.5121
1010000 FRAC0_S 0 1 788.805 29460.3 8250.87 -2.04092e+07 7.9489e+06 9.03842e+06 16495.6 -26.5954 -16.9242
Step FractureNumber TipNr TipActive TipX TipY TipZ KI KII KIII G Phi Psi Extension
1010101 FRAC0_S 0 1 861.948 29625.6 7965.11 -2.10096e+07 6.68054e+06 1.40496e+07 30230 -20.6141 -22.5159
1010101 FRAC0_S 0 1 802.389 29902.9 7781.86 -2.05671e+07 -1.31751e+06 1.05857e+07 15058.4 5.56535 -21.9216
1010101 FRAC0_S 0 1 669.684 30197.8 7680.48 -1.23139e+07 -1.05095e+07 7.08408e+06 16516.6 40.5522 -16.6241
1010101 FRAC0_S 0 1 468.688 30466.7 7658.49 -1.02623e+07 -1.9462e+07 6.38446e+06 39173.5 55.1225 -12.7597
1010101 FRAC0_S 0 1 218.456 30680.9 7712.6 -6.55184e+06 -2.22508e+07 3.33662e+06 45598.7 63.3735 -7.74209
1010101 FRAC0_S 0 1 -49.4725 30828.8 7841.7 -1.50334e+06 -2.54914e+07 299712 57916.6 69.6945 -0.852517
1010101 FRAC0_S 0 1 -310.229 30898.8 8033.67 -3.68343e+06 -2.12824e+07 -2.21793e+06 41015.9 66.701 6.14436
1010101 FRAC0_S 0 1 -540.548 30885 8271.93 -5.44681e+06 -2.01545e+07 -4.64001e+06 39060.1 62.2123 11.1909
1010101 FRAC0_S 0 1 -719.366 30787.5 8535.26 -8.18235e+06 -1.84447e+07 -6.89987e+06 36647.8 55.8342 14.6548
1010101 FRAC0_S 0 1 -829.45 30612.9 8798.95 -1.20465e+07 -1.62585e+07 -9.39258e+06 35288.7 47.3597 17.3856
1010101 FRAC0_S 0 1 -860.419 30374.2 9035.03 -1.52098e+07 -9.05071e+06 -1.1147e+07 23825.6 31.2124 21.2853
1010101 FRAC0_S 0 1 -807.991 30092 9214.16 -1.24165e+07 -333191 -9.33586e+06 11602 2.09616 27.075
1010101 FRAC0_S 0 1 -678.908 29809.2 9316.19 -1.81842e+07 8.67338e+06 -1.31542e+07 29717 -27.0586 22.0765
1010101 FRAC0_S 0 1 -468.043 29534 9343.62 -6.72336e+06 1.34996e+07 -7.81779e+06 24367.9 -51.1757 19.1814
1010101 FRAC0_S 0 1 -218.519 29319.4 9287.73 -3.1037e+06 1.87493e+07 -5.87333e+06 35913.4 -62.662 15.0421
1010101 FRAC0_S 0 1 47.3449 29171.9 9155.34 -167483 2.19517e+07 -3.18032e+06 44285.3 -68.7743 9.28366
1010101 FRAC0_S 0 1 306.473 29102.3 8961.87 -713978 1.77781e+07 869021 28264.5 -69.532 -3.43454
1010101 FRAC0_S 0 1 538.19 29115.6 8725.67 6.42806e+06 2.27725e+07 1.0562e+07 64730.3 -57.2198 -18.3905
1010101 FRAC0_S 0 1 730.555 29222.3 8446.91 -1.52323e+07 2.00531e+07 -3.79897e+06 37753.2 -53.4031 7.26975
1010101 FRAC0_S 0 1 834.157 29389.2 8203.42 -1.37708e+07 1.29608e+07 9.06098e+06 25888.3 -41.5165 -17.6311