
Step FractureNumber TipNr TipActive TipX TipY TipZ KI KII KIII G Phi Psi Extension
1010000 FRAC0_S 0 1 -15000 29248.7 7858.8 1.0623e+06 -3.99351e+06 1.71457e+07 40620.4 22.9177 -40.556
1010000 FRAC0_S 0 1 -15000 29487.6 7655.6 -9.61882e+06 -3.79061e+06 922857 1393.67 32.1308 -4.88561
1010000 FRAC0_S 0 1 -15000 29773.6 7538.6 -1.0088e+07 -4.01492e+06 493801 1468.85 33.212 -2.60094
1010000 FRAC0_S 0 1 -15000 30081.8 7515.7 -8.77458e+06 -3.41723e+06 90710.2 1041.67 33.5322 -0.574254
1010000 FRAC0_S 0 1 -15000 30382 7589.16 -9.07272e+06 -3.16433e+06 -653397 949.037 30.1488 3.86891
1010000 FRAC0_S 0 1 -15000 30644.7 7751.78 -7.75205e+06 1.40396e+07 9.25895e+06 28966.4 -48.9904 -20.3245
1010000 FRAC0_S 0 1 -15000 30844.5 7987.64 -7.76511e+06 421589 -2.22867e+06 676.444 -5.55217 15.1794
1010000 FRAC0_S 0 1 -15000 30961.5 8273.65 -1.12855e+07 4.51158e+06 -2.94955e+06 2970.86 -29.6383 11.4554
1010000 FRAC0_S 0 1 -15000 30984.3 8581.81 -1.06409e+07 7.70998e+06 -1.66062e+06 5663.8 -43.5481 6.24546
1010000 FRAC0_S 0 1 -15000 30910.8 8881.97 -1.35219e+07 2.21255e+07 -6.76605e+06 49711.4 -53.9836 11.6032
1010000 FRAC0_S 0 1 -15000 30748.2 9144.74 -2.38316e+06 -3.05018e+06 -4.32458e+06 3316.4 36.9223 28.0869
1010000 FRAC0_S 0 1 -15000 30512.4 9344.4 -1.22936e+07 9.78888e+06 6.66118e+06 14440.1 -39.5596 -16.3038
1010000 FRAC0_S 0 1 -15000 30226.4 9461.4 -1.71325e+07 -1.09461e+07 1.84277e+07 55840.7 29.0736 -25.7256
1010000 FRAC0_S 0 1 -15000 29918.2 9484.3 -1.23529e+07 2.34434e+06 1.00568e+07 13941.2 -12.6309 -26.2421
1010000 FRAC0_S 0 1 -15000 29618 9410.84 -8.52761e+06 -1.33356e+06 7.20506e+06 7062.88 10.5122 -27.0484
1010000 FRAC0_S 0 1 -15000 29355.3 9248.22 -1.08948e+07 -4.92629e+06 8.04106e+06 10762.2 25.9192 -22.5371
1010000 FRAC0_S 0 1 -15000 29155.5 9012.36 -1.07473e+07 -6.9012e+06 6.29252e+06 9510.25 34.5397 -18.2214
1010000 FRAC0_S 0 1 -15000 29038.5 8726.35 -1.96765e+07 -2.23444e+07 1.51103e+07 74856.9 44.0474 -18.3214
1010000 FRAC0_S 0 1 -15000 29015.7 8418.19 -1.55283e+06 6.42214e+06 1.10197e+07 19825.9 -39.3324 -34.1446
1010000 FRAC0_S 0 1 -15000 29089.2 8118.03 -1.00119e+07 -5.48899e+06 1.71926e+06 3077.92 37.5133 -7.4586
Step FractureNumber TipNr TipActive TipX TipY TipZ KI KII KIII G Phi Psi Extension
1010101 FRAC0_S 0 1 -14952 29187.6 7799.43 -8.45343e+06 6.71535e+06 2.59293e+06 4912.7 -42.9251 -10.6835
1010101 FRAC0_S 0 1 -14950 29443.4 7584.01 -5.8968e+06 -6.70564e+06 2.29795e+06 4709.21 48.8274 -11.2443
1010101 FRAC0_S 0 1 -14945.5 29754.8 7459.01 -4.48717e+06 -5.2127e+06 2.06347e+06 2987.62 48.2928 -12.667
1010101 FRAC0_S 0 1 -14946.2 30088.9 7433.88 -4.67491e+06 -6.43086e+06 1.49541e+06 3982.65 53.2162 -8.7917
1010101 FRAC0_S 0 1 -14980 30411.2 7516.1 -8.88408e+06 8.87389e+06 8.66895e+06 17012.1 -39.1178 -22.0357
1010101 FRAC0_S 0 1 -15027.6 30695.8 7694.09 -8.49934e+06 803779 -1.28106e+06 275.84 -10.2281 8.95734
1010101 FRAC0_S 0 1 -15036.1 30918.8 7944.42 -8.3046e+06 3.56423e+06 -1.60764e+06 1475.77 -32.1305 8.83519
1010101 FRAC0_S 0 1 -15044.4 31043 8252.28 -6.87356e+06 4.94165e+06 -1.63726e+06 2532.58 -41.982 9.00431
1010101 FRAC0_S 0 1 -15067 31055.1 8585.52 -3.24588e+06 6.31899e+06 -805974 3644.53 -59.3149 5.86249
1010101 FRAC0_S 0 1 -15042.6 30971.2 8907.89 -5.69181e+06 1.60067e+07 3.56418e+06 24520.8 -60.6031 -10.3477
1010101 FRAC0_S 0 1 -15006.1 30802 9193 -1.13416e+07 1.79073e+07 845153 28670 -58.5207 -2.1645
1010101 FRAC0_S 0 1 -15004.7 30552.5 9411.67 -1.05808e+07 9.16349e+06 6.25936e+06 12693.4 -40.6423 -16.8634
1010101 FRAC0_S 0 1 -14997 30244.3 9544.73 -1.27596e+07 7.41783e+06 1.01897e+07 18712.6 -30.0212 -22.4574
1010101 FRAC0_S 0 1 -14994.2 29909.6 9576.85 -1.32461e+07 1.17294e+06 1.03473e+07 14362.5 -6.47344 -26.8279
1010101 FRAC0_S 0 1 -14985.4 29582.3 9497.52 -9.95023e+06 -2.82975e+06 1.14865e+07 18261.6 15.3737 -29.5273
1010101 FRAC0_S 0 1 -14959.4 29298.8 9315.64 -6.43954e+06 -1.10932e+07 6.27486e+06 16202.6 50.0356 -18.2657
1010101 FRAC0_S 0 1 -14943.4 29088.2 9054.88 -4.57101e+06 -9.88575e+06 5.72873e+06 13073.4 51.7748 -19.4788
1010101 FRAC0_S 0 1 -14966.9 28966.7 8743.66 -6.24083e+06 -8.62378e+06 2.749e+06 7632.15 51.7651 -11.3698
1010101 FRAC0_S 0 1 -14999 28941.3 8411.43 -8.9546e+06 -5.86521e+06 2.723e+06 4051.61 38.9825 -11.3121
1010101 FRAC0_S 0 1 -14975.7 29015.9 8086.05 -7.12874e+06 -7.47071e+06 2.64932e+06 5906.88 47.505 -11.2019