
Step FractureNumber TipNr TipActive TipX TipY TipZ KI KII KIII G Phi Psi Extension
1010000 FRAC0_S 0 1 -14323.9 719.942 8500 -3.09389e+07 -504470 2.2826e+06 715.643 2.07844 -5.12793
1010000 FRAC0_S 0 1 -14579.4 893.655 8500 -409021 -626979 2.08961e+06 615.767 25.2666 -37.3971
1010000 FRAC0_S 0 1 -14876.1 979.89 8500 -331669 -1.643e+06 1.94271e+06 742.507 46.4043 -30.5659
1010000 FRAC0_S 0 1 -15185 970.208 8500 -263153 -1.85164e+06 1.12796e+06 474.734 57.1176 -23.1388
1010000 FRAC0_S 0 1 -15475.7 865.554 8500 -423696 -2.92973e+06 892437 870.786 63.2739 -14.9369
1010000 FRAC0_S 0 1 -15719.9 676.174 8500 -324892 -2.53836e+06 278703 584.492 67.4166 -6.65922
1010000 FRAC0_S 0 1 -15893.7 420.606 8500 -547658 -3.2794e+06 -453162 985.642 66.1728 7.88823
1010000 FRAC0_S 0 1 -15979.9 123.865 8500 -619442 -3.15905e+06 -1.27713e+06 1106.21 60.1489 17.5981
1010000 FRAC0_S 0 1 -15970.2 -185 8500 -155856 -2.51137e+06 -1.58384e+06 895.65 58.2767 24.48
1010000 FRAC0_S 0 1 -15865.5 -475.757 8500 -428564 -1.56771e+06 -2.25105e+06 892.946 42.1381 32.07
1010000 FRAC0_S 0 1 -15676.1 -719.942 8500 2.94862e+07 -1.30129e+06 -1.67507e+06 77999.4 5.49953 3.93694
1010000 FRAC0_S 0 1 -15420.6 -893.655 8500 -421725 620536 -2.2221e+06 691.033 -24.0836 37.8045
1010000 FRAC0_S 0 1 -15123.9 -979.89 8500 -315682 1.46988e+06 -1.9064e+06 675.895 -44.6426 31.4776
1010000 FRAC0_S 0 1 -14815 -970.208 8500 -304891 2.2925e+06 -1.51143e+06 772.149 -56.3212 24.2269
1010000 FRAC0_S 0 1 -14524.3 -865.554 8500 -365386 2.86274e+06 -938356 847.39 -63.146 15.893
1010000 FRAC0_S 0 1 -14292.4 -689.301 8500 -354108 3.14164e+06 -234671 886.833 -68.2562 4.77618
1010000 FRAC0_S 0 1 -14106.3 -420.606 8500 -328052 3.08192e+06 429483 870.919 -67.275 -8.3122
1010000 FRAC0_S 0 1 -14020.1 -123.865 8500 -323335 2.77987e+06 1.20636e+06 882.167 -61.1805 -19.2484
1010000 FRAC0_S 0 1 -14029.8 185 8500 1.78973e+07 2.32555e+06 911515 29135.7 -14.5575 -3.30271
1010000 FRAC0_S 0 1 -14134.5 475.757 8500 -160690 1.33089e+06 2.38845e+06 916.561 -39.7855 -35.5101
Step FractureNumber TipNr TipActive TipX TipY TipZ KI KII KIII G Phi Psi Extension
1010101 FRAC0_S 0 1 -14263.2 786.073 8496.48 434427 188525 1.82884e+06 464.824 -10.3511 -39.8207
1010101 FRAC0_S 0 1 -14540.9 969.88 8540.35 691429 -652080 1.6036e+06 422.505 27.5496 -32.6714
1010101 FRAC0_S 0 1 -14864.7 1047.88 8567.87 1.59977e+06 -756479 1.26958e+06 493.425 26.162 -23.2657
1010101 FRAC0_S 0 1 -15193.4 1023.83 8582.42 2.20591e+06 -1.17525e+06 1.13918e+06 729.29 31.6671 -17.5611
1010101 FRAC0_S 0 1 -15496.2 905.165 8588.74 2.34271e+06 -809762 495211 580.11 27.6294 -9.98108
1010101 FRAC0_S 0 1 -15748.5 703.473 8591.36 -4.49291e+06 564350 -3.991e+06 2146.82 -8.45965 27.984
1010101 FRAC0_S 0 1 -15931.2 437.341 8590.5 8.64853e+06 -4.15653e+06 2.24849e+06 8877.1 33.3195 -10.9143
1010101 FRAC0_S 0 1 -16026.6 128.825 8587.5 3.14838e+06 -1.24186e+06 -406689 1042.71 31.5525 6.37573
1010101 FRAC0_S 0 1 -16024.6 -197.294 8580.99 2.76779e+06 -1.45474e+06 -971019 996.625 33.7226 13.4298
1010101 FRAC0_S 0 1 -15928 -514.217 8557.21 1.21006e+07 9.4525e+06 803875 21095.7 -46.6788 -2.76194
1010101 FRAC0_S 0 1 -15736.2 -785.801 8511.37 2.26715e+06 7.32617e+06 2.92994e+06 6382.54 -57.9445 -16.4425
1010101 FRAC0_S 0 1 -15459.3 -970.744 8464.43 654981 906724 -2.06625e+06 679.32 -30.6173 33.7196
1010101 FRAC0_S 0 1 -15135.4 -1049.46 8433.86 1.63136e+06 1.31107e+06 -1.52434e+06 699.363 -35.0616 22.7753
1010101 FRAC0_S 0 1 -14806.6 -1024.99 8418.52 2.01928e+06 1.29752e+06 -962571 636.599 -36.0132 15.8751
1010101 FRAC0_S 0 1 -14504.1 -905.306 8411.37 2.12731e+06 791558 -214497 465.214 -30.8999 5.18491
1010101 FRAC0_S 0 1 -14252.4 -702.865 8408.2 6.62491e+06 1.20455e+07 -4.82828e+06 19940.9 -53.3712 14.6335
1010101 FRAC0_S 0 1 -14070.1 -436.683 8408.76 2.53899e+06 -6.4159e+06 581820 4287.57 62.5039 -4.63583
1010101 FRAC0_S 0 1 -13963.6 -126.468 8426.85 2.51424e+06 1.77016e+06 368660 860.598 -43.1293 -5.97275
1010101 FRAC0_S 0 1 -13953.5 201.807 8449.53 1.48091e+06 2.23314e+06 1.38869e+06 896.296 -47.8622 -18.7832
1010101 FRAC0_S 0 1 -14059.9 517.007 8462.63 675680 1.59233e+06 1.74221e+06 670.318 -44.5532 -27.6581