
Step FractureNumber TipNr TipActive TipX TipY TipZ KI KII KIII G Phi Psi Extension
1010000 FRAC0_S 0 1 -14566.1 371.756 7694.36 -3.48048e+06 -671365 2.99072e+06 1229.77 12.5408 -26.8743
1010000 FRAC0_S 0 1 -14797.4 574.708 7722.7 -3.9997e+06 1.31595e+07 1.33358e+07 39084.8 -47.3789 -27.7993
1010000 FRAC0_S 0 1 -15048.5 721.403 7827.14 2.03221e+07 -1.26455e+07 9.57456e+06 63243.2 35.4296 -15.8832
1010000 FRAC0_S 0 1 -15294.9 797.482 7997.43 1.58654e+07 -1.24411e+07 -6.24741e+06 41413.6 41.3324 13.0238
1010000 FRAC0_S 0 1 -15512.4 795.499 8216.93 1.94304e+06 -1.41927e+06 2.07068e+06 1086.19 31.7955 -24.9346
1010000 FRAC0_S 0 1 -15679.8 715.646 8464.13 6.79033e+06 -2.4503e+06 4.19415e+06 6983.34 23.2054 -21.1343
1010000 FRAC0_S 0 1 -15780.6 565.741 8714.84 8.18811e+06 -3.09034e+06 3.92786e+06 8877.35 25.5607 -17.946
1010000 FRAC0_S 0 1 -15805.5 368.244 8937.26 1.4724e+07 -8.61715e+06 5.59559e+06 30100 35.4833 -13.8491
1010000 FRAC0_S 0 1 -15750.6 119.889 9130.69 1.54844e+07 -1.0547e+07 4.07525e+06 33487 40.4542 -9.95347
1010000 FRAC0_S 0 1 -15622.8 -132.414 9255.13 2.71747e+07 -6.60552e+06 -2.03944e+06 70246.1 23.4369 4.33406
1010000 FRAC0_S 0 1 -15433.9 -371.756 9305.64 6.43554e+06 -1.7053e+06 6.36712e+06 9341.59 15.4888 -27.8759
1010000 FRAC0_S 0 1 -15202.6 -574.708 9277.3 7.68898e+06 -1.84866e+07 -346720 35738 63.5743 1.01404
1010000 FRAC0_S 0 1 -14951.5 -721.403 9172.86 1.28512e+07 -7.11872e+06 -4.71708e+06 22192 34.5497 13.6991
1010000 FRAC0_S 0 1 -14705.1 -797.482 9002.57 1.39968e+07 -4.44927e+06 -6.90611e+06 25565 22.4138 18.799
1010000 FRAC0_S 0 1 -14487.6 -795.499 8783.07 1.13168e+07 -75377.4 -6.32666e+06 16736.4 0.594304 23.6434
1010000 FRAC0_S 0 1 -14320.2 -715.646 8535.87 1.68636e+07 1.31137e+07 -1.04579e+07 55211.4 -38.0414 17.966
1010000 FRAC0_S 0 1 -14219.4 -565.741 8285.16 3.09183e+06 3.96959e+06 -1.4155e+06 2522.49 -50.2093 12.1045
1010000 FRAC0_S 0 1 -14195 -360.457 8055.47 1.29818e+06 3.65289e+06 349210 1355.44 -63.2377 -4.99581
1010000 FRAC0_S 0 1 -14249.4 -119.889 7869.31 -1.16922e+06 3.39983e+06 2.24327e+06 1699.3 -52.4349 -22.1067
1010000 FRAC0_S 0 1 -14377.2 132.414 7744.87 -2.58567e+06 446541 2.27034e+06 703.308 -11.2933 -27.3469
Step FractureNumber TipNr TipActive TipX TipY TipZ KI KII KIII G Phi Psi Extension
1010101 FRAC0_S 0 1 -14532.9 396.084 7615.3 -5.06597e+06 -730896 2.48166e+06 866.705 11.8147 -20.4167
1010101 FRAC0_S 0 1 -14790.5 608.732 7652.53 -3.63409e+06 -1.2539e+06 2.08292e+06 717.132 22.9178 -20.3602
1010101 FRAC0_S 0 1 -15037 791.814 7792.15 -2.87413e+07 -1.4867e+06 -7.06842e+06 6841.99 5.46943 13.5973
1010101 FRAC0_S 0 1 -15283.1 894.827 7993.4 -2.54881e+06 7014.2 4.93731e+06 3242.15 -0.13099 -37.0677
1010101 FRAC0_S 0 1 -15525.5 891.962 8224.79 3.75669e+06 1.37874e+06 3.23247e+06 2816.67 -21.1668 -25.2066
1010101 FRAC0_S 0 1 -15715 804.183 8486.48 5.61865e+06 764371 3.21389e+06 4238.97 -10.7066 -22.4203
1010101 FRAC0_S 0 1 -15822.1 642.176 8759.5 1.20804e+07 577449 4.80603e+06 16106 -4.55262 -18.9663
1010101 FRAC0_S 0 1 -15838.1 422.892 9012.25 1.75399e+07 893428 4.84812e+06 30611.8 -5.26942 -14.8117
1010101 FRAC0_S 0 1 -15777.7 161.711 9214.54 2.3898e+07 -585264 4.84201e+06 54040.6 2.76619 -11.9792
1010101 FRAC0_S 0 1 -15652 -120.622 9346.7 1.02098e+07 -2.0401e+06 7.6718e+06 17487.6 13.6027 -25.1437
1010101 FRAC0_S 0 1 -15469 -352.789 9396.86 2.50882e+07 -3.61673e+06 -2.01269e+06 57791.9 15.5133 4.96907
1010101 FRAC0_S 0 1 -15178.9 -573.872 9366.38 2.30526e+07 8.13011e+06 -1.24193e+06 53450.2 -30.7025 2.93916
1010101 FRAC0_S 0 1 -14910.1 -741.816 9256.24 2.27663e+07 3.63408e+06 -1.87322e+06 47829.7 -16.8381 5.02291
1010101 FRAC0_S 0 1 -14658 -850.635 9066.62 1.78867e+07 -343693 -6.14515e+06 33542.4 1.96007 17.5667
1010101 FRAC0_S 0 1 -14444.3 -871.786 8806.79 1.37102e+07 -1.34251e+06 -5.63723e+06 21137 8.78947 18.8023
1010101 FRAC0_S 0 1 -14296.3 -802.207 8512.26 1.06963e+07 -1.85734e+06 -4.16657e+06 12811.5 14.6879 17.3879
1010101 FRAC0_S 0 1 -14215.4 -646.407 8229.89 5.84358e+06 -1.20349e+06 -1.8054e+06 3605.45 17.7392 14.535
1010101 FRAC0_S 0 1 -14200.7 -427.995 7983.82 3.68525e+06 740119 -294768 1270.58 -20.231 4.74233
1010101 FRAC0_S 0 1 -14240.2 -163.007 7787.43 516771 2.40323e+06 1.33641e+06 775.989 -56.7308 -21.2369
1010101 FRAC0_S 0 1 -14338 132.363 7663.78 -3.00731e+06 518322 2.19818e+06 666.595 -12.1038 -25.0881