
Step FractureNumber TipNr TipActive TipX TipY TipZ KI KII KIII G Phi Psi Extension
1010000 FRAC0_S 0 1 -14832.6 -14400.6 7733.11 3.7255e+06 6.94162e+06 -1.80128e+06 5962.18 -56.2463 10.5797
1010000 FRAC0_S 0 1 -15084.5 -14263.2 7847.73 2.50252e+06 6.9204e+06 -506543 4859.84 -63.5715 3.89322
1010000 FRAC0_S 0 1 -15328.3 -14197.9 8026.2 1.12496e+06 5.71217e+06 461585 3048.67 -66.6924 -4.80089
1010000 FRAC0_S 0 1 -15539.8 -14211.2 8251.05 6.81757e+06 5.1872e+06 851150 6635.81 -45.0921 -5.01948
1010000 FRAC0_S 0 1 -15698.5 -14301.7 8500.26 -2.71555e+06 3.67406e+06 626074 1255 -54.1192 -6.69786
1010000 FRAC0_S 0 1 -15788.9 -14460.5 8749.45 -5.32678e+06 4.5671e+06 1.00641e+06 1993.4 -46.3698 -6.92031
1010000 FRAC0_S 0 1 -15802 -14672.2 8974.23 -7.52776e+06 5.78069e+06 1.03429e+06 3120.01 -45.0547 -5.45315
1010000 FRAC0_S 0 1 -15736.6 -14916 9152.58 -6.00284e+06 3.76309e+06 1.30574e+06 1488.63 -39.4974 -8.73993
1010000 FRAC0_S 0 1 -15599.1 -15167.9 9267.06 -8.80402e+06 4.6771e+06 2.93887e+06 3098.02 -34.1984 -12.9034
1010000 FRAC0_S 0 1 -15403 -15403.5 9306.45 -8.9714e+06 3.55966e+06 3.70007e+06 2949.96 -27.3367 -16.0661
1010000 FRAC0_S 0 1 -15167.4 -15599.4 9266.89 -8.93158e+06 1.05231e+06 4.23095e+06 2479.5 -9.98045 -20.2927
1010000 FRAC0_S 0 1 -14915.5 -15736.8 9152.27 -5.89314e+06 -954281 3.01919e+06 1293.51 12.8857 -20.778
1010000 FRAC0_S 0 1 -14671.7 -15802.1 8973.8 -6.60651e+06 -3.80084e+06 2.98498e+06 2472.36 34.0947 -15.7458
1010000 FRAC0_S 0 1 -14460.2 -15788.8 8748.95 -4.89753e+06 -5.35152e+06 1.26443e+06 2764.64 49.9496 -8.16811
1010000 FRAC0_S 0 1 -14301.5 -15698.3 8499.74 -2.67092e+06 -4.34434e+06 -668140 1741.17 56.7797 6.53326
1010000 FRAC0_S 0 1 -14211.1 -15539.5 8250.55 2.88132e+07 -4.53673e+06 -3.90756e+06 77843.9 16.0095 7.81764
1010000 FRAC0_S 0 1 -14198 -15327.8 8025.77 -4.33938e+06 -1.30663e+06 -5.35594e+06 3967.39 15.6396 30.151
1010000 FRAC0_S 0 1 -14263.4 -15084 7847.42 2.70901e+06 1.15466e+06 -4.88422e+06 3945.55 -17.2594 33.2626
1010000 FRAC0_S 0 1 -14400.9 -14832.1 7732.94 3.84044e+06 3.98735e+06 -4.53716e+06 5468.95 -37.8669 24.1779
1010000 FRAC0_S 0 1 -14596.8 -14596.7 7693.55 4.38065e+06 6.19393e+06 -3.33893e+06 6611.46 -48.4517 16.8178
Step FractureNumber TipNr TipActive TipX TipY TipZ KI KII KIII G Phi Psi Extension
1010101 FRAC0_S 0 1 -14869.8 -14416.3 7642.92 1.88275e+07 -1.8699e+06 310723 31911.6 11.9066 -1.14645
1010101 FRAC0_S 0 1 -15138.5 -14281.2 7766.39 1.22952e+07 3.47665e+06 775772 14628.1 -26.324 -3.5842
1010101 FRAC0_S 0 1 -15395.1 -14209.1 7955.25 5.0169e+06 904217 183884 2320.19 -19.2 -2.31944
1010101 FRAC0_S 0 1 -15618.2 -14210.1 8192.01 4.92738e+06 3.21901e+06 1.13443e+06 3258.03 -40.1373 -9.04116
1010101 FRAC0_S 0 1 -15786.8 -14301.6 8456.12 559085 5.69442e+06 3.14852e+06 4235.82 -59.1147 -22.4197
1010101 FRAC0_S 0 1 -15884 -14468.3 8723.85 -915837 1.02872e+07 -2.80977e+06 10480.3 -65.0519 14.3133
1010101 FRAC0_S 0 1 -15899 -14689.5 8968.23 -4.0221e+06 5.79305e+06 2.20289e+06 3635.89 -51.2195 -13.1885
1010101 FRAC0_S 0 1 -15829 -14947 9165.92 -4.53862e+06 9.78969e+06 279823 8550.54 -62.3841 -1.48201
1010101 FRAC0_S 0 1 -15679.7 -15214.4 9298.02 -4.49743e+06 7.91491e+06 1.66393e+06 5950.6 -56.5885 -8.75913
1010101 FRAC0_S 0 1 -15461.7 -15463.9 9354.02 -7.49096e+06 6.49101e+06 3.23938e+06 5150.14 -42.8237 -13.5044
1010101 FRAC0_S 0 1 -15191.1 -15665 9330.94 -8.21305e+06 2.8567e+06 4.10196e+06 2965.07 -23.879 -18.6765
1010101 FRAC0_S 0 1 -14896.5 -15792.9 9225.54 -9.76684e+06 3.13068e+06 6.81249e+06 7045.91 -20.4711 -23.0173
1010101 FRAC0_S 0 1 -14616.7 -15836.2 9044.26 -7.43436e+06 -109161 9.17134e+06 11188.2 0.911321 -32.863
1010101 FRAC0_S 0 1 -14383.8 -15798.7 8809.25 -2.07188e+06 -5.7847e+06 6.29466e+06 8251.68 45.5319 -28.1661
1010101 FRAC0_S 0 1 -14214.9 -15704.5 8536.89 1.31835e+06 -5.57935e+06 -148423 2931.73 66.9667 1.62838
1010101 FRAC0_S 0 1 -14119.6 -15559.5 8250.77 2.33256e+06 -3.61671e+06 -3.25923e+06 3063.25 44.188 23.4732
1010101 FRAC0_S 0 1 -14114.5 -15351.5 7988.29 2.8208e+06 -1.42378e+06 -4.7129e+06 3843.79 20.4843 31.9038
1010101 FRAC0_S 0 1 -14209.8 -15106.2 7775.45 -4.56491e+06 2.14587e+06 -5.08161e+06 3844.76 -23.158 27.4841
1010101 FRAC0_S 0 1 -14385.2 -14853.4 7640.17 8.46075e+06 2.59052e+06 -4.7667e+06 9998.83 -21.0504 20.5083
1010101 FRAC0_S 0 1 -14620.6 -14605.5 7598 3.09866e+07 -289270 -2.47351e+06 86381.8 1.19481 5.53939