
Step FractureNumber TipNr TipActive TipX TipY TipZ KI KII KIII G Phi Psi Extension
1010000 FRAC0_S 0 1 -44201.4 29698 8003.36 1.33669e+06 244813 -829126 255.987 -13.4958 22.924
1010000 FRAC0_S 0 1 -44275.2 29943.9 7831.33 1.66293e+06 820105 -873864 407.916 -30.0247 18.0686
1010000 FRAC0_S 0 1 -44420.1 30195.2 7724.75 1.61931e+06 1.06093e+06 -679373 395.347 -37.2299 14.4235
1010000 FRAC0_S 0 1 -44621.5 30427.5 7694.05 1.73973e+06 1.3778e+06 -423573 462.729 -43.875 8.85788
1010000 FRAC0_S 0 1 -44860.1 30617.9 7742.25 1.11254e+06 984504 -75515.5 197.424 -49.0671 2.67131
1010000 FRAC0_S 0 1 -45112.4 30747.8 7864.62 1.60073e+06 1.4068e+06 211161 410.616 -47.8179 -4.97512
1010000 FRAC0_S 0 1 -45353.7 30804.5 8049.19 1.40596e+06 1.09505e+06 445733 309.424 -42.3592 -11.0435
1010000 FRAC0_S 0 1 -45554.6 30784.4 8270.26 1.36716e+06 806878 611867 274.367 -34.6761 -15.5393
1010000 FRAC0_S 0 1 -45712.2 30683.8 8528.32 1.608e+06 550033 898545 364.749 -22.9264 -20.0779
1010000 FRAC0_S 0 1 -45794.3 30518.3 8775.98 1.23232e+06 101064 751250 211.296 -6.62273 -23.8235
1010000 FRAC0_S 0 1 -45798.6 30302 8996.64 1.44157e+06 -303694 843388 288.002 15.461 -21.9097
1010000 FRAC0_S 0 1 -45724.8 30056.1 9168.67 1.13342e+06 -520830 590764 185.063 28.7117 -18.2402
1010000 FRAC0_S 0 1 -45579.9 29804.8 9275.25 1.6328e+06 -1.13049e+06 646716 407.081 38.7195 -13.6059
1010000 FRAC0_S 0 1 -45378.5 29572.5 9305.95 1.61362e+06 -1.31664e+06 384575 406.168 44.5639 -8.6051
1010000 FRAC0_S 0 1 -45139.9 29382.1 9257.75 1.56635e+06 -1.4498e+06 80496.1 406.792 50.2019 -2.00528
1010000 FRAC0_S 0 1 -44887.6 29252.2 9135.38 1.53951e+06 -1.40695e+06 -223766 394.252 48.345 5.34113
1010000 FRAC0_S 0 1 -44646.3 29195.5 8950.81 1.64462e+06 -1.26751e+06 -525601 420.925 42.1027 11.1542
1010000 FRAC0_S 0 1 -44439.6 29217.5 8722.12 1.50305e+06 -938168 -725772 349.802 35.3299 16.142
1010000 FRAC0_S 0 1 -44287.8 29316.2 8471.68 1.48465e+06 -588812 -880621 330.449 25.124 20.3195
1010000 FRAC0_S 0 1 -44205.7 29481.7 8224.02 1.2323e+06 -90134.3 -775755 216.082 5.88495 24.3276
Step FractureNumber TipNr TipActive TipX TipY TipZ KI KII KIII G Phi Psi Extension
1010101 FRAC0_S 0 1 -44138.7 29656.4 7944.84 2.09034e+06 -108543 -1.05964e+06 539.756 4.58578 21.8751
1010101 FRAC0_S 0 1 -44238.6 29911.4 7747.63 2.05028e+06 -182542 -958907 499.85 7.77795 20.4553
1010101 FRAC0_S 0 1 -44408.5 30175 7629.45 2.23598e+06 -139400 -724400 517.038 6.15437 16.4259
1010101 FRAC0_S 0 1 -44633.3 30417.6 7596.81 2.35411e+06 -173035 -448302 523.229 7.90488 11.0029
1010101 FRAC0_S 0 1 -44893 30616.4 7649.1 2.10103e+06 -131653 -136597 397.388 7.5632 4.38728
1010101 FRAC0_S 0 1 -45162.5 30756.5 7780 2.48651e+06 -53104.1 156097 554.435 2.73076 -4.406
1010101 FRAC0_S 0 1 -45418.8 30825.3 7978.54 2.56955e+06 -88272.9 452081 616.232 3.91743 -10.6414
1010101 FRAC0_S 0 1 -45638.7 30814.3 8229.09 2.38575e+06 20044.3 756937 583.435 -0.884459 -16.7776
1010101 FRAC0_S 0 1 -45798.1 30723.9 8510.83 2.22475e+06 20303.3 950513 561.251 -0.886675 -20.2812
1010101 FRAC0_S 0 1 -45875.3 30562.5 8797.53 1.5663e+06 66165.3 792872 302.614 -3.76722 -21.9724
1010101 FRAC0_S 0 1 -45860.6 30343.9 9055.61 2.13521e+06 131415 1.02493e+06 547.517 -5.47789 -21.0882
1010101 FRAC0_S 0 1 -45761.1 30088.8 9252.52 2.16017e+06 169558 952972 539.163 -7.04453 -19.8624
1010101 FRAC0_S 0 1 -45590.7 29825.7 9370.36 2.27255e+06 162787 718138 531.159 -7.04046 -16.0515
1010101 FRAC0_S 0 1 -45365.4 29583.6 9402.97 2.33421e+06 187435 417910 511.879 -8.6422 -10.4221
1010101 FRAC0_S 0 1 -45106.2 29384.9 9350.62 2.41344e+06 245360 151306 527.449 -11.6902 -4.10412
1010101 FRAC0_S 0 1 -44837.1 29244.2 9219.84 2.56852e+06 207557 -164621 595.329 -9.53259 4.26304
1010101 FRAC0_S 0 1 -44581.1 29175 9021.51 2.57089e+06 136176 -496356 623.388 -5.82483 11.2935
1010101 FRAC0_S 0 1 -44361.1 29187 8771.61 2.15862e+06 62561.8 -735190 487.456 -2.93129 17.3563
1010101 FRAC0_S 0 1 -44201.6 29277.7 8490.11 2.10076e+06 -99821.9 -916731 505.919 4.41127 20.0842
1010101 FRAC0_S 0 1 -44124.1 29438.3 8202.97 1.523e+06 11762.9 -798355 291.477 -0.70406 22.8263