
Step FractureNumber TipNr TipActive TipX TipY TipZ KI KII KIII G Phi Psi Extension
1010000 FRAC0_S 0 1 537.333 15252.1 7710.55 -1.09617e+07 -1.25208e+07 7.4648e+06 21381 45.1835 -16.8944
1010000 FRAC0_S 0 1 325.205 15476.4 7698.3 -2.44229e+07 3.8005e+06 6.28114e+06 6534.29 -14.5711 -13.1054
1010000 FRAC0_S 0 1 81.2449 15654.2 7764.52 -8.30803e+06 -3.84277e+06 25103 1315.96 37.2122 -0.160672
1010000 FRAC0_S 0 1 -170.668 15767.9 7902.75 -7.08386e+06 -2.85592e+06 -334151 741.656 33.5078 2.50198
1010000 FRAC0_S 0 1 -405.875 15806.4 8099.44 2.07975e+06 1.348e+06 -1.38701e+06 803.221 -33.7092 19.7312
1010000 FRAC0_S 0 1 -601.353 15766 8335.33 671622 -1.34932e+06 1.94652e+06 706.366 39.5169 -30.3251
1010000 FRAC0_S 0 1 -737.966 15650.7 8587.35 -5.51554e+06 -2.04584e+07 -7.87666e+06 45548.2 59.0436 16.363
1010000 FRAC0_S 0 1 -802.341 15471.5 8830.81 7.85523e+06 -5.65809e+06 4.32013e+06 10833.5 37.3719 -16.9588
1010000 FRAC0_S 0 1 -788.178 15246.3 9041.89 1.13306e+07 -9.73675e+06 4.2138e+06 22249.7 43.5362 -12.0841
1010000 FRAC0_S 0 1 -681.769 14967 9214.83 1.38558e+07 -1.24052e+07 2.32971e+06 31542.4 47.5663 -6.13671
1010000 FRAC0_S 0 1 -537.333 14747.9 9289.45 1.51626e+07 -1.45333e+07 -372478 39326.5 51.3145 0.96118
1010000 FRAC0_S 0 1 -325.205 14523.6 9301.7 1.49087e+07 -1.2509e+07 -3.52011e+06 35398 45.1621 8.44763
1010000 FRAC0_S 0 1 -81.2449 14345.8 9235.48 1.40085e+07 -9.97526e+06 -5.91161e+06 31001.6 38.9206 14.1336
1010000 FRAC0_S 0 1 170.668 14232.1 9097.25 1.20952e+07 -6.15583e+06 -7.47395e+06 23842.3 29.4929 19.8761
1010000 FRAC0_S 0 1 405.875 14193.6 8900.56 8.99234e+06 -1.07725e+06 -6.62481e+06 13146.2 8.74243 25.756
1010000 FRAC0_S 0 1 601.353 14234 8664.67 4.85313e+06 1.43006e+06 -3.99999e+06 4409.02 -18.1157 25.3476
1010000 FRAC0_S 0 1 737.966 14349.3 8412.65 1.44277e+06 3.9699e+06 -2.1657e+06 2213.68 -54.1294 19.5954
1010000 FRAC0_S 0 1 802.341 14528.5 8169.19 -2.21097e+06 3.21418e+06 277568 930.839 -56.6702 -3.71831
1010000 FRAC0_S 0 1 788.178 14753.7 7958.11 -5.48897e+06 1.04789e+06 2.02523e+06 643.357 -16.0857 -16.6034
1010000 FRAC0_S 0 1 696.863 15003.1 7800.07 -7.84662e+06 -1.49672e+06 2.45939e+06 1004.09 16.6279 -14.8204
Step FractureNumber TipNr TipActive TipX TipY TipZ KI KII KIII G Phi Psi Extension
1010101 FRAC0_S 0 1 602.35 15293.8 7666.74 -9.22557e+06 -1.6365e+07 7.74582e+06 31844.5 51.8576 -16.342
1010101 FRAC0_S 0 1 364.068 15529.3 7641.81 -8.46964e+06 -6.67808e+06 699610 4039.11 46.5656 -3.37914
1010101 FRAC0_S 0 1 110.68 15730.3 7724.43 -5.97536e+06 -6.46747e+06 84889.2 3728.27 53.6192 -0.527021
1010101 FRAC0_S 0 1 -168.126 15847.1 7870.94 -9.54751e+06 -1.92728e+07 1.59859e+06 33439.1 60.6016 -4.00796
1010101 FRAC0_S 0 1 -437.18 15872.7 8067.88 2.08515e+07 1.17978e+06 -1.19192e+07 57762.6 -4.78047 23.3165
1010101 FRAC0_S 0 1 -620.256 15844.1 8344.34 1.92696e+06 -824114 2.04689e+06 948.643 21.9816 -27.27
1010101 FRAC0_S 0 1 -742.363 15734.7 8635.76 6.83244e+06 -715397 2.99998e+06 5402.44 9.17338 -19.5151
1010101 FRAC0_S 0 1 -818.849 15543.3 8895.04 1.16849e+07 -644598 5.88846e+06 16815.5 4.86592 -21.7637
1010101 FRAC0_S 0 1 -805.846 15304 9119.68 1.80646e+07 307245 3.32064e+06 30554.1 -1.96887 -11.1668
1010101 FRAC0_S 0 1 -701.115 15039.9 9288.78 2.31242e+07 -798262 -813092 47794.2 4.44516 2.52831
1010101 FRAC0_S 0 1 -528.62 14774.8 9384.11 2.1461e+07 2.41049e+06 -433959 41584.6 -13.196 1.38212
1010101 FRAC0_S 0 1 -306.11 14530.4 9398.09 2.38208e+07 2.46651e+06 -3.09583e+06 52380.6 -11.2588 7.85181
1010101 FRAC0_S 0 1 -51.0124 14330 9327.38 2.16803e+07 1.16644e+06 -5.65737e+06 46262.7 -5.61184 14.1812
1010101 FRAC0_S 0 1 212.216 14190.7 9173.55 -9.58093e+06 7.29156e+06 -1.51031e+07 35075.6 -28.2849 29.4797
1010101 FRAC0_S 0 1 444.664 14125.7 8952.85 2.64128e+07 -814768 1.88564e+06 62698.6 3.86324 -4.91355
1010101 FRAC0_S 0 1 632.907 14148.9 8662.83 8.22866e+06 -45175.5 -4.82646e+06 9132.1 0.481948 24.2578
1010101 FRAC0_S 0 1 745.541 14265.2 8369.48 2.60398e+06 1.71361e+06 -8.77391e+06 11104.4 -17.126 37.453
1010101 FRAC0_S 0 1 814.958 14459.9 8105.69 695715 1.15413e+07 1.0231e+07 25834.4 -53.4443 -28.6753
1010101 FRAC0_S 0 1 838.648 14719.3 7894.24 -3.83773e+06 1.96388e+06 2.11047e+06 936.072 -30.4371 -18.4578
1010101 FRAC0_S 0 1 773.92 15016.2 7753.36 -3.5441e+07 3.86847e+06 1.13645e+07 18510.8 -10.2797 -15.8331