
Step FractureNumber TipNr TipActive TipX TipY TipZ KI KII KIII G Phi Psi Extension
1010000 FRAC0_S 0 1 14999 987.687 8500 183110 -1.96495e+06 861578 445.771 61.5658 -19.6249
1010000 FRAC0_S 0 1 14693.8 939.03 8500 -6.48701e+06 -2.59388e+06 367857 617.55 33.1576 -2.98666
1010000 FRAC0_S 0 1 14418.7 798.454 8500 134059 -2.51371e+06 -145517 567.481 69.2988 3.97386
1010000 FRAC0_S 0 1 14200.4 579.719 8500 163170 -1.78187e+06 -472309 314.972 65.1625 13.9801
1010000 FRAC0_S 0 1 14060.3 304.238 8500 219493 -1.41811e+06 -824550 273.922 57.4135 22.4204
1010000 FRAC0_S 0 1 14012.3 -1.025 8500 225032 -1.25421e+06 -1.3434e+06 384.715 48.3869 29.648
1010000 FRAC0_S 0 1 14061 -306.187 8500 191804 -484380 -1.16562e+06 204.89 31.9773 36.1465
1010000 FRAC0_S 0 1 14201.6 -581.378 8500 1.32696e+07 1.32709e+06 -1.75685e+06 16258.1 -10.9 7.99865
1010000 FRAC0_S 0 1 14420.2 -799.659 8500 225139 728267 -1.32723e+06 286.062 -37.5679 34.2164
1010000 FRAC0_S 0 1 14695.7 -939.664 8500 5.09174e+06 2.67992e+06 -1.15437e+06 3127.47 -35.7231 9.53551
1010000 FRAC0_S 0 1 15001 -987.687 8500 220954 2.01134e+06 -865736 464.526 -61.3873 19.2199
1010000 FRAC0_S 0 1 15306.2 -939.03 8500 5.98225e+06 1.57354e+06 -372584 3428.11 -25.0285 3.59263
1010000 FRAC0_S 0 1 15581.3 -798.454 8500 477256 2.62201e+06 20764.9 632.979 -68.2165 -0.517655
1010000 FRAC0_S 0 1 15799.6 -579.719 8500 -1.50275e+06 1.32687e+06 -363459 174.456 -46.089 8.45095
1010000 FRAC0_S 0 1 15939.7 -304.238 8500 1.3345e+07 1.2166e+06 1.26541e+06 16214.3 -10.348 -6.02538
1010000 FRAC0_S 0 1 15987.7 1.025 8500 1224.74 1.70172e+06 1.59216e+06 595.198 -53.6318 -29.9842
1010000 FRAC0_S 0 1 15939 306.187 8500 178234 645711 1.5433e+06 356.762 -32.9794 -36.8255
1010000 FRAC0_S 0 1 15798.4 581.378 8500 235457 -168124 1.76709e+06 422.765 10.4234 -41.6282
1010000 FRAC0_S 0 1 15579.8 799.659 8500 86116.2 -1.10062e+06 1.74862e+06 515.276 42.6522 -34.7546
1010000 FRAC0_S 0 1 15304.3 939.664 8500 -3.88907e+06 -135364 1.18201e+06 187.453 3.59258 -16.0073
Step FractureNumber TipNr TipActive TipX TipY TipZ KI KII KIII G Phi Psi Extension
1010101 FRAC0_S 0 1 15000.1 1055.13 8559.21 1.84501e+06 -1.31947e+06 967283 582.914 37.5698 -16.4519
1010101 FRAC0_S 0 1 14675.6 997.875 8572.72 3.42248e+06 -1.95921e+06 3.07863e+06 2646.4 28.6668 -24.0137
1010101 FRAC0_S 0 1 14393.2 838.804 8583.14 2.41677e+06 -761034 -467444 601.143 26.1773 9.45959
1010101 FRAC0_S 0 1 14165.3 603.338 8589.83 2.21705e+06 -283807 -1.30862e+06 672.942 10.0415 22.9002
1010101 FRAC0_S 0 1 14009.6 318.679 8583.5 -9.55221e+06 -9.78994e+06 -2.87373e+06 9638.93 48.1007 9.5375
1010101 FRAC0_S 0 1 13946.1 -3.486 8571.69 751276 32134.1 -1.7796e+06 471.596 -1.74427 38.249
1010101 FRAC0_S 0 1 13984.2 -333.802 8540.44 666348 167619 -1.63868e+06 399.213 -9.16879 37.1988
1010101 FRAC0_S 0 1 14130.1 -632.895 8488.54 998804 2.44689e+06 -1.11106e+06 786.606 -54.9929 17.0567
1010101 FRAC0_S 0 1 14371 -865.505 8450.19 845339 279024 -1.71091e+06 459.936 -13.0997 35.0516
1010101 FRAC0_S 0 1 14671.6 -1006.3 8433.61 7.299e+06 -3.74549e+06 -3.4422e+06 7573.34 31.5173 16.6705
1010101 FRAC0_S 0 1 15001.8 -1052.47 8430.93 1.21808e+06 2.79287e+06 2.52052e+06 1672.23 -47.0653 -25.1861
1010101 FRAC0_S 0 1 15325.7 -1001.57 8433.69 1.33566e+06 3.10457e+06 -881743 1121.25 -57.8481 12.0172
1010101 FRAC0_S 0 1 15613.3 -845.167 8424.99 5.36247e+06 1.56372e+06 -1.08105e+06 2935.78 -24.6707 9.92917
1010101 FRAC0_S 0 1 15856.5 -615.148 8436.28 1.49727e+06 -1.07418e+06 1.48708e+06 596.707 32.1505 -24.1495
1010101 FRAC0_S 0 1 16015.3 -329.55 8452.88 918988 882088 1.35679e+06 389.428 -33.6445 -27.4211
1010101 FRAC0_S 0 1 16060.7 -0.0185013 8441.64 2.94394e+06 4.53408e+06 1.94775e+06 3108.77 -51.1469 -14.7089
1010101 FRAC0_S 0 1 16013.6 333.678 8457.18 -7.15315e+06 3.65132e+06 1.8788e+06 1657.5 -34.5024 -10.8302
1010101 FRAC0_S 0 1 15868.9 631.711 8512.37 1.11563e+06 1.98088e+06 2.30967e+06 1170.06 -41.8994 -27.3005
1010101 FRAC0_S 0 1 15628.8 867.642 8539.97 484722 -292778 1.62759e+06 380.9 16.0052 -37.6721
1010101 FRAC0_S 0 1 15330.4 1013.93 8542.06 6.96841e+06 2.02984e+06 3.55214e+06 6372.39 -20.8119 -19.4329