
Step FractureNumber TipNr TipActive TipX TipY TipZ KI KII KIII G Phi Psi Extension
1010000 FRAC0_S 0 1 987.416 29976.8 8500 857759 -74600.2 -3.90438e+06 2093.54 2.14266 41.4606
1010000 FRAC0_S 0 1 946.265 30283.1 8500 4.36597e+06 1.91509e+06 -3.86531e+06 4012.51 -23.9308 24.9253
1010000 FRAC0_S 0 1 812.488 30561.6 8500 900722 3.22422e+06 -3.29751e+06 2444.83 -47.6057 28.1393
1010000 FRAC0_S 0 1 599.178 30785.2 8500 662530 3.77996e+06 -2.04075e+06 1866.23 -57.8298 21.2826
1010000 FRAC0_S 0 1 327.217 30931.9 8500 954767 5.73096e+06 -1.41846e+06 3275.55 -63.9972 12.6412
1010000 FRAC0_S 0 1 23.226 30987.4 8500 924939 6.07714e+06 -123462 3369.23 -68.4846 1.34157
1010000 FRAC0_S 0 1 -283.039 30946.3 8500 -2.09047e+07 5.15065e+06 1.24892e+06 2571.47 -23.9185 -3.49873
1010000 FRAC0_S 0 1 -561.598 30812.4 8500 5.0228e+06 4.29042e+06 2.47522e+06 4703.27 -41.681 -14.9228
1010000 FRAC0_S 0 1 -785.184 30599.1 8500 -2.23681e+07 3.54565e+06 2.89865e+06 2237.75 -16.1683 -7.51315
1010000 FRAC0_S 0 1 -931.911 30327.2 8500 1.10421e+06 2.38317e+06 3.985e+06 2726.82 -37.5301 -32.2118
1010000 FRAC0_S 0 1 -987.416 30023.2 8500 857909 307691 3.91507e+06 2112.62 -8.22182 -40.5101
1010000 FRAC0_S 0 1 -946.265 29716.9 8500 -9.91689e+06 -836497 3.612e+06 1797.54 7.91486 -17.5258
1010000 FRAC0_S 0 1 -812.488 29438.4 8500 -1.68029e+07 -2.8342e+06 2.97142e+06 1890.09 16.4503 -9.68143
1010000 FRAC0_S 0 1 -599.178 29214.8 8500 4.42731e+06 -3.40692e+06 2.5516e+06 3646.88 38.3924 -17.1713
1010000 FRAC0_S 0 1 -327.217 29068.1 8500 -7.68829e+06 -4.85759e+06 1.3968e+06 2362.14 40.279 -7.48295
1010000 FRAC0_S 0 1 -23.226 29012.6 8500 909982 -5.43153e+06 105661 2704.15 68.2628 -1.26946
1010000 FRAC0_S 0 1 283.039 29053.7 8500 776242 -4.697e+06 -994847 2151.25 64.7516 11.2164
1010000 FRAC0_S 0 1 561.598 29187.6 8500 -2.95236e+06 -4.4565e+06 -1.57845e+06 2101.13 52.2094 12.6813
1010000 FRAC0_S 0 1 785.184 29400.9 8500 2.44549e+07 -2.98997e+06 -2.91035e+06 55214.7 13.1108 7.17501
1010000 FRAC0_S 0 1 931.911 29672.8 8500 1.01279e+06 -2.0545e+06 -3.97046e+06 2564.22 34.9041 33.5016
Step FractureNumber TipNr TipActive TipX TipY TipZ KI KII KIII G Phi Psi Extension
1010101 FRAC0_S 0 1 1078.6 29975.3 8506.04 2.05084e+06 210718 -3.2834e+06 1812.58 -5.21914 34.6162
1010101 FRAC0_S 0 1 1028.89 30305.1 8462.19 1.00411e+07 -3.63389e+06 -257823 10170 31.7524 1.43207
1010101 FRAC0_S 0 1 870.186 30597.9 8431.77 2.14833e+07 -1.38275e+07 -4.11899e+06 60421.2 40.4875 7.78807
1010101 FRAC0_S 0 1 632.825 30826.2 8416.74 -3.70636e+06 -3.78614e+06 1.64154e+06 1635.77 46.004 -12.9521
1010101 FRAC0_S 0 1 342.77 30972.3 8410.65 3.5629e+06 -288495 -873054 1239.98 8.28797 13.2871
1010101 FRAC0_S 0 1 20.739 31038 8420.88 1.27076e+07 160017 -961798 14515.2 -1.61053 5.26506
1010101 FRAC0_S 0 1 -306.538 31014.6 8439.84 3.81743e+06 2.09683e+06 642416 1745.26 -37.613 -7.32556
1010101 FRAC0_S 0 1 -608.469 30879.7 8449.65 4.62309e+06 4.3604e+06 2.95655e+06 4761.38 -41.7913 -17.2907
1010101 FRAC0_S 0 1 -852.683 30650.3 8454.22 2.34251e+06 45346.9 1.44437e+06 766.627 -1.64682 -24.7105
1010101 FRAC0_S 0 1 -1013.15 30355.5 8459 1.59113e+06 451638 2.95968e+06 1408.82 -12.0691 -34.5969
1010101 FRAC0_S 0 1 -1079.31 30023.8 8481.06 1.77651e+06 -408513 6.51715e+06 5945.04 6.41788 -39.9064
1010101 FRAC0_S 0 1 -1038.17 29689.7 8510.39 1.39331e+06 -1.01783e+06 2.75764e+06 1276.71 24.8543 -32.2213
1010101 FRAC0_S 0 1 -887.545 29388.5 8533.13 -1.88685e+07 -7.5306e+06 1.72208e+06 5447.85 32.4709 -4.65279
1010101 FRAC0_S 0 1 -648.994 29152.1 8554.29 88528.8 -4.22085e+06 1.52119e+06 1896.01 64.6645 -18.1039
1010101 FRAC0_S 0 1 -351.959 29007.3 8571.07 -1.12717e+07 -9.17868e+06 604610 7555.97 47.7285 -2.21262
1010101 FRAC0_S 0 1 -26.924 28965.9 8585.22 3.3961e+06 -216466 -149461 1034.9 7.82378 3.04676
1010101 FRAC0_S 0 1 297.644 29011.5 8588.2 8.63756e+06 -406495 -1.57167e+06 6991.52 5.25821 10.8247
1010101 FRAC0_S 0 1 601.431 29137.3 8567.79 2.77437e+06 -639680 -1.1874e+06 909.872 18.1096 17.9304
1010101 FRAC0_S 0 1 851.952 29351.9 8545.4 2.65126e+07 9.02831e+06 -4.15779e+06 72199.7 -28.2185 7.80725
1010101 FRAC0_S 0 1 1014.93 29643.9 8535.21 1.04919e+07 3.46016e+06 -866652 10976.1 -28.8733 4.44884