
Step FractureNumber TipNr TipActive TipX TipY TipZ KI KII KIII G Phi Psi Extension
1010000 FRAC0_S 0 1 0 15987.2 8471.27 4.09766e+06 534861 -11009 1521.74 -15.1971 0.18474
1010000 FRAC0_S 0 1 0 15947.8 8777.76 1.12239e+07 730605 95935.5 11274.6 -8.2307 -0.618877
1010000 FRAC0_S 0 1 0 15815.6 9057.06 1.71284e+07 577803 234435 26180.4 -4.43628 -1.01361
1010000 FRAC0_S 0 1 0 15603.5 9281.83 2.34028e+07 508244 400830 48849.2 -2.89613 -1.27702
1010000 FRAC0_S 0 1 0 15332.4 9430.08 2.70398e+07 226576 523173 65194 -1.1368 -1.45675
1010000 FRAC0_S 0 1 0 15028.7 9487.27 3.21211e+07 25829 1.36689e+06 92189.3 -0.107856 -3.12639
1010000 FRAC0_S 0 1 0 14722.2 9447.82 2.78843e+07 -279892 503534 69326.6 1.36019 -1.35985
1010000 FRAC0_S 0 1 0 14442.9 9315.6 2.83189e+07 -108054 979757 71591.1 0.513481 -2.56213
1010000 FRAC0_S 0 1 0 14218.2 9103.54 1.98524e+07 -536780 338263 35160.6 3.57865 -1.26414
1010000 FRAC0_S 0 1 0 14070 8832.4 1.29249e+07 2.5814e+07 -1.67807e+07 111717 -49.9608 20.5606
1010000 FRAC0_S 0 1 0 14012.8 8528.73 5.32429e+06 -462201 117024 2546.96 10.5319 -1.53321
1010000 FRAC0_S 0 1 0 14052.2 8222.24 -842626 1.33047e+07 -9.07155e+06 26718.8 -57.2377 25.4371
1010000 FRAC0_S 0 1 0 14184.4 7942.94 -7.95194e+06 -459101 -137198 21.2856 7.31708 1.24339
1010000 FRAC0_S 0 1 0 14396.5 7718.17 -1.20596e+07 2.01291e+07 -1.30169e+07 58641.2 -48.4599 19.7238
1010000 FRAC0_S 0 1 0 14667.6 7569.92 -1.57544e+07 2.50569e+07 1.49697e+07 85751.6 -48.7635 -18.5558
1010000 FRAC0_S 0 1 0 14971.3 7512.73 -2.10162e+07 -237037 -1.27234e+06 220.313 1.46547 4.30048
1010000 FRAC0_S 0 1 0 15277.8 7552.18 -1.56218e+07 2.25382e+07 -1.69336e+07 83402.8 -45.5577 20.8566
1010000 FRAC0_S 0 1 0 15557.1 7684.4 -1.3917e+07 446817 -396778 38.7289 -4.17379 2.07287
1010000 FRAC0_S 0 1 0 15781.8 7896.46 -8.65437e+06 2.38365e+07 -1.73665e+07 90742.7 -50.9329 23.1654
1010000 FRAC0_S 0 1 0 15930 8167.6 -2.4433e+06 987014 46783.6 87.1018 -34.1002 -1.0435
Step FractureNumber TipNr TipActive TipX TipY TipZ KI KII KIII G Phi Psi Extension
1010101 FRAC0_S 0 1 -30.702 16078.7 8469.87 5.03242e+06 -1.2464e+06 -282842 2405.81 24.0675 3.30089
1010101 FRAC0_S 0 1 -15.6452 16040 8805.04 1.54837e+07 -1.52805e+06 -429469 21596.4 11.7282 1.90064
1010101 FRAC0_S 0 1 -8.70965 15895.8 9111.91 2.07652e+07 -1.07225e+06 365442 38543.8 6.59782 -1.27488
1010101 FRAC0_S 0 1 -4.95603 15663.1 9358.96 2.32873e+07 -3.00077e+07 -2.17559e+07 191515 44.7858 19.8378
1010101 FRAC0_S 0 1 -2.30218 15365.2 9521.9 3.68847e+07 -3.18426e+06 1.28571e+06 122356 10.3648 -2.39311
1010101 FRAC0_S 0 1 0.00332501 15031.6 9584.77 3.56581e+07 -822759 474420 113394 3.08221 -0.995901
1010101 FRAC0_S 0 1 1.36386 14694.9 9541.43 3.19151e+07 631732 562307 90842.7 -2.64576 -1.31519
1010101 FRAC0_S 0 1 2.60199 14388 9396.12 2.47945e+07 3.25053e+07 -1.87701e+07 195793 -47.0417 17.2371
1010101 FRAC0_S 0 1 -15.7951 14149.4 9160.09 2.13517e+07 -4.89432e+06 1.91717e+06 43248.1 22.2157 -5.15683
1010101 FRAC0_S 0 1 -32.1502 13995.3 8859.19 2.2092e+07 2.06904e+07 1.75876e+07 122778 -39.7594 -19.9229
1010101 FRAC0_S 0 1 -31.0241 13935.5 8531.76 6.982e+06 -4.65015e+06 187039 6275.52 44.246 -1.22609
1010101 FRAC0_S 0 1 -34.2926 13981.2 8201.35 -2.21609e+06 -1.17615e+06 -28349.7 123.376 39.8622 0.644195
1010101 FRAC0_S 0 1 -33.3674 14120.3 7898.04 -8.52716e+06 1.76983e+06 -462102 307.52 -21.1353 3.28921
1010101 FRAC0_S 0 1 -53.0405 14350.2 7662.41 -1.23221e+07 9.12658e+06 -6.09532e+06 12363.7 -38.7031 15.6449
1010101 FRAC0_S 0 1 -55.6727 14645.7 7500.79 -1.12013e+07 1.53669e+07 2.64834e+06 21975.4 -54.2704 -6.79917
1010101 FRAC0_S 0 1 -35.3701 14969.2 7430.45 -2.09396e+07 7.4358e+06 -682107 4988.87 -31.242 1.81281
1010101 FRAC0_S 0 1 -36.878 15300.9 7473 -1.65385e+07 7.52077e+06 -429644 5064.79 -36.3931 1.35831
1010101 FRAC0_S 0 1 -40.8982 15602.6 7616.79 -1.35702e+07 6.19556e+06 -967303 3544.93 -35.5848 3.56727
1010101 FRAC0_S 0 1 -54.656 15840.4 7849.65 -6.44062e+06 3.80367e+06 303004 1301.45 -41.3844 -2.21355
1010101 FRAC0_S 0 1 -53.9958 16005.7 8143.33 -2.35755e+06 1.408e+06 365212 194.398 -39.5872 -6.63823