
Step FractureNumber TipNr TipActive TipX TipY TipZ KI KII KIII G Phi Psi Extension
1010000 FRAC0_S 0 1 -44194.5 37131.8 8062.81 271972 666536 132841 48.5274 -60.0059 -9.1642
1010000 FRAC0_S 0 1 -44246.2 37371.5 7874.8 -113901 623504 448185 61.3578 -54.2662 -24.7703
1010000 FRAC0_S 0 1 -44371.7 37623.8 7747.99 179183 345549 215720 19.6903 -50.0894 -19.9233
1010000 FRAC0_S 0 1 -44558.8 37863.9 7694.79 213671 275793 440853 36.695 -35.3513 -29.5518
1010000 FRAC0_S 0 1 -44789 38068.5 7720.41 185418 88836 309242 16.4857 -19.6921 -32.0695
1010000 FRAC0_S 0 1 -45039.8 38217.4 7822.34 271107 -101980 467570 36.5529 15.9532 -33.1746
1010000 FRAC0_S 0 1 -45286.8 38296.2 7990.62 -45169 -672823 470259 69.7514 56.829 -25.7005
1010000 FRAC0_S 0 1 -45505.6 38296.9 8208.75 289662 -568696 368770 54.383 49.847 -20.46
1010000 FRAC0_S 0 1 -45675 38219.7 8455.39 276403 -671389 213539 53.04 57.5412 -13.2265
1010000 FRAC0_S 0 1 -45778.4 38071.9 8706.39 780154 -341624 268913 74.2534 30.167 -13.8487
1010000 FRAC0_S 0 1 -45805.5 37868.2 8937.19 264389 -749773 -104903 57.7865 62.377 7.02184
1010000 FRAC0_S 0 1 -45753.8 37628.5 9125.2 193835 -499883 -207519 31.3427 56.1173 16.2106
1010000 FRAC0_S 0 1 -45628.3 37376.2 9252.01 -82381.6 -435183 -486319 48.3314 47.5354 30.0417
1010000 FRAC0_S 0 1 -45441.2 37136.1 9305.21 77194 -151515 -640224 57.0916 22.2834 39.5553
1010000 FRAC0_S 0 1 -45211 36931.5 9279.59 264222 -51712.7 -547903 46.3857 8.1301 36.1971
1010000 FRAC0_S 0 1 -44960.2 36782.6 9177.66 272425 196840 -534166 48.0153 -24.7697 32.1708
1010000 FRAC0_S 0 1 -44713.2 36703.8 9009.38 260816 417347 -451485 48.6933 -42.1683 25.9029
1010000 FRAC0_S 0 1 -44494.4 36703.1 8791.25 270032 589137 -348157 53.5475 -51.6477 19.7487
1010000 FRAC0_S 0 1 -44325 36780.3 8544.61 245694 643127 -196095 47.3504 -58.3926 13.0202
1010000 FRAC0_S 0 1 -44221.6 36928.1 8293.61 252539 683418 -63579.3 47.8405 -62.9984 4.82797
Step FractureNumber TipNr TipActive TipX TipY TipZ KI KII KIII G Phi Psi Extension
1010101 FRAC0_S 0 1 -44203.7 37067.3 7987.78 456069 131900 8298.81 20.0943 -27.5439 -1.07921
1010101 FRAC0_S 0 1 -44250.6 37318 7791.56 758079 126463 97627.1 53.9028 -16.8657 -7.42711
1010101 FRAC0_S 0 1 -44373.4 37591.2 7655.48 717658 131127 284141 58.1647 -15.2662 -17.4868
1010101 FRAC0_S 0 1 -44557.9 37861.9 7598.11 452221 149096 650563 76.4942 -15.6808 -31.6223
1010101 FRAC0_S 0 1 -44784.8 38106.4 7636.03 887478 229665 213726 80.9601 -22.0749 -11.6751
1010101 FRAC0_S 0 1 -45025.5 38292.1 7778.88 533168 186359 392039 48.8673 -21.5041 -23.405
1010101 FRAC0_S 0 1 -45264.8 38387.8 7994.42 395868 193594 409864 39.6468 -24.4944 -26.4399
1010101 FRAC0_S 0 1 -45489 38390 8237.9 496751 107050 400283 44.3203 -14.1303 -25.8505
1010101 FRAC0_S 0 1 -45676 38307.4 8496.57 603783 -58704.4 320327 46.4395 8.11258 -21.9169
1010101 FRAC0_S 0 1 -45791.6 38150.6 8759.42 800800 -210944 174756 65.1715 22.6776 -10.7725
1010101 FRAC0_S 0 1 -45807.3 37936.1 9005.61 730139 -376810 -74208.9 60.8897 37.5384 4.77026
1010101 FRAC0_S 0 1 -45747.8 37681.8 9208.23 1.03788e+06 212648 125581 102.115 -19.9625 -6.84332
1010101 FRAC0_S 0 1 -45632 37404 9344.15 988496 -71092.8 -210259 93.4018 7.61853 12.0104
1010101 FRAC0_S 0 1 -45454.3 37126.2 9398.95 21117.9 -191715 -666101 62.3258 27.2067 40.1592
1010101 FRAC0_S 0 1 -45227.5 36881.4 9356.6 471469 -114714 -522579 57.3011 13.7352 29.4321
1010101 FRAC0_S 0 1 -44978 36700.7 9218.15 485281 -170584 -455498 51.1729 19.8395 26.4253
1010101 FRAC0_S 0 1 -44730.4 36608.3 9011.91 366867 -67962.9 -306384 24.8899 12.2483 26.6032
1010101 FRAC0_S 0 1 -44508.8 36609 8765.94 451445 415001 -307578 46.0903 -40.7414 18.1699
1010101 FRAC0_S 0 1 -44339 36693.4 8499.24 535147 -88146.5 -291880 37.5427 12.835 21.5201
1010101 FRAC0_S 0 1 -44235.2 36850.2 8233.41 574201 -24493.4 -203770 34.9561 4.20797 17.6787