
Step FractureNumber TipNr TipActive TipX TipY TipZ KI KII KIII G Phi Psi Extension
1010000 FRAC0_S 0 1 -14307.7 15012.1 7795.63 4.57476e+06 2.50457e+06 -1.69075e+06 2804.11 -34.2724 13.8108
1010000 FRAC0_S 0 1 -14469.4 15260.6 7708.75 6.18467e+06 4.37656e+06 -1.41883e+06 5383.05 -41.8027 8.77489
1010000 FRAC0_S 0 1 -14683.1 15483.7 7699.32 5.93623e+06 4.66368e+06 -294595 5089.81 -47.1032 2.08505
1010000 FRAC0_S 0 1 -14927.7 15659.4 7768.28 4.57199e+06 3.32382e+06 611266 2896.84 -44.0138 -5.43422
1010000 FRAC0_S 0 1 -15179.4 15770.6 7908.85 4.10581e+06 2.91936e+06 1.08633e+06 2418.59 -41.3194 -9.85422
1010000 FRAC0_S 0 1 -15413.6 15806.3 8107.29 2.18318e+06 84951.8 2.1084e+06 1016.6 -2.69113 -29.9178
1010000 FRAC0_S 0 1 -15607.4 15763.2 8344.17 778395 1.02195e+06 384054 166.673 -50.1764 -12.6936
1010000 FRAC0_S 0 1 -15741.6 15645.2 8596.31 -1.04746e+06 941163 -335832 93.9327 -45.2096 10.5804
1010000 FRAC0_S 0 1 -15803.2 15464.2 8839.02 -3.21187e+06 1.5885e+06 -960544 347.567 -33.2811 12.0879
1010000 FRAC0_S 0 1 -15786.2 15237.7 9048.54 -4.65621e+06 2.85182e+06 -1.1872e+06 912.178 -38.3868 10.0346
1010000 FRAC0_S 0 1 -15692.3 14987.9 9204.37 -4.62698e+06 3.13094e+06 -729779 944.357 -42.1181 6.46255
1010000 FRAC0_S 0 1 -15530.6 14739.4 9291.25 -5.93665e+06 4.25884e+06 -8230.21 1616.26 -46.2388 0.0628925
1010000 FRAC0_S 0 1 -15316.9 14516.3 9300.68 -5.60487e+06 3.57758e+06 844441 1235.37 -41.0405 -6.33492
1010000 FRAC0_S 0 1 -15072.3 14340.6 9231.72 -5.4457e+06 2.67914e+06 1.68666e+06 1017.98 -33.0092 -12.4335
1010000 FRAC0_S 0 1 -14820.6 14229.4 9091.15 -4.96671e+06 1.61667e+06 2.28548e+06 927.619 -23.1941 -17.9089
1010000 FRAC0_S 0 1 -14586.4 14193.7 8892.71 -3.53523e+06 -202633 1.87691e+06 472.188 4.96134 -22.3863
1010000 FRAC0_S 0 1 -14392.6 14236.8 8655.83 7.94315e+06 -1.8417e+07 1.27137e+07 57345.2 50.4362 -21.8857
1010000 FRAC0_S 0 1 -14258.4 14354.8 8403.69 335440 -1.547e+06 -513774 258.394 61.2082 15.2069
1010000 FRAC0_S 0 1 -14196.8 14535.8 8160.98 2.32555e+06 -599547 -1.60835e+06 858 17.2906 23.5189
1010000 FRAC0_S 0 1 -14213.8 14762.3 7951.46 4.21664e+06 1.05741e+06 -2.34695e+06 2416.61 -18.0773 20.8911
Step FractureNumber TipNr TipActive TipX TipY TipZ KI KII KIII G Phi Psi Extension
1010101 FRAC0_S 0 1 -14280.2 14981.4 7707.68 1.11911e+07 2.6677e+07 1.05694e+07 89434 -55.8722 -15.4489
1010101 FRAC0_S 0 1 -14467.5 15241.1 7612.42 9.50792e+06 78672.9 -1.12726e+06 8225.15 -1.02426 7.84146
1010101 FRAC0_S 0 1 -14701.7 15476.6 7602.69 9.60588e+06 1.52352e+06 2.54858e+06 9293.15 -14.7254 -13.3878
1010101 FRAC0_S 0 1 -14963.2 15666.3 7676.45 8.60888e+06 -727863 730931 6722.46 9.7557 -5.48899
1010101 FRAC0_S 0 1 -15225.3 15802.5 7833.36 6.63654e+06 239813 954812 4051.1 -4.22157 -9.01956
1010101 FRAC0_S 0 1 -15469.8 15852.1 8051.7 3.81824e+06 499745 1.28672e+06 1541.59 -11.9266 -16.1678
1010101 FRAC0_S 0 1 -15683.8 15786.7 8297.82 1.54545e+06 -113791 572314 257.549 6.95682 -17.8337
1010101 FRAC0_S 0 1 -15834.3 15651 8564.9 -89998.8 590210 -403109 52.6533 -55.4966 24.455
1010101 FRAC0_S 0 1 -15901 15465 8830.92 -1.345e+06 2.34896e+06 -1.12353e+06 659.564 -51.6205 16.3961
1010101 FRAC0_S 0 1 -15882.9 15221.2 9055.18 -3.00878e+06 3.24519e+06 -3.83034e+06 2889.74 -37.8037 24.8659
1010101 FRAC0_S 0 1 -15781.9 14948.9 9216.8 -1.46008e+06 5.94096e+06 -1.24514e+06 3351.34 -63.1474 10.5484
1010101 FRAC0_S 0 1 -15608.2 14680.8 9307.46 -1.02127e+06 6.41002e+06 -152348 3664.47 -68.3235 1.55362
1010101 FRAC0_S 0 1 -15377.1 14442 9323.39 -1.66776e+06 5.9567e+06 1.20239e+06 3354.11 -62.5989 -10.0128
1010101 FRAC0_S 0 1 -15108.1 14254.5 9260.94 -3.9066e+06 5.15379e+06 3.31461e+06 3828.12 -46.1643 -18.5246
1010101 FRAC0_S 0 1 -14821.3 14141.2 9126.11 -3.85706e+06 2.96207e+06 2.73711e+06 1778.24 -36.6693 -19.6336
1010101 FRAC0_S 0 1 -14543.6 14130.7 8936.72 -2.7289e+06 -390051 2.16783e+06 638.589 9.94795 -26.4351
1010101 FRAC0_S 0 1 -14317.4 14220.1 8705.74 6.93908e+06 -5.32278e+06 3.87733e+06 8814.87 38.5587 -16.8343
1010101 FRAC0_S 0 1 -14170.4 14356.2 8436.38 1.71251e+06 -276235 -459354 296.196 14.9059 13.4738
1010101 FRAC0_S 0 1 -14113.3 14516.5 8146.97 3.04096e+06 465110 -1.26575e+06 1056.4 -12.9808 18.368
1010101 FRAC0_S 0 1 -14154.9 14727.1 7889.34 6.54432e+06 1.3772e+07 6.75714e+06 26790.4 -53.103 -17.412