
Step FractureNumber TipNr TipActive TipX TipY TipZ KI KII KIII G Phi Psi Extension
1010000 FRAC0_S 0 1 44296.8 44306.4 8500 66488.1 230159 -661.225 5.11441 -66.4292 0.173312
1010000 FRAC0_S 0 1 44545.6 44123 8500 63030.3 213438 47178.6 4.70952 -61.8831 -10.669
1010000 FRAC0_S 0 1 44838.9 44025.5 8500 63118.9 179015 90224.8 4.29336 -55.099 -18.7426
1010000 FRAC0_S 0 1 45147.9 44023.4 8500 64536.2 120766 120933 3.61586 -44.3237 -25.6562
1010000 FRAC0_S 0 1 45442.4 44116.9 8500 61699.8 67829.3 141644 3.41759 -30.639 -31.7387
1010000 FRAC0_S 0 1 45693.6 44296.8 8500 24470.3 -543596 -306660 38.8924 59.9688 23.2892
1010000 FRAC0_S 0 1 45877 44545.6 8500 11184.8 -393685 97014.7 15.0739 66.7466 -13.8444
1010000 FRAC0_S 0 1 45974.5 44838.9 8500 53703.5 -133379 117490 3.67818 47.8847 -25.1782
1010000 FRAC0_S 0 1 45976.6 45147.9 8500 54761.3 -184945 100836 4.66753 55.3864 -20.2027
1010000 FRAC0_S 0 1 45883.1 45442.4 8500 55077.6 -189615 45235.8 3.74631 61.6202 -11.3666
1010000 FRAC0_S 0 1 45703.2 45693.6 8500 55624 -251148 10005.1 5.90967 66.9954 -2.43063
1010000 FRAC0_S 0 1 45454.4 45877 8500 53850.1 -191895 -38792.2 3.73991 62.5794 10.0207
1010000 FRAC0_S 0 1 45161.1 45974.5 8500 40420.5 976257 64808.6 85.6329 -69.3373 -4.55568
1010000 FRAC0_S 0 1 44852.1 45976.6 8500 47815 -149328 -129665 4.42691 49.3552 25.7526
1010000 FRAC0_S 0 1 44557.6 45883.1 8500 97600.7 -728329 -321318 61.85 60.6665 19.2574
1010000 FRAC0_S 0 1 44306.4 45703.2 8500 99130.4 -213739 46992.3 5.24032 58.4585 -9.62284
1010000 FRAC0_S 0 1 44123 45454.4 8500 85271.4 65588.6 -144551 3.81032 -27.6328 30.2657
1010000 FRAC0_S 0 1 44025.5 45161.1 8500 68535.5 308651 -833957 101.407 -31.1318 38.0622
1010000 FRAC0_S 0 1 44023.4 44852.1 8500 71004.2 190772 -103626 5.12052 -54.0119 19.4664
1010000 FRAC0_S 0 1 44116.9 44557.6 8500 67943.5 213465 -50263.6 4.80787 -61.1087 11.0627
Step FractureNumber TipNr TipActive TipX TipY TipZ KI KII KIII G Phi Psi Extension
1010101 FRAC0_S 0 1 44266.4 44276.4 8410.23 608197 233390 -592902 84.5698 -20.9249 26.6014
1010101 FRAC0_S 0 1 44525.3 44081 8412.48 678548 238917 -365670 63.8992 -23.6408 19.5485
1010101 FRAC0_S 0 1 44831.4 43969.2 8419.48 917860 362667 -132989 89.1448 -31.312 7.04641
1010101 FRAC0_S 0 1 45160.5 43954.7 8431.82 675417 534458 145066 68.9037 -44.3317 -7.97277
1010101 FRAC0_S 0 1 45473.2 44051.9 8478.69 368012 537611 208569 43.6091 -51.2544 -13.4447
1010101 FRAC0_S 0 1 45729.6 44255.3 8553.52 155533 -180230 229807 12.0741 37.5052 -26.2452
1010101 FRAC0_S 0 1 45919.8 44524.9 8586.13 61738.4 30748.6 -118690 2.29751 -18.9008 33.4148
1010101 FRAC0_S 0 1 46030.3 44831 8580.64 150002 149809 -247109 12.1263 -33.0959 28.5053
1010101 FRAC0_S 0 1 46031.8 45154.7 8581.69 -15376.9 58729.3 430263 24.9292 -15.3526 -42.5245
1010101 FRAC0_S 0 1 45925.3 45462 8587.58 196977 12404.5 414857 26.3613 -2.75436 -37.2623
1010101 FRAC0_S 0 1 45733 45722.9 8590.21 515003 -160484 485163 57.2354 18.0196 -26.8386
1010101 FRAC0_S 0 1 45473.4 45913 8544 271470 -190927 196880 14.9707 34.6733 -20.3502
1010101 FRAC0_S 0 1 45166.9 46018.2 8494.37 36372.5 -243619 -49857.2 5.73718 65.2161 11.0359
1010101 FRAC0_S 0 1 44843.2 46028.4 8536.34 166813 -204378 -210894 12.1171 40.5262 23.9282
1010101 FRAC0_S 0 1 44535 45930.3 8583.86 612792 -268754 -424847 63.9041 25.8386 21.876
1010101 FRAC0_S 0 1 44262.8 45742.9 8552.81 428879 -215249 -462659 48.9884 24.5797 26.8391
1010101 FRAC0_S 0 1 44053.4 45487.6 8485.19 169404 -370897 -368670 32.8927 45.4709 26.2074
1010101 FRAC0_S 0 1 43949.1 45176.1 8442.32 -50404.2 -97266.3 -596330 48.1392 17.1064 41.3182
1010101 FRAC0_S 0 1 43962.4 44845.8 8424.73 57254.9 4675.48 -367013 18.209 -1.51768 42.5796
1010101 FRAC0_S 0 1 44073.7 44537.5 8413.08 341836 59740.5 -584915 56.2334 -8.22148 34.6466