
Step FractureNumber TipNr TipActive TipX TipY TipZ KI KII KIII G Phi Psi Extension
1010000 FRAC0_S 0 1 22279.7 -21537.2 8500 -648754 3.4847e+06 -2.63243e+06 2003.73 -53.5369 25.3523
1010000 FRAC0_S 0 1 21993 -21652.4 8500 -806412 5.86313e+06 -2.18387e+06 3697.59 -62.0145 17.2323
1010000 FRAC0_S 0 1 21755.9 -21850.6 8500 -1.1927e+06 6.89604e+06 -872968 4339.01 -66.2809 7.28492
1010000 FRAC0_S 0 1 21591.6 -22112.3 8500 -801692 6.10394e+06 555765 3361.15 -67.6831 -5.62678
1010000 FRAC0_S 0 1 21516.2 -22412 8500 -874058 5.86e+06 1.98683e+06 3585.02 -62.4668 -16.0575
1010000 FRAC0_S 0 1 21528.9 -22684 8500 1.12718e+07 4.12558e+06 3.69328e+06 14652.6 -26.9856 -13.8548
1010000 FRAC0_S 0 1 21652.4 -23007 8500 -885041 3.1898e+06 4.21319e+06 3267.56 -43.5129 -31.1233
1010000 FRAC0_S 0 1 21850.6 -23244.1 8500 -1.62363e+07 2.17527e+06 3.40273e+06 1961.6 -13.2644 -11.364
1010000 FRAC0_S 0 1 22112.3 -23408.4 8500 -1.61038e+07 648927 4.13117e+06 2307.37 -4.28265 -14.1383
1010000 FRAC0_S 0 1 22412 -23483.8 8500 -947792 -3.46884e+06 4.91002e+06 4278.66 42.3868 -31.9172
1010000 FRAC0_S 0 1 22720.3 -23462.8 8500 -710884 -3.99675e+06 2.83887e+06 2495.31 54.5117 -24.6723
1010000 FRAC0_S 0 1 23007 -23347.6 8500 -428652 -7.47999e+06 2.56957e+06 5863.89 64.2687 -17.1434
1010000 FRAC0_S 0 1 23244.1 -23149.4 8500 -1.90529e+07 -5.99162e+06 1.97075e+06 3715.56 27.6069 -5.51444
1010000 FRAC0_S 0 1 23408.4 -22887.7 8500 -855721 -7.29751e+06 -768149 4823.92 67.6808 6.47131
1010000 FRAC0_S 0 1 23483.8 -22588 8500 -944694 -7.03682e+06 -2.37849e+06 5164.86 62.7974 16.1682
1010000 FRAC0_S 0 1 23462.8 -22279.7 8500 4.87498e+06 -4.18009e+06 -3.4266e+06 5236.4 39.0348 18.9263
1010000 FRAC0_S 0 1 23347.6 -21993 8500 -398535 -4.52252e+06 -5.46274e+06 5791.5 47.6967 31.9013
1010000 FRAC0_S 0 1 23149.4 -21755.9 8500 1.32724e+07 -195786 -5.15989e+06 19241.9 1.4637 19.0736
1010000 FRAC0_S 0 1 22887.7 -21591.6 8500 -823994 848264 -4.79362e+06 3120.3 -17.1619 39.6891
1010000 FRAC0_S 0 1 22588 -21516.2 8500 1.08425e+06 2.78332e+06 -4.00193e+06 2925.13 -40.7593 31.1318
Step FractureNumber TipNr TipActive TipX TipY TipZ KI KII KIII G Phi Psi Extension
1010101 FRAC0_S 0 1 22265.2 -21480.2 8421.26 2.59379e+06 4.11058e+06 -2.79148e+06 3141.57 -47.4864 20.0777
1010101 FRAC0_S 0 1 21970 -21611.2 8412.85 9.98698e+06 4.99214e+06 -1.86864e+06 11573 -35.3373 8.24528
1010101 FRAC0_S 0 1 21725.9 -21823.6 8409.02 4.97105e+06 -425849 -219500 2224.6 10.2127 2.99799
1010101 FRAC0_S 0 1 21555 -22097.2 8408.69 9.23421e+06 5.1291e+06 2.16063e+06 10563.6 -36.712 -9.63485
1010101 FRAC0_S 0 1 21462.8 -22411.2 8421.19 1.06587e+07 4.81926e+06 4.55242e+06 14949.7 -29.6315 -16.0229
1010101 FRAC0_S 0 1 21466.7 -22738.6 8437.93 5.71421e+06 4.92478e+06 5.25618e+06 8745.31 -36.6565 -22.1844
1010101 FRAC0_S 0 1 21583.6 -23049 8448.5 2.69473e+06 3.56924e+06 5.52792e+06 5846.49 -35.9627 -29.3134
1010101 FRAC0_S 0 1 21793.3 -23313.1 8469.45 1.26038e+06 1.18158e+06 6.51097e+06 5904.2 -17.2575 -39.2719
1010101 FRAC0_S 0 1 22075.1 -23491 8507.38 2.51172e+06 -4.4412e+06 1.03351e+07 16526.2 31.3456 -34.8361
1010101 FRAC0_S 0 1 22402.1 -23557.6 8552.19 5.6769e+06 -5.40713e+06 6.50561e+06 11106 36.4218 -24.3345
1010101 FRAC0_S 0 1 22730.7 -23518.8 8580.08 9.01184e+06 -5.728e+06 4.43008e+06 12770.8 35.5825 -16.2631
1010101 FRAC0_S 0 1 23038.1 -23395 8576.98 1.2745e+07 -1.20952e+07 3.98411e+06 29621.9 46.4209 -10.1507
1010101 FRAC0_S 0 1 23291.9 -23191.6 8568.81 9.27224e+06 -7.93282e+06 -322738 13282.7 49.0236 1.42502
1010101 FRAC0_S 0 1 23454 -22910.7 8580.07 9.74308e+06 -3.79071e+06 -2.2488e+06 10412.1 29.5874 10.4439
1010101 FRAC0_S 0 1 23534.2 -22589.4 8583.34 8.38162e+06 -4.10687e+06 -3.5407e+06 9430.43 31.2746 15.6193
1010101 FRAC0_S 0 1 23526.4 -22263.4 8572.21 6.11435e+06 -4.37371e+06 -5.85677e+06 9598.15 32.4503 23.7123
1010101 FRAC0_S 0 1 23411.8 -21952.5 8553.36 2.42998e+06 -2.46762e+06 -5.35868e+06 4887.94 29.6314 31.7448
1010101 FRAC0_S 0 1 23206.1 -21687.6 8512.39 986750 -886138 -5.04583e+06 3542.96 16.7827 39.3334
1010101 FRAC0_S 0 1 22924.5 -21510 8469.56 1.90714e+06 2.58859e+06 -7.16594e+06 7750.86 -27.6273 35.4694
1010101 FRAC0_S 0 1 22597.4 -21442.1 8439.87 4.82431e+06 4.67163e+06 -5.96475e+06 8750.59 -35.9115 25.1807