
Step FractureNumber TipNr TipActive TipX TipY TipZ KI KII KIII G Phi Psi Extension
1010000 FRAC0_S 0 1 -15000 -21518.6 8611.28 -5.69732e+06 -6.301e+06 -1.79769e+06 3967.72 49.3397 9.60349
1010000 FRAC0_S 0 1 -15000 -21601 8909.1 -1.46448e+07 -1.73866e+07 -1.13901e+07 44191.9 44.8348 18.1899
1010000 FRAC0_S 0 1 -15000 -21771.5 9166.88 -2.38758e+06 -4.22894e+06 -4.08457e+06 3812.57 44.3942 24.9645
1010000 FRAC0_S 0 1 -15000 -22002.5 9353.31 -2.97658e+06 1.40512e+06 -7.68613e+06 8033.12 -15.3519 36.2924
1010000 FRAC0_S 0 1 -15000 -22302.5 9467.75 -1.40567e+06 -514668 -6.85138e+06 6266.81 7.97332 40.7913
1010000 FRAC0_S 0 1 -15000 -22611.3 9481.4 7.88966e+06 -1.01059e+07 3.27697e+06 16075.8 50.7113 -11.2326
1010000 FRAC0_S 0 1 -15000 -22909.1 9398.98 -2.9836e+06 154126 -7.13327e+06 6769.62 -2.08507 38.2543
1010000 FRAC0_S 0 1 -15000 -23166.9 9228.56 9.03909e+06 -7.26485e+06 5.45788e+06 15945.7 38.9356 -17.4867
1010000 FRAC0_S 0 1 -15000 -23359.4 8986.83 -3.74676e+06 6.66961e+06 -1.48193e+06 4256.02 -56.4819 9.20297
1010000 FRAC0_S 0 1 -15000 -23467.8 8697.44 -4.93361e+06 6.25532e+06 110079 3488.4 -56.0519 -0.756771
1010000 FRAC0_S 0 1 -15000 -23481.4 8388.72 -5.79964e+06 5.40474e+06 1.33786e+06 2841.06 -47.3306 -7.94466
1010000 FRAC0_S 0 1 -15000 -23399 8090.9 -7.25787e+06 3.65811e+06 2.09991e+06 1778.93 -33.8177 -11.7251
1010000 FRAC0_S 0 1 -15000 -23228.5 7833.12 -6.55829e+06 1.34249e+06 1.65351e+06 524.237 -18.2897 -12.5106
1010000 FRAC0_S 0 1 -15000 -22986.8 7640.62 -9.53011e+06 490531 2.57525e+06 903.485 -5.34596 -14.5678
1010000 FRAC0_S 0 1 -15000 -22697.5 7532.25 -9.83376e+06 -401924 2.4861e+06 836.427 4.3532 -13.9826
1010000 FRAC0_S 0 1 -15000 -22388.7 7518.6 -7.03779e+06 -1.20784e+06 1.32837e+06 364.687 16.548 -10.187
1010000 FRAC0_S 0 1 -15000 -22090.9 7601.02 -1.53819e+07 -1.02337e+07 6.13085e+06 14331.5 37.8561 -13.8326
1010000 FRAC0_S 0 1 -15000 -21833.1 7771.44 -7.36802e+06 -3.08867e+06 932543 965.761 32.8187 -6.16534
1010000 FRAC0_S 0 1 -15000 -21640.6 8013.17 -1.28978e+07 -1.04913e+07 4.27521e+06 12239 43.0257 -11.2659
1010000 FRAC0_S 0 1 -15000 -21532.2 8302.56 -2.08843e+06 1.52906e+06 4.21991e+06 2576.76 -24.6493 -32.4307
Step FractureNumber TipNr TipActive TipX TipY TipZ KI KII KIII G Phi Psi Extension
1010101 FRAC0_S 0 1 -14954.9 -21447.9 8617.75 -1.57306e+06 -6.47888e+06 -1.22111e+06 3938.79 63.6444 9.69907
1010101 FRAC0_S 0 1 -14928.3 -21539.4 8937.68 1.7346e+06 -4.18899e+06 -2.15514e+06 2449.53 53.7724 18.4594
1010101 FRAC0_S 0 1 -14954.1 -21717.1 9219.32 4.03387e+06 -1.14922e+07 2.68654e+06 14178.8 60.4689 -10.7877
1010101 FRAC0_S 0 1 -14992.3 -21971.3 9437.65 174133 -2.00275e+06 -4.30324e+06 2822.99 36.5822 37.2448
1010101 FRAC0_S 0 1 -14980.4 -22282.6 9552.98 -2.23919e+06 -728872 -5.62063e+06 4249.01 11.3768 36.9121
1010101 FRAC0_S 0 1 -14958.8 -22620.2 9559.85 -1.93397e+06 1.63156e+06 -5.58695e+06 4388.67 -22.7325 35.3169
1010101 FRAC0_S 0 1 -14966.7 -22944.7 9474.53 -2.70237e+06 3.95593e+06 -4.40088e+06 3970.43 -41.1221 25.8135
1010101 FRAC0_S 0 1 -14990.3 -23215.5 9286.8 -2.6546e+06 5.63593e+06 -3.59313e+06 4547.57 -50.6517 20.5671
1010101 FRAC0_S 0 1 -15046.7 -23410.3 9017.57 2.37498e+06 8.08053e+06 2.16122e+06 6942.29 -60.9513 -12.3929
1010101 FRAC0_S 0 1 -15080.7 -23524 8707.91 1.05143e+06 5.30032e+06 -55347.2 2602.32 -67.9112 0.671335
1010101 FRAC0_S 0 1 -15071.4 -23547.7 8379.09 -1.18357e+06 6.83498e+06 1.088e+06 4320.39 -65.6444 -8.84799
1010101 FRAC0_S 0 1 -15051.8 -23457.3 8021.99 -3.34776e+06 3.99164e+06 957371 1541.71 -51.1526 -8.56108
1010101 FRAC0_S 0 1 -15031.9 -23294.8 7770.8 -7.38435e+06 4.42202e+06 2.01462e+06 2282.28 -37.6272 -10.6685
1010101 FRAC0_S 0 1 -15010.6 -23033.9 7556.86 -9.45655e+06 1.35381e+06 2.19681e+06 805.176 -13.8132 -12.2323
1010101 FRAC0_S 0 1 -14991.5 -22717 7437.92 -1.00919e+07 -1.71482e+06 2.07007e+06 831.97 16.2315 -10.9013
1010101 FRAC0_S 0 1 -14968.6 -22380.1 7428.59 -8.69172e+06 -4.45652e+06 1.65148e+06 2132.52 35.8098 -8.29301
1010101 FRAC0_S 0 1 -14948.6 -22057.6 7525.78 -7.02954e+06 -6.63722e+06 925022 4039.34 49.1976 -4.81206
1010101 FRAC0_S 0 1 -14940.5 -21780.7 7713.47 -4.85265e+06 -9.71377e+06 501744 8441.66 61.1611 -2.56068
1010101 FRAC0_S 0 1 -14962.8 -21572.4 7975.12 514665 -1.84048e+07 -9.4733e+06 42144.3 61.3376 22.3512
1010101 FRAC0_S 0 1 -14984.8 -21455.6 8286.31 -4.22019e+06 -4.0063e+06 -381204 1449.58 49.9966 3.38962