
Step FractureNumber TipNr TipActive TipX TipY TipZ KI KII KIII G Phi Psi Extension
1010000 FRAC0_S 0 1 8151.12 44257.4 8500 37383.1 -9211.01 -3221.9 0.133472 23.4929 4.9067
1010000 FRAC0_S 0 1 8348.75 44494.9 8500 48124.7 -3183.91 -9439.62 0.219132 7.14533 11.3235
1010000 FRAC0_S 0 1 8463.3 44781.9 8500 41752.8 -3336.03 -6909.47 0.162686 8.69378 9.78188
1010000 FRAC0_S 0 1 8483.56 45090.2 8500 44005.2 -2049.12 -8779.82 0.183184 5.13396 11.643
1010000 FRAC0_S 0 1 8407.54 45389.7 8500 35944.6 8051.89 -4566.04 0.123682 -21.2883 7.04213
1010000 FRAC0_S 0 1 8242.68 45651.1 8500 41912.3 145434 -103127 3.45579 -52.5475 23.5329
1010000 FRAC0_S 0 1 8005.12 45848.8 8500 45079.5 17335.9 -483.375 0.207898 -33.2688 0.597479
1010000 FRAC0_S 0 1 7718.12 45963.3 8500 41484.8 6345.95 1818.84 0.157385 -16.7505 -2.81313
1010000 FRAC0_S 0 1 7409.76 45983.5 8500 44339 17547.7 5461.23 0.206591 -31.7252 -6.10801
1010000 FRAC0_S 0 1 7110.24 45907.6 8500 42312.5 8972.73 6539.8 0.172401 -20.0384 -8.39941
1010000 FRAC0_S 0 1 6848.88 45742.6 8500 34700.5 8274.18 2744.15 0.114402 -23.0444 -4.56284
1010000 FRAC0_S 0 1 6651.25 45505.1 8500 43800.2 -1316.2 11573.3 0.188922 3.21273 -14.5484
1010000 FRAC0_S 0 1 6536.7 45218.1 8500 43106.5 718.363 7782.81 0.173683 -1.93519 -11.0125
1010000 FRAC0_S 0 1 6516.44 44909.8 8500 42446.4 -18351 9744.99 0.203188 31.6826 -10.1455
1010000 FRAC0_S 0 1 6592.46 44610.3 8500 42190.4 -5557.64 5896.37 0.165995 13.7529 -8.17474
1010000 FRAC0_S 0 1 6757.32 44348.9 8500 35389.7 -5705.95 4570.29 0.117283 16.4001 -7.47578
1010000 FRAC0_S 0 1 7006.66 44144.2 8500 33956.4 -7684.24 3716.69 0.109846 21.7091 -6.16993
1010000 FRAC0_S 0 1 7281.88 44036.7 8500 27852.3 81837.3 -34159.9 0.821125 -56.9912 16.6617
1010000 FRAC0_S 0 1 7590.24 44016.5 8500 37901.2 -4923.4 5508.98 0.134203 13.5345 -8.46161
1010000 FRAC0_S 0 1 7889.76 44092.4 8500 40089.4 -9323.89 -1842.74 0.151412 23.1508 2.76157
Step FractureNumber TipNr TipActive TipX TipY TipZ KI KII KIII G Phi Psi Extension
1010101 FRAC0_S 0 1 8151.12 44257.4 8500 32569.8 -4138.32 -4077.49 0.0982643 13.4845 7.46814
1010101 FRAC0_S 0 1 8348.75 44494.9 8500 42292.3 3794.82 -6190.26 0.165765 -9.79375 8.77341
1010101 FRAC0_S 0 1 8463.3 44781.9 8500 43580.9 3208.76 -3497.97 0.171791 -8.64812 5.26595
1010101 FRAC0_S 0 1 8483.56 45090.2 8500 44511.6 15948.8 3303.68 0.20067 -30.6378 -3.95267
1010101 FRAC0_S 0 1 8418.97 45399.7 8480.16 66472.3 -4749.1 31896.7 0.531062 6.29923 -20.9697
1010101 FRAC0_S 0 1 8265.54 45671.2 8460.31 123238 55951.6 105328 3.10783 -24.8245 -24.3529
1010101 FRAC0_S 0 1 8016.55 45858.8 8480.16 37893.9 20352.2 60215.8 0.647119 -21.9864 -31.1218
1010101 FRAC0_S 0 1 7718.12 45963.3 8500 42479.5 13210.8 25490.6 0.262771 -20.9289 -21.2382
1010101 FRAC0_S 0 1 7409.76 45983.5 8500 45648.1 3517.32 7407.05 0.194083 -8.43373 -9.64684
1010101 FRAC0_S 0 1 7110.24 45907.6 8500 41477.8 3494.96 8526.12 0.164062 -8.84715 -11.5927
1010101 FRAC0_S 0 1 6848.88 45742.6 8500 48548.4 39471.1 -39379.2 0.555104 -36.6559 20.957
1010101 FRAC0_S 0 1 6651.25 45505.1 8500 45164.2 -2741.57 5471.28 0.186418 7.00606 -7.64846
1010101 FRAC0_S 0 1 6536.7 45218.1 8500 43892.5 426.006 6727.61 0.177711 -1.1635 -9.70679
1010101 FRAC0_S 0 1 6516.44 44909.8 8500 43576.8 -2935.05 5744.84 0.174371 7.64244 -8.1761
1010101 FRAC0_S 0 1 6592.46 44610.3 8500 42489.6 -6375.06 5429.42 0.168418 15.4733 -7.47001
1010101 FRAC0_S 0 1 6746.5 44361.2 8500 42034.2 -6927.78 3617 0.163463 17.2311 -5.2096
1010101 FRAC0_S 0 1 6994.88 44151.2 8500 35135.9 -7830.99 3996.76 0.117598 21.3981 -6.39905
1010101 FRAC0_S 0 1 7281.88 44036.7 8500 45625.7 -12674.2 8493 0.209409 24.045 -9.38448
1010101 FRAC0_S 0 1 7590.24 44016.5 8500 30995.9 -130709 -38631.1 1.80653 61.5446 13.8138
1010101 FRAC0_S 0 1 7889.76 44092.4 8500 22251.3 66608 -66563.5 1.02875 -47.1419 27.3525