
Step FractureNumber TipNr TipActive TipX TipY TipZ KI KII KIII G Phi Psi Extension
1010000 FRAC0_S 0 1 7500 29251.8 7855.26 4.0932e+06 -1.91624e+06 -2.37635e+06 2571.24 28.3363 19.4535
1010000 FRAC0_S 0 1 7500 29487.6 7655.6 5.3141e+06 -1.34745e+06 -3.61583e+06 4417.1 17.1519 23.3575
1010000 FRAC0_S 0 1 7500 29773.6 7538.6 5.64069e+06 -154894 -4.03725e+06 5005.2 2.18802 26.4627
1010000 FRAC0_S 0 1 7500 30081.8 7515.7 5.54408e+06 1.87722e+06 -3.72251e+06 4895.97 -21.5972 22.373
1010000 FRAC0_S 0 1 7500 30382 7589.16 6.14101e+06 3.7074e+06 -3.2661e+06 6004.08 -33.9831 17.3787
1010000 FRAC0_S 0 1 7500 30644.7 7751.78 5.34811e+06 1.84337e+07 3.69709e+06 34646.3 -62.4153 -9.89699
1010000 FRAC0_S 0 1 7500 30844.5 7987.64 5.9934e+06 4.39031e+06 -744029 4992.11 -44.339 5.06775
1010000 FRAC0_S 0 1 7500 30951.9 8233.11 4.78468e+06 6.62925e+06 7.63281e+06 13704.7 -40.2475 -25.9582
1010000 FRAC0_S 0 1 7500 30984.3 8581.81 5.49564e+06 2.59683e+06 1.07686e+06 3446.45 -34.0347 -8.70525
1010000 FRAC0_S 0 1 7500 30910.8 8881.97 4.44846e+06 1.07909e+06 1.13696e+06 2039.07 -20.833 -12.3463
1010000 FRAC0_S 0 1 7500 30748.2 9144.74 8.08585e+06 7.90335e+06 7.20459e+06 18295.7 -39.5775 -21.0447
1010000 FRAC0_S 0 1 7500 30512.4 9344.4 5.38003e+06 -792798 857223 2733.01 14.8979 -9.02041
1010000 FRAC0_S 0 1 7500 30226.4 9461.4 7.17274e+06 -1.36145e+07 9.67165e+06 33542.4 48.5918 -21.4402
1010000 FRAC0_S 0 1 7500 29918.2 9484.3 5.52824e+06 -1.52545e+06 167381 2934.41 26.4511 -1.79027
1010000 FRAC0_S 0 1 7500 29618 9410.84 5.82996e+06 -1.61837e+06 -89576.4 3263.17 26.831 0.922249
1010000 FRAC0_S 0 1 7500 29355.3 9248.22 5.73668e+06 -2.00495e+06 -200578 3296.12 30.8811 1.94882
1010000 FRAC0_S 0 1 7500 29155.5 9012.36 5.68336e+06 -2.33854e+06 -475394 3395.68 33.2275 4.26054
1010000 FRAC0_S 0 1 7500 29038.5 8726.35 1.8123e+06 5.73085e+06 -6.80719e+06 9382.21 -44.7456 29.5744
1010000 FRAC0_S 0 1 7500 29015.7 8418.19 2.11221e+06 7.64973e+06 5.70348e+06 9938.58 -52.1224 -24.2774
1010000 FRAC0_S 0 1 7500 29089.2 8118.03 5.28132e+06 -2.92902e+06 -2.14455e+06 3861.65 34.0001 14.7388
Step FractureNumber TipNr TipActive TipX TipY TipZ KI KII KIII G Phi Psi Extension
1010101 FRAC0_S 0 1 7545.09 29187 7798.09 7.11068e+06 -1.53913e+06 -3.74745e+06 6584.42 16.3022 20.5626
1010101 FRAC0_S 0 1 7527.57 29440.5 7576.07 6.66186e+06 -399059 -5.24941e+06 7633.91 4.46477 27.2604
1010101 FRAC0_S 0 1 7500.07 29751.7 7446.37 9.77357e+06 1.24464e+07 -1.53639e+07 53710.9 -38.6861 26.371
1010101 FRAC0_S 0 1 7468.57 30088 7425.94 7.09969e+06 -584271 -5.75919e+06 8933.43 5.9525 27.3594
1010101 FRAC0_S 0 1 7440.69 30407.5 7519 8.2976e+06 -880155 -5.59296e+06 10364.7 8.09375 24.8034
1010101 FRAC0_S 0 1 7424.24 30683.1 7705.85 8.96844e+06 -1.12388e+06 -4.78558e+06 10325.9 10.1762 21.675
1010101 FRAC0_S 0 1 7426.74 30901.1 7955.95 9.08492e+06 496859 -3.33852e+06 8859.14 -5.28028 17.9514
1010101 FRAC0_S 0 1 7436.23 31034.5 8257.35 1.07343e+07 2.94358e+06 -2.85362e+06 12122.8 -22.7089 12.4808
1010101 FRAC0_S 0 1 7446.97 31065.7 8589.92 7.95226e+06 1.86482e+06 667740 6004.36 -22.6859 -4.83369
1010101 FRAC0_S 0 1 7452.29 30989.2 8914.35 5.62953e+06 233162 1.61517e+06 3175.85 -4.29719 -15.3079
1010101 FRAC0_S 0 1 7465.68 30811.5 9199.6 8.73744e+06 2.40702e+06 2.3848e+06 8075.6 -22.692 -12.7237
1010101 FRAC0_S 0 1 7515.68 30555.9 9414.39 4.6146e+06 417207 295365 1924.67 -10.535 -4.22326
1010101 FRAC0_S 0 1 7555.07 30244.7 9536.55 2.9472e+06 8.35444e+06 5.26594e+06 10681.7 -52.7972 -21.4581
1010101 FRAC0_S 0 1 7552.31 29909.6 9565.57 4.43854e+06 1.69462e+06 27622.6 2011.53 -33.2129 -0.349059
1010101 FRAC0_S 0 1 7546.54 29584.9 9490.54 4.49091e+06 965670 376271 1899.12 -21.2593 -4.89436
1010101 FRAC0_S 0 1 7550.65 29300.8 9312.15 1.26485e+07 -4.51645e+06 4.57984e+06 18863.5 26.0586 -14.9643
1010101 FRAC0_S 0 1 7522.63 29088.5 9054.38 1.04601e+06 8.71616e+06 4.57022e+06 9645.27 -59.2514 -21.5167
1010101 FRAC0_S 0 1 7458.77 28970.8 8744.07 1.29164e+06 -8.6812e+06 399139 6885.48 68.1398 -2.95276
1010101 FRAC0_S 0 1 7456.92 28948.7 8411.7 2.61909e+06 -2.65862e+06 -1.13107e+06 1411.26 46.0311 12.7381
1010101 FRAC0_S 0 1 7520.09 29018.9 8086.36 5.25111e+06 -1.97761e+06 -2.769e+06 3825.39 24.9539 19.0718