
Step FractureNumber TipNr TipActive TipX TipY TipZ KI KII KIII G Phi Psi Extension
1010000 FRAC0_S 0 1 29401.8 -14232.6 8330.75 -3.10649e+06 6.16023e+06 -2.58527e+06 4270.5 -53.8561 15.444
1010000 FRAC0_S 0 1 29263.9 -14346.6 8582.7 -2.49491e+06 5.91453e+06 -1.0537e+06 3264.89 -60.1566 8.27601
1010000 FRAC0_S 0 1 29198.1 -14524.7 8826.54 -3.14495e+06 7.58991e+06 289287 5144.46 -63.2069 -2.02409
1010000 FRAC0_S 0 1 29210.9 -14749.3 9038.42 -2.96136e+06 6.86741e+06 1.73541e+06 4603.1 -58.453 -10.9621
1010000 FRAC0_S 0 1 29300.8 -14998.4 9197.59 -2.97793e+06 5.62856e+06 3.13331e+06 4128.81 -51.0314 -18.4672
1010000 FRAC0_S 0 1 29459.2 -15247.7 9288.48 -3.09281e+06 4.02089e+06 4.17332e+06 3757.1 -40.9902 -24.3286
1010000 FRAC0_S 0 1 29670.5 -15472.7 9302.19 -2.1635e+06 1.39735e+06 3.74603e+06 2040.35 -24.2132 -31.3149
1010000 FRAC0_S 0 1 29914.1 -15651.5 9237.38 -894558 5.99626e+06 6.55546e+06 8919.52 -48.5114 -30.1837
1010000 FRAC0_S 0 1 30148.2 -15760.8 9112.59 -1.57486e+06 -3.80941e+06 -1.63909e+06 1650.45 55.3416 16.4061
1010000 FRAC0_S 0 1 30401.9 -15806.4 8904.62 -2.80051e+06 -4.97118e+06 3.57255e+06 3899.63 47.9076 -21.2911
1010000 FRAC0_S 0 1 30598.2 -15767.4 8669.25 -1.99767e+06 -4.5626e+06 1.71882e+06 2247.96 55.8942 -14.7712
1010000 FRAC0_S 0 1 30736.1 -15653.4 8417.3 -3.39144e+06 -8.23058e+06 1.05704e+06 6185.14 61.3832 -6.2734
1010000 FRAC0_S 0 1 30801.9 -15475.3 8173.46 -3.27701e+06 -7.84922e+06 -726970 5560.38 62.0125 4.65969
1010000 FRAC0_S 0 1 30789.1 -15250.7 7961.58 -4.07544e+06 -8.81135e+06 -2.79748e+06 7959.33 56.5584 12.8624
1010000 FRAC0_S 0 1 30699.2 -15001.6 7802.41 -4.25557e+06 -7.3196e+06 -4.73461e+06 7755.6 48.7314 19.8619
1010000 FRAC0_S 0 1 30540.8 -14752.3 7711.52 -4.21896e+06 -4.78371e+06 -5.95189e+06 6750.7 37.6209 25.8166
1010000 FRAC0_S 0 1 30329.5 -14527.3 7697.81 -4.02438e+06 -1.65782e+06 -6.30758e+06 5536.39 18.0194 31.9011
1010000 FRAC0_S 0 1 30085.9 -14348.5 7762.62 -4.21084e+06 1.20674e+06 -6.60133e+06 5925.59 -13.3508 32.886
1010000 FRAC0_S 0 1 29833.9 -14233.5 7899.62 -4.11667e+06 4.02559e+06 -5.89335e+06 6063.36 -34.3954 26.933
1010000 FRAC0_S 0 1 29598.1 -14193.6 8095.38 -7.66351e+06 1.39335e+07 721617 17369.2 -60.1194 -2.48744
Step FractureNumber TipNr TipActive TipX TipY TipZ KI KII KIII G Phi Psi Extension
1010101 FRAC0_S 0 1 29321.2 -14239.6 8273.29 8.23025e+06 7.09694e+06 -3.64557e+06 12291.8 -42.5739 13.7691
1010101 FRAC0_S 0 1 29177.7 -14362.9 8536.4 9.05195e+06 1.19635e+07 3.76056e+06 21936.2 -51.28 -11.0788
1010101 FRAC0_S 0 1 29109.6 -14552.9 8791.57 7.2678e+06 5.16724e+06 2.05969e+06 7650.37 -41.0127 -10.4174
1010101 FRAC0_S 0 1 29121 -14785.9 9018.8 5.44156e+06 4.22711e+06 2.95582e+06 5392.86 -39.0288 -16.4534
1010101 FRAC0_S 0 1 29213.5 -15043.9 9197.79 1.2735e+06 3.233e+06 4.25583e+06 3484.83 -42.1257 -30.0996
1010101 FRAC0_S 0 1 29383.7 -15304.1 9312.16 996314 3.52507e+06 3.77498e+06 3091.06 -46.8477 -28.659
1010101 FRAC0_S 0 1 29611.4 -15542.3 9334.54 218176 2.55006e+06 2.85974e+06 1671.4 -49.0634 -31.1136
1010101 FRAC0_S 0 1 29890.3 -15711 9273.6 -1.12958e+06 -223401 5.06379e+06 3414.83 4.78928 -41.0027
1010101 FRAC0_S 0 1 30199.9 -15789.6 9160.54 1.67054e+06 -3.03033e+06 3.14048e+06 2378.7 43.6494 -25.9459
1010101 FRAC0_S 0 1 30471.6 -15810.5 8974.63 5.11517e+06 -5.7096e+06 3.57661e+06 6937.85 44.5019 -17.336
1010101 FRAC0_S 0 1 30678.3 -15763.5 8727.19 6.80387e+06 -6.22685e+06 1.49849e+06 7878.91 47.1431 -7.69361
1010101 FRAC0_S 0 1 30822 -15635.7 8463.86 8.28561e+06 -6.50891e+06 -225882 9899.54 47.5226 1.16553
1010101 FRAC0_S 0 1 30891.1 -15447.8 8207.4 4.55479e+06 147626 1.92636e+06 2344.18 -3.08315 -19.8803
1010101 FRAC0_S 0 1 30880.1 -15215.7 7978.72 7.62338e+06 -8.46911e+06 -4.13457e+06 13843.8 46.3465 14.565
1010101 FRAC0_S 0 1 30787 -14957.6 7798.35 4.5065e+06 -7.89365e+06 -5.34717e+06 11164.9 48.4211 20.5053
1010101 FRAC0_S 0 1 30615 -14698.1 7681.88 518413 -5.23313e+06 -6.07501e+06 7372.75 48.2428 31.3592
1010101 FRAC0_S 0 1 30372.7 -14469.1 7639.63 -1.9529e+06 -2.60653e+06 -8.11524e+06 9364.42 25.8305 36.4129
1010101 FRAC0_S 0 1 30084.2 -14299.4 7684.1 -1.72463e+06 2.93259e+06 -7.4938e+06 8235.23 -29.711 35.5529
1010101 FRAC0_S 0 1 29791.9 -14207.5 7819.12 1.92765e+06 6.00989e+06 -6.38555e+06 8972.78 -46.4191 28.2151
1010101 FRAC0_S 0 1 29530.8 -14190.6 8025.28 5.28238e+06 6.88222e+06 -4.17339e+06 9023.66 -46.5526 17.7712