
Step FractureNumber TipNr TipActive TipX TipY TipZ KI KII KIII G Phi Psi Extension
1010000 FRAC0_S 0 1 -44243.4 14863.4 7879.98 2.60397e+06 716486 -775204 729.897 -22.3491 13.5812
1010000 FRAC0_S 0 1 -44366.7 15115.7 7750.97 2.13209e+06 832761 -481511 497.712 -29.7417 10.2536
1010000 FRAC0_S 0 1 -44552 15356.7 7695.29 3.06196e+06 1.4741e+06 -457492 1056.93 -35.228 6.86911
1010000 FRAC0_S 0 1 -44781.1 15562.7 7718.37 1.99719e+06 1.10874e+06 -122292 466.973 -39.8262 2.90744
1010000 FRAC0_S 0 1 -45031.6 15713.7 7817.96 2.92461e+06 1.66739e+06 192506 1014.86 -40.2881 -3.08493
1010000 FRAC0_S 0 1 -45279.1 15794.8 7984.32 2.44051e+06 1.30344e+06 469573 711.468 -36.6098 -8.2828
1010000 FRAC0_S 0 1 -45499.3 15798.1 8201.16 2.68809e+06 1.25875e+06 861729 883.848 -31.8514 -12.9183
1010000 FRAC0_S 0 1 -45670.6 15723.3 8447.25 2.86238e+06 789754 1.1021e+06 947.223 -21.3246 -16.3082
1010000 FRAC0_S 0 1 -45776.2 15577.6 8698.5 2.46303e+06 271045 1.34574e+06 788 -8.99203 -22.1381
1010000 FRAC0_S 0 1 -45805.8 15375.5 8930.32 3.19432e+06 -379902 1.44189e+06 1198.62 10.2016 -19.6945
1010000 FRAC0_S 0 1 -45756.6 15136.6 9120.02 2.81499e+06 -971250 1.11677e+06 956.056 24.9861 -16.0542
1010000 FRAC0_S 0 1 -45633.3 14884.3 9249.03 2.40579e+06 -1.26085e+06 752729 732.774 34.2444 -12.328
1010000 FRAC0_S 0 1 -45448 14643.3 9304.71 3.27569e+06 -2.02123e+06 627118 1372.51 39.6179 -7.88727
1010000 FRAC0_S 0 1 -45218.9 14437.3 9281.63 3.09481e+06 -2.14305e+06 180846 1267.08 44.4199 -2.56645
1010000 FRAC0_S 0 1 -44968.4 14286.3 9182.04 2.88587e+06 -1.84487e+06 -369400 1063.57 41.4827 5.47638
1010000 FRAC0_S 0 1 -44720.9 14205.2 9015.68 2.94317e+06 -1.52614e+06 -744649 1053.19 34.9812 10.4667
1010000 FRAC0_S 0 1 -44500.7 14201.9 8798.84 3.15446e+06 -1.13398e+06 -1.04043e+06 1145.26 26.6221 13.9711
1010000 FRAC0_S 0 1 -44329.4 14276.7 8552.75 3.07584e+06 -548117 -1.1355e+06 1041.31 15.1945 16.7307
1010000 FRAC0_S 0 1 -44223.8 14422.4 8301.5 3.12128e+06 -2976.07 -1.171e+06 1050.52 0.0969687 18.8122
1010000 FRAC0_S 0 1 -44194.2 14624.5 8069.68 3.2457e+06 529688 -1.09867e+06 1124.28 -14.3878 15.9054
Step FractureNumber TipNr TipActive TipX TipY TipZ KI KII KIII G Phi Psi Extension
1010101 FRAC0_S 0 1 -44196 14828.6 7802.21 4.32497e+06 -339605 -1.219e+06 1874.74 7.84771 14.744
1010101 FRAC0_S 0 1 -44340 15096.8 7658.76 3.16965e+06 -362391 -718643 975.652 11.4269 12.2438
1010101 FRAC0_S 0 1 -44548.3 15351.9 7597.29 3.90997e+06 -430371 -580811 1423.67 11.7081 8.74615
1010101 FRAC0_S 0 1 -44800.1 15569.6 7622.03 3.95728e+06 -230783 -339491 1415.55 6.95433 5.66315
1010101 FRAC0_S 0 1 -45070.8 15731.8 7729.44 3.90473e+06 -132252 16227 1360.24 4.49354 -0.311744
1010101 FRAC0_S 0 1 -45335.9 15823.8 7909.61 3.72256e+06 -21604.3 403652 1256.55 0.727304 -7.27817
1010101 FRAC0_S 0 1 -45571.3 15836.6 8147.49 3.19261e+06 -26976.5 736652 980.514 0.951368 -13.3795
1010101 FRAC0_S 0 1 -45752.7 15768.7 8422.93 3.32337e+06 130854 1.22757e+06 1186.15 -3.85825 -18.1829
1010101 FRAC0_S 0 1 -45858.1 15625.7 8710.7 3.15336e+06 411.841 1.36203e+06 1132.81 -0.0127674 -20.5239
1010101 FRAC0_S 0 1 -45873.8 15420.7 8979.9 2.79554e+06 49401.1 1.1321e+06 867.078 -1.72822 -19.5294
1010101 FRAC0_S 0 1 -45801.8 15172.7 9197.73 3.68286e+06 245826 1.30549e+06 1440.7 -6.42076 -17.4016
1010101 FRAC0_S 0 1 -45654.4 14907.2 9341.84 3.68285e+06 281533 990866 1346.28 -7.72814 -14.2776
1010101 FRAC0_S 0 1 -45446.1 14653.5 9402.53 4.17116e+06 289003 686805 1620.57 -7.64032 -9.82062
1010101 FRAC0_S 0 1 -45196 14435.4 9377.49 3.90824e+06 441456 274868 1388.51 -12.7264 -4.51947
1010101 FRAC0_S 0 1 -44927.9 14270.1 9270.23 4.90363e+06 345873 -156517 2156.62 -8.67054 2.23062
1010101 FRAC0_S 0 1 -44664.8 14173.2 9089.34 3.38743e+06 40211 -505167 1056.59 -1.42411 9.47458
1010101 FRAC0_S 0 1 -44431 14156.6 8849.34 3.36893e+06 -37608.5 -863814 1110.74 1.22754 14.4277
1010101 FRAC0_S 0 1 -44251.7 14222.7 8571.13 3.76026e+06 11360.9 -1.22513e+06 1459.62 -0.317951 17.1406
1010101 FRAC0_S 0 1 -44148.1 14366.4 8282.44 3.69555e+06 -93436.7 -1.22789e+06 1418.28 2.58315 17.1139
1010101 FRAC0_S 0 1 -44129.9 14575.7 8016.4 3.6531e+06 -339988 -1.16974e+06 1381.47 8.91588 15.9784