
Step FractureNumber TipNr TipActive TipX TipY TipZ KI KII KIII G Phi Psi Extension
1010000 FRAC0_S 0 1 167.108 -29026.6 8500 -534055 2.03996e+06 -275850 380.944 -64.3465 7.24077
1010000 FRAC0_S 0 1 -141.884 -29022.6 8500 -680651 2.11598e+06 190580 403.807 -64.0457 -4.84199
1010000 FRAC0_S 0 1 -436.986 -29114.3 8500 53503.5 2.01281e+06 743851 434.866 -64.3644 -18.3344
1010000 FRAC0_S 0 1 -698.651 -29301.7 8500 1.23784e+07 2.65065e+06 2.36117e+06 15021.5 -19.7128 -9.98212
1010000 FRAC0_S 0 1 -874.166 -29540.2 8500 -501696 983975 1.4082e+06 350.021 -39.5098 -30.1418
1010000 FRAC0_S 0 1 -973.449 -29832.9 8500 -665185 286958 1.54868e+06 326.326 -15.1427 -35.6477
1010000 FRAC0_S 0 1 -977.444 -30141.9 8500 -326851 -448880 1.64557e+06 378.105 23.5485 -37.7683
1010000 FRAC0_S 0 1 -885.76 -30437 8500 -505291 -1.14925e+06 1.47701e+06 407.84 41.9509 -29.4479
1010000 FRAC0_S 0 1 -707.371 -30689.4 8500 -387482 -1.35643e+06 960431 286.637 52.6101 -23.539
1010000 FRAC0_S 0 1 -459.741 -30874.2 8500 -533815 -2.25666e+06 779424 534.592 60.5273 -15.4568
1010000 FRAC0_S 0 1 -167.108 -30973.4 8500 -727493 -2.72763e+06 277681 673.229 64.9241 -5.61975
1010000 FRAC0_S 0 1 141.884 -30977.4 8500 98598.9 -2.52282e+06 -219006 574.397 69.1248 5.81787
1010000 FRAC0_S 0 1 436.986 -30885.7 8500 -574432 -2.38518e+06 -733763 578.564 61.218 14.1937
1010000 FRAC0_S 0 1 689.314 -30707.4 8500 -242991 -1.99037e+06 -1.21976e+06 550.896 57.4393 23.4347
1010000 FRAC0_S 0 1 874.166 -30459.8 8500 -487517 -1.2602e+06 -1.4594e+06 424.783 44.2033 28.6606
1010000 FRAC0_S 0 1 973.449 -30167.1 8500 -540040 -512169 -1.58596e+06 357.908 24.541 34.9645
1010000 FRAC0_S 0 1 977.444 -29858.1 8500 -453000 228562 -1.56153e+06 328.957 -13.5386 38.3071
1010000 FRAC0_S 0 1 885.76 -29563 8500 1.34996e+06 1.33459e+06 -1.58023e+06 653.225 -36.9557 24.3707
1010000 FRAC0_S 0 1 707.371 -29310.6 8500 -352328 1.11249e+06 -825179 200.848 -51.4922 23.8217
1010000 FRAC0_S 0 1 459.741 -29125.8 8500 -539792 1.86128e+06 -701937 374.241 -58.7905 15.9558
Step FractureNumber TipNr TipActive TipX TipY TipZ KI KII KIII G Phi Psi Extension
1010101 FRAC0_S 0 1 175.228 -28983 8411.06 7.51587e+06 3.27476e+06 -1.05484e+06 6137.28 -33.3539 6.68422
1010101 FRAC0_S 0 1 -147.981 -28980.6 8409.97 7.90005e+06 2.48164e+06 880519 6213.33 -27.4504 -5.8966
1010101 FRAC0_S 0 1 -464.554 -29067.2 8424.01 2.79113e+06 5.20454e+06 1.352e+06 3351.06 -56.2486 -10.5912
1010101 FRAC0_S 0 1 -744.02 -29240.2 8444.69 2.62791e+06 3.28112e+06 2.94806e+06 2730.63 -42.2568 -22.3061
1010101 FRAC0_S 0 1 -948.516 -29501.4 8453.22 282470 3.42492e+06 4.39683e+06 3623.55 -46.6634 -32.6044
1010101 FRAC0_S 0 1 -1060.77 -29819.1 8481.02 752988 575273 3.09218e+06 1351.7 -17.034 -38.4147
1010101 FRAC0_S 0 1 -1063.26 -30152.6 8530.16 974752 -751017 3.5615e+06 1821.94 18.4736 -37.5675
1010101 FRAC0_S 0 1 -952.661 -30467.3 8563.27 1.94662e+06 -1.58411e+06 3.08097e+06 1823.77 29.5245 -29.1813
1010101 FRAC0_S 0 1 -751.517 -30729.6 8578.21 5.36822e+06 -3.05547e+06 4.27249e+06 5827.68 29.6382 -22.5113
1010101 FRAC0_S 0 1 -483.857 -30916.9 8586.04 6.85881e+06 -3.46575e+06 2.61999e+06 6175.32 32.4655 -14.4354
1010101 FRAC0_S 0 1 -175.139 -31014 8590.41 1.19097e+07 -4.1665e+06 1.41907e+06 14454.3 29.3709 -6.10958
1010101 FRAC0_S 0 1 147.976 -31016.3 8591.28 3.53023e+06 -3.7731e+06 168806 2382.92 52.8452 -1.74529
1010101 FRAC0_S 0 1 458.307 -30925.8 8588.25 7.61702e+06 -3.38896e+06 -2.69771e+06 7161.43 30.3413 14.0762
1010101 FRAC0_S 0 1 729.281 -30745.8 8581.48 5.87378e+06 -4.66206e+06 -5.02885e+06 8374.67 35.6537 21.7564
1010101 FRAC0_S 0 1 937.692 -30490 8566.31 -1.46078e+06 626124 1.90505e+06 517.62 -20.2365 -29.7079
1010101 FRAC0_S 0 1 1058.19 -30179.6 8532.34 1.6041e+07 4.39863e+06 -5.15373e+06 28185.9 -21.9936 14.3687
1010101 FRAC0_S 0 1 1065.88 -29846.1 8483.65 852965 624099 -3.94228e+06 2166.57 -15.1942 39.2779
1010101 FRAC0_S 0 1 956.793 -29531 8444.52 1.94646e+06 2.05669e+06 -3.9236e+06 2762.04 -31.6122 30.5234
1010101 FRAC0_S 0 1 753.614 -29268.7 8424.46 3.61835e+06 2.74297e+06 -3.30211e+06 3287.34 -34.0991 22.8002
1010101 FRAC0_S 0 1 484.78 -29081.4 8415.13 4.29001e+06 4.08781e+06 -2.28896e+06 3825.87 -43.3715 15.2182