
Step FractureNumber TipNr TipActive TipX TipY TipZ KI KII KIII G Phi Psi Extension
1010000 FRAC0_S 0 1 -37500 15987.2 8471.27 -1.14488e+07 1.16426e+07 7.69331e+06 19950.7 -42.9349 -17.4318
1010000 FRAC0_S 0 1 -37500 15947.8 8777.76 -1.41132e+07 8.39735e+06 9.67936e+06 18744.4 -31.758 -20.4705
1010000 FRAC0_S 0 1 -37500 15815.6 9057.06 -1.82447e+07 5.70734e+06 1.1579e+07 20734.5 -20.682 -21.9144
1010000 FRAC0_S 0 1 -37500 15603.5 9281.83 -1.84658e+07 786386 1.09129e+07 15894.2 -3.60215 -23.8992
1010000 FRAC0_S 0 1 -37500 15332.4 9430.08 -2.3299e+07 -4.49708e+06 1.25308e+07 22685.9 14.7417 -21.0507
1010000 FRAC0_S 0 1 -37500 15028.7 9487.27 -2.40803e+07 -9.01252e+06 1.09481e+07 23179.6 25.7181 -17.3507
1010000 FRAC0_S 0 1 -37500 14722.2 9447.82 -1.88632e+07 -1.07242e+07 6.90455e+06 16588.8 35.0974 -13.5768
1010000 FRAC0_S 0 1 -37500 14442.9 9315.6 -2.65005e+07 -2.24877e+07 5.35974e+06 48883.4 45.9436 -7.37132
1010000 FRAC0_S 0 1 -37500 14218.2 9103.54 -1.93717e+07 -1.767e+07 668405 27882.1 50.2311 -1.37217
1010000 FRAC0_S 0 1 -37500 14070 8832.4 -1.30549e+07 -1.19431e+07 -2.43703e+06 13500.3 47.6798 6.6683
1010000 FRAC0_S 0 1 -37500 14012.8 8528.73 -1.1581e+07 -1.25472e+07 -7.38937e+06 21290.9 44.6402 16.4733
1010000 FRAC0_S 0 1 -37500 14052.2 8222.24 -5.43703e+06 -5.80638e+06 -8.60121e+06 12843.7 34.9702 27.608
1010000 FRAC0_S 0 1 -37500 14184.4 7942.94 -3.83613e+06 -2.40189e+06 -1.0595e+07 15443.8 18.5513 36.0211
1010000 FRAC0_S 0 1 -37500 14396.5 7718.17 -1.61113e+06 3.05652e+06 -8.21626e+06 9810.91 -29.2733 36.3213
1010000 FRAC0_S 0 1 -37500 14667.6 7569.92 573949 5.55171e+06 -5.33101e+06 6555.66 -51.4042 29.1497
1010000 FRAC0_S 0 1 -37500 14971.3 7512.73 -122321 1.09253e+07 -5.39294e+06 14504.4 -62.1223 22.0353
1010000 FRAC0_S 0 1 -37500 15277.8 7552.18 -3.95417e+06 1.1955e+07 -4.01099e+06 14875.6 -58.8082 14.3676
1010000 FRAC0_S 0 1 -37500 15557.1 7684.4 -3.55471e+06 1.48865e+07 -388329 19767.6 -66.9304 1.59459
1010000 FRAC0_S 0 1 -37500 15781.8 7896.46 -2.88401e+06 1.02548e+07 2.19981e+06 10014.5 -62.3104 -10.5077
1010000 FRAC0_S 0 1 -37500 15930 8167.6 -7.78629e+06 1.27318e+07 5.12868e+06 17943 -52.2491 -14.2783
Step FractureNumber TipNr TipActive TipX TipY TipZ KI KII KIII G Phi Psi Extension
1010101 FRAC0_S 0 1 -37567 16058.7 8471.04 -1.0149e+06 1.55507e+07 7.94121e+06 29936.3 -60.651 -21.8101
1010101 FRAC0_S 0 1 -37552.2 16026.2 8802.38 -7.18152e+06 1.26683e+07 1.01426e+07 27982.8 -46.6452 -22.6035
1010101 FRAC0_S 0 1 -37532.4 15889.9 9109.18 -1.63506e+07 1.28875e+07 1.10119e+07 30927.9 -37.6497 -18.8698
1010101 FRAC0_S 0 1 -37505.6 15661.5 9357.3 -2.39854e+07 -632709 1.53155e+07 31233 2.20059 -25.0609
1010101 FRAC0_S 0 1 -37478 15364.6 9517.87 -2.17434e+07 -9.18586e+06 1.31879e+07 30650.6 26.1153 -20.3676
1010101 FRAC0_S 0 1 -37457.6 15032.4 9574.7 -1.78248e+07 -1.84299e+07 1.15676e+07 48063.6 43.5572 -16.9364
1010101 FRAC0_S 0 1 -37442.4 14701.6 9523.96 -9.41628e+06 -1.77386e+07 6.55957e+06 33762 54.2822 -13.9267
1010101 FRAC0_S 0 1 -37430.5 14404.9 9373.72 -3.92218e+06 -2.55562e+07 4.65609e+06 61082.7 65.5791 -10.0255
1010101 FRAC0_S 0 1 -37425.1 14167.2 9143.11 -13474.2 -2.24203e+07 248994 44801.2 69.9906 -0.852246
1010101 FRAC0_S 0 1 -37426.2 14007.8 8854.03 1.17808e+06 -1.84654e+07 -3.22264e+06 31889 67.4073 10.3375
1010101 FRAC0_S 0 1 -37432 13941.6 8529.66 405619 -1.40894e+07 -5.71099e+06 22041.9 63.5856 19.4096
1010101 FRAC0_S 0 1 -37445.8 13975.5 8197.86 -1.81809e+06 -1.07527e+07 -7.08326e+06 16976 55.6417 23.8247
1010101 FRAC0_S 0 1 -37481.9 14112.2 7893.18 -53073 -1.55391e+06 -7.5636e+06 7823.83 21.7126 41.8839
1010101 FRAC0_S 0 1 -37536 14344.9 7655.59 2.63375e+06 1.79238e+06 -5.95207e+06 5616.21 -22.091 33.8799
1010101 FRAC0_S 0 1 -37573.4 14643.4 7511.61 8.79747e+06 2.4312e+06 -3.84116e+06 9385.76 -20.7642 17.7375
1010101 FRAC0_S 0 1 -37585.2 14968.9 7462.25 8.02289e+06 2.84652e+06 -3.17221e+06 7796.12 -25.5041 15.9371
1010101 FRAC0_S 0 1 -37587.9 15290.2 7507.55 8.00787e+06 2.32657e+06 -907415 6306.13 -25.9757 6.08096
1010101 FRAC0_S 0 1 -37589.6 15581 7648.69 1.02839e+07 3.98863e+06 513484 10877 -32.6721 -2.66895
1010101 FRAC0_S 0 1 -37587.1 15820.1 7869.02 8.75656e+06 8.50319e+06 2.61907e+06 14188.1 -47.0772 -9.7038
1010101 FRAC0_S 0 1 -37578.7 15986.4 8149.67 5.12482e+06 1.06179e+07 4.50368e+06 15084.3 -54.1686 -15.7177