
Step FractureNumber TipNr TipActive TipX TipY TipZ KI KII KIII G Phi Psi Extension
1010000 FRAC0_S 0 1 802.035 29671.9 8026.05 1.40637e+07 -6.79605e+06 -5.15287e+06 25271.9 31.7984 14.1562
1010000 FRAC0_S 0 1 736.756 29915.6 7847.62 5.0826e+07 -2.18645e+07 -1.75092e+07 313570 29.8231 13.8976
1010000 FRAC0_S 0 1 599.358 30167.6 7733.05 1.73085e+07 -358879 -7.04953e+06 33317 2.01798 19.562
1010000 FRAC0_S 0 1 403.291 30403.1 7693.56 1.57959e+07 2.77403e+06 -5.90659e+06 27559.7 -14.9677 16.901
1010000 FRAC0_S 0 1 167.748 30599.2 7733 1.75841e+07 6.68008e+06 -6.10975e+06 36493.9 -27.4042 14.3546
1010000 FRAC0_S 0 1 -84.2162 30736.7 7847.53 1.69351e+07 9.33287e+06 -4.7921e+06 36372.3 -35.7469 11.2487
1010000 FRAC0_S 0 1 -327.937 30802 8025.92 1.46591e+07 1.0504e+07 -2.45956e+06 29785.1 -43.1152 6.6836
1010000 FRAC0_S 0 1 -539.557 30788.8 8250.72 1.77045e+07 1.65955e+07 -634206 52526.7 -50.7099 1.40516
1010000 FRAC0_S 0 1 -698.361 30698.4 8499.92 1.7251e+07 1.69486e+07 2.81003e+06 53166.2 -49.4328 -5.73207
1010000 FRAC0_S 0 1 -788.805 30539.7 8749.13 1.72982e+07 1.68331e+07 6.68757e+06 57862.1 -45.8296 -11.8934
1010000 FRAC0_S 0 1 -803.905 30344.5 8959.46 1.78168e+07 1.50822e+07 1.10522e+07 64803.2 -39.7992 -17.5276
1010000 FRAC0_S 0 1 -736.756 30084.4 9152.38 1.64383e+07 9.88729e+06 1.37628e+07 57982.5 -30.2711 -22.8888
1010000 FRAC0_S 0 1 -599.358 29832.4 9266.95 1.5839e+07 753556 1.85446e+07 68144.9 -2.97027 -31.9746
1010000 FRAC0_S 0 1 -403.291 29596.9 9306.44 1.56971e+07 -3.15331e+06 1.58922e+07 56433.2 12.1301 -28.7744
1010000 FRAC0_S 0 1 -167.748 29400.8 9267 1.50411e+07 -1.01519e+07 1.42008e+07 56164.7 31.4296 -23.8295
1010000 FRAC0_S 0 1 84.2162 29263.3 9152.47 1.50765e+07 -1.51623e+07 1.08508e+07 56400 42.1292 -18.2967
1010000 FRAC0_S 0 1 327.937 29198 8974.08 1.55339e+07 -1.79288e+07 6.62232e+06 55978.9 48.6143 -11.9855
1010000 FRAC0_S 0 1 539.557 29211.2 8749.28 3.09933e+07 -2.47277e+07 7.31309e+06 147198 44.1483 -8.60521
1010000 FRAC0_S 0 1 698.361 29301.6 8500.08 1.27173e+07 -1.1662e+07 -1.11257e+06 26695.7 49.397 3.34136
1010000 FRAC0_S 0 1 788.805 29460.3 8250.87 1.74025e+07 -1.29416e+07 -4.61573e+06 44744.8 42.2334 9.72306
Step FractureNumber TipNr TipActive TipX TipY TipZ KI KII KIII G Phi Psi Extension
1010101 FRAC0_S 0 1 899.595 29677.9 8018.75 2.18018e+07 1.90172e+06 -8.7679e+06 52902.4 -7.95912 18.6554
1010101 FRAC0_S 0 1 823.999 29931.5 7811.84 2.05172e+07 2.87897e+06 -6.45762e+06 43796.2 -12.85 15.328
1010101 FRAC0_S 0 1 660.188 30188.5 7664.67 1.36563e+07 518317 -3.47071e+06 18244.5 -4.052 14.0654
1010101 FRAC0_S 0 1 428.355 30427 7603.89 1.91053e+07 -1.58341e+06 -5.5174e+06 36798.4 8.20346 14.9592
1010101 FRAC0_S 0 1 150.944 30630 7642 1.20626e+07 -2.11367e+06 -2.65836e+06 14304 16.4742 11.4941
1010101 FRAC0_S 0 1 -123.339 30761.9 7761.35 1.93575e+07 -3.21357e+06 -4.17051e+06 36624.3 15.8131 11.3619
1010101 FRAC0_S 0 1 -389.767 30820.1 7951.67 2.12306e+07 -3.08651e+06 -2.88115e+06 42118.4 14.986 7.89234
1010101 FRAC0_S 0 1 -617.58 30797.3 8190.8 2.27827e+07 -3.49012e+06 -987295 47467.7 16.7768 2.78168
1010101 FRAC0_S 0 1 -787.366 30700.1 8456.87 2.86601e+07 -6.90997e+06 -4.76544e+06 80470 21.9294 8.7547
1010101 FRAC0_S 0 1 -884.631 30535.7 8726.23 3.50659e+07 642657 1.03128e+07 123753 -1.94135 -15.8218
1010101 FRAC0_S 0 1 -899.354 30316.1 8974.94 2.95446e+07 -253072 2.05931e+07 134190 0.701342 -26.3648
1010101 FRAC0_S 0 1 -824.254 30065.6 9184.97 2.47084e+07 -1.17698e+06 2.04786e+07 110302 3.50887 -28.0139
1010101 FRAC0_S 0 1 -661.484 29810 9334.2 2.08591e+07 2.15282e+06 1.62334e+07 74233.6 -7.46913 -26.6177
1010101 FRAC0_S 0 1 -429.181 29572.5 9395.15 1.99495e+07 259814 1.68258e+07 73123.3 -0.978706 -28.6255
1010101 FRAC0_S 0 1 -155.625 29378.8 9360.11 2.20008e+07 -1.21749e+06 1.46407e+07 71773.1 4.42979 -25.2287
1010101 FRAC0_S 0 1 126.963 29247 9239.19 2.84431e+07 -1.89874e+06 1.2243e+07 92347.6 6.10306 -19.6972
1010101 FRAC0_S 0 1 391.687 29184.4 9048.11 2.61136e+07 -1.54906e+06 7.09021e+06 67665.6 6.10123 -14.5398
1010101 FRAC0_S 0 1 618.042 29199.5 8808.16 2.68598e+07 -848303 2.72861e+06 65342.7 3.84757 -6.72738
1010101 FRAC0_S 0 1 787.624 29295.8 8541.62 2.42949e+07 2.38598e+06 1.12277e+06 53271.2 -11.4987 -3.096
1010101 FRAC0_S 0 1 885.097 29459.5 8269.31 2.40087e+07 1.55453e+06 -3.95455e+06 53659.7 -7.17885 9.85751