
Step FractureNumber TipNr TipActive TipX TipY TipZ KI KII KIII G Phi Psi Extension
1010000 FRAC0_S 0 1 -44264.7 -14340.5 8500 151304 562747 135729 32.7099 -62.0136 -11.6165
1010000 FRAC0_S 0 1 -44504.5 -14145.6 8500 156370 457804 242538 28.6786 -54.8234 -19.4372
1010000 FRAC0_S 0 1 -44792.8 -14034.3 8500 168769 131461 239802 11.7263 -29.9324 -28.129
1010000 FRAC0_S 0 1 -45101.4 -14017.5 8500 109638 200535 312562 17.6481 -37.8243 -30.8362
1010000 FRAC0_S 0 1 -45400.1 -14096.9 8500 128062 -28127.9 356727 18.4567 7.46696 -38.2858
1010000 FRAC0_S 0 1 -45659.6 -14264.7 8500 73334 -66155.6 465125 29.6426 14.4804 -40.475
1010000 FRAC0_S 0 1 -45854.5 -14504.6 8500 113951 -321897 263511 19.6258 49.6088 -24.7046
1010000 FRAC0_S 0 1 -45965.7 -14792.8 8500 106373 -417178 179385 20.7966 58.4319 -17.756
1010000 FRAC0_S 0 1 -45982.4 -15101.4 8500 114683 -526455 101986 27.2526 64.0493 -10.0831
1010000 FRAC0_S 0 1 -45903.1 -15400.1 8500 106733 -487660 -14041.3 22.2328 67.2419 1.78249
1010000 FRAC0_S 0 1 -45735.3 -15659.5 8500 128730 -516327 -126817 27.3718 62.3273 11.9245
1010000 FRAC0_S 0 1 -45495.5 -15854.4 8500 89263.4 -498854 -230008 29.9217 59.3395 19.3206
1010000 FRAC0_S 0 1 -45207.2 -15965.7 8500 133521 -156376 -281596 14.3141 33.0668 30.4215
1010000 FRAC0_S 0 1 -44898.6 -15982.5 8500 126495 -184774 -388071 24.4979 32.1031 33.1215
1010000 FRAC0_S 0 1 -44599.9 -15903.1 8500 102385 -87528.7 -436358 26.9411 18.1993 38.3265
1010000 FRAC0_S 0 1 -44340.4 -15735.3 8500 112959 146670 -308285 15.6942 -31.4876 32.6172
1010000 FRAC0_S 0 1 -44145.5 -15495.4 8500 148325 363529 -338238 28.9525 -47.0679 25.8107
1010000 FRAC0_S 0 1 -44025.9 -15168 8500 122109 384522 -192865 19.4515 -55.8069 18.9974
1010000 FRAC0_S 0 1 -44017.6 -14898.6 8500 157279 634130 -131977 40.3538 -63.131 10.4742
1010000 FRAC0_S 0 1 -44096.9 -14599.9 8500 152530 609028 6594.88 35.1313 -66.9961 -0.667226
Step FractureNumber TipNr TipActive TipX TipY TipZ KI KII KIII G Phi Psi Extension
1010101 FRAC0_S 0 1 -44231.1 -14308.5 8412.4 1.18473e+06 364531 44348.4 137.177 -28.3616 -2.14509
1010101 FRAC0_S 0 1 -44476.8 -14091.7 8424.58 874864 345975 183387 83.3429 -30.2441 -9.62371
1010101 FRAC0_S 0 1 -44778.5 -13959.8 8439.28 596491 381069 371411 62.9923 -33.9624 -18.9741
1010101 FRAC0_S 0 1 -45110.9 -13934.4 8460.12 391619 252056 476132 49.4791 -27.9659 -27.1989
1010101 FRAC0_S 0 1 -45438.3 -14014 8497.42 265235 18519 494662 38.8433 -3.29107 -36.2406
1010101 FRAC0_S 0 1 -45715.9 -14197.9 8534.79 365829 -171302 493613 46.9465 21.3336 -29.7854
1010101 FRAC0_S 0 1 -45911.4 -14467.5 8565.63 515744 -238327 493202 61.1159 24.1952 -25.6832
1010101 FRAC0_S 0 1 -46016.2 -14780.3 8584.12 585520 -189831 245505 41.7773 23.6129 -16.8496
1010101 FRAC0_S 0 1 -46025.9 -15104.8 8589.32 725894 -164998 132108 51.7012 20.7594 -9.52243
1010101 FRAC0_S 0 1 -45940.3 -15416.8 8590.73 820216 -185429 70651.6 63.677 22.042 -4.97798
1010101 FRAC0_S 0 1 -45767.8 -15689.9 8588.84 1.06818e+06 -370771 50694.3 114.267 30.5093 -2.61621
1010101 FRAC0_S 0 1 -45521.3 -15904.7 8578.79 771727 -333168 -165167 66.5901 31.9084 9.5855
1010101 FRAC0_S 0 1 -45220.2 -16038.7 8562.07 605246 -384253 -352430 62.3197 34.3486 18.2089
1010101 FRAC0_S 0 1 -44889.1 -16066.8 8548.02 338047 -266154 -395624 37.3125 32.3077 25.6972
1010101 FRAC0_S 0 1 -44564.3 -15983.5 8515.84 307193 -66397.3 -543557 48.0974 9.76848 34.6364
1010101 FRAC0_S 0 1 -44287.7 -15797.3 8463.39 401297 135195 -496771 48.8009 -17.1196 29.8728
1010101 FRAC0_S 0 1 -44088.2 -15531.3 8429.66 494588 212889 -534152 63.7838 -21.9465 27.4484
1010101 FRAC0_S 0 1 -43980.9 -15220.4 8418.04 762903 208213 -296111 67.3888 -21.1131 16.4243
1010101 FRAC0_S 0 1 -43972.4 -14895.3 8411.71 1.03483e+06 201795 -178952 103.314 -18.5349 9.33307
1010101 FRAC0_S 0 1 -44059.1 -14583.1 8409.59 1.53657e+06 562622 -333888 253.426 -28.6305 10.0824