
Step FractureNumber TipNr TipActive TipX TipY TipZ KI KII KIII G Phi Psi Extension
1010000 FRAC0_S 0 1 29119.2 29553 8500 -1.5216e+06 -996182 -407100 110.473 39.5623 10.2171
1010000 FRAC0_S 0 1 29300.5 29302.7 8500 -1.48447e+06 -819753 -649484 115.985 33.4629 15.5557
1010000 FRAC0_S 0 1 29550.2 29120.6 8500 -1.48556e+06 -448629 -787517 100.419 21.1748 19.8062
1010000 FRAC0_S 0 1 29843.9 29024.7 8500 -1.44093e+06 19295.7 -826996 90.9949 -1.1761 23.8884
1010000 FRAC0_S 0 1 30153 29024.2 8500 -1.06437e+06 352323 -565474 53.5895 -22.6729 19.5662
1010000 FRAC0_S 0 1 30447 29119.2 8500 -1.07601e+06 650732 -310626 50.5668 -37.5747 11.1251
1010000 FRAC0_S 0 1 30697.3 29300.5 8500 -912697 656686 -134889 40.8474 -43.5516 5.9668
1010000 FRAC0_S 0 1 30879.4 29550.2 8500 -987420 668619 107501 41.3738 -43.0168 -4.63206
1010000 FRAC0_S 0 1 30975.3 29843.9 8500 -955689 495688 286859 32.8392 -34.231 -11.9735
1010000 FRAC0_S 0 1 30975.8 30153 8500 -899170 160412 422970 26.0872 -14.3284 -19.5673
1010000 FRAC0_S 0 1 30880.8 30447 8500 -801736 -96748.4 382326 20.2751 10.1758 -20.3428
1010000 FRAC0_S 0 1 30698.5 30698.4 8500 -1.06798e+06 -1.33661e+06 1.01349e+06 295.81 44.0419 -20.2264
1010000 FRAC0_S 0 1 30449.8 30879.4 8500 -824409 -426318 225520 22.9598 34.5921 -11.1456
1010000 FRAC0_S 0 1 30156.1 30975.3 8500 -936432 -557993 133255 30.1066 39.7675 -6.16451
1010000 FRAC0_S 0 1 29847 30975.8 8500 -1.04608e+06 -511456 80728 24.1768 36.8847 -3.76345
1010000 FRAC0_S 0 1 29553 30880.8 8500 -1.03536e+06 -483736 48052.5 21.1589 36.5447 -2.36065
1010000 FRAC0_S 0 1 29302.7 30699.5 8500 -1.14346e+06 -556962 46577.3 27.9311 37.5187 -2.05612
1010000 FRAC0_S 0 1 29120.6 30449.8 8500 -1.28529e+06 -743739 -314445 62.4414 37.3808 9.87185
1010000 FRAC0_S 0 1 29024.7 30156.1 8500 -1.3048e+06 -430574 -791243 99.7871 21.8252 21.1904
1010000 FRAC0_S 0 1 29024.2 29847 8500 -1.45946e+06 -922155 -197448 80.9615 41.1084 5.7781
Step FractureNumber TipNr TipActive TipX TipY TipZ KI KII KIII G Phi Psi Extension
1010101 FRAC0_S 0 1 29051.5 29517.9 8562.07 -25552.3 -1.67967e+06 274312 261.412 68.3937 -10.1751
1010101 FRAC0_S 0 1 29227.6 29260 8553.44 -455168 -1.78348e+06 -277184 293.659 64.0684 8.19314
1010101 FRAC0_S 0 1 29510.2 29039.8 8531.33 -920262 -1.21016e+06 -647624 186.284 47.703 16.3901
1010101 FRAC0_S 0 1 29829 28931.8 8498.37 -1.38744e+06 297454 -813011 95.7955 -15.6788 21.8913
1010101 FRAC0_S 0 1 30165.1 28936.3 8464.97 -759200 1.18045e+06 -440327 149.958 -52.2183 13.3015
1010101 FRAC0_S 0 1 30481.3 29048.2 8442.65 -749501 3270.64 -517771 35.6565 -0.359925 26.3062
1010101 FRAC0_S 0 1 30748.1 29248.8 8433.25 3902.21 1.38405e+06 481089 201.482 -65.2867 -17.8907
1010101 FRAC0_S 0 1 30945.1 29517.4 8434.6 -175669 883394 581969 114.586 -55.0794 -23.5113
1010101 FRAC0_S 0 1 31056.3 29832.8 8448.63 -285788 442015 294706 28.9613 -47.439 -19.7397
1010101 FRAC0_S 0 1 31066 30168.3 8477.98 -600226 180864 654395 59.8699 -16.5281 -28.6999
1010101 FRAC0_S 0 1 30961.3 30485.7 8520.02 -81392.9 -1.26755e+06 1.32277e+06 375.884 50.6646 -30.5288
1010101 FRAC0_S 0 1 30756.3 30752.1 8553.37 132032 -1.23955e+06 620713 189.711 60.0072 -21.0982
1010101 FRAC0_S 0 1 30510.3 30910.3 8546.65 497369 -1.50638e+06 367568 242.218 60.687 -11.2976
1010101 FRAC0_S 0 1 30168.5 31051.4 8561.18 542714 -1.52e+06 -63077.1 232.654 64.3153 2.28539
1010101 FRAC0_S 0 1 29834.8 31052.2 8560.89 281477 -1.47158e+06 -354179 216.716 63.6304 12.1778
1010101 FRAC0_S 0 1 29517.7 30950.4 8560 184402 -1.19194e+06 -586927 175.447 59.1952 20.3691
1010101 FRAC0_S 0 1 29248 30754.6 8560.52 -243848 -1.18088e+06 -481637 155.114 59.8622 17.6
1010101 FRAC0_S 0 1 29048.4 30485.6 8554.88 -498317 -1.02081e+06 -422961 116.651 54.2478 15.4221
1010101 FRAC0_S 0 1 28942.6 30169.5 8550.2 -614535 -960263 -106869 83.6877 57.1182 4.82359
1010101 FRAC0_S 0 1 28946.9 29836.1 8558.09 -349972 -1.2617e+06 210661 147.756 63.3748 -8.57578