
Step FractureNumber TipNr TipActive TipX TipY TipZ KI KII KIII G Phi Psi Extension
1010000 FRAC0_S 0 1 584.081 8296.48 8500 111412 -239904 39105.4 6.43813 59.5959 -7.48156
1010000 FRAC0_S 0 1 309.368 8437.99 8500 7.78111e+06 -348624 106221 5407.56 5.80071 -1.00049
1010000 FRAC0_S 0 1 4.373 8487.68 8500 205397 -388133 -6143.43 17.1886 61.2892 0.795617
1010000 FRAC0_S 0 1 -301.051 8440.69 8500 -7.1361e+06 -318404 -191216 13.897 5.70887 1.93011
1010000 FRAC0_S 0 1 -577.005 8301.62 8500 2.54195e+06 -253066 -9780.9 581.504 12.0618 0.271601
1010000 FRAC0_S 0 1 -796.479 8084.08 8500 133391 -196080 -186390 9.6322 43.1009 23.8746
1010000 FRAC0_S 0 1 -937.987 7809.37 8500 2.54677e+06 -187426 -303282 593.333 8.37212 7.45906
1010000 FRAC0_S 0 1 -987.678 7504.38 8500 184832 26659.7 -224894 9.83438 -8.29164 31.4332
1010000 FRAC0_S 0 1 -940.69 7198.95 8500 4.17018e+06 105607 -203627 1556.17 -3.26175 3.47756
1010000 FRAC0_S 0 1 -801.62 6922.99 8500 -7.62554e+06 211126 -93092.7 5.1246 -3.6778 0.911146
1010000 FRAC0_S 0 1 -584.081 6703.52 8500 669899 230397 -226097 51.5186 -25.7075 14.3271
1010000 FRAC0_S 0 1 -309.368 6562.01 8500 179966 192020 11498.2 6.18928 -52.5506 -2.30905
1010000 FRAC0_S 0 1 -4.373 6512.32 8500 211837 237123 9132.21 9.02033 -53.7125 -1.54184
1010000 FRAC0_S 0 1 301.051 6559.31 8500 -2.88334e+06 223927 199958 9.78605 -9.15826 -4.59532
1010000 FRAC0_S 0 1 577.005 6698.38 8500 84276.3 187761 148555 6.7095 -48.5485 -23.4331
1010000 FRAC0_S 0 1 796.479 6915.92 8500 127890 100376 74690.7 3.09725 -38.7008 -17.2243
1010000 FRAC0_S 0 1 937.987 7190.63 8500 3.48583e+06 86160.7 283726 1094.15 -3.09351 -5.561
1010000 FRAC0_S 0 1 987.678 7495.62 8500 153044 -65451.6 221848 9.01472 19.2627 -30.9208
1010000 FRAC0_S 0 1 940.69 7801.05 8500 -2.49407e+06 -116625 418751 24.5339 5.28584 -10.1512
1010000 FRAC0_S 0 1 801.62 8077.01 8500 117006 -191352 190160 9.29213 43.4245 -24.9515
Step FractureNumber TipNr TipActive TipX TipY TipZ KI KII KIII G Phi Psi Extension
1010101 FRAC0_S 0 1 621.572 8351.11 8562.83 326427 10697.9 168998 13.3038 -2.92791 -22.3654
1010101 FRAC0_S 0 1 332.484 8507.44 8548.54 275977 -91061 38889.1 7.72697 27.8834 -7.16977
1010101 FRAC0_S 0 1 4.6875 8559.01 8548.87 -1.60903e+06 -5.22886e+06 23739.7 2436.43 66.0364 -0.269468
1010101 FRAC0_S 0 1 -330.444 8519.93 8532.12 314683 -165086 -48376.1 11.564 36.9215 6.86763
1010101 FRAC0_S 0 1 -627.872 8375.79 8530.01 217332 -134202 -144966 8.60885 32.7273 19.9609
1010101 FRAC0_S 0 1 -863.69 8133.26 8543.02 -1.49946e+06 -279514 175135 11.0414 18.5932 -6.72557
1010101 FRAC0_S 0 1 -1024.42 7835.77 8520.76 185261 247762 153777 11.6736 -46.6324 -18.1744
1010101 FRAC0_S 0 1 -1084.42 7504.73 8495.01 -6.2075e+06 371857 -186456 16.9458 -7.48312 2.1245
1010101 FRAC0_S 0 1 -1033.22 7169.26 8491.94 -5.41018e+06 613616 -25554.8 33.639 -13.4807 0.328914
1010101 FRAC0_S 0 1 -876.325 6864.18 8484.26 4.46217e+06 221989 -993723 1910 -5.3666 12.6405
1010101 FRAC0_S 0 1 -635.733 6638.18 8456.86 361902 168551 -83383.7 15.1273 -33.1643 9.9866
1010101 FRAC0_S 0 1 -332.278 6500.18 8429.31 303220 4532.22 -135141 10.6238 -1.42532 20.7278
1010101 FRAC0_S 0 1 -1.7425 6444.78 8435.87 135536 1.70617e+06 11391.5 261.053 -69.5599 -0.47824
1010101 FRAC0_S 0 1 325.699 6484.06 8453.16 5.17992e+06 -412176 493349 2438.47 9.16129 -6.10659
1010101 FRAC0_S 0 1 619.598 6636.47 8442.91 312692 48492.4 175040 12.9973 -12.0882 -21.9452
1010101 FRAC0_S 0 1 861.32 6871.59 8448.65 762085 -267439 62699.8 58.6491 30.0832 -4.36889
1010101 FRAC0_S 0 1 1024.73 7163.35 8489.92 278594 90495.5 179513 11.932 -21.1891 -21.9897
1010101 FRAC0_S 0 1 1082.29 7495.19 8517.45 169002 112087 237777 11.1842 -26.9765 -28.8144
1010101 FRAC0_S 0 1 1026.44 7826.73 8530.04 -146488 -16044.9 212460 6.02646 5.86205 -33.5994
1010101 FRAC0_S 0 1 862.283 8116.01 8558.24 -1.02667e+07 -7.64913e+06 619147 5264.74 45.8544 -2.56871