
Step FractureNumber TipNr TipActive TipX TipY TipZ KI KII KIII G Phi Psi Extension
1010000 FRAC0_S 0 1 -15000 -14017.8 8603.45 3.50768e+06 3.35243e+06 354770 2114.62 -49.9384 -3.75562
1010000 FRAC0_S 0 1 -15000 -14097.8 8901.92 2.57147e+06 2.35045e+06 1.26487e+06 1294.32 -43.0845 -14.5675
1010000 FRAC0_S 0 1 -15000 -14266.1 9161.05 1.72945e+06 1.70799e+06 1.13452e+06 697.672 -42.5319 -17.3234
1010000 FRAC0_S 0 1 -15000 -14506.3 9355.47 2.15401e+06 1.47257e+06 1.8717e+06 1072.61 -32.4743 -22.7283
1010000 FRAC0_S 0 1 -15000 -14794.9 9466.15 1.59532e+06 470987 1.73372e+06 646.324 -16.2767 -28.7175
1010000 FRAC0_S 0 1 -15000 -15103.5 9482.25 2.92851e+06 570877 2.70102e+06 1763.57 -12.2965 -27.7161
1010000 FRAC0_S 0 1 -15000 -15401.9 9402.21 2.22214e+06 -1.3621e+06 1.93931e+06 1105.55 30.267 -23.3178
1010000 FRAC0_S 0 1 -15000 -15661 9233.85 1.01402e+06 -866613 811378 246.107 37.8146 -20.5116
1010000 FRAC0_S 0 1 -15000 -15855.5 8993.66 2.74493e+06 -2.69068e+06 989759 1446.84 46.3511 -11.232
1010000 FRAC0_S 0 1 -15000 -15966.1 8705.15 3.0442e+06 -2.88608e+06 347208 1584.07 49.5691 -4.21323
1010000 FRAC0_S 0 1 -15000 -15982.2 8396.55 3.67941e+06 -2.90736e+06 -241559 1967.36 46.9189 2.71803
1010000 FRAC0_S 0 1 -15000 -15902.2 8098.08 3.95596e+06 -2.68503e+06 -837174 2130.18 41.2427 8.31846
1010000 FRAC0_S 0 1 -15000 -15733.9 7838.95 3.22937e+06 -1.3691e+06 -863431 1195.5 30.6947 11.5058
1010000 FRAC0_S 0 1 -15000 -15493.7 7644.53 4.52863e+06 -1.29201e+06 -1.57667e+06 2306.89 22.3169 15.1258
1010000 FRAC0_S 0 1 -15000 -15205.1 7533.85 1.68582e+06 1.01054e+06 -299426 356.173 -39.2598 7.46636
1010000 FRAC0_S 0 1 -15000 -14896.5 7517.75 5.1287e+06 499194 -1.89878e+06 2845.63 -8.97735 17.5771
1010000 FRAC0_S 0 1 -15000 -14598.1 7597.79 4.41896e+06 1.11832e+06 -1.53298e+06 2164.07 -20.3928 15.3606
1010000 FRAC0_S 0 1 -15000 -14339 7766.15 3.60456e+06 3.80561e+06 -208026 2454.1 -52.4679 2.1053
1010000 FRAC0_S 0 1 -15000 -14144.5 8006.34 5.57828e+06 3.73732e+06 -1.48164e+06 4309.47 -40.0724 10.0821
1010000 FRAC0_S 0 1 -15000 -14033.9 8294.85 4.19363e+06 4.20568e+06 581456 3188.26 -50.2105 -4.91175
Step FractureNumber TipNr TipActive TipX TipY TipZ KI KII KIII G Phi Psi Extension
1010101 FRAC0_S 0 1 -15074.5 -13953.5 8610.93 5.48403e+06 847611 433660 2768.98 -16.4415 -4.86425
1010101 FRAC0_S 0 1 -15070.2 -14034.8 8930.8 4.83215e+06 611807 1.47954e+06 2405.19 -11.8247 -15.1614
1010101 FRAC0_S 0 1 -15064.3 -14211.6 9211.41 3.79301e+06 414846 1.86676e+06 1760.83 -9.23438 -20.8534
1010101 FRAC0_S 0 1 -15050.7 -14466.6 9427.81 3.14394e+06 263444 2.27495e+06 1575.31 -6.3402 -25.9383
1010101 FRAC0_S 0 1 -15032.8 -14776.9 9555.66 3.19205e+06 608079 2.74979e+06 1946.56 -12.394 -26.9298
1010101 FRAC0_S 0 1 -15005 -15112.3 9574.04 2.67173e+06 -666089 2.51851e+06 1519.22 15.0178 -27.4407
1010101 FRAC0_S 0 1 -14964.7 -15435.3 9480.63 3.44633e+06 -737265 2.18542e+06 1742.03 15.2681 -22.879
1010101 FRAC0_S 0 1 -14938.6 -15711.2 9291.55 3.8496e+06 -705348 1.75813e+06 1776 14.7681 -19.1629
1010101 FRAC0_S 0 1 -14929.5 -15914.5 9028.95 4.90157e+06 -735926 1.14263e+06 2362.81 14.3711 -12.2078
1010101 FRAC0_S 0 1 -14925.6 -16029.8 8718.72 5.42967e+06 -320926 460997 2664.52 7.04634 -5.60705
1010101 FRAC0_S 0 1 -14927.9 -16049.3 8388.69 5.87009e+06 -158597 -869777 3173.41 3.18163 9.30986
1010101 FRAC0_S 0 1 -14936 -15969.5 8066.6 4.77731e+06 10461.7 -1.53134e+06 2345.62 -0.231587 16.9642
1010101 FRAC0_S 0 1 -14948.5 -15794.5 7782.5 6.77608e+06 880543 -2.9622e+06 5327.62 -11.1279 19.1907
1010101 FRAC0_S 0 1 -14984.1 -15536.8 7571.15 5.46832e+06 25292.8 -2.12057e+06 3262.75 -0.464281 19.1636
1010101 FRAC0_S 0 1 -15026 -15222.2 7451.39 4.98327e+06 -2.19123e+06 -2.01947e+06 3183.13 29.3905 15.5407
1010101 FRAC0_S 0 1 -15032.3 -14885.9 7428.28 4.57252e+06 -1.11116e+06 -2.26083e+06 2652.94 18.2117 19.5246
1010101 FRAC0_S 0 1 -15041.1 -14566.2 7519.1 5.45537e+06 -1.23356e+06 -1.86034e+06 3247.9 18.7431 15.4104
1010101 FRAC0_S 0 1 -15064.5 -14292.4 7712.55 5.3604e+06 -966993 -1.61973e+06 2992.73 15.9986 14.5266
1010101 FRAC0_S 0 1 -15071.2 -14085.5 7972.57 5.49284e+06 -362588 -1.23281e+06 2902.42 6.97832 12.5678
1010101 FRAC0_S 0 1 -15073.6 -13970 8280.33 5.35851e+06 -236310 -880009 2666.64 5.01631 9.99159