
Step FractureNumber TipNr TipActive TipX TipY TipZ KI KII KIII G Phi Psi Extension
1010000 FRAC0_S 0 1 268.801 -14049.6 8500 55679.6 -981339 211658 92.0498 66.7914 -12.2733
1010000 FRAC0_S 0 1 -38.0465 -14013.1 8500 67773.3 -1.15586e+06 -17106.4 119.501 69.6724 1.06913
1010000 FRAC0_S 0 1 -341.17 -14073.1 8500 97531.6 -1.27975e+06 -292647 158.178 66.1785 12.6557
1010000 FRAC0_S 0 1 -610.898 -14223.9 8500 1.9882e+06 -1.15579e+06 -642140 526.123 36.2144 12.2798
1010000 FRAC0_S 0 1 -820.827 -14450.7 8500 1.31065e+06 -792635 -790121 292.089 33.0991 18.8391
1010000 FRAC0_S 0 1 -950.407 -14731.2 8500 34908.2 -389864 -814336 101.851 37.119 37.0083
1010000 FRAC0_S 0 1 -986.955 -15038.1 8500 51527 17802.8 -796693 84.6825 -2.8484 43.8278
1010000 FRAC0_S 0 1 -926.893 -15341.2 8500 51291.7 312209 -674666 69.4586 -35.7716 36.7527
1010000 FRAC0_S 0 1 -776.1 -15610.9 8500 81007.2 813003 -696210 123.95 -53.2788 27.8237
1010000 FRAC0_S 0 1 -549.337 -15820.8 8500 37507.8 1.08741e+06 -519658 141.41 -61.9655 21.3518
1010000 FRAC0_S 0 1 -268.801 -15950.4 8500 50760.7 918679 -191313 80.3038 -66.9555 11.9594
1010000 FRAC0_S 0 1 38.0465 -15986.9 8500 48354.5 1.16344e+06 19948.5 120.88 -69.7848 -1.25458
1010000 FRAC0_S 0 1 341.17 -15926.9 8500 -1.91126e+06 668073 128083 41.9537 -30.2837 -3.61617
1010000 FRAC0_S 0 1 610.898 -15776.1 8500 324436 916200 430253 108.801 -55.7197 -17.8969
1010000 FRAC0_S 0 1 820.827 -15549.3 8500 -2.4754e+06 349625 320804 24.5803 -14.6949 -7.61107
1010000 FRAC0_S 0 1 941.446 -15300.5 8500 -1.19332e+06 313590 557115 50.0431 -19.6546 -18.6493
1010000 FRAC0_S 0 1 986.955 -14961.9 8500 45952.4 -27116.3 805613 86.5722 4.25377 -43.7739
1010000 FRAC0_S 0 1 926.893 -14658.8 8500 32386.7 -328782 653465 66.5193 38.0155 -36.5471
1010000 FRAC0_S 0 1 776.1 -14389.1 8500 46086.5 -572698 517351 65.0135 52.7841 -28.6755
1010000 FRAC0_S 0 1 549.337 -14179.2 8500 43197.1 -787846 370915 73.7748 61.6909 -20.9276
Step FractureNumber TipNr TipActive TipX TipY TipZ KI KII KIII G Phi Psi Extension
1010101 FRAC0_S 0 1 280.423 -14012.1 8591.4 2.1442e+06 -656447 322515 461.924 26.3337 -7.70281
1010101 FRAC0_S 0 1 -39.522 -13976.8 8592.73 2.65776e+06 -857909 -96216.1 696.26 29.3041 2.05441
1010101 FRAC0_S 0 1 -360.956 -14029.7 8583.96 2.26346e+06 -933271 -415864 557.151 31.4956 8.54166
1010101 FRAC0_S 0 1 -656.741 -14171.1 8566.06 1.14542e+06 -1.19222e+06 -733765 315.18 43.7962 16.7509
1010101 FRAC0_S 0 1 -887.294 -14406.1 8557.16 864546 -479361 -650872 143.424 29.6007 21.9371
1010101 FRAC0_S 0 1 -1031.13 -14709.6 8542.58 589200 -463062 -1.12156e+06 217.342 26.6461 31.4589
1010101 FRAC0_S 0 1 -1075.08 -15041.5 8497.99 574881 113403 -1.52492e+06 339.871 -6.98974 38.0765
1010101 FRAC0_S 0 1 -1001.66 -15365.4 8449.49 832396 510842 -1.1944e+06 274.732 -25.3462 29.4019
1010101 FRAC0_S 0 1 -825.162 -15646.2 8423.24 1.27454e+06 713145 -957626 312.041 -29.7942 21.8721
1010101 FRAC0_S 0 1 -576.817 -15859 8412.83 1.83398e+06 694153 -695741 407.038 -26.899 15.2962
1010101 FRAC0_S 0 1 -280.331 -15987.7 8408.47 2.41749e+06 695619 -341990 579.457 -25.349 7.39722
1010101 FRAC0_S 0 1 43.506 -16033.9 8417.47 4.00884e+06 1.56836e+06 -55331.7 1651.66 -33.5553 0.763056
1010101 FRAC0_S 0 1 365.127 -15987.1 8430.67 2.80342e+06 1.863e+06 760310 1086.49 -39.8122 -10.2804
1010101 FRAC0_S 0 1 655.871 -15831.9 8439.74 2.24337e+06 1.8121e+06 1.34513e+06 981.723 -39.0942 -17.3803
1010101 FRAC0_S 0 1 892.385 -15593.7 8458.25 802404 848728 1.01536e+06 258.68 -37.4694 -24.9163
1010101 FRAC0_S 0 1 1040.73 -15294.1 8478.69 565914 699026 1.68118e+06 447.989 -29.277 -33.7642
1010101 FRAC0_S 0 1 1077.92 -14959.7 8510.69 450562 -87701.6 1.21711e+06 215.797 6.8199 -38.2175
1010101 FRAC0_S 0 1 1000.65 -14634.9 8552.56 725498 -441452 926697 178.485 26.4073 -28.0594
1010101 FRAC0_S 0 1 824.94 -14353.7 8577.23 768226 -1.14684e+06 848869 265.629 46.0386 -20.8429
1010101 FRAC0_S 0 1 577.088 -14140.7 8586.9 1.32834e+06 -698021 557121 241.931 32.7161 -15.2859