
Step FractureNumber TipNr TipActive TipX TipY TipZ KI KII KIII G Phi Psi Extension
1010000 FRAC0_S 0 1 923.397 22850.6 8500 51321.9 -52270.2 -33812.1 0.630228 43.1277 17.1958
1010000 FRAC0_S 0 1 769.885 23118.7 8500 45908.3 123675 -115348 3.3204 -47.5792 26.1683
1010000 FRAC0_S 0 1 541.012 23326.3 8500 42287.2 9735.57 -2858.17 0.168879 -22.6324 3.97269
1010000 FRAC0_S 0 1 259.181 23453 8500 31359.3 8821.87 180.916 0.0945706 -27.2555 -0.348957
1010000 FRAC0_S 0 1 -48.0205 23486.5 8500 49803.2 6981.46 981.614 0.225496 -15.8975 -1.31591
1010000 FRAC0_S 0 1 -350.522 23423.4 8500 42008.3 4421.78 11240.2 0.175798 -10.3228 -13.9489
1010000 FRAC0_S 0 1 -618.712 23269.9 8500 53159.8 45031.6 -61083.1 0.928766 -33.9866 25.0601
1010000 FRAC0_S 0 1 -826.338 23041 8500 33950.3 3146.53 3757.63 0.10547 -10.3673 -6.89496
1010000 FRAC0_S 0 1 -953.076 22759.1 8500 47602.7 29129.9 -89062.1 1.3325 -22.4369 32.3776
1010000 FRAC0_S 0 1 -986.521 22452 8500 42775.1 -614.41 6318.4 0.168388 1.71976 -9.38145
1010000 FRAC0_S 0 1 -923.397 22149.4 8500 44427.9 -16091.6 4413.14 0.201553 30.3958 -5.14883
1010000 FRAC0_S 0 1 -769.885 21881.3 8500 50472.8 -101137 105423 2.61667 44.2493 -26.4406
1010000 FRAC0_S 0 1 -541.012 21673.7 8500 40756.4 -8057.86 4207.77 0.15616 19.6594 -5.98217
1010000 FRAC0_S 0 1 -259.181 21547 8500 30965.6 -156114 -14046.1 2.28343 66.494 5.28636
1010000 FRAC0_S 0 1 48.0205 21513.5 8500 30806.6 44350.2 -30908.8 0.386906 -46.3006 19.9278
1010000 FRAC0_S 0 1 350.522 21576.6 8500 38439.1 -8643.76 -3650.6 0.140096 21.8207 5.44174
1010000 FRAC0_S 0 1 618.712 21730.1 8500 30751.6 16036.5 -45079.8 0.377465 -22.3055 30.3287
1010000 FRAC0_S 0 1 826.338 21959 8500 43336.4 -6501.26 -4837.56 0.174231 15.6572 6.64296
1010000 FRAC0_S 0 1 953.076 22240.9 8500 48843.4 -18184.4 -5798.25 0.246525 30.5931 6.001
1010000 FRAC0_S 0 1 986.521 22548 8500 43607.5 867.813 -6380.62 0.174935 -2.3686 9.26678
Step FractureNumber TipNr TipActive TipX TipY TipZ KI KII KIII G Phi Psi Extension
1010101 FRAC0_S 0 1 936.543 22861.1 8481.54 61752.8 -4024.73 26053.5 0.431535 6.00139 -19.4732
1010101 FRAC0_S 0 1 796.177 23139.8 8463.09 101992 51065.1 75279.6 1.91303 -27.8086 -22.1287
1010101 FRAC0_S 0 1 554.157 23336.9 8481.54 144157 66541.4 -9765.61 2.25905 -35.8786 3.39032
1010101 FRAC0_S 0 1 259.181 23453 8500 80188 -382127 117953 15.4354 61.8381 -14.4918
1010101 FRAC0_S 0 1 -48.0205 23486.5 8500 33653.1 140594 -13228.8 1.88559 -65.6226 5.3396
1010101 FRAC0_S 0 1 -363.507 23439.6 8486.02 37784.6 10612.2 -48854.2 0.454692 -14.4436 30.8556
1010101 FRAC0_S 0 1 -644.682 23302.2 8472.05 57401.2 11421.2 -59552 0.77691 -11.9015 29.0822
1010101 FRAC0_S 0 1 -861.62 23063.3 8476.48 53720.6 38695.3 -50471 0.729383 -32.7798 23.4341
1010101 FRAC0_S 0 1 -997.671 22771.4 8480.92 64470.9 48202.6 -31220.9 0.707073 -39.0429 15.3702
1010101 FRAC0_S 0 1 -1008.82 22458 8490.46 71697 2127.72 -124099 2.50675 -1.49694 35.9329
1010101 FRAC0_S 0 1 -937.357 22138.2 8517.44 -21478.2 97267.2 -17822.7 0.885309 -64.203 9.6173
1010101 FRAC0_S 0 1 -797.803 21858.9 8534.89 97967.4 -49195.9 -82794.8 1.98262 26.747 23.8055
1010101 FRAC0_S 0 1 -557.587 21652.8 8540.37 52618.4 -7971.76 -99154.6 1.55999 6.81211 35.701
1010101 FRAC0_S 0 1 -264.414 21527.6 8545.85 -66518.2 71201.8 -134831 2.86963 -31.7965 30.5106
1010101 FRAC0_S 0 1 45.404 21503.8 8522.93 8546.36 24152.4 -28217.9 0.164391 -44.5037 29.0503
1010101 FRAC0_S 0 1 350.522 21576.6 8500 19593.1 -637360 -193571 41.2167 65.603 16.0427
1010101 FRAC0_S 0 1 618.712 21730.1 8500 45682.3 -204766 -114321 5.66048 56.5315 21.2044
1010101 FRAC0_S 0 1 826.338 21959 8500 42173.3 5265.62 -5956.72 0.16568 -13.1254 8.29083
1010101 FRAC0_S 0 1 953.076 22240.9 8500 50075.9 8302.86 -3816.87 0.231532 -17.442 4.66248
1010101 FRAC0_S 0 1 986.521 22548 8500 45704.2 17235.4 3489.74 0.21423 -31.6115 -4.00652