
Step FractureNumber TipNr TipActive TipX TipY TipZ KI KII KIII G Phi Psi Extension
1010000 FRAC0_S 0 1 21984 -44205.3 8221.26 1.4389e+06 -1.30876e+06 1.20989e+06 531.819 38.6426 -20.7616
1010000 FRAC0_S 0 1 21817.7 -44286.5 8468.74 1.39573e+06 -1.63226e+06 846951 506.41 46.5522 -15.472
1010000 FRAC0_S 0 1 21718.3 -44437.5 8719.28 1.34159e+06 -2.34827e+06 337003 666.875 57.8366 -6.29661
1010000 FRAC0_S 0 1 21695.3 -44643.7 8948.37 1.38519e+06 -2.47446e+06 -165295 720.233 59.6124 3.14761
1010000 FRAC0_S 0 1 21751.1 -44884.7 9133.57 1.00454e+06 -1.68101e+06 -502964 375.372 54.3527 11.4828
1010000 FRAC0_S 0 1 21880.2 -45136.9 9256.74 1.24353e+06 -1.61323e+06 -971633 495.268 46.5645 17.6705
1010000 FRAC0_S 0 1 22070.1 -45375.8 9305.84 1.10411e+06 -961814 -1.11714e+06 357.05 35.9119 23.3104
1010000 FRAC0_S 0 1 22301.9 -45578 9276.06 1.3741e+06 -482010 -1.58357e+06 522.478 18.2439 28.9154
1010000 FRAC0_S 0 1 22553.2 -45723.5 9170.31 1.30867e+06 219620 -1.46341e+06 441.739 -9.90013 30.2582
1010000 FRAC0_S 0 1 22799.2 -45798.2 8998.95 1.59244e+06 915481 -1.54325e+06 617.409 -28.0625 24.9245
1010000 FRAC0_S 0 1 23016 -45794.7 8778.74 1.48663e+06 1.38158e+06 -1.12984e+06 536.806 -40.0199 19.4072
1010000 FRAC0_S 0 1 23182.3 -45713.5 8531.26 1.39888e+06 2.03944e+06 -778112 625.537 -51.3396 13.2705
1010000 FRAC0_S 0 1 23281.7 -45562.5 8280.72 1.42526e+06 2.34378e+06 -337796 685.698 -57.0992 6.19241
1010000 FRAC0_S 0 1 23304.7 -45356.3 8051.63 1.27543e+06 2.04629e+06 155842 521.317 -58.1425 -3.4292
1010000 FRAC0_S 0 1 23248.9 -45115.3 7866.43 1.35582e+06 2.10938e+06 660928 618.397 -53.2769 -11.6474
1010000 FRAC0_S 0 1 23119.8 -44863.1 7743.26 887374 1.39061e+06 1.32056e+06 474.426 -43.6478 -24.1797
1010000 FRAC0_S 0 1 22929.9 -44624.2 7694.16 1.28316e+06 1.06422e+06 1.28466e+06 467.141 -35.0114 -23.4603
1010000 FRAC0_S 0 1 22698.1 -44422 7723.94 1.62859e+06 604242 1.87262e+06 735.272 -19.0889 -28.7124
1010000 FRAC0_S 0 1 22446.8 -44276.5 7829.69 1.00822e+06 -166956 1.18132e+06 278.669 9.5675 -30.8086
1010000 FRAC0_S 0 1 22200.8 -44201.8 8001.05 1.3235e+06 -933960 1.43305e+06 506.95 30.9468 -25.3121
Step FractureNumber TipNr TipActive TipX TipY TipZ KI KII KIII G Phi Psi Extension
1010101 FRAC0_S 0 1 21981.2 -44108.1 8234.78 2.56113e+06 -346171 1.35207e+06 838.321 10.9158 -21.4346
1010101 FRAC0_S 0 1 21815.5 -44196.1 8507.28 3.18607e+06 -505258 882948 1030.99 14.6099 -13.8264
1010101 FRAC0_S 0 1 21722.4 -44358 8777.76 2.02676e+06 -73096.7 218701 372.878 4.34419 -7.06386
1010101 FRAC0_S 0 1 21702 -44576.4 9021 3.01684e+06 -50360.4 -125881 813.35 2.19063 3.02372
1010101 FRAC0_S 0 1 21754.3 -44832.7 9217.56 3.25292e+06 -77252.1 -665549 1002.36 2.68055 12.0766
1010101 FRAC0_S 0 1 21879.9 -45106.5 9350.1 2.88822e+06 -251724 -1.25657e+06 958.992 7.78625 19.5976
1010101 FRAC0_S 0 1 22068.8 -45375.6 9402.63 2.35444e+06 -196385 -1.53149e+06 809.355 6.57289 24.6175
1010101 FRAC0_S 0 1 22299.9 -45616.5 9361.62 2.09821e+06 -426170 -1.15592e+06 586.199 15.273 21.243
1010101 FRAC0_S 0 1 22550.5 -45798.5 9226.31 2.01097e+06 36249.3 -1.7213e+06 754.541 -1.34018 28.7423
1010101 FRAC0_S 0 1 22798.6 -45892.6 9018.01 2.08647e+06 -652682 -1.41855e+06 693.522 20.2524 22.7711
1010101 FRAC0_S 0 1 23016.8 -45891.2 8764.56 2.80008e+06 313438 -1.34193e+06 946.921 -9.50247 20.4991
1010101 FRAC0_S 0 1 23180.6 -45803.1 8490.69 3.10441e+06 109435 -903385 968.394 -3.67173 15.5257
1010101 FRAC0_S 0 1 23277 -45641.7 8221.42 3.44237e+06 49797.4 -322949 1070.04 -1.81544 6.36623
1010101 FRAC0_S 0 1 23300 -45423.5 7978.84 3.5382e+06 12471.8 295884 1127.21 -0.45319 -5.80464
1010101 FRAC0_S 0 1 23248.3 -45166.4 7782.05 3.09169e+06 168052 677881 915.396 -5.84751 -12.45
1010101 FRAC0_S 0 1 23122.9 -44891.7 7649.47 2.90596e+06 269041 1.21413e+06 955.006 -8.31857 -19.0514
1010101 FRAC0_S 0 1 22932.6 -44623.4 7597.08 2.3317e+06 192188 1.53782e+06 802.294 -6.46768 -24.8014
1010101 FRAC0_S 0 1 22699.8 -44383.9 7638.05 2.11341e+06 141903 1.75612e+06 809.971 -4.86485 -27.8222
1010101 FRAC0_S 0 1 22449.9 -44201.8 7774.33 1.53369e+06 -38358 1.28366e+06 428.891 1.86786 -28.3936
1010101 FRAC0_S 0 1 22202.5 -44107.2 7983.4 2.1034e+06 -146846 1.58114e+06 728.669 5.26299 -26.569