
Step FractureNumber TipNr TipActive TipX TipY TipZ KI KII KIII G Phi Psi Extension
1010000 FRAC0_S 0 1 29664.6 -29071 8500 3.47079e+06 2.98577e+06 -2.04751e+06 2425.42 -40.5249 16.8669
1010000 FRAC0_S 0 1 29393.9 -29220.1 8500 3.30111e+06 5.06902e+06 -1.16636e+06 3441.67 -54.6382 9.04613
1010000 FRAC0_S 0 1 29182.6 -29445.6 8500 2.85851e+06 4.48488e+06 23764.5 2520.57 -59.2856 -0.251265
1010000 FRAC0_S 0 1 29051.3 -29725.3 8500 3.15574e+06 4.11451e+06 754359 2471.66 -53.3802 -7.04082
1010000 FRAC0_S 0 1 29012.8 -30032 8500 2.96533e+06 3.55569e+06 1.90834e+06 2394.53 -46.5997 -15.9672
1010000 FRAC0_S 0 1 29071 -30335.4 8500 2.97954e+06 2.32518e+06 2.55247e+06 2139.37 -35.3 -21.8564
1010000 FRAC0_S 0 1 29220.1 -30606.1 8500 1.93583e+06 784487 1.86607e+06 851.906 -21.8986 -26.273
1010000 FRAC0_S 0 1 29445.6 -30817.4 8500 2.47475e+06 -71786.1 2.43601e+06 1335.45 2.00252 -30.2468
1010000 FRAC0_S 0 1 29725.3 -30948.7 8500 1.59984e+06 -1.00367e+06 1.98995e+06 844.505 27.248 -27.5974
1010000 FRAC0_S 0 1 30032 -30987.2 8500 2.25967e+06 -1.95751e+06 1.91923e+06 1286.36 37.5367 -21.1673
1010000 FRAC0_S 0 1 30335.4 -30929 8500 1.68868e+06 -1.97228e+06 1.02104e+06 739.391 46.5532 -15.4406
1010000 FRAC0_S 0 1 30606.1 -30779.9 8500 1.91384e+06 -2.63259e+06 656802 1001.35 52.9143 -9.32009
1010000 FRAC0_S 0 1 30817.4 -30554.4 8500 2.05537e+06 -2.99566e+06 107881 1177.67 57.6918 -1.61668
1010000 FRAC0_S 0 1 30948.7 -30274.7 8500 1.98449e+06 -2.87961e+06 -478553 1120.3 55.1226 6.72187
1010000 FRAC0_S 0 1 30987.2 -29968 8500 2.33764e+06 -3.14425e+06 -1.18388e+06 1554.33 50.463 12.8123
1010000 FRAC0_S 0 1 30929 -29664.6 8500 2.32944e+06 -2.4249e+06 -1.82607e+06 1451.01 42.0848 19.1039
1010000 FRAC0_S 0 1 30779.9 -29393.9 8500 2.44077e+06 -1.22598e+06 -2.35171e+06 1400.36 25.6139 25.4398
1010000 FRAC0_S 0 1 30554.4 -29182.6 8500 2.65887e+06 -822185 -2.10843e+06 1281.46 19.0787 24.7271
1010000 FRAC0_S 0 1 30274.7 -29051.3 8500 2.92844e+06 994218 -2.81972e+06 1909.73 -19.1221 26.8486
1010000 FRAC0_S 0 1 29968 -29012.8 8500 3.00401e+06 2.57922e+06 -2.79463e+06 2435.65 -36.4661 22.3468
Step FractureNumber TipNr TipActive TipX TipY TipZ KI KII KIII G Phi Psi Extension
1010101 FRAC0_S 0 1 29642.2 -29003.7 8432.27 4.44382e+06 -545710 -1.57291e+06 2115.29 11.1579 16.7995
1010101 FRAC0_S 0 1 29359.2 -29172.2 8421.49 4.55977e+06 121221 -720706 1923.12 -3.10654 9.81947
1010101 FRAC0_S 0 1 29138.3 -29415.6 8416.56 5.03515e+06 -274055 -156621 2269.14 6.84358 2.20797
1010101 FRAC0_S 0 1 28994.9 -29710.4 8420.21 5.41265e+06 -499003 539119 2671.48 10.4109 -6.28831
1010101 FRAC0_S 0 1 28945 -30035.8 8429.16 5.28845e+06 100061 1.60107e+06 2834.03 -1.98986 -16.1356
1010101 FRAC0_S 0 1 28997.1 -30364.1 8443.62 4.27046e+06 263974 2.0889e+06 2211.64 -5.46853 -21.3176
1010101 FRAC0_S 0 1 29153.7 -30666.9 8468.31 3.02086e+06 -216390 2.52762e+06 1667.07 5.15642 -27.8553
1010101 FRAC0_S 0 1 29393 -30894.3 8503.87 3.0942e+06 -24987.8 2.17125e+06 1480.21 0.659686 -26.4536
1010101 FRAC0_S 0 1 29699.5 -31032 8539 2.88035e+06 -12371.5 1.78325e+06 1162.24 0.369915 -24.947
1010101 FRAC0_S 0 1 30032.8 -31064.3 8560.06 3.23035e+06 -140449 1.39449e+06 1190.26 4.06548 -19.9995
1010101 FRAC0_S 0 1 30357 -30993 8571.48 3.16748e+06 115507 868304 995.501 -3.8412 -14.8711
1010101 FRAC0_S 0 1 30641.5 -30827.3 8579.17 3.06468e+06 267572 513293 878.367 -9.40228 -9.82329
1010101 FRAC0_S 0 1 30862.5 -30585.3 8582.72 2.87223e+06 378954 107762 749.474 -14.9037 -2.46842
1010101 FRAC0_S 0 1 31003.2 -30289.6 8581.43 2.98058e+06 338399 -247178 809.97 -12.6546 5.24781
1010101 FRAC0_S 0 1 31050.2 -29964.7 8575.83 3.11134e+06 194625 -750944 941.003 -6.5552 13.3073
1010101 FRAC0_S 0 1 30997.6 -29637.6 8563.6 3.03199e+06 201628 -920113 935.408 -6.63084 15.6589
1010101 FRAC0_S 0 1 30846.2 -29340.4 8546.55 3.48251e+06 -264977 -2.28435e+06 1781 6.01507 24.8068
1010101 FRAC0_S 0 1 30605.3 -29107 8518.96 3.71926e+06 8705.68 -2.87067e+06 2328.68 -0.184582 27.6875
1010101 FRAC0_S 0 1 30300.5 -28966.2 8476.93 3.91099e+06 191310 -2.5161e+06 2208.26 -3.98833 24.8837
1010101 FRAC0_S 0 1 29966.9 -28932 8445.85 4.53876e+06 257018 -2.47415e+06 2655.73 -4.86201 22.7233