
Step FractureNumber TipNr TipActive TipX TipY TipZ KI KII KIII G Phi Psi Extension
1010000 FRAC0_S 0 1 -44264.7 -14340.5 8500 558263 2.09581e+06 654437 476.142 -60.5954 -14.1376
1010000 FRAC0_S 0 1 -44504.5 -14145.6 8500 566033 1.64122e+06 1.04124e+06 412.773 -52.8638 -21.6109
1010000 FRAC0_S 0 1 -44792.8 -14034.3 8500 499250 374850 1.29171e+06 256.644 -22.1338 -34.7817
1010000 FRAC0_S 0 1 -45101.4 -14017.5 8500 396299 1.16466e+06 1.55119e+06 454.892 -42.5888 -30.6793
1010000 FRAC0_S 0 1 -45400.1 -14096.9 8500 435369 -259701 1.34604e+06 263.872 16.6797 -37.0868
1010000 FRAC0_S 0 1 -45659.6 -14264.7 8500 358245 254636 2.075e+06 589.864 -12.6346 -40.5481
1010000 FRAC0_S 0 1 -45854.5 -14504.6 8500 377934 -1.302e+06 926272 277.899 52.4704 -23.5535
1010000 FRAC0_S 0 1 -45965.7 -14792.8 8500 342993 -1.60249e+06 595637 286.502 60.4493 -16.47
1010000 FRAC0_S 0 1 -45982.4 -15101.4 8500 362138 -1.96221e+06 280291 365.233 65.7415 -8.01159
1010000 FRAC0_S 0 1 -45903.1 -15400.1 8500 342166 -1.76324e+06 -127156 289.628 66.9066 4.33547
1010000 FRAC0_S 0 1 -45735.3 -15659.5 8500 398249 -1.83171e+06 -539623 351.841 61.973 13.9447
1010000 FRAC0_S 0 1 -45495.5 -15854.4 8500 353225 -1.42428e+06 -597847 239.42 58.778 17.5412
1010000 FRAC0_S 0 1 -45207.2 -15965.7 8500 408824 284729 -938088 139.159 -22.299 33.9368
1010000 FRAC0_S 0 1 -44898.6 -15982.5 8500 431624 -498611 -1.43597e+06 313.001 26.3928 35.1821
1010000 FRAC0_S 0 1 -44599.9 -15903.1 8500 419115 -556427 -1.62397e+06 393.999 26.7599 35.8491
1010000 FRAC0_S 0 1 -44340.4 -15735.3 8500 403711 664436 -1.10654e+06 216.712 -36.24 31.1446
1010000 FRAC0_S 0 1 -44145.5 -15495.4 8500 542160 1.49795e+06 -1.18669e+06 413.436 -49.906 24.2221
1010000 FRAC0_S 0 1 -44025.9 -15168 8500 455333 1.53682e+06 -641268 283.63 -57.8618 17.0371
1010000 FRAC0_S 0 1 -44017.6 -14898.6 8500 583470 2.47893e+06 -367841 595.922 -64.6161 7.98483
1010000 FRAC0_S 0 1 -44096.9 -14599.9 8500 567576 2.3297e+06 165830 516.008 -65.9871 -4.12604
Step FractureNumber TipNr TipActive TipX TipY TipZ KI KII KIII G Phi Psi Extension
1010101 FRAC0_S 0 1 -44229.6 -14306.9 8413.67 3.36836e+06 764744 -37447.4 1063.33 -23.3178 0.697701
1010101 FRAC0_S 0 1 -44475.4 -14088.6 8428.94 2.36358e+06 886544 863639 667.052 -26.9199 -14.9208
1010101 FRAC0_S 0 1 -44777.4 -13957.6 8444.31 1.79196e+06 426086 1.40729e+06 565.723 -15.4873 -25.3055
1010101 FRAC0_S 0 1 -45110 -13936.4 8463.91 1.08854e+06 405135 1.44351e+06 397.348 -17.9789 -30.3633
1010101 FRAC0_S 0 1 -45437.6 -14016.7 8491.96 1.14875e+06 -530634 1.53845e+06 457.471 21.183 -29.7487
1010101 FRAC0_S 0 1 -45715 -14198.9 8516.07 841036 -674625 1.23736e+06 307.218 30.1034 -28.3912
1010101 FRAC0_S 0 1 -45909.2 -14468.5 8555.93 1.89375e+06 -794338 911292 486.252 27.487 -17.6327
1010101 FRAC0_S 0 1 -46013.3 -14781.1 8586.11 1.78308e+06 -358346 633731 348.172 16.9105 -16.0911
1010101 FRAC0_S 0 1 -46024 -15104.9 8590.33 1.85405e+06 -268413 280689 323.216 14.7636 -8.66021
1010101 FRAC0_S 0 1 -45940 -15416.9 8590.86 2.73106e+06 -482692 241680 693.173 18.1908 -5.29406
1010101 FRAC0_S 0 1 -45768.2 -15690.4 8588.51 2.00042e+06 -490986 -233514 385.325 22.953 6.44191
1010101 FRAC0_S 0 1 -45522.1 -15907.4 8555.34 1.70628e+06 -836637 -596349 369.107 32.3392 13.6264
1010101 FRAC0_S 0 1 -45221 -16044.4 8513.52 706240 -1.29798e+06 -1.25882e+06 405.33 44.6133 25.1797
1010101 FRAC0_S 0 1 -44909.2 -16072.1 8521.62 200496 -677911 -1.57039e+06 372.526 33.3923 36.4493
1010101 FRAC0_S 0 1 -44566.1 -15981.2 8518.84 726672 48221.3 -1.20407e+06 240.084 -3.3698 35.2416
1010101 FRAC0_S 0 1 -44290.6 -15793.8 8462.57 1.41053e+06 449109 -1.39439e+06 453.864 -17.9888 27.3644
1010101 FRAC0_S 0 1 -44091.2 -15529.5 8425.8 1.80706e+06 489537 -1.13248e+06 482.914 -18.5599 22.1607
1010101 FRAC0_S 0 1 -43983.6 -15219.8 8415.95 2.11537e+06 431069 -632236 468.469 -17.6984 14.2087
1010101 FRAC0_S 0 1 -43973.9 -14895.1 8410.82 2.79355e+06 408109 -518774 746.041 -14.5149 10.2346
1010101 FRAC0_S 0 1 -44058.6 -14582.5 8409.96 3.86442e+06 734896 -179888 1383.18 -19.8726 2.88914