
Step FractureNumber TipNr TipActive TipX TipY TipZ KI KII KIII G Phi Psi Extension
1010000 FRAC0_S 0 1 -45000 15987.2 8471.27 3.996e+06 -1.72372e+06 -1.19229e+06 1876.74 30.5599 12.4727
1010000 FRAC0_S 0 1 -45000 15947.8 8777.76 4.20772e+06 -1.11461e+06 -1.37799e+06 1940.94 21.3522 14.6457
1010000 FRAC0_S 0 1 -45000 15815.6 9057.06 4.36606e+06 -842707 -1.43716e+06 2036.64 16.6266 15.324
1010000 FRAC0_S 0 1 -45000 15603.5 9281.83 4.51967e+06 -342892 -1.5762e+06 2161.19 7.25708 17.1167
1010000 FRAC0_S 0 1 -45000 15332.4 9430.08 4.33911e+06 550896 -1.35354e+06 1948.46 -11.8078 15.3587
1010000 FRAC0_S 0 1 -45000 15028.7 9487.27 4.16704e+06 1.01782e+06 -1.10326e+06 1801.52 -20.827 12.6693
1010000 FRAC0_S 0 1 -45000 14722.2 9447.82 3.8978e+06 1.4199e+06 -738392 1606 -28.9762 9.01963
1010000 FRAC0_S 0 1 -45000 14442.9 9315.6 4.65767e+06 2.08138e+06 -431160 2343.9 -34.7409 4.57098
1010000 FRAC0_S 0 1 -45000 14218.2 9103.54 3.8593e+06 1.81719e+06 60187.3 1621.96 -37.3235 -0.814719
1010000 FRAC0_S 0 1 -45000 14070 8832.4 4.10864e+06 2.18886e+06 694390 1995.33 -36.9677 -7.42098
1010000 FRAC0_S 0 1 -45000 14012.8 8528.73 4.11952e+06 1.58212e+06 1.17683e+06 1919.48 -28.4981 -12.379
1010000 FRAC0_S 0 1 -45000 14052.2 8222.24 3.65374e+06 78945.6 1.42923e+06 1461.83 -2.12477 -19.0668
1010000 FRAC0_S 0 1 -45000 14184.4 7942.94 3.26664e+06 -720442 1.5687e+06 1324.43 16.9773 -19.3928
1010000 FRAC0_S 0 1 -45000 14396.5 7718.17 2.92299e+06 -600456 1.33273e+06 1029.7 16.2405 -18.9209
1010000 FRAC0_S 0 1 -45000 14667.6 7569.92 2.6991e+06 -2.2245e+06 551254 1130.55 45.3274 -7.51912
1010000 FRAC0_S 0 1 -45000 14971.3 7512.73 3.93091e+06 -2.52012e+06 1.20096e+06 2134.7 38.5153 -11.4291
1010000 FRAC0_S 0 1 -45000 15277.8 7552.18 3.44136e+06 -1.92415e+06 852245 1481.84 36.6209 -10.0712
1010000 FRAC0_S 0 1 -45000 15557.1 7684.4 3.67285e+06 -3.06636e+06 660507 2097.97 45.9942 -6.69943
1010000 FRAC0_S 0 1 -45000 15781.8 7896.46 3.65559e+06 -2.75534e+06 347567 1883.39 45.4414 -3.924
1010000 FRAC0_S 0 1 -45000 15930 8167.6 3.84215e+06 -2.04516e+06 -861245 1786.82 35.9984 9.41684
Step FractureNumber TipNr TipActive TipX TipY TipZ KI KII KIII G Phi Psi Extension
1010101 FRAC0_S 0 1 -44950.8 16071.6 8469.76 4.72502e+06 55860.4 -1.08766e+06 2147.07 -1.32627 13.3228
1010101 FRAC0_S 0 1 -44961.9 16033.8 8803.74 4.98736e+06 405984 -1.48091e+06 2522.87 -8.02405 15.2719
1010101 FRAC0_S 0 1 -44973.4 15892.6 9110.26 4.65839e+06 427721 -1.56988e+06 2277.82 -8.7075 16.5612
1010101 FRAC0_S 0 1 -44991.7 15661.8 9357.65 4.66555e+06 603932 -1.18965e+06 2160.42 -12.4781 13.2467
1010101 FRAC0_S 0 1 -45016 15364.7 9519.15 4.22186e+06 -134612 -1.22175e+06 1788.45 3.33768 15.5007
1010101 FRAC0_S 0 1 -45035 15032.2 9578.02 5.00806e+06 -422849 -1.28776e+06 2471.43 8.53383 13.7379
1010101 FRAC0_S 0 1 -45047.4 14699 9530.13 5.52527e+06 -423701 -1.0676e+06 2887.99 8.19876 11.104
1010101 FRAC0_S 0 1 -45055.8 14397.9 9382.67 5.20706e+06 -797822 -125463 2474.89 17.0344 1.58251
1010101 FRAC0_S 0 1 -45059.6 14156.3 9151.53 5.57572e+06 -526754 -177542 2799.23 11.2504 2.17876
1010101 FRAC0_S 0 1 -45057.2 13994.6 8858.63 5.18631e+06 -358019 405617 2430.17 8.17061 -5.16402
1010101 FRAC0_S 0 1 -45039.8 13926 8529.7 4.85746e+06 372722 893676 2221.15 -8.26163 -10.68
1010101 FRAC0_S 0 1 -45006.5 13962.5 8195.34 4.36468e+06 740250 1.35501e+06 1990.61 -15.1236 -14.909
1010101 FRAC0_S 0 1 -44979.3 14106.2 7889.94 3.90127e+06 836388 1.64489e+06 1778.43 -17.144 -17.9101
1010101 FRAC0_S 0 1 -44960.9 14341.4 7650.13 3.90413e+06 845052 1.59985e+06 1762.29 -17.3938 -17.5594
1010101 FRAC0_S 0 1 -44941.9 14640.5 7498.27 4.06554e+06 983039 1.34794e+06 1800.63 -19.8624 -14.9715
1010101 FRAC0_S 0 1 -44936.2 14969.9 7437.82 3.825e+06 531781 1.03594e+06 1471.67 -13.1248 -13.7659
1010101 FRAC0_S 0 1 -44936.6 15298.3 7479.77 4.14883e+06 276343 567968 1583.54 -7.53383 -8.44549
1010101 FRAC0_S 0 1 -44931.3 15596.2 7625.74 4.85045e+06 496194 266255 2127.85 -11.8293 -3.62577
1010101 FRAC0_S 0 1 -44931.7 15838.4 7853.87 5.18524e+06 102261 -30990 2396.94 -2.66595 0.453372
1010101 FRAC0_S 0 1 -44940.1 16003.5 8142.64 4.69305e+06 -281425 -576473 2013.88 6.91788 7.74449