
Step FractureNumber TipNr TipActive TipX TipY TipZ KI KII KIII G Phi Psi Extension
1010000 FRAC0_S 0 1 -15000 15987.2 8471.27 2.42939e+06 -6.58026e+06 -773817 4464.01 62.4962 5.96291
1010000 FRAC0_S 0 1 -15000 15947.8 8777.76 4.6098e+06 -4.66369e+06 -1.81335e+06 4269.09 46.5049 11.8748
1010000 FRAC0_S 0 1 -15000 15815.6 9057.06 6.25166e+06 -2.81626e+06 -2.2355e+06 4854.14 30.5358 14.1355
1010000 FRAC0_S 0 1 -15000 15603.5 9281.83 6.53091e+06 -1.42138e+06 -2.18249e+06 4614.34 18.2578 15.2667
1010000 FRAC0_S 0 1 -15000 15332.4 9430.08 9.23048e+06 -177307 -2.88336e+06 8700.86 2.00501 16.4819
1010000 FRAC0_S 0 1 -15000 15028.7 9487.27 9.71106e+06 1.07857e+06 -2.77009e+06 9527.71 -10.693 14.5573
1010000 FRAC0_S 0 1 -15000 14722.2 9447.82 7.65239e+06 1.79515e+06 -1.89714e+06 5984.04 -20.4005 12.1209
1010000 FRAC0_S 0 1 -15000 14442.9 9315.6 9.68695e+06 3.9313e+06 -1.79109e+06 10165.7 -31.1613 8.62039
1010000 FRAC0_S 0 1 -15000 14218.2 9103.54 7.03113e+06 4.7486e+06 -1.1857e+06 6601.66 -41.8854 6.85719
1010000 FRAC0_S 0 1 -15000 14070 8832.4 1.73426e+07 1.39774e+07 -6.21054e+06 49340.6 -42.4307 12.0037
1010000 FRAC0_S 0 1 -15000 14012.8 8528.73 2.66441e+06 6.33516e+06 1.05806e+06 4357.85 -60.4111 -7.84035
1010000 FRAC0_S 0 1 -15000 14052.2 8222.24 4.27883e+06 9.46655e+06 -1.72108e+06 10011.1 -59.4657 8.27107
1010000 FRAC0_S 0 1 -15000 14184.4 7942.94 8.6614e+06 1.20409e+07 8.43658e+06 29070.8 -45.8986 -19.8171
1010000 FRAC0_S 0 1 -15000 14396.5 7718.17 -2.67071e+06 3.16082e+06 4.25114e+06 3293.88 -37.0094 -27.0206
1010000 FRAC0_S 0 1 -15000 14675.1 7567.23 -3.64688e+06 1.2798e+06 4.99655e+06 3466.36 -16.8915 -30.908
1010000 FRAC0_S 0 1 -15000 14971.3 7512.73 -3.93701e+06 -1.17649e+06 5.39911e+06 4000.34 14.791 -31.3552
1010000 FRAC0_S 0 1 -15000 15277.8 7552.18 -1.47523e+07 8.11609e+06 -3.5277e+06 7524.89 -36.4284 9.83488
1010000 FRAC0_S 0 1 -15000 15557.1 7684.4 -2.59508e+06 -4.96307e+06 3.5354e+06 3857.34 48.623 -21.5062
1010000 FRAC0_S 0 1 -15000 15781.8 7896.46 -1.33483e+06 -4.72973e+06 1.70195e+06 2378.67 59.2978 -15.5081
1010000 FRAC0_S 0 1 -15000 15930 8167.6 718635 -6.28905e+06 616379 3621.05 67.8537 -6.09033
Step FractureNumber TipNr TipActive TipX TipY TipZ KI KII KIII G Phi Psi Extension
1010101 FRAC0_S 0 1 -14914.4 16035.7 8472.27 9.18106e+06 -1.19691e+06 -303640 7651.16 14.8085 2.1906
1010101 FRAC0_S 0 1 -14928.8 16010.2 8799.25 6.14455e+06 -1.09647e+06 -3.53547e+06 5133.96 13.5198 22.0378
1010101 FRAC0_S 0 1 -14948.6 15882.2 9104.99 8.0376e+06 -161415 -2.5296e+06 6610.14 2.09049 16.5563
1010101 FRAC0_S 0 1 -14970.8 15658.7 9355.09 8.78217e+06 -93851.9 -3.20861e+06 8242.78 1.08305 18.3835
1010101 FRAC0_S 0 1 -14995.1 15364.4 9520.48 1.82748e+07 -2.78481e+06 -6.84118e+06 36675.7 13.2762 17.1413
1010101 FRAC0_S 0 1 -15017.1 15032 9582.4 1.12338e+07 -707046 -3.40486e+06 12831.9 6.30185 15.6819
1010101 FRAC0_S 0 1 -15035 14697.7 9535.02 1.16918e+07 -251842 -3.27111e+06 13609.8 2.29818 15.2444
1010101 FRAC0_S 0 1 -15051.3 14397.5 9384.79 1.35918e+07 7.02199e+06 334243 20870.7 -39.0638 -1.23615
1010101 FRAC0_S 0 1 -15063.2 14159.3 9150.17 1.08375e+07 1.34393e+06 -1.33057e+06 10862.5 -13.2322 7.36091
1010101 FRAC0_S 0 1 -15072.2 14008.1 8856.56 1.00512e+07 1.1571e+06 -670906 9181.64 -12.9726 4.29998
1010101 FRAC0_S 0 1 -15081.9 13958.5 8532.08 1.98949e+07 -1.36448e+06 -934654 35552.4 8.34255 3.22628
1010101 FRAC0_S 0 1 -15082.7 14001.1 8205.64 7.05287e+06 2.68968e+06 2.06234e+06 5642.93 -28.2643 -12.6196
1010101 FRAC0_S 0 1 -15072.5 14131.3 7903.94 4.30087e+06 4.30216e+06 3.95262e+06 5375.5 -39.7521 -21.2846
1010101 FRAC0_S 0 1 -15055.3 14349.7 7654.22 2.62237e+06 9.49962e+06 455033 8681.86 -65.8091 -2.77882
1010101 FRAC0_S 0 1 -15023.2 14638.6 7484.91 -2.21782e+06 1.9807e+06 5.50839e+06 4385.13 -25.6525 -33.636
1010101 FRAC0_S 0 1 -15009.4 14967.5 7422.57 -4.76022e+06 -642158 5.44432e+06 3978.94 8.04309 -30.8369
1010101 FRAC0_S 0 1 -15004.6 15297.7 7475.76 6.43019e+06 -1.23235e+07 1.12007e+07 33903.1 45.7493 -24.552
1010101 FRAC0_S 0 1 -14955.9 15591.5 7630 1.67694e+07 -5.87992e+06 7.82438e+06 36282 24.407 -17.8516
1010101 FRAC0_S 0 1 -14915.1 15820.3 7864.04 4.82616e+06 -3.21059e+06 4.1151e+06 5246.3 32.1025 -22.6296
1010101 FRAC0_S 0 1 -14910 15969.5 8153.12 9.63171e+06 -2.78936e+06 1.21972e+06 9157.91 25.7011 -6.71067