
Step FractureNumber TipNr TipActive TipX TipY TipZ KI KII KIII G Phi Psi Extension
1010000 FRAC0_S 0 1 44211.8 15541.8 8746.4 1.81402e+06 -3.23879e+06 347023 1243.99 58.7885 -4.87642
1010000 FRAC0_S 0 1 44197.7 15330.7 8971.63 1.85046e+06 -3.03732e+06 -199315 1132.48 58.635 3.00542
1010000 FRAC0_S 0 1 44262.1 15087.2 9150.69 1.78101e+06 -2.65201e+06 -809291 996.488 52.9096 11.2549
1010000 FRAC0_S 0 1 44398.7 14835.2 9266.05 2.01644e+06 -2.39316e+06 -1.44202e+06 1149.24 45.5482 17.2175
1010000 FRAC0_S 0 1 44594.2 14599.3 9306.44 1.92138e+06 -1.54837e+06 -1.80097e+06 973.989 35.0865 22.7992
1010000 FRAC0_S 0 1 44829.4 14402.7 9267.88 1.93244e+06 -660637 -2.04707e+06 928.99 18.5135 27.9882
1010000 FRAC0_S 0 1 45081.4 14264.5 9154.15 2.00729e+06 325015 -2.18033e+06 1000.72 -9.72014 29.9829
1010000 FRAC0_S 0 1 45325.3 14198.3 8976.4 1.95484e+06 1.24111e+06 -1.89018e+06 952.968 -29.9944 24.4298
1010000 FRAC0_S 0 1 45537.4 14210.6 8752.01 1.98523e+06 2.06963e+06 -1.55731e+06 1055.44 -42.1089 19.1031
1010000 FRAC0_S 0 1 45696.9 14300.2 8502.94 1.40442e+06 1.85955e+06 -748209 558.353 -49.85 13.3982
1010000 FRAC0_S 0 1 45788.2 14458.2 8253.6 1.56524e+06 2.67136e+06 -244878 862.195 -58.5799 4.16357
1010000 FRAC0_S 0 1 45802.3 14669.3 8028.37 1.64606e+06 2.96847e+06 459454 1054.74 -57.9464 -6.79239
1010000 FRAC0_S 0 1 45737.9 14912.8 7849.31 1.93936e+06 2.76478e+06 846434 1111.6 -52.3672 -11.1272
1010000 FRAC0_S 0 1 45601.3 15164.8 7733.95 2.19249e+06 2.40324e+06 1.49773e+06 1241.36 -44.3272 -17.1782
1010000 FRAC0_S 0 1 45388.3 15418.2 7693.48 1.9713e+06 1.63027e+06 1.12976e+06 752.872 -39.9287 -16.7435
1010000 FRAC0_S 0 1 45170.6 15597.3 7732.12 1.96363e+06 658190 2.08051e+06 957.891 -18.2245 -28.0506
1010000 FRAC0_S 0 1 44918.6 15735.5 7845.85 1.67645e+06 -288091 1.79759e+06 687.607 10.3102 -29.7353
1010000 FRAC0_S 0 1 44674.7 15801.7 8023.6 1.9031e+06 -1.22054e+06 1.89781e+06 934.51 29.8935 -24.7657
1010000 FRAC0_S 0 1 44462.6 15789.4 8247.99 1.91504e+06 -2.04207e+06 1.55039e+06 1018.09 42.2858 -19.3423
1010000 FRAC0_S 0 1 44303.1 15699.8 8497.06 1.37673e+06 -1.92238e+06 760888 575.209 50.5954 -13.459
Step FractureNumber TipNr TipActive TipX TipY TipZ KI KII KIII G Phi Psi Extension
1010101 FRAC0_S 0 1 44217.5 15619.8 8807.2 3.81819e+06 -58793.3 453017 1326.7 1.88803 -7.79937
1010101 FRAC0_S 0 1 44203.5 15396.4 9045.73 3.12202e+06 -86785.9 -113265 870.934 3.60959 2.62102
1010101 FRAC0_S 0 1 44264 15137 9236.01 3.63669e+06 -313707 -826164 1278.08 8.89274 12.5038
1010101 FRAC0_S 0 1 44398.2 14862.8 9360.27 3.92669e+06 -166790 -1.47196e+06 1664.63 4.13277 18.3212
1010101 FRAC0_S 0 1 44594.1 14596.9 9403.33 2.30759e+06 -27334.9 -2.09488e+06 1058.25 0.86123 29.5066
1010101 FRAC0_S 0 1 44829.9 14362.4 9352.79 2.70439e+06 -74239.2 -2.23204e+06 1314.82 2.0589 28.1974
1010101 FRAC0_S 0 1 45081 14188.3 9208.16 2.6739e+06 118115 -2.26011e+06 1317.73 -3.23485 28.2897
1010101 FRAC0_S 0 1 45325.2 14103.4 8991.79 2.66851e+06 551879 -1.90202e+06 1142.84 -14.2708 24.4126
1010101 FRAC0_S 0 1 45538.5 14114.3 8734.35 3.13008e+06 220404 -1.57492e+06 1207.26 -6.12461 21.5668
1010101 FRAC0_S 0 1 45696.1 14211.2 8460.46 3.72812e+06 210958 -1.05539e+06 1390.64 -5.78848 15.0088
1010101 FRAC0_S 0 1 45783.2 14380.1 8192.91 4.00261e+06 45848 -405761 1449.71 -1.43363 6.83163
1010101 FRAC0_S 0 1 45797.5 14603.7 7954.18 3.63121e+06 164162 153417 1180.51 -5.69921 -2.98062
1010101 FRAC0_S 0 1 45737.2 14863.4 7763.81 3.84776e+06 210539 931805 1438.72 -5.78217 -13.4143
1010101 FRAC0_S 0 1 45601.4 15136.3 7639.62 3.48148e+06 206522 1.60015e+06 1424.42 -5.36077 -20.5806
1010101 FRAC0_S 0 1 45403.4 15400.4 7596.79 1.97947e+06 65726.5 1.98085e+06 871.406 -2.26689 -30.3883
1010101 FRAC0_S 0 1 45168.9 15636.4 7647.54 2.64908e+06 237716 1.70278e+06 1016 -7.06347 -24.3964
1010101 FRAC0_S 0 1 44919.4 15811.9 7792.19 2.13226e+06 -125985 1.84324e+06 858.427 4.23433 -28.3889
1010101 FRAC0_S 0 1 44675 15896.7 8008.37 2.58539e+06 106846 1.83209e+06 1043.07 -3.26717 -26.1742
1010101 FRAC0_S 0 1 44461.8 15885.6 8265.82 3.13753e+06 -290161 1.59298e+06 1222.21 7.85725 -21.4261
1010101 FRAC0_S 0 1 44304.6 15788.6 8539.83 3.97201e+06 -311103 1.09443e+06 1573.81 7.86502 -14.5076