
Step FractureNumber TipNr TipActive TipX TipY TipZ KI KII KIII G Phi Psi Extension
1010000 FRAC0_S 0 1 -22500 8486.75 8543.02 3.37156e+06 1.18675e+07 -2.14786e+06 14176.6 -62.946 9.13195
1010000 FRAC0_S 0 1 -22500 8425.17 8845.84 5.59097e+06 1.33287e+07 727549 18686.6 -62.7602 -2.84314
1010000 FRAC0_S 0 1 -22500 8273.02 9114.8 7.09353e+06 1.19243e+07 3.34467e+06 18642 -54.7486 -10.9279
1010000 FRAC0_S 0 1 -22500 8045.2 9323.58 8.26333e+06 1.003e+07 6.00251e+06 19841.2 -45.8661 -17.2563
1010000 FRAC0_S 0 1 -22500 7764.01 9451.74 2.28539e+07 1.19243e+07 2.58332e+06 60100.3 -37.5519 -5.23546
1010000 FRAC0_S 0 1 -22500 7456.98 9486.75 9.46483e+06 2.58527e+06 9.03962e+06 19446.4 -16.1099 -27.3701
1010000 FRAC0_S 0 1 -22500 7154.16 9425.17 9.60687e+06 -1.31807e+06 9.74259e+06 21003.1 8.6438 -29.4358
1010000 FRAC0_S 0 1 -22500 6885.2 9273.02 8.15342e+06 -5.10277e+06 8.40097e+06 17630.8 29.1002 -25.2912
1010000 FRAC0_S 0 1 -22500 6676.42 9045.2 1.73795e+07 -5.12245e+06 4.86181e+06 32397.4 23.7547 -12.8168
1010000 FRAC0_S 0 1 -22500 6548.26 8764.01 4.76848e+06 -1.02532e+07 4.6427e+06 14260.9 53.9666 -16.5761
1010000 FRAC0_S 0 1 -22500 6513.25 8456.98 2.98241e+06 -1.16166e+07 2.31675e+06 13531.4 63.1304 -10.0637
1010000 FRAC0_S 0 1 -22500 6574.83 8154.16 1.09731e+06 -1.24169e+07 21197.7 13846.3 69.522 -0.122074
1010000 FRAC0_S 0 1 -22500 6726.98 7885.2 -1.32258e+06 -1.2328e+07 -2.6409e+06 14470.6 65.8569 11.7768
1010000 FRAC0_S 0 1 -22500 6954.8 7676.42 -2.10251e+06 -8.84072e+06 -4.47975e+06 9633.75 57.2499 19.8717
1010000 FRAC0_S 0 1 -22500 7235.99 7548.26 -2.86914e+07 -1.21293e+07 -9.7327e+06 25708.4 29.5606 13.7937
1010000 FRAC0_S 0 1 -22500 7543.02 7513.25 -2.87927e+06 -2.92632e+06 -6.81513e+06 6940.4 28.698 32.497
1010000 FRAC0_S 0 1 -22500 7845.84 7574.83 -2.52401e+06 184601 -5.67357e+06 4284.22 -3.04928 37.6765
1010000 FRAC0_S 0 1 -22500 8114.8 7726.98 1.44549e+06 8.92272e+06 -1.45041e+06 7560.46 -65.7973 9.07533
1010000 FRAC0_S 0 1 -22500 8323.58 7954.8 -816063 4.81469e+06 -4.41009e+06 4652.39 -51.0364 27.8927
1010000 FRAC0_S 0 1 -22500 8451.74 8235.99 -2.37698e+07 1.55027e+07 -8.41997e+06 30845.2 -38.1115 12.7421
Step FractureNumber TipNr TipActive TipX TipY TipZ KI KII KIII G Phi Psi Extension
1010101 FRAC0_S 0 1 -22582.2 8539.14 8542.76 1.05023e+07 1.3746e+06 -1.0661e+06 10148.2 -14.0791 6.20089
1010101 FRAC0_S 0 1 -22587.1 8469.25 8863.33 1.07245e+07 -619343 2.7582e+06 11295.1 6.01358 -13.9935
1010101 FRAC0_S 0 1 -22581 8315.92 9151.29 1.75805e+07 -1.95333e+06 1.06129e+06 28031.4 12.6485 -3.93179
1010101 FRAC0_S 0 1 -22571.5 8081.01 9380.69 8.6946e+06 -5.90699e+06 9.74514e+06 22476.3 29.8462 -25.9337
1010101 FRAC0_S 0 1 -22555.3 7783.17 9528.45 1.37796e+07 -997536 7.83798e+06 25179.4 6.0391 -23.0694
1010101 FRAC0_S 0 1 -22525.3 7451.53 9576.99 1.40643e+07 -75593.7 9.30911e+06 29152.6 0.450598 -25.7646
1010101 FRAC0_S 0 1 -22487.3 7122.21 9512.55 1.2481e+07 -49253.2 8.88245e+06 24374.8 0.321656 -26.6775
1010101 FRAC0_S 0 1 -22461.8 6830.27 9342.98 1.12928e+07 -1.37658e+06 7.70445e+06 19427.6 9.13964 -24.777
1010101 FRAC0_S 0 1 -22447.4 6610.49 9091.48 1.22723e+07 9.12309e+06 1.23904e+07 41255.8 -32.6998 -24.1669
1010101 FRAC0_S 0 1 -22427.2 6489.54 8784 1.50321e+07 -3.13201e+06 2.98739e+06 22196.6 19.1957 -10.3583
1010101 FRAC0_S 0 1 -22411.8 6468.31 8456.86 8.8645e+06 -366075 1.41581e+06 7280.75 4.73113 -9.78922
1010101 FRAC0_S 0 1 -22408 6539.16 8141.18 1.06207e+07 -929520 244445 10136.5 10.5984 -1.60237
1010101 FRAC0_S 0 1 -22409.9 6695.33 7858.13 7.06926e+06 -2.49773e+06 -1.10991e+06 5172.99 28.9204 7.75183
1010101 FRAC0_S 0 1 -22422.8 6926.06 7626.54 5.34054e+06 -4.46257e+06 -2.46108e+06 5121.69 41.6737 14.3235
1010101 FRAC0_S 0 1 -22442.3 7217.86 7473.15 2.39822e+06 -5.40261e+06 -4.51025e+06 5819.01 47.957 24.1467
1010101 FRAC0_S 0 1 -22465 7547.86 7425.09 -1.03351e+07 -5.83656e+06 -7.76328e+06 11051.3 29.9767 21.8275
1010101 FRAC0_S 0 1 -22513.5 7870.65 7498.14 5.62985e+06 3.85955e+06 -1.66026e+06 4518.36 -40.0744 10.883
1010101 FRAC0_S 0 1 -22566.4 8149.41 7678.88 -6.84794e+06 4.01753e+06 -1.27198e+07 22957 -21.8166 32.468
1010101 FRAC0_S 0 1 -22577.1 8375.14 7924.17 4.15966e+06 3.30811e+06 -4.71866e+06 5478.38 -32.8459 25.2544
1010101 FRAC0_S 0 1 -22572.6 8514.13 8217.3 7.77544e+06 3.55275e+06 -3.2601e+06 7925.66 -29.9432 15.7829