
Step FractureNumber TipNr TipActive TipX TipY TipZ KI KII KIII G Phi Psi Extension
1010000 FRAC0_S 0 1 -36804.3 -14299 8500 -438468 -8.99907e+06 -4.98539e+06 10522 60.1006 23.0185
1010000 FRAC0_S 0 1 -37055 -14118.3 8500 -875212 -6.25945e+06 -6.5849e+06 9258.39 49.303 29.8351
1010000 FRAC0_S 0 1 -37349.2 -14023.9 8500 -1.48419e+06 -2.93316e+06 -7.54192e+06 8331.77 30.126 36.0654
1010000 FRAC0_S 0 1 -37658.2 -14025.1 8500 -1.45894e+06 558545 -5.83403e+06 4554.58 -9.60513 39.7377
1010000 FRAC0_S 0 1 -37964.9 -14128.4 8500 -2.13548e+06 3.15463e+06 -6.54217e+06 6579.2 -32.3499 33.0385
1010000 FRAC0_S 0 1 -38201 -14304.3 8500 -1.86218e+06 5.05081e+06 -4.27502e+06 4703.93 -48.9364 24.9862
1010000 FRAC0_S 0 1 -38381.7 -14554.9 8500 -2.55039e+06 8.11676e+06 -3.71856e+06 7709.82 -56.7069 17.9573
1010000 FRAC0_S 0 1 -38476.1 -14849.2 8500 -2.41453e+06 8.90943e+06 -1.76399e+06 7487.21 -62.8649 9.91334
1010000 FRAC0_S 0 1 -38474.9 -15158.2 8500 -2.44004e+06 9.62137e+06 28223.2 8249.09 -67.0822 -0.181911
1010000 FRAC0_S 0 1 -38378.3 -15451.7 8500 -2.56386e+06 8.59456e+06 1.96434e+06 7095.45 -61.6651 -10.9364
1010000 FRAC0_S 0 1 -38195.7 -15701 8500 -2.02668e+06 5.41095e+06 2.70927e+06 3585.24 -54.7508 -18.4738
1010000 FRAC0_S 0 1 -37945 -15881.7 8500 -2.54733e+06 5.49765e+06 5.11792e+06 6176.96 -46.2618 -25.3387
1010000 FRAC0_S 0 1 -37650.8 -15976.1 8500 -2.5598e+06 3.11439e+06 6.22084e+06 6011.26 -31.8566 -31.7666
1010000 FRAC0_S 0 1 -37341.8 -15974.9 8500 -2.53987e+06 888.706 6.9711e+06 6463.3 -0.0130798 -39.44
1010000 FRAC0_S 0 1 -37048.3 -15878.3 8500 -2.00185e+06 -3.40403e+06 6.38161e+06 6448.97 34.592 -32.556
1010000 FRAC0_S 0 1 -36799 -15695.7 8500 -1.25038e+06 -5.01865e+06 4.66779e+06 5142.23 49.503 -27.279
1010000 FRAC0_S 0 1 -36629.8 -15467.8 8500 -999440 -8.65836e+06 4.07998e+06 8894.28 60.4304 -20.2545
1010000 FRAC0_S 0 1 -36523.9 -15150.8 8500 -593469 -1.08588e+07 2.16083e+06 11128.3 67.1345 -11.5496
1010000 FRAC0_S 0 1 -36525.1 -14841.8 8500 -814931 -1.19119e+07 -299365 12656 69.4878 1.77515
1010000 FRAC0_S 0 1 -36621.7 -14548.3 8500 -263653 -1.10017e+07 -2.84692e+06 11863.5 66.5992 14.3923
Step FractureNumber TipNr TipActive TipX TipY TipZ KI KII KIII G Phi Psi Extension
1010101 FRAC0_S 0 1 -36770.5 -14262.2 8585.24 1.16461e+07 -2.94369e+06 -5.50923e+06 16895.1 19.0027 18.9007
1010101 FRAC0_S 0 1 -37028.1 -14059 8572.12 6.62161e+06 -4.35168e+06 -6.62547e+06 11432.9 30.338 24.6878
1010101 FRAC0_S 0 1 -37339.2 -13942.3 8539.88 2.74714e+06 -2.91693e+06 -7.61277e+06 9138.6 27.3793 33.8747
1010101 FRAC0_S 0 1 -37672.5 -13936.3 8490.83 -277665 -1.2157e+06 -7.14632e+06 6923.99 18.3136 41.9399
1010101 FRAC0_S 0 1 -37986.7 -14048.2 8450.23 1.95887e+06 3.74986e+06 -6.74503e+06 7645.83 -35.808 32.5651
1010101 FRAC0_S 0 1 -38246.2 -14256.2 8428.03 4.34322e+06 5.31926e+06 -5.2794e+06 7909.24 -40.9682 23.4399
1010101 FRAC0_S 0 1 -38429.2 -14529.3 8417.11 5.02453e+06 3.87983e+06 -2.68339e+06 4548.72 -39.0277 16.2929
1010101 FRAC0_S 0 1 -38520.5 -14841 8411.58 6.48142e+06 3.86548e+06 -1.64009e+06 5432.64 -37.867 10.0544
1010101 FRAC0_S 0 1 -38516 -15165 8409.7 8.23895e+06 4.16689e+06 -239325 7603.65 -38.5324 1.46443
1010101 FRAC0_S 0 1 -38419.2 -15474.4 8412.55 7.00466e+06 4.7495e+06 1.35684e+06 6627.19 -41.5295 -7.7187
1010101 FRAC0_S 0 1 -38234.4 -15742.4 8419.1 5.45461e+06 4.51908e+06 3.57577e+06 6171.64 -38.9068 -18.2863
1010101 FRAC0_S 0 1 -37978.7 -15941.2 8430.03 3.24723e+06 4.43996e+06 5.11959e+06 6182.23 -40.1229 -25.9074
1010101 FRAC0_S 0 1 -37661.1 -16058.1 8455.54 1.09459e+06 3.68643e+06 6.47523e+06 6894.26 -38.3422 -33.9496
1010101 FRAC0_S 0 1 -37327.6 -16063.5 8500.98 -19624.6 166519 7.38673e+06 7259.45 -3.0446 -44.6851
1010101 FRAC0_S 0 1 -37013.9 -15951 8547.39 2.06783e+06 -3.36329e+06 7.24066e+06 8361.82 32.227 -33.7948
1010101 FRAC0_S 0 1 -36755.5 -15742.5 8573.96 5.15759e+06 -4.26859e+06 5.85615e+06 8555.22 33.643 -25.0437
1010101 FRAC0_S 0 1 -36575.2 -15469.1 8585.54 5.85006e+06 -2.7855e+06 2.8304e+06 4806.52 29.8798 -17.2436
1010101 FRAC0_S 0 1 -36485.1 -15158 8591.23 1.15594e+07 -2.97099e+06 2.5359e+06 13548.8 22.2505 -10.8615
1010101 FRAC0_S 0 1 -36489.4 -14836 8592.81 9.28138e+06 -2.09522e+06 590813 8113.91 22.3651 -3.77031
1010101 FRAC0_S 0 1 -36586.6 -14529 8590.98 1.21317e+07 -3.46982e+06 -1.68983e+06 14567.8 25.2747 7.30752