
Step FractureNumber TipNr TipActive TipX TipY TipZ KI KII KIII G Phi Psi Extension
1010000 FRAC0_S 0 1 -29528.2 -36632.3 8500 400228 1.78869e+06 209854 305.232 -65.4721 -6.57118
1010000 FRAC0_S 0 1 -29819.4 -36529 8500 335006 1.29037e+06 486481 189.85 -59.4082 -16.2167
1010000 FRAC0_S 0 1 -30128.3 -36520.7 8500 311421 1.16026e+06 775443 208.577 -53.6245 -22.9867
1010000 FRAC0_S 0 1 -30463.1 -36626.6 8500 279754 556963 834751 127.292 -38.8781 -30.7235
1010000 FRAC0_S 0 1 -30679.4 -36783.1 8500 244507 147844 817062 96.0647 -16.0682 -37.634
1010000 FRAC0_S 0 1 -30867.7 -37028.2 8500 353240 -316303 1.09125e+06 178.415 22.8902 -35.6655
1010000 FRAC0_S 0 1 -30971 -37319.4 8500 275350 -724456 879343 156.366 43.5693 -29.2737
1010000 FRAC0_S 0 1 -30979.3 -37628.3 8500 259476 -1.07938e+06 680838 171.469 54.8269 -22.5438
1010000 FRAC0_S 0 1 -30891.7 -37924.7 8500 254014 -1.29382e+06 421053 178.496 61.771 -15.1714
1010000 FRAC0_S 0 1 -30716.9 -38179.4 8500 173367 -1.02425e+06 103547 97.5892 66.8296 -5.99824
1010000 FRAC0_S 0 1 -30471.8 -38367.7 8500 224804 -1.38624e+06 -160845 179.184 66.684 6.80861
1010000 FRAC0_S 0 1 -30180.6 -38471 8500 182349 -945890 -326558 96.8735 61.4342 15.8459
1010000 FRAC0_S 0 1 -29871.7 -38479.3 8500 281304 -1.26166e+06 -847490 244.422 54.3913 23.5055
1010000 FRAC0_S 0 1 -29575.3 -38391.7 8500 257938 -775049 -994212 190.922 43.2934 30.3166
1010000 FRAC0_S 0 1 -29320.6 -38216.9 8500 257565 -224610 -906393 119.673 20.8144 36.8539
1010000 FRAC0_S 0 1 -29132.3 -37971.8 8500 329101 297942 -1.30485e+06 244.012 -19.9263 37.6286
1010000 FRAC0_S 0 1 -29029 -37680.6 8500 306259 687935 -1.06969e+06 202.714 -38.8877 31.562
1010000 FRAC0_S 0 1 -29020.7 -37371.7 8500 361421 1.1904e+06 -830616 229.674 -52.476 23.1828
1010000 FRAC0_S 0 1 -29108.3 -37075.3 8500 401950 1.57353e+06 -552271 275.598 -60.0247 15.4664
1010000 FRAC0_S 0 1 -29283.1 -36820.6 8500 316602 1.3839e+06 -146087 182.431 -65.6052 5.9642
Step FractureNumber TipNr TipActive TipX TipY TipZ KI KII KIII G Phi Psi Extension
1010101 FRAC0_S 0 1 -29508.5 -36594.5 8410.22 2.48269e+06 494050 176285 575.134 -20.2181 -4.25782
1010101 FRAC0_S 0 1 -29811.7 -36480.1 8414.09 2.6972e+06 719975 792840 778.058 -21.8949 -13.5188
1010101 FRAC0_S 0 1 -30138.2 -36461.2 8422.53 1.95603e+06 659764 1.0858e+06 536.531 -22.7295 -20.0405
1010101 FRAC0_S 0 1 -30459.9 -36541 8441.57 1.219e+06 387089 1.04451e+06 290.867 -18.9525 -25.6126
1010101 FRAC0_S 0 1 -30741.1 -36719.7 8480.19 660921 79706.7 944694 158.186 -6.46467 -33.3534
1010101 FRAC0_S 0 1 -30942.5 -36985.4 8529.76 866695 -285564 1.00833e+06 209.427 17.2809 -29.2145
1010101 FRAC0_S 0 1 -31041.1 -37303.7 8564.62 1.19927e+06 -464302 1.10304e+06 309.194 21.5237 -25.8527
1010101 FRAC0_S 0 1 -31036.3 -37633.9 8580.13 1.49094e+06 -472692 757147 294.238 22.2099 -19.1505
1010101 FRAC0_S 0 1 -30934.5 -37943.5 8587.47 2.13776e+06 -577004 701348 502.323 21.6499 -14.6229
1010101 FRAC0_S 0 1 -30746.5 -38206.8 8590.95 1.93431e+06 -414935 214799 354.889 20.8228 -6.30274
1010101 FRAC0_S 0 1 -30490.6 -38403.6 8590.86 1.7969e+06 -415490 -137325 305.614 22.5669 4.44586
1010101 FRAC0_S 0 1 -30187.8 -38517.6 8587.19 2.12629e+06 -734808 -518630 486.763 27.1294 11.1923
1010101 FRAC0_S 0 1 -29862.2 -38536.3 8579.75 1.63697e+06 -568040 -776955 347.825 24.1288 18.0827
1010101 FRAC0_S 0 1 -29541.7 -38455.9 8563.49 1.01965e+06 -393967 -1.02474e+06 246.139 20.7925 26.9518
1010101 FRAC0_S 0 1 -29260 -38278.4 8526.39 646110 -295770 -1.13319e+06 215.783 18.5327 32.7543
1010101 FRAC0_S 0 1 -29055.8 -38014.8 8476.15 689182 140291 -1.13506e+06 215.431 -9.6407 34.0503
1010101 FRAC0_S 0 1 -28954.9 -37696.9 8440.26 794401 257394 -771071 141.214 -18.3728 27.0893
1010101 FRAC0_S 0 1 -28960.1 -37365.9 8422.99 1.96014e+06 546590 -1.05507e+06 517.049 -19.8358 20.2095
1010101 FRAC0_S 0 1 -29063.2 -37055.5 8414.09 1.86659e+06 364175 -613253 372.31 -16.7792 15.2847
1010101 FRAC0_S 0 1 -29252 -36791.9 8410.07 2.77924e+06 588674 -328295 733.518 -20.5214 6.66757