
Step FractureNumber TipNr TipActive TipX TipY TipZ KI KII KIII G Phi Psi Extension
1010000 FRAC0_S 0 1 268.801 -14049.6 8500 340162 -2.03359e+06 463414 407.386 64.3846 -11.8599
1010000 FRAC0_S 0 1 -38.0465 -14013.1 8500 372575 -2.31761e+06 -59440 491.476 68.272 1.67074
1010000 FRAC0_S 0 1 -341.17 -14073.1 8500 490699 -2.51856e+06 -594920 633.768 63.649 11.9759
1010000 FRAC0_S 0 1 -610.898 -14223.9 8500 1.8588e+07 -1.87067e+06 -1.10812e+06 31263.8 11.6167 3.92059
1010000 FRAC0_S 0 1 -820.827 -14450.7 8500 1.24489e+07 -1.31732e+06 -1.41475e+06 14230.6 11.6214 6.98244
1010000 FRAC0_S 0 1 -950.407 -14731.2 8500 270756 -924207 -1.6179e+06 430.788 38.4422 33.9466
1010000 FRAC0_S 0 1 -986.955 -15038.1 8500 356902 24923.3 -1.5976e+06 350.866 -1.75167 41.4573
1010000 FRAC0_S 0 1 -926.893 -15341.2 8500 395901 582139 -1.41137e+06 309.098 -29.9536 34.5592
1010000 FRAC0_S 0 1 -776.1 -15610.9 8500 685800 1.69079e+06 -1.42955e+06 568.455 -48.3781 24.6408
1010000 FRAC0_S 0 1 -549.337 -15820.8 8500 -156718 2.3234e+06 -912832 591.856 -63.0442 18.5964
1010000 FRAC0_S 0 1 -268.801 -15950.4 8500 272576 1.95542e+06 -366684 365.232 -65.751 10.364
1010000 FRAC0_S 0 1 38.0465 -15986.9 8500 367585 2.34842e+06 65827.1 504.064 -68.3008 -1.82726
1010000 FRAC0_S 0 1 341.17 -15926.9 8500 -1.84149e+07 1.86558e+06 428013 334.503 -12.0442 -1.59804
1010000 FRAC0_S 0 1 610.898 -15776.1 8500 4.29158e+06 1.61185e+06 1.063e+06 2023 -28.645 -11.1336
1010000 FRAC0_S 0 1 820.827 -15549.3 8500 -2.4304e+07 1.12706e+06 1.0109e+06 249.11 -5.84018 -2.93379
1010000 FRAC0_S 0 1 941.446 -15300.5 8500 -1.08227e+07 570655 1.42226e+06 298.056 -6.09513 -8.24991
1010000 FRAC0_S 0 1 986.955 -14961.9 8500 336310 -72685.6 1.57911e+06 342.195 5.02487 -41.1347
1010000 FRAC0_S 0 1 926.893 -14658.8 8500 291142 -647678 1.24532e+06 251.194 35.3597 -33.745
1010000 FRAC0_S 0 1 776.1 -14389.1 8500 264980 -1.22773e+06 1.04595e+06 286.077 51.3342 -26.5349
1010000 FRAC0_S 0 1 549.337 -14179.2 8500 333715 -1.60096e+06 651881 294.837 59.8363 -17.562
Step FractureNumber TipNr TipActive TipX TipY TipZ KI KII KIII G Phi Psi Extension
1010101 FRAC0_S 0 1 281.315 -14009.1 8589.93 -2.94221e+06 -1.95108e+06 -394811 359.949 42.1249 5.63954
1010101 FRAC0_S 0 1 -39.651 -13973.7 8591.39 -5.94003e+06 4.03013e+06 50114.6 1447.66 -44.9843 -0.389278
1010101 FRAC0_S 0 1 -364.339 -14023.7 8573.06 2.7202e+06 -4.49516e+06 -1.18127e+06 2645.56 54.8872 10.3202
1010101 FRAC0_S 0 1 -665.373 -14161.3 8537.5 -2.6625e+06 375380 770719 91.5595 -13.1185 -14.4329
1010101 FRAC0_S 0 1 -895.515 -14398.8 8530.65 694745 -1.07621e+06 -1.42725e+06 417.147 39.1842 28.2367
1010101 FRAC0_S 0 1 -1033.41 -14707.9 8535.36 -1.16716e+07 -4.00908e+06 2.91139e+06 2559.57 26.9339 -11.405
1010101 FRAC0_S 0 1 -1076.06 -15042.2 8501.54 1.00881e+06 163984 -1.82284e+06 535.009 -7.454 35.244
1010101 FRAC0_S 0 1 -1005.56 -15367.4 8455.59 -5.43726e+06 -635596 3.56313e+06 1724.55 8.92993 -24.3301
1010101 FRAC0_S 0 1 -828.827 -15648.3 8427.85 -2.04008e+07 1.91742e+07 -193091 32766.1 -51.2282 0.377946
1010101 FRAC0_S 0 1 -577.786 -15859.8 8413.94 -2.78522e+06 -682767 871877 142.643 20.2928 -14.3383
1010101 FRAC0_S 0 1 -280.337 -15988.8 8408.89 2.69449e+06 278662 -495531 686.541 -10.7953 10.4695
1010101 FRAC0_S 0 1 44.4095 -16038.2 8425.53 2.63929e+06 796338 14058 677.264 -28.5879 -0.317313
1010101 FRAC0_S 0 1 371.987 -15999.3 8454.35 -1.56544e+07 7.65873e+06 919793 5339.37 -37.2545 -2.91305
1010101 FRAC0_S 0 1 667.152 -15847.3 8468.27 6.35164e+06 7.26042e+06 4.73769e+06 11277.6 -44.4348 -17.9389
1010101 FRAC0_S 0 1 899.654 -15601 8480.27 1.01446e+06 472909 766043 189.682 -26.2979 -22.7023
1010101 FRAC0_S 0 1 1043.8 -15295.2 8494.34 465181 2.82882e+06 5.32979e+06 4510.44 -38.3915 -35.6017
1010101 FRAC0_S 0 1 1079.78 -14959.7 8516.19 796199 -22742.6 1.77924e+06 477.575 1.22009 -37.9391
1010101 FRAC0_S 0 1 1002.32 -14634.1 8550.65 928684 -436296 1.25678e+06 303.888 21.3593 -29.8073
1010101 FRAC0_S 0 1 826.768 -14352.3 8575.13 3.32421e+06 -2.1397e+06 3.11853e+06 2686.13 30.5526 -23.9852
1010101 FRAC0_S 0 1 578.526 -14138.2 8585.3 2.16419e+06 -440940 926696 548.906 16.3876 -18.1941