
Step FractureNumber TipNr TipActive TipX TipY TipZ KI KII KIII G Phi Psi Extension
1010000 FRAC0_S 0 1 7500 -44020.2 8624.9 -6.36078e+06 2.48883e+06 -215022 558.122 -33.1621 1.83167
1010000 FRAC0_S 0 1 7500 -44106.8 8921.55 -6.36566e+06 2.41628e+06 299814 532.214 -32.2931 -2.53903
1010000 FRAC0_S 0 1 7500 -44280.8 9176.94 -6.40712e+06 2.12789e+06 845529 498.568 -28.1558 -6.76253
1010000 FRAC0_S 0 1 7500 -44525.1 9366.05 -7.30511e+06 1.68346e+06 1.38735e+06 508.529 -20.8718 -9.83928
1010000 FRAC0_S 0 1 7500 -44816 9470.4 -6.23667e+06 576146 2.08621e+06 608.431 -8.77054 -16.472
1010000 FRAC0_S 0 1 7500 -45124.9 9479.76 -4.75306e+06 109325 1.28052e+06 219.15 -2.46941 -14.8255
1010000 FRAC0_S 0 1 7500 -45421.5 9393.21 -6.42062e+06 -484183 1.52546e+06 330.385 7.80984 -13.0336
1010000 FRAC0_S 0 1 7500 -45676.9 9219.22 -4.38552e+06 -867455 998997 199.787 18.0773 -11.621
1010000 FRAC0_S 0 1 7500 -45866 8974.84 -5.92065e+06 -1.59802e+06 1.03555e+06 370.184 23.7107 -8.95886
1010000 FRAC0_S 0 1 7500 -45970.4 8683.98 -6.09965e+06 -2.05284e+06 635289 429.202 28.8844 -5.46634
1010000 FRAC0_S 0 1 7500 -45979.8 8375.1 -5.57154e+06 -2.05513e+06 149057 379.317 32.1123 -1.4831
1010000 FRAC0_S 0 1 7500 -45893.2 8078.45 -5.38257e+06 -1.98938e+06 -168371 356.435 32.064 1.72524
1010000 FRAC0_S 0 1 7500 -45719.2 7823.06 -5.59335e+06 -1.79596e+06 -571581 330.874 28.0211 5.43017
1010000 FRAC0_S 0 1 7500 -45474.9 7633.95 -5.69609e+06 -1.55064e+06 -965316 338.199 23.9397 8.71281
1010000 FRAC0_S 0 1 7500 -45184 7529.6 -3.85264e+06 -733904 -825914 138.72 17.6963 11.134
1010000 FRAC0_S 0 1 7500 -44875.1 7520.24 -5.32086e+06 -476219 -1.28568e+06 240.055 9.09665 13.0714
1010000 FRAC0_S 0 1 7500 -44578.5 7606.79 -5.03837e+06 -641962 -519708 72.6464 13.7454 6.30635
1010000 FRAC0_S 0 1 7500 -44323.1 7780.78 -4.81215e+06 628680 -1.39905e+06 295.547 -12.2766 14.5737
1010000 FRAC0_S 0 1 7500 -44134 8025.16 -5.86494e+06 1.42984e+06 -1.10178e+06 343.631 -21.8105 9.66682
1010000 FRAC0_S 0 1 7500 -44029.6 8316.02 -5.16167e+06 -127718 -556724 42.6758 3.02513 7.12866
Step FractureNumber TipNr TipActive TipX TipY TipZ KI KII KIII G Phi Psi Extension
1010101 FRAC0_S 0 1 7460.61 -43935.1 8634.56 -5.10729e+06 3.97201e+06 -520373 1441.89 -45.943 4.13121
1010101 FRAC0_S 0 1 7447.81 -44031.8 8957.34 -4.76401e+06 4.70801e+06 133371 1977.52 -51.8032 -1.07667
1010101 FRAC0_S 0 1 7454.14 -44218.3 9236.65 -4.84826e+06 4.32688e+06 600147 1716.21 -48.2541 -4.66437
1010101 FRAC0_S 0 1 7466.57 -44482.1 9446.41 -5.71711e+06 3.5698e+06 1.19885e+06 1326.72 -39.5489 -8.48648
1010101 FRAC0_S 0 1 7482.39 -44798.8 9564.21 -6.40758e+06 2.01954e+06 1.64658e+06 724.029 -25.2533 -11.8677
1010101 FRAC0_S 0 1 7497.43 -45137.2 9575.98 -6.20854e+06 667803 1.20154e+06 231.752 -11.0955 -10.872
1010101 FRAC0_S 0 1 7513.48 -45462.1 9480.09 -5.95241e+06 -1.54238e+06 1.68224e+06 588.367 21.5524 -13.1893
1010101 FRAC0_S 0 1 7528.96 -45740.1 9287.24 -4.59782e+06 -3.85269e+06 1.57289e+06 1651.72 43.47 -11.4273
1010101 FRAC0_S 0 1 7539.94 -45944 9018.24 -5.04065e+06 -3.64856e+06 788035 1268.83 43.5226 -6.25755
1010101 FRAC0_S 0 1 7547.49 -46054.5 8700.46 -4.16848e+06 -3.9283e+06 427785 1399.44 49.65 -3.83114
1010101 FRAC0_S 0 1 7551.92 -46062.5 8364.78 -3.90276e+06 -3.9242e+06 95764.3 1373.45 52.1701 -0.937988
1010101 FRAC0_S 0 1 7551.57 -45968.6 8042.56 -3.91104e+06 -3.7976e+06 -115843 1286.91 51.4594 1.14757
1010101 FRAC0_S 0 1 7546.9 -45781.5 7763.73 -4.01218e+06 -3.65293e+06 -396364 1209.97 49.0657 3.7553
1010101 FRAC0_S 0 1 7539.63 -45517.3 7555.35 -4.62845e+06 -3.36474e+06 -763385 1086.37 43.4599 6.54912
1010101 FRAC0_S 0 1 7529.29 -45200.7 7438.27 -4.25857e+06 -2.03698e+06 -814715 458.023 34.3627 8.50421
1010101 FRAC0_S 0 1 7521.34 -44852 7427.27 -4.85575e+06 -1.25465e+06 -2.25939e+06 819.217 19.4133 18.6511
1010101 FRAC0_S 0 1 7510.52 -44537.9 7520.59 -4.54129e+06 -563206 -1.19611e+06 218.547 11.9552 13.6183
1010101 FRAC0_S 0 1 7486.02 -44258.9 7712.08 -4.73678e+06 1.36191e+06 -1.2504e+06 373.226 -23.5403 12.3159
1010101 FRAC0_S 0 1 7477.43 -44052 7980.4 -4.355e+06 2.23642e+06 -635911 499.474 -36.6188 6.60751
1010101 FRAC0_S 0 1 7479.67 -43939.5 8298.21 -6.283e+06 3.19995e+06 -744545 986.186 -36.9504 5.50338