
Step FractureNumber TipNr TipActive TipX TipY TipZ KI KII KIII G Phi Psi Extension
1010000 FRAC0_S 0 1 44523.2 -44135 8500 60828.1 133430 -27896.4 2.01969 -58.8346 9.27427
1010000 FRAC0_S 0 1 44279.2 -44324.7 8500 49385.9 138636 -2781.51 1.93105 -64.7673 1.13006
1010000 FRAC0_S 0 1 44105.9 -44580.5 8500 43694.5 -275541 -924474 120.604 27.5808 39.7456
1010000 FRAC0_S 0 1 44020 -44877.3 8500 51036.3 105831 52338.5 1.59449 -52.9086 -17.4483
1010000 FRAC0_S 0 1 44030 -45186.2 8500 56658.2 -120964 -829933 93.1988 15.799 41.8589
1010000 FRAC0_S 0 1 44135 -45476.8 8500 62741.5 41346.5 114915 2.25945 -23.9361 -31.8422
1010000 FRAC0_S 0 1 44324.7 -45720.8 8500 34692.7 357825 474684 41.4849 -45.8489 -32.8078
1010000 FRAC0_S 0 1 44580.5 -45894.1 8500 38688.3 -23876.1 66759.7 0.776939 23.4611 -31.4712
1010000 FRAC0_S 0 1 44877.3 -45980 8500 60896.4 -76932.9 61700.9 1.3642 43.5733 -20.9644
1010000 FRAC0_S 0 1 45186.2 -45970 8500 28362.2 -1.4644e+06 166797 194.865 69.032 -7.50619
1010000 FRAC0_S 0 1 45476.8 -45865 8500 52074.5 -102710 26188.5 1.27292 56.9087 -10.5963
1010000 FRAC0_S 0 1 45720.8 -45675.3 8500 44316.8 -121160 -2410.42 1.4839 64.5775 1.11307
1010000 FRAC0_S 0 1 45894.1 -45419.5 8500 46960.6 -112150 -24241 1.39547 59.4438 9.73556
1010000 FRAC0_S 0 1 45980 -45122.7 8500 48625.9 -114053 -44564.8 1.63399 55.846 15.2468
1010000 FRAC0_S 0 1 45970 -44813.8 8500 45689.3 -72852.4 -63655.4 1.19788 44.7878 23.2233
1010000 FRAC0_S 0 1 45865 -44523.2 8500 48890.9 -43403.8 -77418.2 1.17802 31.2263 28.7143
1010000 FRAC0_S 0 1 45675.3 -44279.2 8500 40501.8 1.13018e+06 -781012 195.095 -57.5977 25.9288
1010000 FRAC0_S 0 1 45419.5 -44105.9 8500 49900.9 33378.1 -81371.7 1.20181 -25.5042 30.4883
1010000 FRAC0_S 0 1 45122.7 -44020 8500 54130.5 65460.9 -80582.5 1.50659 -38.2969 26.052
1010000 FRAC0_S 0 1 44813.8 -44030 8500 51755.2 658049 400652 60.1753 -58.3814 -23.8465
Step FractureNumber TipNr TipActive TipX TipY TipZ KI KII KIII G Phi Psi Extension
1010101 FRAC0_S 0 1 44500.5 -44092.2 8413.32 190684 47265 343233 19.1078 -10.9226 -34.5553
1010101 FRAC0_S 0 1 44237.4 -44289.3 8444.96 137280 -58019.4 348855 18.1654 14.1314 -36.4423
1010101 FRAC0_S 0 1 44043 -44552.4 8480.6 41878.5 -5108.88 147935 3.06929 3.62128 -40.1897
1010101 FRAC0_S 0 1 43946.4 -44868.6 8478.5 31593.6 -89482.8 76734.3 1.58559 49.0068 -25.2917
1010101 FRAC0_S 0 1 43947.8 -45204.4 8483.53 82802.1 536921 -319777 39.9002 -57.1469 22.7257
1010101 FRAC0_S 0 1 44059.4 -45516.1 8468.58 213153 134229 -450215 32.6125 -21.5782 33.5138
1010101 FRAC0_S 0 1 44271.1 -45778 8463.94 -54165.4 -154865 -124272 4.19111 49.9372 24.4947
1010101 FRAC0_S 0 1 44546.8 -45966.4 8519.2 -163975 517438 -147371 26.747 -60.1212 12.8262
1010101 FRAC0_S 0 1 44864.7 -46045.6 8567.76 250797 -191133 -70851.6 9.52797 42.458 10.1473
1010101 FRAC0_S 0 1 45193.8 -46017.5 8584.87 306428 9704.06 -228818 15.3392 -2.47082 26.9332
1010101 FRAC0_S 0 1 45499.4 -45905.1 8587.82 115172 9266.93 -409508 23.4933 -2.40869 40.411
1010101 FRAC0_S 0 1 45754.5 -45707.4 8587.63 -111680 110311 -413125 23.7838 -22.2044 36.774
1010101 FRAC0_S 0 1 45938.9 -45439.4 8586.32 -303157 426768 -240232 23.9053 -48.0399 17.291
1010101 FRAC0_S 0 1 46036.8 -45128.3 8580.51 -462823 432779 -154020 19.8451 -45.8241 10.7351
1010101 FRAC0_S 0 1 46037.5 -44798.6 8568.88 -296170 342463 -12865 10.4729 -54.2497 1.52738
1010101 FRAC0_S 0 1 45929 -44489.5 8522.43 -7480.58 198721 -20837.6 3.5767 -68.911 6.88086
1010101 FRAC0_S 0 1 45721.9 -44228.9 8459.98 134314 54493.1 -171576 5.78746 -19.5688 29.6553
1010101 FRAC0_S 0 1 45450.3 -44035.7 8441.87 112057 68652.6 -284626 12.3135 -19.1311 35.3632
1010101 FRAC0_S 0 1 45134.7 -43947.7 8436.96 246281 158789 -53529.5 8.03285 -40.0826 8.65484
1010101 FRAC0_S 0 1 44805.1 -43973.4 8420.54 396098 203440 265983 27.0783 -29.0395 -20.8537