
Step FractureNumber TipNr TipActive TipX TipY TipZ KI KII KIII G Phi Psi Extension
1010000 FRAC0_S 0 1 29290.4 15686.6 8522.98 1.28684e+07 9.33152e+06 8.533e+06 32199.7 -36.0551 -19.1127
1010000 FRAC0_S 0 1 29206.7 15522.3 8770.95 2.27401e+07 6.34619e+06 1.11098e+07 66084.5 -20.3585 -19.0375
1010000 FRAC0_S 0 1 29200.7 15306.9 8992.41 2.16891e+07 734985 1.12654e+07 58846.1 -3.02098 -22.3924
1010000 FRAC0_S 0 1 29273 15061.5 9165.67 2.02128e+07 -4.90654e+06 1.01536e+07 52263.5 18.1198 -19.7184
1010000 FRAC0_S 0 1 29416.4 14810 9273.77 2.02452e+07 -9.60571e+06 8.56263e+06 54496.9 30.6313 -15.747
1010000 FRAC0_S 0 1 29616.9 14577.1 9306.12 2.07436e+07 -1.3434e+07 6.23499e+06 59596.1 38.8037 -11.2486
1010000 FRAC0_S 0 1 29854.8 14385.5 9259.56 1.50869e+07 -1.14664e+07 2.12035e+06 32596.7 44.791 -5.58747
1010000 FRAC0_S 0 1 30107.1 14254.2 9138.66 1.88673e+07 -1.3273e+07 855724 47517 44.9896 -2.00067
1010000 FRAC0_S 0 1 30347.4 14196 8956.52 2.02769e+07 -1.50311e+07 -3.28304e+06 58204.4 43.91 6.39682
1010000 FRAC0_S 0 1 30556.5 14216.3 8727.25 2.02161e+07 -1.33103e+07 -6.00841e+06 57006.8 39.1998 11.0921
1010000 FRAC0_S 0 1 30709.6 14313.4 8477.02 2.06532e+07 -1.02768e+07 -8.31094e+06 56607.9 31.8635 15.0396
1010000 FRAC0_S 0 1 30793.3 14477.7 8229.05 2.12304e+07 -7.23094e+06 -1.0292e+07 58911.8 23.6854 18.3875
1010000 FRAC0_S 0 1 30799.3 14693.1 8007.59 2.33137e+07 -2.07289e+06 -1.2007e+07 67991.1 7.54568 21.6433
1010000 FRAC0_S 0 1 30727 14938.5 7834.33 1.95511e+07 2.39332e+06 -1.08777e+07 50309.5 -9.83632 22.2258
1010000 FRAC0_S 0 1 30583.6 15190 7726.23 1.95699e+07 6.84655e+06 -1.02071e+07 52161.1 -23.7258 19.1756
1010000 FRAC0_S 0 1 30389.5 15416.8 7693.67 2.00122e+07 1.19254e+07 -8.53123e+06 58040.3 -35.1768 14.9766
1010000 FRAC0_S 0 1 30145.2 15614.5 7740.44 1.96541e+07 1.44732e+07 -5.48583e+06 57090.6 -41.8065 10.169
1010000 FRAC0_S 0 1 29892.9 15745.8 7861.34 1.42272e+07 1.15668e+07 -1.56658e+06 30285.6 -46.6751 4.35785
1010000 FRAC0_S 0 1 29651.1 15804.1 8044.77 1.98845e+07 1.61191e+07 1.81955e+06 58826.9 -46.9504 -3.67595
1010000 FRAC0_S 0 1 29443.5 15783.7 8272.75 2.56655e+07 1.2747e+07 5.61855e+06 77376.2 -34.6633 -9.4158
Step FractureNumber TipNr TipActive TipX TipY TipZ KI KII KIII G Phi Psi Extension
1010101 FRAC0_S 0 1 29200.7 15713.2 8495.39 2.53577e+07 -3.19826e+06 9.57659e+06 70408.2 11.2497 -17.5075
1010101 FRAC0_S 0 1 29115 15549.6 8777.43 9.94954e+06 1.62775e+06 1.02607e+07 23059.8 -10.0464 -29.3635
1010101 FRAC0_S 0 1 29121.9 15334.2 9037.69 2.68651e+07 -1.51376e+06 1.28371e+07 86435 5.04743 -21.0926
1010101 FRAC0_S 0 1 29220.6 15083.6 9242.56 2.32172e+07 1.57713e+06 9.63726e+06 60608 -6.26582 -19.2466
1010101 FRAC0_S 0 1 29394.1 14823 9367.62 2.81844e+07 -235019 9.75448e+06 83445.2 0.859264 -17.7764
1010101 FRAC0_S 0 1 29622 14580.8 9404.03 2.77706e+07 2.13554e+06 6.28389e+06 74380.5 -8.01752 -12.5487
1010101 FRAC0_S 0 1 29883.6 14381.4 9353.78 2.63478e+07 2.80391e+06 2.79206e+06 63598.1 -11.7494 -6.56551
1010101 FRAC0_S 0 1 30155.3 14242.4 9224.06 2.70499e+07 2.84093e+06 -391049 65941.2 -12.5181 1.00176
1010101 FRAC0_S 0 1 30413.8 14177.2 9027.08 2.68275e+07 2.7159e+06 -3.5174e+06 66436.5 -11.0284 7.92503
1010101 FRAC0_S 0 1 30635.7 14192 8779.85 2.79353e+07 6.15089e+06 -7.70132e+06 80799.2 -19.0906 13.2543
1010101 FRAC0_S 0 1 30799.5 14286.6 8504.37 2.13813e+07 1.44857e+06 -7.25722e+06 47929.2 -6.57815 16.8942
1010101 FRAC0_S 0 1 30886.5 14452.1 8224.74 1.92598e+07 1.29115e+06 -8.08566e+06 41898.2 -6.16996 19.3927
1010101 FRAC0_S 0 1 30883 14671.2 7967.12 2.24837e+07 300711 -1.04213e+07 59498.8 -1.2621 21.2292
1010101 FRAC0_S 0 1 30788.1 14923.3 7762 2.37461e+07 -1.69017e+06 -1.17951e+07 69005.3 6.21123 21.3987
1010101 FRAC0_S 0 1 30614.4 15183.7 7634.7 2.26742e+07 -1.69932e+06 -1.02782e+07 60120.8 6.69726 20.2326
1010101 FRAC0_S 0 1 30383.2 15424.4 7596.21 1.8633e+07 -893243 -6.98993e+06 37507.3 4.63671 18.2684
1010101 FRAC0_S 0 1 30118.6 15621.3 7645.94 2.94331e+07 -757363 -5.36213e+06 81071.9 2.9506 11.0135
1010101 FRAC0_S 0 1 29844.7 15756 7775.79 2.72777e+07 -2.39531e+06 -1.72049e+06 67209.3 10.2744 4.17559
1010101 FRAC0_S 0 1 29585.8 15821.4 7973.41 1.95007e+07 -1.52196e+06 1.03552e+06 34235.6 9.32637 -3.58896
1010101 FRAC0_S 0 1 29364.3 15808.8 8220.43 2.73432e+07 -1.43409e+06 5.56047e+06 70918.5 5.72489 -11.7655