
Step FractureNumber TipNr TipActive TipX TipY TipZ KI KII KIII G Phi Psi Extension
1010000 FRAC0_S 0 1 0 15987.2 8471.27 -556016 541256 -32471.7 26.2457 -51.0062 2.21466
1010000 FRAC0_S 0 1 0 15947.8 8777.76 -4.98179e+06 296422 50559.1 8.1697 -7.57113 -0.73709
1010000 FRAC0_S 0 1 0 15815.6 9057.06 -8.73411e+06 205638 86027.3 4.75248 -3.15334 -0.740443
1010000 FRAC0_S 0 1 0 15603.5 9281.83 -1.23275e+07 175968 127433 4.91907 -1.93683 -0.783583
1010000 FRAC0_S 0 1 0 15332.4 9430.08 -1.4519e+07 134181 135669 4.05239 -1.26447 -0.712772
1010000 FRAC0_S 0 1 0 15028.7 9487.27 -1.72805e+07 15453.5 -244408 7.96605 -0.123289 1.08044
1010000 FRAC0_S 0 1 0 14722.2 9447.82 -1.49616e+07 -17969.5 175034 4.1035 0.165906 -0.896494
1010000 FRAC0_S 0 1 0 14442.9 9315.6 -1.49898e+07 -311059 -121909 10.5987 2.79515 0.614487
1010000 FRAC0_S 0 1 0 14218.2 9103.54 -1.00161e+07 -243391 116183 7.07412 3.24559 -0.869283
1010000 FRAC0_S 0 1 0 14070 8832.4 -6.1671e+06 -1.58759e+07 1.03431e+07 36687.8 51.8078 -21.5448
1010000 FRAC0_S 0 1 0 14012.8 8528.73 -1.02696e+06 -566029 -17620.3 28.5912 40.5558 0.849385
1010000 FRAC0_S 0 1 0 14052.2 8222.24 2.4787e+06 -8.60241e+06 5.52232e+06 11197.7 53.7448 -22.2923
1010000 FRAC0_S 0 1 0 14184.4 7942.94 6.4289e+06 -229997 -109378 3689.29 4.6766 1.25189
1010000 FRAC0_S 0 1 0 14396.5 7718.17 9.40431e+06 -1.26584e+07 7.80896e+06 30269.8 46.7563 -18.1353
1010000 FRAC0_S 0 1 0 14667.6 7569.92 1.14064e+07 -1.55917e+07 -9.43819e+06 45104.1 47.0905 17.9903
1010000 FRAC0_S 0 1 0 14971.3 7512.73 1.51308e+07 41015.8 151663 20404 -0.374232 -0.768769
1010000 FRAC0_S 0 1 0 15277.8 7552.18 1.15244e+07 -1.37816e+07 9.9682e+06 41975.2 44.0126 -19.4069
1010000 FRAC0_S 0 1 0 15557.1 7684.4 1.04624e+07 97565.5 -229747 9762 -1.26022 1.64591
1010000 FRAC0_S 0 1 0 15781.8 7896.46 7.15299e+06 -1.39541e+07 1.02199e+07 35802 48.4719 -21.9341
1010000 FRAC0_S 0 1 0 15930 8167.6 3.48055e+06 103206 -258106 1089.31 -3.71039 5.09129
Step FractureNumber TipNr TipActive TipX TipY TipZ KI KII KIII G Phi Psi Extension
1010101 FRAC0_S 0 1 -43.7724 16066 8468.94 -360483 462402 -75389 19.809 -53.5184 6.31383
1010101 FRAC0_S 0 1 -27.3934 16031.7 8805.32 -2.94663e+06 1.04251e+07 6.70856e+06 15670.3 -53.8162 -22.3755
1010101 FRAC0_S 0 1 -6.88929 15895.8 9111.97 -1.03097e+07 1.04742e+06 145518 100.579 -12.1679 -0.981488
1010101 FRAC0_S 0 1 -3.61678 15663.1 9359 -1.40118e+07 735703 189703 53.0179 -6.72563 -0.985283
1010101 FRAC0_S 0 1 -2.00211 15365.2 9521.91 -1.64028e+07 -1.38352e+07 9.9117e+06 30123 39.9307 -17.2446
1010101 FRAC0_S 0 1 -0.586885 15031.5 9584.77 -1.61671e+07 -9.76122e+06 -6.36704e+06 13882.3 35.92 14.0951
1010101 FRAC0_S 0 1 1.31012 14694.8 9541.41 -2.03287e+07 -725413 -279781 57.3027 4.67946 1.01725
1010101 FRAC0_S 0 1 3.92605 14388 9396.08 -1.30932e+07 -1.96987e+07 1.14068e+07 51883.5 48.4915 -17.9323
1010101 FRAC0_S 0 1 23.6985 14150 9159.87 -1.05601e+07 -1.76152e+06 1.11906e+06 443.058 17.1459 -6.26545
1010101 FRAC0_S 0 1 56.9672 14002.1 8858.61 -3.13513e+06 -2.39462e+06 218673 517.335 46.1727 -2.9194
1010101 FRAC0_S 0 1 72.3178 13946 8530.88 -995779 -2.66273e+06 1.1857e+06 818.784 55.8043 -17.1148
1010101 FRAC0_S 0 1 58.6126 13984.2 8200.42 3.3119e+06 1.45176e+06 -53835.9 1165.61 -35.8323 0.867536
1010101 FRAC0_S 0 1 42.4475 14118.6 7897.11 6.28722e+06 3.78557e+06 -910404 4909.67 -39.9379 6.23873
1010101 FRAC0_S 0 1 56.7713 14349.2 7660.96 8.43925e+06 6.15325e+06 -1.1742e+06 9903.8 -43.9759 5.62591
1010101 FRAC0_S 0 1 54.6694 14645 7499.32 9.70195e+06 9.03367e+06 -583253 15705 -50.1592 2.32481
1010101 FRAC0_S 0 1 35.3546 14969.2 7429.47 1.3063e+07 5.58802e+06 -462628 18017 -34.9469 1.86858
1010101 FRAC0_S 0 1 34.0277 15301.3 7472.03 1.2327e+07 5.23331e+06 -249835 15989.6 -35.0935 1.08766
1010101 FRAC0_S 0 1 34.9866 15603.5 7615.73 1.31263e+07 -2.28323e+06 5.87842e+06 20414.2 14.2103 -19.0224
1010101 FRAC0_S 0 1 35.2639 15845.7 7847.16 5.83875e+06 2.61653e+06 -28012.5 3648.02 -36.5215 0.257203
1010101 FRAC0_S 0 1 -3.9502 16006 8140.22 3.86074e+06 287702 576664 1379.81 -8.2648 -9.02781