
Step FractureNumber TipNr TipActive TipX TipY TipZ KI KII KIII G Phi Psi Extension
1010000 FRAC0_S 0 1 45000 15987.2 8471.27 5.38069e+06 710935 1.11108e+06 2789.13 -13.1366 -11.2469
1010000 FRAC0_S 0 1 45000 15947.8 8777.76 5.16449e+06 349355 1.0248e+06 2527.29 -7.28026 -11.4143
1010000 FRAC0_S 0 1 45000 15815.6 9057.06 5.39928e+06 -28952.2 1.00491e+06 2732.14 0.628648 -11.379
1010000 FRAC0_S 0 1 45000 15603.5 9281.83 4.77231e+06 -497886 675082 2112.18 11.2333 -8.43135
1010000 FRAC0_S 0 1 45000 15332.4 9430.08 5.62392e+06 -855136 812409 2971.36 15.4563 -8.28103
1010000 FRAC0_S 0 1 45000 15028.7 9487.27 5.79843e+06 -1.07884e+06 649577 3155.87 18.6284 -6.48572
1010000 FRAC0_S 0 1 45000 14722.2 9447.82 4.93078e+06 -1.45767e+06 179800 2360.13 27.6221 -2.11046
1010000 FRAC0_S 0 1 45000 14442.9 9315.6 5.70604e+06 -1.48247e+06 677.325 3097.16 25.8926 -0.00734843
1010000 FRAC0_S 0 1 45000 14218.2 9103.54 4.75333e+06 -1.15543e+06 -274007 2142.31 23.7185 3.39198
1010000 FRAC0_S 0 1 45000 14070 8832.4 4.91587e+06 -1.05458e+06 -682592 2314.48 20.4327 7.65531
1010000 FRAC0_S 0 1 45000 14012.8 8528.73 5.6474e+06 -886857 -1.06807e+06 3063.81 15.3792 10.3071
1010000 FRAC0_S 0 1 45000 14052.2 8222.24 4.94707e+06 -342738 -1.06191e+06 2341.28 7.35057 12.118
1010000 FRAC0_S 0 1 45000 14184.4 7942.94 5.19148e+06 549061 -1.17538e+06 2612.25 -10.6735 12.3031
1010000 FRAC0_S 0 1 45000 14396.5 7718.17 4.29813e+06 826520 -1.10911e+06 1870.69 -17.3317 12.8332
1010000 FRAC0_S 0 1 45000 14667.6 7569.92 4.7664e+06 1.64401e+06 -717049 2333.68 -28.5679 7.51309
1010000 FRAC0_S 0 1 45000 14971.3 7512.73 5.26047e+06 2.19458e+06 -396758 2916.01 -33.6616 3.85713
1010000 FRAC0_S 0 1 45000 15277.8 7552.18 3.70932e+06 2.07246e+06 -38834.3 1609.01 -40.9735 0.518935
1010000 FRAC0_S 0 1 45000 15557.1 7684.4 5.0455e+06 1.84304e+06 466151 2600.07 -30.6874 -4.81118
1010000 FRAC0_S 0 1 45000 15781.8 7896.46 3.86844e+06 1.60531e+06 836392 1656.19 -31.0858 -9.75891
1010000 FRAC0_S 0 1 45000 15930 8167.6 4.83936e+06 1.0988e+06 834301 2287.07 -20.8717 -9.10804
Step FractureNumber TipNr TipActive TipX TipY TipZ KI KII KIII G Phi Psi Extension
1010101 FRAC0_S 0 1 44976.6 16081.7 8468.98 5.22097e+06 -89561.6 855070 2526.97 2.01887 -10.1827
1010101 FRAC0_S 0 1 44988.2 16040.4 8805.11 5.48939e+06 -92919.3 980193 2813.74 1.96824 -10.9141
1010101 FRAC0_S 0 1 45002.2 15895.6 9111.65 4.39061e+06 260125 725615 1793.87 -6.60978 -9.9261
1010101 FRAC0_S 0 1 45016.7 15662.2 9357.45 6.90669e+06 1.13416e+06 1.22384e+06 4564.58 -16.0894 -9.72774
1010101 FRAC0_S 0 1 45026.2 15364.3 9518.55 5.93263e+06 885842 913627 3317.27 -15.1206 -8.75576
1010101 FRAC0_S 0 1 45034.2 15032 9578.58 6.59475e+06 1.26437e+06 786969 4100.29 -18.976 -6.82618
1010101 FRAC0_S 0 1 45042.1 14697.8 9532.59 6.08401e+06 1.19815e+06 520675 3462.41 -19.8469 -5.05791
1010101 FRAC0_S 0 1 45043.5 14393.3 9387.99 6.93963e+06 1.1891e+06 431675 4442.19 -18.0963 -3.84939
1010101 FRAC0_S 0 1 45039.8 14147.2 9157.97 4.64471e+06 569313 -37459 1951.47 -14.3547 0.554697
1010101 FRAC0_S 0 1 45034.2 13983.6 8862.85 6.36681e+06 243112 -678952 3678.76 -4.59167 6.9793
1010101 FRAC0_S 0 1 45025.2 13918.7 8531.03 6.3624e+06 238044 -1.07494e+06 3765.91 -4.27462 10.2767
1010101 FRAC0_S 0 1 45008.4 13960.2 8195.14 5.45926e+06 35392.6 -1.10642e+06 2818.72 -0.748617 12.1466
1010101 FRAC0_S 0 1 44986.5 14105.5 7889.36 5.14634e+06 -357402 -1.13247e+06 2542.02 7.33684 12.3497
1010101 FRAC0_S 0 1 44968.5 14339.6 7645.85 5.1943e+06 -631138 -1.11497e+06 2605.09 12.1523 11.679
1010101 FRAC0_S 0 1 44954.8 14637.6 7488.89 4.90313e+06 -696304 -685854 2248.03 14.6505 8.11846
1010101 FRAC0_S 0 1 44943.9 14967.9 7432.34 5.09027e+06 -970495 -373225 2411.37 19.5248 4.41361
1010101 FRAC0_S 0 1 44940.6 15299.9 7477.39 4.7336e+06 -1.2151e+06 -231248 2135.36 24.8206 2.87248
1010101 FRAC0_S 0 1 44945.2 15603.6 7617.69 4.99443e+06 -961739 54153.2 2305.6 20.6097 -0.700103
1010101 FRAC0_S 0 1 44952.5 15849.8 7844.68 5.8504e+06 -822284 491304 3142.34 15.147 -5.19401
1010101 FRAC0_S 0 1 44963.6 16015.3 8138.08 5.21586e+06 -489733 582231 2490.71 10.4794 -6.93959