
Step FractureNumber TipNr TipActive TipX TipY TipZ KI KII KIII G Phi Psi Extension
1010000 FRAC0_S 0 1 -22500 44049 8233.09 2.64749e+06 -109005 -8418.87 625.656 5.41063 0.237196
1010000 FRAC0_S 0 1 -22500 44178.1 7952.3 2.44719e+06 -159984 -74961.8 536.684 8.10168 2.15421
1010000 FRAC0_S 0 1 -22500 44387.6 7725.12 2.81921e+06 -123725 -116665 711.414 5.54691 2.92622
1010000 FRAC0_S 0 1 -22500 44657 7573.79 2.75777e+06 -71190.9 -138895 680.728 3.31794 3.5781
1010000 FRAC0_S 0 1 -22500 44960 7513.12 3.14893e+06 -30760.3 -143978 886.432 1.2897 3.31696
1010000 FRAC0_S 0 1 -22500 45266.9 7549.06 2.97936e+06 108754 -146012 794.88 -4.62864 3.45423
1010000 FRAC0_S 0 1 -22500 45547.7 7678.08 2.83427e+06 112081 -127310 719.104 -5.01203 3.17412
1010000 FRAC0_S 0 1 -22500 45774.9 7887.55 2.97518e+06 166345 -54699.9 791.636 -7.09661 1.32522
1010000 FRAC0_S 0 1 -22500 45926.2 8156.97 3.10419e+06 194353 -30507.7 862.153 -7.93473 0.712027
1010000 FRAC0_S 0 1 -22500 45986.8 8459.98 2.77015e+06 239225 -7446.54 688.912 -10.6614 0.19233
1010000 FRAC0_S 0 1 -22500 45951 8766.91 2.7675e+06 232952 35645.5 687.501 -10.3298 -0.911216
1010000 FRAC0_S 0 1 -22500 45821.9 9047.7 2.87017e+06 187220 79979.6 738.054 -8.10509 -1.96697
1010000 FRAC0_S 0 1 -22500 45612.4 9274.88 2.35204e+06 121630 93272.5 495.442 -6.4765 -2.79064
1010000 FRAC0_S 0 1 -22500 45343 9426.21 2.89407e+06 85979.6 148029 749.928 -3.79521 -3.61726
1010000 FRAC0_S 0 1 -22500 45040 9486.88 3.08261e+06 3830.6 235742 854.162 -0.161332 -5.36872
1010000 FRAC0_S 0 1 -22500 44733.1 9450.94 2.85744e+06 35543 -24460.7 727.772 -1.69522 0.651654
1010000 FRAC0_S 0 1 -22500 44452.3 9321.92 2.85959e+06 -143620 125098 732.597 6.27982 -3.06636
1010000 FRAC0_S 0 1 -22500 44225.1 9112.45 3.14665e+06 -264286 197163 893.708 9.87916 -4.16374
1010000 FRAC0_S 0 1 -22500 44073.8 8843.03 2.61915e+06 675401 -132109 654.259 -24.8748 2.95811
1010000 FRAC0_S 0 1 -22500 44013.2 8540.02 2.77576e+06 -218654 3194.24 690.839 9.83954 -0.083079
Step FractureNumber TipNr TipActive TipX TipY TipZ KI KII KIII G Phi Psi Extension
1010101 FRAC0_S 0 1 -22487.5 43955.9 8206.92 3.07157e+06 185330 -15652 843.804 -7.70394 0.372306
1010101 FRAC0_S 0 1 -22488.2 44097.5 7898.6 3.13716e+06 243617 -75442.9 883.045 -9.52036 1.68687
1010101 FRAC0_S 0 1 -22490.2 44327.5 7648.95 3.12844e+06 199817 -89614.7 876.757 -7.94548 2.02243
1010101 FRAC0_S 0 1 -22494.2 44631.5 7479.42 3.03862e+06 101373 -110324 825.303 -4.29834 2.6095
1010101 FRAC0_S 0 1 -22499.5 44956 7415.78 2.35205e+06 -22907 -74601.9 493.756 1.30309 2.3449
1010101 FRAC0_S 0 1 -22505.7 45293.2 7455.38 2.56035e+06 -89324 -109629 586.459 4.45872 3.0469
1010101 FRAC0_S 0 1 -22509.4 45601.5 7597.25 2.82287e+06 -178611 -91763.2 714.043 7.85053 2.28488
1010101 FRAC0_S 0 1 -22511.8 45850.8 7827.47 3.09833e+06 -182142 -80905.2 859.254 7.38058 1.85827
1010101 FRAC0_S 0 1 -22514.6 46016.6 8123.41 2.21645e+06 -194362 -20173.3 441.187 10.7458 0.645002
1010101 FRAC0_S 0 1 -22517.2 46082.9 8456.04 3.03172e+06 -337765 5755.28 829.21 13.309 -0.132905
1010101 FRAC0_S 0 1 -22517.1 46043.4 8792.93 2.63637e+06 -562984 -64801.7 648.155 22.0641 1.53549
1010101 FRAC0_S 0 1 -22514.4 45902.2 9101.28 3.222e+06 -293353 51316.9 933.098 11.0412 -1.11542
1010101 FRAC0_S 0 1 -22510.8 45672.5 9350.97 3.16946e+06 -5557.03 240837 902.872 0.227571 -5.3354
1010101 FRAC0_S 0 1 -22506.2 45376.8 9517.46 3.09155e+06 -134633 108816 854.877 5.53766 -2.5099
1010101 FRAC0_S 0 1 -22502.6 45043.9 9584.28 3.13804e+06 -94906.9 139892 880.896 3.88398 -3.17837
1010101 FRAC0_S 0 1 -22498.8 44706.8 9544.72 3.23908e+06 -52928.2 156674 938.423 2.13215 -3.47544
1010101 FRAC0_S 0 1 -22491 44398.6 9402.61 3.23058e+06 169987 49040.8 932.902 -6.72883 -1.10221
1010101 FRAC0_S 0 1 -22499.3 44151.4 9171.55 2.75183e+06 97576 80238.5 676.497 -4.58525 -2.11155
1010101 FRAC0_S 0 1 -22512.5 43987.3 8875.05 3.05417e+06 -667469 41491.3 871.141 22.6297 -0.855997
1010101 FRAC0_S 0 1 -22499.6 43918.7 8543.17 3.08672e+06 -184668 -163288 855.613 7.32485 3.6336