
Step FractureNumber TipNr TipActive TipX TipY TipZ KI KII KIII G Phi Psi Extension
1010000 FRAC0_S 0 1 -14934.8 -21836.5 7771.28 1.13143e+06 367389 870811 226.955 -20.0231 -24.2075
1010000 FRAC0_S 0 1 -15186.4 -21727.3 7913.68 891400 -562143 1.08247e+06 254.807 27.5935 -27.2811
1010000 FRAC0_S 0 1 -15419.7 -21693.8 8113.48 812902 -1.07811e+06 905577 271.529 43.5681 -21.7973
1010000 FRAC0_S 0 1 -15611.9 -21739.2 8351.11 924009 -1.42097e+06 674056 316.436 50.3866 -15.77
1010000 FRAC0_S 0 1 -15744.3 -21859 8603.32 879895 -1.62082e+06 350452 319.421 56.9651 -9.08883
1010000 FRAC0_S 0 1 -15803.8 -22041.6 8845.42 866866 -1.69509e+06 -13766.1 323.031 61.8175 0.415931
1010000 FRAC0_S 0 1 -15783.8 -22272.3 9056.13 552934 -1.61435e+06 -634026 312.94 57.4325 15.9634
1010000 FRAC0_S 0 1 -15688.6 -22519.1 9207.78 665996 -1.03377e+06 -539599 173.479 49.7114 16.8789
1010000 FRAC0_S 0 1 -15525.3 -22767.4 9292.58 731902 -802094 -809002 192.11 39.7235 22.9979
1010000 FRAC0_S 0 1 -15310.4 -22989.4 9299.79 542361 -210631 -1.22231e+06 228.874 14.1326 35.6301
1010000 FRAC0_S 0 1 -15065.2 -23163.5 9228.72 895923 -41200.3 -1.06092e+06 221.376 2.85708 32.1124
1010000 FRAC0_S 0 1 -14813.6 -23272.7 9086.32 1.04622e+06 387800 -1.12698e+06 279.86 -19.5945 27.9339
1010000 FRAC0_S 0 1 -14580.3 -23306.2 8886.52 784844 1.13209e+06 -881991 272.557 -45.1743 21.3023
1010000 FRAC0_S 0 1 -14388.1 -23260.8 8648.89 646203 987336 -460153 152.239 -50.4538 15.5489
1010000 FRAC0_S 0 1 -14255.7 -23141 8396.68 926256 1.65499e+06 -330555 335.057 -56.9589 8.42947
1010000 FRAC0_S 0 1 -14196.2 -22958.4 8154.58 925106 1.6876e+06 21183.2 330.107 -60.9645 -0.625185
1010000 FRAC0_S 0 1 -14215.4 -22730.9 7946.31 882551 1.52896e+06 382769 297.206 -55.6464 -10.0655
1010000 FRAC0_S 0 1 -14311.4 -22480.9 7792.22 714520 1.02563e+06 547358 179.077 -48.6986 -16.7745
1010000 FRAC0_S 0 1 -14474.7 -22232.6 7707.42 966696 926175 763408 237.223 -40.3042 -19.6913
1010000 FRAC0_S 0 1 -14689.6 -22010.6 7700.21 1.10889e+06 591646 1.1808e+06 326.207 -25.7958 -26.423
Step FractureNumber TipNr TipActive TipX TipY TipZ KI KII KIII G Phi Psi Extension
1010101 FRAC0_S 0 1 -14938.3 -21785.9 7695.76 1.10819e+06 -249913 1.20802e+06 309.091 12.9705 -29.4058
1010101 FRAC0_S 0 1 -15182.5 -21643.7 7881.33 1.48712e+06 -840976 1.40192e+06 521.487 28.0063 -24.6545
1010101 FRAC0_S 0 1 -15411.5 -21596.9 8121.44 1.43028e+06 -53126.2 884289 286.546 3.10607 -24.5284
1010101 FRAC0_S 0 1 -15605.4 -21646.7 8384.93 2.38258e+06 -71112.6 980361 634.126 2.86911 -19.5781
1010101 FRAC0_S 0 1 -15736.3 -21775.5 8655.94 2.82417e+06 -361448 422173 746.082 13.3234 -8.67546
1010101 FRAC0_S 0 1 -15794.3 -21968.9 8912.35 2.58821e+06 -114683 45471.1 598.378 5.71999 -1.28146
1010101 FRAC0_S 0 1 -15778.8 -22209.5 9132.56 1.68531e+06 -66045.7 -256889 262.261 4.52851 9.43757
1010101 FRAC0_S 0 1 -15688.7 -22478.4 9297.34 2.01882e+06 -178801 -716598 434.325 8.32617 17.1846
1010101 FRAC0_S 0 1 -15531.6 -22757.1 9387.64 1.35638e+06 -187966 -783934 248.825 10.8462 22.5215
1010101 FRAC0_S 0 1 -15320.5 -23018.4 9389.9 1.52338e+06 -285093 -1.25928e+06 424.949 12.406 26.4576
1010101 FRAC0_S 0 1 -15071.6 -23227.3 9299.3 1.35468e+06 -145561 -1.16693e+06 346.527 7.43201 27.8093
1010101 FRAC0_S 0 1 -14818.2 -23359.9 9120.4 1.46783e+06 426086 -1.20624e+06 401.683 -17.9194 25.3531
1010101 FRAC0_S 0 1 -14587.5 -23402.1 8880.25 1.63378e+06 64076.9 -950147 358.29 -3.34676 23.739
1010101 FRAC0_S 0 1 -14395.2 -23353.2 8614.56 2.39586e+06 201821 -874437 616.832 -7.90117 17.5509
1010101 FRAC0_S 0 1 -14263.4 -23224.6 8344.03 2.4663e+06 133513 -427017 567.862 -6.03921 10.3472
1010101 FRAC0_S 0 1 -14204.2 -23031.1 8087.51 2.76357e+06 51959.3 -96909.3 682.052 -2.47538 2.55886
1010101 FRAC0_S 0 1 -14218.9 -22790.1 7867.12 2.19435e+06 271723 341161 451.14 -12.8953 -8.99189
1010101 FRAC0_S 0 1 -14309.9 -22521.3 7702.42 1.93995e+06 250532 654209 397.873 -11.7869 -16.1928
1010101 FRAC0_S 0 1 -14482.5 -22248.5 7654.87 1.91915e+06 226927 1.13133e+06 503.02 -9.358 -22.9927
1010101 FRAC0_S 0 1 -14690.6 -21994.2 7604.28 1.43656e+06 5097.39 1.27193e+06 399.068 -0.262739 -29.3104