
Step FractureNumber TipNr TipActive TipX TipY TipZ KI KII KIII G Phi Psi Extension
1010000 FRAC0_S 0 1 15000 15987.2 8471.27 -1.17703e+06 832036 1.91318e+06 548.505 -26.5485 -30.1951
1010000 FRAC0_S 0 1 15000 15947.8 8777.76 3.27707e+06 -935011 1.74678e+06 1440.69 20.2441 -20.0292
1010000 FRAC0_S 0 1 15000 15815.6 9057.06 1.50445e+07 2.68176e+06 5.138e+06 24320.9 -15.4576 -15.8615
1010000 FRAC0_S 0 1 15000 15603.5 9281.83 8.29764e+06 -2.52168e+06 -77255.4 6702.73 28.6499 0.551352
1010000 FRAC0_S 0 1 15000 15332.4 9430.08 1.26001e+07 -4.15222e+06 -569923 15726.9 29.5365 2.53057
1010000 FRAC0_S 0 1 15000 15028.7 9487.27 1.35475e+07 -2.78705e+06 -1.8098e+06 17482.6 19.853 7.45177
1010000 FRAC0_S 0 1 15000 14722.2 9447.82 1.08722e+07 -1.36825e+06 -1.70574e+06 11087 13.0615 9.04643
1010000 FRAC0_S 0 1 15000 14442.9 9315.6 1.12857e+07 -1.4235e+06 -2.22398e+06 12188.1 12.7094 10.8845
1010000 FRAC0_S 0 1 15000 14218.2 9103.54 8.40256e+06 -1.01278e+06 -2.18076e+06 7015.34 11.6934 13.5016
1010000 FRAC0_S 0 1 15000 14070 8832.4 4.71155e+06 -390522 -1.71886e+06 2384.66 7.78603 17.5602
1010000 FRAC0_S 0 1 15000 14012.8 8528.73 -166508 -754087 -2.37395e+06 800.212 28.3772 39.0702
1010000 FRAC0_S 0 1 15000 14052.2 8222.24 -1.14259e+07 9.32624e+06 -9.84936e+06 20653 -36.1652 21.6864
1010000 FRAC0_S 0 1 15000 14184.4 7942.94 -7.34863e+06 -470113 -2.28278e+06 712.768 6.36382 15.9415
1010000 FRAC0_S 0 1 15000 14396.5 7718.17 -7.36049e+06 1.57968e+07 -1.45485e+07 50386.9 -46.3666 25.1828
1010000 FRAC0_S 0 1 15000 14667.6 7569.92 -3.5117e+07 1.98685e+07 8.27826e+06 44291.4 -37.0639 -9.64149
1010000 FRAC0_S 0 1 15000 14971.3 7512.73 -1.50497e+07 3.13594e+06 -3.59962e+06 2599.64 -18.7022 11.9871
1010000 FRAC0_S 0 1 15000 15277.8 7552.18 1.36767e+07 2.36407e+07 -1.6453e+07 102473 -48.0214 20.7772
1010000 FRAC0_S 0 1 15000 15557.1 7684.4 -1.15108e+07 4.51674e+06 -1.08165e+06 1973.53 -32.0808 4.79929
1010000 FRAC0_S 0 1 15000 15781.8 7896.46 1.64195e+07 2.12573e+07 -1.21197e+07 83826.5 -47.0076 17.0292
1010000 FRAC0_S 0 1 15000 15930 8167.6 -4.73309e+06 2.84014e+06 1.22434e+06 918.166 -37.9011 -10.216
Step FractureNumber TipNr TipActive TipX TipY TipZ KI KII KIII G Phi Psi Extension
1010101 FRAC0_S 0 1 14970.9 16073 8469.94 741215 1.58163e+06 1.98344e+06 795.094 -41.9769 -28.9254
1010101 FRAC0_S 0 1 14999.5 16035.1 8803.9 4.50302e+06 -986611 1.76741e+06 2309.1 17.7395 -17.0391
1010101 FRAC0_S 0 1 15007.3 15891.3 9108.21 3.56552e+07 2.137e+07 1.59316e+07 187737 -35.002 -15.4593
1010101 FRAC0_S 0 1 15029.6 15657.6 9350.64 1.23823e+07 -1.52434e+06 -1.30003e+06 14094.3 13.3305 6.4271
1010101 FRAC0_S 0 1 15045.1 15361.2 9511.9 1.41784e+07 3.19499e+06 -1.18011e+06 19008.4 -22.0328 4.82775
1010101 FRAC0_S 0 1 15035 15030.6 9578.13 1.55253e+07 2.78336e+06 -1.65872e+06 22534.9 -18.1552 6.25186
1010101 FRAC0_S 0 1 15025.3 14695.5 9538.21 1.6975e+07 -149768 -2.73253e+06 26672 1.05193 10.1086
1010101 FRAC0_S 0 1 15021.7 14389.2 9394.21 1.37411e+07 -80749.2 -2.67213e+06 17775.7 0.683719 11.7704
1010101 FRAC0_S 0 1 15019 14142.4 9161.94 -2.80816e+07 2.16004e+07 -1.31094e+07 64433.5 -39.8767 14.8462
1010101 FRAC0_S 0 1 15023.7 13981.9 8864.67 5.89968e+06 -1.33848e+06 -3.44274e+06 4837.6 16.4448 21.713
1010101 FRAC0_S 0 1 15012.4 13926.1 8532.66 -2.24588e+07 1.50965e+07 -1.52278e+07 51149.2 -34.3153 19.7562
1010101 FRAC0_S 0 1 14985.1 13971 8197.51 -4.4548e+06 704919 -3.45472e+06 1631.65 -10.9874 25.9735
1010101 FRAC0_S 0 1 14972.7 14113.4 7895.58 -7.79478e+06 6.58067e+06 -6.61786e+06 9683.81 -37.0069 21.3091
1010101 FRAC0_S 0 1 14951.6 14348.1 7658.05 -1.22216e+07 1.0456e+07 -2.13282e+06 10347.1 -46.5684 6.4614
1010101 FRAC0_S 0 1 14943.8 14643 7495.03 5.29588e+06 2.0931e+07 -1.29005e+07 63673.1 -54.8607 22.1297
1010101 FRAC0_S 0 1 14950.3 14967.9 7430.56 -1.10414e+07 6.32215e+06 -4.68824e+06 6484.98 -34.3838 15.0913
1010101 FRAC0_S 0 1 14941.6 15298.4 7478.92 -5.44357e+06 2.80472e+07 6.74178e+06 76143.2 -63.5788 -12.1438
1010101 FRAC0_S 0 1 14936.6 15599.2 7622.95 -2.52469e+07 1.14773e+07 5.87573e+06 16330 -32.6377 -10.1306
1010101 FRAC0_S 0 1 14934.8 15839.4 7851.49 -2.59246e+06 6.6752e+06 -66247.7 3971.18 -64.3205 0.551945
1010101 FRAC0_S 0 1 14939.8 16003.1 8143.26 68551.8 5.00641e+06 -145827 2236.71 -69.882 2.15294