
Step FractureNumber TipNr TipActive TipX TipY TipZ KI KII KIII G Phi Psi Extension
1010000 FRAC0_S 0 1 -44201.4 29698 8003.36 8684.31 176387 -129517 5.01018 -56.4905 26.5194
1010000 FRAC0_S 0 1 -44275.2 29943.9 7831.33 30678.5 298220 -119335 9.90288 -62.1594 18.4272
1010000 FRAC0_S 0 1 -44420.1 30195.2 7724.75 -230113 321774 235582 16.6077 -45.5187 -20.3813
1010000 FRAC0_S 0 1 -44621.5 30427.5 7694.05 45485.5 355455 34696 11.6034 -67.6286 -6.00293
1010000 FRAC0_S 0 1 -44860.1 30617.9 7742.25 46899.4 202515 81428.7 4.73247 -59.4683 -17.1987
1010000 FRAC0_S 0 1 -45112.4 30747.8 7864.62 88123.7 180080 196954 8.74093 -43.708 -27.1101
1010000 FRAC0_S 0 1 -45353.7 30804.5 8049.19 88730.3 50771 206125 6.58213 -19.0549 -34.7806
1010000 FRAC0_S 0 1 -45554.6 30784.4 8270.26 118395 88568.4 201167 7.33036 -27.0849 -30.4287
1010000 FRAC0_S 0 1 -45712.2 30683.8 8528.32 119833 -236648 190072 11.0749 47.4943 -23.1347
1010000 FRAC0_S 0 1 -45794.3 30518.3 8775.98 233683 48859.2 243190 12.9447 -12.4064 -29.0196
1010000 FRAC0_S 0 1 -45798.6 30302 8996.64 110151 -337759 16511.6 11.2832 64.7932 -2.73143
1010000 FRAC0_S 0 1 -45724.8 30056.1 9168.67 87451.3 -269727 -59503 7.6354 61.2933 10.4656
1010000 FRAC0_S 0 1 -45579.9 29804.8 9275.25 106402 -320291 -156213 13.3958 55.7918 18.5332
1010000 FRAC0_S 0 1 -45378.5 29572.5 9305.95 -158036 -93503.2 -458139 28.6946 17.2305 36.601
1010000 FRAC0_S 0 1 -45139.9 29382.1 9257.75 76150.7 -120295 -225461 8.56697 34.2264 32.2584
1010000 FRAC0_S 0 1 -44887.6 29252.2 9135.38 59023.9 -36533.1 -218717 6.79172 15.3285 38.3005
1010000 FRAC0_S 0 1 -44646.3 29195.5 8950.81 47936.2 8919.76 -203576 5.7238 -4.71287 40.8074
1010000 FRAC0_S 0 1 -44439.6 29217.5 8722.12 28776.6 67120.1 -186717 5.11203 -29.3013 37.1286
1010000 FRAC0_S 0 1 -44287.8 29316.2 8471.68 -106940 328814 -131085 11.9198 -57.6569 16.2731
1010000 FRAC0_S 0 1 -44205.7 29481.7 8224.02 7522.92 109008 -139951 3.6689 -46.8573 32.7357
Step FractureNumber TipNr TipActive TipX TipY TipZ KI KII KIII G Phi Psi Extension
1010101 FRAC0_S 0 1 -44204.2 29632.6 7929.44 135168 -295762 -620743 60.6709 33.8359 34.5422
1010101 FRAC0_S 0 1 -44284.6 29894 7746.97 220249 42354.9 -270982 14.2489 -10.6718 31.1012
1010101 FRAC0_S 0 1 -44434 30159 7634.88 575938 182225 -120518 34.4489 -26.0233 10.0775
1010101 FRAC0_S 0 1 -44651.6 30397.8 7605.6 344589 47178.7 87627.1 11.8006 -13.0999 -13.1548
1010101 FRAC0_S 0 1 -44903.1 30603.4 7655.18 327364 22986.4 338241 24.8128 -4.59544 -30.3518
1010101 FRAC0_S 0 1 -45160.3 30765.3 7783.75 192489 -88324.9 401294 25.4148 16.9546 -34.4668
1010101 FRAC0_S 0 1 -45406.7 30847.7 7980.72 -12889.8 -242443 375513 23.9921 43.4652 -34.737
1010101 FRAC0_S 0 1 -45613.5 30841.5 8250.35 301835 -72491.7 281773 19.1462 14.6139 -27.4118
1010101 FRAC0_S 0 1 -45757.2 30749.3 8542.71 287690 -53646.5 279092 17.9914 11.582 -28.4096
1010101 FRAC0_S 0 1 -45836.7 30576.3 8812.97 341881 -115667 239098 19.2109 21.3151 -22.8834
1010101 FRAC0_S 0 1 -45808.5 30357.6 9057.97 461887 -111061 125763 22.2134 20.4846 -12.9703
1010101 FRAC0_S 0 1 -45708.9 30108.3 9251.63 444489 35828.1 110766 19.3516 -8.22883 -13.4579
1010101 FRAC0_S 0 1 -45573.6 29830.3 9365.74 446676 -84066.9 25625.4 18.4962 19.5558 -3.52255
1010101 FRAC0_S 0 1 -45379.3 29564.7 9400.42 476674 -182366 -120680 25.1479 28.9149 11.2819
1010101 FRAC0_S 0 1 -45127.8 29352 9348.79 285738 -117973 -246118 16.5721 23.1091 24.8082
1010101 FRAC0_S 0 1 -44861.6 29197 9208.2 198425 -74715.8 -184656 8.54094 20.9845 26.0929
1010101 FRAC0_S 0 1 -44619 29113.8 8988.35 -82842.9 -219429 -154743 7.47528 51.0818 22.6271
1010101 FRAC0_S 0 1 -44423.9 29126 8715.41 28939.2 -311681 -249578 17.0157 54.4114 27.0829
1010101 FRAC0_S 0 1 -44284.4 29229.4 8429.06 -68628.6 -226750 -328184 18.9064 41.6528 31.9109
1010101 FRAC0_S 0 1 -44202.7 29405 8161.85 52527.5 -88652.2 -392762 21.463 21.315 39.5199