
Step FractureNumber TipNr TipActive TipX TipY TipZ KI KII KIII G Phi Psi Extension
1010000 FRAC0_S 0 1 22265.5 -6540.43 8500 42729.5 -1338.72 4834.89 0.165967 3.78004 -7.38903
1010000 FRAC0_S 0 1 21967.9 -6667.88 8500 40849.5 1728.74 -898.732 0.14907 -5.45603 1.59827
1010000 FRAC0_S 0 1 21736.8 -6873.03 8500 30713 -194183 -110436 5.06622 57.5976 22.1088
1010000 FRAC0_S 0 1 21580.4 -7139.55 8500 47578.1 24034.1 -62535.2 0.773306 -22.8358 29.1898
1010000 FRAC0_S 0 1 21514.1 -7441.34 8500 44689.2 -11417.8 -579.193 0.189625 25.3591 0.793523
1010000 FRAC0_S 0 1 21544.2 -7748.89 8500 43154.5 -370.392 1014.34 0.1661 1.15941 -1.75926
1010000 FRAC0_S 0 1 21667.8 -8032.08 8500 54895.4 15150.2 6218.77 0.294131 -25.0491 -6.14087
1010000 FRAC0_S 0 1 21873 -8263.17 8500 21424 -170541 -27157.2 2.73069 66.5592 9.16014
1010000 FRAC0_S 0 1 22139.6 -8419.57 8500 40718.8 -889.244 33.0282 0.147817 2.95777 -0.0618461
1010000 FRAC0_S 0 1 22441.4 -8485.95 8500 55765.3 -4526.67 4321.99 0.281422 9.46444 -5.06972
1010000 FRAC0_S 0 1 22748.9 -8455.82 8500 33003.8 -904.456 -592.397 0.0971829 3.62208 1.32958
1010000 FRAC0_S 0 1 23032.1 -8332.12 8500 26440.4 49213 -69416 0.918984 -39.4375 29.7673
1010000 FRAC0_S 0 1 23263.2 -8126.97 8500 45401.2 -155519 -86984.6 3.34522 55.1992 20.5538
1010000 FRAC0_S 0 1 23419.6 -7860.45 8500 31661.6 36718.7 -93922.8 1.38273 -28.0902 34.0866
1010000 FRAC0_S 0 1 23485.9 -7558.66 8500 43497.4 -3359.55 2040.74 0.170158 9.28835 -3.19783
1010000 FRAC0_S 0 1 23455.8 -7251.11 8500 35495 -1142.92 -629.388 0.112438 4.2277 1.30789
1010000 FRAC0_S 0 1 23332.2 -6967.92 8500 44438.3 -1442.33 -619.817 0.176207 4.27512 1.03382
1010000 FRAC0_S 0 1 23127 -6736.83 8500 34182.2 1934.66 -165.267 0.104455 -7.26616 0.35461
1010000 FRAC0_S 0 1 22860.4 -6580.43 8500 42017.5 867.621 -138.099 0.157391 -2.79482 0.25003
1010000 FRAC0_S 0 1 22558.6 -6514.05 8500 42635.2 685.395 -775.986 0.162103 -2.15911 1.36238
Step FractureNumber TipNr TipActive TipX TipY TipZ KI KII KIII G Phi Psi Extension
1010101 FRAC0_S 0 1 22251.1 -6544.18 8500 44969.8 -1488.04 34967.2 0.343023 2.53511 -27.4105
1010101 FRAC0_S 0 1 21957.6 -6659.38 8521.11 73952.2 -43101.8 98511.3 1.94358 25.1942 -28.7535
1010101 FRAC0_S 0 1 21694.7 -6847.61 8532.52 198211 -188962 -89424.2 7.7463 44.5035 13.4734
1010101 FRAC0_S 0 1 21527.1 -7114.22 8501.71 33475.1 29647.2 3362.78 0.179683 -48.5099 -3.86078
1010101 FRAC0_S 0 1 21492.6 -7432.93 8490.3 50217 9379.51 -10402.7 0.246945 -17.5024 10.8629
1010101 FRAC0_S 0 1 21544.2 -7748.89 8500 53179.1 34426.1 -110526 1.98233 -22.2123 33.2425
1010101 FRAC0_S 0 1 21661.6 -8039.76 8522.94 69238 18394.9 -54578.9 0.853526 -16.9376 25.0747
1010101 FRAC0_S 0 1 21884.7 -8298.54 8545.87 229757 -74339.5 -78296.5 6.01177 24.5713 14.5873
1010101 FRAC0_S 0 1 22133.3 -8427.25 8522.94 45774.8 -13086.9 -102055 1.58721 10.9228 36.1951
1010101 FRAC0_S 0 1 22441.4 -8485.95 8500 33194.6 765.797 -53932.1 0.485094 -1.21449 35.4367
1010101 FRAC0_S 0 1 22759.3 -8472.09 8484.12 34318.8 8053.8 -69183.4 0.747316 -9.74246 35.681
1010101 FRAC0_S 0 1 23063.9 -8373.72 8488.77 -39085.3 -180180 -81279.8 3.77161 58.7726 18.6808
1010101 FRAC0_S 0 1 23316.1 -8169.41 8513.41 39454.4 -35568.8 30464.6 0.374886 39.2472 -19.7739
1010101 FRAC0_S 0 1 23471.6 -7885.61 8496.99 45842.7 45145.6 -7594.89 0.376558 -49.4323 5.81329
1010101 FRAC0_S 0 1 23506.4 -7566.7 8488.23 77210.9 -40177.8 -261189 9.74832 14.0695 38.1062
1010101 FRAC0_S 0 1 23455.8 -7251.11 8500 57640.6 -51702.3 125123 2.61649 27.4678 -32.2269
1010101 FRAC0_S 0 1 23332.2 -6967.92 8500 36835.2 53623.7 13277.2 0.400588 -53.6646 -9.44265
1010101 FRAC0_S 0 1 23127 -6736.83 8500 33926.4 5874.46 3087.08 0.106908 -17.8628 -5.44348
1010101 FRAC0_S 0 1 22860.4 -6580.43 8500 42802.3 4394.74 6211.25 0.170105 -11.046 -8.62486
1010101 FRAC0_S 0 1 22558.6 -6514.05 8500 46744.3 -1816.14 12802.7 0.216802 4.08221 -14.8373