
Step FractureNumber TipNr TipActive TipX TipY TipZ KI KII KIII G Phi Psi Extension
1010000 FRAC0_S 0 1 44211.8 15541.8 8746.4 4.92582e+06 -275951 4.09412e+06 4398.25 4.09425 -27.9519
1010000 FRAC0_S 0 1 44197.7 15330.7 8971.63 4.72629e+06 -2.42925e+06 3.76461e+06 4401.3 27.6798 -22.9678
1010000 FRAC0_S 0 1 44262.1 15087.2 9150.69 4.86316e+06 -4.2009e+06 3.0546e+06 4921.02 40.1191 -17.5639
1010000 FRAC0_S 0 1 44398.7 14835.2 9266.05 5.05454e+06 -5.63841e+06 2.06094e+06 5674.48 48.2118 -11.7425
1010000 FRAC0_S 0 1 44594.2 14599.3 9306.44 4.97743e+06 -6.01545e+06 738477 5504.71 53.3823 -4.77926
1010000 FRAC0_S 0 1 44829.4 14402.7 9267.88 3.71439e+06 -4.41233e+06 -473795 2994.13 53.4003 4.19681
1010000 FRAC0_S 0 1 45081.4 14264.5 9154.15 4.66673e+06 -5.02004e+06 -1.58474e+06 4520.33 48.4673 10.3142
1010000 FRAC0_S 0 1 45325.3 14198.3 8976.4 4.46532e+06 -4.30996e+06 -2.53617e+06 4287.54 43.181 15.8296
1010000 FRAC0_S 0 1 45537.4 14210.6 8752.01 4.32293e+06 -3.0763e+06 -3.2158e+06 3883.97 34.6937 20.6013
1010000 FRAC0_S 0 1 45696.9 14300.2 8502.94 4.58664e+06 -1.50705e+06 -3.18381e+06 3425.2 20.8947 22.8813
1010000 FRAC0_S 0 1 45788.2 14458.2 8253.6 4.06347e+06 -451652 -3.44443e+06 3067.47 7.71868 27.5741
1010000 FRAC0_S 0 1 45802.3 14669.3 8028.37 4.03494e+06 1.27783e+06 -3.37414e+06 3110.46 -19.0792 25.3179
1010000 FRAC0_S 0 1 45737.9 14912.8 7849.31 3.4151e+06 2.80185e+06 -2.99745e+06 2933.8 -36.098 21.8813
1010000 FRAC0_S 0 1 45601.3 15164.8 7733.95 3.63426e+06 4.30714e+06 -2.4201e+06 3609.03 -46.1005 16.4179
1010000 FRAC0_S 0 1 45384 15422.6 7693.47 1.22095e+06 3.78151e+06 -894330 1513.47 -60.9925 11.0707
1010000 FRAC0_S 0 1 45170.6 15597.3 7732.12 3.33606e+06 5.23626e+06 -291835 3446.32 -58.2745 2.53223
1010000 FRAC0_S 0 1 44918.6 15735.5 7845.85 3.80069e+06 5.82524e+06 987411 4440.7 -55.7531 -6.97109
1010000 FRAC0_S 0 1 44674.7 15801.7 8023.6 3.63811e+06 4.60654e+06 2.09192e+06 3652.41 -48.4891 -14.4341
1010000 FRAC0_S 0 1 44462.6 15789.4 8247.99 3.90891e+06 3.37933e+06 3.10376e+06 3660.41 -38.1238 -20.3524
1010000 FRAC0_S 0 1 44303.1 15699.8 8497.06 2.97462e+06 1.2804e+06 2.76725e+06 1953.04 -23.1996 -25.6127
Step FractureNumber TipNr TipActive TipX TipY TipZ KI KII KIII G Phi Psi Extension
1010101 FRAC0_S 0 1 44140.9 15595.9 8772.43 4.59156e+06 -144221 3.82373e+06 3825.09 2.33902 -28.2589
1010101 FRAC0_S 0 1 44151.2 15384.6 9035.33 7.29186e+06 -451437 4.28437e+06 7197.57 5.15604 -23.5971
1010101 FRAC0_S 0 1 44241.5 15131.3 9235.44 8.4282e+06 -197211 3.19938e+06 7694.74 2.31542 -18.6883
1010101 FRAC0_S 0 1 44400.5 14867.7 9359.08 8.77065e+06 -80016.2 1.80368e+06 7287.97 1.04748 -12.2589
1010101 FRAC0_S 0 1 44614.8 14620.9 9400.82 8.56149e+06 -334821 474796 6571.66 4.91271 -3.86723
1010101 FRAC0_S 0 1 44865.2 14411.8 9359.77 9.13633e+06 177924 -454835 7468.58 -2.5266 3.56003
1010101 FRAC0_S 0 1 45130.6 14259 9239.56 9.0958e+06 -217552 -1.55769e+06 7699.31 2.77365 10.4989
1010101 FRAC0_S 0 1 45388.6 14178.7 9048.98 7.4903e+06 -325859 -2.51157e+06 5847.9 4.34758 17.017
1010101 FRAC0_S 0 1 45613.7 14177.8 8802.81 6.47831e+06 -576300 -3.42362e+06 5328.33 7.48821 21.9625
1010101 FRAC0_S 0 1 45781.3 14257.5 8522.6 3.87883e+06 -140524 -2.65608e+06 2280.73 2.9161 25.8109
1010101 FRAC0_S 0 1 45867.8 14410.9 8234.33 5.1837e+06 155090 -3.88125e+06 4400.12 -2.33513 26.9869
1010101 FRAC0_S 0 1 45859.6 14622.1 7970.32 5.26061e+06 219992 -3.38335e+06 3992.81 -3.4315 24.9646
1010101 FRAC0_S 0 1 45765.8 14872.1 7765.84 5.42046e+06 434750 -2.94967e+06 3792.19 -6.74198 22.4268
1010101 FRAC0_S 0 1 45600.5 15131.8 7641.92 6.29918e+06 273775 -2.17758e+06 4173.2 -4.31161 17.3668
1010101 FRAC0_S 0 1 45380.7 15373.4 7602.18 6.98216e+06 -26044.4 -1.206e+06 4537.66 0.443188 10.7405
1010101 FRAC0_S 0 1 45129.8 15579.6 7643.36 7.24637e+06 -138455 -373363 4699.4 2.47619 3.67733
1010101 FRAC0_S 0 1 44866.1 15731 7762.05 6.59668e+06 15074.5 755309 3953.62 -0.286176 -7.65008
1010101 FRAC0_S 0 1 44609.4 15812.3 7950.83 6.69873e+06 236902 1.96306e+06 4516.16 -3.67749 -15.6009
1010101 FRAC0_S 0 1 44385.2 15816.2 8195.58 5.30167e+06 724721 2.88595e+06 3659.2 -10.9214 -21.7973
1010101 FRAC0_S 0 1 44220.8 15742.5 8478.87 4.78394e+06 115290 3.6066e+06 3770.57 -1.88473 -27.1401