
Step FractureNumber TipNr TipActive TipX TipY TipZ KI KII KIII G Phi Psi Extension
1010000 FRAC0_S 0 1 -44017.5 30101.1 8500 31919.5 -61211.4 -34578.8 0.583698 51.0211 18.7001
1010000 FRAC0_S 0 1 -44096.8 30399.8 8500 37000.9 -49000.1 -50664.4 0.677346 41.1971 24.3808
1010000 FRAC0_S 0 1 -44264.6 30659.3 8500 30610 -19638.3 -45424.8 0.392294 25.7877 29.5947
1010000 FRAC0_S 0 1 -44504.3 30854.3 8500 39236.2 6557.29 -65445.6 0.710671 -8.00943 34.4675
1010000 FRAC0_S 0 1 -44792.5 30965.6 8500 39942.3 33363.1 -57931.8 0.687713 -31.0668 28.0011
1010000 FRAC0_S 0 1 -45101.1 30982.5 8500 40649.7 58483.1 -47721.1 0.754907 -44.652 21.8619
1010000 FRAC0_S 0 1 -45399.8 30903.2 8500 41085.5 75981.6 -32705.9 0.807137 -53.0081 15.4592
1010000 FRAC0_S 0 1 -45659.3 30735.4 8500 48402 103101 -13696.4 1.18094 -60.109 6.23999
1010000 FRAC0_S 0 1 -45854.3 30495.7 8500 40436.7 96583.7 4936.78 0.980202 -62.8486 -2.67266
1010000 FRAC0_S 0 1 -45965.6 30207.5 8500 84589.2 84742.1 -118754 3.15317 -35.1249 26.5455
1010000 FRAC0_S 0 1 -45982.5 29898.9 8500 40143.2 67183.9 35444 0.712897 -50.3793 -17.3303
1010000 FRAC0_S 0 1 -45903.2 29600.2 8500 11782.1 91448.3 2493.95 0.758406 -68.7237 -1.8216
1010000 FRAC0_S 0 1 -45735.4 29340.7 8500 32632.9 17329.4 47458.8 0.421215 -22.6884 -30.1664
1010000 FRAC0_S 0 1 -45495.7 29145.7 8500 34207.2 -6089.53 53002 0.4812 8.83948 -33.661
1010000 FRAC0_S 0 1 -45207.5 29034.4 8500 32665.5 118903 58494.2 1.80999 -56.8173 -19.1611
1010000 FRAC0_S 0 1 -44898.9 29017.5 8500 39977.7 -58341.2 47563.4 0.746603 44.7932 -21.9231
1010000 FRAC0_S 0 1 -44600.2 29096.8 8500 28807.9 -58677.1 24006.8 0.457409 54.292 -15.2652
1010000 FRAC0_S 0 1 -44340.7 29264.6 8500 40910.5 -95588.1 16002.4 0.997405 60.2507 -7.82143
1010000 FRAC0_S 0 1 -44145.7 29504.3 8500 34376.4 -94746.3 -4066.87 0.907432 64.1683 2.35092
1010000 FRAC0_S 0 1 -44034.4 29792.5 8500 29199 -68756.3 -19478.3 0.547696 57.9727 12.0297
Step FractureNumber TipNr TipActive TipX TipY TipZ KI KII KIII G Phi Psi Extension
1010101 FRAC0_S 0 1 -44000.3 30108.7 8516.46 84236.9 -42957.4 927.441 0.796864 39.0709 -0.562893
1010101 FRAC0_S 0 1 -44062.4 30415 8532.93 91695.7 -51441.2 -7688.06 0.99291 39.6064 3.89018
1010101 FRAC0_S 0 1 -44235 30688.3 8512.98 51887 2064.11 -60533.5 0.72764 -2.50138 32.0164
1010101 FRAC0_S 0 1 -44475 30918 8480.13 74976.9 115515 -83722.7 2.62226 -46.5541 20.7386
1010101 FRAC0_S 0 1 -44773 31046.6 8453.15 298629 373251 -45679.8 20.6388 -53.8833 4.83174
1010101 FRAC0_S 0 1 -45100.3 31038.9 8451.96 363506 407897 3543.85 26.6025 -54.2962 -0.356005
1010101 FRAC0_S 0 1 -45410 30930.2 8460.75 231418 66312.1 66370.6 5.74993 -23.1757 -13.1218
1010101 FRAC0_S 0 1 -45676 30754 8456.65 234112 56413.5 99224.1 6.477 -18.7975 -17.7187
1010101 FRAC0_S 0 1 -45882.6 30509.2 8463.94 146057 52593.1 89627.1 3.21583 -23.2116 -21.0608
1010101 FRAC0_S 0 1 -46005.7 30216 8471.23 133273 25117.4 -46051.2 1.92101 -16.1436 15.8954
1010101 FRAC0_S 0 1 -46002.5 29903.2 8485.62 65841.2 43781.7 66152.5 1.13913 -30.5281 -24.681
1010101 FRAC0_S 0 1 -45903.2 29600.2 8500 42868.9 38940.8 55493.5 0.708464 -34.0751 -26.1345
1010101 FRAC0_S 0 1 -45735.4 29340.7 8500 26605.6 -7100.12 64569.6 0.622078 9.74923 -37.0025
1010101 FRAC0_S 0 1 -45498.6 29132.3 8479.07 57693.1 2616.95 16145.7 0.331883 -4.70995 -15.0001
1010101 FRAC0_S 0 1 -45211.4 28989.9 8475.76 304062 174953 44512.5 11.2296 -38.968 -6.39332
1010101 FRAC0_S 0 1 -44898.1 28968.8 8514.31 102384 -370508 -36941.5 13.3483 64.7724 5.47845
1010101 FRAC0_S 0 1 -44598.4 29079.2 8517.62 125379 -72842.9 1325.26 1.87386 41.7779 -0.51657
1010101 FRAC0_S 0 1 -44340.7 29264.6 8500 -8465.39 -177867 -40925.1 3.0419 66.6937 12.9762
1010101 FRAC0_S 0 1 -44145.7 29504.3 8500 3220.55 -109011 -59292.5 1.52743 60.702 23.0198
1010101 FRAC0_S 0 1 -44034.4 29792.5 8500 39178.2 -89088.3 -13910.6 0.869756 60.2401 7.31562