
Step FractureNumber TipNr TipActive TipX TipY TipZ KI KII KIII G Phi Psi Extension
1010000 FRAC0_S 0 1 -29085.3 15372.6 8500 7.32946e+06 -8.0514e+06 -5.52056e+06 14617 43.5422 18.2995
1010000 FRAC0_S 0 1 -29245.2 15637 8500 1.05939e+06 -3.97359e+06 -5.45732e+06 5468.05 42.9866 31.6466
1010000 FRAC0_S 0 1 -29479 15839.1 8500 1.28594e+06 -1.48546e+06 -9.57736e+06 12543.5 15.828 40.6447
1010000 FRAC0_S 0 1 -29763.8 15959 8500 1.40667e+06 1.9821e+06 -8.22593e+06 9525.99 -21.853 38.6896
1010000 FRAC0_S 0 1 -30071.7 15985.1 8500 2.11622e+06 6.01691e+06 -7.73984e+06 11592.5 -43.0109 30.1874
1010000 FRAC0_S 0 1 -30372.6 15914.7 8500 1.44277e+06 8.78373e+06 -5.90835e+06 11703.5 -55.4697 24.1374
1010000 FRAC0_S 0 1 -30637 15754.8 8500 2.45458e+07 9.17259e+06 -3.46577e+06 62783.3 -30.2757 6.98336
1010000 FRAC0_S 0 1 -30839.1 15521 8500 2.58108e+06 1.43306e+07 -1.37865e+06 19146.6 -66.7192 5.69181
1010000 FRAC0_S 0 1 -30959 15236.2 8500 1.45115e+07 1.00632e+07 620967 27840.4 -44.7497 -1.90233
1010000 FRAC0_S 0 1 -30985 14928.3 8500 1.30568e+06 1.28404e+07 4.85403e+06 17977.8 -62.6429 -17.7731
1010000 FRAC0_S 0 1 -30914.7 14627.4 8500 -1.89669e+07 8.55949e+06 6.16741e+06 11587.5 -31.0478 -13.1717
1010000 FRAC0_S 0 1 -30754.8 14363 8500 1.13175e+06 3.98546e+06 5.67919e+06 5819.23 -42.1417 -31.8988
1010000 FRAC0_S 0 1 -30521 14160.9 8500 -1.77069e+07 1.28971e+06 8.27691e+06 9259.69 -6.46378 -20.632
1010000 FRAC0_S 0 1 -30236.2 14041 8500 -1.68162e+07 -1.2949e+06 7.46268e+06 7556.4 6.90931 -19.9512
1010000 FRAC0_S 0 1 -29928.3 14014.9 8500 1.75592e+06 -5.73935e+06 8.0397e+06 11806.7 42.1682 -31.5284
1010000 FRAC0_S 0 1 -29627.4 14085.3 8500 1.11428e+06 -7.3515e+06 5.09868e+06 8384.09 55.3145 -24.6565
1010000 FRAC0_S 0 1 -29363 14245.2 8500 1.09709e+06 -8.10301e+06 2.88748e+06 7066.99 62.3935 -16.7495
1010000 FRAC0_S 0 1 -29160.9 14479 8500 1.79378e+06 -1.22624e+07 1.22975e+06 13887 67.2613 -6.06152
1010000 FRAC0_S 0 1 -29034.9 14788.6 8500 1.26517e+06 -1.1438e+07 -1.20656e+06 11994.2 67.7896 6.51763
1010000 FRAC0_S 0 1 -29015 15071.7 8500 1.33548e+06 -1.04046e+07 -3.61768e+06 11546.2 62.7187 16.5426
Step FractureNumber TipNr TipActive TipX TipY TipZ KI KII KIII G Phi Psi Extension
1010101 FRAC0_S 0 1 -29026.4 15399 8573.71 8.03909e+06 -2.71013e+06 -4.47197e+06 9073.2 22.7079 20.0678
1010101 FRAC0_S 0 1 -29187.8 15687.9 8558.14 1.1271e+07 5.98731e+06 -1.92801e+06 15009 -36.8718 7.50487
1010101 FRAC0_S 0 1 -29407.8 15896.9 8526.29 5.11594e+06 -570762 -1.08926e+06 2519.1 11.296 11.686
1010101 FRAC0_S 0 1 -29741.3 16042.7 8471.16 4.34375e+06 614840 -7.04357e+06 8313.42 -6.98815 34.4097
1010101 FRAC0_S 0 1 -30074.2 16057.2 8435.99 5.57862e+06 1.55758e+06 -5.92852e+06 7663.99 -15.6959 28.5996
1010101 FRAC0_S 0 1 -30398.6 15975.7 8429.15 1.90089e+06 -2.07716e+06 -1.10603e+06 869.163 45.5141 15.4069
1010101 FRAC0_S 0 1 -30678.6 15806.1 8431.23 8.77283e+06 4.3481e+06 -3.14275e+06 9856.46 -32.4257 13.8403
1010101 FRAC0_S 0 1 -30887 15552.2 8423.86 9.30381e+06 2.41574e+06 -1.12207e+06 8400.92 -23.8593 6.56352
1010101 FRAC0_S 0 1 -31013.3 15249.1 8419.63 9.98493e+06 3.50306e+06 691191 10041.2 -30.3154 -3.72384
1010101 FRAC0_S 0 1 -31045.1 14922.8 8425.09 8.59316e+06 3.70283e+06 2.53114e+06 8653.96 -30.597 -12.3537
1010101 FRAC0_S 0 1 -30980 14598.4 8435.23 -2.15554e+06 9.58604e+06 3.08249e+06 9452.25 -61.2602 -14.7923
1010101 FRAC0_S 0 1 -30816.1 14309.8 8450.74 -1.53452e+07 1.41061e+07 5.41413e+06 21629.9 -45.1839 -11.3166
1010101 FRAC0_S 0 1 -30567.3 14082.6 8480.6 4.0447e+06 1.36341e+06 7.25101e+06 8616.21 -14.2662 -33.8507
1010101 FRAC0_S 0 1 -30259.8 13953.2 8519.98 2.83888e+06 -370851 5.39687e+06 4604.2 5.90252 -35.935
1010101 FRAC0_S 0 1 -29926.2 13940.7 8557.13 5.63011e+06 -1.6472e+06 5.95645e+06 7785.14 16.3412 -28.4221
1010101 FRAC0_S 0 1 -29607.8 14031.7 8580.05 1.74967e+07 -5.11579e+06 1.0376e+07 43930.7 20.0275 -21.2689
1010101 FRAC0_S 0 1 -29334.4 14209.3 8587.92 1.18036e+07 864422 3.31122e+06 13940.1 -7.36867 -14.7461
1010101 FRAC0_S 0 1 -29127.9 14457.7 8591.41 9.92381e+06 -996079 1.10283e+06 9025.9 11.1185 -6.87717
1010101 FRAC0_S 0 1 -29003 14755 8591.57 6.51645e+06 -3.87693e+06 -251093 5131.75 41.7049 1.82158
1010101 FRAC0_S 0 1 -28966.1 15078 8584.81 8.75049e+06 -1.72006e+06 -2.1854e+06 7722.1 17.7343 12.4849