
Step FractureNumber TipNr TipActive TipX TipY TipZ KI KII KIII G Phi Psi Extension
1010000 FRAC0_S 0 1 14917.7 -29015.8 8500 -522429 6.19035e+06 -1.13211e+06 3585.2 -66.8863 10.5691
1010000 FRAC0_S 0 1 14617.5 -29089.3 8500 -454448 6.19404e+06 294620 3430.36 -69.1852 -3.25039
1010000 FRAC0_S 0 1 14354.9 -29252.1 8500 -6.05602e+06 5.78875e+06 1.70054e+06 3370.66 -47.046 -9.27234
1010000 FRAC0_S 0 1 14155.3 -29488 8500 -417359 4.95873e+06 2.87213e+06 3288.26 -58.8664 -23.1592
1010000 FRAC0_S 0 1 14038.5 -29774.1 8500 -320699 2.7474e+06 2.99012e+06 1861.75 -49.0936 -30.459
1010000 FRAC0_S 0 1 14015.7 -30082.3 8500 -455981 1.57351e+06 4.37557e+06 2767 -30.1687 -37.8845
1010000 FRAC0_S 0 1 14089.3 -30382.4 8500 -451769 -470774 4.5712e+06 2798.9 11.483 -42.0543
1010000 FRAC0_S 0 1 14252.1 -30645.1 8500 -347474 -2.02885e+06 3.55577e+06 2048.38 39.6936 -34.8974
1010000 FRAC0_S 0 1 14488.1 -30844.6 8500 -459156 -4.30633e+06 3.56214e+06 3340.11 53.6775 -27.3265
1010000 FRAC0_S 0 1 14774.1 -30961.5 8500 -489613 -5.77648e+06 2.48382e+06 3793.93 61.9164 -19.4825
1010000 FRAC0_S 0 1 15082.3 -30984.2 8500 -521222 -6.65921e+06 1.17888e+06 4136.43 67.1046 -10.3437
1010000 FRAC0_S 0 1 15382.5 -30910.7 8500 -491758 -6.87414e+06 -251239 4219.18 69.334 2.5368
1010000 FRAC0_S 0 1 15645.1 -30747.9 8500 -7.74782e+06 -6.89044e+06 -1.79993e+06 4661.66 46.3848 8.14509
1010000 FRAC0_S 0 1 15844.7 -30512 8500 -470380 -5.51026e+06 -3.00952e+06 3910.26 59.5119 22.413
1010000 FRAC0_S 0 1 15961.5 -30225.9 8500 -376942 -2.88687e+06 -3.01533e+06 1951.91 49.5695 29.8467
1010000 FRAC0_S 0 1 15984.3 -29917.7 8500 -472909 -1.79675e+06 -4.43721e+06 2906.29 32.4818 37.1599
1010000 FRAC0_S 0 1 15910.7 -29617.6 8500 7.13002e+06 173169 -3.73914e+06 6392.26 -2.1783 22.6284
1010000 FRAC0_S 0 1 15747.9 -29354.9 8500 -404725 1.85113e+06 -3.29614e+06 1750.33 -38.8968 34.6762
1010000 FRAC0_S 0 1 15511.9 -29155.4 8500 2.41782e+06 3.26829e+06 -2.8617e+06 2561.95 -43.2959 22.4147
1010000 FRAC0_S 0 1 15225.9 -29038.5 8500 8.56328e+06 4.52509e+06 -2.11372e+06 8953.3 -35.4705 10.2073
Step FractureNumber TipNr TipActive TipX TipY TipZ KI KII KIII G Phi Psi Extension
1010101 FRAC0_S 0 1 14917.3 -28968.2 8416.14 1.1163e+07 -4.56803e+06 -1.06591e+06 13114.8 32.8967 4.81687
1010101 FRAC0_S 0 1 14598.8 -29050.3 8411.98 3.66545e+06 855456 103877 1263.89 -23.5011 -1.73531
1010101 FRAC0_S 0 1 14318.2 -29211.4 8418.64 2.58522e+06 1.03883e+06 745380 765.615 -29.3283 -12.3457
1010101 FRAC0_S 0 1 14106.2 -29458 8420.01 2.5467e+06 1.36761e+06 1.80635e+06 1178.57 -29.4684 -21.339
1010101 FRAC0_S 0 1 13974.1 -29761.7 8428.24 2.57489e+06 3.48901e+06 4.12057e+06 3933.78 -39.7461 -26.1563
1010101 FRAC0_S 0 1 13934.1 -30091.7 8460.95 -1.58906e+07 8.02152e+06 3.89953e+06 7756.21 -34.556 -10.2878
1010101 FRAC0_S 0 1 14008 -30415.8 8513.36 806156 -263862 2.64072e+06 991.577 9.60113 -38.7958
1010101 FRAC0_S 0 1 14192.7 -30692.4 8557.05 -1.28793e+07 -1.20376e+07 3.59333e+06 14629.6 46.632 -9.30666
1010101 FRAC0_S 0 1 14455.5 -30894 8578.31 2.04337e+06 -1.11348e+06 2.07131e+06 1053.16 26.6416 -25.7226
1010101 FRAC0_S 0 1 14761.9 -31006.8 8587.29 8.34128e+06 -1.23784e+06 3.98517e+06 8448.79 12.1931 -20.0678
1010101 FRAC0_S 0 1 15084.7 -31023.2 8591.51 -2.50102e+06 2.89146e+06 -1.23615e+06 948.24 -47.7497 13.3983
1010101 FRAC0_S 0 1 15401.3 -30949.7 8587.91 2.67853e+06 -817229 68613.6 699.46 28.4191 -1.48926
1010101 FRAC0_S 0 1 15681.9 -30788.7 8581.14 2.679e+06 -1.25869e+06 -676059 841.511 32.9839 10.7209
1010101 FRAC0_S 0 1 15893.4 -30541.9 8580.22 1.73724e+06 -865342 -996545 467.745 29.6138 19.0671
1010101 FRAC0_S 0 1 16024.9 -30238.1 8573.03 681020 32046.6 -1.01266e+06 177.808 -2.57565 34.4074
1010101 FRAC0_S 0 1 16065.1 -29908.2 8544.93 1.34082e+06 -881611 -3.18132e+06 1575.53 20.9775 34.4828
1010101 FRAC0_S 0 1 15992.4 -29583.8 8495.82 964876 144376 -3.37155e+06 1596.67 -4.43826 40.0069
1010101 FRAC0_S 0 1 15809.8 -29304.3 8450.51 1.37613e+06 1.19337e+06 -3.19561e+06 1653.84 -25.9804 33.0963
1010101 FRAC0_S 0 1 15550.2 -29091.7 8435.51 1.98558e+06 1.92099e+06 -2.52685e+06 1529.35 -35.5623 25.5452
1010101 FRAC0_S 0 1 15243.8 -28973.5 8430.85 2.32651e+06 1.45255e+06 -834922 763.05 -37.1365 13.0339