
Step FractureNumber TipNr TipActive TipX TipY TipZ KI KII KIII G Phi Psi Extension
1010000 FRAC0_S 0 1 -29016 30084.9 8500 3.27488e+06 6.02651e+06 4.84359e+06 7312.29 -46.9409 -22.8397
1010000 FRAC0_S 0 1 -29090.4 30384.8 8500 2.92064e+06 3.16735e+06 5.13351e+06 5159.02 -33.9391 -28.7765
1010000 FRAC0_S 0 1 -29264.1 30658.9 8500 1.74208e+06 367534 3.42657e+06 1844.07 -8.98576 -35.6355
1010000 FRAC0_S 0 1 -29490.2 30846 8500 2.93709e+06 -1.86125e+06 5.17537e+06 4639.74 23.6885 -31.5888
1010000 FRAC0_S 0 1 -29776.6 30962.1 8500 2.40228e+06 -3.52695e+06 4.04677e+06 3800.77 40.7466 -26.2105
1010000 FRAC0_S 0 1 -30084.9 30984 8500 2.31334e+06 -5.20221e+06 3.10102e+06 4167.43 51.7936 -19.9677
1010000 FRAC0_S 0 1 -30384.8 30909.6 8500 2.19677e+06 -5.82792e+06 1.78367e+06 3879.75 58.4716 -13.0932
1010000 FRAC0_S 0 1 -30647.1 30746.2 8500 2.57292e+06 -7.31068e+06 645557 5407.91 63.4595 -4.65823
1010000 FRAC0_S 0 1 -30846 30509.8 8500 2.24839e+06 -6.53344e+06 -856451 4351.76 62.736 6.67046
1010000 FRAC0_S 0 1 -30962.1 30223.4 8500 1.81614e+06 -4.35666e+06 -1.58725e+06 2320.34 56.5354 14.5736
1010000 FRAC0_S 0 1 -30984 29915.1 8500 2.62105e+06 -5.34679e+06 -3.65635e+06 4937.73 49.5858 21.2696
1010000 FRAC0_S 0 1 -30909.6 29615.2 8500 2.0852e+06 -2.69189e+06 -3.60861e+06 2765.1 37.7281 27.4546
1010000 FRAC0_S 0 1 -30746.2 29352.9 8500 2.63228e+06 -1.34281e+06 -5.37201e+06 4616.3 18.6678 33.9284
1010000 FRAC0_S 0 1 -30509.8 29154 8500 3.11129e+06 1.57501e+06 -5.8243e+06 5595.34 -19.4071 33.0894
1010000 FRAC0_S 0 1 -30223.4 29037.9 8500 3.00169e+06 3.88087e+06 -5.09447e+06 5596.82 -38.0142 27.207
1010000 FRAC0_S 0 1 -29915.1 29016 8500 3.04206e+06 6.31635e+06 -4.16849e+06 6690.84 -50.1098 20.9029
1010000 FRAC0_S 0 1 -29615.2 29090.4 8500 2.86704e+06 8.7032e+06 -2.52078e+06 8327.3 -59.7662 12.8975
1010000 FRAC0_S 0 1 -29352.9 29253.8 8500 2.88551e+06 8.39017e+06 -659270 7072.65 -63.825 4.20792
1010000 FRAC0_S 0 1 -29154 29490.2 8500 3.21068e+06 8.84769e+06 1.23001e+06 8095.47 -62.1827 -6.93715
1010000 FRAC0_S 0 1 -29037.9 29776.6 8500 2.31623e+06 7.01466e+06 3.32657e+06 6334.56 -56.0878 -18.2202
Step FractureNumber TipNr TipActive TipX TipY TipZ KI KII KIII G Phi Psi Extension
1010101 FRAC0_S 0 1 -28949.2 30092.7 8428.76 7.25102e+06 1.04233e+06 4.2246e+06 7155.66 -11.172 -22.5652
1010101 FRAC0_S 0 1 -29016.5 30418.6 8449.91 5.69072e+06 897764 5.05194e+06 6352.03 -10.3811 -27.6362
1010101 FRAC0_S 0 1 -29185.5 30707.1 8488.28 4.27227e+06 720472 4.19606e+06 4014.44 -10.5467 -28.7372
1010101 FRAC0_S 0 1 -29443.7 30919.8 8532.5 4.65861e+06 -739712 4.84151e+06 5100.23 9.74812 -29.5021
1010101 FRAC0_S 0 1 -29757.6 31034 8562.32 3.86282e+06 -899367 2.83711e+06 2472.27 15.5884 -24.5208
1010101 FRAC0_S 0 1 -30088.3 31045.4 8576.92 5.87968e+06 -1.20708e+06 2.59048e+06 4102.93 16.3737 -18.515
1010101 FRAC0_S 0 1 -30403.6 30957.6 8584.63 6.76229e+06 -974581 1.34655e+06 4400.67 14.2151 -10.8377
1010101 FRAC0_S 0 1 -30676.6 30781.1 8588.26 6.66128e+06 -597820 139948 3988.5 10.8546 -1.46351
1010101 FRAC0_S 0 1 -30886.3 30533.1 8587.67 7.47525e+06 -1.04783e+06 -1.04067e+06 5221.29 14.4984 8.09674
1010101 FRAC0_S 0 1 -31014.9 30234.1 8582.97 6.10303e+06 -705606 -1.64919e+06 3725.18 11.1925 13.9545
1010101 FRAC0_S 0 1 -31048 29907.8 8574.22 5.72415e+06 -1.32068e+06 -3.46599e+06 4672.94 16.4858 22.1325
1010101 FRAC0_S 0 1 -30980.1 29582.9 8557.63 4.53078e+06 -540265 -3.9069e+06 3885.36 8.17127 27.6938
1010101 FRAC0_S 0 1 -30812.4 29294 8522.99 3.92725e+06 239885 -5.44925e+06 5328.84 -3.44881 33.6032
1010101 FRAC0_S 0 1 -30556.4 29078.9 8475.99 3.93523e+06 401127 -4.26498e+06 3813.58 -6.37672 30.5627
1010101 FRAC0_S 0 1 -30243.1 28963.3 8441.72 5.97057e+06 1.56307e+06 -4.59083e+06 6197.35 -16.8852 24.8029
1010101 FRAC0_S 0 1 -29912 28953.3 8424.64 8.00491e+06 1.30767e+06 -3.7842e+06 7767.01 -13.2807 19.7824
1010101 FRAC0_S 0 1 -29596.8 29042.9 8415.19 1.12858e+07 1.09529e+06 -2.34978e+06 12191.1 -10.0225 11.6024
1010101 FRAC0_S 0 1 -29323.6 29219.5 8411.42 1.04203e+07 364018 -385695 9707.43 -4.48809 2.65395
1010101 FRAC0_S 0 1 -29113.2 29466.7 8412.59 1.06534e+07 621204 1.2751e+06 10364.1 -6.75843 -7.58447
1010101 FRAC0_S 0 1 -28983.7 29765.8 8418.13 8.7431e+06 856575 2.29971e+06 7580.5 -9.71514 -13.8419