
Step FractureNumber TipNr TipActive TipX TipY TipZ KI KII KIII G Phi Psi Extension
1010000 FRAC0_S 0 1 -29799.2 -29424 7723.21 -1.09508e+07 -6.69728e+06 -813185 4084.85 41.5761 3.37173
1010000 FRAC0_S 0 1 -30050.4 -29277.8 7828.17 -9.78154e+06 -5.35965e+06 -1.64521e+06 2919.76 37.5639 7.32766
1010000 FRAC0_S 0 1 -30296.6 -29202.2 7998.91 -8.29609e+06 -3.12216e+06 -2.56707e+06 1745.08 27.7657 13.2054
1010000 FRAC0_S 0 1 -30513.8 -29204.8 8218.7 -9.95319e+06 -3.0528e+06 -3.72209e+06 2673.04 23.2181 15.7216
1010000 FRAC0_S 0 1 -30692.7 -29295.6 8488.26 -8.57876e+06 -236293 -3.62547e+06 1753.13 2.63388 19.9285
1010000 FRAC0_S 0 1 -30781.1 -29435.6 8716.66 -1.03318e+07 1.70925e+06 -4.03743e+06 2428.35 -14.0918 17.5056
1010000 FRAC0_S 0 1 -30804.9 -29641.2 8946.1 -9.99585e+06 3.36679e+06 -3.6151e+06 2748.25 -25.0101 15.1124
1010000 FRAC0_S 0 1 -30749.9 -29882 9131.87 -1.02829e+07 5.12308e+06 -2.76505e+06 3355.63 -33.907 11.105
1010000 FRAC0_S 0 1 -30621.5 -30134.2 9255.79 -1.02955e+07 6.30497e+06 -1.59108e+06 3879.05 -40.1138 6.56965
1010000 FRAC0_S 0 1 -30432.3 -30373.4 9305.73 -1.23082e+07 8.00507e+06 -265098 5719.61 -43.8679 0.999351
1010000 FRAC0_S 0 1 -30200.8 -30576 9276.79 -1.0491e+07 6.71222e+06 1.23792e+06 4218.57 -41.6836 -5.08729
1010000 FRAC0_S 0 1 -29973.9 -30711.4 9185.29 -1.06654e+07 6.08592e+06 2.40012e+06 4066.65 -37.4201 -9.25689
1010000 FRAC0_S 0 1 -29703.4 -30797.8 9001.09 -1.11949e+07 4.87122e+06 3.76891e+06 4003.7 -30.1603 -13.6296
1010000 FRAC0_S 0 1 -29486.2 -30795.2 8781.3 -1.045e+07 2.59629e+06 4.12235e+06 2860.84 -19.5704 -16.826
1010000 FRAC0_S 0 1 -29319.2 -30714.8 8533.98 -7.7519e+06 -147998 3.19754e+06 1361.78 1.85462 -19.7347
1010000 FRAC0_S 0 1 -29218.9 -30564.4 8283.34 -1.03551e+07 -1.09081e+06 4.3361e+06 2606.66 9.34204 -18.9394
1010000 FRAC0_S 0 1 -29195.1 -30358.8 8053.9 -8.10284e+06 -2.50513e+06 2.69732e+06 1526.87 23.8778 -14.4564
1010000 FRAC0_S 0 1 -29250.1 -30118 7868.13 -1.01729e+07 -4.31836e+06 3.12215e+06 2958.2 30.1167 -12.7894
1010000 FRAC0_S 0 1 -29378.5 -29865.8 7744.21 -1.01619e+07 -5.37639e+06 2.01843e+06 3117.62 36.3078 -8.53122
1010000 FRAC0_S 0 1 -29567.7 -29626.6 7694.27 -1.02704e+07 -6.02626e+06 821731 3325.91 40.6099 -3.66819
Step FractureNumber TipNr TipActive TipX TipY TipZ KI KII KIII G Phi Psi Extension
1010101 FRAC0_S 0 1 -29747 -29343.1 7702.17 -3.90769e+06 -1.32341e+07 -513025 15641.7 65.6111 2.23872
1010101 FRAC0_S 0 1 -30021.4 -29186.1 7809.19 -5.2852e+06 -1.36327e+07 -2.62451e+06 17477.2 60.5631 9.01294
1010101 FRAC0_S 0 1 -30295 -29105.6 7984.38 -6.38642e+06 -9.26577e+06 -3.56326e+06 9339.17 51.2321 13.3293
1010101 FRAC0_S 0 1 -30542.9 -29113.1 8212.29 -8.52242e+06 -6.03414e+06 -4.51967e+06 5961.42 37.2804 16.6279
1010101 FRAC0_S 0 1 -30742.8 -29213.2 8466.57 -9.11836e+06 -1.39931e+06 -4.84e+06 3290.08 12.1749 21.3043
1010101 FRAC0_S 0 1 -30867.6 -29394.1 8724.21 -7.90168e+06 2.66417e+06 -4.06343e+06 2828.51 -23.1741 19.1193
1010101 FRAC0_S 0 1 -30900.5 -29632.2 8961.38 -6.73343e+06 6.50353e+06 -3.86314e+06 5753.86 -43.1198 15.937
1010101 FRAC0_S 0 1 -30843.4 -29902.9 9151.77 -4.99664e+06 9.27486e+06 -2.93079e+06 8807.91 -55.1341 12.3311
1010101 FRAC0_S 0 1 -30705.9 -30180.5 9276.38 -3.24306e+06 1.02076e+07 -1.62421e+06 9635.65 -62.7027 8.02087
1010101 FRAC0_S 0 1 -30502.8 -30439.5 9325.55 -2.19592e+06 1.12176e+07 -321800 11227 -67.648 1.80932
1010101 FRAC0_S 0 1 -30253.2 -30657.1 9296.4 -2.6996e+06 1.05727e+07 1.08704e+06 10118 -65.1321 -5.71571
1010101 FRAC0_S 0 1 -29979.2 -30814.1 9190.1 -4.06946e+06 1.00873e+07 2.45169e+06 9866.77 -59.2084 -10.795
1010101 FRAC0_S 0 1 -29705.1 -30894.3 9015.13 -6.13444e+06 8.40233e+06 3.54277e+06 7960.4 -49.945 -14.0173
1010101 FRAC0_S 0 1 -29454.4 -30885.1 8790.1 -8.50684e+06 5.84778e+06 4.49285e+06 5731.95 -36.6989 -16.7184
1010101 FRAC0_S 0 1 -29254.6 -30785.5 8535.45 -1.03534e+07 1.43482e+06 5.11511e+06 3663.31 -11.3794 -20.5817
1010101 FRAC0_S 0 1 -29133.1 -30608 8274.05 -9.66223e+06 -2.76005e+06 4.91137e+06 3886.99 20.5175 -19.4514
1010101 FRAC0_S 0 1 -29100.7 -30370.8 8035.28 -5.90201e+06 -4.46684e+06 3.33162e+06 3254.24 38.204 -17.0163
1010101 FRAC0_S 0 1 -29157.1 -30099.9 7843.59 -6.96901e+06 -9.35715e+06 3.68177e+06 9605 50.1639 -13.2358
1010101 FRAC0_S 0 1 -29294.7 -29821.9 7717.79 -4.37264e+06 -8.96086e+06 2.33548e+06 7880.7 57.1703 -10.8928
1010101 FRAC0_S 0 1 -29497.7 -29561.7 7670.09 -3.04712e+06 -1.02556e+07 1.05837e+06 9521.25 64.2792 -5.56917