
Step FractureNumber TipNr TipActive TipX TipY TipZ KI KII KIII G Phi Psi Extension
1010000 FRAC0_S 0 1 167.108 -29026.6 8500 1.28969e+06 -8.00299e+06 1.01428e+06 5992.35 66.5023 -7.35619
1010000 FRAC0_S 0 1 -141.884 -29022.6 8500 1.59695e+06 -8.69901e+06 -826635 7061.33 66.6764 5.61471
1010000 FRAC0_S 0 1 -436.986 -29114.3 8500 -38126.3 -7.13673e+06 -2.39103e+06 5299 65.486 17.4347
1010000 FRAC0_S 0 1 -698.651 -29301.7 8500 -2.9547e+07 -5.80298e+06 -3.59024e+06 4715.1 19.3087 6.911
1010000 FRAC0_S 0 1 -874.166 -29540.2 8500 1.26122e+06 -3.78289e+06 -5.19023e+06 4999.75 42.1841 31.0696
1010000 FRAC0_S 0 1 -973.449 -29832.9 8500 1.54928e+06 -1.3008e+06 -5.75318e+06 4766.85 19.5676 37.403
1010000 FRAC0_S 0 1 -977.444 -30141.9 8500 1.59604e+06 1.49394e+06 -6.29556e+06 5697.21 -20.5109 37.4724
1010000 FRAC0_S 0 1 -885.76 -30437 8500 1.2688e+06 4.03772e+06 -5.38653e+06 5455.18 -42.8835 30.9179
1010000 FRAC0_S 0 1 -707.371 -30689.4 8500 970719 4.83685e+06 -3.46554e+06 3766.04 -53.9793 24.5411
1010000 FRAC0_S 0 1 -459.741 -30874.2 8500 1.328e+06 8.12069e+06 -2.84261e+06 7108.26 -61.9406 16.274
1010000 FRAC0_S 0 1 -167.108 -30973.4 8500 1.73831e+06 9.90965e+06 -1.07883e+06 9174.77 -66.5701 6.37481
1010000 FRAC0_S 0 1 141.884 -30977.4 8500 79321.9 9.40703e+06 899017 7993.59 -69.3788 -6.50484
1010000 FRAC0_S 0 1 436.986 -30885.7 8500 1.37413e+06 8.40696e+06 2.7341e+06 7460.5 -62.4572 -15.4651
1010000 FRAC0_S 0 1 689.314 -30707.4 8500 927348 7.57235e+06 4.75608e+06 8194.74 -57.1321 -23.7377
1010000 FRAC0_S 0 1 874.166 -30459.8 8500 1.22792e+06 4.34726e+06 5.35902e+06 5638.06 -44.5966 -30.302
1010000 FRAC0_S 0 1 973.449 -30167.1 8500 1.31771e+06 1.65475e+06 5.81502e+06 4896.04 -23.8809 -37.165
1010000 FRAC0_S 0 1 977.444 -29858.1 8500 1.1239e+06 -1.07383e+06 5.88395e+06 4819.89 17.3662 -39.2963
1010000 FRAC0_S 0 1 885.76 -29563 8500 -3.38063e+06 -3.56741e+06 5.26049e+06 4814.52 34.932 -27.4823
1010000 FRAC0_S 0 1 707.371 -29310.6 8500 900541 -4.34548e+06 3.11835e+06 3048.26 53.8399 -24.4928
1010000 FRAC0_S 0 1 459.741 -29125.8 8500 1.34942e+06 -7.42006e+06 2.68859e+06 6029.82 61.3062 -16.4855
Step FractureNumber TipNr TipActive TipX TipY TipZ KI KII KIII G Phi Psi Extension
1010101 FRAC0_S 0 1 174.646 -28986.5 8590.74 2.79995e+06 -1.10527e+07 932735 11700.3 65.5386 -4.78928
1010101 FRAC0_S 0 1 -147.63 -28983.8 8591.59 4.63953e+06 697117 -801973 2046.96 -14.996 9.62698
1010101 FRAC0_S 0 1 -464.053 -29068.9 8576.72 -1.18074e+07 -8.64751e+06 589490 6709.82 45.7087 -2.15902
1010101 FRAC0_S 0 1 -743.231 -29241 8556.07 -4.41581e+06 1.13891e+07 7.68667e+06 19416.9 -51.4211 -21.9891
1010101 FRAC0_S 0 1 -946.642 -29502.1 8550.21 -2.01307e+07 -1.3438e+07 -1.15196e+06 16268 43.6989 2.55155
1010101 FRAC0_S 0 1 -1059.45 -29819.7 8524.77 1.79344e+07 5.31912e+06 2.36614e+06 31927.2 -26.0493 -6.92232
1010101 FRAC0_S 0 1 -1063.43 -30152.7 8473.84 2.82561e+06 381126 -4.07008e+06 2927.62 -7.14053 33.3033
1010101 FRAC0_S 0 1 -952.316 -30466.8 8436.99 3.95761e+06 689168 -3.60185e+06 3163.48 -11.2083 27.7673
1010101 FRAC0_S 0 1 -750.332 -30728.4 8420.49 3.39994e+06 -954026 -1.27245e+06 1326.52 21.7261 15.9524
1010101 FRAC0_S 0 1 -482.9 -30915 8412.72 -1.26274e+06 -4.33465e+06 889624 1779.57 62.2938 -10.0762
1010101 FRAC0_S 0 1 -174.68 -31012.1 8408.67 1.30981e+06 -358493 203479 169.837 24.2457 -8.08928
1010101 FRAC0_S 0 1 147.846 -31015 8408.1 5.39842e+06 -755200 605336 2696.48 14.7688 -6.72104
1010101 FRAC0_S 0 1 457.949 -30924.9 8411.27 3.87221e+07 -2.8316e+07 6.61311e+06 210876 43.4778 -6.73754
1010101 FRAC0_S 0 1 729.121 -30745.4 8418.28 6.14591e+06 1.31473e+06 3.69565e+06 5336.4 -15.5264 -22.2172
1010101 FRAC0_S 0 1 937.675 -30489.9 8433.77 3.0105e+06 6.05921e+06 8.38764e+06 13436.1 -40.1593 -29.8583
1010101 FRAC0_S 0 1 1057.88 -30179.7 8469.67 3.35618e+06 470537 4.82867e+06 4124.49 -7.40402 -33.2441
1010101 FRAC0_S 0 1 1065.58 -29846 8519.12 3.30787e+06 -419178 4.98611e+06 4297.25 6.57319 -33.829
1010101 FRAC0_S 0 1 956.699 -29531.1 8556.28 9.50315e+06 4.1841e+06 1.89354e+06 10084.4 -32.5479 -8.99196
1010101 FRAC0_S 0 1 752.469 -29270.4 8576.62 4.21188e+06 -412595 2.47332e+06 2409.57 7.90167 -23.173
1010101 FRAC0_S 0 1 483.166 -29084.4 8586.97 4.96356e+06 -208486 1.62361e+06 2549.87 4.22922 -16.752