
Step FractureNumber TipNr TipActive TipX TipY TipZ KI KII KIII G Phi Psi Extension
1010000 FRAC0_S 0 1 -21697.5 44529.7 8167.85 1.02121e+06 1.57518e+06 -86510.2 315.025 -58.0669 2.4808
1010000 FRAC0_S 0 1 -21710.5 44747.9 7962.67 978204 1.70586e+06 362164 362.02 -56.4475 -8.80692
1010000 FRAC0_S 0 1 -21800 44996.9 7803.13 738278 1.09734e+06 550232 196.138 -49.5832 -16.2335
1010000 FRAC0_S 0 1 -21958.1 45246.3 7711.82 1.00707e+06 1.03336e+06 782533 266.972 -41.868 -19.0861
1010000 FRAC0_S 0 1 -22169.2 45471.5 7697.66 686629 332361 1.14023e+06 224.771 -19.8912 -31.9873
1010000 FRAC0_S 0 1 -22412.6 45650.7 7762.04 1.00748e+06 22101.7 1.23292e+06 292.665 -1.36094 -32.7056
1010000 FRAC0_S 0 1 -22664.6 45766 7898.65 937524 -517475 1.12265e+06 269.811 25.2845 -27.7118
1010000 FRAC0_S 0 1 -22900.6 45806.4 8094.13 924138 -994656 970258 289.469 39.9026 -22.4735
1010000 FRAC0_S 0 1 -23097.2 45767.9 8329.34 911078 -1.36983e+06 713812 308.944 49.3921 -16.717
1010000 FRAC0_S 0 1 -23235.5 45654.2 8581.25 1.17282e+06 -946200 572848 245.996 40.5616 -15.1045
1010000 FRAC0_S 0 1 -23301.7 45476.5 8825.21 1.04811e+06 -1.98219e+06 47160.2 448.305 61.1334 -1.18755
1010000 FRAC0_S 0 1 -23289.5 45252.1 9037.33 830316 -1.49388e+06 -296244 271.972 57.0623 8.39624
1010000 FRAC0_S 0 1 -23200 45003.1 9196.87 746846 -1.21068e+06 -560073 222.035 51.1364 15.719
1010000 FRAC0_S 0 1 -23041.9 44753.7 9288.18 1.01122e+06 -1.15167e+06 -1.02835e+06 349.959 41.4072 21.7082
1010000 FRAC0_S 0 1 -22830.8 44528.5 9302.34 926922 -574211 -1.1242e+06 274.032 27.272 27.3495
1010000 FRAC0_S 0 1 -22587.4 44349.3 9237.96 928904 -11156.3 -1.18436e+06 263.46 0.733276 33.2283
1010000 FRAC0_S 0 1 -22335.4 44234 9101.35 963595 526494 -1.11729e+06 273.47 -25.4153 27.3643
1010000 FRAC0_S 0 1 -22099.4 44193.6 8905.87 950731 1.00606e+06 -960120 293.343 -39.9597 22.0988
1010000 FRAC0_S 0 1 -21902.8 44232.1 8670.66 980084 1.40563e+06 -701598 327.128 -49.2306 16.0214
1010000 FRAC0_S 0 1 -21764.5 44345.8 8418.75 959096 1.69925e+06 -380306 358.506 -56.3994 9.24526
Step FractureNumber TipNr TipActive TipX TipY TipZ KI KII KIII G Phi Psi Extension
1010101 FRAC0_S 0 1 -21704.1 44449.5 8108.88 1.98276e+06 738000 382415 418.306 -29.3358 -9.11105
1010101 FRAC0_S 0 1 -21716.2 44701.5 7873.24 2.06842e+06 67501.7 255492 390.333 -3.89596 -7.95663
1010101 FRAC0_S 0 1 -21799.5 44954.3 7714.25 1.90576e+06 114771 613480 374.87 -5.96729 -16.3767
1010101 FRAC0_S 0 1 -21953.5 45231.6 7616.41 1.73971e+06 186338 892182 378.661 -8.9506 -21.3856
1010101 FRAC0_S 0 1 -22160.8 45495.3 7606.14 1.6885e+06 357530 612023 315.265 -17.5647 -16.2101
1010101 FRAC0_S 0 1 -22403.5 45712.9 7692.4 1.3801e+06 140116 1.19548e+06 361.553 -7.03697 -27.9415
1010101 FRAC0_S 0 1 -22656.6 45854.5 7865.82 1.3628e+06 31466.3 1.13032e+06 335.51 -1.73408 -28.3074
1010101 FRAC0_S 0 1 -22894.1 45903.6 8097.43 1.16176e+06 506012 816184 231.686 -25.6148 -22.0665
1010101 FRAC0_S 0 1 -23098.3 45862 8357.95 1.70723e+06 -173480 823506 352.602 8.69314 -20.6927
1010101 FRAC0_S 0 1 -23241.1 45740.2 8627.9 1.91574e+06 -211626 491043 363.101 10.8579 -13.4671
1010101 FRAC0_S 0 1 -23299.5 45551 8888.9 2.44861e+06 -161231 21350.8 536.653 8.31591 -0.630758
1010101 FRAC0_S 0 1 -23284 45313 9115.28 2.57089e+06 -276664 -351391 612.213 11.5845 8.1698
1010101 FRAC0_S 0 1 -23199.2 45046.1 9285.49 1.78995e+06 -151761 -547835 327.469 8.27421 15.5663
1010101 FRAC0_S 0 1 -23044 44770.8 9384.17 1.64828e+06 -146355 -855162 341.267 7.51901 21.7357
1010101 FRAC0_S 0 1 -22835.2 44509 9395.04 1.21446e+06 -41871.6 -1.18982e+06 319.87 2.37592 30.1321
1010101 FRAC0_S 0 1 -22594.6 44289.1 9307.91 1.33381e+06 -160638 -1.08977e+06 318.782 8.43206 27.0243
1010101 FRAC0_S 0 1 -22343.7 44145.3 9133.92 1.41387e+06 -34749.8 -1.13227e+06 348.751 1.87231 27.8682
1010101 FRAC0_S 0 1 -22105.9 44096.4 8902.52 1.64135e+06 -187792 -1.00449e+06 377.403 8.97073 23.5032
1010101 FRAC0_S 0 1 -21908.1 44138.7 8639.89 1.858e+06 10149.4 -758426 384.134 -0.539934 19.7711
1010101 FRAC0_S 0 1 -21770.6 44261.1 8367.72 2.20009e+06 -136430 -509454 467.505 6.55046 12.9052