
Step FractureNumber TipNr TipActive TipX TipY TipZ KI KII KIII G Phi Psi Extension
1010000 FRAC0_S 0 1 15806.4 29592.3 8101.29 1.75482e+07 -7.68773e+06 -6.23362e+06 37875.2 30.0232 14.1557
1010000 FRAC0_S 0 1 15768.6 29827.2 7904.19 2.20312e+07 -6.34882e+06 -9.28133e+06 58300.3 21.6115 17.2183
1010000 FRAC0_S 0 1 15655.5 30079.1 7765.4 2.17372e+07 -2.85406e+06 -1.01705e+07 56588.5 11.0226 19.9962
1010000 FRAC0_S 0 1 15478.3 30323.3 7698.53 1.66889e+07 900002 -8.41778e+06 34315.2 -4.76109 21.7895
1010000 FRAC0_S 0 1 15254.1 30535.8 7710.12 1.54329e+07 4.74399e+06 -7.2235e+06 30169 -22.1407 18.2695
1010000 FRAC0_S 0 1 15005.2 30695.8 7799.02 2.2499e+07 1.13408e+07 -7.65488e+06 64362.3 -33.0343 13.2662
1010000 FRAC0_S 0 1 14755.7 30787.8 7956.53 2.18143e+07 1.47414e+07 -4.55252e+06 64525 -41.2024 8.23338
1010000 FRAC0_S 0 1 14530.2 30802.5 8167.25 2.5442e+07 2.04084e+07 44435.2 94795.2 -48.4132 -0.0754884
1010000 FRAC0_S 0 1 14350.7 30738.8 8410.54 2.62299e+07 1.86088e+07 4.24073e+06 94557.9 -43.0188 -6.49325
1010000 FRAC0_S 0 1 14234.6 30602.7 8662.59 1.55327e+06 6.32295e+06 4.96221e+06 7052.51 -51.9712 -25.218
1010000 FRAC0_S 0 1 14193.6 30407.7 8898.71 3.51162e+07 1.38542e+07 1.5641e+07 159526 -26.8009 -16.9482
1010000 FRAC0_S 0 1 14231.4 30172.8 9095.81 3.31684e+07 5.17422e+06 1.72529e+07 140009 -12.4233 -21.0276
1010000 FRAC0_S 0 1 14344.5 29920.9 9234.6 3.40832e+07 -4.54313e+06 1.85177e+07 150961 10.688 -21.8108
1010000 FRAC0_S 0 1 14521.7 29676.7 9301.47 3.15317e+07 -1.17624e+07 1.51075e+07 131282 25.3572 -17.9691
1010000 FRAC0_S 0 1 14745.9 29464.2 9289.88 3.12787e+07 -1.81158e+07 1.20045e+07 135592 35.2132 -13.9888
1010000 FRAC0_S 0 1 14994.8 29304.2 9200.98 3.036e+07 -2.12497e+07 7.23238e+06 129329 41.4292 -9.08858
1010000 FRAC0_S 0 1 15244.3 29212.2 9043.47 2.96927e+07 -2.19649e+07 2.93012e+06 122698 44.9993 -4.09175
1010000 FRAC0_S 0 1 15469.8 29197.5 8832.75 3.4346e+07 -2.39179e+07 -1.00321e+06 156229 45.0983 1.31085
1010000 FRAC0_S 0 1 15649.3 29261.2 8589.46 2.14075e+07 -1.33582e+07 -3.80049e+06 58659.5 40.0938 7.366
1010000 FRAC0_S 0 1 15767.2 29401.1 8331.68 2.05976e+07 -1.1269e+07 -5.34721e+06 52925 35.9755 10.5264
Step FractureNumber TipNr TipActive TipX TipY TipZ KI KII KIII G Phi Psi Extension
1010101 FRAC0_S 0 1 15903.7 29586.3 8094.69 2.81939e+07 2.01508e+06 -9.02566e+06 82029.7 -7.00569 16.197
1010101 FRAC0_S 0 1 15859.3 29832.8 7869.76 1.9392e+07 1.51179e+06 -7.72635e+06 41653.1 -7.19738 18.6463
1010101 FRAC0_S 0 1 15727.8 30096.8 7704.3 4.71401e+07 -2.4283e+06 -1.05521e+07 213354 5.54048 12.6736
1010101 FRAC0_S 0 1 15519.5 30349 7616.26 2.16657e+07 2161.23 -9.45524e+06 53719.1 -0.00972144 20.6507
1010101 FRAC0_S 0 1 15258.3 30563.8 7618.04 2.18944e+07 -1.32764e+06 -8.74854e+06 53052.8 5.69303 18.8731
1010101 FRAC0_S 0 1 14976 30722.2 7709.71 2.58732e+07 -7.69621e+06 -1.05192e+07 79647.5 22.3057 16.7316
1010101 FRAC0_S 0 1 14700.9 30808.3 7877.7 2.82744e+07 -2.29605e+06 -4.61107e+06 74535.6 8.83869 9.65622
1010101 FRAC0_S 0 1 14456.8 30817.2 8103.12 3.48443e+07 -7.63301e+06 -4.42211e+06 115983 20.9312 7.06118
1010101 FRAC0_S 0 1 14264.9 30747.1 8362.31 2.82902e+07 -3.46547e+06 4.39096e+06 74952.5 12.7787 -8.98819
1010101 FRAC0_S 0 1 14141.4 30605.3 8635.91 3.47321e+07 -7.2727e+06 9.48858e+06 124183 18.3767 -13.2524
1010101 FRAC0_S 0 1 14098.7 30412.3 8906.5 2.71594e+07 -5.30867e+06 9.83891e+06 81116.7 16.465 -16.3549
1010101 FRAC0_S 0 1 14148.9 30178.5 9142.51 3.90074e+07 -4.60749e+06 2.04324e+07 193005 9.70917 -21.5251
1010101 FRAC0_S 0 1 14290.5 29922.3 9312.63 4.09468e+07 -1.86982e+06 2.11899e+07 209436 4.03007 -22.2058
1010101 FRAC0_S 0 1 14501.8 29672.3 9396.1 3.89231e+07 1.91017e+06 1.5713e+07 168165 -4.64942 -19.1264
1010101 FRAC0_S 0 1 14756.7 29453.9 9386.57 4.06863e+07 5.23227e+06 1.29664e+07 172311 -11.8871 -15.5754
1010101 FRAC0_S 0 1 15031.3 29290.2 9291.28 4.02587e+07 3.80864e+06 7.49626e+06 153192 -9.95892 -10.6421
1010101 FRAC0_S 0 1 15301.5 29196.7 9122.35 4.00211e+07 4.68179e+06 2.93334e+06 145824 -13.0834 -4.67794
1010101 FRAC0_S 0 1 15543.5 29180.3 8896.04 3.86309e+07 3.9932e+06 198752 134409 -12.4462 -0.361308
1010101 FRAC0_S 0 1 15735.9 29243.2 8632.83 3.52812e+07 3.44218e+06 -4.81821e+06 115064 -10.6302 8.22721
1010101 FRAC0_S 0 1 15860.4 29382.8 8357.22 3.17378e+07 2.59044e+06 -7.23641e+06 97322.3 -8.45334 12.5795