
Step FractureNumber TipNr TipActive TipX TipY TipZ KI KII KIII G Phi Psi Extension
1010000 FRAC0_S 0 1 -29085.3 15372.6 8500 -5.94206e+06 4.55282e+06 6.42038e+06 7329.52 -32.6105 -24.8516
1010000 FRAC0_S 0 1 -29245.2 15637 8500 -706582 1.41891e+06 5.21031e+06 3790 -24.4603 -38.7527
1010000 FRAC0_S 0 1 -29479 15839.1 8500 -797318 -1.87016e+06 8.29748e+06 9468.46 21.8418 -40.1277
1010000 FRAC0_S 0 1 -29763.8 15959 8500 -966563 -4.4718e+06 6.51713e+06 7430.83 42.5719 -32.713
1010000 FRAC0_S 0 1 -30071.7 15985.1 8500 -1.57645e+06 -7.60053e+06 5.50238e+06 9174.44 53.7218 -24.6007
1010000 FRAC0_S 0 1 -30372.6 15914.7 8500 -1.01161e+06 -9.16119e+06 3.53434e+06 9140.16 62.3007 -17.918
1010000 FRAC0_S 0 1 -30637 15754.8 8500 -2.11203e+07 -1.15107e+07 57084.5 11807.3 40.6193 -0.136114
1010000 FRAC0_S 0 1 -30839.1 15521 8500 -1.9946e+06 -1.22121e+07 -931834 13405 67.3842 4.67615
1010000 FRAC0_S 0 1 -30959 15236.2 8500 -1.29624e+07 -9.1059e+06 -4.06518e+06 9586.69 40.2827 11.3347
1010000 FRAC0_S 0 1 -30985 14928.3 8500 -921575 -9.28621e+06 -5.89646e+06 12308.4 57.4531 24.1352
1010000 FRAC0_S 0 1 -30914.7 14627.4 8500 1.64364e+07 -6.10963e+06 -4.6272e+06 30247.4 27.9389 12.3253
1010000 FRAC0_S 0 1 -30754.8 14363 8500 -763559 -1.52895e+06 -5.3825e+06 4061.5 25.1116 38.4714
1010000 FRAC0_S 0 1 -30521 14160.9 8500 1.57542e+07 -1.16027e+06 -5.82729e+06 26753.1 6.96049 17.8198
1010000 FRAC0_S 0 1 -30236.2 14041 8500 1.40041e+07 2.28912e+06 -5.77588e+06 22379.7 -13.7684 18.1536
1010000 FRAC0_S 0 1 -29928.3 14014.9 8500 -975737 7.46051e+06 -5.85743e+06 9522.95 -54.0024 26.4221
1010000 FRAC0_S 0 1 -29627.4 14085.3 8500 -734712 7.94437e+06 -3.06476e+06 6873.23 -62.673 18.108
1010000 FRAC0_S 0 1 -29363 14245.2 8500 -758175 7.84384e+06 -1.07669e+06 5636.74 -67.4842 8.26857
1010000 FRAC0_S 0 1 -29160.9 14479 8500 -1.18288e+06 1.08495e+07 1.02035e+06 10627.7 -68.0056 -5.89573
1010000 FRAC0_S 0 1 -29034.9 14788.6 8500 -813539 9.23426e+06 2.98671e+06 8784.97 -64.0498 -16.1402
1010000 FRAC0_S 0 1 -29015 15071.7 8500 -905642 7.40779e+06 4.78471e+06 7934.77 -56.7884 -24.0896
Step FractureNumber TipNr TipActive TipX TipY TipZ KI KII KIII G Phi Psi Extension
1010101 FRAC0_S 0 1 -29015.2 15404.1 8441.79 6.09834e+06 9.39932e+06 9.28019e+06 22640.8 -43.035 -24.5847
1010101 FRAC0_S 0 1 -29178.6 15694 8475.12 2.05637e+06 2.32526e+06 6.39499e+06 6297.76 -26.9487 -34.6656
1010101 FRAC0_S 0 1 -29432.7 15911.1 8525.16 1.67689e+06 -437877 6.12107e+06 5250.84 7.24555 -39.7429
1010101 FRAC0_S 0 1 -29737 16027.9 8562.83 2.84946e+06 -1.97663e+06 5.14512e+06 4592.49 25.002 -31.4615
1010101 FRAC0_S 0 1 -30099.2 16040.4 8580.16 7.59514e+06 -3.13536e+06 6.27788e+06 11258.2 23.4292 -24.2943
1010101 FRAC0_S 0 1 -30394.7 15965.5 8580.7 5.61338e+06 -2.61754e+06 3.22713e+06 4803.51 28.3293 -19.3508
1010101 FRAC0_S 0 1 -30674 15799.6 8577.77 6.25341e+06 -4.03983e+06 2.0326e+06 5488.44 38.3659 -11.9652
1010101 FRAC0_S 0 1 -30886.2 15550.2 8578.59 6.67987e+06 -3.04344e+06 695517 4865.87 34.9224 -5.05989
1010101 FRAC0_S 0 1 -31017.6 15249.4 8576.48 7.08594e+06 -4.89356e+06 -1.19888e+06 6799.33 42.3344 6.8228
1010101 FRAC0_S 0 1 -31050.9 14922.5 8570.02 5.92394e+06 -4.98871e+06 -3.24223e+06 6742.95 40.6464 16.1349
1010101 FRAC0_S 0 1 -30986.4 14595.1 8555.11 2.67191e+07 7.75931e+06 -2.60278e+06 69882.7 -26.2302 5.31234
1010101 FRAC0_S 0 1 -30823 14304.3 8535.96 913065 -264020 -3.79101e+06 1991.94 7.24234 40.3044
1010101 FRAC0_S 0 1 -30570.3 14080.6 8510.72 1.41778e+06 1.39265e+06 -4.57014e+06 3129.81 -23.9245 35.6456
1010101 FRAC0_S 0 1 -30259.8 13958.1 8470.9 1.86465e+06 2.05386e+06 -4.12257e+06 2946.13 -31.1922 31.3157
1010101 FRAC0_S 0 1 -29927.6 13951.4 8431.39 4.60494e+06 2.94507e+06 -4.35024e+06 5179.49 -30.3599 24.1037
1010101 FRAC0_S 0 1 -29611.5 14042.1 8412.26 4.90771e+06 1.96635e+06 -2.66663e+06 3436.57 -25.8808 19.2231
1010101 FRAC0_S 0 1 -29338.3 14215 8408.42 5.54313e+06 1.82646e+06 -1.72075e+06 3429.09 -25.3033 13.5825
1010101 FRAC0_S 0 1 -29128.2 14459.2 8408.07 6.18537e+06 1.91857e+06 -702145 3802.82 -27.1789 6.00946
1010101 FRAC0_S 0 1 -28998.1 14754.7 8410.95 8.12872e+06 4.4646e+06 1.10928e+06 7827.89 -38.1838 -6.09816
1010101 FRAC0_S 0 1 -28957.5 15079 8422.22 -1.28416e+07 1.72218e+07 2.43024e+06 27214.8 -54.5373 -5.64912