
Step FractureNumber TipNr TipActive TipX TipY TipZ KI KII KIII G Phi Psi Extension
1010000 FRAC0_S 0 1 -14200 29687.6 8012.29 -646255 -227661 1.71814e+06 397.235 11.7562 -37.203
1010000 FRAC0_S 0 1 -14270.4 29932.7 7837.69 -946836 -693841 1.9288e+06 537.693 24.5685 -32.5124
1010000 FRAC0_S 0 1 -14412.2 30184.4 7727.93 -1.04068e+06 -1.38261e+06 1.8247e+06 613.173 38.1511 -27.4157
1010000 FRAC0_S 0 1 -14611.6 30417.9 7693.74 -1.54076e+06 -2.99616e+06 1.86632e+06 1263.2 50.1818 -19.9308
1010000 FRAC0_S 0 1 -14849 30610.5 7738.47 -1.51804e+06 -3.90836e+06 993797 1492.54 59.2852 -11.2831
1010000 FRAC0_S 0 1 -15101.2 30743.5 7857.74 -1.39474e+06 -3.32594e+06 3333.76 985.725 63.8689 -0.0550285
1010000 FRAC0_S 0 1 -15343.6 30803.6 8039.89 -3.51455e+06 -5.74974e+06 1.41067e+06 3210.6 55.0989 -9.73125
1010000 FRAC0_S 0 1 -15552.2 30785.1 8267.07 -434858 -657611 -1.06383e+06 189.056 36.1856 30.4497
1010000 FRAC0_S 0 1 -15706.8 30689.7 8517.05 -138500 530172 -1.14818e+06 200.384 -34.8924 36.1136
1010000 FRAC0_S 0 1 -15792.2 30526.8 8765.37 9.35985e+06 9.16222e+06 -7.0068e+06 21816.7 -41.2291 18.9224
1010000 FRAC0_S 0 1 -15800 30312.4 8987.71 877697 2.54218e+06 375242 663.262 -62.3703 -7.38963
1010000 FRAC0_S 0 1 -15729.6 30067.3 9162.31 832504 2.03951e+06 780049 513.35 -56.3526 -15.1546
1010000 FRAC0_S 0 1 -15587.8 29815.6 9272.07 778575 1.53579e+06 1.25766e+06 474.565 -47.253 -23.3719
1010000 FRAC0_S 0 1 -15388.4 29582.1 9306.26 699238 1.17927e+06 1.59144e+06 504.338 -39.4944 -28.8321
1010000 FRAC0_S 0 1 -15151 29389.5 9261.53 650131 656376 1.74002e+06 478.735 -26.9137 -33.7846
1010000 FRAC0_S 0 1 -14898.8 29256.5 9142.26 293782 127619 1.62451e+06 360.135 -8.46047 -41.1283
1010000 FRAC0_S 0 1 -14656.4 29196.4 8960.11 292393 -211979 1.71991e+06 405.05 12.7065 -40.5821
1010000 FRAC0_S 0 1 -14447.8 29214.9 8732.93 -83842.6 -164342 1.47561e+06 292.004 12.711 -42.5882
1010000 FRAC0_S 0 1 -14293.2 29310.3 8482.95 -224171 -102926 1.28045e+06 219.003 8.67682 -41.192
1010000 FRAC0_S 0 1 -14207.8 29473.2 8234.63 111337 -6.91355e+06 -3.38674e+06 5785.82 62.0983 21.8805
Step FractureNumber TipNr TipActive TipX TipY TipZ KI KII KIII G Phi Psi Extension
1010101 FRAC0_S 0 1 -14109.4 29689 7994.37 -729162 -269155 2.22968e+06 667.664 11.1867 -38.1325
1010101 FRAC0_S 0 1 -14181.4 29949.3 7803.61 -788855 -620699 3.85664e+06 2012.53 15.5286 -39.4239
1010101 FRAC0_S 0 1 -14330.9 30231.8 7703.8 708143 -1.88966e+06 1.90568e+06 845.886 46.4194 -27.0972
1010101 FRAC0_S 0 1 -14541.9 30486.5 7685.88 1.51752e+06 -2.24976e+06 1.0633e+06 806.601 50.0191 -15.5704
1010101 FRAC0_S 0 1 -14791.1 30690.3 7747.41 -756689 -2.15907e+06 77071.6 416.185 64.5673 -1.98677
1010101 FRAC0_S 0 1 -15056.3 30829.8 7877.07 1.24388e+06 -1.14707e+06 -976308 381.895 39.5683 19.8413
1010101 FRAC0_S 0 1 -15320.8 30896.4 8059.79 387363 -737399 -1.18593e+06 248.88 37.5486 31.3398
1010101 FRAC0_S 0 1 -15573.8 30863.8 8271.87 3.74337e+06 -3.90209e+06 -2.69054e+06 3568.29 42.8766 18.0679
1010101 FRAC0_S 0 1 -15779.9 30727 8500.55 -8.23907e+06 -2.07019e+06 2.28514e+06 1076.41 21.1211 -13.066
1010101 FRAC0_S 0 1 -15886.4 30524.8 8741.48 1.50473e+06 798121 -823966 348.823 -31.1744 18.2627
1010101 FRAC0_S 0 1 -15891.2 30283.5 8966.39 -5.64183e+06 1.88005e+06 2.27893e+06 1005.7 -24.2799 -16.3527
1010101 FRAC0_S 0 1 -15817 30022.3 9152.46 2.64403e+06 695119 891717 771.771 -21.112 -14.9737
1010101 FRAC0_S 0 1 -15653.8 29739.6 9288.36 2.10071e+06 675264 1.39203e+06 691.591 -20.8443 -22.3695
1010101 FRAC0_S 0 1 -15452.5 29513.3 9332.72 1.07664e+06 397176 1.44759e+06 396.052 -17.7397 -30.5474
1010101 FRAC0_S 0 1 -15187.2 29310.7 9303.36 2.38975e+06 -612925 4.04481e+06 2718.32 11.6464 -33.8968
1010101 FRAC0_S 0 1 -14896.2 29178.1 9195.36 472495 238388 1.81133e+06 461.32 -12.6068 -38.9963
1010101 FRAC0_S 0 1 -14616 29126.1 9012.07 2.76812e+06 -2.72349e+06 3.62663e+06 3093.04 35.5711 -25.8029
1010101 FRAC0_S 0 1 -14382.7 29150.8 8767.07 -228730 -736853 1.44275e+06 325.225 36.2816 -34.8841
1010101 FRAC0_S 0 1 -14214.6 29270.4 8504.99 -885952 6.94219e+06 5.45914e+06 8258.26 -54.0375 -26.4762
1010101 FRAC0_S 0 1 -14120.9 29466.3 8246.46 -537341 82134.2 2.25385e+06 676.22 -3.94471 -40.879