
Step FractureNumber TipNr TipActive TipX TipY TipZ KI KII KIII G Phi Psi Extension
1010000 FRAC0_S 0 1 -44193.9 44575.6 8118.3 1.05452e+06 207622 -569386 146.051 -14.9709 21.0593
1010000 FRAC0_S 0 1 -44225.7 44808.3 7917.46 1.21842e+06 604178 -629744 217.56 -30.2427 17.8537
1010000 FRAC0_S 0 1 -44333.4 45059.8 7773.64 1.25461e+06 684448 -353451 198.624 -35.5586 11.2414
1010000 FRAC0_S 0 1 -44506.3 45305.3 7700.93 1.36538e+06 1.00838e+06 -280787 267.219 -43.0806 7.88132
1010000 FRAC0_S 0 1 -44727.5 45521 7706.42 1.34276e+06 1.085e+06 -60938.1 266.061 -47.731 1.89012
1010000 FRAC0_S 0 1 -44975.3 45685.7 7789.6 1.33574e+06 1.05005e+06 175065 261.319 -45.6362 -5.17803
1010000 FRAC0_S 0 1 -45225.7 45783.3 7942.33 1.3067e+06 802591 309542 222.296 -38.7465 -9.44134
1010000 FRAC0_S 0 1 -45453.8 45804.2 8149.63 1.37468e+06 719176 580544 259.308 -32.5857 -15.3768
1010000 FRAC0_S 0 1 -45637.6 45746.4 8391.24 1.33354e+06 385886 687306 234.563 -20.6475 -19.5837
1010000 FRAC0_S 0 1 -45759 45615.5 8643.49 1.07709e+06 53298.7 771180 182.729 -3.86904 -26.2053
1010000 FRAC0_S 0 1 -45806.1 45424.4 8881.7 1.55104e+06 -356683 862542 324.66 16.8652 -21.0867
1010000 FRAC0_S 0 1 -45774.3 45191.7 9082.54 1.34675e+06 -612483 634497 248.595 29.1562 -17.1061
1010000 FRAC0_S 0 1 -45666.6 44940.2 9226.36 1.39554e+06 -839263 405335 258.162 37.4304 -11.1973
1010000 FRAC0_S 0 1 -45493.7 44694.7 9299.07 1.2677e+06 -938274 268889 231.27 43.0157 -8.085
1010000 FRAC0_S 0 1 -45272.5 44479 9293.58 1.37823e+06 -1.17889e+06 32210.6 293.248 49.2303 -0.965194
1010000 FRAC0_S 0 1 -45024.7 44314.3 9210.4 1.32485e+06 -1.07928e+06 -199438 265.497 46.0064 5.7813
1010000 FRAC0_S 0 1 -44774.3 44216.7 9057.67 1.34443e+06 -937804 -424623 263.415 40.1016 11.4238
1010000 FRAC0_S 0 1 -44546.2 44195.8 8850.37 1.33607e+06 -719925 -588002 251.237 32.9304 15.7144
1010000 FRAC0_S 0 1 -44362.4 44253.6 8608.76 1.33089e+06 -402470 -693469 236.232 21.2926 19.594
1010000 FRAC0_S 0 1 -44241 44384.5 8356.51 1.40406e+06 -86292.9 -784373 258.16 5.21024 22.9723
Step FractureNumber TipNr TipActive TipX TipY TipZ KI KII KIII G Phi Psi Extension
1010101 FRAC0_S 0 1 -44131.8 44521.7 8069.87 1.98976e+06 6026.31 -851703 449.282 -0.295976 20.378
1010101 FRAC0_S 0 1 -44185.1 44764.1 7841.04 1.789e+06 -129523 -673548 347.031 6.82085 18.04
1010101 FRAC0_S 0 1 -44313.8 45029.8 7682.31 1.89924e+06 -135864 -509255 357.566 7.27616 14.2898
1010101 FRAC0_S 0 1 -44508.5 45288 7604.12 2.08951e+06 -203278 -261448 401.833 10.6985 7.6382
1010101 FRAC0_S 0 1 -44750.2 45515 7610.51 2.02107e+06 -225858 -61943.5 369.047 13.0252 2.06886
1010101 FRAC0_S 0 1 -45014.6 45694.1 7699.58 1.99098e+06 -213810 155197 360.509 12.1092 -4.9867
1010101 FRAC0_S 0 1 -45280 45807.4 7864.1 1.95237e+06 -123648 393684 361.642 6.83375 -11.5951
1010101 FRAC0_S 0 1 -45522.4 45842 8091.43 1.71927e+06 -27677.3 535825 301.654 1.68713 -16.4904
1010101 FRAC0_S 0 1 -45715.6 45795.5 8363.31 1.54402e+06 -31422.1 639295 266.884 1.97219 -19.7654
1010101 FRAC0_S 0 1 -45834.8 45671.7 8654.56 1.7604e+06 17058.8 726062 346.291 -0.950702 -19.8457
1010101 FRAC0_S 0 1 -45866.9 45479.2 8931.12 1.85657e+06 60276.4 792874 391.082 -3.0796 -19.9977
1010101 FRAC0_S 0 1 -45814.3 45236.3 9159.17 1.93259e+06 89328.8 723291 403.109 -4.48146 -18.2601
1010101 FRAC0_S 0 1 -45685.2 44970.9 9317.65 2.26553e+06 -2884.5 601717 505.524 0.14063 -14.9021
1010101 FRAC0_S 0 1 -45490.6 44713 9395.77 2.31808e+06 132284 303886 492.674 -6.5626 -8.20428
1010101 FRAC0_S 0 1 -45249.1 44486.1 9389.18 2.06628e+06 215055 35573.1 384.748 -12.3917 -1.18981
1010101 FRAC0_S 0 1 -44984.7 44307.4 9300.28 2.00082e+06 233226 -185291 366.145 -12.8456 5.78025
1010101 FRAC0_S 0 1 -44719.6 44194 9136.03 1.95274e+06 167306 -420193 365.769 -8.91708 11.9994
1010101 FRAC0_S 0 1 -44477.2 44159 8908.85 1.93768e+06 59781.7 -634155 388.377 -3.14422 16.8798
1010101 FRAC0_S 0 1 -44283.9 44205.4 8637.36 1.93203e+06 51948.9 -750904 407.857 -2.63404 18.9284
1010101 FRAC0_S 0 1 -44163.9 44329.6 8346.64 1.41723e+06 20538.5 -783730 260.712 -1.28836 23.4106