
Step FractureNumber TipNr TipActive TipX TipY TipZ KI KII KIII G Phi Psi Extension
1010000 FRAC0_S 0 1 44046 15255.6 8500 -377935 -1.42546e+06 671470 241.031 57.4141 -18.7335
1010000 FRAC0_S 0 1 44013.7 14948.3 8500 -385690 -1.70922e+06 319566 273.911 64.0277 -9.74554
1010000 FRAC0_S 0 1 44077.9 14646.1 8500 -359765 -1.67075e+06 -56567.5 249.167 67.2145 2.08984
1010000 FRAC0_S 0 1 44232.4 14378.4 8500 -395217 -1.68345e+06 -458933 280.551 62.0692 13.0272
1010000 FRAC0_S 0 1 44462.1 14171.6 8500 -348482 -1.18752e+06 -709586 192.63 54.4595 21.3523
1010000 FRAC0_S 0 1 44744.4 14045.9 8500 -369109 -907055 -1.00728e+06 208.257 44.5669 27.9861
1010000 FRAC0_S 0 1 45051.7 14013.7 8500 -330633 -371208 -1.09965e+06 173.106 25.8757 35.3162
1010000 FRAC0_S 0 1 45354 14077.9 8500 -272199 113533 -970241 126.35 -11.2312 38.9159
1010000 FRAC0_S 0 1 45621.6 14232.5 8500 -231009 474090 -786808 102.364 -37.4198 31.9575
1010000 FRAC0_S 0 1 45828.4 14462.1 8500 -235192 939530 -746167 152.709 -51.7295 25.3195
1010000 FRAC0_S 0 1 45954 14744.4 8500 -154133 891410 -380751 90.0891 -60.1554 18.4705
1010000 FRAC0_S 0 1 45986.3 15051.7 8500 -200994 1.15729e+06 -200495 124.694 -65.3562 9.48663
1010000 FRAC0_S 0 1 45922.1 15353.9 8500 -181636 1.13914e+06 36382.7 115.809 -68.1936 -2.06731
1010000 FRAC0_S 0 1 45767.6 15621.6 8500 -187788 1.05995e+06 279839 110.529 -63.4402 -13.1815
1010000 FRAC0_S 0 1 45537.9 15828.4 8500 -234034 1.06704e+06 587875 147.422 -56.7472 -21.0788
1010000 FRAC0_S 0 1 45255.6 15954.1 8500 -240245 803727 805754 143.912 -47.6156 -27.7155
1010000 FRAC0_S 0 1 44948.3 15986.3 8500 -249934 443521 1.035e+06 160.003 -31.3149 -34.8739
1010000 FRAC0_S 0 1 44646 15922.1 8500 -271100 -21039.6 1.01815e+06 137.911 2.22996 -40.6841
1010000 FRAC0_S 0 1 44378.4 15767.5 8500 -273188 -452791 869504 118.822 34.0936 -32.7073
1010000 FRAC0_S 0 1 44171.6 15537.9 8500 -308353 -813065 734843 130.728 47.8919 -25.7065
Step FractureNumber TipNr TipActive TipX TipY TipZ KI KII KIII G Phi Psi Extension
1010101 FRAC0_S 0 1 43994.9 15271.1 8583.15 1.4423e+06 -1.15705e+06 600868 352.687 41.467 -13.4818
1010101 FRAC0_S 0 1 43969.7 14947.1 8589.06 1.52545e+06 -917689 192904 287.353 40.2547 -5.53126
1010101 FRAC0_S 0 1 44039.8 14631.2 8590.66 1.55629e+06 -764730 -126911 270.082 36.9043 3.95515
1010101 FRAC0_S 0 1 44197.3 14348 8587.57 1.30823e+06 -668134 -386402 212.145 33.9913 11.8734
1010101 FRAC0_S 0 1 44432.6 14122.7 8580.32 1.07506e+06 -740144 -643388 206.861 35.8022 18.1519
1010101 FRAC0_S 0 1 44728.4 13976.9 8566.34 669966 -670098 -918439 192.2 35.3758 26.2621
1010101 FRAC0_S 0 1 45058.2 13928.6 8534.49 227019 -414753 -1.12429e+06 188.037 29.0178 36.2815
1010101 FRAC0_S 0 1 45385.2 13994.2 8485.98 134169 176732 -1.03659e+06 147.298 -17.1578 40.4746
1010101 FRAC0_S 0 1 45668.4 14170.2 8445.12 423566 543195 -829246 133.737 -35.9393 28.9789
1010101 FRAC0_S 0 1 45878.8 14426.6 8423.87 821171 628058 -611390 144.954 -36.1679 20.2377
1010101 FRAC0_S 0 1 46001.5 14730 8414.28 1.08874e+06 625742 -377961 159.517 -35.6068 13.0126
1010101 FRAC0_S 0 1 46027.9 15052.9 8409.66 1.40364e+06 573796 -145662 207.724 -32.724 5.19613
1010101 FRAC0_S 0 1 45958.5 15368.2 8408.49 1.26218e+06 400386 116134 158.04 -27.9671 -4.95205
1010101 FRAC0_S 0 1 45801 15650.5 8411.15 1.30785e+06 536484 346424 194.028 -30.0861 -11.509
1010101 FRAC0_S 0 1 45565.9 15874.6 8417.36 1.25772e+06 635328 578917 221.503 -31.3579 -16.4571
1010101 FRAC0_S 0 1 45270.7 16019.4 8429.17 686978 660084 777336 161.246 -36.7421 -24.1225
1010101 FRAC0_S 0 1 44941.4 16068.6 8456.52 317829 463245 1.03248e+06 169.904 -31.1936 -33.7106
1010101 FRAC0_S 0 1 44613.9 16006.1 8502.96 117881 -79124.2 1.17993e+06 186.964 7.8138 -42.6076
1010101 FRAC0_S 0 1 44329.4 15832.2 8547.54 409867 -745405 1.22516e+06 264.116 36.9755 -31.4034
1010101 FRAC0_S 0 1 44117.5 15575.7 8572.17 872060 -877824 867548 236.534 39.0792 -22.2277