
Step FractureNumber TipNr TipActive TipX TipY TipZ KI KII KIII G Phi Psi Extension
1010000 FRAC0_S 0 1 0 -44020.2 8624.9 -1.11267e+06 102175 41593.5 1.16038 -10.9221 -2.54598
1010000 FRAC0_S 0 1 0 -44106.8 8921.55 -955128 121336 57735.5 1.75526 -14.176 -3.88501
1010000 FRAC0_S 0 1 0 -44280.8 9176.94 -912133 27664 51169 0.416425 -3.85372 -3.93958
1010000 FRAC0_S 0 1 0 -44525.1 9366.05 -910257 48447.1 88657.7 1.25456 -6.3261 -6.36613
1010000 FRAC0_S 0 1 0 -44816 9470.4 -772419 9444.71 81276.4 0.886528 -1.52354 -7.05216
1010000 FRAC0_S 0 1 0 -45124.9 9479.76 -925315 -43361.9 75469.4 0.925068 5.69328 -5.46533
1010000 FRAC0_S 0 1 0 -45421.5 9393.21 -1.14914e+06 -81401.9 78660.8 1.41341 8.43412 -4.56734
1010000 FRAC0_S 0 1 0 -45676.9 9219.22 -1.27614e+06 632360 70305.7 36.2907 -37.5908 -2.72964
1010000 FRAC0_S 0 1 0 -45866 8974.84 -1.5019e+06 -145821 30633.2 2.01963 11.6353 -1.41265
1010000 FRAC0_S 0 1 0 -45970.4 8683.98 -1.5857e+06 -171555 3561.29 2.62429 12.9756 -0.157622
1010000 FRAC0_S 0 1 0 -45979.8 8375.1 -1.70339e+06 -143675 -27585.2 1.94065 10.3186 1.14061
1010000 FRAC0_S 0 1 0 -45893.2 8078.45 -1.75477e+06 -138000 -67022.4 2.29444 9.51109 2.62891
1010000 FRAC0_S 0 1 0 -45719.2 7823.06 -2.0181e+06 -139792 -128166 3.92612 8.29922 4.26929
1010000 FRAC0_S 0 1 0 -45474.9 7633.95 -1.8546e+06 -70463.7 -119315 2.33585 4.74224 4.43988
1010000 FRAC0_S 0 1 0 -45184 7529.6 -1.32934e+06 -734.075 -85568.9 0.973878 0.0725774 4.59415
1010000 FRAC0_S 0 1 0 -44875.1 7520.24 -1.74756e+06 51990.7 -110710 1.871 -3.75846 4.40967
1010000 FRAC0_S 0 1 0 -44578.5 7606.79 -1.5722e+06 918411 -744434 148.869 -34.1034 16.2015
1010000 FRAC0_S 0 1 0 -44323.1 7780.78 -1.60237e+06 -945007 591555 126.12 35.8038 -13.5276
1010000 FRAC0_S 0 1 0 -44134 8025.16 -1.45796e+06 160321 -32663.7 2.43227 -12.9351 1.5303
1010000 FRAC0_S 0 1 0 -44029.6 8316.02 -1.15175e+06 -97918.8 -247348 8.99146 8.8578 11.9868
Step FractureNumber TipNr TipActive TipX TipY TipZ KI KII KIII G Phi Psi Extension
1010101 FRAC0_S 0 1 -2.27299 -43974.1 8630.64 -1.2267e+06 294384 -45473.7 7.99748 -23.8365 2.23635
1010101 FRAC0_S 0 1 -12.2451 -44063 8942.24 -968325 830207 79516.6 62.2594 -48.2091 -3.24336
1010101 FRAC0_S 0 1 -8.87723 -44246.9 9209.06 -1.00205e+06 442979 131128 19.7729 -33.8177 -6.26075
1010101 FRAC0_S 0 1 -6.17405 -44496.6 9434.19 -1.03418e+06 190360 150368 6.23628 -18.0415 -8.13583
1010101 FRAC0_S 0 1 -1.60398 -44797.9 9565.98 -824631 67693 149038 3.36259 -8.8048 -10.4873
1010101 FRAC0_S 0 1 7.96228 -45137.1 9576.03 -989721 -112034 92838.4 2.26479 12.5141 -5.8625
1010101 FRAC0_S 0 1 -5.43675 -45459.4 9477.04 -1.34999e+06 48047.9 -168502 3.98196 -4.22813 8.00809
1010101 FRAC0_S 0 1 -21.7921 -45736.1 9282.21 -1.58645e+06 -453362 -80269.8 19.1724 26.7368 2.9059
1010101 FRAC0_S 0 1 0.447 -45946.5 9017.35 -1.50227e+06 -214414 228717 11.0541 14.5799 -8.71418
1010101 FRAC0_S 0 1 20.7469 -46064.2 8701.71 -1.56917e+06 -611422 92623.8 34.4537 32.5914 -3.12337
1010101 FRAC0_S 0 1 18.7004 -46074.8 8362.89 -1.24218e+06 -1.44738e+06 175357 190.767 52.8626 -4.65062
1010101 FRAC0_S 0 1 16.3485 -45980.3 8037.34 -1.90242e+06 -527026 -17917 24.7936 26.9021 0.569265
1010101 FRAC0_S 0 1 13.4149 -45789.6 7756.78 -1.41518e+06 -394181 -77131.5 14.6371 26.1967 3.13395
1010101 FRAC0_S 0 1 7.7739 -45521.5 7548.74 -2.03512e+06 -257223 -102402 7.29049 14.23 3.27502
1010101 FRAC0_S 0 1 0.491405 -45202.1 7433.88 -2.21384e+06 -112222 -194830 6.17072 6.09361 5.83119
1010101 FRAC0_S 0 1 -17.2631 -44864.6 7427.47 -1.89076e+06 360827 -172606 15.5642 -19.2873 5.38639
1010101 FRAC0_S 0 1 -15.0479 -44543.7 7529.84 -1.96797e+06 405692 268365 24.2449 -19.847 -7.58239
1010101 FRAC0_S 0 1 9.63717 -44265 7720.81 -1.37765e+06 -115992 88712.3 2.24559 9.88631 -4.26922
1010101 FRAC0_S 0 1 7.28249 -44053 7982.37 -1.51691e+06 -28593 -112961 1.76996 2.39289 5.15964
1010101 FRAC0_S 0 1 2.10295 -43959.7 8295.11 -1.38626e+06 40062.2 41378 0.370734 -3.76927 -2.17278