
Step FractureNumber TipNr TipActive TipX TipY TipZ KI KII KIII G Phi Psi Extension
1010000 FRAC0_S 0 1 15000 984.872 8574.53 -9.38236e+06 56863.2 -1.78687e+06 424.944 -0.707341 11.5793
1010000 FRAC0_S 0 1 15000 913.64 8875.22 -1.22369e+07 142925 -1.20614e+06 195.304 -1.46507 6.66463
1010000 FRAC0_S 0 1 15000 752.975 9139.18 -1.8808e+07 337253 -1.45375e+06 291.215 -2.27335 5.34038
1010000 FRAC0_S 0 1 15000 518.603 9340.58 -2.18621e+07 1.28789e+06 -1.04707e+06 293.618 -7.25319 3.31347
1010000 FRAC0_S 0 1 15000 233.466 9459.7 -6.79587e+06 38436.8 -563219 42.3213 -0.725536 5.74732
1010000 FRAC0_S 0 1 15000 -74.5244 9484.87 -2.42322e+07 1.87871e+06 -459985 342.66 -9.54883 1.34042
1010000 FRAC0_S 0 1 15000 -375.22 9413.64 -1.14222e+07 1.82921e+06 -285874 309.034 -17.6393 1.63246
1010000 FRAC0_S 0 1 15000 -639.186 9252.98 -1.55642e+07 1.41569e+06 353718 195.232 -10.9673 -1.57796
1010000 FRAC0_S 0 1 15000 -840.583 9018.61 -1.09253e+07 1.09221e+06 825998 197.044 -11.3994 -4.87988
1010000 FRAC0_S 0 1 15000 -959.699 8733.46 -1.1255e+07 1.15756e+06 1.26339e+06 331.693 -11.3484 -6.92407
1010000 FRAC0_S 0 1 15000 -984.872 8425.47 -6.7136e+06 81896.7 1.18746e+06 188.134 -1.42889 -10.8722
1010000 FRAC0_S 0 1 15000 -913.64 8124.78 -1.92791e+06 -244379 1.40031e+06 266.117 9.24899 -25.5029
1010000 FRAC0_S 0 1 15000 -752.975 7860.82 3.14728e+06 -208908 1.31738e+06 1117.38 6.11812 -19.3645
1010000 FRAC0_S 0 1 15000 -518.603 7659.42 5.65517e+06 -1.16816e+06 994493 3102.96 19.3563 -9.38825
1010000 FRAC0_S 0 1 15000 -233.466 7540.3 3.30362e+07 -3.35274e+06 -10509.5 98255.6 12.3015 0.022518
1010000 FRAC0_S 0 1 15000 74.5244 7515.13 7.60505e+06 -1.87403e+06 298240 5478.62 24.2623 -2.34855
1010000 FRAC0_S 0 1 15000 375.22 7586.36 7.01531e+06 -1.61553e+06 -177806 4622.28 23.3218 1.56101
1010000 FRAC0_S 0 1 15000 639.186 7747.02 3.91726e+06 -2.04291e+06 -617889 1790.06 36.7275 7.03552
1010000 FRAC0_S 0 1 15000 840.583 7981.39 1.50841e+06 -1.2791e+06 -730996 419.611 41.6438 14.7807
1010000 FRAC0_S 0 1 15000 959.699 8266.54 -1.56902e+07 -452999 -1.86544e+06 481.106 3.47734 7.72559
Step FractureNumber TipNr TipActive TipX TipY TipZ KI KII KIII G Phi Psi Extension
1010101 FRAC0_S 0 1 15000.3 1082.09 8581.89 -1.11509e+07 -1.23753e+06 -1.16654e+06 317.459 12.1982 6.46827
1010101 FRAC0_S 0 1 14997.4 1003.85 8912.26 -1.5326e+07 433771 -1.44268e+06 293.582 -3.48568 6.30933
1010101 FRAC0_S 0 1 14994.2 827.202 9202.12 -2.02208e+07 2.12921e+06 -968704 528.787 -12.1997 3.18333
1010101 FRAC0_S 0 1 14992.4 569.599 9423.25 -2.61904e+07 4.97673e+06 -2.05825e+06 2770.51 -19.3997 4.70532
1010101 FRAC0_S 0 1 14992.1 256.445 9553.96 -2.64021e+07 3.15957e+06 -559962 931.278 -13.9149 1.43862
1010101 FRAC0_S 0 1 14983.9 -81.3867 9580.36 -1.94404e+07 4.11671e+06 -889258 1615.35 -21.5907 2.79365
1010101 FRAC0_S 0 1 14976 -411.064 9501.01 -2.723e+07 7.85123e+06 -196644 5498.05 -27.6905 0.43376
1010101 FRAC0_S 0 1 14978 -700.859 9325.3 -2.18778e+07 6.77922e+06 891207 4200.94 -28.4354 -2.32254
1010101 FRAC0_S 0 1 14980.4 -921.997 9068.84 -1.78038e+07 4.76574e+06 404558 2045.66 -26.0293 -1.36329
1010101 FRAC0_S 0 1 14984.6 -1053.11 8756.03 -1.27728e+07 1.26662e+06 -1.50375e+06 443.711 -10.9438 7.23739
1010101 FRAC0_S 0 1 14997.9 -1081.35 8418.13 -2.99337e+07 1.28466e+06 1.33314e+06 383.437 -5.41614 -3.13911
1010101 FRAC0_S 0 1 15010.1 -1003.16 8088.06 -1.27921e+06 -344564 1.18158e+06 196.265 16.1394 -26.9985
1010101 FRAC0_S 0 1 15017.7 -824.653 7797.52 3.45163e+06 -251978 1.01124e+06 1203.3 7.28215 -15.2114
1010101 FRAC0_S 0 1 15024.5 -568.096 7579.44 7.38573e+06 1.02251e+06 561963 4996.03 -15.0489 -4.75701
1010101 FRAC0_S 0 1 15029.2 -255.678 7450.03 8.29727e+06 1.40644e+06 509621 6345.56 -17.9515 -3.80985
1010101 FRAC0_S 0 1 15035.7 80.9114 7424.7 1.11836e+07 144026 789057 11229.8 -1.65424 -4.93955
1010101 FRAC0_S 0 1 15045 407.349 7505.88 7.7833e+06 1.8582e+06 34625 5706.11 -24.304 -0.278693
1010101 FRAC0_S 0 1 15056.4 689.741 7685.43 5.5484e+06 722832 307222 2802.34 -14.5379 -3.57073
1010101 FRAC0_S 0 1 15049.7 909.594 7940.61 4.39833e+06 -3.70038e+06 -3.91884e+06 4986.55 36.4712 21.9262
1010101 FRAC0_S 0 1 15019.4 1049.01 8246.82 -3.54831e+06 -2.28529e+06 -1.53829e+06 780.101 36.673 14.8393