
Step FractureNumber TipNr TipActive TipX TipY TipZ KI KII KIII G Phi Psi Extension
1010000 FRAC0_S 0 1 0 -14017.8 8603.45 -5.53133e+06 115167 124364 3.23895 -2.76606 -1.6656
1010000 FRAC0_S 0 1 0 -14097.8 8901.92 -3.77495e+06 296101 198962 13.0777 -9.37159 -3.56278
1010000 FRAC0_S 0 1 0 -14266.1 9161.05 -3.61998e+06 2.47577e+06 1.75674e+06 956.65 -37.1816 -15.7983
1010000 FRAC0_S 0 1 0 -14506.3 9355.47 -3.04735e+06 145842 343619 17.5992 -5.65392 -7.2666
1010000 FRAC0_S 0 1 0 -14794.9 9466.15 -2.81035e+06 2374.52 378355 19.0398 -0.104137 -8.78429
1010000 FRAC0_S 0 1 0 -15103.5 9482.25 -2.96582e+06 -160804 397426 23.3112 6.24252 -8.37679
1010000 FRAC0_S 0 1 0 -15401.9 9402.21 -3.10174e+06 -318728 303421 21.297 11.4698 -6.13634
1010000 FRAC0_S 0 1 0 -15661 9233.85 -3.02181e+06 -364888 185735 16.4526 13.5693 -3.9661
1010000 FRAC0_S 0 1 0 -15855.5 8993.66 -4.23777e+06 -447556 104686 19.3069 12.4698 -1.68893
1010000 FRAC0_S 0 1 0 -15966.1 8705.15 -4.87956e+06 -440815 -13524.1 17.34 11.0921 0.197557
1010000 FRAC0_S 0 1 0 -15982.2 8396.55 -6.52332e+06 -387298 -210776 19.2752 7.40687 2.27971
1010000 FRAC0_S 0 1 0 -15902.2 8098.08 -6.62491e+06 -290219 -166263 11.182 5.6201 1.81316
1010000 FRAC0_S 0 1 0 -15733.9 7838.95 -7.89703e+06 -263063 -372639 24.6349 4.24965 3.34345
1010000 FRAC0_S 0 1 0 -15493.7 7644.53 -7.81867e+06 -28004.3 -199861 5.38247 0.486393 1.91701
1010000 FRAC0_S 0 1 0 -15205.1 7533.85 -7.47036e+06 -2.20163e+06 -2.17782e+06 1062.74 23.5949 13.2206
1010000 FRAC0_S 0 1 0 -14896.5 7517.75 -8.84368e+06 529446 -272964 34.8884 -7.47332 2.18081
1010000 FRAC0_S 0 1 0 -14598.1 7597.79 -7.82467e+06 198866 -97075.7 4.77744 -3.38648 0.927715
1010000 FRAC0_S 0 1 0 -14339 7766.15 -6.45038e+06 -2.10458e+06 -1.71516e+06 785.947 25.7497 12.106
1010000 FRAC0_S 0 1 0 -14144.5 8006.34 -5.66992e+06 -1.90023e+06 1.13911e+06 494.341 27.2135 -9.63735
1010000 FRAC0_S 0 1 0 -14033.9 8294.85 -6.14296e+06 356126 10205.6 11.3153 -7.44993 -0.122212
Step FractureNumber TipNr TipActive TipX TipY TipZ KI KII KIII G Phi Psi Extension
1010101 FRAC0_S 0 1 -9.7253 -13921.3 8613.57 -5.39443e+06 777773 63438.8 54.4406 -16.3732 -0.790123
1010101 FRAC0_S 0 1 -24.4569 -14013.1 8937.95 -3.69057e+06 -1.44897e+06 -1.64499e+06 546.988 26.707 16.972
1010101 FRAC0_S 0 1 -36.7511 -14201.6 9219.3 -3.31119e+06 1.55326e+06 164463 218.584 -36.5633 -2.51558
1010101 FRAC0_S 0 1 -20.08 -14461.5 9436.35 -3.28868e+06 716266 408517 67.9126 -20.8771 -6.93706
1010101 FRAC0_S 0 1 0.164565 -14774.6 9561.32 -2.56161e+06 -28583.1 309099 12.7799 1.37341 -7.94064
1010101 FRAC0_S 0 1 10.3627 -15113.4 9578.52 -2.07095e+06 -352234 246913 19.1642 17.2503 -6.93073
1010101 FRAC0_S 0 1 18.5266 -15440.8 9489.74 -3.54423e+06 -1.00329e+06 248840 97.9333 26.222 -3.95789
1010101 FRAC0_S 0 1 22.1005 -15724.7 9304.55 -2.91803e+06 -3.95202e+06 2.05665e+06 1954.32 48.2607 -16.219
1010101 FRAC0_S 0 1 21.4714 -15938 9041.21 -4.55031e+06 -1.26488e+06 -73449.9 143.286 26.8422 0.967773
1010101 FRAC0_S 0 1 18.2403 -16059.9 8724.94 -5.65821e+06 -1.13852e+06 -206347 121.17 20.9103 2.26963
1010101 FRAC0_S 0 1 13.7036 -16078.3 8386.32 -6.14205e+06 -991969 -127715 89.8539 17.8181 1.36161
1010101 FRAC0_S 0 1 9.97201 -15990.9 8058.54 -7.05723e+06 -810205 -122121 60.4782 13.4773 1.18452
1010101 FRAC0_S 0 1 6.36564 -15806.2 7773.8 -7.91763e+06 -539806 -187530 30.6431 8.46891 1.67648
1010101 FRAC0_S 0 1 12.2837 -15542 7562.13 -9.25312e+06 -831090 78147 62.3614 10.9812 -0.597857
1010101 FRAC0_S 0 1 16.9739 -15224.5 7442.73 -8.87322e+06 -1.5768e+06 -239028 229.153 19.1289 1.72773
1010101 FRAC0_S 0 1 2.02667 -14885.9 7423.24 -9.23113e+06 392064 -685273 76.1541 -5.22339 5.03935
1010101 FRAC0_S 0 1 4.65586 -14560.1 7510.81 -6.80541e+06 -2.79161e+06 1.8321e+06 1140.87 30.0193 -11.6555
1010101 FRAC0_S 0 1 31.678 -14279.4 7698.78 -8.19312e+06 -2.48308e+06 304635 561.768 28.0786 -2.13851
1010101 FRAC0_S 0 1 30.4849 -14066.7 7962.24 -6.97717e+06 -1.77411e+06 -488860 312.256 24.2996 4.03431
1010101 FRAC0_S 0 1 3.74325 -13941.2 8276.06 -5.40345e+06 -3.00394e+06 1.2699e+06 1018.58 36.7127 -9.66727