
Step FractureNumber TipNr TipActive TipX TipY TipZ KI KII KIII G Phi Psi Extension
1010000 FRAC0_S 0 1 15000 -29019.2 8617.02 4.00561e+06 -7.30573e+06 1.83849e+06 6635.44 56.1741 -10.2602
1010000 FRAC0_S 0 1 15000 -29103.5 8914.36 8.2517e+06 -1.38835e+07 -5.04362e+06 26626.9 53.2492 13.3382
1010000 FRAC0_S 0 1 15000 -29275.4 9171.13 1.68464e+06 -5.12573e+06 -66960.5 2594.69 65.4592 0.756311
1010000 FRAC0_S 0 1 15000 -29518.2 9362.22 662750 -4.09144e+06 -380905 1550.13 67.1086 5.60421
1010000 FRAC0_S 0 1 15000 -29808.3 9468.89 32650.1 -2.47332e+06 -542196 584.31 67.5104 12.8302
1010000 FRAC0_S 0 1 15000 -30117.1 9480.74 1.40744e+06 -8.07575e+06 -5.31358e+06 9743.21 55.5578 23.7546
1010000 FRAC0_S 0 1 15000 -30414.4 9396.57 172467 -1.27312e+06 -1.96958e+06 663.025 42.462 34.008
1010000 FRAC0_S 0 1 15000 -30671.2 9224.65 662387 287382 -2.19179e+06 685.38 -12.2211 38.3559
1010000 FRAC0_S 0 1 15000 -30862.2 8981.79 1.83475e+06 2.64245e+06 -2.97705e+06 2100.94 -40.8321 25.8878
1010000 FRAC0_S 0 1 15000 -30968.9 8691.77 3.6034e+06 5.98782e+06 -2.33711e+06 5078.45 -52.6385 14.0157
1010000 FRAC0_S 0 1 15000 -30980.8 8382.98 5.18399e+06 8.64219e+06 -877328 9152.49 -58.1043 4.53661
1010000 FRAC0_S 0 1 15000 -30896.5 8085.64 7.12341e+06 1.05702e+07 1.47033e+06 14765.4 -55.9236 -5.7902
1010000 FRAC0_S 0 1 15000 -30724.6 7828.87 6.39924e+06 7.70063e+06 3.40605e+06 10476.2 -48.0392 -13.9269
1010000 FRAC0_S 0 1 15000 -30481.8 7637.78 9.12681e+06 8.89773e+06 7.2092e+06 21389.9 -40.6622 -19.5908
1010000 FRAC0_S 0 1 15000 -30191.7 7531.11 3.68995e+06 -6.19299e+06 1.24685e+06 4837.72 56.2274 -8.32404
1010000 FRAC0_S 0 1 15000 -29882.9 7519.26 8.6848e+06 1.06306e+06 9.48404e+06 18784.8 -7.52476 -30.4398
1010000 FRAC0_S 0 1 15000 -29585.6 7603.43 1.11016e+07 -7.20102e+06 1.19934e+07 34734.1 29.3217 -25.7065
1010000 FRAC0_S 0 1 15000 -29328.8 7775.35 6.04631e+06 -1.20304e+07 -1.17965e+06 16339.6 60.1431 4.65446
1010000 FRAC0_S 0 1 15000 -29137.8 8018.21 7.16652e+06 -8.75345e+06 6.78056e+06 17519.3 43.5764 -20.3541
1010000 FRAC0_S 0 1 15000 -29031.1 8308.23 6.30342e+06 -1.08086e+07 -280994 13961.5 59.9681 1.25152
Step FractureNumber TipNr TipActive TipX TipY TipZ KI KII KIII G Phi Psi Extension
1010101 FRAC0_S 0 1 15083.2 -28965.7 8624.17 1.59403e+07 -3.17832e+06 1.39343e+06 23800.6 20.0122 -5.14644
1010101 FRAC0_S 0 1 15083.5 -29054.8 8935.62 1.20721e+07 -3.11578e+06 -751559 13926.8 24.6918 3.60439
1010101 FRAC0_S 0 1 15088.5 -29241.8 9200.01 7.80349e+06 -1.40744e+06 -1.60436e+06 5945.17 17.0333 10.8445
1010101 FRAC0_S 0 1 15091.9 -29499.2 9395.63 3.88654e+06 -985857 -1.43214e+06 1705.42 20.1805 16.0157
1010101 FRAC0_S 0 1 15089.8 -29801.4 9510.18 3.09412e+06 -1.13395e+06 -1.64247e+06 1326.48 24.4306 19.2398
1010101 FRAC0_S 0 1 15081.2 -30126.2 9534.93 6.28346e+06 -3.79858e+06 -3.95894e+06 6888.56 32.7517 19.3691
1010101 FRAC0_S 0 1 15049.1 -30448.1 9462.02 1.56004e+06 -1.52133e+06 -3.42771e+06 1985.75 28.8975 31.9238
1010101 FRAC0_S 0 1 14989.9 -30728.5 9286.47 2.16883e+06 1.69172e+06 -3.558e+06 2357.89 -28.2854 29.8187
1010101 FRAC0_S 0 1 14942.2 -30926.7 9021.11 -1.86367e+06 209849 718562 72.5962 -10.1268 -17.8882
1010101 FRAC0_S 0 1 14922.7 -31028.3 8705.32 9.94053e+06 2.9897e+06 -2.38779e+06 10360.1 -24.658 11.3569
1010101 FRAC0_S 0 1 14916.9 -31034.6 8376.91 1.56412e+07 2.86105e+06 11126 22530 -19.9638 -0.0468638
1010101 FRAC0_S 0 1 14918.8 -30947.4 8060.96 1.62324e+07 2.64474e+06 3.16923e+06 25438.9 -15.7874 -10.5308
1010101 FRAC0_S 0 1 14925.8 -30771.2 7783.72 1.70943e+07 2.4894e+06 7.33895e+06 33755 -12.3466 -18.8102
1010101 FRAC0_S 0 1 14969.6 -30515.3 7579.69 1.59237e+07 5.98197e+06 8.34752e+06 35051.4 -24.9454 -19.0095
1010101 FRAC0_S 0 1 15022 -30203.5 7462.68 8.57086e+06 8.10096e+06 1.12268e+07 29157.3 -34.7499 -26.0444
1010101 FRAC0_S 0 1 15026.5 -29870.6 7436.63 1.17646e+07 -1.74643e+06 1.11849e+07 29243.9 9.55034 -28.5575
1010101 FRAC0_S 0 1 15042.8 -29556 7530.12 1.91599e+07 -1.58932e+06 1.36114e+07 57578.7 6.32581 -25.72
1010101 FRAC0_S 0 1 15072.8 -29287 7728.47 1.3649e+07 -927507 1.0023e+07 30038.8 5.17908 -26.3024
1010101 FRAC0_S 0 1 15077.8 -29085.5 7988.99 1.53432e+07 -2.60951e+06 8.47617e+06 31140 13.1407 -21.6215
1010101 FRAC0_S 0 1 15081.3 -28976.9 8296.19 1.5564e+07 -3.04537e+06 6.51021e+06 28049.1 15.9441 -17.9986