
Step FractureNumber TipNr TipActive TipX TipY TipZ KI KII KIII G Phi Psi Extension
1010000 FRAC0_S 0 1 -14200 29687.6 8012.29 8.21291e+06 -8.86035e+06 -4.29583e+06 15460.7 46.0143 14.3467
1010000 FRAC0_S 0 1 -14270.4 29932.7 7837.69 7.25957e+06 -5.33906e+06 -4.42265e+06 9837.82 37.0265 18.0389
1010000 FRAC0_S 0 1 -14412.2 30184.4 7727.93 6.56113e+06 -3.02826e+06 -4.61141e+06 7481.48 26.6712 21.849
1010000 FRAC0_S 0 1 -14611.6 30417.9 7693.74 9.00004e+06 -733536 -7.74309e+06 15240 5.75281 28.0804
1010000 FRAC0_S 0 1 -14849 30610.5 7738.47 8.61371e+06 2.77669e+06 -8.00816e+06 15828 -18.6053 26.5762
1010000 FRAC0_S 0 1 -15101.2 30743.5 7857.74 8.54988e+06 7.38099e+06 -7.08784e+06 18050.2 -37.694 20.8887
1010000 FRAC0_S 0 1 -15343.6 30803.6 8039.89 -780589 -121023 2.49984e+06 832.45 4.89254 -39.5006
1010000 FRAC0_S 0 1 -15552.2 30785.1 8267.07 8.49876e+06 1.39511e+07 -2.46124e+06 24585.9 -56.4502 7.38433
1010000 FRAC0_S 0 1 -15706.8 30689.7 8517.05 1.04729e+07 1.88921e+07 1.23785e+06 41781.8 -59.7495 -3.10102
1010000 FRAC0_S 0 1 -15792.2 30526.8 8765.37 4.47023e+07 4.56444e+07 -1.33633e+07 387472 -48.0571 9.50262
1010000 FRAC0_S 0 1 -15800 30312.4 8987.71 1.25595e+07 1.80289e+07 1.17911e+07 61511.9 -46.8896 -19.1471
1010000 FRAC0_S 0 1 -15729.6 30067.3 9162.31 1.16748e+07 1.09672e+07 1.37957e+07 48176.9 -35.7965 -24.8012
1010000 FRAC0_S 0 1 -15587.8 29815.6 9272.07 1.05956e+07 4.14374e+06 1.49017e+07 41068.2 -18.2036 -30.873
1010000 FRAC0_S 0 1 -15388.4 29582.1 9306.26 1.09395e+07 -2.41944e+06 1.61314e+07 45795.2 11.0147 -32.7924
1010000 FRAC0_S 0 1 -15151 29389.5 9261.53 1.10185e+07 -9.83542e+06 1.50997e+07 49762.8 33.0598 -26.9377
1010000 FRAC0_S 0 1 -14898.8 29256.5 9142.26 9.7947e+06 -1.44568e+07 1.14897e+07 44730.5 45.1755 -21.6642
1010000 FRAC0_S 0 1 -14656.4 29196.4 8960.11 1.04914e+07 -1.94311e+07 8.47862e+06 53014.3 52.9177 -15.613
1010000 FRAC0_S 0 1 -14447.8 29214.9 8732.93 9.74531e+06 -1.88067e+07 3.74526e+06 41845.8 57.7868 -8.60129
1010000 FRAC0_S 0 1 -14293.2 29310.3 8482.95 8.62049e+06 -1.50504e+07 -295092 26818.4 60.3126 0.955406
1010000 FRAC0_S 0 1 -14207.8 29473.2 8234.63 1.06625e+07 -3.51325e+07 -1.78442e+07 162468 55.9544 19.2764
Step FractureNumber TipNr TipActive TipX TipY TipZ KI KII KIII G Phi Psi Extension
1010101 FRAC0_S 0 1 -14104.4 29709.3 8019.43 1.23239e+07 -140439 -2.51064e+06 14374 1.3068 12.1496
1010101 FRAC0_S 0 1 -14179.3 29962.9 7819.14 1.50202e+07 166089 -4.3779e+06 22655.4 -1.18347 15.8017
1010101 FRAC0_S 0 1 -14338.1 30224.9 7682.41 1.19315e+07 10959.4 -5.79595e+06 17153.7 -0.0864702 21.963
1010101 FRAC0_S 0 1 -14570.4 30462.6 7622.16 8.42045e+06 -373036 -4.13069e+06 8599.97 3.98257 21.5586
1010101 FRAC0_S 0 1 -14850.7 30648.7 7652.17 1.00559e+07 -1.34725e+06 -5.49009e+06 13181.4 10.7199 21.8637
1010101 FRAC0_S 0 1 -15131.3 30787.1 7781.11 8.0692e+06 1.67256e+06 -5.21032e+06 9662.02 -14.7846 23.1733
1010101 FRAC0_S 0 1 -15389 30851.6 7982.16 1.55819e+07 5.17912e+06 -6.46482e+06 29584.3 -24.0989 16.6606
1010101 FRAC0_S 0 1 -15620.5 30800.8 8213.87 1.93309e+07 3.69965e+06 -1.7856e+06 34942.8 -19.3157 5.44149
1010101 FRAC0_S 0 1 -15793.6 30679.5 8471.02 1.70387e+07 498003 17399.6 25892.2 -3.91541 -0.0772814
1010101 FRAC0_S 0 1 -15886.3 30514.3 8738.53 3.51735e+07 7.45538e+06 7.06858e+06 121843 -19.4268 -10.4265
1010101 FRAC0_S 0 1 -15896.4 30293.2 8982.42 2.30189e+07 4.92621e+06 1.13631e+07 66552.3 -16.4458 -19.7904
1010101 FRAC0_S 0 1 -15819.5 30039.1 9184.57 1.99757e+07 3.76782e+06 1.48427e+07 66123.2 -13.0031 -25.1209
1010101 FRAC0_S 0 1 -15655.4 29783.1 9328.12 -2.18939e+07 -1.71766e+07 175253 26294.7 47.8647 -0.347652
1010101 FRAC0_S 0 1 -15416.2 29552.9 9389.93 1.97861e+07 -5.76684e+06 2.67591e+07 133084 14.5828 -31.2644
1010101 FRAC0_S 0 1 -15136.5 29368.7 9354.07 1.63621e+07 -1.77922e+06 1.60009e+07 58190.4 7.10558 -29.307
1010101 FRAC0_S 0 1 -14853.2 29244.7 9228.22 2.08679e+07 -4.77996e+06 1.32767e+07 64284.6 16.1365 -22.7656
1010101 FRAC0_S 0 1 -14591.2 29193.4 9034.24 2.53019e+07 1.98883e+07 2.21436e+07 157509 -35.2446 -22.0824
1010101 FRAC0_S 0 1 -14370.3 29221.2 8794.51 5.38554e+07 1.95406e+06 1.55962e+07 291147 -3.77876 -15.4622
1010101 FRAC0_S 0 1 -14207.6 29324.2 8531.16 1.39754e+07 493928 -107399 17427.6 -4.66348 0.572897
1010101 FRAC0_S 0 1 -14115.6 29491 8265.17 1.81667e+07 414642 -1.66332e+06 29792.3 -2.83805 6.18579