
Step FractureNumber TipNr TipActive TipX TipY TipZ KI KII KIII G Phi Psi Extension
1010000 FRAC0_S 0 1 44264.2 653.733 8582.09 -2.55538e+06 2.86835e+06 -2.41314e+06 1507.63 -41.8637 20.8889
1010000 FRAC0_S 0 1 44198.2 475.814 8825.98 -3.34051e+06 5.03623e+06 -2.10076e+06 2847.11 -51.1208 14.3125
1010000 FRAC0_S 0 1 44210.7 251.32 9037.97 -3.58565e+06 5.96357e+06 -894119 3275.45 -57.1196 6.43617
1010000 FRAC0_S 0 1 44300.5 2.2245 9197.29 -3.79446e+06 6.31873e+06 515217 3593.14 -58.4906 -3.70354
1010000 FRAC0_S 0 1 44458.7 -247.088 9288.36 -3.76364e+06 5.667e+06 1.82662e+06 3305.52 -52.7378 -11.7875
1010000 FRAC0_S 0 1 44669.9 -472.214 9302.26 -3.70358e+06 4.44339e+06 2.92212e+06 2895.03 -44.9194 -18.2914
1010000 FRAC0_S 0 1 44913.5 -651.116 9237.63 -2.99294e+06 2.14526e+06 2.96551e+06 1579.74 -32.156 -24.1245
1010000 FRAC0_S 0 1 45165.5 -766.284 9100.79 -2.74539e+06 574478 3.48458e+06 1644.34 -11.3208 -31.2898
1010000 FRAC0_S 0 1 45401.3 -806.441 8905.15 -3.27008e+06 -824208 3.63404e+06 1816.96 14.1345 -29.3808
1010000 FRAC0_S 0 1 45597.8 -767.659 8669.84 -2.27894e+06 -2.19151e+06 2.92613e+06 1566.75 35.3352 -25.6926
1010000 FRAC0_S 0 1 45735.8 -653.733 8417.91 -2.83568e+06 -3.42745e+06 2.41282e+06 1821.1 44.3826 -19.1399
1010000 FRAC0_S 0 1 45801.8 -475.814 8174.02 -2.39679e+06 -3.82057e+06 1.37555e+06 1552.37 52.7216 -13.0476
1010000 FRAC0_S 0 1 45789.3 -251.32 7962.03 -2.59526e+06 -4.68463e+06 662923 2014.03 58.2212 -6.28016
1010000 FRAC0_S 0 1 45699.5 -2.2245 7802.71 -2.52434e+06 -4.6828e+06 -333638 1968.87 59.945 3.38647
1010000 FRAC0_S 0 1 45541.3 247.088 7711.64 -2.33875e+06 -4.0189e+06 -1.16129e+06 1618.63 54.8319 11.2598
1010000 FRAC0_S 0 1 45330.1 472.214 7697.74 -2.07842e+06 -3e+06 -1.72712e+06 1198.72 48.112 17.6696
1010000 FRAC0_S 0 1 45086.5 651.116 7762.37 -2.4022e+06 -2.5288e+06 -2.60373e+06 1471.5 39.1019 23.0133
1010000 FRAC0_S 0 1 44834.5 766.284 7899.21 -1.76682e+06 -885982 -2.15358e+06 686.787 23.4283 28.324
1010000 FRAC0_S 0 1 44598.7 806.441 8094.85 -2.5993e+06 191695 -3.3315e+06 1479.43 -4.31478 32.672
1010000 FRAC0_S 0 1 44402.2 767.659 8330.16 -2.34593e+06 1.48249e+06 -2.76578e+06 1213.24 -27.9364 26.9099
Step FractureNumber TipNr TipActive TipX TipY TipZ KI KII KIII G Phi Psi Extension
1010101 FRAC0_S 0 1 44173.1 665.841 8549.3 189105 3.46919e+06 -2.41156e+06 1849.13 -57.1498 25.7805
1010101 FRAC0_S 0 1 44103.8 462.484 8801.05 1.4907e+06 4.1401e+06 -1.68972e+06 2105.14 -56.7876 16.2458
1010101 FRAC0_S 0 1 44119.3 218.031 9019.37 3.13684e+06 4.90822e+06 -637298 3077.56 -56.7731 5.54752
1010101 FRAC0_S 0 1 44214.6 -46.2701 9186.99 2.75099e+06 4.83924e+06 120220 2763.1 -60.2934 -1.20814
1010101 FRAC0_S 0 1 44381.5 -308.569 9290.65 2.63131e+06 5.55125e+06 1.51445e+06 3668.08 -57.2053 -11.3769
1010101 FRAC0_S 0 1 44608.4 -546.435 9319.35 826970 4.79502e+06 2.52308e+06 2956.45 -58.1584 -20.9954
1010101 FRAC0_S 0 1 44879.6 -734.894 9270.14 -946765 3.7724e+06 3.42201e+06 2825.57 -49.8422 -26.9556
1010101 FRAC0_S 0 1 45171.9 -847.892 9146.54 -1.14419e+06 1.00847e+06 3.41326e+06 1640.12 -23.0682 -35.4227
1010101 FRAC0_S 0 1 45450 -868.336 8956.02 -2.25923e+06 -1.2465e+06 3.79536e+06 2054.29 21.8615 -31.6296
1010101 FRAC0_S 0 1 45676 -800.665 8715.63 -1.02602e+06 -3.27467e+06 3.09472e+06 2229.35 48.2668 -26.8615
1010101 FRAC0_S 0 1 45827.1 -660.506 8453.48 440043 -3.44158e+06 1.97817e+06 1593.17 58.0787 -22.5708
1010101 FRAC0_S 0 1 45895.6 -460.244 8200.71 1.52347e+06 -3.59995e+06 1.3182e+06 1592.77 56.3775 -14.5798
1010101 FRAC0_S 0 1 45880 -216.825 7982.38 1.99669e+06 -3.01929e+06 468352 1196.77 55.8584 -6.42039
1010101 FRAC0_S 0 1 45784.8 47.0265 7815.43 2.08876e+06 -3.14237e+06 -38864.5 1268.89 58.5905 0.573431
1010101 FRAC0_S 0 1 45618.4 309.081 7713.1 1.5957e+06 -2.88094e+06 -664793 1025.27 56.4688 9.53377
1010101 FRAC0_S 0 1 45393.2 546.96 7687.04 1.05459e+06 -3.2334e+06 -1.36354e+06 1278.02 57.1848 16.898
1010101 FRAC0_S 0 1 45126.4 737.164 7740.57 134489 -2.89635e+06 -2.19658e+06 1390.86 56.0801 26.9491
1010101 FRAC0_S 0 1 44837.9 854.517 7866.08 -387586 -871767 -2.44806e+06 864.791 29.0494 37.1161
1010101 FRAC0_S 0 1 44558.1 878.918 8053.45 -1.59219e+06 234712 -3.25802e+06 1416.66 -6.31303 36.429
1010101 FRAC0_S 0 1 44327.2 810.426 8289.64 -1.00907e+06 2.48218e+06 -3.24838e+06 1952.44 -42.0665 29.9285