
Step FractureNumber TipNr TipActive TipX TipY TipZ KI KII KIII G Phi Psi Extension
1010000 FRAC0_S 0 1 30098 44257.7 9144.19 2.62033e+06 -2.44022e+06 -206081 1148.11 49.8394 3.00158
1010000 FRAC0_S 0 1 30340.6 44196.7 8962.74 2.62713e+06 -2.27559e+06 -710777 1143.65 45.2497 9.34725
1010000 FRAC0_S 0 1 30549.9 44214.2 8736 2.71643e+06 -1.86439e+06 -1.15602e+06 1145.03 38.1048 14.3777
1010000 FRAC0_S 0 1 30705.3 44308.6 8486.16 2.39934e+06 -1.39625e+06 -1.57102e+06 1014.97 31.686 20.0057
1010000 FRAC0_S 0 1 30791.6 44470.7 8237.67 2.6774e+06 -489134 -1.64157e+06 1018.5 13.5179 22.7839
1010000 FRAC0_S 0 1 30800.5 44684.6 8014.85 2.67006e+06 267673 -1.67279e+06 1013.83 -7.89202 23.9559
1010000 FRAC0_S 0 1 30730.9 44929.4 7839.53 2.58173e+06 704794 -1.19701e+06 828.781 -20.2777 18.4722
1010000 FRAC0_S 0 1 30589.9 45181.1 7728.86 2.74678e+06 1.73967e+06 -1.20445e+06 1134.95 -36.2557 15.0301
1010000 FRAC0_S 0 1 30391.2 45415.2 7693.68 2.66468e+06 2.07097e+06 -806986 1101.53 -42.5374 10.6569
1010000 FRAC0_S 0 1 30154.1 45608.5 7737.42 2.70556e+06 2.37933e+06 -333854 1171.59 -47.9769 4.68038
1010000 FRAC0_S 0 1 29902 45742.3 7855.81 2.83017e+06 2.51431e+06 210354 1282.98 -49.0274 -2.90643
1010000 FRAC0_S 0 1 29659.4 45803.3 8037.26 2.6904e+06 2.24219e+06 699217 1158.02 -44.6426 -9.17542
1010000 FRAC0_S 0 1 29450.1 45785.8 8264 2.0374e+06 1.32461e+06 851591 622.701 -37.0934 -14.4163
1010000 FRAC0_S 0 1 29294.7 45691.4 8513.84 2.91487e+06 1.21508e+06 1.57818e+06 1219.94 -26.6297 -19.0429
1010000 FRAC0_S 0 1 29208.4 45529.3 8762.33 2.93817e+06 458703 1.77416e+06 1206.66 -11.8681 -22.8769
1010000 FRAC0_S 0 1 29199.5 45315.4 8985.15 2.62034e+06 -295466 1.63791e+06 976.428 8.78916 -23.7862
1010000 FRAC0_S 0 1 29269.1 45070.6 9160.47 2.60195e+06 -997268 1.50104e+06 991.575 24.6983 -20.0976
1010000 FRAC0_S 0 1 29410.1 44818.9 9271.14 2.62821e+06 -1.71077e+06 1.23855e+06 1080.35 36.3559 -15.6935
1010000 FRAC0_S 0 1 29608.8 44584.8 9306.32 2.65618e+06 -2.18523e+06 816739 1142.94 43.6283 -10.5715
1010000 FRAC0_S 0 1 29845.9 44391.5 9262.58 2.64132e+06 -2.46618e+06 307915 1176.26 49.2387 -4.32831
Step FractureNumber TipNr TipActive TipX TipY TipZ KI KII KIII G Phi Psi Extension
1010101 FRAC0_S 0 1 30148 44252.4 9229.32 4.73372e+06 267578 40823.1 2003.39 -7.23247 -0.629358
1010101 FRAC0_S 0 1 30405.7 44180.7 9034.9 3.93247e+06 195878 -377169 1400.37 -5.95421 6.29833
1010101 FRAC0_S 0 1 30628.6 44189.4 8789 3.57289e+06 5656.28 -990552 1268.04 -0.173205 15.3589
1010101 FRAC0_S 0 1 30793.5 44277.7 8511.25 3.58123e+06 -19709.9 -1.53529e+06 1456.38 0.53621 20.3667
1010101 FRAC0_S 0 1 30878.2 44434.2 8224.64 3.49064e+06 42344.4 -1.74419e+06 1490.54 -1.11886 22.1753
1010101 FRAC0_S 0 1 30871.9 44648.6 7962.8 3.17511e+06 -13989.2 -1.72913e+06 1296.02 0.397644 23.3439
1010101 FRAC0_S 0 1 30777.3 44901.4 7759.74 3.64344e+06 114799 -1.67406e+06 1556.81 -2.92731 20.9031
1010101 FRAC0_S 0 1 30606.9 45162.8 7634.83 4.13275e+06 -223935 -1.43874e+06 1801.74 5.30507 17.3301
1010101 FRAC0_S 0 1 30381.6 45405.9 7596.17 3.69792e+06 -290469 -867046 1326.05 8.12477 12.8763
1010101 FRAC0_S 0 1 30122.9 45607 7643.75 4.52709e+06 -219565 -386552 1850.44 5.86022 5.6866
1010101 FRAC0_S 0 1 29852.5 45749 7770.51 4.91331e+06 -447227 225819 2175.78 10.7593 -3.0991
1010101 FRAC0_S 0 1 29587.7 45821.5 7971.47 3.94892e+06 -163644 537746 1430.43 4.83991 -8.57837
1010101 FRAC0_S 0 1 29371.8 45813.7 8212.43 4.13032e+06 242111 1.24544e+06 1731.69 -5.90352 -15.6701
1010101 FRAC0_S 0 1 29207.6 45727.1 8491.59 3.64409e+06 141242 1.4919e+06 1481.13 -3.69686 -19.4136
1010101 FRAC0_S 0 1 29123 45568.8 8777.58 2.40327e+06 92259.7 1.24889e+06 722.876 -3.407 -22.3446
1010101 FRAC0_S 0 1 29130.6 45353.3 9038.58 3.41153e+06 104997 1.75445e+06 1447.48 -2.761 -22.3063
1010101 FRAC0_S 0 1 29226.2 45100.8 9241.52 3.55703e+06 175315 1.66118e+06 1497.22 -4.47671 -20.8932
1010101 FRAC0_S 0 1 29395.2 44838.6 9365.64 3.75498e+06 391011 1.32644e+06 1504.07 -9.64578 -16.9673
1010101 FRAC0_S 0 1 29619.3 44595.3 9403.6 4.02555e+06 164645 928558 1561.12 -4.43069 -13.0635
1010101 FRAC0_S 0 1 29878.1 44394.5 9355.93 4.31191e+06 393795 497930 1703.58 -10.1939 -7.16157