
Step FractureNumber TipNr TipActive TipX TipY TipZ KI KII KIII G Phi Psi Extension
1010000 FRAC0_S 0 1 45000 984.872 8574.53 7.28702e+06 -239649 2.05862e+06 5300.56 3.45649 -15.2298
1010000 FRAC0_S 0 1 45000 913.64 8875.22 6.54114e+06 -1.18518e+06 1.54263e+06 4254.38 16.7567 -12.0675
1010000 FRAC0_S 0 1 45000 752.975 9139.18 6.0797e+06 -1.112e+06 953747 3524.92 17.8079 -8.68056
1010000 FRAC0_S 0 1 45000 518.603 9340.58 6.58067e+06 -1.62776e+06 664494 4153.76 23.3275 -5.65634
1010000 FRAC0_S 0 1 45000 233.466 9459.7 7.0767e+06 -1.75215e+06 279261 4746.54 24.3416 -2.36051
1010000 FRAC0_S 0 1 45000 -74.5244 9484.87 7.78734e+06 -1.8881e+06 -135992 5724 24.3491 1.07478
1010000 FRAC0_S 0 1 45000 -375.22 9413.64 7.6016e+06 -1.88823e+06 -574995 5510.84 23.8012 4.34837
1010000 FRAC0_S 0 1 45000 -639.186 9252.98 5.84693e+06 -1.21899e+06 -771282 3257.9 20.082 7.3566
1010000 FRAC0_S 0 1 45000 -840.583 9018.61 7.33734e+06 -1.17079e+06 -1.30708e+06 5146.75 15.7037 9.80197
1010000 FRAC0_S 0 1 45000 -959.699 8733.46 6.86022e+06 -642278 -1.73559e+06 4631.14 9.39515 13.4893
1010000 FRAC0_S 0 1 45000 -984.872 8425.47 6.86229e+06 229062 -1.9346e+06 4698.74 -3.50785 15.2023
1010000 FRAC0_S 0 1 45000 -913.64 8124.78 6.16875e+06 1.06772e+06 -1.80405e+06 3925.4 -15.5581 14.2509
1010000 FRAC0_S 0 1 45000 -752.975 7860.82 6.10356e+06 1.80884e+06 -1.04544e+06 3756.58 -25.4157 8.65363
1010000 FRAC0_S 0 1 45000 -518.603 7659.42 5.60212e+06 2.50793e+06 -1.09524e+06 3516.62 -32.9464 8.81325
1010000 FRAC0_S 0 1 45000 -233.466 7540.3 5.12928e+06 2.2023e+06 -247945 2784.81 -34.7685 2.51626
1010000 FRAC0_S 0 1 45000 74.5244 7515.13 5.14096e+06 2.88724e+06 145131 3100.76 -40.7201 -1.37461
1010000 FRAC0_S 0 1 45000 375.22 7586.36 4.28893e+06 2.22062e+06 614572 2128.82 -36.8374 -6.48319
1010000 FRAC0_S 0 1 45000 639.186 7747.02 5.2524e+06 2.21014e+06 1.17827e+06 3078.26 -31.2295 -10.0226
1010000 FRAC0_S 0 1 45000 840.583 7981.39 6.34337e+06 1.24771e+06 1.71653e+06 4116.25 -17.5095 -13.2625
1010000 FRAC0_S 0 1 45000 959.699 8266.54 5.47054e+06 853246 1.82214e+06 3173.24 -13.8963 -15.7964
Step FractureNumber TipNr TipActive TipX TipY TipZ KI KII KIII G Phi Psi Extension
1010101 FRAC0_S 0 1 45004.2 1080.36 8581.65 8.04481e+06 -99737.1 1.78401e+06 6191.28 1.3993 -12.95
1010101 FRAC0_S 0 1 45023.6 1000.96 8910.69 7.9732e+06 724118 1.56104e+06 6035.72 -9.53355 -11.1053
1010101 FRAC0_S 0 1 45032.4 823.463 9198.63 7.32426e+06 732161 1.02065e+06 4966.6 -10.837 -8.35331
1010101 FRAC0_S 0 1 45037.8 566.239 9417.2 7.35042e+06 965160 532408 4935.2 -14.4386 -4.574
1010101 FRAC0_S 0 1 45040.8 254.569 9546.21 9.77724e+06 1.76035e+06 456121 8822.23 -19.0402 -2.91861
1010101 FRAC0_S 0 1 45041 -81.2669 9573.59 9.95328e+06 1.53093e+06 -135368 9039.21 -17.2305 0.904224
1010101 FRAC0_S 0 1 45039 -409.512 9496.57 9.11898e+06 1.49608e+06 -503686 7643.21 -17.5703 3.46573
1010101 FRAC0_S 0 1 45034 -698.748 9322.57 1.01928e+07 1.18447e+06 -1.00902e+06 9518.44 -12.7477 6.13506
1010101 FRAC0_S 0 1 45026.2 -920.71 9067.6 8.41059e+06 752646 -1.44372e+06 6631.15 -9.58163 10.0053
1010101 FRAC0_S 0 1 45013.4 -1053 8755.88 8.60075e+06 370943 -1.77942e+06 7025.1 -4.74706 12.0058
1010101 FRAC0_S 0 1 44994.3 -1080.88 8418.39 7.51643e+06 -212522 -1.815e+06 5476.57 3.08278 13.64
1010101 FRAC0_S 0 1 44974.3 -1000.29 8089.98 7.57946e+06 -435538 -1.74765e+06 5542.33 6.10646 12.9056
1010101 FRAC0_S 0 1 44958.2 -820.698 7804.58 7.03394e+06 -395711 -1.52789e+06 4733.27 6.04808 12.3444
1010101 FRAC0_S 0 1 44947.8 -562.703 7589.14 5.40299e+06 93668.6 -1.12483e+06 2770.38 -1.96646 12.298
1010101 FRAC0_S 0 1 44941.6 -252.76 7463.65 6.68223e+06 -216919 -403732 4004.83 4.09668 4.21129
1010101 FRAC0_S 0 1 44938.2 80.1302 7438.88 6.75138e+06 -815171 186299 4125.56 13.9464 -1.85527
1010101 FRAC0_S 0 1 44940.8 405.686 7514.16 6.22291e+06 -922062 652056 3583.06 15.5772 -6.29225
1010101 FRAC0_S 0 1 44951.6 694.746 7683.41 6.57241e+06 -676725 1.14489e+06 4064.38 10.8318 -10.0248
1010101 FRAC0_S 0 1 44966 918.577 7934.33 7.5773e+06 -532253 1.94954e+06 5647.03 7.21179 -13.8775
1010101 FRAC0_S 0 1 44982 1052.03 8244.42 6.99775e+06 -568708 1.83472e+06 4840.11 8.21289 -13.9655