
Step FractureNumber TipNr TipActive TipX TipY TipZ KI KII KIII G Phi Psi Extension
1010000 FRAC0_S 0 1 29119.2 29553 8500 542866 -3.52286e+06 1.5844e+06 1466.03 60.0774 -19.2777
1010000 FRAC0_S 0 1 29300.5 29302.7 8500 605407 -4.13568e+06 780762 1637.86 65.5888 -10.3691
1010000 FRAC0_S 0 1 29550.2 29120.6 8500 500597 -4.17676e+06 -122515 1578.88 68.8203 1.96942
1010000 FRAC0_S 0 1 29843.9 29024.7 8500 530167 -4.05385e+06 -1.10497e+06 1651.84 64.2172 13.905
1010000 FRAC0_S 0 1 30153 29024.2 8500 300522 -2.6954e+06 -1.57429e+06 985.071 58.2201 22.9527
1010000 FRAC0_S 0 1 30447 29119.2 8500 120750 -1.87634e+06 -2.12621e+06 916.29 49.2127 31.4465
1010000 FRAC0_S 0 1 30697.3 29300.5 8500 190607 -773864 -2.42244e+06 837.072 28.3337 38.9068
1010000 FRAC0_S 0 1 30879.4 29550.2 8500 173256 528130 -2.94733e+06 1182.87 -18.7976 41.4739
1010000 FRAC0_S 0 1 30975.3 29843.9 8500 94856.3 2.02548e+06 -2.86984e+06 1461.77 -45.2926 33.9433
1010000 FRAC0_S 0 1 30975.8 30153 8500 92458.5 3.34267e+06 -2.36084e+06 1737.71 -57.4585 26.2962
1010000 FRAC0_S 0 1 30880.8 30447 8500 120102 3.86138e+06 -1.38686e+06 1585.75 -64.484 17.9481
1010000 FRAC0_S 0 1 30698.5 30698.4 8500 732175 4.83037e+06 -266227 2136.36 -67.9462 3.49377
1010000 FRAC0_S 0 1 30449.8 30879.4 8500 135820 4.37002e+06 425983 1727.52 -69.0917 -6.491
1010000 FRAC0_S 0 1 30156.1 30975.3 8500 273606 4.29129e+06 1.31941e+06 1879.18 -64.8697 -15.8304
1010000 FRAC0_S 0 1 29847 30975.8 8500 306147 3.59712e+06 2.23814e+06 1827.6 -57.9858 -24.0431
1010000 FRAC0_S 0 1 29553 30880.8 8500 250786 2.17411e+06 2.6497e+06 1360.58 -47.1315 -31.7306
1010000 FRAC0_S 0 1 29302.7 30699.5 8500 322054 957209 2.97569e+06 1268.56 -27.9523 -38.4092
1010000 FRAC0_S 0 1 29120.6 30449.8 8500 495280 -398246 2.79655e+06 1076.14 14.294 -40.1594
1010000 FRAC0_S 0 1 29024.7 30156.1 8500 498359 -1.14185e+06 1.88308e+06 609.935 38.0199 -32.2618
1010000 FRAC0_S 0 1 29024.2 29847 8500 589739 -2.82096e+06 2.30408e+06 1446.18 52.0509 -26.0837
Step FractureNumber TipNr TipActive TipX TipY TipZ KI KII KIII G Phi Psi Extension
1010101 FRAC0_S 0 1 29074.5 29532.1 8585.82 1.47076e+06 545172 917886 331.295 -23.5982 -21.1732
1010101 FRAC0_S 0 1 29270.7 29274.5 8590.51 1.26779e+06 541826 670475 229.174 -27.2448 -18.6749
1010101 FRAC0_S 0 1 29533 29086.6 8591.9 1.16809e+06 467163 622769 192.615 -25.9684 -19.0024
1010101 FRAC0_S 0 1 29838.4 28982.2 8589.59 -207904 241806 552994 45.8821 -29.6907 -32.9801
1010101 FRAC0_S 0 1 30162.6 28972.9 8583.94 2.35924e+06 -343309 -1.03519e+06 649.018 12.2684 19.0713
1010101 FRAC0_S 0 1 30479.3 29061.5 8570.97 2.30985e+06 -523396 -1.93138e+06 995.966 14.5344 26.1955
1010101 FRAC0_S 0 1 30756.8 29243.9 8534.61 1.23025e+06 -312360 -1.96096e+06 654.999 11.9252 33.3191
1010101 FRAC0_S 0 1 30954.3 29510.2 8477.99 933127 -133934 -1.75091e+06 486.923 6.49586 35.7243
1010101 FRAC0_S 0 1 31044.3 29829.6 8435.33 975034 164261 -1.64084e+06 445.206 -8.02737 34.5406
1010101 FRAC0_S 0 1 31029.3 30159.2 8417.52 2.76192e+06 738745 -2.47441e+06 1542.7 -16.2393 26.6421
1010101 FRAC0_S 0 1 30919.9 30465.4 8410.63 1.30475e+06 -79870 -840338 246.188 4.93541 24.7522
1010101 FRAC0_S 0 1 30726.5 30723.4 8407.75 1.48861e+06 -26938.1 -572101 241.061 1.79484 18.8969
1010101 FRAC0_S 0 1 30466.3 30912.3 8407.49 1.80495e+06 53535.9 -202455 296.015 -3.58946 7.3438
1010101 FRAC0_S 0 1 30161.5 31017.3 8410.18 2.63693e+06 656745 495740 690.738 -22.1609 -9.63937
1010101 FRAC0_S 0 1 29837 31027.6 8416.65 1.89873e+06 299611 1.06481e+06 480.055 -12.2642 -21.9386
1010101 FRAC0_S 0 1 29520 30939.8 8430.44 1.61955e+06 495001 1.39883e+06 515.811 -18.3351 -25.8241
1010101 FRAC0_S 0 1 29242.3 30757 8464.41 288518 340893 709252 84.6771 -31.1119 -32.0626
1010101 FRAC0_S 0 1 29042.5 30490.6 8516.02 766192 234585 1.32234e+06 289.778 -13.4232 -33.7064
1010101 FRAC0_S 0 1 28949.1 30171 8556.68 595810 48811.2 1.05592e+06 180.136 -3.9608 -35.7093
1010101 FRAC0_S 0 1 28963.3 29839.8 8576.49 1.18871e+06 124865 1.25916e+06 338.172 -6.62986 -30.2704