
Step FractureNumber TipNr TipActive TipX TipY TipZ KI KII KIII G Phi Psi Extension
1010000 FRAC0_S 0 1 44163 36975.7 8500 64572.5 228500 -12843.4 5.04614 -65.5172 3.21654
1010000 FRAC0_S 0 1 44366 36742.6 8500 65944 233321 35544 5.40655 -63.5682 -7.90872
1010000 FRAC0_S 0 1 44631.1 36583.8 8500 137422 417182 -482847 48.1994 -44.9779 29.1543
1010000 FRAC0_S 0 1 44932.2 36514.6 8500 65616.9 146144 117040 4.10876 -48.3975 -23.5835
1010000 FRAC0_S 0 1 45240 36541.9 8500 41204.7 -394724 113307 15.7428 64.4601 -14.6869
1010000 FRAC0_S 0 1 45524.3 36663 8500 45565.2 6897.11 117324 2.01998 -5.57161 -38.1414
1010000 FRAC0_S 0 1 45757.4 36866 8500 47592.6 -31533.3 116928 2.10884 20.7067 -34.7816
1010000 FRAC0_S 0 1 45916.2 37131.1 8500 68254.3 -108033 133650 3.83081 40.2941 -27.4986
1010000 FRAC0_S 0 1 45985.4 37432.2 8500 54211.3 -159024 91800.2 3.63617 53.9612 -20.4852
1010000 FRAC0_S 0 1 45958.1 37740 8500 55776.8 -194250 55870 4.05478 60.6752 -13.1453
1010000 FRAC0_S 0 1 45837 38024.3 8500 53094.3 -204271 11131.3 3.98594 65.9947 -3.177
1010000 FRAC0_S 0 1 45634 38257.4 8500 40829.2 -156077 -23402.2 2.39212 64.0498 7.91314
1010000 FRAC0_S 0 1 45368.9 38416.2 8500 53309.6 -176119 -72114.5 3.70893 57.8896 16.7664
1010000 FRAC0_S 0 1 45067.8 38485.4 8500 57764.1 -143668 -110009 3.74617 49.6862 23.4343
1010000 FRAC0_S 0 1 44760 38458.1 8500 54019.8 -88377.7 -135158 3.38566 37.4809 30.1575
1010000 FRAC0_S 0 1 44475.7 38337 8500 58206.3 -21712.8 -148862 3.29116 12.6564 36.7811
1010000 FRAC0_S 0 1 44242.6 38134 8500 60149.9 43510.5 -150163 3.49012 -21.9419 34.5953
1010000 FRAC0_S 0 1 44083.8 37868.9 8500 63873.9 129180 -128685 4.05304 -44.9263 25.9183
1010000 FRAC0_S 0 1 44014.6 37567.8 8500 63143.8 172285 -106070 4.49664 -52.8133 21.0433
1010000 FRAC0_S 0 1 44041.9 37260 8500 65458 214189 -65120.4 5.0339 -59.9587 13.5555
Step FractureNumber TipNr TipActive TipX TipY TipZ KI KII KIII G Phi Psi Extension
1010101 FRAC0_S 0 1 44126.2 36953.1 8410.46 450878 115687 -803541 105.183 -11.3221 34.3948
1010101 FRAC0_S 0 1 44336.3 36703.7 8414.8 559957 297502 -494134 68.3019 -27.4242 24.1056
1010101 FRAC0_S 0 1 44609.6 36525.9 8423.58 586252 380598 -266610 52.9882 -36.5339 15.3178
1010101 FRAC0_S 0 1 44926 36454.6 8467.5 285438 375703 -109305 21.4274 -51.6244 10.4018
1010101 FRAC0_S 0 1 45257.4 36483.4 8524 66711.3 65086.7 10189.1 0.787878 -49.4667 -5.42742
1010101 FRAC0_S 0 1 45571.3 36595.4 8526.54 160781 -65658.6 4835.17 2.6908 34.104 -1.61629
1010101 FRAC0_S 0 1 45824.1 36807.8 8531.41 -72522.7 311481 237171 16.1268 -52.6005 -24.9705
1010101 FRAC0_S 0 1 45984.2 37100.8 8561.39 -4201.83 179429 34630.2 3.02836 -67.7842 -11.5451
1010101 FRAC0_S 0 1 46044.3 37426 8578.4 -95124.7 174872 215498 8.90141 -41.3453 -28.1203
1010101 FRAC0_S 0 1 46005.1 37750.3 8586.65 -102432 116144 169984 5.04502 -35.593 -27.8072
1010101 FRAC0_S 0 1 45873.1 38046.5 8589.95 200584 12419.6 606462 52.5159 -2.10572 -39.6513
1010101 FRAC0_S 0 1 45661.6 38291.9 8588.97 1.44786e+06 -540205 887520 317.568 23.8299 -20.9304
1010101 FRAC0_S 0 1 45387 38465.4 8583.9 715538 -379106 328776 72.8073 32.3214 -16.2556
1010101 FRAC0_S 0 1 45070.1 38549.3 8574.52 860880 -669201 14198.2 105.974 47.5229 -0.714348
1010101 FRAC0_S 0 1 44738.5 38533.4 8554.97 460755 -496809 -185766 45.5014 47.6169 11.8021
1010101 FRAC0_S 0 1 44427.1 38412.5 8516.83 135666 -185643 -159549 8.09676 43.6159 22.2474
1010101 FRAC0_S 0 1 44184.5 38199.9 8470.66 -76987.1 -360120 -444704 37.8587 45.4996 30.9432
1010101 FRAC0_S 0 1 44018.1 37898 8435.43 -63919.4 -39093.8 -140785 2.77231 20.6495 34.0379
1010101 FRAC0_S 0 1 43955.9 37573.4 8420.87 -61502.8 -120008 -60620.8 1.77212 52.1929 17.4598
1010101 FRAC0_S 0 1 43993.8 37249.4 8414.04 412698 -47375.9 -1.21014e+06 210.146 3.91481 39.1905