
Step FractureNumber TipNr TipActive TipX TipY TipZ KI KII KIII G Phi Psi Extension
1010000 FRAC0_S 0 1 -44474.7 -14732.7 7707.43 2.79162e+06 364866 -947680 825.755 -11.893 16.2513
1010000 FRAC0_S 0 1 -44689.5 -14510.6 7700.19 2.67105e+06 738910 -791526 767.736 -22.4565 13.5233
1010000 FRAC0_S 0 1 -44934.7 -14336.5 7771.25 1.92881e+06 761221 -459914 411.285 -29.7446 10.685
1010000 FRAC0_S 0 1 -45186.3 -14227.4 7913.64 2.64092e+06 1.3997e+06 -312288 809.044 -37.78 5.42605
1010000 FRAC0_S 0 1 -45419.6 -14193.8 8113.43 2.87594e+06 1.63841e+06 69453.8 976.879 -41.0976 -1.17428
1010000 FRAC0_S 0 1 -45611.9 -14239.2 8351.05 2.54931e+06 1.41205e+06 425352 780.861 -37.8119 -7.25291
1010000 FRAC0_S 0 1 -45744.3 -14359 8603.26 1.81003e+06 825232 573256 396.334 -31.3774 -12.8826
1010000 FRAC0_S 0 1 -45803.8 -14541.6 8845.36 3.06156e+06 862780 1.2483e+06 1108.82 -21.4041 -16.9016
1010000 FRAC0_S 0 1 -45784.6 -14769 9053.65 2.51e+06 205001 1.15905e+06 743.818 -7.21229 -20.3825
1010000 FRAC0_S 0 1 -45688.6 -15019.1 9207.75 1.93997e+06 -266011 904645 450.514 11.4605 -19.8932
1010000 FRAC0_S 0 1 -45525.3 -15267.3 9292.57 2.80307e+06 -936219 1.20827e+06 972.428 23.9855 -17.0806
1010000 FRAC0_S 0 1 -45310.5 -15489.4 9299.81 2.38691e+06 -964950 889560 695.907 28.2278 -14.9075
1010000 FRAC0_S 0 1 -45065.3 -15663.5 9228.75 2.74449e+06 -1.73556e+06 500064 972.87 40.2882 -7.49942
1010000 FRAC0_S 0 1 -44813.7 -15772.6 9086.36 2.52577e+06 -1.64448e+06 115825 811.241 43.4104 -2.08374
1010000 FRAC0_S 0 1 -44595.6 -15806.6 8902.29 2.61098e+06 -1.56554e+06 -197822 831.086 41.1387 3.45993
1010000 FRAC0_S 0 1 -44388.1 -15760.8 8648.95 2.6206e+06 -1.3734e+06 -447523 806.686 36.5974 7.52417
1010000 FRAC0_S 0 1 -44255.7 -15641 8396.74 2.97136e+06 -1.29169e+06 -703836 1001.31 31.6743 10.3904
1010000 FRAC0_S 0 1 -44196.2 -15458.4 8154.64 2.19518e+06 -298794 -683775 499.543 12.5449 15.2558
1010000 FRAC0_S 0 1 -44215.4 -15231 7946.35 2.71977e+06 -451345 -873378 778.765 14.7515 15.3047
1010000 FRAC0_S 0 1 -44311.4 -14980.9 7792.25 1.97953e+06 -103439 -651018 406.503 5.19662 16.7023
Step FractureNumber TipNr TipActive TipX TipY TipZ KI KII KIII G Phi Psi Extension
1010101 FRAC0_S 0 1 -44434.2 -14717.6 7621.46 2.90698e+06 227844 -809347 844.774 -7.85383 14.6161
1010101 FRAC0_S 0 1 -44681.7 -14487.7 7605.97 3.00451e+06 -252153 -926625 924.269 8.18435 15.6583
1010101 FRAC0_S 0 1 -44957 -14309.1 7680.1 3.48201e+06 -193945 -689858 1147.05 6.08116 11.5011
1010101 FRAC0_S 0 1 -45234.6 -14200.8 7832.46 3.32984e+06 -269712 -355914 1011.37 9.22074 6.75128
1010101 FRAC0_S 0 1 -45488.3 -14169 8047.3 3.45913e+06 -216567 62621.8 1070.96 7.87548 -1.29734
1010101 FRAC0_S 0 1 -45695.2 -14214.2 8305.25 3.29455e+06 -148851 499949 1002.42 5.18488 -9.35862
1010101 FRAC0_S 0 1 -45836.8 -14334.4 8583.73 3.69625e+06 -65824.2 1.02332e+06 1357.11 1.91249 -15.1707
1010101 FRAC0_S 0 1 -45897.3 -14520.1 8857.91 2.98446e+06 -133269 1.15607e+06 973.039 4.29753 -18.6845
1010101 FRAC0_S 0 1 -45866.1 -14753.1 9101.13 3.26167e+06 -31309.2 1.42554e+06 1218.36 0.925871 -20.553
1010101 FRAC0_S 0 1 -45744.9 -15010.6 9284.89 2.58499e+06 -1726.86 1.11615e+06 761.138 0.0652747 -20.5131
1010101 FRAC0_S 0 1 -45563.2 -15256.9 9383.27 3.08759e+06 73253.1 1.23364e+06 1052.39 -2.31426 -19.296
1010101 FRAC0_S 0 1 -45308.9 -15501.3 9396.74 3.31529e+06 16389.7 925522 1093.37 -0.537947 -15.3976
1010101 FRAC0_S 0 1 -45035.8 -15678.8 9320.92 3.96855e+06 225245 758439 1484.46 -6.22287 -11.1717
1010101 FRAC0_S 0 1 -44761.5 -15790.6 9168.03 2.43747e+06 206604 151173 536.271 -9.96536 -4.12188
1010101 FRAC0_S 0 1 -44511 -15829.2 8952.63 3.49484e+06 255461 -139862 1096.8 -8.89172 2.76166
1010101 FRAC0_S 0 1 -44304.9 -15786.7 8694.43 2.76157e+06 161011 -532685 719.624 -6.37182 11.2407
1010101 FRAC0_S 0 1 -44164.5 -15668.6 8413.68 2.68831e+06 64001.3 -570645 687.671 -2.67049 12.4216
1010101 FRAC0_S 0 1 -44103.7 -15483 8139.32 3.14746e+06 11188.2 -905742 991.891 -0.384854 15.7433
1010101 FRAC0_S 0 1 -44128 -15241.3 7904.66 3.0606e+06 95054.5 -1.03275e+06 977.375 -3.14121 17.2264
1010101 FRAC0_S 0 1 -44241.1 -14975.7 7726.7 3.02695e+06 64375.6 -993985 948.237 -2.18872 17.0244