
Step FractureNumber TipNr TipActive TipX TipY TipZ KI KII KIII G Phi Psi Extension
1010000 FRAC0_S 0 1 14917.7 -29015.8 8500 -1.83028e+06 1.34003e+07 -3.9094e+06 18034 -63.7051 14.555
1010000 FRAC0_S 0 1 14617.5 -29089.3 8500 -1.6693e+06 1.40378e+07 -691769 17623.7 -68.5489 3.23162
1010000 FRAC0_S 0 1 14354.9 -29252.1 8500 -1.67705e+07 1.30601e+07 2.21142e+06 15849.6 -45.4338 -5.22608
1010000 FRAC0_S 0 1 14155.3 -29488 8500 -1.58068e+06 1.25151e+07 5.42969e+06 17878.1 -60.9764 -19.1385
1010000 FRAC0_S 0 1 14038.5 -29774.1 8500 -1.19636e+06 7.56946e+06 6.19402e+06 10208.4 -52.9165 -26.6381
1010000 FRAC0_S 0 1 14015.7 -30082.3 8500 -1.67423e+06 5.5793e+06 9.65308e+06 15167.1 -38.5777 -33.7772
1010000 FRAC0_S 0 1 14089.3 -30382.4 8500 -1.61915e+06 877891 1.05639e+07 14911 -9.09383 -41.4996
1010000 FRAC0_S 0 1 14252.1 -30645.1 8500 -1.25607e+06 -3.24152e+06 8.68485e+06 10968.1 30.193 -37.0645
1010000 FRAC0_S 0 1 14488.1 -30844.6 8500 -1.58619e+06 -8.48175e+06 9.09547e+06 17413.3 48.2515 -29.587
1010000 FRAC0_S 0 1 14774.1 -30961.5 8500 -1.6447e+06 -1.23477e+07 6.86662e+06 19857.3 58.3452 -22.1008
1010000 FRAC0_S 0 1 15082.3 -30984.2 8500 -1.73155e+06 -1.49644e+07 3.98384e+06 22065.5 64.6531 -13.8016
1010000 FRAC0_S 0 1 15382.5 -30910.7 8500 -1.64179e+06 -1.60874e+07 767536 23140.4 68.8123 -3.17985
1010000 FRAC0_S 0 1 15645.1 -30747.9 8500 -1.93414e+07 -1.37131e+07 -2.39492e+06 17519.8 43.682 5.11898
1010000 FRAC0_S 0 1 15844.7 -30512 8500 -1.74537e+06 -1.41534e+07 -5.87851e+06 22446.4 61.4209 18.6506
1010000 FRAC0_S 0 1 15961.5 -30225.9 8500 -1.31642e+06 -7.97845e+06 -6.32824e+06 10998.6 53.2398 26.1801
1010000 FRAC0_S 0 1 15984.3 -29917.7 8500 -1.74147e+06 -6.12375e+06 -9.79761e+06 16108.7 40.1242 33.1128
1010000 FRAC0_S 0 1 15910.7 -29617.6 8500 1.76586e+07 -1.33626e+06 -1.02004e+07 41784.2 6.26113 23.2237
1010000 FRAC0_S 0 1 15747.9 -29354.9 8500 -1.4404e+06 2.65934e+06 -7.8101e+06 8742.89 -27.7705 36.9589
1010000 FRAC0_S 0 1 15511.9 -29155.4 8500 5.26049e+06 6.76477e+06 -8.2879e+06 15679.5 -38.86 26.331
1010000 FRAC0_S 0 1 15225.9 -29038.5 8500 2.21856e+07 1.09635e+07 -6.48029e+06 60156.2 -33.3736 11.8723
Step FractureNumber TipNr TipActive TipX TipY TipZ KI KII KIII G Phi Psi Extension
1010101 FRAC0_S 0 1 14917.1 -28964.9 8418.16 -8.61641e+06 2.59746e+07 -3.18657e+06 61471.2 -63.167 6.34456
1010101 FRAC0_S 0 1 14598.1 -29048.2 8413.24 1.56025e+07 6.80017e+06 -1.66403e+06 26181.6 -33.9692 5.23534
1010101 FRAC0_S 0 1 14318 -29210.8 8419.25 1.0049e+07 -454522 746304 9090.99 5.54211 -5.02923
1010101 FRAC0_S 0 1 14108.5 -29458.7 8418.52 1.18277e+07 7.25866e+06 5.07708e+06 20589.3 -35.739 -14.932
1010101 FRAC0_S 0 1 13979.3 -29762.6 8422.66 8.76203e+06 6.07456e+06 6.94146e+06 16537.9 -33.6041 -21.5089
1010101 FRAC0_S 0 1 13939.3 -30091.7 8444.92 5.41345e+06 5.27065e+06 9.69288e+06 17582.5 -31.5288 -29.636
1010101 FRAC0_S 0 1 14008 -30417.3 8489.08 2.74403e+06 1.5737e+06 1.1166e+07 17474 -13.5059 -39.0876
1010101 FRAC0_S 0 1 14188 -30697.1 8539.84 3.80778e+06 -3.25056e+06 1.08585e+07 17915.3 23.0954 -35.1511
1010101 FRAC0_S 0 1 14451.4 -30900.1 8571.16 7.31859e+06 -5.42675e+06 8.9904e+06 18147.2 30.5903 -26.6168
1010101 FRAC0_S 0 1 14760.4 -31012 8583.81 1.06368e+07 -4.75728e+06 5.3772e+06 15944.4 28.3925 -17.9808
1010101 FRAC0_S 0 1 15084.6 -31026.7 8589.78 1.62327e+07 -4.55666e+06 3.6309e+06 27084.3 23.6858 -10.8678
1010101 FRAC0_S 0 1 15402.1 -30951.7 8586.48 1.56618e+07 -6.60469e+06 1.41508e+06 26011.3 33.6006 -4.54302
1010101 FRAC0_S 0 1 15682.5 -30789.8 8579.8 1.40441e+07 -8.47636e+06 -1.8409e+06 24429 40.2375 5.70575
1010101 FRAC0_S 0 1 15891.5 -30541.5 8581.2 1.23609e+07 -7.97342e+06 -5.3814e+06 23132.1 36.6788 14.8775
1010101 FRAC0_S 0 1 16019.9 -30237.3 8578.12 3.5708e+07 2.25679e+07 -8.95572e+06 169673 -39.1069 9.80459
1010101 FRAC0_S 0 1 16059.8 -29908.3 8554.98 6.0639e+06 -5.54627e+06 -9.52735e+06 18090.2 31.9152 28.4528
1010101 FRAC0_S 0 1 15992.3 -29582.3 8509.92 2.56887e+06 -2.36497e+06 -1.09012e+07 16891.6 19.3477 38.0574
1010101 FRAC0_S 0 1 15814.4 -29299.7 8463.75 2.69305e+06 2.92946e+06 -1.05848e+07 16312.1 -23.0179 36.8656
1010101 FRAC0_S 0 1 15553.6 -29087.2 8443.23 2.17846e+06 7.32229e+06 -8.54268e+06 14906.6 -45.2861 29.532
1010101 FRAC0_S 0 1 15244.6 -28970.1 8434.4 383069 2.49521e+06 -1.39912e+06 828.232 -57.8481 21.9827