
Step FractureNumber TipNr TipActive TipX TipY TipZ KI KII KIII G Phi Psi Extension
1010000 FRAC0_S 0 1 -6610.38 44570.9 8500 595750 697204 771467 154.099 -39.2973 -24.5399
1010000 FRAC0_S 0 1 -6521.33 44866.8 8500 605863 346203 916963 155.219 -23.5307 -30.3245
1010000 FRAC0_S 0 1 -6528.08 45175.7 8500 398580 -63792 618199 65.3478 8.021 -33.8231
1010000 FRAC0_S 0 1 -6629.96 45467.5 8500 512350 -430749 751362 115.01 31.0658 -28.0984
1010000 FRAC0_S 0 1 -6817.02 45713.5 8500 421853 -712728 473334 90.9222 48.303 -20.1017
1010000 FRAC0_S 0 1 -7070.93 45889.6 8500 502923 -926079 423612 122.828 52.4914 -16.1098
1010000 FRAC0_S 0 1 -7366.84 45978.7 8500 443901 -1.05661e+06 231697 124.183 59.3518 -9.84273
1010000 FRAC0_S 0 1 -7675.77 45971.9 8500 417191 -1.03046e+06 -8243.83 110.139 64.0227 0.440608
1010000 FRAC0_S 0 1 -7967.51 45870.1 8500 438720 -987989 -219163 110.522 58.8158 9.8013
1010000 FRAC0_S 0 1 -8213.48 45683 8500 436659 -891560 -325722 101.933 55.1269 14.0812
1010000 FRAC0_S 0 1 -8389.62 45429.1 8500 552681 -763785 -700885 144.538 42.971 23.1161
1010000 FRAC0_S 0 1 -8478.67 45133.2 8500 537790 -433210 -785744 124.609 30.267 28.2855
1010000 FRAC0_S 0 1 -8471.92 44824.3 8500 563691 -43513.2 -894863 134.987 3.9969 34.7564
1010000 FRAC0_S 0 1 -8370.04 44532.5 8500 596243 381546 -876860 146.913 -25.8388 29.5011
1010000 FRAC0_S 0 1 -8182.98 44286.5 8500 588346 762095 -737143 154.869 -41.7797 23.4278
1010000 FRAC0_S 0 1 -7929.07 44110.4 8500 711929 1.26398e+06 -628508 240.07 -51.4575 16.9014
1010000 FRAC0_S 0 1 -7633.16 44021.3 8500 725904 1.66167e+06 -293776 304.481 -59.8768 8.14975
1010000 FRAC0_S 0 1 -7324.23 44028.1 8500 632633 1.39739e+06 14960.3 209.699 -62.9802 -0.568852
1010000 FRAC0_S 0 1 -7032.49 44129.9 8500 720874 1.43164e+06 356195 245.821 -57.0972 -10.4094
1010000 FRAC0_S 0 1 -6786.52 44317 8500 643194 1.11401e+06 616460 197.995 -50.2866 -18.0315
Step FractureNumber TipNr TipActive TipX TipY TipZ KI KII KIII G Phi Psi Extension
1010101 FRAC0_S 0 1 -6541.28 44540 8439.12 1.309e+06 298672 875134 262.496 -15.8285 -23.3933
1010101 FRAC0_S 0 1 -6434.12 44856.6 8467.69 977162 190354 980249 216.113 -11.8582 -28.7255
1010101 FRAC0_S 0 1 -6437.78 45191.7 8509.89 1.13649e+06 14572.7 1.16995e+06 297.162 -0.876244 -30.9325
1010101 FRAC0_S 0 1 -6556.38 45504.2 8547.95 923721 -274308 733424 154.281 18.4711 -24.8603
1010101 FRAC0_S 0 1 -6768.55 45761.3 8570.06 991790 -333752 572064 141.104 22.4579 -20.5153
1010101 FRAC0_S 0 1 -7044.48 45941.7 8579.84 1.49028e+06 -307822 453704 233.728 17.83 -14.3761
1010101 FRAC0_S 0 1 -7358.73 46028.5 8585.32 1.30834e+06 -338664 126853 164.895 24.1772 -5.40919
1010101 FRAC0_S 0 1 -7684.09 46017.5 8587.84 1.43026e+06 -342106 15694.5 192.75 24.2235 -0.682092
1010101 FRAC0_S 0 1 -7992.05 45913.5 8585.76 1.49794e+06 -238936 -320083 218.661 15.3178 11.3385
1010101 FRAC0_S 0 1 -8256.74 45722.1 8579.45 1.21574e+06 -298971 -523808 176.164 19.0269 17.8636
1010101 FRAC0_S 0 1 -8454.29 45457.7 8567.19 1.04837e+06 -309771 -711086 173.741 19.3897 22.9074
1010101 FRAC0_S 0 1 -8562.47 45142.5 8543.98 909680 -240394 -878614 181.561 15.6067 27.5915
1010101 FRAC0_S 0 1 -8562.22 44807.6 8505.19 810435 -21259.9 -939708 176.014 1.67016 32.0913
1010101 FRAC0_S 0 1 -8447.11 44493.3 8463.29 849006 201794 -899322 175.428 -13.7374 28.9525
1010101 FRAC0_S 0 1 -8235.35 44234.9 8436.24 1.47121e+06 420715 -884520 312.704 -19.6069 21.5
1010101 FRAC0_S 0 1 -7957.19 44056.4 8422.62 2.04283e+06 488891 -650355 449.422 -19.8571 14.5632
1010101 FRAC0_S 0 1 -7641.3 43971.2 8414.93 2.90399e+06 463774 -313913 783.752 -16.5248 6.41064
1010101 FRAC0_S 0 1 -7315.44 43981.3 8412.85 2.04755e+06 238821 30789.7 378.801 -13.6857 -1.03061
1010101 FRAC0_S 0 1 -7006.07 44083.8 8416.52 1.98183e+06 289578 419529 380.872 -14.2551 -11.3585
1010101 FRAC0_S 0 1 -6739.58 44274.5 8424.72 2.07709e+06 540611 967278 534.928 -19.52 -18.6431