
Step FractureNumber TipNr TipActive TipX TipY TipZ KI KII KIII G Phi Psi Extension
1010000 FRAC0_S 0 1 -22500 15987.2 8471.27 -1.90617e+06 3.3739e+06 2.59667e+06 1911.14 -47.1241 -22.1274
1010000 FRAC0_S 0 1 -22500 15952.4 8762.04 3.96097e+06 743921 -8.09695e+06 10166.9 -7.89909 36.1325
1010000 FRAC0_S 0 1 -22500 15815.6 9057.06 -3.32423e+06 -1.55628e+06 2.45268e+06 1015.9 26.5586 -22.3965
1010000 FRAC0_S 0 1 -22500 15603.5 9281.83 -3.79807e+06 -3.07328e+06 1.45939e+06 1124.91 42.1207 -12.6514
1010000 FRAC0_S 0 1 -22500 15332.4 9430.08 -4.55983e+06 -3.92471e+06 425312 1396.65 48.0865 -3.64814
1010000 FRAC0_S 0 1 -22500 15028.7 9487.27 -4.56656e+06 -3.83324e+06 -617573 1360.08 46.8639 5.1872
1010000 FRAC0_S 0 1 -22500 14722.2 9447.82 8.42372e+06 -1.50513e+07 -8.56425e+06 36265.3 50.3204 18.4919
1010000 FRAC0_S 0 1 -22500 14442.9 9315.6 -5.18962e+06 -3.59212e+06 -2.19286e+06 1789.37 38.3244 14.2678
1010000 FRAC0_S 0 1 -22500 14218.2 9103.54 -3.66347e+06 -3.37211e+06 -2.05834e+06 1576.77 42.2883 15.9641
1010000 FRAC0_S 0 1 -22500 14070 8832.4 -2.40431e+06 -2.17706e+06 -2.01278e+06 961.165 38.591 20.7339
1010000 FRAC0_S 0 1 -22500 14012.8 8528.73 -1.88274e+06 -4.0616e+06 -3.55365e+06 3149.6 47.0673 24.564
1010000 FRAC0_S 0 1 -22500 14052.2 8222.24 -7.607e+06 -8.8416e+06 473490 6995.9 54.0388 -2.15665
1010000 FRAC0_S 0 1 -22500 14184.4 7942.94 -102292 -1.65167e+06 -3.7467e+06 2110.11 35.7263 37.8184
1010000 FRAC0_S 0 1 -22500 14396.5 7718.17 268831 -502440 -5.03062e+06 3394.78 11.599 42.8216
1010000 FRAC0_S 0 1 -22500 14667.6 7569.92 595866 1.47292e+06 -5.52878e+06 4290.43 -24.5105 39.2857
1010000 FRAC0_S 0 1 -22500 14971.3 7512.73 601446 3.72911e+06 -4.99259e+06 4586.57 -44.7987 32.3061
1010000 FRAC0_S 0 1 -22500 15277.8 7552.18 516009 4.37805e+06 -3.26092e+06 3145.99 -54.9848 25.9132
1010000 FRAC0_S 0 1 -22500 15557.1 7684.4 -754083 7.8941e+06 -2.64508e+06 6483.57 -63.6583 16.4587
1010000 FRAC0_S 0 1 -22500 15781.8 7896.46 2.13683e+07 -4.45633e+06 6.95111e+06 48883.8 17.741 -15.058
1010000 FRAC0_S 0 1 -22500 15930 8167.6 -1.41215e+06 5.75189e+06 1.45571e+06 3229.98 -62.2514 -12.2315
Step FractureNumber TipNr TipActive TipX TipY TipZ KI KII KIII G Phi Psi Extension
1010101 FRAC0_S 0 1 -22562.2 16056 8473.33 1.47205e+06 3.35597e+06 2.37325e+06 1945.8 -50.0409 -22.1216
1010101 FRAC0_S 0 1 -22514 16030.8 8803.81 -1.32357e+06 247597 2.16923e+06 631.301 -8.96062 -34.1366
1010101 FRAC0_S 0 1 -22464.3 15887.6 9103.93 -1.62e+06 -2.55982e+06 2.61837e+06 1495.74 42.7912 -25.1468
1010101 FRAC0_S 0 1 -22436.7 15650.3 9339.53 -353937 -3.30287e+06 1.06417e+06 1122.72 63.6838 -15.9055
1010101 FRAC0_S 0 1 -22427.8 15355.5 9493.29 116848 -6.25232e+06 920793 3597.43 68.5818 -9.32568
1010101 FRAC0_S 0 1 -22425.7 15030.9 9552.49 -2.27541e+06 -3.16584e+06 -1.35557e+06 1137.51 50.0228 14.2438
1010101 FRAC0_S 0 1 -22427.7 14702.7 9511.75 -569044 -3.81427e+06 -1.45549e+06 1578.19 61.5841 17.3932
1010101 FRAC0_S 0 1 -22432.9 14401.7 9374.62 -308915 -3.16109e+06 -2.83295e+06 1957.84 52.6066 28.3916
1010101 FRAC0_S 0 1 -22435.3 14159.4 9148.92 -806407 -4.18745e+06 -2.45418e+06 2363.58 56.5845 22.1186
1010101 FRAC0_S 0 1 -22433.7 14001.5 8857.36 87120.9 -3.33714e+06 -2.49107e+06 1818.37 56.7025 26.9951
1010101 FRAC0_S 0 1 -22427.6 13946.2 8532.17 1.02573e+06 -2.96042e+06 -2.95522e+06 2036.25 46.976 27.2263
1010101 FRAC0_S 0 1 -22426.6 13990.3 8203.03 2.32522e+06 -2.30592e+06 -3.86933e+06 2946.85 32.8266 28.6673
1010101 FRAC0_S 0 1 -22445.5 14121.8 7896.52 -8.51938e+06 -1.36876e+07 -1.5594e+07 49037 41.5155 26.5614
1010101 FRAC0_S 0 1 -22485.7 14342.1 7646.52 2.08423e+06 -719678 -5.53579e+06 4509.03 11.5601 37.2352
1010101 FRAC0_S 0 1 -22533.3 14636.8 7489.97 2.82936e+06 444926 -5.64973e+06 4976.28 -6.806 36.1546
1010101 FRAC0_S 0 1 -22566.1 14966.6 7442.07 4.0588e+06 1.79078e+06 -5.28149e+06 5463.66 -20.7115 29.5802
1010101 FRAC0_S 0 1 -22581 15291.6 7497.74 6.0742e+06 2.46063e+06 -3.99935e+06 5954.64 -24.7862 21.5282
1010101 FRAC0_S 0 1 -22557.7 15592.5 7637.76 4.5457e+06 4.3109e+06 -2.70272e+06 4468.84 -42.4754 16.4333
1010101 FRAC0_S 0 1 -22529.3 15836.8 7854.28 2.64931e+06 6.43602e+06 -555466 4357.64 -62.2649 4.38451
1010101 FRAC0_S 0 1 -22554.9 15987.8 8144.72 4.68595e+06 -8.32531e+06 -2.5252e+06 8981.06 54.92 11.8059