
Step FractureNumber TipNr TipActive TipX TipY TipZ KI KII KIII G Phi Psi Extension
1010000 FRAC0_S 0 1 44046 15255.6 8500 -442560 -2.0533e+06 1.11371e+06 540.66 56.9876 -20.9248
1010000 FRAC0_S 0 1 44013.7 14948.3 8500 -453945 -2.4519e+06 568462 578.689 63.9381 -11.8788
1010000 FRAC0_S 0 1 44077.9 14646.1 8500 -391950 -2.41579e+06 -47914.5 520.354 68.3392 1.29946
1010000 FRAC0_S 0 1 44232.4 14378.4 8500 -468865 -2.48857e+06 -559935 593.554 64.0114 11.5807
1010000 FRAC0_S 0 1 44462.1 14171.6 8500 -416988 -1.79901e+06 -947845 407.888 56.9735 20.4059
1010000 FRAC0_S 0 1 44744.4 14045.9 8500 -449345 -1.43297e+06 -1.40339e+06 444.922 47.743 27.2951
1010000 FRAC0_S 0 1 45051.7 14013.7 8500 -394813 -675988 -1.58056e+06 372.977 31.1439 34.771
1010000 FRAC0_S 0 1 45354 14077.9 8500 -330191 56146.7 -1.43096e+06 272.619 -4.25858 40.9575
1010000 FRAC0_S 0 1 45621.6 14232.5 8500 -283459 617118 -1.18878e+06 221.891 -35.2441 33.6966
1010000 FRAC0_S 0 1 45828.4 14462.1 8500 -286002 1.33086e+06 -1.16255e+06 337.584 -50.9866 26.8518
1010000 FRAC0_S 0 1 45954 14744.4 8500 -190365 1.3191e+06 -613443 205.102 -59.9644 19.7837
1010000 FRAC0_S 0 1 45986.3 15051.7 8500 -263115 1.864e+06 -498748 342.695 -64.1074 13.6246
1010000 FRAC0_S 0 1 45922.1 15353.9 8500 -224515 1.75731e+06 8892.26 275.195 -69.0377 -0.347756
1010000 FRAC0_S 0 1 45767.6 15621.6 8500 -238654 1.80597e+06 285730 301.494 -66.4555 -9.06762
1010000 FRAC0_S 0 1 45537.9 15828.4 8500 -290120 1.70228e+06 862887 357.248 -58.5854 -20.5583
1010000 FRAC0_S 0 1 45255.6 15954.1 8500 -293834 1.31652e+06 1.20966e+06 349.065 -50.1025 -27.3864
1010000 FRAC0_S 0 1 44948.3 15986.3 8500 -288294 780283 1.56364e+06 379.435 -35.3498 -34.6899
1010000 FRAC0_S 0 1 44646 15922.1 8500 -319724 -1497.6 1.55285e+06 320.709 0.111831 -41.9737
1010000 FRAC0_S 0 1 44378.4 15767.5 8500 -328136 -585181 1.33454e+06 267.386 31.702 -34.6765
1010000 FRAC0_S 0 1 44171.6 15537.9 8500 -374436 -1.12816e+06 1.14246e+06 287.009 46.9781 -27.5336
Step FractureNumber TipNr TipActive TipX TipY TipZ KI KII KIII G Phi Psi Extension
1010101 FRAC0_S 0 1 43994.3 15271.4 8582.66 1.8665e+06 -1.13566e+06 791382 508.667 35.638 -14.8357
1010101 FRAC0_S 0 1 43969.9 14947.4 8589.12 2.11687e+06 -944726 124840 480.918 35.3545 -3.00527
1010101 FRAC0_S 0 1 44041.2 14632 8591.4 1.52675e+06 -646780 -271770 254.812 32.1327 8.26128
1010101 FRAC0_S 0 1 44199.3 14349.9 8589.14 1.54254e+06 -751913 -626738 314.655 31.3981 15.2158
1010101 FRAC0_S 0 1 44434.3 14125.7 8582.9 1.13402e+06 -737153 -930630 278.204 31.9885 22.2673
1010101 FRAC0_S 0 1 44729.4 13980.7 8570.9 1.08981e+06 -1.01197e+06 -1.1927e+06 386.287 36.3993 23.9131
1010101 FRAC0_S 0 1 45058.5 13931.4 8542.51 734963 -1.29951e+06 -1.78102e+06 620.498 39.5624 29.219
1010101 FRAC0_S 0 1 45385.8 13994.2 8494.79 239847 152379 -1.4608e+06 291.008 -11.0392 40.9815
1010101 FRAC0_S 0 1 45669.5 14168.9 8449.86 427307 494148 -1.02425e+06 177.56 -31.0405 31.9157
1010101 FRAC0_S 0 1 45879.7 14425.9 8425.08 950617 673210 -845410 215.97 -32.9662 22.8371
1010101 FRAC0_S 0 1 46002.3 14729.9 8414.79 1.23286e+06 622620 -427400 194.281 -32.976 13.4465
1010101 FRAC0_S 0 1 46028.5 15052.8 8410.03 1.6531e+06 671215 -120482 285.593 -33.1603 3.76375
1010101 FRAC0_S 0 1 45957.4 15367.3 8407.9 2.06919e+06 645737 180569 423.021 -27.7405 -4.73591
1010101 FRAC0_S 0 1 45798.5 15648.3 8409.48 1.48003e+06 488592 593224 263.272 -24.1545 -16.2923
1010101 FRAC0_S 0 1 45564 15872 8415.23 1.25068e+06 495380 945382 280.122 -23.3967 -23.3263
1010101 FRAC0_S 0 1 45269.9 16016.3 8425.84 503137 312715 1.03171e+06 172.841 -21.6908 -33.2662
1010101 FRAC0_S 0 1 44941.3 16065.9 8451.94 394201 402921 1.31574e+06 258.561 -24.1522 -35.7758
1010101 FRAC0_S 0 1 44613.7 16005.6 8498.77 217004 -81928.3 1.49517e+06 302.121 6.24717 -42.0844
1010101 FRAC0_S 0 1 44328.4 15833.3 8544.6 477379 -685426 1.53508e+06 375.584 31.0502 -33.6977
1010101 FRAC0_S 0 1 44116.5 15576.5 8570.66 1.18527e+06 -1.13415e+06 1.34907e+06 481.868 36.5919 -24.2213