
Step FractureNumber TipNr TipActive TipX TipY TipZ KI KII KIII G Phi Psi Extension
1010000 FRAC0_S 0 1 7545.99 -29013.4 8500 -412486 5.67257e+06 -803287 2953.21 -67.8194 8.64723
1010000 FRAC0_S 0 1 7238.86 -29047.5 8500 -260142 5.15072e+06 407361 2386.15 -69.0787 -5.29938
1010000 FRAC0_S 0 1 6957.29 -29174.7 8500 5.09731e+06 4.43703e+06 1.50855e+06 4372.31 -44.9509 -10.0396
1010000 FRAC0_S 0 1 6728.84 -29382.8 8500 -295873 3.54186e+06 2.19015e+06 1755.84 -58.0936 -23.9838
1010000 FRAC0_S 0 1 6575.89 -29651.3 8500 -333008 2.59667e+06 3.15875e+06 1927.88 -46.9763 -31.5848
1010000 FRAC0_S 0 1 6513.39 -29954 8500 -351922 1.1778e+06 4.0108e+06 2263.12 -26.5977 -39.1713
1010000 FRAC0_S 0 1 6547.46 -30261.1 8500 -115951 -773563 4.34106e+06 2559.68 19.1739 -42.0049
1010000 FRAC0_S 0 1 6674.77 -30542.7 8500 -317564 -2.08625e+06 3.24669e+06 1789.8 42.1477 -33.9227
1010000 FRAC0_S 0 1 6882.87 -30771.2 8500 -372258 -3.23483e+06 2.52268e+06 1778.86 54.3869 -26.5114
1010000 FRAC0_S 0 1 7151.38 -30924.1 8500 -1.35255e+07 -5.29171e+06 2.17882e+06 3126.66 30.8383 -7.7389
1010000 FRAC0_S 0 1 7454.01 -30986.6 8500 -358517 -5.72145e+06 860284 3015.45 67.8412 -9.1615
1010000 FRAC0_S 0 1 7761.14 -30952.5 8500 -464762 -6.22799e+06 -446605 3482.92 68.8593 4.75018
1010000 FRAC0_S 0 1 8042.71 -30825.3 8500 -67852.1 -6.43224e+06 -1.84978e+06 4141.9 66.3079 15.6601
1010000 FRAC0_S 0 1 8271.16 -30617.2 8500 1.42305e+07 -3.69815e+06 -2.28064e+06 19956 23.2749 8.3821
1010000 FRAC0_S 0 1 8424.11 -30348.7 8500 -242544 -3.39e+06 -3.99728e+06 3149.17 48.3845 31.8067
1010000 FRAC0_S 0 1 8486.61 -30046 8500 -334658 -1.33642e+06 -4.11547e+06 2411.78 28.5997 38.7824
1010000 FRAC0_S 0 1 8452.54 -29738.9 8500 -379038 638781 -4.12514e+06 2299.59 -16.3088 41.3326
1010000 FRAC0_S 0 1 8325.23 -29457.3 8500 -323024 2.40623e+06 -3.76232e+06 2398.57 -42.276 34.1217
1010000 FRAC0_S 0 1 8117.13 -29228.8 8500 -314960 3.59064e+06 -2.73105e+06 2140.87 -55.2543 26.5096
1010000 FRAC0_S 0 1 7848.62 -29075.9 8500 -341224 4.4461e+06 -1.77286e+06 2179.53 -62.7304 18.6691
Step FractureNumber TipNr TipActive TipX TipY TipZ KI KII KIII G Phi Psi Extension
1010101 FRAC0_S 0 1 7548.56 -28975.2 8408.13 2.11606e+06 -593268 51342.3 430.724 26.8532 -1.43921
1010101 FRAC0_S 0 1 7224.86 -29006 8412.49 4.42253e+06 -2.80647e+06 138296 2447.28 43.1732 -1.45256
1010101 FRAC0_S 0 1 6925.17 -29128.4 8420.1 2.79473e+06 866479 835413 855.718 -24.3782 -13.3523
1010101 FRAC0_S 0 1 6682.53 -29345.6 8421.61 2.40501e+06 1.24143e+06 1.98288e+06 1175.68 -27.4698 -23.3804
1010101 FRAC0_S 0 1 6511.32 -29630.1 8431.03 -1.40795e+07 1.41906e+07 1.71881e+06 18337.2 -50.5733 -4.36217
1010101 FRAC0_S 0 1 6429.99 -29952.1 8467.55 1.00066e+06 359274 2.7252e+06 1088.49 -11.7711 -37.3481
1010101 FRAC0_S 0 1 6464.09 -30282.8 8522.01 1.08575e+06 -416910 3.20236e+06 1484.47 11.8557 -37.8015
1010101 FRAC0_S 0 1 6611.93 -30580.7 8562.08 577794 -364052 852433 138.202 25.5238 -29.6083
1010101 FRAC0_S 0 1 6841.61 -30824.2 8570.24 1.97973e+06 -1.63592e+06 2.17059e+06 1214.36 33.9863 -24.6163
1010101 FRAC0_S 0 1 7126.68 -30985 8569.11 2.43168e+06 -2.81241e+06 1.30128e+06 1456.95 47.2314 -14.2028
1010101 FRAC0_S 0 1 7447.94 -31034.2 8582.44 1.74471e+06 -577545 -77965.3 301.783 29.6342 2.49882
1010101 FRAC0_S 0 1 7770.99 -30987.8 8592.68 -1.44427e+06 -790680 -353347 72.315 36.2352 10.0333
1010101 FRAC0_S 0 1 8074.06 -30865.1 8578.98 -1.4871e+06 -8.88659e+06 -1.39127e+06 7294.59 65.81 8.76246
1010101 FRAC0_S 0 1 8328.07 -30660.1 8561.34 4.07566e+06 -6.26335e+06 -4.23671e+06 7363.27 47.2339 19.8841
1010101 FRAC0_S 0 1 8495.04 -30375.7 8559.23 3.93562e+06 859042 -2.64819e+06 2378.71 -15.2261 23.575
1010101 FRAC0_S 0 1 8569.14 -30047.5 8535.6 3.53822e+06 1.29443e+06 -1.49925e+06 1563.82 -25.6948 16.6185
1010101 FRAC0_S 0 1 8536.2 -29717 8481.11 1.23519e+06 361378 -144510 150.369 -26.0427 6.24667
1010101 FRAC0_S 0 1 8388.18 -29419.5 8438.8 1.61396e+06 973531 -2.76518e+06 1333.52 -23.1473 31.4878
1010101 FRAC0_S 0 1 8154.43 -29185.7 8419.87 2.2335e+06 981070 -1.9023e+06 1011.59 -24.2692 24.437
1010101 FRAC0_S 0 1 7866.05 -29033.9 8411.86 -627394 1.31803e+06 181082 159.164 -59.8819 -6.40276