
Step FractureNumber TipNr TipActive TipX TipY TipZ KI KII KIII G Phi Psi Extension
1010000 FRAC0_S 0 1 -30000 44049 8233.09 289491 -2.02893e+06 -905994 483.463 60.3776 19.3111
1010000 FRAC0_S 0 1 -30000 44178.1 7952.3 256299 -735824 -1.04074e+06 198.159 41.5037 31.2834
1010000 FRAC0_S 0 1 -30000 44387.6 7725.12 256453 -588668 -1.30892e+06 264.605 33.032 35.2121
1010000 FRAC0_S 0 1 -30000 44657 7573.79 469725 422181 -856607 133.136 -29.7223 30.2924
1010000 FRAC0_S 0 1 -30000 44960 7513.12 365970 917611 -1.69685e+06 469.915 -36.4677 33.7113
1010000 FRAC0_S 0 1 -30000 45266.9 7549.06 446924 1.43516e+06 -1.24003e+06 405.85 -49.5634 25.7741
1010000 FRAC0_S 0 1 -30000 45547.7 7678.08 465386 1.78976e+06 -869250 405.234 -57.227 19.1464
1010000 FRAC0_S 0 1 -30000 45774.9 7887.55 285035 2.75331e+06 -966617 807.026 -63.163 16.9034
1010000 FRAC0_S 0 1 -30000 45926.2 8156.97 491003 2.26188e+06 -60488.1 477.864 -67.3102 1.66177
1010000 FRAC0_S 0 1 -30000 45986.8 8459.98 429499 2.14157e+06 356643 442.041 -64.9529 -9.01199
1010000 FRAC0_S 0 1 -30000 45951 8766.91 420224 2.17028e+06 876746 537.69 -60.2054 -17.6134
1010000 FRAC0_S 0 1 -30000 45821.9 9047.7 364501 1.5433e+06 1.11522e+06 389.491 -53.2283 -24.2838
1010000 FRAC0_S 0 1 -30000 45612.4 9274.88 286346 1.466e+06 1.62404e+06 549.607 -47.5902 -29.8831
1010000 FRAC0_S 0 1 -30000 45343 9426.21 273831 384656 1.5996e+06 360.177 -21.8172 -38.6944
1010000 FRAC0_S 0 1 -30000 45040 9486.88 105654 -449497 1.22515e+06 218.632 30.8853 -38.0492
1010000 FRAC0_S 0 1 -30000 44733.1 9450.94 118776 -873687 1.19075e+06 257.855 44.8155 -32.7255
1010000 FRAC0_S 0 1 -30000 44452.3 9321.92 141195 -1.7598e+06 1.1486e+06 453.205 57.4785 -24.6967
1010000 FRAC0_S 0 1 -30000 44225.1 9112.45 245836 -2.45784e+06 805821 630.062 63.7143 -16.1699
1010000 FRAC0_S 0 1 -30000 44073.8 8843.03 155037 -2.59104e+06 178847 604.636 69.0879 -4.64599
1010000 FRAC0_S 0 1 -30000 44013.2 8540.02 188767 -2.3396e+06 -393105 511.491 67.2232 9.89798
Step FractureNumber TipNr TipActive TipX TipY TipZ KI KII KIII G Phi Psi Extension
1010101 FRAC0_S 0 1 -29916.9 44000 8216.43 1.60605e+06 -313251 -504544 272.452 16.924 14.8065
1010101 FRAC0_S 0 1 -29931.5 44122.1 7911.75 1.23451e+06 -341180 -948721 265.887 17.6427 24.653
1010101 FRAC0_S 0 1 -29968.6 44338.4 7661.49 1.02181e+06 -249433 -1.17545e+06 282.348 13.545 29.8564
1010101 FRAC0_S 0 1 -30026 44628.1 7496.54 906620 252937 -433396 103.927 -20.465 18.7788
1010101 FRAC0_S 0 1 -30061.2 44955.2 7436.97 1.04397e+06 213130 -1.22314e+06 300.144 -11.5134 30.4404
1010101 FRAC0_S 0 1 -30074 45282.4 7486.48 1.4316e+06 193517 -834999 278.697 -10.5795 22.6726
1010101 FRAC0_S 0 1 -30083.4 45575.9 7632.94 1.56312e+06 127848 -437782 244.672 -8.15559 14.6452
1010101 FRAC0_S 0 1 -30088.7 45809.1 7858.94 1.47961e+06 -65399.2 -172166 199.408 5.2304 7.48862
1010101 FRAC0_S 0 1 -30091.1 45963.7 8142.85 1.57915e+06 -213059 59151.2 226.725 15.1845 -2.45843
1010101 FRAC0_S 0 1 -30090 46029 8459.13 988736 -145973 157349 92.3054 14.9233 -9.00956
1010101 FRAC0_S 0 1 -30086.1 45997.9 8781.48 1.41851e+06 -77653.6 437568 205.306 5.50916 -15.9603
1010101 FRAC0_S 0 1 -30080.2 45869.3 9080.88 1.25652e+06 116953 696621 206.453 -7.68607 -22.5112
1010101 FRAC0_S 0 1 -30066.2 45653.9 9331.4 1.11615e+06 108042 969618 237.095 -6.72503 -28.0279
1010101 FRAC0_S 0 1 -30024.2 45370.5 9504.41 1.09694e+06 599625 1.69744e+06 522.478 -22.5491 -30.7558
1010101 FRAC0_S 0 1 -29966 45045.1 9568.59 999288 -128947 1.33268e+06 326.676 7.14357 -32.5622
1010101 FRAC0_S 0 1 -29930.9 44716.9 9517.72 1.04421e+06 -319091 930849 221.478 18.1183 -26.2155
1010101 FRAC0_S 0 1 -29917.8 44423.9 9368.24 1.40529e+06 -321480 672303 245.301 17.5033 -19.2668
1010101 FRAC0_S 0 1 -29910.7 44191.9 9140.46 2.11107e+06 -416379 640134 467.076 17.1935 -14.4152
1010101 FRAC0_S 0 1 -29907.8 44038.7 8856.48 1.65888e+06 -150732 -16416.8 247.282 11.0795 0.698587
1010101 FRAC0_S 0 1 -29908.8 43973.5 8540.56 1.76072e+06 -40576.5 -235815 283.796 2.76084 8.58702