
Step FractureNumber TipNr TipActive TipX TipY TipZ KI KII KIII G Phi Psi Extension
1010000 FRAC0_S 0 1 -45000 -44020.2 8624.9 1.23005e+06 -69552.3 47607.4 135.559 7.04118 -2.71513
1010000 FRAC0_S 0 1 -45000 -44106.8 8921.55 1.14016e+06 -76930.2 24294.8 116.445 8.40717 -1.51388
1010000 FRAC0_S 0 1 -45000 -44280.8 9176.94 1.13508e+06 -90478.2 4336.63 115.541 9.9204 -0.27462
1010000 FRAC0_S 0 1 -45000 -44525.1 9366.05 1.20172e+06 -107431 -2166.98 129.715 10.9998 0.128807
1010000 FRAC0_S 0 1 -45000 -44816 9470.4 1.08992e+06 -92444 27765.2 106.72 10.2864 -1.77226
1010000 FRAC0_S 0 1 -45000 -45124.9 9479.76 1.12666e+06 24190.4 -5233.21 113.169 -2.89877 0.352404
1010000 FRAC0_S 0 1 -45000 -45421.5 9393.21 1.15955e+06 -8226.01 -15601.2 119.851 0.969802 1.02259
1010000 FRAC0_S 0 1 -45000 -45676.9 9219.22 973048 -7907.25 -32666.2 84.5188 1.08788 2.47945
1010000 FRAC0_S 0 1 -45000 -45866 8974.84 1.16318e+06 -235.18 -44798.5 120.832 0.0272484 2.84673
1010000 FRAC0_S 0 1 -45000 -45970.4 8683.98 1.19579e+06 -1454.23 -31327.2 127.549 0.165617 1.96746
1010000 FRAC0_S 0 1 -45000 -45979.8 8375.1 1.24367e+06 58206.8 -31279.9 138.261 -5.97907 1.81195
1010000 FRAC0_S 0 1 -45000 -45893.2 8078.45 1.15668e+06 58817.8 -29999.8 119.648 -6.45532 1.85961
1010000 FRAC0_S 0 1 -45000 -45719.2 7823.06 1.2253e+06 61095.5 -20211.2 134.173 -6.39321 1.19865
1010000 FRAC0_S 0 1 -45000 -45474.9 7633.95 1.15362e+06 82227.5 -7028.17 119.2 -8.95588 0.440016
1010000 FRAC0_S 0 1 -45000 -45184 7529.6 963397 276664 7431.43 89.5341 -27.6057 -0.463482
1010000 FRAC0_S 0 1 -45000 -44875.1 7520.24 1.14729e+06 75341.6 34057.8 117.953 -8.14176 -2.08966
1010000 FRAC0_S 0 1 -45000 -44578.5 7606.79 1.05526e+06 -93250.7 45856.9 100.286 10.5038 -2.9461
1010000 FRAC0_S 0 1 -45000 -44323.1 7780.78 976778 -19607.9 119479 86.9524 2.43845 -7.97333
1010000 FRAC0_S 0 1 -45000 -44134 8025.16 1.14251e+06 -2003.99 60565.4 116.805 0.23262 -3.83682
1010000 FRAC0_S 0 1 -45000 -44029.6 8316.02 1.05344e+06 -19046.7 180880 103.273 2.11133 -10.5693
Step FractureNumber TipNr TipActive TipX TipY TipZ KI KII KIII G Phi Psi Extension
1010101 FRAC0_S 0 1 -44989.3 -43924.1 8637.08 1.42024e+06 202534 34824.1 183.559 -16.0609 -1.62412
1010101 FRAC0_S 0 1 -44985.4 -44019.5 8962.68 1.2505e+06 198850 47455.7 143.17 -17.3635 -2.43979
1010101 FRAC0_S 0 1 -44982.9 -44210.7 9242.77 1.18468e+06 216025 42538.1 129.462 -19.387 -2.2703
1010101 FRAC0_S 0 1 -44981.6 -44479 9450.14 1.13065e+06 182577 46249.7 117.17 -17.5394 -2.61538
1010101 FRAC0_S 0 1 -44987.6 -44798.2 9565.02 1.44747e+06 189336 89282.4 190.954 -14.5145 -3.94629
1010101 FRAC0_S 0 1 -44997.7 -45137.3 9576.07 1.57987e+06 -41340.9 105245 224.044 3.31223 -4.63223
1010101 FRAC0_S 0 1 -44999.9 -45463.2 9481.39 1.48835e+06 -90273.7 31239.3 198.252 7.63043 -1.50116
1010101 FRAC0_S 0 1 -44998.6 -45743.8 9290.25 1.48525e+06 -87190.8 25920.8 197.34 7.42873 -1.25626
1010101 FRAC0_S 0 1 -44999.4 -45951.6 9021.74 1.5353e+06 -115987 -592.733 211.245 9.48497 0.0279839
1010101 FRAC0_S 0 1 -45002.4 -46066.1 8702.16 1.4762e+06 -144704 -9751.62 196.064 11.8723 0.465274
1010101 FRAC0_S 0 1 -45007.9 -46076.1 8362.87 1.56865e+06 -232944 -32725.8 224.247 16.65 1.38108
1010101 FRAC0_S 0 1 -45011 -45980.9 8037.08 1.41442e+06 -208546 13109.9 182.172 16.708 -0.622895
1010101 FRAC0_S 0 1 -45012.3 -45789.7 7756.76 1.45478e+06 -188757 -79800.7 192.614 14.4944 3.54109
1010101 FRAC0_S 0 1 -45022.2 -45520.8 7551.85 1.52659e+06 -314376 -17608.7 216.517 21.6781 0.736035
1010101 FRAC0_S 0 1 -45030.7 -45201 7439.87 1.37999e+06 -399902 -74197.8 184.681 26.9397 3.0686
1010101 FRAC0_S 0 1 -45014.2 -44862.5 7427.15 1.44848e+06 -101810 -141630 190.554 8.17087 6.29811
1010101 FRAC0_S 0 1 -44993.4 -44537.2 7519.59 1.56902e+06 259205 -27861.2 225.462 -18.1861 1.1634
1010101 FRAC0_S 0 1 -44993.2 -44256.4 7710.15 1.4506e+06 217163 29650.9 191.829 -16.7655 -1.35245
1010101 FRAC0_S 0 1 -44997.9 -44031.4 8009.41 1.43947e+06 133411 20957.7 186.286 -11.2281 -1.01993
1010101 FRAC0_S 0 1 -44995 -43933.9 8297.84 1.43008e+06 172469 23757.4 184.966 -14.0597 -1.1324