
Step FractureNumber TipNr TipActive TipX TipY TipZ KI KII KIII G Phi Psi Extension
1010000 FRAC0_S 0 1 44306.8 -14296.5 8489.7 1.33173e+06 2.80805e+06 711215 927.957 -57.585 -10.7264
1010000 FRAC0_S 0 1 44213.3 -14452.8 8739.39 1.43713e+06 2.45531e+06 1.32325e+06 954.127 -50.3929 -17.6649
1010000 FRAC0_S 0 1 44196.9 -14662.6 8965.65 1.36358e+06 1.73847e+06 1.78888e+06 860.612 -40.9186 -24.1143
1010000 FRAC0_S 0 1 44259.2 -14905.4 9146.32 1.43563e+06 897930 2.17345e+06 883.784 -25.1137 -29.9403
1010000 FRAC0_S 0 1 44393.9 -15157.6 9263.73 1.37406e+06 -175933 2.09288e+06 753.56 6.59806 -33.9199
1010000 FRAC0_S 0 1 44587.9 -15394.3 9306.38 1.24825e+06 -1.00779e+06 1.90213e+06 710.557 29.819 -28.7753
1010000 FRAC0_S 0 1 44822.3 -15592.4 9270.1 518183 -1.35614e+06 910966 298.181 51.5705 -21.9809
1010000 FRAC0_S 0 1 45074 -15732.4 9158.43 1.30412e+06 -2.49914e+06 1.17329e+06 891.197 52.6525 -16.5553
1010000 FRAC0_S 0 1 45331 -15802.5 8971.47 1.28835e+06 -2.91541e+06 597611 952.808 59.1998 -9.19717
1010000 FRAC0_S 0 1 45531.9 -15790.9 8758.98 1.20137e+06 -2.89786e+06 -38929.4 877.124 63.7116 0.730857
1010000 FRAC0_S 0 1 45693.2 -15703.5 8510.3 1.22359e+06 -2.73303e+06 -650341 855.269 58.4182 10.3532
1010000 FRAC0_S 0 1 45786.7 -15547.2 8260.61 1.00167e+06 -1.88077e+06 -983473 533.255 51.5423 17.7072
1010000 FRAC0_S 0 1 45803.1 -15337.4 8034.35 1.60066e+06 -1.92885e+06 -1.77344e+06 978.135 41.6614 22.3944
1010000 FRAC0_S 0 1 45740.8 -15094.6 7853.68 1.33106e+06 -904942 -2.16226e+06 852.678 25.8417 30.3704
1010000 FRAC0_S 0 1 45606.1 -14842.4 7736.27 1.26873e+06 60732.4 -1.94863e+06 648.787 -2.56972 34.7055
1010000 FRAC0_S 0 1 45412.1 -14605.7 7693.62 1.12021e+06 911914 -1.62076e+06 535.297 -30.5874 28.1115
1010000 FRAC0_S 0 1 45177.7 -14407.6 7729.9 928735 1.30022e+06 -1.12977e+06 397.266 -43.7062 22.503
1010000 FRAC0_S 0 1 44926 -14267.6 7841.57 427229 1.51071e+06 -521853 255.857 -59.5791 15.0626
1010000 FRAC0_S 0 1 44681.4 -14199.1 8017.69 1.4422e+06 2.68093e+06 -409682 848.134 -58.3161 6.78019
1010000 FRAC0_S 0 1 44468.1 -14209.1 8241.02 1.31937e+06 2.95175e+06 86841.7 932.521 -62.7116 -1.54121
Step FractureNumber TipNr TipActive TipX TipY TipZ KI KII KIII G Phi Psi Extension
1010101 FRAC0_S 0 1 44220.8 -14307.7 8441.96 2.9973e+06 12743.3 790627 883.7 -0.468619 -14.7978
1010101 FRAC0_S 0 1 44119.3 -14463 8712 2.161e+06 339897 1.04531e+06 571.759 -12.7756 -20.1246
1010101 FRAC0_S 0 1 44100.5 -14674.9 8965.98 3.03948e+06 173702 1.81315e+06 1263.17 -4.75456 -23.8428
1010101 FRAC0_S 0 1 44174.5 -14918.7 9184.01 2.06429e+06 28145.5 1.83784e+06 829.025 -0.998975 -29.2579
1010101 FRAC0_S 0 1 44341.7 -15167.6 9339.03 1.9004e+06 -12611.4 1.93819e+06 821.463 0.4577 -30.8967
1010101 FRAC0_S 0 1 44579.1 -15397.6 9400.44 2.1052e+06 -142754 1.81423e+06 834.498 4.83345 -28.2536
1010101 FRAC0_S 0 1 44850 -15589.6 9363.41 2.42441e+06 -242117 1.46039e+06 812.645 7.97257 -23.4695
1010101 FRAC0_S 0 1 45124.3 -15728 9243.66 3.72326e+06 -43655.3 1.36205e+06 1482.21 1.18654 -18.3864
1010101 FRAC0_S 0 1 45383.1 -15792.5 9057.04 2.97425e+06 -380642 409075 823.448 13.442 -8.08741
1010101 FRAC0_S 0 1 45607.7 -15777.8 8821.75 3.51414e+06 -174549 -274066 1113.14 6.03084 5.23668
1010101 FRAC0_S 0 1 45778.8 -15690.8 8558.54 3.03282e+06 -9787.06 -759046 896.272 0.359955 14.2581
1010101 FRAC0_S 0 1 45880.3 -15535.6 8288.9 2.71855e+06 -133652 -1.22543e+06 859.885 4.51356 20.4606
1010101 FRAC0_S 0 1 45899.5 -15324.2 8035.04 2.99972e+06 -114516 -1.74983e+06 1210.24 3.25726 23.7894
1010101 FRAC0_S 0 1 45826.7 -15079.7 7817.65 1.94577e+06 -69624.3 -1.718e+06 730.358 2.58652 28.9054
1010101 FRAC0_S 0 1 45660.3 -14830.3 7663.01 599109 190519 -1.18713e+06 222.652 -12.8429 34.9409
1010101 FRAC0_S 0 1 45423.3 -14599.1 7599.77 2.11684e+06 209250 -1.77026e+06 820.002 -6.96882 27.5451
1010101 FRAC0_S 0 1 45152.5 -14407.7 7635.97 2.97588e+06 409708 -1.66766e+06 1173.99 -10.8908 22.1473
1010101 FRAC0_S 0 1 44875.9 -14274.4 7757.04 3.1484e+06 275773 -968125 1014.73 -8.51403 15.5891
1010101 FRAC0_S 0 1 44616 -14209.1 7943.58 3.16339e+06 40388.1 -196353 896.997 -1.6531 4.39436
1010101 FRAC0_S 0 1 44392 -14220.7 8178.34 4.64711e+06 86997.2 409049 1947.31 -2.34809 -5.99481