
Step FractureNumber TipNr TipActive TipX TipY TipZ KI KII KIII G Phi Psi Extension
1010000 FRAC0_S 0 1 21978.3 -14206.6 8228.24 3.76625e+06 -285018 1.29306e+06 1493.61 7.26723 -16.9403
1010000 FRAC0_S 0 1 21813.8 -14290 8476.17 -7.88683e+06 8.93597e+06 7.16468e+06 13942.8 -42.4394 -20.3534
1010000 FRAC0_S 0 1 21716.4 -14442.9 8726.43 347371 -1.21983e+06 -730550 214.329 54.5948 21.4636
1010000 FRAC0_S 0 1 21693.3 -14619.9 8926.54 -612067 -541993 -1.38756e+06 282.245 26.6714 32.7475
1010000 FRAC0_S 0 1 21753.9 -14892.1 9138.13 -1.87949e+06 657916 -1.82749e+06 482.755 -19.5117 26.8723
1010000 FRAC0_S 0 1 21885 -15144.3 9259.28 2.45318e+06 7.02724e+06 -5.23842e+06 8586.37 -50.8846 23.5802
1010000 FRAC0_S 0 1 22076.3 -15382.4 9306.1 -2.23421e+06 2.088e+06 -975164 514.972 -44.3069 13.2403
1010000 FRAC0_S 0 1 22309.1 -15583.1 9274.01 -2.13357e+06 2.66427e+06 -598027 680.096 -52.0605 8.23943
1010000 FRAC0_S 0 1 22560.5 -15726.7 9166.15 1.67733e+07 2.28619e+07 1.30071e+07 94146.9 -47.5979 -17.2579
1010000 FRAC0_S 0 1 22806.1 -15799.2 8993.09 -602932 1.81036e+06 72901.2 292.758 -64.8274 -2.25877
1010000 FRAC0_S 0 1 23021.7 -15793.4 8771.76 609102 1.44975e+06 -96618.7 221.591 -62.4962 3.43003
1010000 FRAC0_S 0 1 23186.2 -15710 8523.83 -5.42249e+06 1.57495e+07 -1.06307e+07 37134.3 -52.1642 22.3858
1010000 FRAC0_S 0 1 23283.6 -15557.1 8273.57 2.19306e+06 786876 -471618 513.332 -28.2787 10.0417
1010000 FRAC0_S 0 1 23304.2 -15349.6 8045.48 -993499 -6.54598e+06 -6.33838e+06 9161.63 50.4618 28.7409
1010000 FRAC0_S 0 1 23246.1 -15107.9 7861.87 4.4484e+06 1.88882e+06 -973577 2207.31 -31.4979 9.80201
1010000 FRAC0_S 0 1 23115 -14855.7 7740.72 3.51853e+06 2.09376e+07 1.1664e+07 58261.8 -57.6324 -21.7467
1010000 FRAC0_S 0 1 22923.7 -14617.6 7693.9 1.43208e+06 6.78461e+06 -2.72188e+06 5269.91 -59.9051 17.3657
1010000 FRAC0_S 0 1 22690.9 -14416.9 7725.99 4.05616e+06 2.21277e+06 348746 1918.57 -38.9859 -4.01889
1010000 FRAC0_S 0 1 22439.5 -14273.3 7833.85 -6.27455e+06 2.10354e+07 -1.10707e+07 55730.3 -55.7033 19.7531
1010000 FRAC0_S 0 1 22193.9 -14200.8 8006.91 4.10536e+06 839654 1.35422e+06 1808.59 -17.4175 -15.2434
Step FractureNumber TipNr TipActive TipX TipY TipZ KI KII KIII G Phi Psi Extension
1010101 FRAC0_S 0 1 21921.5 -14144.6 8191.82 2.89075e+06 -764724 1.18574e+06 983.752 20.3679 -17.1246
1010101 FRAC0_S 0 1 21757.7 -14241.2 8465.87 473608 -5.12812e+06 2.299e+06 3066.33 61.3793 -19.9027
1010101 FRAC0_S 0 1 21682.8 -14385.1 8763.16 1.01293e+06 -871486 -906996 268.519 36.8854 21.86
1010101 FRAC0_S 0 1 21650.1 -14603.9 9013.53 164001 -746531 -1.73771e+06 453.669 33.903 36.973
1010101 FRAC0_S 0 1 21675.9 -14895.7 9176.63 -611596 667680 -2.04934e+06 598.299 -25.2658 35.5138
1010101 FRAC0_S 0 1 21802.6 -15190.6 9276.05 -98716.7 1.93126e+06 -1.65886e+06 698.354 -54.1091 28.4029
1010101 FRAC0_S 0 1 22005.4 -15450.4 9316.72 612961 2.48445e+06 -1.42982e+06 855.415 -55.748 21.3429
1010101 FRAC0_S 0 1 22253 -15664.1 9280.56 1.40623e+06 2.58728e+06 -1.08021e+06 927.907 -53.1887 15.1106
1010101 FRAC0_S 0 1 22517.2 -15814.9 9160.48 7.23132e+06 2.41227e+06 -555293 5219.28 -29.1972 4.149
1010101 FRAC0_S 0 1 22770.2 -15887.6 8968.67 2.37933e+06 1.24758e+06 -246988 651.282 -37.8267 4.83889
1010101 FRAC0_S 0 1 22997.8 -15881.7 8733.73 1.82423e+06 751238 -708780 413.647 -28.361 15.2963
1010101 FRAC0_S 0 1 23188.6 -15796.2 8480.27 4.70219e+06 1.85976e+06 -1.02405e+06 2417.96 -30.1148 9.92805
1010101 FRAC0_S 0 1 23328.1 -15612.6 8242.58 2.60795e+06 398233 -720899 689.325 -14.1596 13.8523
1010101 FRAC0_S 0 1 23371.5 -15367.8 8019.89 2.74239e+06 1.65656e+06 -618258 965.541 -38.5935 9.11064
1010101 FRAC0_S 0 1 23283.5 -15132.5 7800.57 6.11246e+06 108936 759298 3407.08 -2.1677 -8.09372
1010101 FRAC0_S 0 1 23108.7 -14893.7 7651.73 5.43359e+06 -2.71325e+06 -932507 3402.53 35.586 7.66299
1010101 FRAC0_S 0 1 22900.3 -14640.7 7601.68 5.6716e+06 -2.74945e+06 -954337 3661.16 35.0365 7.59783
1010101 FRAC0_S 0 1 22660.4 -14421.3 7633.24 5.68143e+06 -4.06302e+06 231107 4354.49 45.4093 -1.78934
1010101 FRAC0_S 0 1 22396.8 -14259 7750.46 5.92602e+06 114479 5.33082e+06 6910.06 -1.40234 -29.3136
1010101 FRAC0_S 0 1 22146.5 -14150.7 7948.02 4.66552e+06 -258998 712998 2013.25 6.28412 -9.33711