
Step FractureNumber TipNr TipActive TipX TipY TipZ KI KII KIII G Phi Psi Extension
1010000 FRAC0_S 0 1 -30000 29254 7852.75 9.1724e+06 -2.96289e+06 8.15085e+06 17115.4 18.9545 -26.0125
1010000 FRAC0_S 0 1 -30000 29487.6 7655.6 7.96523e+06 -6.56736e+06 6.13477e+06 14502.4 37.4189 -20.2454
1010000 FRAC0_S 0 1 -30000 29773.6 7538.6 7.63426e+06 -8.99501e+06 4.20453e+06 14754.6 47.3965 -14.3974
1010000 FRAC0_S 0 1 -30000 30081.8 7515.7 7.32252e+06 -9.97916e+06 1.9993e+06 14183.5 53.6717 -7.72556
1010000 FRAC0_S 0 1 -30000 30382 7589.16 7.91492e+06 -1.08959e+07 65362.8 16162.1 57.4886 -0.269696
1010000 FRAC0_S 0 1 -30000 30644.7 7751.78 6.58786e+06 -8.03312e+06 -1.34959e+06 9859.98 52.709 6.35572
1010000 FRAC0_S 0 1 -30000 30844.5 7987.64 1.03077e+07 -1.06553e+07 -3.61836e+06 21326.3 47.5331 10.7665
1010000 FRAC0_S 0 1 -30000 30961.5 8273.65 1.0949e+07 -8.85449e+06 -4.40095e+06 20245 41.8472 13.0913
1010000 FRAC0_S 0 1 -30000 30984.3 8581.81 1.27983e+07 -7.63575e+06 -6.61732e+06 25615.3 33.9403 17.1057
1010000 FRAC0_S 0 1 -30000 30910.8 8881.97 1.21609e+07 -4.80705e+06 -6.93587e+06 21635.4 25.3231 19.854
1010000 FRAC0_S 0 1 -30000 30748.2 9144.74 1.32881e+07 -483700 -8.54684e+06 25470.7 3.00127 25.0304
1010000 FRAC0_S 0 1 -30000 30512.4 9344.4 1.76128e+07 667306 -1.01895e+07 41491.2 -3.24304 23.6896
1010000 FRAC0_S 0 1 -30000 30226.4 9461.4 1.66589e+07 4.40386e+06 -9.04059e+06 37328.4 -18.9827 20.4485
1010000 FRAC0_S 0 1 -30000 29918.2 9484.3 1.94e+07 8.84872e+06 -8.72844e+06 50647.4 -29.4938 16.5731
1010000 FRAC0_S 0 1 -30000 29618 9410.84 2.05011e+07 1.0147e+07 -8.13256e+06 55423.9 -31.8388 14.9059
1010000 FRAC0_S 0 1 -30000 29355.3 9248.22 1.84586e+07 1.54265e+07 -2.69514e+06 52533.8 -46.5912 5.56771
1010000 FRAC0_S 0 1 -30000 29155.5 9012.36 1.71965e+07 1.52949e+07 1.27541e+06 47413.9 -49.052 -2.89907
1010000 FRAC0_S 0 1 -30000 29038.5 8726.35 1.62404e+07 1.31753e+07 5.33566e+06 42757.7 -43.0165 -11.198
1010000 FRAC0_S 0 1 -30000 29015.7 8418.19 1.35648e+07 8.88449e+06 6.83137e+06 29637.1 -36.0349 -16.4017
1010000 FRAC0_S 0 1 -30000 29089.2 8118.03 1.10437e+07 2.20681e+06 8.37593e+06 20632.9 -13.557 -25.2594
Step FractureNumber TipNr TipActive TipX TipY TipZ KI KII KIII G Phi Psi Extension
1010101 FRAC0_S 0 1 -29974.4 29183.3 7798.01 9.00513e+06 -181608 6.23221e+06 12394.9 1.63925 -26.1357
1010101 FRAC0_S 0 1 -29943.1 29445.2 7589.74 1.23648e+07 -1.57199e+06 6.4432e+06 19365.6 10.3823 -21.3615
1010101 FRAC0_S 0 1 -29927.9 29756.8 7473.92 9.93723e+06 -1.00103e+06 3.67926e+06 10689.2 9.25913 -17.5421
1010101 FRAC0_S 0 1 -29920.2 30085.6 7457.32 1.35021e+07 -562499 2.65265e+06 17209.5 4.63144 -11.5459
1010101 FRAC0_S 0 1 -29917.8 30403.5 7538.15 1.64037e+07 -141227 2.02832e+06 24526.8 1.06048 -8.12455
1010101 FRAC0_S 0 1 -29920.7 30684.1 7707.69 1.89281e+07 -1.21094e+06 536935 32094.6 7.95937 -2.00333
1010101 FRAC0_S 0 1 -29926.6 30901.3 7954.38 1.86408e+07 -1.80451e+06 -2.49244e+06 32080.4 10.5805 8.0859
1010101 FRAC0_S 0 1 -29934.2 31032.7 8258.07 1.87469e+07 -1.10616e+06 -4.14608e+06 33712.6 6.30411 12.4903
1010101 FRAC0_S 0 1 -29944.7 31064.6 8589.73 1.97768e+07 -851375 -7.66624e+06 42733.9 4.14921 18.7112
1010101 FRAC0_S 0 1 -29963.3 30992.1 8917.47 1.87727e+07 -666706 -8.66017e+06 41418.2 3.2823 20.9048
1010101 FRAC0_S 0 1 -29988.3 30817.6 9210.03 2.08671e+07 -1.41001e+06 -1.06526e+07 54071.4 5.8663 21.7792
1010101 FRAC0_S 0 1 -30009.7 30562.6 9426.39 2.03565e+07 -1.71236e+06 -1.08218e+07 52763.1 7.09899 22.0914
1010101 FRAC0_S 0 1 -30030 30248.3 9550.45 2.19152e+07 -1.78067e+06 -1.04525e+07 57610.9 7.10996 20.7832
1010101 FRAC0_S 0 1 -30046 29911.8 9570.27 2.51826e+07 -1.7082e+06 -1.01718e+07 70531.2 6.30383 18.9213
1010101 FRAC0_S 0 1 -30056.9 29588.6 9484.71 2.731e+07 -169266 -7.36071e+06 73669.7 0.678523 15.0062
1010101 FRAC0_S 0 1 -30068.4 29310.6 9302.33 2.79495e+07 -1.39624e+06 -3.49412e+06 71407.9 5.82581 7.92552
1010101 FRAC0_S 0 1 -30073 29098.6 9046.56 2.69543e+07 -1.03173e+06 393793 64857.2 4.99707 -1.07596
1010101 FRAC0_S 0 1 -30067.7 28968.9 8741.56 2.39422e+07 134337 5.16621e+06 54631.7 -0.641661 -12.75
1010101 FRAC0_S 0 1 -30052.3 28935.2 8409.62 1.89746e+07 480056 8.12161e+06 40875.9 -2.41595 -20.1098
1010101 FRAC0_S 0 1 -30018.3 29006.2 8082.12 1.16649e+07 694467 7.35655e+06 19366 -4.84446 -24.5095