
Step FractureNumber TipNr TipActive TipX TipY TipZ KI KII KIII G Phi Psi Extension
1010000 FRAC0_S 0 1 29604.2 -14095.1 8500 -639313 5.04093e+06 -1.68918e+06 2643.87 -63.0116 16.1449
1010000 FRAC0_S 0 1 29343.9 -14261.7 8500 -473784 5.34292e+06 -340263 2559.21 -68.7763 4.20985
1010000 FRAC0_S 0 1 29147.9 -14500.6 8500 -304493 4.43472e+06 679806 1813.96 -67.6905 -9.26563
1010000 FRAC0_S 0 1 29035.2 -14788.4 8500 -342239 3.83731e+06 1.62581e+06 1663.7 -61.9553 -19.256
1010000 FRAC0_S 0 1 29017.1 -15096.8 8500 -499249 3.03497e+06 2.44267e+06 1614.36 -53.0406 -26.3657
1010000 FRAC0_S 0 1 29095.1 -15395.8 8500 -495036 2.3002e+06 3.73191e+06 2323.78 -40.6435 -33.809
1010000 FRAC0_S 0 1 29239.2 -15630.8 8500 -711777 548332 4.34326e+06 2535.69 -13.0297 -40.6325
1010000 FRAC0_S 0 1 29500.6 -15852.1 8500 -5.42185e+06 -1.99841e+06 4.33982e+06 2860.8 21.7691 -24.2903
1010000 FRAC0_S 0 1 29788.4 -15964.7 8500 -1.11375e+07 -3.49804e+06 3.55484e+06 2771.08 24.3336 -13.9828
1010000 FRAC0_S 0 1 30096.8 -15982.9 8500 -1.07981e+06 -5.29545e+06 3.43128e+06 4064.7 55.1875 -23.2518
1010000 FRAC0_S 0 1 30395.8 -15904.9 8500 -494621 -5.62852e+06 1.73684e+06 3224.23 64.358 -15.6245
1010000 FRAC0_S 0 1 30656.1 -15738.3 8500 -1.29645e+07 -8.04433e+06 -227929 5773.33 42.9871 0.833353
1010000 FRAC0_S 0 1 30852.1 -15499.4 8500 -411641 -6.24754e+06 -826731 3569.03 68.0844 8.21169
1010000 FRAC0_S 0 1 30964.8 -15211.6 8500 -8.34478e+06 -5.78766e+06 -3.22407e+06 4367.41 38.9005 13.3503
1010000 FRAC0_S 0 1 30982.9 -14903.2 8500 -867720 -4.70052e+06 -3.4148e+06 3519.78 54.0907 24.8821
1010000 FRAC0_S 0 1 30904.9 -14604.2 8500 -356936 -2.24786e+06 -3.25214e+06 1856.92 43.4203 33.1361
1010000 FRAC0_S 0 1 30738.3 -14343.9 8500 -76260.7 -1.07818e+06 -4.82732e+06 3202.88 22.9601 41.4549
1010000 FRAC0_S 0 1 30499.4 -14147.9 8500 5.8152e+06 83599.8 -3.28892e+06 4452.67 -1.26808 23.6929
1010000 FRAC0_S 0 1 30211.6 -14035.3 8500 7.86874e+06 2.17509e+06 -3.12098e+06 7234.51 -21.22 16.6368
1010000 FRAC0_S 0 1 29903.2 -14017.1 8500 -510206 4.29685e+06 -2.72642e+06 2633.86 -57.0791 23.9065
Step FractureNumber TipNr TipActive TipX TipY TipZ KI KII KIII G Phi Psi Extension
1010101 FRAC0_S 0 1 29587.7 -14054 8411.15 2.88363e+06 774352 -415303 817.349 -24.0849 7.60965
1010101 FRAC0_S 0 1 29319.1 -14233 8407.98 2.56404e+06 478593 970.364 606.246 -20.2835 -0.0248647
1010101 FRAC0_S 0 1 29114 -14481.7 8408.37 1.44249e+07 -7.29116e+06 -1.53161e+06 23591 37.0227 4.99557
1010101 FRAC0_S 0 1 28989.2 -14780 8412.77 2.80966e+06 1.29279e+06 888854 957.457 -31.5652 -12.8438
1010101 FRAC0_S 0 1 28958.3 -15104.9 8421.7 1.0243e+07 -8.7943e+06 609820 16290.5 48.6408 -2.38923
1010101 FRAC0_S 0 1 29027.1 -15428.7 8441.82 1.82258e+06 1.42856e+06 2.60743e+06 1382.08 -29.9756 -28.1782
1010101 FRAC0_S 0 1 29196.2 -15716.1 8481.72 761914 334740 2.67206e+06 1011.32 -11.8827 -38.7139
1010101 FRAC0_S 0 1 29454 -15930.7 8523.21 -4.90803e+06 -2.855e+06 3.29612e+06 2171.3 31.4768 -20.3161
1010101 FRAC0_S 0 1 29768.3 -16043.5 8550.4 1.85566e+06 -2.25069e+06 2.70382e+06 1730.56 38.6229 -25.7663
1010101 FRAC0_S 0 1 30099.1 -16043.5 8573.89 3.1904e+06 -1.93439e+06 1.39378e+06 1498.83 35.3808 -15.1691
1010101 FRAC0_S 0 1 30418.1 -15952.6 8582.65 2.74285e+06 -1.22809e+06 522539 841.104 33.034 -8.62425
1010101 FRAC0_S 0 1 30692.8 -15780.2 8579.83 3.68378e+06 -1.58529e+06 403078 1454.8 33.6602 -5.37624
1010101 FRAC0_S 0 1 30899.3 -15526.7 8579.14 3.38907e+06 -2.03202e+06 -215677 1397.63 41.3722 2.93617
1010101 FRAC0_S 0 1 31025.4 -15223.3 8574.85 3.13963e+06 -2.19989e+06 -1.0789e+06 1464.44 39.7613 12.1789
1010101 FRAC0_S 0 1 31047.7 -14897.2 8573.38 2.47991e+06 -2.10188e+06 -1.99595e+06 1471.55 37.5886 20.6298
1010101 FRAC0_S 0 1 30969.9 -14572.9 8564.36 2.33008e+06 -2.45183e+06 -3.51349e+06 2661.32 35.264 27.1167
1010101 FRAC0_S 0 1 30802 -14284.5 8536.13 247732 919033 -1.35625e+06 325.376 -41.7084 32.3933
1010101 FRAC0_S 0 1 30546.9 -14066.7 8499.6 9.45795e+06 -289535 -1.47764e+06 8269.01 3.56452 9.69585
1010101 FRAC0_S 0 1 30232.9 -13954.7 8460.36 1.15509e+06 1.16421e+06 2.33278e+06 963.438 -30.6519 -30.8151
1010101 FRAC0_S 0 1 29900.9 -13956.9 8426.7 2.02481e+06 -2.30442e+06 837680 931.872 48.5156 -11.7783