
Step FractureNumber TipNr TipActive TipX TipY TipZ KI KII KIII G Phi Psi Extension
1010000 FRAC0_S 0 1 36802.7 699.425 8497.95 1.24554e+06 -1.85847e+06 671470 505.987 51.9531 -12.8285
1010000 FRAC0_S 0 1 36711.6 541.139 8747.25 1.61238e+06 -2.66755e+06 342473 881.357 57.4804 -5.59785
1010000 FRAC0_S 0 1 36702 291.522 9006.43 1.91011e+06 -3.11748e+06 -287056 1202.11 58.0361 4.11668
1010000 FRAC0_S 0 1 36762.4 86.3359 9151.22 1.81546e+06 -2.88958e+06 -917177 1149.62 53.4633 11.8463
1010000 FRAC0_S 0 1 36899.3 -165.663 9266.34 1.47598e+06 -2.05692e+06 -1.54596e+06 889.013 45.218 20.685
1010000 FRAC0_S 0 1 37095 -401.445 9306.45 1.66079e+06 -1.41272e+06 -1.76142e+06 836.278 34.9304 24.0364
1010000 FRAC0_S 0 1 37330.3 -597.931 9267.61 1.76413e+06 -541438 -1.91895e+06 793.201 16.7934 28.6218
1010000 FRAC0_S 0 1 37582.2 -735.887 9153.63 1.78883e+06 433758 -2.06928e+06 871.405 -13.4341 29.9357
1010000 FRAC0_S 0 1 37826.1 -801.81 8975.68 1.7265e+06 1.29945e+06 -1.77623e+06 835.702 -32.7578 24.3359
1010000 FRAC0_S 0 1 38014.2 -795.843 8781.67 1.37671e+06 2.08993e+06 -1.21676e+06 755.016 -48.5346 18.0372
1010000 FRAC0_S 0 1 38197.3 -699.425 8502.05 1.73709e+06 2.62596e+06 -916192 995 -52.3184 12.5427
1010000 FRAC0_S 0 1 38288.4 -541.139 8252.75 1.71752e+06 2.8455e+06 -325208 998.444 -57.7759 5.04318
1010000 FRAC0_S 0 1 38302.3 -329.883 8027.65 1.83122e+06 2.27017e+06 -126756 760.198 -54.9889 2.30871
1010000 FRAC0_S 0 1 38237.6 -86.3359 7848.78 1.71837e+06 2.6149e+06 881961 975.885 -52.5977 -12.247
1010000 FRAC0_S 0 1 38100.7 165.663 7733.66 1.73147e+06 2.09036e+06 1.39707e+06 916.12 -44.845 -18.5154
1010000 FRAC0_S 0 1 37884.1 422.421 7693.49 1.05439e+06 832369 1.09727e+06 320.938 -33.6052 -24.2197
1010000 FRAC0_S 0 1 37669.7 597.931 7732.39 1.91804e+06 611871 2.1384e+06 969.359 -17.1471 -28.805
1010000 FRAC0_S 0 1 37417.8 735.887 7846.37 1.35992e+06 -904314 1.99871e+06 768.983 26.5487 -29.3165
1010000 FRAC0_S 0 1 37173.9 801.81 8024.32 1.53104e+06 -984215 1.54394e+06 612.238 29.8299 -24.8937
1010000 FRAC0_S 0 1 36961.9 789.246 8248.84 1.6812e+06 -2.02641e+06 1.43555e+06 891.866 44.2936 -19.2003
Step FractureNumber TipNr TipActive TipX TipY TipZ KI KII KIII G Phi Psi Extension
1010101 FRAC0_S 0 1 36805.3 787.892 8541.68 3.55585e+06 -196738 1.02675e+06 1270.37 5.6444 -15.2338
1010101 FRAC0_S 0 1 36716.5 619.15 8808.23 4.47631e+06 -513735 486552 1840.53 12.5168 -6.66922
1010101 FRAC0_S 0 1 36702.7 395.647 9046.45 3.48097e+06 -312466 -573968 1132.28 9.658 9.68086
1010101 FRAC0_S 0 1 36764.4 136.089 9236.52 3.45333e+06 -208468 -877010 1168.85 6.28256 13.8394
1010101 FRAC0_S 0 1 36898.7 -138.248 9360.56 3.40209e+06 -476128 -1.61477e+06 1398.37 11.6092 20.0778
1010101 FRAC0_S 0 1 37094.3 -404.604 9403.12 2.80067e+06 -218426 -1.91334e+06 1190.1 6.06243 25.2913
1010101 FRAC0_S 0 1 37329 -640.105 9350.89 2.46229e+06 -8963.67 -2.05265e+06 1100.65 0.277121 28.5974
1010101 FRAC0_S 0 1 37578.8 -814.023 9204.19 2.51076e+06 -802943 -1.63476e+06 974.627 20.8736 22.1664
1010101 FRAC0_S 0 1 37821.3 -897.079 8986.44 2.80664e+06 27456.6 -1.91371e+06 1189.09 -0.807281 26.0782
1010101 FRAC0_S 0 1 38033 -884.456 8728.87 2.25561e+06 -26607.9 -1.08271e+06 609.344 1.10266 21.681
1010101 FRAC0_S 0 1 38192.8 -787.473 8457.11 3.41032e+06 175132 -946731 1158.32 -5.30533 14.8535
1010101 FRAC0_S 0 1 38284.5 -619.025 8191.57 3.83563e+06 259983 -346732 1333.01 -7.95358 5.88699
1010101 FRAC0_S 0 1 38300.2 -395.416 7953.26 4.15684e+06 175179 97718.7 1543.77 -5.42699 -1.7046
1010101 FRAC0_S 0 1 38237.7 -135.741 7763.21 3.28606e+06 399337 850273 1072.59 -11.7835 -13.4625
1010101 FRAC0_S 0 1 38102.3 138.932 7639.33 3.10649e+06 207828 1.44373e+06 1141 -5.98153 -20.6292
1010101 FRAC0_S 0 1 37906.6 405.394 7596.83 2.6274e+06 112583 1.82274e+06 1058.15 -3.41182 -25.8935
1010101 FRAC0_S 0 1 37674.5 641.932 7653.41 2.72211e+06 179676 2.24067e+06 1330.91 -4.80612 -27.7211
1010101 FRAC0_S 0 1 37426.8 817.107 7803.59 2.37846e+06 200806 2.03559e+06 1058.8 -5.95928 -27.9847
1010101 FRAC0_S 0 1 37178.8 898.874 8014.98 2.47175e+06 -146871 1.76942e+06 962.748 4.60748 -26.0867
1010101 FRAC0_S 0 1 36963 885.066 8267.97 2.74766e+06 181452 1.48309e+06 968.226 -5.63912 -22.4899