
Step FractureNumber TipNr TipActive TipX TipY TipZ KI KII KIII G Phi Psi Extension
1010000 FRAC0_S 0 1 -15000 -29019.2 8617.02 -8.79778e+06 -6.26922e+06 -913999 3613.41 44.1484 4.3531
1010000 FRAC0_S 0 1 -15000 -29103.5 8914.36 -5.96402e+06 -4.10245e+06 -1.65246e+06 1862.9 40.4314 10.3424
1010000 FRAC0_S 0 1 -15000 -29275.4 9171.13 -7.89748e+06 -4.61044e+06 -3.38578e+06 3418.78 34.7209 15.1185
1010000 FRAC0_S 0 1 -15000 -29518.2 9362.22 -7.83885e+06 -2.89173e+06 -4.26149e+06 3160.47 24.3995 19.5051
1010000 FRAC0_S 0 1 -15000 -29808.3 9468.89 -6.34812e+06 -780643 -3.94106e+06 2120.05 9.52468 23.5867
1010000 FRAC0_S 0 1 -15000 -30117.1 9480.74 -6.6278e+06 1.17496e+06 -4.04797e+06 2302.36 -13.1924 22.7929
1010000 FRAC0_S 0 1 -15000 -30414.4 9396.57 -7.90952e+06 3.28116e+06 -4.0823e+06 3175.83 -26.8461 18.4909
1010000 FRAC0_S 0 1 -15000 -30671.2 9224.65 -6.91005e+06 4.36966e+06 -2.69439e+06 2667.01 -36.933 13.8126
1010000 FRAC0_S 0 1 -15000 -30862.2 8981.79 -9.18865e+06 6.49941e+06 -1.99374e+06 4292.89 -42.0028 8.37547
1010000 FRAC0_S 0 1 -15000 -30968.9 8691.77 -8.62012e+06 6.43315e+06 -467744 3716.95 -46.0016 2.32065
1010000 FRAC0_S 0 1 -15000 -30980.8 8382.98 -8.9524e+06 6.11742e+06 834601 3427.39 -43.4929 -4.00226
1010000 FRAC0_S 0 1 -15000 -30896.5 8085.64 -9.56053e+06 5.3527e+06 2.01444e+06 3092.84 -37.2702 -8.81487
1010000 FRAC0_S 0 1 -15000 -30724.6 7828.87 -5.09575e+06 -614596 -1.23265e+06 235.742 11.8443 12.8078
1010000 FRAC0_S 0 1 -15000 -30481.8 7637.78 -1.06339e+07 2.45853e+06 3.67539e+06 2335.24 -19.0222 -15.5116
1010000 FRAC0_S 0 1 -15000 -30191.7 7531.11 -6.06367e+06 -2.46633e+06 928841 656.783 31.745 -7.34124
1010000 FRAC0_S 0 1 -15000 -29882.9 7519.26 -9.81513e+06 -1.1846e+06 3.70809e+06 1953.79 10.8218 -17.5675
1010000 FRAC0_S 0 1 -15000 -29585.6 7603.43 -1.0941e+07 -5.99097e+06 4.80584e+06 6270.1 33.2672 -15.6314
1010000 FRAC0_S 0 1 -15000 -29328.8 7775.35 -8.87711e+06 -8.05558e+06 599710 5830.4 49.5478 -2.62944
1010000 FRAC0_S 0 1 -15000 -29137.8 8018.21 -7.00446e+06 -2.45685e+06 -10567 537.893 31.6041 0.0869772
1010000 FRAC0_S 0 1 -15000 -29031.1 8308.23 -9.21057e+06 -8.8233e+06 -1.24306e+06 7142.77 49.4147 4.89256
Step FractureNumber TipNr TipActive TipX TipY TipZ KI KII KIII G Phi Psi Extension
1010101 FRAC0_S 0 1 -14929.9 -28950.4 8626.1 -3.44733e+06 -7.5615e+06 -431613 5119.76 61.9529 2.89573
1010101 FRAC0_S 0 1 -14935.9 -29036 8946.41 -2.40757e+06 -5.23676e+06 -757558 2520.05 60.0659 6.76461
1010101 FRAC0_S 0 1 -14945 -29216.9 9226.91 -4.18555e+06 -7.79339e+06 -2.94215e+06 6563.55 54.0267 14.097
1010101 FRAC0_S 0 1 -14961 -29476.2 9440.11 -4.09478e+06 -3.94772e+06 -2.46343e+06 2195.84 42.7228 16.4751
1010101 FRAC0_S 0 1 -14987.1 -29790.5 9561.31 -6.73513e+06 -1.76287e+06 -4.2962e+06 2731.75 17.9611 22.4709
1010101 FRAC0_S 0 1 -15018.6 -30127.3 9573.51 -6.73657e+06 2.38999e+06 -4.34059e+06 3014.81 -22.6409 21.712
1010101 FRAC0_S 0 1 -15043.3 -30449.5 9475.89 -4.58234e+06 4.52153e+06 -2.98561e+06 3007.32 -42.5691 17.2502
1010101 FRAC0_S 0 1 -15058 -30723.8 9283.27 -3.19945e+06 4.8742e+06 -1.48919e+06 2412.01 -53.1726 11.3464
1010101 FRAC0_S 0 1 -15066.4 -30925.2 9017.94 -3.51648e+06 819430 1.59558e+06 398.437 -18.0049 -18.5942
1010101 FRAC0_S 0 1 -15069.9 -31037.2 8705.42 -3.2759e+06 7.43913e+06 -366487 4949.27 -62.4374 2.54352
1010101 FRAC0_S 0 1 -15067.5 -31051.8 8373.7 -3.85948e+06 7.6214e+06 316055 5189.31 -61.2303 -2.06603
1010101 FRAC0_S 0 1 -15042.4 -30968.6 8050.17 -6.38813e+06 8.29934e+06 1.43532e+06 6411.81 -53.5178 -6.68238
1010101 FRAC0_S 0 1 -15013 -30790.2 7766.63 -8.79616e+06 4.64364e+06 2.35587e+06 2659.68 -35.1077 -10.8994
1010101 FRAC0_S 0 1 -14998 -30526.9 7559.04 -7.71932e+06 1.80398e+06 2.47919e+06 1107.46 -19.4608 -14.7034
1010101 FRAC0_S 0 1 -14977.1 -30208.6 7444.38 -9.77641e+06 -1.86589e+06 3.64431e+06 2076.61 16.0456 -16.7196
1010101 FRAC0_S 0 1 -14963.8 -29872.5 7430.68 -9.2699e+06 -3.9206e+06 2.64462e+06 2299.92 30.3714 -12.1063
1010101 FRAC0_S 0 1 -14948.9 -29554.2 7529.2 -3.11596e+06 -9.07044e+06 477977 7361.73 64.3627 -2.89685
1010101 FRAC0_S 0 1 -14935.2 -29279.5 7722.19 -4.90949e+06 -7.71556e+06 1.34268e+06 5544.47 55.9748 -7.193
1010101 FRAC0_S 0 1 -14935.8 -29073.7 7982.38 -4.29498e+06 -7.71751e+06 733531 5378.95 59.105 -4.37959
1010101 FRAC0_S 0 1 -14931.5 -28962.8 8293.66 -3.5596e+06 -7.30495e+06 284416 4765.88 61.6785 -1.96834