
Step FractureNumber TipNr TipActive TipX TipY TipZ KI KII KIII G Phi Psi Extension
1010000 FRAC0_S 0 1 -44474.7 -14732.7 7707.43 -868751 141034 -858960 99.9014 -10.1671 28.8803
1010000 FRAC0_S 0 1 -44689.5 -14510.6 7700.19 -778488 544993 -752079 101.695 -31.9344 23.9305
1010000 FRAC0_S 0 1 -44934.7 -14336.5 7771.25 -469781 1.09766e+06 -606392 156.27 -52.8442 19.1903
1010000 FRAC0_S 0 1 -45186.3 -14227.4 7913.64 -676292 1.08075e+06 -395821 124.92 -52.6402 13.2254
1010000 FRAC0_S 0 1 -45419.6 -14193.8 8113.43 -730693 1.34313e+06 -201177 166.136 -58.2552 6.63944
1010000 FRAC0_S 0 1 -45611.9 -14239.2 8351.05 -609006 1.20148e+06 46759.6 128.926 -61.2732 -1.94288
1010000 FRAC0_S 0 1 -45744.3 -14359 8603.26 -395418 804712 184998 62.256 -57.7087 -9.82902
1010000 FRAC0_S 0 1 -45803.8 -14541.6 8845.36 -598116 1.07398e+06 540768 141.676 -51.4584 -17.0905
1010000 FRAC0_S 0 1 -45784.6 -14769 9053.65 -562674 752998 635177 104.185 -43.609 -21.8977
1010000 FRAC0_S 0 1 -45688.6 -15019.1 9207.75 -432946 363937 588647 57.8878 -31.9441 -27.182
1010000 FRAC0_S 0 1 -45525.3 -15267.3 9292.57 -680919 159729 920581 114.987 -12.1211 -31.7542
1010000 FRAC0_S 0 1 -45310.5 -15489.4 9299.81 -574594 -278014 806196 93.3311 21.4976 -30.114
1010000 FRAC0_S 0 1 -45065.3 -15663.5 9228.75 -759688 -606757 791620 116.152 33.8286 -24.1715
1010000 FRAC0_S 0 1 -44813.7 -15772.6 9086.36 -767852 -888623 563690 112.626 44.8211 -17.6766
1010000 FRAC0_S 0 1 -44595.6 -15806.6 8902.29 -828445 -1.12768e+06 341360 128.816 51.8524 -10.8607
1010000 FRAC0_S 0 1 -44388.1 -15760.8 8648.95 -860196 -1.23312e+06 52379.6 135.865 57.3381 -1.88443
1010000 FRAC0_S 0 1 -44255.7 -15641 8396.74 -704631 -1.18521e+06 -306980 137.708 55.1565 10.2552
1010000 FRAC0_S 0 1 -44196.2 -15458.4 8154.64 -1.04875e+06 -859841 -360674 83.1827 42.997 11.5636
1010000 FRAC0_S 0 1 -44215.4 -15231 7946.35 -893137 -660386 -718304 107.484 34.7811 21.363
1010000 FRAC0_S 0 1 -44311.4 -14980.9 7792.25 -632324 -156945 -607499 51.2793 14.847 27.6822
Step FractureNumber TipNr TipActive TipX TipY TipZ KI KII KIII G Phi Psi Extension
1010101 FRAC0_S 0 1 -44434 -14717.4 7624.41 -356810 377147 -1.00131e+06 146.024 -27.1213 34.0208
1010101 FRAC0_S 0 1 -44691.4 -14502.1 7605.63 59991.5 916363 -962766 198.429 -50.527 30.5919
1010101 FRAC0_S 0 1 -44971 -14336 7680.67 569801 928825 -587995 151.791 -48.4486 19.3594
1010101 FRAC0_S 0 1 -45243.4 -14229.4 7832.61 911242 826144 -330699 149.357 -44.7557 11.6289
1010101 FRAC0_S 0 1 -45489.8 -14199.8 8043.63 1.04521e+06 890632 -95561.9 169.248 -47.9249 3.59627
1010101 FRAC0_S 0 1 -45692.2 -14251 8293.89 1.14275e+06 828419 163119 181.06 -43.7946 -5.76861
1010101 FRAC0_S 0 1 -45832.9 -14373.5 8561.33 895142 767290 367953 141.871 -42.9097 -13.0516
1010101 FRAC0_S 0 1 -45898.3 -14559 8823.06 798886 808926 636974 169.145 -41.36 -19.476
1010101 FRAC0_S 0 1 -45879.7 -14792.5 9055.76 506459 619731 847638 152.64 -37.0558 -27.4104
1010101 FRAC0_S 0 1 -45773.9 -15050.6 9239.65 57495.9 447069 868591 118.447 -38.1609 -36.135
1010101 FRAC0_S 0 1 -45581.8 -15300.9 9357.42 -114183 43026.8 1.11188e+06 164.59 -4.66605 -43.0071
1010101 FRAC0_S 0 1 -45323.9 -15517.4 9388 -113670 -478329 920421 133.063 37.2757 -35.2469
1010101 FRAC0_S 0 1 -45040.5 -15685.2 9320.29 168243 -850020 780913 148.014 50.5183 -27.6382
1010101 FRAC0_S 0 1 -44762.1 -15787.2 9168.52 631359 -1.23428e+06 598918 218.983 52.5568 -17.0061
1010101 FRAC0_S 0 1 -44510.5 -15810.6 8956.26 700437 -970168 217705 133.895 53.451 -8.55405
1010101 FRAC0_S 0 1 -44306.6 -15756.1 8705.07 971340 -1.01324e+06 -43887 175.817 52.4657 1.67212
1010101 FRAC0_S 0 1 -44165.3 -15632.8 8435.08 621039 -860147 -242929 108.146 52.4223 10.3351
1010101 FRAC0_S 0 1 -44099.6 -15449.8 8168.62 360457 -1.12132e+06 -627602 176.008 54.6413 20.286
1010101 FRAC0_S 0 1 -44121 -15218.6 7929.63 -72813.9 -868852 -850925 163.571 51.4119 29.5899
1010101 FRAC0_S 0 1 -44235.2 -14965.1 7739.45 -327736 -287021 -797681 91.9682 25.5588 33.5256