
Step FractureNumber TipNr TipActive TipX TipY TipZ KI KII KIII G Phi Psi Extension
1010000 FRAC0_S 0 1 -44633 -29561.6 7694.61 2.05367e+06 1.22969e+06 -1.0466e+06 656.258 -34.1137 16.9254
1010000 FRAC0_S 0 1 -44872.9 -29373.9 7746.79 1.58342e+06 877609 -746196 366.105 -33.0676 16.3612
1010000 FRAC0_S 0 1 -45125.3 -29247.5 7872.7 1.64816e+06 1.59254e+06 -443757 494.251 -47.4347 8.91565
1010000 FRAC0_S 0 1 -45365.3 -29194.7 8060.01 1.22261e+06 1.14094e+06 -200552 254.547 -48.4357 5.89892
1010000 FRAC0_S 0 1 -45569.6 -29220.8 8290.39 1.46592e+06 1.44688e+06 83393.7 378.965 -51.283 -2.14542
1010000 FRAC0_S 0 1 -45718.1 -29323.1 8541.28 1.44299e+06 1.36142e+06 398576 371.838 -46.8601 -9.19522
1010000 FRAC0_S 0 1 -45796.4 -29491.7 8788.14 1.66426e+06 1.30651e+06 784123 480.696 -40.2379 -14.8494
1010000 FRAC0_S 0 1 -45796.7 -29710.1 9006.8 661640 853595 523886 140.44 -46.3389 -17.8614
1010000 FRAC0_S 0 1 -45718.9 -29956.8 9175.84 1.24747e+06 147425 1.1504e+06 316.623 -7.87404 -28.5125
1010000 FRAC0_S 0 1 -45570.9 -30207.8 9278.73 1.43914e+06 -237531 1.10564e+06 352.172 11.4418 -25.7847
1010000 FRAC0_S 0 1 -45400.4 -30406.8 9307.31 1.40837e+06 -752678 998820 359.92 29.3761 -21.3582
1010000 FRAC0_S 0 1 -45127.1 -30626.1 9253.21 1.3464e+06 -1.08982e+06 758011 343.792 39.6172 -16.6516
1010000 FRAC0_S 0 1 -44874.7 -30752.5 9127.3 1.4461e+06 -1.40903e+06 499794 396.488 46.4511 -10.8875
1010000 FRAC0_S 0 1 -44634.7 -30805.3 8939.99 1.05663e+06 -1.15977e+06 139562 221.938 51.9548 -4.50474
1010000 FRAC0_S 0 1 -44430.4 -30779.2 8709.61 1.6539e+06 -1.60433e+06 -140180 475.72 50.4912 3.16124
1010000 FRAC0_S 0 1 -44281.9 -30676.9 8458.72 1.6101e+06 -1.20292e+06 -424254 383.892 42.3566 9.65537
1010000 FRAC0_S 0 1 -44203.6 -30508.3 8211.86 1.6801e+06 -1.23905e+06 -720376 457.359 39.5489 14.1458
1010000 FRAC0_S 0 1 -44203.3 -30289.9 7993.2 1.94915e+06 -551622 -1.02326e+06 504.917 20.1993 19.8662
1010000 FRAC0_S 0 1 -44285.7 -30032.9 7818.57 1.33963e+06 -294795 -795842 251.9 15.9522 22.0039
1010000 FRAC0_S 0 1 -44429.1 -29792.2 7721.27 1.66375e+06 36616.3 -998134 379.286 -1.88679 24.3361
Step FractureNumber TipNr TipActive TipX TipY TipZ KI KII KIII G Phi Psi Extension
1010101 FRAC0_S 0 1 -44625.1 -29549.2 7600.64 1.94268e+06 -240355 -861235 440.098 10.6171 19.4254
1010101 FRAC0_S 0 1 -44896.5 -29359.7 7652.74 2.00339e+06 -211618 -730114 432.536 9.69813 17.3086
1010101 FRAC0_S 0 1 -45172.9 -29234.8 7787.91 2.33371e+06 -195176 -503784 522.463 8.72017 12.0466
1010101 FRAC0_S 0 1 -45432.2 -29185.9 7987.68 1.48016e+06 -167860 -95435.6 198.95 12.8303 4.17079
1010101 FRAC0_S 0 1 -45650.1 -29214.8 8233.22 1.95512e+06 -72363.6 102734 342.493 4.67503 -3.68496
1010101 FRAC0_S 0 1 -45809 -29319.2 8503.31 1.90332e+06 -107598 410728 346.281 6.08227 -12.28
1010101 FRAC0_S 0 1 -45893.1 -29494.9 8769.22 1.80672e+06 -432837 1.01844e+06 445.521 17.364 -21.1579
1010101 FRAC0_S 0 1 -45890.1 -29721.3 9014.83 1.66243e+06 -353627 841141 351.515 16.2551 -20.1027
1010101 FRAC0_S 0 1 -45794.7 -29966.3 9226.37 1.39114e+06 -120886 770765 252.767 7.21744 -22.574
1010101 FRAC0_S 0 1 -45614.5 -30215.9 9362.91 1.65355e+06 64070.8 1.00307e+06 377.831 -3.2581 -24.2717
1010101 FRAC0_S 0 1 -45373.6 -30448.9 9401.15 512121 385758 539662 75.3653 -32.5277 -24.631
1010101 FRAC0_S 0 1 -45102 -30637.4 9347.24 1.90334e+06 -121984 695674 388.512 6.13558 -17.7851
1010101 FRAC0_S 0 1 -44825.7 -30762.1 9212.23 2.71532e+06 59555.8 373737 675.898 -2.62305 -8.79356
1010101 FRAC0_S 0 1 -44567.6 -30811.8 9012.37 2.14059e+06 169291 57504.5 411.307 -9.65342 -1.87517
1010101 FRAC0_S 0 1 -44349.6 -30786.1 8765.82 2.27754e+06 237462 -170308 471.111 -11.8328 4.81419
1010101 FRAC0_S 0 1 -44190.6 -30684.8 8494.7 2.24882e+06 107881 -493521 484.077 -5.19871 12.5164
1010101 FRAC0_S 0 1 -44107.1 -30514.5 8220.9 1.71626e+06 95459.4 -572839 306.933 -5.49234 16.8334
1010101 FRAC0_S 0 1 -44109.3 -30291.5 7970.19 2.09503e+06 6814.49 -908905 500.993 -0.316516 20.5397
1010101 FRAC0_S 0 1 -44200.2 -30034.4 7771.97 2.24176e+06 684824 -1.13812e+06 661.889 -21.6003 19.2529
1010101 FRAC0_S 0 1 -44380.1 -29778.6 7643.47 1.94393e+06 -86310 -877316 439.766 4.09418 20.531