
Step FractureNumber TipNr TipActive TipX TipY TipZ KI KII KIII G Phi Psi Extension
1010000 FRAC0_S 0 1 7267.94 -6715.11 7947.17 6.79621e+06 3.5576e+06 2.7249e+06 6231.21 -32.9026 -14.8185
1010000 FRAC0_S 0 1 7040.63 -6696.3 8155.66 3.72212e+06 1.51181e+06 2.0054e+06 1973.09 -26.1839 -19.0748
1010000 FRAC0_S 0 1 6858.29 -6756.15 8397.86 1.29744e+06 277407 1.1651e+06 337.403 -13.4568 -27.2007
1010000 FRAC0_S 0 1 6738.77 -6888.83 8650.06 -1.25669e+06 347562 -410210 33.1447 -22.0709 14.5149
1010000 FRAC0_S 0 1 6693.76 -7081.33 8887.57 -3.46632e+06 1.03577e+06 -943859 214.084 -24.0946 12.5272
1010000 FRAC0_S 0 1 6727.67 -7314.8 9087.14 -5.07257e+06 2.75041e+06 -1.29989e+06 898.827 -35.8454 10.444
1010000 FRAC0_S 0 1 6837.17 -7566.42 9229.24 -6.40263e+06 4.18337e+06 -851341 1655.88 -41.8422 5.6231
1010000 FRAC0_S 0 1 7011.57 -7811.52 9299.95 -7.00373e+06 4.85859e+06 171652 2107.44 -45.1131 -1.10587
1010000 FRAC0_S 0 1 7233.78 -8026.13 9292.36 -6.61642e+06 4.19193e+06 1.21837e+06 1763.3 -40.2931 -7.56313
1010000 FRAC0_S 0 1 7482.04 -8189.25 9207.2 -5.34564e+06 2.61122e+06 1.74059e+06 1010.54 -32.6222 -12.9371
1010000 FRAC0_S 0 1 7732.06 -8284.89 9052.83 -5.02656e+06 1.13147e+06 2.1221e+06 713.023 -17.8237 -17.8229
1010000 FRAC0_S 0 1 7959.37 -8303.7 8844.34 -2.33008e+06 -808276 1.45376e+06 339.303 22.4733 -21.3858
1010000 FRAC0_S 0 1 8141.71 -8243.85 8602.14 -8.12714e+06 1.03745e+07 -7.62966e+06 17333 -44.5485 19.9608
1010000 FRAC0_S 0 1 8261.23 -8111.17 8349.94 1.75516e+06 -735701 -1.40005e+06 583.443 23.9688 23.7937
1010000 FRAC0_S 0 1 8305.74 -7937.95 8132.2 1.23767e+07 278824 8.04688e+06 22269.2 -1.87285 -25.3323
1010000 FRAC0_S 0 1 8272.33 -7685.2 7912.86 6.09051e+06 2.99867e+06 -2.81319e+06 5159.32 -30.8283 16.5922
1010000 FRAC0_S 0 1 8162.83 -7433.58 7770.76 7.74411e+06 4.81605e+06 -2.29443e+06 8111.05 -38.0318 11.2605
1010000 FRAC0_S 0 1 7988.43 -7188.48 7700.05 8.44272e+06 6.55626e+06 -968506 10306.8 -45.6826 4.60968
1010000 FRAC0_S 0 1 7766.22 -6973.87 7707.64 1.72327e+06 1.53582e+07 -5.45373e+06 25239.2 -62.8999 16.944
1010000 FRAC0_S 0 1 7517.96 -6810.75 7792.8 7.2242e+06 5.39144e+06 1.80272e+06 7673 -42.5624 -9.23645
Step FractureNumber TipNr TipActive TipX TipY TipZ KI KII KIII G Phi Psi Extension
1010101 FRAC0_S 0 1 7216.16 -6682.46 7870.85 1.26556e+07 1.01881e+07 -3.15524e+06 24845.8 -44.1122 8.98005
1010101 FRAC0_S 0 1 6975.09 -6648.73 8101.82 5.38635e+06 268046 2.02989e+06 3139.76 -4.79835 -18.3018
1010101 FRAC0_S 0 1 6779.9 -6705.45 8370.03 2.33872e+06 -1.63723e+06 1.51671e+06 1032.21 35.5112 -19.0222
1010101 FRAC0_S 0 1 6648.53 -6852.26 8643.45 -229046 96890 185267 5.40161 -24.0201 -23.9339
1010101 FRAC0_S 0 1 6597.14 -7069.5 8895.38 -2.42263e+06 1.45139e+06 -1.35617e+06 432.324 -33.4598 18.0063
1010101 FRAC0_S 0 1 6632.42 -7331.21 9101.51 6.80872e+06 7.14086e+06 -4.55052e+06 11429 -43.6095 17.1893
1010101 FRAC0_S 0 1 6749.67 -7608.62 9245.14 -1.96105e+06 6.70353e+06 -1.34417e+06 4244.67 -62.3663 9.88014
1010101 FRAC0_S 0 1 6937.07 -7873.47 9318.16 -1.33687e+06 7.36345e+06 50153.1 4831.91 -68.2413 -0.445971
1010101 FRAC0_S 0 1 7177.71 -8103.39 9315.65 -2.36967e+06 7.42204e+06 1.54784e+06 5227.42 -61.6454 -10.0321
1010101 FRAC0_S 0 1 7452.42 -8277.02 9236.67 -3.50781e+06 5.64195e+06 2.36749e+06 3581.98 -51.7837 -14.6393
1010101 FRAC0_S 0 1 7742.51 -8367.31 9091.51 -4.60053e+06 739860 3.72996e+06 1899.16 -10.9539 -26.4951
1010101 FRAC0_S 0 1 7994.52 -8377.14 8872.1 -2.02757e+06 -415817 975414 141.948 15.9922 -19.5679
1010101 FRAC0_S 0 1 8192.11 -8307.49 8588.86 -2.99695e+06 4.80172e+06 -3.68258e+06 3858.24 -46.3075 21.6233
1010101 FRAC0_S 0 1 8329.55 -8162.32 8336.17 1.96888e+06 -777021 -1.72738e+06 796.087 22.2063 25.1993
1010101 FRAC0_S 0 1 8378.96 -7960.49 8074.11 5.34929e+06 633615 -2.27266e+06 3272.59 -10.3327 18.9716
1010101 FRAC0_S 0 1 8315.36 -7726.67 7838.84 8.15602e+06 499658 -2.46412e+06 6757.46 -6.14944 15.6641
1010101 FRAC0_S 0 1 8179.16 -7464.97 7679.27 1.10663e+07 -239072 -2.18831e+06 11554.6 2.45846 11.7816
1010101 FRAC0_S 0 1 7979.59 -7212.47 7605.69 1.25108e+07 -2.21758e+06 -676789 14446.7 18.7025 3.36305
1010101 FRAC0_S 0 1 7735.54 -6989.16 7616.25 1.534e+07 -2.20209e+06 -32788.9 21401.3 16.4427 0.145407
1010101 FRAC0_S 0 1 7476.55 -6802.52 7705.32 1.24084e+07 1.2076e+06 949424 13970 -11.1261 -4.94409