
Step FractureNumber TipNr TipActive TipX TipY TipZ KI KII KIII G Phi Psi Extension
1010000 FRAC0_S 0 1 15000 44049 8233.09 581530 1.57345e+06 1.16903e+06 432.511 -50.5855 -23.3503
1010000 FRAC0_S 0 1 15000 44178.1 7952.3 734919 1.53487e+06 1.69622e+06 640.719 -43.6967 -27.3235
1010000 FRAC0_S 0 1 15000 44387.6 7725.12 958789 144393 1.66107e+06 450.744 -7.12202 -34.955
1010000 FRAC0_S 0 1 15000 44657 7573.79 781302 -54046.7 2.06552e+06 622.082 2.58407 -38.8079
1010000 FRAC0_S 0 1 15000 44960 7513.12 1.49886e+06 -1.61299e+06 1.51966e+06 739.177 40.2668 -22.0401
1010000 FRAC0_S 0 1 15000 45266.9 7549.06 1.31647e+06 -1.75441e+06 821415 518.45 48.8818 -14.9911
1010000 FRAC0_S 0 1 15000 45547.7 7678.08 1.32924e+06 -2.00069e+06 462667 542.602 54.3737 -9.02429
1010000 FRAC0_S 0 1 15000 45774.9 7887.55 1.408e+06 -2.41061e+06 126264 696.597 59.4116 -2.46274
1010000 FRAC0_S 0 1 15000 45926.2 8156.97 1.25243e+06 -2.03251e+06 -287274 518.874 56.9954 6.05928
1010000 FRAC0_S 0 1 15000 45986.8 8459.98 1.17286e+06 -1.98292e+06 -656596 530.295 53.8805 12.4549
1010000 FRAC0_S 0 1 15000 45951 8766.91 1.17765e+06 -1.93757e+06 -1.07746e+06 612.52 49.7488 17.8655
1010000 FRAC0_S 0 1 15000 45821.9 9047.7 973522 -1.28019e+06 -1.32618e+06 464.408 41.1131 24.3665
1010000 FRAC0_S 0 1 15000 45638.3 9254.46 949302 -732855 -1.63546e+06 483.899 27.51 30.4316
1010000 FRAC0_S 0 1 15000 45343 9426.21 750181 954.438 -1.68766e+06 428.96 -0.0547791 38.1737
1010000 FRAC0_S 0 1 15000 45040 9486.88 607099 530523 -1.6557e+06 422.524 -24.0645 34.6393
1010000 FRAC0_S 0 1 15000 44733.1 9450.94 337513 1.2605e+06 -1.30349e+06 377.711 -47.6091 28.3811
1010000 FRAC0_S 0 1 15000 44452.3 9321.92 412563 2.30154e+06 -1.13906e+06 659.749 -58.649 20.1742
1010000 FRAC0_S 0 1 15000 44225.1 9112.45 394262 2.84788e+06 -553763 777.354 -65.6338 10.6767
1010000 FRAC0_S 0 1 15000 44073.8 8843.03 784335 1.71466e+06 760449 393.719 -54.2766 -16.4016
1010000 FRAC0_S 0 1 15000 44013.2 8540.02 555300 2.51709e+06 830103 683.7 -61.178 -15.0984
Step FractureNumber TipNr TipActive TipX TipY TipZ KI KII KIII G Phi Psi Extension
1010101 FRAC0_S 0 1 14922.2 43991.4 8214.98 1.18473e+06 -169438 480304 158.313 12.3337 -18.1599
1010101 FRAC0_S 0 1 14943.1 44117.4 7908.5 1.42709e+06 -170196 887815 288.893 9.2598 -23.6541
1010101 FRAC0_S 0 1 14977.7 44333.1 7652.75 1.2553e+06 -367817 1.13047e+06 322.444 17.4518 -26.4604
1010101 FRAC0_S 0 1 15015.3 44623.5 7488.43 1.87963e+06 -713668 1.14669e+06 535.095 24.166 -20.8129
1010101 FRAC0_S 0 1 15052.3 44954.2 7435.76 1.80947e+06 -263103 -164713 301.539 15.4958 5.56363
1010101 FRAC0_S 0 1 15074.2 45283.1 7486.23 1.83486e+06 370825 172043 316.197 -20.1315 -5.47101
1010101 FRAC0_S 0 1 15081 45578.3 7630.13 2.11222e+06 536631 123476 425.251 -24.4766 -3.40855
1010101 FRAC0_S 0 1 15084.4 45815.7 7854.93 1.63335e+06 638194 -137413 276.535 -32.1766 4.34194
1010101 FRAC0_S 0 1 15083.7 45976.5 8139.03 839702 1.18001e+06 -590971 233.359 -48.9781 15.9656
1010101 FRAC0_S 0 1 15080.4 46044.7 8458.42 1.44147e+06 616465 -381820 238.41 -30.9054 11.3987
1010101 FRAC0_S 0 1 15074.8 46012.4 8785.48 1.18641e+06 681119 -424300 190.712 -35.4245 13.3095
1010101 FRAC0_S 0 1 15063.5 45882.6 9090.35 1.13172e+06 704801 -637337 212.421 -34.2042 17.9047
1010101 FRAC0_S 0 1 15039.5 45664.3 9343.56 1.32e+06 -29147.6 -1.05741e+06 304.049 1.68538 27.9012
1010101 FRAC0_S 0 1 15001.3 45375.1 9513.3 781807 -16433.9 -947289 173.839 1.31187 32.6111
1010101 FRAC0_S 0 1 14961.2 45046 9572.16 1.26277e+06 330853 -1.20311e+06 344.363 -15.5823 27.4474
1010101 FRAC0_S 0 1 14932 44724.1 9519.23 1.41436e+06 350862 -765631 267.19 -18.0634 20.5764
1010101 FRAC0_S 0 1 14916.1 44425.2 9366.19 1.61329e+06 320438 -456553 268.799 -17.5102 13.6944
1010101 FRAC0_S 0 1 14912.9 44188.1 9141.14 1.57277e+06 130604 -68530.7 222.569 -9.9388 2.96738
1010101 FRAC0_S 0 1 14914.8 44026.3 8860.05 1.50969e+06 20965.1 249676 211.427 -1.63892 -10.2898
1010101 FRAC0_S 0 1 14916.6 43960 8541.78 1.22757e+06 -149540 358193 153.339 11.5447 -14.6943