
Step FractureNumber TipNr TipActive TipX TipY TipZ KI KII KIII G Phi Psi Extension
1010000 FRAC0_S 0 1 -44474.7 -14732.7 7707.43 -3.0545e+06 -890206 -2.53061e+06 922.344 17.9238 25.4429
1010000 FRAC0_S 0 1 -44689.5 -14510.6 7700.19 -2.81835e+06 395584 -2.48638e+06 836.164 -9.37845 27.7439
1010000 FRAC0_S 0 1 -44934.7 -14336.5 7771.25 -2.3047e+06 1.89866e+06 -2.43204e+06 1107.91 -34.3284 24.1557
1010000 FRAC0_S 0 1 -45186.3 -14227.4 7913.64 -2.57718e+06 2.44101e+06 -1.86112e+06 991.649 -40.8632 18.6867
1010000 FRAC0_S 0 1 -45419.6 -14193.8 8113.43 -2.86827e+06 3.50502e+06 -1.50646e+06 1396.57 -48.4237 13.706
1010000 FRAC0_S 0 1 -45611.9 -14239.2 8351.05 -2.43978e+06 3.53755e+06 -668308 1174.55 -54.6887 7.51022
1010000 FRAC0_S 0 1 -45744.3 -14359 8603.26 -1.65648e+06 2.62751e+06 7089.01 615.203 -59.4793 -0.128769
1010000 FRAC0_S 0 1 -45803.8 -14541.6 8845.36 -2.56756e+06 3.94872e+06 842641 1483.88 -54.9676 -8.49878
1010000 FRAC0_S 0 1 -45784.6 -14769 9053.65 -2.33213e+06 3.11796e+06 1.43242e+06 1139.19 -49.0574 -14.8043
1010000 FRAC0_S 0 1 -45688.6 -15019.1 9207.75 -1.80622e+06 1.85343e+06 1.56928e+06 633.642 -40.8292 -20.4367
1010000 FRAC0_S 0 1 -45525.3 -15267.3 9292.57 -2.7205e+06 1.60308e+06 2.71707e+06 1210.87 -28.2475 -25.1865
1010000 FRAC0_S 0 1 -45310.5 -15489.4 9299.81 -2.57067e+06 423558 2.5782e+06 900.056 -10.2369 -29.0242
1010000 FRAC0_S 0 1 -45065.3 -15663.5 9228.75 -2.87086e+06 -888273 2.80916e+06 1119.87 17.6529 -27.3233
1010000 FRAC0_S 0 1 -44813.7 -15772.6 9086.36 -2.79426e+06 -2.03384e+06 2.23173e+06 1031.03 34.5226 -21.3594
1010000 FRAC0_S 0 1 -44595.6 -15806.6 8902.29 -2.93946e+06 -3.01885e+06 1.67554e+06 1185.49 44.4168 -15.5303
1010000 FRAC0_S 0 1 -44388.1 -15760.8 8648.95 -2.98777e+06 -3.64005e+06 868185 1280.95 51.4774 -8.59127
1010000 FRAC0_S 0 1 -44255.7 -15641 8396.74 -2.28735e+06 -3.86929e+06 -298599 1345.96 58.7665 3.53742
1010000 FRAC0_S 0 1 -44196.2 -15458.4 8154.64 -3.1713e+06 -2.96771e+06 -692235 848.553 47.6093 7.56515
1010000 FRAC0_S 0 1 -44215.4 -15231 7946.35 -3.0715e+06 -2.92968e+06 -1.62728e+06 1117.02 43.442 15.1371
1010000 FRAC0_S 0 1 -44311.4 -14980.9 7792.25 -2.19655e+06 -1.32723e+06 -1.59542e+06 495.506 31.5917 21.1038
Step FractureNumber TipNr TipActive TipX TipY TipZ KI KII KIII G Phi Psi Extension
1010101 FRAC0_S 0 1 -44412.8 -14693.1 7648.11 -2.07371e+06 -1.4549e+06 -2.61239e+06 1096.29 29.2392 27.2094
1010101 FRAC0_S 0 1 -44668.4 -14474.3 7617.53 -1.87277e+06 661804 -2.40745e+06 809.869 -17.4926 30.1658
1010101 FRAC0_S 0 1 -44955.9 -14309.9 7681.51 -943555 2.30732e+06 -2.21374e+06 1126.18 -46.6326 26.1825
1010101 FRAC0_S 0 1 -45236.9 -14208.2 7831.64 1.18526e+06 2.58162e+06 -1.49279e+06 1015.46 -51.8524 19.4796
1010101 FRAC0_S 0 1 -45489.1 -14183.6 8044.22 1.19317e+06 3.33297e+06 -1.11248e+06 1281.36 -58.2959 14.1045
1010101 FRAC0_S 0 1 -45693.2 -14241.9 8294.74 1.77176e+06 3.22073e+06 -468852 1233.31 -58.2177 6.45303
1010101 FRAC0_S 0 1 -45832.6 -14373.2 8560.29 2.61556e+06 3.52716e+06 174823 1722.28 -56.3438 -2.1332
1010101 FRAC0_S 0 1 -45896.7 -14563.2 8818.93 1.82768e+06 3.02629e+06 824170 1204.11 -54.732 -10.6263
1010101 FRAC0_S 0 1 -45878.6 -14798.1 9047.53 1.59887e+06 1.71049e+06 1.69169e+06 869.139 -39.6949 -22.6088
1010101 FRAC0_S 0 1 -45776.4 -15058.6 9225.11 215606 2.29035e+06 1.59718e+06 810.868 -56.3366 -25.3619
1010101 FRAC0_S 0 1 -45595.2 -15317.4 9335.73 -664676 1.63241e+06 1.85721e+06 696.205 -44.2039 -28.2751
1010101 FRAC0_S 0 1 -45346.8 -15543.3 9367.31 -1.98018e+06 700124 3.03362e+06 1267.65 -16.1032 -32.1097
1010101 FRAC0_S 0 1 -45057.9 -15709.4 9310.42 -1.72411e+06 -1.53394e+06 2.74913e+06 1214.85 31.1849 -28.7846
1010101 FRAC0_S 0 1 -44769.1 -15804.7 9166.23 -583509 -3.42601e+06 2.48954e+06 1870.24 54.3493 -25.0365
1010101 FRAC0_S 0 1 -44512 -15823.8 8954.8 553719 -3.43652e+06 1.51213e+06 1383.79 60.1328 -18.9433
1010101 FRAC0_S 0 1 -44306.4 -15762.8 8704.3 1.58352e+06 -4.09615e+06 689307 1781.77 61.0856 -8.05531
1010101 FRAC0_S 0 1 -44166.2 -15631.1 8437.12 2.30686e+06 -2.90795e+06 -588952 1273.87 52.5731 7.57543
1010101 FRAC0_S 0 1 -44101 -15443.2 8174.91 814022 -3.17766e+06 -725897 1028.92 62.5414 11.2206
1010101 FRAC0_S 0 1 -44119.9 -15208.8 7942.91 -171.718 -3.05805e+06 -1.38219e+06 1087.42 63.2159 21.082
1010101 FRAC0_S 0 1 -44225.1 -14948.4 7761.95 -906931 -2.12447e+06 -1.59314e+06 739.753 49.5419 22.9544