
Step FractureNumber TipNr TipActive TipX TipY TipZ KI KII KIII G Phi Psi Extension
1010000 FRAC0_S 0 1 -22500 29251.8 7855.26 1.12461e+07 6.58487e+06 6.3312e+06 20465.3 -32.9549 -18.1725
1010000 FRAC0_S 0 1 -22500 29487.6 7655.6 1.44918e+07 4.5327e+06 9.10022e+06 31559.2 -20.7448 -21.7833
1010000 FRAC0_S 0 1 -22500 29773.6 7538.6 1.66971e+07 367426 1.10476e+07 41087.7 -1.81785 -25.5563
1010000 FRAC0_S 0 1 -22500 30081.8 7515.7 1.60036e+07 -3.62447e+06 9.5165e+06 36038.1 16.328 -21.9507
1010000 FRAC0_S 0 1 -22500 30382 7589.16 1.516e+07 -5.8697e+06 7.6435e+06 31320 25.726 -18.4477
1010000 FRAC0_S 0 1 -22500 30644.7 7751.78 1.11663e+07 -1.76249e+06 4.55693e+06 14149.4 13.4002 -18.0862
1010000 FRAC0_S 0 1 -22500 30844.5 7987.64 1.01512e+07 -6.9865e+06 3.80001e+06 15452.6 38.9213 -13.0693
1010000 FRAC0_S 0 1 -22500 30961.5 8273.65 5.71388e+06 -1.85959e+06 3.31776e+06 4681.45 21.8632 -20.6986
1010000 FRAC0_S 0 1 -22500 30984.3 8581.81 4.67084e+06 -5.04122e+06 1.37189e+06 4459.04 49.1946 -9.1487
1010000 FRAC0_S 0 1 -22500 30910.8 8881.97 1.96337e+06 -3.24969e+06 674346 1345.03 55.949 -8.50121
1010000 FRAC0_S 0 1 -22500 30748.2 9144.74 -1.90162e+06 -520906 1.45829e+06 307.017 17.5305 -24.6503
1010000 FRAC0_S 0 1 -22500 30512.4 9344.4 -1.68499e+06 -1.22247e+06 472523 162.864 41.4782 -10.2595
1010000 FRAC0_S 0 1 -22500 30226.4 9461.4 -3.08714e+06 -108734 653706 57.8886 3.89855 -12.2938
1010000 FRAC0_S 0 1 -22500 29918.2 9484.3 -2.99027e+06 143415 703708 67.695 -5.13444 -13.194
1010000 FRAC0_S 0 1 -22500 29618 9410.84 -2.23578e+06 1.44213e+06 412060 207.909 -40.6613 -7.52344
1010000 FRAC0_S 0 1 -22500 29355.3 9248.22 -648940 1.83121e+06 251430 307.222 -62.3948 -6.89998
1010000 FRAC0_S 0 1 -22500 29155.5 9012.36 1.45556e+06 3.49537e+06 411348 1300.01 -61.5151 -5.7893
1010000 FRAC0_S 0 1 -22500 29038.5 8726.35 6.23027e+06 6.08676e+06 -798548 6845.14 -49.8958 4.62673
1010000 FRAC0_S 0 1 -22500 29015.7 8418.19 6.75586e+06 6.97954e+06 2.53481e+06 9262.59 -47.1753 -11.351
1010000 FRAC0_S 0 1 -22500 29089.2 8118.03 8.95588e+06 7.10149e+06 4.36746e+06 14178.2 -40.2143 -15.1699
Step FractureNumber TipNr TipActive TipX TipY TipZ KI KII KIII G Phi Psi Extension
1010101 FRAC0_S 0 1 -22552.2 29190.3 7800.5 1.76309e+07 821184 9.09373e+06 38758.3 -4.11141 -22.1537
1010101 FRAC0_S 0 1 -22532.1 29441.8 7577.61 1.93166e+07 184945 1.164e+07 51272.8 -0.828971 -24.5442
1010101 FRAC0_S 0 1 -22503.4 29752 7446.05 2.28453e+07 825630 1.3299e+07 70090.9 -3.09163 -23.7883
1010101 FRAC0_S 0 1 -22475.8 30088.7 7422.79 1.99207e+07 447932 1.12654e+07 52258.8 -1.96834 -23.592
1010101 FRAC0_S 0 1 -22465.5 30417.3 7505.29 1.42434e+07 1.81894e+06 7.9607e+06 26801.6 -10.199 -22.2237
1010101 FRAC0_S 0 1 -22461.9 30701.8 7684.07 1.61936e+07 -3.09857e+06 6.61212e+06 30037.9 15.7447 -17.7596
1010101 FRAC0_S 0 1 -22453.5 30916.1 7943.71 1.49382e+07 -3.19969e+06 4.97379e+06 24087.4 18.0406 -15.2578
1010101 FRAC0_S 0 1 -22446.7 31039.5 8254.28 1.22052e+07 -2.10344e+06 3.19305e+06 15024.6 15.8148 -13.1321
1010101 FRAC0_S 0 1 -22432.1 31052.3 8584.62 7.6137e+06 -1.61956e+06 1.79567e+06 5828.15 19.0491 -11.8248
1010101 FRAC0_S 0 1 -22432.1 30971 8909.72 5.49818e+06 -2.51419e+06 737577 3329.42 34.4479 -6.34053
1010101 FRAC0_S 0 1 -22447.7 30807 9197.29 1.59945e+06 -3.4926e+06 543060 1354.17 59.881 -7.21044
1010101 FRAC0_S 0 1 -22457.6 30555.6 9416.27 -1.46955e+06 -2.57724e+06 263936 601.149 58.6802 -4.65204
1010101 FRAC0_S 0 1 -22482.3 30245.4 9550.79 -3.83295e+06 -1.54311e+06 130687 214.46 33.7344 -1.83252
1010101 FRAC0_S 0 1 -22519.1 29912.4 9575.69 -6.1169e+06 4.9154e+06 808986 2240.04 -46.053 -5.17487
1010101 FRAC0_S 0 1 -22557 29593.8 9479.41 -1.62143e+06 3.14727e+06 -233778 889.931 -60.3725 3.57306
1010101 FRAC0_S 0 1 -22582.6 29322.6 9289.45 1.69587e+06 2.83074e+06 -253859 978.898 -58.3559 4.049
1010101 FRAC0_S 0 1 -22585.3 29111.9 9037.2 5.41082e+06 1.96327e+06 -294696 2963.89 -31.2533 2.94865
1010101 FRAC0_S 0 1 -22578.5 28980.1 8738.51 1.00848e+07 1.65153e+06 819153 9395.04 -17.2042 -4.94847
1010101 FRAC0_S 0 1 -22571.9 28948.6 8411.68 1.51639e+07 2.00571e+06 2.21603e+06 21501.9 -13.7356 -8.48518
1010101 FRAC0_S 0 1 -22564.3 29021.2 8088.16 1.38768e+07 1.41502e+06 5.47988e+06 21331.7 -9.21233 -18.2808