
Step FractureNumber TipNr TipActive TipX TipY TipZ KI KII KIII G Phi Psi Extension
1010000 FRAC0_S 0 1 44408.4 -21709.1 8500 39456.3 289726 -87659.8 8.64074 -63.4904 14.9436
1010000 FRAC0_S 0 1 44193 -21930.6 8500 33823.7 431151 70251.9 17.3231 -67.3532 -9.66947
1010000 FRAC0_S 0 1 44056.5 -22207.8 8500 44134.6 294552 43534.6 8.15693 -66.3173 -8.456
1010000 FRAC0_S 0 1 44012.4 -22513.7 8500 37411.8 277279 110541 8.601 -61.5259 -18.0465
1010000 FRAC0_S 0 1 44065 -22818.2 8500 22515.1 106860 69585.3 1.70673 -55.0002 -23.2434
1010000 FRAC0_S 0 1 44209.1 -23091.6 8500 58867.3 220248 143197 7.35865 -53.9745 -22.654
1010000 FRAC0_S 0 1 44439.7 -23313.5 8500 39719.1 42004.4 215563 6.47794 -18.3836 -39.2074
1010000 FRAC0_S 0 1 44707.9 -23443.5 8500 33192.8 -53747.4 184219 4.86917 24.9997 -37.7601
1010000 FRAC0_S 0 1 45013.7 -23487.6 8500 40980.5 -161528 202978 7.95424 44.6618 -30.776
1010000 FRAC0_S 0 1 45318.2 -23435 8500 38049.6 -238258 161825 8.67042 55.4319 -24.3076
1010000 FRAC0_S 0 1 45591.6 -23290.9 8500 -21950.8 -21238.7 -33121 0.186097 33.5424 27.6377
1010000 FRAC0_S 0 1 45807 -23069.4 8500 35240.4 -103766 154458 4.24316 40.7509 -31.9118
1010000 FRAC0_S 0 1 45943.5 -22792.2 8500 -20941.8 -79146.7 -132593 2.89647 39.5219 33.7322
1010000 FRAC0_S 0 1 45987.6 -22486.3 8500 44134.1 -284096 -96260.1 8.59809 62.343 15.9908
1010000 FRAC0_S 0 1 45935 -22181.8 8500 40452.4 -259799 -165650 9.80985 56.3013 23.5611
1010000 FRAC0_S 0 1 45790.9 -21908.4 8500 40299.2 -138169 -182250 6.26347 43.3551 30.985
1010000 FRAC0_S 0 1 45569.4 -21692.9 8500 35771.5 -35410.2 -168736 4.0125 19.1382 38.5348
1010000 FRAC0_S 0 1 45292.1 -21556.5 8500 32943.6 47134.7 -170663 4.1684 -23.8439 37.8018
1010000 FRAC0_S 0 1 44986.3 -21512.4 8500 39532.7 143508 -181615 6.36132 -44.2548 30.6619
1010000 FRAC0_S 0 1 44681.8 -21565 8500 24619.6 245537 -158747 8.77799 -57.2056 24.3489
Step FractureNumber TipNr TipActive TipX TipY TipZ KI KII KIII G Phi Psi Extension
1010101 FRAC0_S 0 1 44382.8 -21672.9 8411.17 683225 219573 -266834 55.3621 -23.815 16.077
1010101 FRAC0_S 0 1 44160.9 -21907.6 8408.59 972092 250799 -351292 106.224 -20.528 15.763
1010101 FRAC0_S 0 1 44017.5 -22196.5 8409.17 1.1123e+06 329294 -146062 122.748 -26.0259 6.8966
1010101 FRAC0_S 0 1 43965.4 -22515.7 8412.68 1.2239e+06 451851 142832 154.388 -30.4634 -5.92258
1010101 FRAC0_S 0 1 44014.1 -22836.5 8416.84 1.23126e+06 609588 522316 204.489 -31.4557 -15.6278
1010101 FRAC0_S 0 1 44158.3 -23133.3 8431.19 634698 360661 537834 85.9606 -29.0595 -23.301
1010101 FRAC0_S 0 1 44367.5 -23362.9 8470.56 309770 163415 496927 43.7729 -21.5967 -31.2957
1010101 FRAC0_S 0 1 44681.1 -23524 8530.82 210446 -1860.99 495181 36.5589 0.367774 -38.4273
1010101 FRAC0_S 0 1 45012.1 -23558.2 8566.3 259897 -87126.9 432049 31.5221 14.7813 -33.1073
1010101 FRAC0_S 0 1 45327.7 -23479.7 8558.74 237613 -5757.47 338169 20.2437 1.3792 -34.1986
1010101 FRAC0_S 0 1 45611.7 -23315.3 8536.9 373256 -249301 252619 26.4407 34.2001 -19.7651
1010101 FRAC0_S 0 1 45856.4 -23096.9 8548.55 410964 -357554 155874 29.6737 43.6789 -12.2143
1010101 FRAC0_S 0 1 46007.4 -22814.3 8570.29 750369 -588980 80636 81.9506 46.0261 -4.32293
1010101 FRAC0_S 0 1 46042.3 -22487.2 8581 861704 -508919 -153797 92.3924 38.9366 7.53344
1010101 FRAC0_S 0 1 45987.4 -22161.8 8580.91 919485 -523154 -405713 121.619 34.0176 15.531
1010101 FRAC0_S 0 1 45846.8 -21862.9 8563.32 491071 -376557 -496803 66.9505 33.3057 24.0256
1010101 FRAC0_S 0 1 45618 -21621.6 8523.45 269415 -218527 -498297 43.7472 27.5839 30.9853
1010101 FRAC0_S 0 1 45319 -21475.6 8470.54 192293 -20941.8 -449649 30.2245 4.35301 37.7251
1010101 FRAC0_S 0 1 44988.2 -21441.9 8433.99 272138 77423.4 -468986 36.3866 -12.6158 33.8571
1010101 FRAC0_S 0 1 44666.1 -21512.5 8418.15 495255 179617 -536211 62.9721 -19.2238 28.0658