
Step FractureNumber TipNr TipActive TipX TipY TipZ KI KII KIII G Phi Psi Extension
1010000 FRAC0_S 0 1 -29476.2 -29162.6 8500 4.05761e+06 1.14314e+07 2.11412e+06 13706.2 -61.3954 -8.89174
1010000 FRAC0_S 0 1 -29760.5 -29041.8 8500 3.48191e+06 9.50203e+06 4.5905e+06 11928.6 -55.2313 -18.1224
1010000 FRAC0_S 0 1 -30068.3 -29014.7 8500 3.21812e+06 6.25306e+06 5.5911e+06 8564.76 -46.0563 -24.4065
1010000 FRAC0_S 0 1 -30369.5 -29084 8500 3.74089e+06 3.62361e+06 6.9832e+06 8902.85 -30.893 -30.1462
1010000 FRAC0_S 0 1 -30634.5 -29243 8500 3.71172e+06 506918 7.56736e+06 8866.79 -5.89194 -36.4769
1010000 FRAC0_S 0 1 -30837.4 -29476.2 8500 3.21079e+06 -2.74868e+06 6.28543e+06 6846.27 27.8993 -31.3431
1010000 FRAC0_S 0 1 -30958.2 -29760.5 8500 3.23088e+06 -5.27066e+06 5.27292e+06 7103.53 43.3207 -25.0229
1010000 FRAC0_S 0 1 -30985.3 -30068.3 8500 2.87311e+06 -7.0802e+06 3.79878e+06 7121.87 53.5238 -19.0281
1010000 FRAC0_S 0 1 -30916 -30369.5 8500 2.73393e+06 -7.81425e+06 2.01659e+06 6648.18 59.9937 -11.6686
1010000 FRAC0_S 0 1 -30757 -30634.5 8500 3.10137e+06 -9.64314e+06 426959 9167.7 64.9769 -2.49373
1010000 FRAC0_S 0 1 -30523.8 -30837.4 8500 2.60408e+06 -8.09146e+06 -1.39355e+06 6696.74 62.3455 8.55283
1010000 FRAC0_S 0 1 -30239.5 -30958.2 8500 2.57115e+06 -5.91105e+06 -2.51719e+06 4545.36 55.02 16.1219
1010000 FRAC0_S 0 1 -29931.7 -30985.3 8500 3.07746e+06 -6.4447e+06 -4.90512e+06 7745.06 48.5703 22.7046
1010000 FRAC0_S 0 1 -29630.5 -30916 8500 2.53855e+06 -3.01349e+06 -4.69318e+06 4312.91 35.1229 28.8058
1010000 FRAC0_S 0 1 -29365.5 -30757 8500 3.0422e+06 -557493 -6.10463e+06 5808.86 7.81169 36.0081
1010000 FRAC0_S 0 1 -29162.6 -30523.8 8500 3.2366e+06 1.98381e+06 -6.48102e+06 6870.65 -21.723 33.0782
1010000 FRAC0_S 0 1 -29041.8 -30239.5 8500 3.28531e+06 4.95402e+06 -5.65954e+06 7408.79 -41.0075 26.2895
1010000 FRAC0_S 0 1 -29014.7 -29931.7 8500 3.85161e+06 8.284e+06 -4.90637e+06 10638.7 -51.513 19.7209
1010000 FRAC0_S 0 1 -29084 -29630.5 8500 3.11383e+06 8.43155e+06 -2.29106e+06 7897.04 -59.3187 12.0106
1010000 FRAC0_S 0 1 -29243 -29365.5 8500 5.49514e+06 1.37846e+07 -435266 19648.1 -63.666 1.706
Step FractureNumber TipNr TipActive TipX TipY TipZ KI KII KIII G Phi Psi Extension
1010101 FRAC0_S 0 1 -29451.5 -29121.4 8413.16 1.53529e+07 1.27901e+06 2.14405e+06 21761.4 -9.21194 -8.47662
1010101 FRAC0_S 0 1 -29756.7 -28984.4 8419.18 1.30546e+07 1.05873e+06 4.7207e+06 18250.1 -7.64873 -17.4773
1010101 FRAC0_S 0 1 -30075.3 -28946.3 8430.63 1.02701e+07 1.46477e+06 6.42857e+06 15086.5 -10.8349 -23.4727
1010101 FRAC0_S 0 1 -30402.7 -29007.8 8453.77 8.63642e+06 745125 7.96047e+06 15124.1 -5.88608 -28.8509
1010101 FRAC0_S 0 1 -30693.2 -29173.3 8493.73 6.51728e+06 -248908 7.56669e+06 11405.3 2.41016 -31.9809
1010101 FRAC0_S 0 1 -30908.4 -29429.3 8537.98 6.89626e+06 -1.39728e+06 6.70617e+06 10393.3 12.4341 -28.2765
1010101 FRAC0_S 0 1 -31027 -29741 8566.11 8.40878e+06 -1.96274e+06 5.27857e+06 10349.8 16.4569 -22.5542
1010101 FRAC0_S 0 1 -31044.2 -30070.6 8579.01 8.58913e+06 -1.45735e+06 3.57544e+06 8463.43 14.1768 -18.1997
1010101 FRAC0_S 0 1 -30962 -30386.7 8586.05 9.24293e+06 -997801 1.84876e+06 8156.13 11.078 -11.1563
1010101 FRAC0_S 0 1 -30790.9 -30662.6 8589.11 1.12067e+07 -652678 493908 11261.7 7.20142 -3.06584
1010101 FRAC0_S 0 1 -30547.8 -30877.7 8587.43 9.046e+06 -881676 -1.19941e+06 7552.48 10.6537 8.02433
1010101 FRAC0_S 0 1 -30251.5 -31012.4 8581.86 9.56818e+06 -1.47304e+06 -2.96706e+06 9522.24 13.9476 15.0405
1010101 FRAC0_S 0 1 -29925.2 -31051.2 8572.36 7.27135e+06 -1.24073e+06 -4.28397e+06 7289.52 12.9165 22.4147
1010101 FRAC0_S 0 1 -29598.1 -30989.4 8550.91 6.12045e+06 -784338 -5.59372e+06 7554.4 8.50997 28.299
1010101 FRAC0_S 0 1 -29306.4 -30826.2 8511.92 5.85252e+06 -298575 -6.69911e+06 9028.93 3.21511 31.6945
1010101 FRAC0_S 0 1 -29089.1 -30572.1 8468.49 5.49064e+06 516540 -5.75156e+06 7109.88 -6.01487 30.257
1010101 FRAC0_S 0 1 -28969.9 -30259.8 8438.37 8.90513e+06 1.74773e+06 -6.20048e+06 12452 -13.7655 24.2301
1010101 FRAC0_S 0 1 -28953.5 -29929.3 8422.95 1.31195e+07 2.12065e+06 -5.62819e+06 19951.5 -13.504 18.6362
1010101 FRAC0_S 0 1 -29036.4 -29612.8 8415.02 1.5702e+07 1.42136e+06 -2.93321e+06 23294.5 -9.56991 10.7015
1010101 FRAC0_S 0 1 -29207.9 -29336.3 8411.74 1.78104e+07 2.31728e+06 -342691 28760.7 -14.9512 1.29654