
Step FractureNumber TipNr TipActive TipX TipY TipZ KI KII KIII G Phi Psi Extension
1010000 FRAC0_S 0 1 -45000 -29019.2 8617.02 2.61052e+06 615557 -157970 644.353 -23.1498 3.56919
1010000 FRAC0_S 0 1 -45000 -29103.5 8914.36 1.94654e+06 515220 8355.06 361.303 -26.156 -0.263454
1010000 FRAC0_S 0 1 -45000 -29275.4 9171.13 2.58523e+06 655567 167826 637.599 -24.3364 -3.76038
1010000 FRAC0_S 0 1 -45000 -29518.2 9362.22 2.98657e+06 547689 386041 841.375 -18.1926 -7.36085
1010000 FRAC0_S 0 1 -45000 -29808.3 9468.89 2.34194e+06 228476 -131853 495.702 -11.3366 3.72734
1010000 FRAC0_S 0 1 -45000 -30117.1 9480.74 2.18436e+06 112547 372831 444.798 -5.7775 -10.2492
1010000 FRAC0_S 0 1 -45000 -30414.4 9396.57 3.13773e+06 -217093 602359 929.778 7.46979 -11.1084
1010000 FRAC0_S 0 1 -45000 -30671.2 9224.65 2.51308e+06 300142 124981 572.885 -13.5708 -3.25813
1010000 FRAC0_S 0 1 -45000 -30862.2 8981.79 2.57032e+06 -399610 353887 619.594 15.8199 -7.93059
1010000 FRAC0_S 0 1 -45000 -30968.9 8691.77 2.60584e+06 -544941 280382 642.009 20.4693 -6.15351
1010000 FRAC0_S 0 1 -45000 -30980.8 8382.98 2.46748e+06 -614704 167826 579.961 23.9753 -3.93982
1010000 FRAC0_S 0 1 -45000 -30896.5 8085.64 2.54205e+06 -674640 51818.8 616.745 25.9146 -1.22831
1010000 FRAC0_S 0 1 -45000 -30724.6 7828.87 1.8643e+06 -504319 -51783.5 332.734 26.1316 1.65367
1010000 FRAC0_S 0 1 -45000 -30481.8 7637.78 2.49695e+06 -618598 -208377 595.455 23.6302 4.76013
1010000 FRAC0_S 0 1 -45000 -30191.7 7531.11 2.07937e+06 -369920 205845 403.121 18.1464 -5.84877
1010000 FRAC0_S 0 1 -45000 -29882.9 7519.26 2.47142e+06 -332617 -410807 576.581 13.7355 9.42834
1010000 FRAC0_S 0 1 -45000 -29585.6 7603.43 2.66455e+06 -153825 -472591 664.478 6.39087 10.5205
1010000 FRAC0_S 0 1 -45000 -29328.8 7775.35 2.4339e+06 241807 -576447 577.282 -10.0224 12.7888
1010000 FRAC0_S 0 1 -45000 -29137.8 8018.21 2.72366e+06 384209 -405351 696.056 -14.4733 8.56024
1010000 FRAC0_S 0 1 -45000 -29031.1 8308.23 2.38999e+06 1.03459e+06 -337153 619.502 -33.2093 6.72582
Step FractureNumber TipNr TipActive TipX TipY TipZ KI KII KIII G Phi Psi Extension
1010101 FRAC0_S 0 1 -45044.3 -28932.7 8627.83 3.14361e+06 23337.5 -113134 882.362 -0.992545 2.65106
1010101 FRAC0_S 0 1 -45042.1 -29023.2 8951.39 2.68246e+06 -394086 33680.6 655.191 16.6151 -0.840791
1010101 FRAC0_S 0 1 -45039.4 -29210 9232.24 2.70543e+06 -410523 143677 669.992 16.5215 -3.37393
1010101 FRAC0_S 0 1 -45030.8 -29473.6 9443.2 3.51765e+06 -356317 324004 1127.91 11.3787 -5.82355
1010101 FRAC0_S 0 1 -45020.1 -29790.1 9562.41 3.16548e+06 -274048 409870 921.941 9.61214 -7.93103
1010101 FRAC0_S 0 1 -45006.7 -30128.5 9576.67 3.27741e+06 -59442.4 434982 982.645 2.18895 -8.55638
1010101 FRAC0_S 0 1 -45001.8 -30454.6 9484.1 3.05356e+06 -168237 554633 874.315 6.09796 -10.7438
1010101 FRAC0_S 0 1 -45001.6 -30735.5 9294.53 3.28427e+06 -268223 446437 994.099 9.0754 -8.29655
1010101 FRAC0_S 0 1 -44983.5 -30943.7 9027.62 2.23476e+06 2407.49 170659 448.905 -0.13991 -5.36261
1010101 FRAC0_S 0 1 -44965.6 -31058.6 8709.89 3.0946e+06 468049 239000 880.485 -16.1754 -4.77324
1010101 FRAC0_S 0 1 -44960 -31069.5 8372.67 2.33888e+06 375333 128763 502.22 -17.2629 -3.46505
1010101 FRAC0_S 0 1 -44957 -30976.6 8048.82 2.97343e+06 537798 33678.2 813.773 -19.6283 -0.738057
1010101 FRAC0_S 0 1 -44957 -30789.1 7768.94 2.96173e+06 474355 -89339.1 802.771 -17.5701 1.95544
1010101 FRAC0_S 0 1 -44961.2 -30525.2 7559.24 2.79871e+06 190571 -428368 725.62 -7.58889 9.25807
1010101 FRAC0_S 0 1 -44968.5 -30209.3 7440.39 2.95654e+06 310454 -182051 791.921 -12.0344 4.02513
1010101 FRAC0_S 0 1 -44977.6 -29871.4 7425.19 2.90206e+06 248220 -412247 778.572 -9.41474 8.58409
1010101 FRAC0_S 0 1 -44992.8 -29545.2 7516.15 3.00189e+06 73481.4 -433392 828.461 -2.90122 9.13088
1010101 FRAC0_S 0 1 -45012.2 -29263.9 7704.87 2.9698e+06 -223514 -444811 816.692 8.33692 9.04328
1010101 FRAC0_S 0 1 -45030.5 -29058.3 7972.48 3.01913e+06 -489370 -361686 850.992 16.5832 7.00123
1010101 FRAC0_S 0 1 -45043.4 -28946.1 8291.03 2.44384e+06 -457435 -240945 558.564 18.8973 5.787