
Step FractureNumber TipNr TipActive TipX TipY TipZ KI KII KIII G Phi Psi Extension
1010000 FRAC0_S 0 1 44208.4 590.716 8500 274668 -93228.8 -1.02007e+06 145.89 9.08787 39.5008
1010000 FRAC0_S 0 1 44064.6 317.195 8500 324098 711025 -483750 85.5341 -50.1978 21.495
1010000 FRAC0_S 0 1 44012.4 12.6255 8500 323788 882358 -315262 91.9381 -57.6497 14.7459
1010000 FRAC0_S 0 1 44056.8 -293.18 8500 257420 744964 -91467.3 56.4711 -62.8788 6.29158
1010000 FRAC0_S 0 1 44193.6 -570.287 8500 330360 988536 92038.4 97.9305 -63.7262 -4.94769
1010000 FRAC0_S 0 1 44409.3 -791.57 8500 311030 793111 268096 74.2323 -57.5323 -13.9794
1010000 FRAC0_S 0 1 44682.8 -935.369 8500 226515 442837 306822 34.5676 -49.1048 -21.2561
1010000 FRAC0_S 0 1 44987.4 -987.607 8500 273055 347479 480249 48.0783 -37.218 -27.7486
1010000 FRAC0_S 0 1 45293.2 -943.172 8500 211027 85595.4 422115 28.3193 -15.68 -34.427
1010000 FRAC0_S 0 1 45570.3 -806.413 8500 241171 -379738 549746 58.2279 38.0477 -29.3518
1010000 FRAC0_S 0 1 45791.6 -590.716 8500 224741 130967 839057 99.6635 -14.5054 -38.5023
1010000 FRAC0_S 0 1 45935.4 -317.195 8500 215228 -929476 -61460.2 81.6147 66.3165 3.88881
1010000 FRAC0_S 0 1 45987.6 -12.6255 8500 212313 -726536 192751 55.9952 61.0307 -12.3287
1010000 FRAC0_S 0 1 45943.2 293.18 8500 203449 -618450 5717.97 37.7756 65.5288 -0.537324
1010000 FRAC0_S 0 1 45806.4 570.287 8500 180576 -628068 -101973 39.4399 63.2607 8.32081
1010000 FRAC0_S 0 1 45590.7 791.57 8500 182552 -557522 -227021 37.5224 57.4448 16.4917
1010000 FRAC0_S 0 1 45317.2 935.369 8500 240615 -557959 -436138 58.1994 48.9706 23.4345
1010000 FRAC0_S 0 1 45012.6 987.607 8500 262084 -390202 -603378 68.1091 36.7458 29.8611
1010000 FRAC0_S 0 1 44706.8 943.172 8500 210923 -90999.7 -494808 37.2653 15.0771 35.7136
1010000 FRAC0_S 0 1 44429.7 806.413 8500 301116 172025 -671113 70.619 -19.4653 34.3959
Step FractureNumber TipNr TipActive TipX TipY TipZ KI KII KIII G Phi Psi Extension
1010101 FRAC0_S 0 1 44140.1 644.629 8480.36 446330 273480 -554013 65.2381 -26.8304 27.6817
1010101 FRAC0_S 0 1 44001.2 342.409 8444.41 911508 265639 -496676 113.134 -20.4552 20.2394
1010101 FRAC0_S 0 1 43959.6 14.724 8416.3 1.2209e+06 134151 -602399 182.695 -9.2659 20.8789
1010101 FRAC0_S 0 1 44012.6 -306.164 8411.96 1.53652e+06 120745 -649605 267.803 -7.13604 19.3477
1010101 FRAC0_S 0 1 44156.6 -597.205 8411.82 1.41534e+06 226487 -308074 195.697 -15.317 11.4998
1010101 FRAC0_S 0 1 44378.9 -834.971 8416.5 1.61192e+06 479406 -115959 253.801 -27.1049 4.00664
1010101 FRAC0_S 0 1 44664 -997.031 8425.99 1.17504e+06 357252 289317 145.542 -24.7642 -11.5559
1010101 FRAC0_S 0 1 44988.7 -1065.9 8444.1 845322 504574 504768 120.249 -32.9069 -18.7842
1010101 FRAC0_S 0 1 45311.2 -1027.44 8485.36 653351 -47116.9 543376 77.5052 5.20277 -27.7768
1010101 FRAC0_S 0 1 45619.5 -876.021 8517.79 291796 -89706.5 466538 37.2529 14.026 -32.9232
1010101 FRAC0_S 0 1 45851.2 -638.966 8525.78 471814 -480415 350776 56.7679 42.102 -18.6065
1010101 FRAC0_S 0 1 45985.8 -338.276 8561.4 634563 -98015.4 319046 50.2761 12.4405 -20.6266
1010101 FRAC0_S 0 1 46031.2 -13.086 8589.39 753498 -33181 351872 67.1584 4.02059 -20.9542
1010101 FRAC0_S 0 1 45984.2 305.668 8589.71 1.21347e+06 -228100 701196 201.245 14.1099 -21.9908
1010101 FRAC0_S 0 1 45842.7 597.132 8588.48 1.14092e+06 -320604 255691 133.848 23.6981 -10.8825
1010101 FRAC0_S 0 1 45621.3 835.17 8583.33 1.36964e+06 -634453 25309.4 203.118 36.9265 -0.967631
1010101 FRAC0_S 0 1 45336.1 997.264 8573.74 1.10751e+06 -582483 -317165 152.914 34.7331 11.5013
1010101 FRAC0_S 0 1 45011.3 1066.26 8555.27 862195 -544363 -609910 142.123 32.6928 20.5732
1010101 FRAC0_S 0 1 44679.2 1028.55 8519.63 602346 -355127 -790805 126.744 25.5499 28.53
1010101 FRAC0_S 0 1 44375.5 882.718 8493.79 388143 93333.5 -793574 97.9591 -9.87291 35.7631