
Step FractureNumber TipNr TipActive TipX TipY TipZ KI KII KIII G Phi Psi Extension
1010000 FRAC0_S 0 1 29604.2 -14095.1 8500 2.75138e+06 -1.00972e+07 7.40491e+06 17052.3 52.3977 -24.1066
1010000 FRAC0_S 0 1 29343.9 -14261.7 8500 1.74382e+06 -1.1666e+07 4.41425e+06 14990 61.6445 -17.2932
1010000 FRAC0_S 0 1 29147.9 -14500.6 8500 1.25339e+06 -1.10693e+07 1.57196e+06 11387.2 67.1057 -8.40208
1010000 FRAC0_S 0 1 29035.2 -14788.4 8500 1.32602e+06 -1.09597e+07 -1.00566e+06 10994.7 67.8457 5.71277
1010000 FRAC0_S 0 1 29017.1 -15096.8 8500 1.82887e+06 -1.04299e+07 -3.39449e+06 11524.2 62.2055 15.3629
1010000 FRAC0_S 0 1 29095.1 -15395.8 8500 1.90718e+06 -1.04925e+07 -6.92615e+06 16514.6 55.3758 23.7157
1010000 FRAC0_S 0 1 29239.2 -15630.8 8500 2.59268e+06 -7.28964e+06 -9.65323e+06 17727.8 42.4939 30.485
1010000 FRAC0_S 0 1 29500.6 -15852.1 8500 1.45324e+07 -3.06013e+06 -9.46712e+06 31573.9 14.9371 23.2499
1010000 FRAC0_S 0 1 29788.4 -15964.7 8500 3.11521e+07 859826 -9.33023e+06 98121.1 -2.88141 15.9225
1010000 FRAC0_S 0 1 30096.8 -15982.9 8500 3.62254e+06 7.96636e+06 -1.14925e+07 24390.8 -39.9813 30.6559
1010000 FRAC0_S 0 1 30395.8 -15904.9 8500 1.80338e+06 1.08594e+07 -7.68331e+06 18649.7 -54.7818 24.7492
1010000 FRAC0_S 0 1 30656.1 -15738.3 8500 3.43922e+07 1.23275e+07 -5.56532e+06 123063 -29.1172 7.92858
1010000 FRAC0_S 0 1 30852.1 -15499.4 8500 1.52634e+06 1.60297e+07 -1.9421e+06 23606.2 -67.785 7.44173
1010000 FRAC0_S 0 1 30964.8 -15211.6 8500 2.11197e+07 1.33348e+07 292499 55603.3 -43.4182 -0.654264
1010000 FRAC0_S 0 1 30982.9 -14903.2 8500 2.74453e+06 1.58675e+07 4.94476e+06 26359.1 -62.5417 -14.9188
1010000 FRAC0_S 0 1 30904.9 -14604.2 8500 1.41692e+06 9.69932e+06 6.25236e+06 13761.3 -56.3517 -23.8021
1010000 FRAC0_S 0 1 30738.3 -14343.9 8500 919818 8.90725e+06 1.08196e+07 22714.9 -47.3696 -31.8126
1010000 FRAC0_S 0 1 30499.4 -14147.9 8500 -1.44511e+07 2.24519e+06 1.03138e+07 14596.9 -11.1537 -24.9726
1010000 FRAC0_S 0 1 30211.6 -14035.3 8500 -2.16365e+07 -2.44383e+06 9.59903e+06 12787 9.79008 -19.5503
1010000 FRAC0_S 0 1 29903.2 -14017.1 8500 1.81711e+06 -6.05137e+06 9.23174e+06 14892.3 40.7767 -32.4913
Step FractureNumber TipNr TipActive TipX TipY TipZ KI KII KIII G Phi Psi Extension
1010101 FRAC0_S 0 1 29582.2 -14039.5 8577.94 3.07136e+07 -1.22269e+07 1.84545e+07 142677 25.1049 -20.4641
1010101 FRAC0_S 0 1 29313.6 -14225.1 8586.83 1.33681e+07 -1.20758e+06 4.18825e+06 18387.4 8.71999 -15.7661
1010101 FRAC0_S 0 1 29114 -14479.9 8591.21 9.57062e+06 -5.21303e+06 2.1227e+06 11183.1 36.5132 -9.27317
1010101 FRAC0_S 0 1 28996.9 -14780.5 8591.46 1.15432e+07 -3.89909e+06 -130293 13230.6 30.665 0.650301
1010101 FRAC0_S 0 1 28971.7 -15102.8 8587.96 1.26063e+07 -2.00271e+06 -2.99044e+06 15708.1 15.0247 12.3007
1010101 FRAC0_S 0 1 29043.7 -15420.6 8580.15 9.09555e+06 -2.3032e+06 -4.74067e+06 10833.7 18.5533 20.0639
1010101 FRAC0_S 0 1 29208.9 -15707.1 8560.79 8.97695e+06 523529 -4.4731e+06 9866.55 -5.14694 21.5871
1010101 FRAC0_S 0 1 29457 -15930.4 8528.51 5.12996e+06 -882529 -1.02707e+07 16444.1 7.38223 36.0697
1010101 FRAC0_S 0 1 29767.3 -16053.5 8487.87 1.96725e+07 -1.13543e+06 -7.43965e+06 41962.4 5.51429 18.254
1010101 FRAC0_S 0 1 30101 -16058.7 8446.2 -1.48682e+07 1.91378e+07 -8.93328e+06 43250.9 -48.4922 14.7991
1010101 FRAC0_S 0 1 30423.8 -15966.7 8430.92 2.84289e+06 -5.11292e+06 -440218 3075.47 59.2966 3.99895
1010101 FRAC0_S 0 1 30699 -15789 8432.1 1.15402e+07 6.0107e+06 -4.42217e+06 17687.7 -33.0587 14.3612
1010101 FRAC0_S 0 1 30900.7 -15529.2 8424.36 2.43201e+07 1.11418e+07 -1.97323e+06 64285.5 -35.4672 4.01974
1010101 FRAC0_S 0 1 31019.8 -15223.1 8420.31 1.27146e+07 5.08071e+06 837302 16799.2 -32.9702 -3.43848
1010101 FRAC0_S 0 1 31036.3 -14899.3 8417.64 1.07092e+07 3.83904e+06 2.98432e+06 12717.6 -27.299 -12.3207
1010101 FRAC0_S 0 1 30954.4 -14580.7 8417.8 1.00851e+07 2.66821e+06 5.74912e+06 14093.6 -18.7335 -21.0503
1010101 FRAC0_S 0 1 30788.7 -14294.7 8437.56 8.25495e+06 2.55804e+06 8.47888e+06 16217 -17.3328 -27.907
1010101 FRAC0_S 0 1 30542.1 -14070.2 8476.18 5.815e+06 1.36183e+06 9.812e+06 15983.1 -10.7727 -34.0415
1010101 FRAC0_S 0 1 30232.7 -13947.1 8519.99 6.23513e+06 -2.61642e+06 1.52133e+07 34856.6 14.3938 -36.1215
1010101 FRAC0_S 0 1 29898.6 -13941.3 8556.72 7.24873e+06 -2.48224e+06 8.13475e+06 14032.4 18.1002 -28.6739