
Step FractureNumber TipNr TipActive TipX TipY TipZ KI KII KIII G Phi Psi Extension
1010000 FRAC0_S 0 1 -30000 -29019.2 8617.02 5.06044e+06 3.28587e+06 -774722 3323.87 -41.3506 6.38708
1010000 FRAC0_S 0 1 -30000 -29103.5 8914.36 4.16667e+06 2.91989e+06 106118 2308.28 -45.2976 -1.1436
1010000 FRAC0_S 0 1 -30000 -29275.4 9171.13 5.6876e+06 3.74091e+06 1.04706e+06 4275.45 -41.0683 -7.46659
1010000 FRAC0_S 0 1 -30000 -29518.2 9362.22 5.93182e+06 3.08719e+06 1.84376e+06 4436.88 -34.134 -12.2884
1010000 FRAC0_S 0 1 -30000 -29808.3 9468.89 4.99988e+06 1.74971e+06 2.08045e+06 3076.11 -24.993 -16.5457
1010000 FRAC0_S 0 1 -30000 -30117.1 9480.74 5.43877e+06 658085 2.60975e+06 3580.32 -10.1819 -20.4151
1010000 FRAC0_S 0 1 -30000 -30414.4 9396.57 6.76387e+06 -777038 3.16037e+06 5458.97 9.79657 -20.1573
1010000 FRAC0_S 0 1 -30000 -30671.2 9224.65 4.93717e+06 -797495 2.10292e+06 2816.95 13.5206 -18.5526
1010000 FRAC0_S 0 1 -30000 -30862.2 8981.79 5.58853e+06 -2.34695e+06 2.17441e+06 3902.72 28.7278 -15.2495
1010000 FRAC0_S 0 1 -30000 -30968.9 8691.77 4.84366e+06 -2.61546e+06 1.4389e+06 2975.55 35.1033 -11.7504
1010000 FRAC0_S 0 1 -30000 -30980.8 8382.98 4.60108e+06 -2.94655e+06 902869 2768.54 40.3051 -7.95698
1010000 FRAC0_S 0 1 -30000 -30896.5 8085.64 4.47319e+06 -3.17592e+06 353305 2698.44 44.5364 -3.37936
1010000 FRAC0_S 0 1 -30000 -30724.6 7828.87 3.02241e+06 -2.20238e+06 -107640 1247.78 45.8815 1.56106
1010000 FRAC0_S 0 1 -30000 -30481.8 7637.78 4.21842e+06 -2.90733e+06 -805206 2425.16 41.9145 7.57895
1010000 FRAC0_S 0 1 -30000 -30191.7 7531.11 2.87712e+06 -1.82037e+06 -480321 1063.61 40.5678 6.95172
1010000 FRAC0_S 0 1 -30000 -29882.9 7519.26 3.8056e+06 -1.52767e+06 -1.60972e+06 1843.13 27.4153 16.3103
1010000 FRAC0_S 0 1 -30000 -29585.6 7603.43 4.06959e+06 -20304.7 -2.21478e+06 2128.24 0.450156 23.3283
1010000 FRAC0_S 0 1 -30000 -29328.8 7775.35 3.81883e+06 716879 -1.8496e+06 1800.33 -14.8355 19.825
1010000 FRAC0_S 0 1 -30000 -29137.8 8018.21 4.60001e+06 1.58384e+06 -1.9876e+06 2634.53 -24.5058 17.0201
1010000 FRAC0_S 0 1 -30000 -29031.1 8308.23 4.77262e+06 3.21438e+06 -1.30846e+06 3178.15 -40.0416 10.3256
Step FractureNumber TipNr TipActive TipX TipY TipZ KI KII KIII G Phi Psi Extension
1010101 FRAC0_S 0 1 -30066.9 -28947.3 8625.14 7.07845e+06 -431316 -829773 4572.96 7.05347 7.4342
1010101 FRAC0_S 0 1 -30068.5 -29039.1 8944.15 8.70169e+06 -604262 266782 6789.37 8.55833 -2.14814
1010101 FRAC0_S 0 1 -30064.6 -29221.7 9222.19 8.88863e+06 -578109 1.45932e+06 7353.4 7.21158 -9.82923
1010101 FRAC0_S 0 1 -30055.1 -29479.8 9433.38 7.45968e+06 -626152 2.08558e+06 5572.12 8.35313 -14.606
1010101 FRAC0_S 0 1 -30039.6 -29792.3 9555.85 8.16932e+06 -707234 3.00774e+06 7194.76 8.0835 -17.6269
1010101 FRAC0_S 0 1 -30015.1 -30128.8 9574.19 7.0961e+06 -156417 2.83651e+06 5559.38 2.15368 -19.3211
1010101 FRAC0_S 0 1 -29990 -30454.5 9483.56 6.62962e+06 182014 2.89932e+06 5037.51 -2.59945 -20.3462
1010101 FRAC0_S 0 1 -29972.1 -30733.7 9293.36 5.30906e+06 -35604.8 2.12986e+06 3115.1 0.665299 -19.5466
1010101 FRAC0_S 0 1 -29955.7 -30937 9024.97 5.91857e+06 473.83 1.94093e+06 3622.52 -0.00843949 -17.2489
1010101 FRAC0_S 0 1 -29943 -31047.1 8708.14 6.26775e+06 261115 1.577e+06 3837.5 -4.43719 -13.9259
1010101 FRAC0_S 0 1 -29935.7 -31054.9 8374.95 5.897e+06 375171 888688 3216.34 -7.14273 -9.17182
1010101 FRAC0_S 0 1 -29930.8 -30960.6 8056.6 5.58047e+06 446018 274517 2802.78 -9.55919 -3.3356
1010101 FRAC0_S 0 1 -29929.9 -30775.4 7781.49 5.31142e+06 477421 -282444 2544.82 -10.5762 3.55724
1010101 FRAC0_S 0 1 -29932.4 -30516.3 7574.85 4.96901e+06 433007 -861727 2315.69 -9.34354 10.1062
1010101 FRAC0_S 0 1 -29939.3 -30205.5 7455.57 4.90024e+06 418761 -1.3639e+06 2402.77 -8.49776 14.5443
1010101 FRAC0_S 0 1 -29960.5 -29870.9 7433.87 4.74025e+06 380535 -1.54964e+06 2334.59 -7.75891 16.3396
1010101 FRAC0_S 0 1 -29994.5 -29545.6 7518.28 4.4398e+06 -476243 -1.91862e+06 2266.32 9.4154 19.2956
1010101 FRAC0_S 0 1 -30022.9 -29265.7 7706.11 4.4669e+06 -679170 -2.19249e+06 2458.47 12.3572 20.3579
1010101 FRAC0_S 0 1 -30043.2 -29062.9 7974.58 5.93122e+06 437631 -2.02481e+06 3697.18 -7.10907 16.8957
1010101 FRAC0_S 0 1 -30059 -28955.1 8291.93 6.13545e+06 -354951 -1.66061e+06 3732.43 5.96381 14.5213