
Step FractureNumber TipNr TipActive TipX TipY TipZ KI KII KIII G Phi Psi Extension
1010000 FRAC0_S 0 1 44337.7 -29270.4 8432.65 -455305 3.43672e+06 -394261 1073.16 -67.25 6.89539
1010000 FRAC0_S 0 1 44227.9 -29412.2 8684.28 -409662 3.63159e+06 356590 1192.13 -67.875 -6.10752
1010000 FRAC0_S 0 1 44193.7 -29611.7 8917.88 -387439 3.24096e+06 1.09784e+06 1096.3 -63.0867 -16.3378
1010000 FRAC0_S 0 1 44238.4 -29849 9110.57 -359809 2.60982e+06 1.73147e+06 1005.68 -56.1476 -24.2518
1010000 FRAC0_S 0 1 44357.7 -30101.2 9243.49 -365728 1.74759e+06 2.27301e+06 959.303 -44.6669 -31.5582
1010000 FRAC0_S 0 1 44539.9 -30343.5 9303.63 -404529 586790 2.42371e+06 811.972 -21.9889 -38.7359
1010000 FRAC0_S 0 1 44767.1 -30552.1 9285.1 -436889 -632084 2.64057e+06 962.961 21.8228 -38.8016
1010000 FRAC0_S 0 1 45017 -30706.8 9189.73 -351318 -1.18012e+06 1.58282e+06 457.311 43.0001 -31.119
1010000 FRAC0_S 0 1 45265.3 -30792.2 9026.84 -491907 -2.60285e+06 1.77117e+06 1020.93 54.8586 -24.0193
1010000 FRAC0_S 0 1 45487.7 -30800.1 8812.38 -573967 -3.546e+06 1.22704e+06 1320.73 62.0584 -16.1617
1010000 FRAC0_S 0 1 45662.3 -30729.6 8567.35 -394991 -2.72635e+06 326506 676.533 66.9347 -7.09055
1010000 FRAC0_S 0 1 45772.1 -30587.8 8315.72 -522029 -3.64592e+06 -375611 1203.28 67.2678 6.22265
1010000 FRAC0_S 0 1 45806.3 -30388.3 8082.12 -504744 -3.31982e+06 -1.11404e+06 1147.16 62.4791 15.9159
1010000 FRAC0_S 0 1 45761.6 -30151 7889.43 -501235 -2.75924e+06 -1.79183e+06 1105.45 55.5805 23.5124
1010000 FRAC0_S 0 1 45642.3 -29898.8 7756.51 -597610 -1.99794e+06 -2.51512e+06 1197.04 44.0328 30.3938
1010000 FRAC0_S 0 1 45460.1 -29656.5 7696.37 -491596 -661889 -2.55043e+06 904.162 22.7826 38.0624
1010000 FRAC0_S 0 1 45232.9 -29447.9 7714.9 -636794 646414 -2.84589e+06 1114.41 -20.2016 38.0836
1010000 FRAC0_S 0 1 44983 -29293.2 7810.27 -341049 1.16861e+06 -1.6589e+06 487.703 -42.1122 31.7915
1010000 FRAC0_S 0 1 44734.7 -29207.8 7973.16 -449540 2.65118e+06 -1.83385e+06 1073.62 -55.0115 24.4297
1010000 FRAC0_S 0 1 44512.3 -29199.9 8187.62 -426461 3.26558e+06 -1.15922e+06 1128.99 -62.5214 16.754
Step FractureNumber TipNr TipActive TipX TipY TipZ KI KII KIII G Phi Psi Extension
1010101 FRAC0_S 0 1 44258.9 -29293.9 8376.64 3.58054e+06 1.1774e+06 -188745 1270.68 -29.3568 2.92811
1010101 FRAC0_S 0 1 44144.6 -29442.3 8639 2.91418e+06 935397 442667 860.794 -27.1854 -7.69328
1010101 FRAC0_S 0 1 44106.1 -29646.1 8886.72 2.62314e+06 1.07901e+06 1.06147e+06 866.755 -28.1201 -15.7421
1010101 FRAC0_S 0 1 44149.2 -29889.1 9098.97 2.3542e+06 1.14002e+06 1.7608e+06 1022.03 -27.0771 -22.4305
1010101 FRAC0_S 0 1 44275.3 -30148.4 9260.04 1.3855e+06 958018 2.11764e+06 849.263 -26.8364 -29.5896
1010101 FRAC0_S 0 1 44485.6 -30390 9357.59 644815 460670 2.4384e+06 846.755 -17.0158 -38.0456
1010101 FRAC0_S 0 1 44760.7 -30584 9368.8 720251 -519840 2.77002e+06 1090.82 16.9722 -38.1333
1010101 FRAC0_S 0 1 45052.9 -30720.6 9278.25 1.38527e+06 -1.34905e+06 2.15607e+06 951.444 33.2932 -27.9742
1010101 FRAC0_S 0 1 45325.4 -30791.7 9104.87 2.03504e+06 -1.24447e+06 1.27989e+06 724.912 32.9975 -19.2953
1010101 FRAC0_S 0 1 45560.3 -30787.2 8878.73 2.42093e+06 -1.75302e+06 1.01403e+06 932.869 39.3137 -13.985
1010101 FRAC0_S 0 1 45741.4 -30706.7 8623.21 2.88068e+06 -1.2385e+06 122965 878.155 34.9067 -2.23323
1010101 FRAC0_S 0 1 45855.8 -30558.4 8360.59 2.57889e+06 -1.66812e+06 -276945 850.802 42.1049 4.65129
1010101 FRAC0_S 0 1 45894.3 -30354.6 8112.63 2.41343e+06 -1.01875e+06 -893950 717.802 29.0865 14.7088
1010101 FRAC0_S 0 1 45851.1 -30111.3 7900.19 2.16299e+06 -1.41705e+06 -1.69727e+06 978.974 32.5453 21.6727
1010101 FRAC0_S 0 1 45724.9 -29851.7 7739.53 1.27353e+06 -1.11973e+06 -2.14114e+06 865.986 30.3031 29.4735
1010101 FRAC0_S 0 1 45537 -29628.7 7648.27 603655 -426942 -2.79997e+06 1091.41 14.7343 39.3827
1010101 FRAC0_S 0 1 45240.4 -29414.4 7631.83 512654 429721 -1.99984e+06 571.789 -18.9543 37.771
1010101 FRAC0_S 0 1 44947.9 -29278.3 7721.9 1.47979e+06 1.29259e+06 -2.1135e+06 938.113 -32.1385 27.5658
1010101 FRAC0_S 0 1 44674.8 -29208.4 7895.13 2.69389e+06 1.50981e+06 -1.73272e+06 1249.11 -31.0784 19.9552
1010101 FRAC0_S 0 1 44439.8 -29213.3 8121.27 3.00781e+06 1.36122e+06 -996908 1103.46 -31.0103 13.3522