
Step FractureNumber TipNr TipActive TipX TipY TipZ KI KII KIII G Phi Psi Extension
1010000 FRAC0_S 0 1 -29408.9 179.47 7729.37 557332 699041 562634 113.326 -43.4638 -20.9689
1010000 FRAC0_S 0 1 -29607.2 413.642 7693.64 947835 651517 1.06585e+06 268.974 -30.0404 -25.9155
1010000 FRAC0_S 0 1 -29844.1 607.323 7736.85 1.06442e+06 524858 686983 188.278 -28.5593 -20.5348
1010000 FRAC0_S 0 1 -30096.3 741.556 7854.75 779630 -364756 999548 198.899 21.7926 -29.1923
1010000 FRAC0_S 0 1 -30339 803.199 8035.82 882408 -580866 838618 192.987 30.8706 -24.0367
1010000 FRAC0_S 0 1 -30548.6 786.22 8262.31 843952 -862109 669917 189.387 41.5823 -19.369
1010000 FRAC0_S 0 1 -30704.4 692.281 8512.08 962781 -872913 521467 186.667 42.2456 -15.6406
1010000 FRAC0_S 0 1 -30791.2 530.576 8760.67 817116 -1.5973e+06 87175.2 287.861 60.853 -2.67806
1010000 FRAC0_S 0 1 -30800.7 316.935 8983.74 756338 -1.48781e+06 -232199 255.397 58.8452 7.02368
1010000 FRAC0_S 0 1 -30731.7 72.2695 9159.46 752574 -1.32634e+06 -536513 245.513 52.9949 14.6118
1010000 FRAC0_S 0 1 -30591.1 -179.47 9270.63 745688 -1.02971e+06 -802554 229.698 44.7521 21.0843
1010000 FRAC0_S 0 1 -30392.8 -413.642 9306.36 751592 -588682 -952963 202.001 31.3257 26.7146
1010000 FRAC0_S 0 1 -30155.9 -607.323 9263.15 789440 -126104 -1.04402e+06 201.919 8.71955 32.1897
1010000 FRAC0_S 0 1 -29903.7 -741.556 9145.25 572724 271862 -728686 106.436 -22.1018 29.0477
1010000 FRAC0_S 0 1 -29661 -803.199 8964.18 787217 795929 -877063 213.983 -37.9663 23.6129
1010000 FRAC0_S 0 1 -29453.9 -786.969 8740.9 515281 741975 -427595 97.0348 -48.0778 17.67
1010000 FRAC0_S 0 1 -29295.6 -692.281 8487.92 557588 1.47291e+06 -258156 229.89 -61.1071 8.37836
1010000 FRAC0_S 0 1 -29208.8 -530.576 8239.33 869356 1.7371e+06 -56555 336.664 -61.5377 1.64162
1010000 FRAC0_S 0 1 -29199.3 -316.935 8016.26 717730 1.28223e+06 220211 198.861 -57.5067 -7.4119
1010000 FRAC0_S 0 1 -29268.3 -72.2695 7840.54 631973 1.00234e+06 429938 149.702 -51.4754 -14.8141
Step FractureNumber TipNr TipActive TipX TipY TipZ KI KII KIII G Phi Psi Extension
1010101 FRAC0_S 0 1 -29405.4 155.613 7634.62 1.49551e+06 142450 764603 278.86 -8.05464 -21.4809
1010101 FRAC0_S 0 1 -29607.1 417.287 7595.9 1.21561e+06 25859.1 1.01044e+06 267.53 -1.59841 -28.3548
1010101 FRAC0_S 0 1 -29846.6 645.151 7654.42 1.30709e+06 -268849 1.34207e+06 398.239 12.3046 -28.8937
1010101 FRAC0_S 0 1 -30093.5 818.587 7808.59 1.14061e+06 -106857 946224 236.028 6.65349 -27.5047
1010101 FRAC0_S 0 1 -30336.6 900.164 8025.73 1.27845e+06 -162826 906980 257.415 9.3709 -25.2035
1010101 FRAC0_S 0 1 -30553.6 882.683 8279.72 1.53185e+06 -309014 754544 293.334 15.6763 -19.8872
1010101 FRAC0_S 0 1 -30709.3 781.244 8552.85 1.95748e+06 -320920 500434 383.929 15.2346 -12.9766
1010101 FRAC0_S 0 1 -30787.2 608.047 8820.93 2.05072e+06 -137789 97393.8 377.703 8.18455 -3.26338
1010101 FRAC0_S 0 1 -30793.7 381.713 9058.5 1.95462e+06 -66351.9 -155860 344.07 4.2023 5.4156
1010101 FRAC0_S 0 1 -30729.6 120.962 9245.3 1.76653e+06 -142526 -502152 313.426 8.03078 14.8128
1010101 FRAC0_S 0 1 -30592.7 -154.411 9365.16 1.81854e+06 -188869 -846481 393.173 8.95854 20.2321
1010101 FRAC0_S 0 1 -30396.8 -422.592 9401.53 1.37066e+06 -147098 -995290 301.09 7.95488 25.7156
1010101 FRAC0_S 0 1 -30163.4 -657.597 9340.36 1.07839e+06 12864.9 -955336 225.027 -0.877276 29.2193
1010101 FRAC0_S 0 1 -29913.9 -825.113 9186.32 1.20602e+06 -42101.4 -1.02556e+06 269.651 2.56836 28.4685
1010101 FRAC0_S 0 1 -29669.9 -899.872 8967.94 1.35486e+06 22740.3 -929122 278.434 -1.37336 26.0637
1010101 FRAC0_S 0 1 -29460.5 -880.303 8711.85 1.79016e+06 -229582 -756720 366.426 11.0978 18.8074
1010101 FRAC0_S 0 1 -29308.3 -777.613 8439.79 2.10024e+06 347098 -376029 422.607 -16.1533 9.80303
1010101 FRAC0_S 0 1 -29220.3 -606.342 8176.13 1.70553e+06 -59286.3 -158049 262.843 4.24996 6.18822
1010101 FRAC0_S 0 1 -29204.8 -381.423 7941.23 1.8443e+06 53574.1 158646 306.706 -3.59961 -5.82077
1010101 FRAC0_S 0 1 -29268.2 -120.248 7754.33 1.67647e+06 126479 488038 283.553 -7.51563 -15.1184