
Step FractureNumber TipNr TipActive TipX TipY TipZ KI KII KIII G Phi Psi Extension
1010000 FRAC0_S 0 1 15365.1 44082.3 8500 -889457 -3.42646e+06 -1.99283e+06 1574.4 55.3888 21.3461
1010000 FRAC0_S 0 1 15661.6 44265.6 8500 -809659 -2.55662e+06 -2.73554e+06 1577.71 46.3702 28.336
1010000 FRAC0_S 0 1 15834.9 44472.2 8500 -715252 -1.00702e+06 -2.87828e+06 1192.2 27.2908 35.8828
1010000 FRAC0_S 0 1 15957.1 44756 8500 -658474 311256 -2.81813e+06 1064.9 -11.0314 39.765
1010000 FRAC0_S 0 1 15985.6 45063.7 8500 -648213 1.72386e+06 -2.83643e+06 1334.84 -38.668 32.6904
1010000 FRAC0_S 0 1 15917.7 45365.2 8500 -537261 2.51296e+06 -2.04456e+06 1118.69 -52.0237 25.9873
1010000 FRAC0_S 0 1 15744.4 45649.6 8500 -399839 2.70438e+06 -1.07434e+06 805.231 -61.2874 17.873
1010000 FRAC0_S 0 1 15527.8 45834.8 8500 -496189 3.80784e+06 -661552 1350.27 -66.1948 9.80601
1010000 FRAC0_S 0 1 15244 45957 8500 -339126 2.8477e+06 99899 723.954 -68.751 -2.3403
1010000 FRAC0_S 0 1 14936.3 45985.6 8500 -469036 4.25356e+06 1.14516e+06 1786.66 -64.7026 -13.9657
1010000 FRAC0_S 0 1 14634.9 45917.7 8500 -489981 3.23473e+06 1.67533e+06 1305.7 -58.745 -21.0228
1010000 FRAC0_S 0 1 14369.1 45760 8500 -478866 2.22852e+06 2.02023e+06 985.361 -50.4395 -27.3053
1010000 FRAC0_S 0 1 14165.1 45527.8 8500 -546757 1.29684e+06 2.94905e+06 1306.55 -32.7572 -35.5008
1010000 FRAC0_S 0 1 14042.9 45244 8500 -624758 -36061.4 2.95174e+06 1158.91 1.39054 -41.7007
1010000 FRAC0_S 0 1 14014.4 44936.3 8500 -691078 -1.46041e+06 2.82651e+06 1252.61 35.0474 -33.6493
1010000 FRAC0_S 0 1 14082.3 44634.8 8500 -867907 -3.12557e+06 2.75109e+06 1877.14 49.8458 -26.3254
1010000 FRAC0_S 0 1 14240 44369.1 8500 -833859 -3.92057e+06 1.78092e+06 1791.53 58.7945 -18.8049
1010000 FRAC0_S 0 1 14472.2 44165.2 8500 -876125 -4.55351e+06 848372 1943.37 64.7182 -9.93783
1010000 FRAC0_S 0 1 14756 44043 8500 -767726 -3.66283e+06 -159744 1198.92 67.1423 2.67447
1010000 FRAC0_S 0 1 15063.7 44014.4 8500 -793689 -4.156e+06 -1.18424e+06 1725.66 62.7215 13.829
Step FractureNumber TipNr TipActive TipX TipY TipZ KI KII KIII G Phi Psi Extension
1010101 FRAC0_S 0 1 15387.4 44031.2 8581.47 1.41381e+06 -1.06575e+06 -847139 374.778 37.6664 17.7227
1010101 FRAC0_S 0 1 15677 44188.5 8568.23 1.10293e+06 -1.27074e+06 -1.64879e+06 613.854 37.2416 26.4275
1010101 FRAC0_S 0 1 15907.2 44429.2 8536.24 236095 -552441 -1.47304e+06 320.75 30.0214 36.8042
1010101 FRAC0_S 0 1 16042.9 44733.3 8486.28 442743 425715 -2.47653e+06 849.332 -16.6839 39.66
1010101 FRAC0_S 0 1 16062.7 45065.9 8444.27 888508 1.12194e+06 -1.73018e+06 580.653 -35.6936 29.0178
1010101 FRAC0_S 0 1 15975 45385.5 8423.04 1.51705e+06 1.19241e+06 -1.11499e+06 497.131 -36.8453 19.9354
1010101 FRAC0_S 0 1 15798.1 45660.5 8413.56 2.57685e+06 1.1382e+06 -805325 793.402 -30.8131 12.8487
1010101 FRAC0_S 0 1 15550.1 45868.4 8409.02 1.62288e+06 512962 18733.2 258.187 -29.3635 -0.675686
1010101 FRAC0_S 0 1 15253.2 45993.9 8407.92 1.36261e+06 551869 323717 206.527 -30.2639 -10.5911
1010101 FRAC0_S 0 1 14932.4 46027.8 8410.12 1.56435e+06 699995 431872 286.537 -31.6288 -11.6472
1010101 FRAC0_S 0 1 14614.4 45964.7 8415.38 1.51302e+06 897333 829042 367.159 -33.4096 -17.8007
1010101 FRAC0_S 0 1 14326.2 45807.7 8426.56 1.1563e+06 959564 1.18233e+06 387.114 -34.806 -23.7206
1010101 FRAC0_S 0 1 14099.7 45575 8453.37 592381 859641 1.96449e+06 610.395 -30.7943 -33.9393
1010101 FRAC0_S 0 1 13956.3 45266.2 8502.05 195140 -215833 1.78976e+06 433.574 13.057 -41.6083
1010101 FRAC0_S 0 1 13934.3 44933.9 8548.43 797033 -1.20235e+06 1.99007e+06 712.162 35.8353 -30.6974
1010101 FRAC0_S 0 1 14022 44613.3 8573.95 1.60518e+06 -1.42952e+06 1.37445e+06 662.954 38.0322 -21.108
1010101 FRAC0_S 0 1 14199.5 44337.5 8584.48 1.3017e+06 -871814 363666 236.308 39.8412 -10.5021
1010101 FRAC0_S 0 1 14448.5 44129.4 8589.63 1.98592e+06 -1.44625e+06 89873.3 538.899 45.6848 -1.96887
1010101 FRAC0_S 0 1 14746.3 44003.6 8590.9 2.60771e+06 -898738 -305704 690.367 29.1152 6.04277
1010101 FRAC0_S 0 1 15068 43968.9 8588.05 1.73738e+06 -794513 -492664 357.511 31.9459 11.8297