
Step FractureNumber TipNr TipActive TipX TipY TipZ KI KII KIII G Phi Psi Extension
1010000 FRAC0_S 0 1 -29408.9 179.47 7729.37 1.55867e+06 2.77376e+06 -4.7479e+06 3900.24 -36.2339 31.7622
1010000 FRAC0_S 0 1 -29607.2 413.642 7693.64 1.96397e+06 6.36978e+06 -5.2864e+06 7676.09 -50.164 25.3029
1010000 FRAC0_S 0 1 -29844.1 607.323 7736.85 1.36072e+06 6.59213e+06 -2.90459e+06 5159.45 -59.197 18.5049
1010000 FRAC0_S 0 1 -30096.3 741.556 7854.75 1.57023e+06 9.3937e+06 -1.58627e+06 8417.59 -65.572 9.33155
1010000 FRAC0_S 0 1 -30339 803.199 8035.82 5.84469e+06 4.46943e+06 3.16282e+06 6154.54 -38.7302 -16.4878
1010000 FRAC0_S 0 1 -30548.6 786.22 8262.31 1.05236e+07 532744 -1.38792e+06 10150 -5.86517 8.28894
1010000 FRAC0_S 0 1 -30704.4 692.281 8512.08 1.82714e+07 -6.24015e+06 -3.08133e+06 34481.7 28.081 8.29883
1010000 FRAC0_S 0 1 -30791.2 530.576 8760.67 2.06079e+06 1.81382e+06 4.81325e+06 3752.86 -26.1775 -33.0846
1010000 FRAC0_S 0 1 -30800.7 316.935 8983.74 2.31177e+06 -1.39649e+06 4.61596e+06 3483.85 21.5167 -33.1054
1010000 FRAC0_S 0 1 -30731.7 72.2695 9159.46 2.49264e+06 -4.11166e+06 3.69681e+06 3877.77 44.7283 -23.7421
1010000 FRAC0_S 0 1 -30591.1 -179.47 9270.63 2.81508e+06 -6.56336e+06 2.67073e+06 5493.49 55.4901 -15.6676
1010000 FRAC0_S 0 1 -30392.8 -413.642 9306.36 2.38724e+06 -7.20921e+06 1.1169e+06 5305.03 62.5112 -7.77308
1010000 FRAC0_S 0 1 -30155.9 -607.323 9263.15 2.04665e+06 -5.96996e+06 -431252 3573.91 63.9776 3.8958
1010000 FRAC0_S 0 1 -29903.7 -741.556 9145.25 1.00401e+07 4.98419e+06 5.63858e+06 15424.9 -29.6971 -18.8276
1010000 FRAC0_S 0 1 -29661 -803.199 8964.18 1.9908e+06 -6.52509e+06 -2.50063e+06 4978.86 58.3647 16.0049
1010000 FRAC0_S 0 1 -29453.9 -786.969 8740.9 1.23112e+06 -3.778e+06 -2.35439e+06 2144.19 53.4029 21.5659
1010000 FRAC0_S 0 1 -29295.6 -692.281 8487.92 -873182 -1.22405e+07 706808 13417.8 69.0851 -3.90276
1010000 FRAC0_S 0 1 -29208.8 -530.576 8239.33 1.7971e+07 5.79056e+06 531224 31804 -29.3939 -1.68989
1010000 FRAC0_S 0 1 -29199.3 -316.935 8016.26 9.14365e+06 -9.76715e+06 101759 15952.4 53.4473 -0.416527
1010000 FRAC0_S 0 1 -29268.3 -72.2695 7840.54 1.74781e+06 894895 -5.53566e+06 4419.17 -14.481 37.6767
Step FractureNumber TipNr TipActive TipX TipY TipZ KI KII KIII G Phi Psi Extension
1010101 FRAC0_S 0 1 -29392.1 159.979 7636.92 6.22091e+06 2.83296e+06 -7.11715e+06 10900.7 -22.3779 27.937
1010101 FRAC0_S 0 1 -29623.5 395.496 7598.78 2.48183e+07 1.82465e+07 5.59824e+06 88723 -42.6524 -8.53646
1010101 FRAC0_S 0 1 -29883.7 588.516 7648.22 9.9947e+06 2.3639e+06 -3.24895e+06 10803.4 -19.5985 14.8069
1010101 FRAC0_S 0 1 -30150.7 733.1 7774.47 1.07268e+07 -1.18046e+07 5.56014e+06 26782.4 46.4697 -14.1457
1010101 FRAC0_S 0 1 -30399.9 829.8 7972.07 7.67677e+06 -8.53395e+06 -9.38625e+06 23458.8 38.8948 24.1648
1010101 FRAC0_S 0 1 -30603.8 851.947 8236.27 3.44207e+06 7.83535e+06 2.75559e+06 7536.37 -56.3462 -14.044
1010101 FRAC0_S 0 1 -30761.8 760.795 8518.3 685554 5.96192e+06 3.98276e+06 5318.95 -56.5001 -24.5914
1010101 FRAC0_S 0 1 -30862.4 576.956 8783.52 1.97651e+06 1.68837e+06 5.10989e+06 4074.89 -24.3461 -34.2315
1010101 FRAC0_S 0 1 -30855.1 359.59 9038.68 4.22269e+06 -997937 4.51742e+06 4391.81 13.6118 -29.0822
1010101 FRAC0_S 0 1 -30747.9 117.261 9243.12 4.39211e+06 -1.10358e+06 2.62111e+06 2741.25 17.7407 -21.7468
1010101 FRAC0_S 0 1 -30579.1 -141.401 9360.75 1.45343e+07 -6.11492e+06 295404 22167.6 34.9073 -1.09355
1010101 FRAC0_S 0 1 -30361.6 -382.152 9395.2 8.55414e+06 -981052 40260.9 6606.46 13.6089 -0.327375
1010101 FRAC0_S 0 1 -30130.1 -610.354 9335.31 7.37506e+06 -3.10156e+06 -122276 5706.02 34.974 0.895469
1010101 FRAC0_S 0 1 -29885.7 -780.614 9199.22 4.32064e+06 -5.84551e+06 -2.00623e+06 5243.71 51.0886 11.9594
1010101 FRAC0_S 0 1 -29612.6 -823.68 9023.3 6.09084e+06 -1.63091e+06 -4.27354e+06 5971.85 17.7408 23.6003
1010101 FRAC0_S 0 1 -29375.1 -777.92 8799.86 4.51444e+06 -478559 -3.70014e+06 3657.39 7.49489 27.2213
1010101 FRAC0_S 0 1 -29225.7 -696.887 8517.01 6.47062e+06 -1.86684e+07 2.70753e+06 35761.5 62.3956 -7.272
1010101 FRAC0_S 0 1 -29144.5 -554.101 8231.34 3.41757e+06 929850 -8.3611e+06 10415.6 -9.8687 37.0332
1010101 FRAC0_S 0 1 -29127.3 -327.465 7992.26 -3.44398e+06 5.27884e+06 -1.3179e+07 25583.5 -29.6767 34.9864
1010101 FRAC0_S 0 1 -29212.4 -81.0802 7781.04 4.32327e+06 -123931 -7.5746e+06 9297.71 1.4358 36.0449