
Step FractureNumber TipNr TipActive TipX TipY TipZ KI KII KIII G Phi Psi Extension
1010000 FRAC0_S 0 1 30000 -29019.2 8617.02 -2.44972e+06 3.81002e+06 2.79209e+06 2330.38 -46.526 -20.9198
1010000 FRAC0_S 0 1 30000 -29103.5 8914.36 -2.04025e+06 1.13967e+06 2.71609e+06 1096.9 -24.4459 -28.9289
1010000 FRAC0_S 0 1 30000 -29275.4 9171.13 -1.34806e+06 245704 3.19442e+06 1362.56 -6.99971 -37.3497
1010000 FRAC0_S 0 1 30000 -29518.2 9362.22 -1.24854e+06 -1.14813e+06 2.92226e+06 1253.23 26.9584 -32.8928
1010000 FRAC0_S 0 1 30000 -29808.3 9468.89 -980020 -1.91753e+06 2.23964e+06 994.777 42.5042 -27.7332
1010000 FRAC0_S 0 1 30000 -30117.1 9480.74 -1.22437e+06 -2.41064e+06 1.57346e+06 847.114 49.8015 -20.5518
1010000 FRAC0_S 0 1 30000 -30414.4 9396.57 -1.78172e+06 -3.82925e+06 1.36953e+06 1556.09 55.7344 -14.0328
1010000 FRAC0_S 0 1 30000 -30671.2 9224.65 -2.06003e+06 -3.61275e+06 101746 1164.43 60.1896 -1.3641
1010000 FRAC0_S 0 1 30000 -30862.2 8981.79 -2.38784e+06 -4.30985e+06 -183793 1659.7 60.2242 2.05971
1010000 FRAC0_S 0 1 30000 -30968.9 8691.77 -2.63738e+06 -4.34783e+06 -1.03676e+06 1827.46 55.3159 9.52956
1010000 FRAC0_S 0 1 30000 -30980.8 8382.98 -2.92055e+06 -3.86813e+06 -1.86315e+06 1794.99 48.6002 15.2668
1010000 FRAC0_S 0 1 30000 -30896.5 8085.64 -3.35271e+06 -3.2226e+06 -2.67515e+06 1877.23 40.2767 19.7971
1010000 FRAC0_S 0 1 30000 -30724.6 7828.87 -2.7631e+06 -1.60814e+06 -2.46822e+06 1040.7 29.0478 23.8509
1010000 FRAC0_S 0 1 30000 -30481.8 7637.78 -3.79897e+06 -604593 -3.73228e+06 1885.25 10.0172 28.8374
1010000 FRAC0_S 0 1 30000 -30191.7 7531.11 -4.37481e+06 1.29832e+06 -4.19295e+06 2488.46 -17.211 27.1887
1010000 FRAC0_S 0 1 30000 -29882.9 7519.26 -4.02082e+06 3.0101e+06 -3.482e+06 2419.93 -34.3466 22.2144
1010000 FRAC0_S 0 1 30000 -29585.6 7603.43 -3.93281e+06 3.84354e+06 -2.19244e+06 1955.7 -43.5722 15.5584
1010000 FRAC0_S 0 1 30000 -29328.8 7775.35 -3.51363e+06 5.42844e+06 -1.47934e+06 2916.95 -53.932 10.4073
1010000 FRAC0_S 0 1 30000 -29137.8 8018.21 -4.01016e+06 7.01682e+06 -162045 4390.9 -60.267 1.12271
1010000 FRAC0_S 0 1 30000 -29031.1 8308.23 -2.9324e+06 5.01545e+06 1.54617e+06 2559.49 -54.4232 -11.8276
Step FractureNumber TipNr TipActive TipX TipY TipZ KI KII KIII G Phi Psi Extension
1010101 FRAC0_S 0 1 29933 -28950.1 8627.82 1.62409e+06 3.10732e+06 2.63125e+06 2016.26 -46.6172 -23.6607
1010101 FRAC0_S 0 1 29958.1 -29026.8 8952.35 915755 1.48027e+06 3.04642e+06 1504.32 -32.8997 -33.321
1010101 FRAC0_S 0 1 29994.9 -29207.4 9233.85 111924 -667965 2.86941e+06 1135.93 23.2803 -40.9283
1010101 FRAC0_S 0 1 30036.5 -29474.7 9436.06 1.01306e+06 -1.38035e+06 2.54781e+06 1124.59 33.6468 -31.445
1010101 FRAC0_S 0 1 30064.2 -29792.2 9540.53 1.6935e+06 -1.79882e+06 1.93066e+06 1039.65 38.7365 -23.5865
1010101 FRAC0_S 0 1 30075.8 -30123.2 9543.63 2.09491e+06 -2.38879e+06 1.4824e+06 1191.83 44.8331 -17.3434
1010101 FRAC0_S 0 1 30082.1 -30436.6 9447.26 2.85548e+06 -2.21005e+06 871292 1262.79 42.4161 -10.7366
1010101 FRAC0_S 0 1 30085.7 -30704.8 9261.71 3.06706e+06 -2.28197e+06 437258 1327.7 44.3253 -5.70586
1010101 FRAC0_S 0 1 30085.7 -30906.3 9005.78 2.73343e+06 -2.8775e+06 -492802 1435.92 50.4432 6.08244
1010101 FRAC0_S 0 1 30081.6 -31024.1 8701.39 2.17725e+06 -3.15439e+06 -1.05974e+06 1458.45 52.0448 12.0258
1010101 FRAC0_S 0 1 30074.2 -31044.9 8373.82 1.36189e+06 -3.62556e+06 -1.7869e+06 1761.27 54.8766 18.2784
1010101 FRAC0_S 0 1 30063.2 -30963.7 8052.83 193651 -3.52067e+06 -2.56015e+06 1979.6 56.5163 26.332
1010101 FRAC0_S 0 1 30044.8 -30786 7769.67 -1.4518e+06 -3.35888e+06 -3.95165e+06 3082.21 43.3804 28.4649
1010101 FRAC0_S 0 1 30013.4 -30526.4 7556.53 -2.79533e+06 -798819 -4.32943e+06 2549.8 13.4027 32.7669
1010101 FRAC0_S 0 1 29975.5 -30210.6 7442.26 -2.3396e+06 2.25095e+06 -4.13189e+06 2722.14 -31.4672 29.5441
1010101 FRAC0_S 0 1 29947.1 -29875.1 7438.41 -1.12388e+06 4.88869e+06 -3.8566e+06 4107.82 -52.173 25.441
1010101 FRAC0_S 0 1 29931.2 -29558 7539.25 1.26909e+06 5.7311e+06 -2.3487e+06 3804.06 -59.5175 17.5129
1010101 FRAC0_S 0 1 29920.6 -29290.4 7731.27 2.78389e+06 4.51514e+06 -673695 2567.61 -56.8347 6.35537
1010101 FRAC0_S 0 1 29916 -29091.9 7992.49 2.94844e+06 3.71368e+06 514270 2038.79 -53.7026 -5.42012
1010101 FRAC0_S 0 1 29919.5 -28974.7 8298.57 2.85418e+06 4.06545e+06 1.61143e+06 2544.09 -50.8198 -13.556