
Step FractureNumber TipNr TipActive TipX TipY TipZ KI KII KIII G Phi Psi Extension
1010000 FRAC0_S 0 1 -29476.2 -29162.6 8500 39332.7 1770.69 -1724.3 0.138534 -5.66858 3.0869
1010000 FRAC0_S 0 1 -29760.5 -29041.8 8500 43097.6 699.947 -2191.12 0.166196 -2.11458 3.64138
1010000 FRAC0_S 0 1 -30068.3 -29014.7 8500 38667.6 1257.4 413.798 0.1334 -4.29594 -0.796656
1010000 FRAC0_S 0 1 -30369.5 -29084 8500 40090.5 3220.06 453.379 0.144173 -9.92194 -0.804509
1010000 FRAC0_S 0 1 -30634.5 -29243 8500 19491.1 67961.3 35072.6 0.60903 -56.1179 -19.6234
1010000 FRAC0_S 0 1 -30837.4 -29476.2 8500 41063.6 3497.56 824.897 0.151439 -10.373 -1.40676
1010000 FRAC0_S 0 1 -30958.2 -29760.5 8500 41271.7 -6113.05 1695.44 0.155498 16.3514 -2.65508
1010000 FRAC0_S 0 1 -30985.3 -30068.3 8500 47234.7 5301.77 1701.47 0.201705 -13.0162 -2.41442
1010000 FRAC0_S 0 1 -30916 -30369.5 8500 40790.4 1088.12 2239.23 0.149039 -3.41039 -3.87393
1010000 FRAC0_S 0 1 -30757 -30634.5 8500 30208.1 123054 -198573 6.67502 -40.4021 33.5109
1010000 FRAC0_S 0 1 -30523.8 -30837.4 8500 39189.3 -2244.83 938.534 0.137421 7.2205 -1.71147
1010000 FRAC0_S 0 1 -30239.5 -30958.2 8500 21497 175009 -72518.1 3.46988 -61.4511 18.6278
1010000 FRAC0_S 0 1 -29931.7 -30985.3 8500 48834.3 -3259.71 5637.84 0.217683 7.68166 -7.30243
1010000 FRAC0_S 0 1 -29630.5 -30916 8500 37669.4 -260486 -12575.9 6.19386 68.1697 3.10275
1010000 FRAC0_S 0 1 -29365.5 -30757 8500 21817.6 -55976.4 -27272.7 0.420556 54.7187 18.0233
1010000 FRAC0_S 0 1 -29162.6 -30523.8 8500 44231.1 -188940 -102946 4.76494 56.5786 20.7942
1010000 FRAC0_S 0 1 -29041.8 -30239.5 8500 36374.3 -2408 -671.102 0.118477 8.28401 1.31723
1010000 FRAC0_S 0 1 -29014.7 -29931.7 8500 41476 -2169.1 -1432.16 0.153985 6.57465 2.44485
1010000 FRAC0_S 0 1 -29084 -29630.5 8500 29979.4 280.627 -1280.13 0.0803136 -1.24011 3.11146
1010000 FRAC0_S 0 1 -29243 -29365.5 8500 42419.4 6524.02 -1949.68 0.164643 -16.7964 2.9397
Step FractureNumber TipNr TipActive TipX TipY TipZ KI KII KIII G Phi Psi Extension
1010101 FRAC0_S 0 1 -29476.2 -29162.6 8500 31638.5 734.101 -870.691 0.0893475 -3.05744 2.0203
1010101 FRAC0_S 0 1 -29760.5 -29041.8 8500 48802.3 2747.05 -105.003 0.212904 -7.24742 0.158422
1010101 FRAC0_S 0 1 -30068.3 -29014.7 8500 39200.2 8070.73 2169.78 0.143362 -20.9884 -3.35959
1010101 FRAC0_S 0 1 -30369.5 -29084 8500 40959.5 5181.71 -1585.85 0.152225 -14.3746 2.55532
1010101 FRAC0_S 0 1 -30634.5 -29243 8500 35781 -228749 -57303.8 5.2136 64.1441 12.842
1010101 FRAC0_S 0 1 -30837.4 -29476.2 8500 33190.8 5873.24 768.739 0.101318 -19.1208 -1.49305
1010101 FRAC0_S 0 1 -30958.2 -29760.5 8500 47531.4 13169.9 -1279.66 0.216994 -26.5871 1.59633
1010101 FRAC0_S 0 1 -30985.3 -30068.3 8500 45323.6 2428.62 8631.97 0.193488 -5.90031 -11.1678
1010101 FRAC0_S 0 1 -30930.5 -30381.7 8483.8 43200.3 -17082.9 22259.1 0.258205 25.9761 -18.6344
1010101 FRAC0_S 0 1 -30786.1 -30658.9 8467.59 -83650.4 -138186 233376 8.94536 36.0483 -31.3151
1010101 FRAC0_S 0 1 -30541.3 -30861.1 8461.84 16586.9 -25621.4 48774.8 0.399418 33.8737 -32.3309
1010101 FRAC0_S 0 1 -30245.2 -30981.4 8456.08 63170.4 646.292 23966 0.432022 -1.02694 -18.8354
1010101 FRAC0_S 0 1 -29931.1 -31005.5 8501.25 81708.6 4988.46 119707 2.50302 -3.34269 -34.1374
1010101 FRAC0_S 0 1 -29623.6 -30933.2 8546.41 -194754 133974 203200 7.09106 -30.8205 -24.9809
1010101 FRAC0_S 0 1 -29350.4 -30772.9 8544.07 -15984.8 45071.7 132906 2.53035 -28.7524 -37.9526
1010101 FRAC0_S 0 1 -29139.3 -30538.5 8541.73 102246 -30488.7 71649.9 1.6972 19.3265 -23.2884
1010101 FRAC0_S 0 1 -29030.1 -30246.8 8520.86 9809.79 70634.9 109400 2.04497 -42.399 -33.9898
1010101 FRAC0_S 0 1 -29014.7 -29931.7 8500 49262.7 -17741.3 7642.34 0.252069 29.3199 -7.63978
1010101 FRAC0_S 0 1 -29084 -29630.5 8500 42505.6 -10123.7 1331.99 0.170366 23.8016 -1.90525
1010101 FRAC0_S 0 1 -29243 -29365.5 8500 43126.9 -7914.83 -1974.53 0.171839 19.3405 2.85925