
Step FractureNumber TipNr TipActive TipX TipY TipZ KI KII KIII G Phi Psi Extension
1010000 FRAC0_S 0 1 167.108 -29026.6 8500 -354212 5.65657e+06 -739564 2923.98 -68.1622 8.14953
1010000 FRAC0_S 0 1 -141.884 -29022.6 8500 -441211 6.29175e+06 540615 3566.39 -68.7245 -5.61511
1010000 FRAC0_S 0 1 -436.986 -29114.3 8500 162683 4.85493e+06 1.63479e+06 2458.16 -64.8895 -17.1751
1010000 FRAC0_S 0 1 -698.651 -29301.7 8500 1.30933e+07 2.99943e+06 2.26215e+06 16758.7 -21.0086 -9.11189
1010000 FRAC0_S 0 1 -874.166 -29540.2 8500 -364136 2.6969e+06 3.5339e+06 2309.08 -45.5449 -32.3209
1010000 FRAC0_S 0 1 -973.449 -29832.9 8500 -429031 1.02692e+06 3.93978e+06 2158.38 -24.1093 -39.3593
1010000 FRAC0_S 0 1 -977.444 -30141.9 8500 -235228 -961902 4.16169e+06 2385.97 22.8744 -40.6724
1010000 FRAC0_S 0 1 -885.76 -30437 8500 -363738 -2.61093e+06 3.65085e+06 2380.18 44.2995 -32.9604
1010000 FRAC0_S 0 1 -707.371 -30689.4 8500 -281606 -3.17398e+06 2.3419e+06 1627.14 55.6655 -26.1234
1010000 FRAC0_S 0 1 -459.741 -30874.2 8500 -393035 -5.37559e+06 1.94602e+06 3078.68 63.565 -17.5757
1010000 FRAC0_S 0 1 -167.108 -30973.4 8500 -506641 -6.60894e+06 794615 3976.13 68.1057 -7.50244
1010000 FRAC0_S 0 1 141.884 -30977.4 8500 97235.7 -6.33155e+06 -621572 3624.52 69.2724 6.62012
1010000 FRAC0_S 0 1 436.986 -30885.7 8500 -385319 -5.56192e+06 -1.81908e+06 3196.72 64.3604 16.4592
1010000 FRAC0_S 0 1 689.314 -30707.4 8500 -286769 -5.18564e+06 -3.27279e+06 3820.83 58.4028 24.5688
1010000 FRAC0_S 0 1 874.166 -30459.8 8500 -345846 -2.88873e+06 -3.60652e+06 2473.53 46.6353 31.9489
1010000 FRAC0_S 0 1 973.449 -30167.1 8500 -381050 -1.09896e+06 -3.93692e+06 2169.03 25.5215 39.258
1010000 FRAC0_S 0 1 977.444 -29858.1 8500 -291627 772598 -4.06336e+06 2249.14 -19.5053 41.0879
1010000 FRAC0_S 0 1 885.76 -29563 8500 1.73148e+06 2.52094e+06 -3.46839e+06 2433.41 -38.249 28.3801
1010000 FRAC0_S 0 1 707.371 -29310.6 8500 -261474 3.03869e+06 -2.18882e+06 1460 -56.0507 25.8563
1010000 FRAC0_S 0 1 459.741 -29125.8 8500 -384696 5.24689e+06 -1.93297e+06 2950.12 -63.429 17.7766
Step FractureNumber TipNr TipActive TipX TipY TipZ KI KII KIII G Phi Psi Extension
1010101 FRAC0_S 0 1 174.156 -28989.3 8407.93 1.75969e+06 202057 -64672.4 280.125 -13.2636 2.45573
1010101 FRAC0_S 0 1 -147.611 -28985.9 8407.56 -7.84075e+06 6.37096e+06 -391975 3637.33 -47.7536 2.06981
1010101 FRAC0_S 0 1 -463.965 -29069.5 8422.46 1.27751e+07 983956 3.08352e+06 15894 -7.93998 -13.174
1010101 FRAC0_S 0 1 -742.079 -29241.5 8441.59 1.86157e+06 1.81912e+06 1.89879e+06 1083.21 -38.2042 -22.7228
1010101 FRAC0_S 0 1 -920.551 -29458.6 8445.5 -3.11138e+06 2.55056e+06 394569 600.398 -46.5434 -4.94147
1010101 FRAC0_S 0 1 -1056.72 -29820.3 8471.45 993124 390376 2.91499e+06 1231.59 -12.137 -37.7192
1010101 FRAC0_S 0 1 -1061.57 -30152.5 8526.68 730293 -188588 1.933e+06 547.645 8.95176 -37.7077
1010101 FRAC0_S 0 1 -950.744 -30466 8565.29 1.18888e+06 -1.34576e+06 2.60379e+06 1189.04 31.8647 -31.0513
1010101 FRAC0_S 0 1 -748.796 -30726.8 8581.14 6.19907e+06 -3.61578e+06 4.90482e+06 7788.98 30.1662 -22.3267
1010101 FRAC0_S 0 1 -481.778 -30912.9 8588.62 2.61437e+06 -478848 880417 732.586 15.8543 -15.662
1010101 FRAC0_S 0 1 -174.171 -31010.5 8592.16 1.10451e+07 520456 1.09693e+06 11055 -5.63606 -6.5094
1010101 FRAC0_S 0 1 147.635 -31013.9 8592.5 -6.68645e+06 -899935 530394 109.584 14.6618 -4.95603
1010101 FRAC0_S 0 1 456.971 -30923.3 8589.75 2.43863e+06 -319101 -879709 641.932 11.743 16.934
1010101 FRAC0_S 0 1 721.646 -30749.2 8583.51 1.94001e+06 -667266 -1.54109e+06 690.923 20.7079 24.4223
1010101 FRAC0_S 0 1 935.929 -30488.9 8568.42 258568 319043 -794990 99.0854 -28.7593 34.1064
1010101 FRAC0_S 0 1 1056.44 -30179.4 8531.37 835086 -289627 -2.31746e+06 783.907 11.2841 37.5559
1010101 FRAC0_S 0 1 1063.93 -29846.5 8478.6 946745 469967 -3.0146e+06 1308.23 -14.0605 37.7906
1010101 FRAC0_S 0 1 954.296 -29532.6 8439.96 1.3567e+06 862909 -2.35214e+06 966.205 -23.9309 31.3953
1010101 FRAC0_S 0 1 750.183 -29272.7 8420.69 2.02841e+06 885511 -1.68643e+06 814.769 -24.3547 24.1591
1010101 FRAC0_S 0 1 481.724 -29087.1 8411.33 2.10787e+06 484911 -862363 515.788 -18.2695 17.4121