
Step FractureNumber TipNr TipActive TipX TipY TipZ KI KII KIII G Phi Psi Extension
1010000 FRAC0_S 0 1 0 -21518.6 8611.28 176825 209657 47723.6 7.00603 -51.2791 -8.17435
1010000 FRAC0_S 0 1 0 -21601 8909.1 -3.50294e+06 184790 173730 7.0571 -6.53938 -3.44249
1010000 FRAC0_S 0 1 0 -21771.5 9166.88 -5.62628e+06 158751 128177 4.43085 -3.7081 -1.67525
1010000 FRAC0_S 0 1 0 -21992.3 9347.56 -6.94523e+06 -1.05894e+07 8.69489e+06 20047.4 45.1116 -22.2301
1010000 FRAC0_S 0 1 0 -22302.5 9467.75 -1.04294e+07 -1.39731e+07 -9.34502e+06 29013.3 45.9663 19.0686
1010000 FRAC0_S 0 1 0 -22611.3 9481.4 -8.99007e+06 1.33735e+07 -9.00813e+06 26729.9 -46.9602 19.6762
1010000 FRAC0_S 0 1 0 -22909.1 9398.98 -7.17318e+06 -48433.7 124668 2.27615 0.919972 -1.31418
1010000 FRAC0_S 0 1 0 -23166.9 9228.56 -5.7473e+06 1.33059e+07 -8.90828e+06 26331.1 -50.7697 21.5006
1010000 FRAC0_S 0 1 0 -23359.4 8986.83 -3.33695e+06 -153849 78614.7 2.93116 5.90424 -1.70191
1010000 FRAC0_S 0 1 0 -23467.8 8697.44 -492937 -230959 -69487.4 5.39551 34.8229 6.57838
1010000 FRAC0_S 0 1 0 -23481.4 8388.72 2.3069e+06 -205747 -36155.3 478.169 10.8451 1.09981
1010000 FRAC0_S 0 1 0 -23399 8090.9 5.41926e+06 -209476 -58402.3 2621.38 5.0617 0.797516
1010000 FRAC0_S 0 1 0 -23228.5 7833.12 7.39715e+06 1.89915e+07 1.3718e+07 62044.3 -50.5977 -22.8183
1010000 FRAC0_S 0 1 0 -22986.8 7640.62 1.15169e+07 429461 -183677 11840.4 -4.86892 1.17353
1010000 FRAC0_S 0 1 0 -22697.5 7532.25 1.12301e+07 17029.2 -144745 11240.9 -0.209123 0.985738
1010000 FRAC0_S 0 1 0 -22388.7 7518.6 1.13424e+07 81399.7 -132607 11467 -0.982641 0.890684
1010000 FRAC0_S 0 1 0 -22090.9 7601.02 9.75437e+06 -6475.59 -67261.3 8479.21 0.0922135 0.532268
1010000 FRAC0_S 0 1 0 -21833.1 7771.44 7.75587e+06 -142657 -71292.8 5362.77 2.48353 0.695097
1010000 FRAC0_S 0 1 0 -21640.6 8013.17 6.21993e+06 1.08329e+07 -6.83033e+06 20109.6 -49.0997 19.6081
1010000 FRAC0_S 0 1 0 -21532.2 8302.56 2.74196e+06 -1.21716e+07 -8.26035e+06 22946.4 54.2214 23.6103
Step FractureNumber TipNr TipActive TipX TipY TipZ KI KII KIII G Phi Psi Extension
1010101 FRAC0_S 0 1 -21.5752 -21450.6 8622.16 259276 -1.01935e+06 -377838 117.57 59.6446 16.0747
1010101 FRAC0_S 0 1 -26.8162 -21521.8 8948.28 572778 1.92148e+07 -1.05866e+07 47835.4 -60.5514 23.1772
1010101 FRAC0_S 0 1 11.6313 -21703.4 9226.21 -6.68308e+06 1.83454e+07 1.19618e+07 49020.5 -52.2154 -21.7725
1010101 FRAC0_S 0 1 51.7806 -21973.9 9423.95 -5.94202e+06 -3.36504e+06 750749 1084 39.0042 -5.63832
1010101 FRAC0_S 0 1 35.3866 -22288.8 9534.11 -1.39283e+07 2.597e+06 5.09591e+06 4054.78 -15.806 -16.5507
1010101 FRAC0_S 0 1 -18.1693 -22622 9555.09 -9.79635e+06 2.25798e+06 -278424 464.637 -23.2859 1.74411
1010101 FRAC0_S 0 1 -36.8345 -22942.4 9473.1 -8.81787e+06 3.36643e+06 242298 1017.68 -32.7894 -1.50832
1010101 FRAC0_S 0 1 -35.7574 -23220.2 9286.89 -6.08084e+06 2.76147e+06 190481 684.354 -36.2579 -1.63017
1010101 FRAC0_S 0 1 0.0541002 -23433.4 9027.1 -3.92517e+06 -333369 708881 76.7372 9.08028 -10.459
1010101 FRAC0_S 0 1 35.8276 -23554 8715.13 -2.60218e+06 4.22274e+06 -1.06933e+06 1741.05 -54.8586 9.96013
1010101 FRAC0_S 0 1 25.8895 -23572.9 8376.97 2.65733e+06 293583 200547 642.271 -12.4346 -4.82998
1010101 FRAC0_S 0 1 -10.2024 -23480.4 8056.79 5.97398e+06 -1.06106e+06 538887 3319.14 18.2393 -5.38266
1010101 FRAC0_S 0 1 -38.5516 -23286.9 7779.71 1.05671e+07 -916831 -565619 10067.8 10.2471 3.58869
1010101 FRAC0_S 0 1 -23.6528 -23028.1 7562.07 6.96413e+06 -1.35208e+07 -9.04039e+06 31482.1 49.4319 20.789
1010101 FRAC0_S 0 1 -2.73314 -22716.9 7436.75 1.27921e+07 -426730 -139017 14600.5 4.40102 0.808183
1010101 FRAC0_S 0 1 -0.908486 -22377.7 7421.68 1.319e+07 -34002.8 -196149 15508.1 0.354272 1.133
1010101 FRAC0_S 0 1 0.735039 -22050.5 7512.25 9.90313e+06 273033 -167349 8749.57 -3.64674 1.25333
1010101 FRAC0_S 0 1 -16.6894 -21774.8 7703.77 1.00106e+07 -2.11235e+06 358652 9344.58 21.6884 -2.21404
1010101 FRAC0_S 0 1 -16.4271 -21580.9 7975.7 6.98154e+06 -2.29808e+06 -395947 4834.84 29.3031 3.13668
1010101 FRAC0_S 0 1 2.16282 -21473.8 8290.42 4.16168e+06 1.17337e+06 -55303.1 1666.44 -27.1582 0.796778