
Step FractureNumber TipNr TipActive TipX TipY TipZ KI KII KIII G Phi Psi Extension
1010000 FRAC0_S 0 1 -44067.1 15324.2 8500 81494.4 -107537 -182105 6.03289 34.6882 30.3272
1010000 FRAC0_S 0 1 -44212.9 15596.6 8500 59861.5 -27008.2 -161795 3.86594 14.38 36.7805
1010000 FRAC0_S 0 1 -44444.1 15816.5 8500 71905.2 34871.7 1978.75 0.569613 -37.6932 -1.40824
1010000 FRAC0_S 0 1 -44713.8 15945.3 8500 50613.7 855249 -228922 72.3778 -65.7524 14.3921
1010000 FRAC0_S 0 1 -45020 15987.5 8500 70525.6 256199 -218288 12.6296 -50.3429 25.9468
1010000 FRAC0_S 0 1 -45324.2 15932.9 8500 68380.2 265330 -119134 8.57766 -57.9976 18.2362
1010000 FRAC0_S 0 1 -45596.6 15787.1 8500 50577.8 215657 -45635.1 4.64927 -63.3378 10.7069
1010000 FRAC0_S 0 1 -45810.7 15564.2 8500 68785.2 297288 6178.43 8.30226 -67.1613 -1.28551
1010000 FRAC0_S 0 1 -45945.4 15286.1 8500 68688.1 -458465 -289949 30.3318 56.5148 23.523
1010000 FRAC0_S 0 1 -45987.5 14980 8500 96016.3 227379 152339 8.51514 -50.9227 -21.5932
1010000 FRAC0_S 0 1 -45932.9 14675.8 8500 74483.7 137143 174123 6.20277 -40.9255 -28.4845
1010000 FRAC0_S 0 1 -45787.1 14403.4 8500 76314.3 518855 -405250 46.3506 -53.7803 26.1813
1010000 FRAC0_S 0 1 -45564.3 14189.4 8500 67643 -52167.5 508904 35.0951 11.1345 -41.5148
1010000 FRAC0_S 0 1 -45286.2 14054.7 8500 79494.5 394887 98663.6 15.7532 -63.234 -12.4513
1010000 FRAC0_S 0 1 -44980 14012.5 8500 78598.8 -198965 103287 5.49696 54.0343 -18.7265
1010000 FRAC0_S 0 1 -44675.8 14067.1 8500 83195.7 330649 68154 10.9768 -63.0981 -10.3693
1010000 FRAC0_S 0 1 -44403.4 14212.9 8500 68953.3 -220542 -5935.58 4.76257 65.502 1.5538
1010000 FRAC0_S 0 1 -44189.3 14435.8 8500 86631.2 -259676 -64642.2 7.23335 60.5148 11.4528
1010000 FRAC0_S 0 1 -44054.6 14713.9 8500 53878.5 -289838 -727235 78.0844 32.762 37.7495
1010000 FRAC0_S 0 1 -44012.5 15020 8500 88092.4 -172562 -157319 6.63664 45.8681 24.6831
Step FractureNumber TipNr TipActive TipX TipY TipZ KI KII KIII G Phi Psi Extension
1010101 FRAC0_S 0 1 -43991.5 15352.7 8552.61 -2778.71 141477 -31907.5 1.91901 -67.2862 13.0451
1010101 FRAC0_S 0 1 -44154.8 15632.6 8526.64 62245.2 72209 -121495 2.77311 -33.9256 29.5896
1010101 FRAC0_S 0 1 -44413.5 15835.1 8483.41 167768 55533.7 -136432 5.25854 -19.9442 24.8356
1010101 FRAC0_S 0 1 -44708.3 15981 8435.17 373683 122107 -153799 16.9179 -23.8432 16.6177
1010101 FRAC0_S 0 1 -45022 16041.7 8417.51 667721 402344 -124657 56.2217 -39.2086 7.77924
1010101 FRAC0_S 0 1 -45339.9 15982.9 8416.01 338722 120158 111153 13.1536 -26.4005 -13.9548
1010101 FRAC0_S 0 1 -45622.5 15823 8411.08 329328 96849.5 150837 13.5265 -21.5263 -18.1349
1010101 FRAC0_S 0 1 -45846.5 15588.2 8452.43 203697 102951 70859.6 5.30968 -32.9738 -13.4782
1010101 FRAC0_S 0 1 -45995.4 15299.3 8499.25 51373.9 157471 -838919 96.0483 -19.4598 41.297
1010101 FRAC0_S 0 1 -46050.1 14977.2 8465.66 61639.6 61460.7 67088.3 1.27379 -37.9318 -23.408
1010101 FRAC0_S 0 1 -45996.2 14654.2 8427.67 -2038.1 -89250.6 -15033.2 0.739879 68.1954 10.3689
1010101 FRAC0_S 0 1 -45842.5 14359.2 8448.11 365235 362399 -710286 90.6894 -30.8378 30.4774
1010101 FRAC0_S 0 1 -45607.3 14129.4 8467.16 45906.2 -31689.6 81078.2 1.15157 25.1681 -31.2398
1010101 FRAC0_S 0 1 -45306.4 13998.3 8480.42 210838 466993 -519009 59.2207 -43.9691 27.619
1010101 FRAC0_S 0 1 -44979 13961.7 8495.85 81903.4 -152548 111047 4.31151 48.1677 -21.661
1010101 FRAC0_S 0 1 -44661.8 14022.7 8498.4 20808.2 -1.02013e+06 7461.58 92.78 69.9491 -0.553463
1010101 FRAC0_S 0 1 -44377 14178.6 8544.96 131007 -45849.1 -158295 5.0493 17.8422 29.4786
1010101 FRAC0_S 0 1 -44142.7 14407.4 8579.8 40893.1 104208 -245471 9.13078 -32.3702 35.9872
1010101 FRAC0_S 0 1 -43986.9 14695 8566.76 25964.4 217160 -324214 18.2426 -43.3319 33.7974
1010101 FRAC0_S 0 1 -43938.2 15021.4 8563.64 -6916.44 98814.7 -40151.1 1.08451 -62.7132 18.9681