
Step FractureNumber TipNr TipActive TipX TipY TipZ KI KII KIII G Phi Psi Extension
1010000 FRAC0_S 0 1 -45000 -44020.2 8624.9 -2.50553e+06 -62621.4 -130256 2.60599 3.21125 3.68827
1010000 FRAC0_S 0 1 -45000 -44106.8 8921.55 -2.33382e+06 -3843.89 -115845 1.78617 0.219165 3.60927
1010000 FRAC0_S 0 1 -45000 -44280.8 9176.94 -2.33202e+06 61965.1 -103716 1.77284 -3.43016 3.18203
1010000 FRAC0_S 0 1 -45000 -44525.1 9366.05 -2.47736e+06 138908 -114551 3.46465 -6.94025 3.21385
1010000 FRAC0_S 0 1 -45000 -44816 9470.4 -2.29384e+06 26270.7 -706790 66.5019 -1.2098 16.414
1010000 FRAC0_S 0 1 -45000 -45124.9 9479.76 -2.36757e+06 25895.4 -193951 5.06282 -1.39414 5.66141
1010000 FRAC0_S 0 1 -45000 -45421.5 9393.21 -2.41706e+06 174090 -156909 5.9752 -8.58806 4.34607
1010000 FRAC0_S 0 1 -45000 -45676.9 9219.22 -2.0141e+06 139024 -7853.24 1.73049 -8.717 0.283025
1010000 FRAC0_S 0 1 -45000 -45866 8974.84 -2.4009e+06 184256 35328.2 3.19129 -9.4978 -1.04556
1010000 FRAC0_S 0 1 -45000 -45970.4 8683.98 -2.45479e+06 214157 40742.5 4.30764 -10.6275 -1.16534
1010000 FRAC0_S 0 1 -45000 -45979.8 8375.1 -2.55385e+06 107905 101929 2.41936 -5.35944 -2.83187
1010000 FRAC0_S 0 1 -45000 -45893.2 8078.45 -2.36424e+06 49792.2 134700 2.63408 -2.70833 -4.0301
1010000 FRAC0_S 0 1 -45000 -45719.2 7823.06 -2.48953e+06 13578.9 148741 2.95892 -0.715041 -4.27117
1010000 FRAC0_S 0 1 -45000 -45474.9 7633.95 -2.3398e+06 -99647.4 139111 3.45862 5.3057 -4.11198
1010000 FRAC0_S 0 1 -45000 -45184 7529.6 -1.88083e+06 -485430 179597 25.288 24.1494 -5.33826
1010000 FRAC0_S 0 1 -45000 -44875.1 7520.24 -2.31637e+06 -207443 54701.9 4.2326 10.81 -1.63988
1010000 FRAC0_S 0 1 -45000 -44578.5 7606.79 -2.11572e+06 417703 -484104 46.717 -18.0383 11.6643
1010000 FRAC0_S 0 1 -45000 -44323.1 7780.78 -1.88468e+06 550951 -598059 74.6199 -23.1168 14.0944
1010000 FRAC0_S 0 1 -45000 -44134 8025.16 -2.31307e+06 -171110 -80169.8 3.46383 9.03002 2.40627
1010000 FRAC0_S 0 1 -45000 -44029.6 8316.02 -2.07273e+06 -236789 -317308 18.3873 12.0512 8.9405
Step FractureNumber TipNr TipActive TipX TipY TipZ KI KII KIII G Phi Psi Extension
1010101 FRAC0_S 0 1 -44991.9 -43924.1 8637.32 -2.14878e+06 -148382 -149612 4.93899 8.23268 4.64606
1010101 FRAC0_S 0 1 -44999.9 -44018.7 8963.15 -1.85415e+06 -3817.33 -84466.7 0.950203 0.274862 3.32943
1010101 FRAC0_S 0 1 -45005.9 -44209.9 9243.57 -1.75471e+06 154194 -49349.5 2.44258 -10.5897 1.9447
1010101 FRAC0_S 0 1 -45008.1 -44478.5 9451.24 -2.19413e+06 308724 -4530.01 8.49583 -16.1764 0.140813
1010101 FRAC0_S 0 1 -45004.7 -44797.9 9566.07 -2.39193e+06 194226 18691 3.40802 -10.0497 -0.557988
1010101 FRAC0_S 0 1 -45005.5 -45137.1 9576.26 -2.00499e+06 181401 -14088.1 2.95867 -11.0654 0.498024
1010101 FRAC0_S 0 1 -45008.1 -45445.8 9462.71 -2.18289e+06 345508 -19361 10.6874 -17.6984 0.590834
1010101 FRAC0_S 0 1 -45007.9 -45709.1 9253.44 -2.24315e+06 469181 59066.1 20.0799 -21.6949 -1.6474
1010101 FRAC0_S 0 1 -45012.9 -45933.5 9003.13 -2.1561e+06 437856 83649.7 18.0146 -21.0217 -2.40455
1010101 FRAC0_S 0 1 -45015.7 -46065 8701.84 -2.11063e+06 407038 86494.4 15.7588 -20.1723 -2.55428
1010101 FRAC0_S 0 1 -45010.5 -46075.8 8362.73 -1.80836e+06 227750 107709 6.16511 -14.0829 -3.83555
1010101 FRAC0_S 0 1 -45005 -45981.2 8036.86 -2.06239e+06 672646 485875 71.7159 -26.1843 -11.0154
1010101 FRAC0_S 0 1 -44999.5 -45790.2 7756.32 -2.18702e+06 -111383 130863 3.38317 6.27193 -4.10606
1010101 FRAC0_S 0 1 -44985.4 -45521.2 7550.75 -1.71844e+06 -546433 567727 69.4751 24.4023 -14.3076
1010101 FRAC0_S 0 1 -44972.5 -45201.3 7438.58 -2.26368e+06 -979574 -72223 86.2006 35.2531 1.68346
1010101 FRAC0_S 0 1 -44988.2 -44863 7427.61 -2.0433e+06 -454776 -221253 24.9406 21.4555 6.12786
1010101 FRAC0_S 0 1 -45020.6 -44539.3 7522.69 -2.08043e+06 331190 -266635 19.2297 -16.2418 7.43827
1010101 FRAC0_S 0 1 -45023.5 -44259.7 7713.92 -1.34364e+06 1.16567e+06 -776432 201.26 -40.8571 16.589
1010101 FRAC0_S 0 1 -44996.7 -44050.8 7980.12 -2.25558e+06 -146018 -48349.3 2.21085 8.09542 1.52647
1010101 FRAC0_S 0 1 -44984.2 -43935.2 8298.2 -2.23894e+06 -318643 -194251 14.0662 15.2724 5.34157