
Step FractureNumber TipNr TipActive TipX TipY TipZ KI KII KIII G Phi Psi Extension
1010000 FRAC0_S 0 1 -44017.5 30101.1 8500 35673.2 -6549.28 -136038 2.57855 5.04912 40.3063
1010000 FRAC0_S 0 1 -44096.8 30399.8 8500 40415.6 2372.61 -4134.42 0.148329 -6.90003 6.61649
1010000 FRAC0_S 0 1 -44264.6 30659.3 8500 31466 2112.78 -3003.01 0.0898255 -7.85221 6.18067
1010000 FRAC0_S 0 1 -44504.3 30854.3 8500 47023.8 6556.27 -1246.78 0.201081 -15.7404 1.75668
1010000 FRAC0_S 0 1 -44792.5 30965.6 8500 39575.4 7988.44 -1238.95 0.145456 -21.0408 1.9589
1010000 FRAC0_S 0 1 -45101.1 30982.5 8500 39776.2 8144.45 498.89 0.146929 -21.5683 -0.80017
1010000 FRAC0_S 0 1 -45399.8 30903.2 8500 39987.4 4854.39 2180.17 0.145218 -13.7071 -3.54552
1010000 FRAC0_S 0 1 -45659.3 30735.4 8500 44849.1 884.079 5473.05 0.183293 -2.39624 -7.95984
1010000 FRAC0_S 0 1 -45854.3 30495.7 8500 44986 6682.87 6869.87 0.190592 -15.0703 -8.69927
1010000 FRAC0_S 0 1 -45965.6 30207.5 8500 45805.7 -96294.7 -129386 3.23978 40.8506 29.6782
1010000 FRAC0_S 0 1 -45982.5 29898.9 8500 41651.3 -232.059 4393.31 0.157163 0.700283 -7.10756
1010000 FRAC0_S 0 1 -45903.2 29600.2 8500 23066.8 53140.1 -8981.06 0.309776 -60.0931 7.85647
1010000 FRAC0_S 0 1 -45735.4 29340.7 8500 32565.8 -4182.9 2350.88 0.096798 14.1762 -4.57049
1010000 FRAC0_S 0 1 -45495.7 29145.7 8500 29771 -48440 43628.1 0.541224 44.5958 -23.6989
1010000 FRAC0_S 0 1 -45207.5 29034.4 8500 30789 69933.1 -1956.12 0.520787 -62.8807 1.474
1010000 FRAC0_S 0 1 -44898.9 29017.5 8500 35145.8 -6073.14 31.4498 0.113358 19.0944 -0.059449
1010000 FRAC0_S 0 1 -44600.2 29096.8 8500 39932 -6810.28 -2064.45 0.146791 18.1721 3.24023
1010000 FRAC0_S 0 1 -44340.7 29264.6 8500 42389.9 -11413.6 74.999 0.171731 26.5163 -0.108512
1010000 FRAC0_S 0 1 -44145.7 29504.3 8500 40684.8 465.622 -4078.53 0.149732 -1.43385 6.76532
1010000 FRAC0_S 0 1 -44034.4 29792.5 8500 31206.9 -1111.54 -3780.35 0.0887923 4.24445 7.80645
Step FractureNumber TipNr TipActive TipX TipY TipZ KI KII KIII G Phi Psi Extension
1010101 FRAC0_S 0 1 -43968 30106.2 8504.4 43056.3 -8258.42 -2942.7 0.172425 19.6874 4.13334
1010101 FRAC0_S 0 1 -44072.1 30402.4 8502.2 29738.8 -697.149 -3665.45 0.0806386 2.83283 8.00272
1010101 FRAC0_S 0 1 -44264.6 30659.3 8500 43216.8 3595.72 -3270.43 0.169005 -9.69051 4.9527
1010101 FRAC0_S 0 1 -44504.3 30854.3 8500 55533.6 287375 -100842 8.98639 -61.3072 16.0213
1010101 FRAC0_S 0 1 -44792.5 30965.6 8500 42911.6 -48840.5 13243.9 0.399978 49.9766 -9.31367
1010101 FRAC0_S 0 1 -45101.1 30982.5 8500 32089.5 6012.68 2477 0.0957974 -19.2072 -4.63825
1010101 FRAC0_S 0 1 -45399.8 30903.2 8500 40997.3 6351.82 7367.84 0.160589 -15.3086 -9.90464
1010101 FRAC0_S 0 1 -45659.3 30735.4 8500 35714.3 -306723 -174927 12.5667 58.3964 22.6002
1010101 FRAC0_S 0 1 -45872.8 30499.7 8516.35 18693 -409.526 87357 1.04611 0.537513 -41.7843
1010101 FRAC0_S 0 1 -46002.7 30215.4 8532.7 74979.8 -33047.8 29271.1 0.71225 29.6425 -15.1291
1010101 FRAC0_S 0 1 -46001 29902.8 8516.35 58503.8 -3399.5 15941 0.339824 5.98037 -14.589
1010101 FRAC0_S 0 1 -45903.2 29600.2 8500 42058.5 -12613.2 3852.45 0.173779 26.9216 -4.99148
1010101 FRAC0_S 0 1 -45735.4 29340.7 8500 40133.8 -91.258 2158.67 0.144152 0.301115 -3.88707
1010101 FRAC0_S 0 1 -45495.7 29145.7 8500 40039.2 -6829.79 719.517 0.147081 18.6507 -1.17178
1010101 FRAC0_S 0 1 -45207.5 29034.4 8500 40020.3 -6780.67 -362.061 0.146835 18.681 0.596846
1010101 FRAC0_S 0 1 -44898.9 29017.5 8500 40038.4 -5836.57 -1143.9 0.146059 16.2999 1.87809
1010101 FRAC0_S 0 1 -44600.2 29096.8 8500 32054.6 -4391.68 -2224.07 0.093937 14.9966 4.3769
1010101 FRAC0_S 0 1 -44340.7 29264.6 8500 33541.1 -4530.98 -1395.75 0.102338 15.1497 2.71713
1010101 FRAC0_S 0 1 -44145.7 29504.3 8500 42211.6 -3743.56 -2335.26 0.160752 10.4324 3.6948
1010101 FRAC0_S 0 1 -44009.6 29795.1 8502.2 28338.1 703.358 -1030.75 0.0717449 -3.23616 2.63474