
Step FractureNumber TipNr TipActive TipX TipY TipZ KI KII KIII G Phi Psi Extension
1010000 FRAC0_S 0 1 7500 984.872 8574.53 3.67738e+06 277516 3861.86 1211.91 -9.47026 -0.0760594
1010000 FRAC0_S 0 1 7500 913.64 8875.22 3.21603e+06 1.28313e+06 437171 1093.78 -31.6614 -6.649
1010000 FRAC0_S 0 1 7500 752.975 9139.18 4.29427e+06 233772 224707 1654.84 -6.71679 -3.61402
1010000 FRAC0_S 0 1 7500 518.603 9340.58 3.74485e+06 156685 167187 1255.57 -5.28755 -3.14936
1010000 FRAC0_S 0 1 7500 233.466 9459.7 2.84426e+06 80752.6 151453 724.517 -3.62656 -3.75992
1010000 FRAC0_S 0 1 7500 -74.5244 9484.87 3.75766e+06 -33269.9 194430 1263.36 1.16385 -3.72677
1010000 FRAC0_S 0 1 7500 -375.22 9413.64 3.76821e+06 -112852 172762 1270.41 3.84314 -3.26419
1010000 FRAC0_S 0 1 7500 -639.186 9252.98 3.8e+06 -179989 178168 1293.85 5.92885 -3.28154
1010000 FRAC0_S 0 1 7500 -840.583 9018.61 4.10607e+06 -170729 135085 1507.4 5.31283 -2.3573
1010000 FRAC0_S 0 1 7500 -959.699 8733.46 3.70465e+06 -270137 55276.7 1229.89 9.06975 -1.06365
1010000 FRAC0_S 0 1 7500 -984.872 8425.47 3.82815e+06 -264621 25481.2 1312.21 8.70678 -0.481352
1010000 FRAC0_S 0 1 7500 -913.64 8124.78 3.76183e+06 -267134 -81867.6 1268.28 8.80202 1.54029
1010000 FRAC0_S 0 1 7500 -752.975 7860.82 3.27299e+06 541545 393555 1001.32 -16.8575 -7.00619
1010000 FRAC0_S 0 1 7500 -518.603 7659.42 3.77513e+06 -159536 -182733 1276.67 5.31947 3.3967
1010000 FRAC0_S 0 1 7500 -233.466 7540.3 2.6902e+06 -98491.8 -135386 648.207 4.63621 3.54068
1010000 FRAC0_S 0 1 7500 74.5244 7515.13 3.60543e+06 6197.63 -191282 1163.22 -0.227973 3.83983
1010000 FRAC0_S 0 1 7500 375.22 7586.36 3.86052e+06 146832 -186519 1334.61 -4.81574 3.40371
1010000 FRAC0_S 0 1 7500 639.186 7747.02 2.94343e+06 164304 -107424 775.969 -6.97161 2.56927
1010000 FRAC0_S 0 1 7500 840.583 7981.39 3.06963e+06 223772 -88087.6 845.145 -8.95804 2.0095
1010000 FRAC0_S 0 1 7500 959.699 8266.54 3.28987e+06 765708 -98866.3 1018 -23.4256 1.83754
Step FractureNumber TipNr TipActive TipX TipY TipZ KI KII KIII G Phi Psi Extension
1010101 FRAC0_S 0 1 7468.71 1076.02 8580.9 4.07342e+06 -927066 74500 1555.9 23.2384 -1.13792
1010101 FRAC0_S 0 1 7466.72 996.523 8909.31 3.69795e+06 -34422.1 432023 1243.5 1.15243 -7.73671
1010101 FRAC0_S 0 1 7478.73 823.586 9200.59 4.29774e+06 -663378 -10537.4 1685.14 17.4342 0.165173
1010101 FRAC0_S 0 1 7490.89 569.57 9423.27 4.15535e+06 -219205 149672 1545.92 6.61886 -2.5443
1010101 FRAC0_S 0 1 7495.04 256.446 9554.3 3.80963e+06 -269091 -240741 1307.44 8.44998 4.24475
1010101 FRAC0_S 0 1 7501.11 -81.8748 9582.04 4.11524e+06 31277.7 239889 1516.84 -0.994723 -4.16706
1010101 FRAC0_S 0 1 7506.44 -412.15 9503.66 4.2176e+06 103869 148561 1589 -3.21536 -2.55588
1010101 FRAC0_S 0 1 7509.15 -702.031 9327.03 4.43338e+06 190810 204775 1760.26 -5.42263 -3.24829
1010101 FRAC0_S 0 1 7511.15 -923.035 9069.54 4.37133e+06 229673 110768 1709.09 -6.6579 -1.81545
1010101 FRAC0_S 0 1 7513.98 -1053.5 8756.34 3.81842e+06 835342 -4721.39 1361.43 -22.8535 0.0790194
1010101 FRAC0_S 0 1 7515.34 -1080.99 8418.2 3.93337e+06 905691 34035.9 1451.91 -23.6018 -0.543177
1010101 FRAC0_S 0 1 7504.19 -1002.23 8088.67 4.15391e+06 -89729.7 106653 1539.82 2.85788 -1.89243
1010101 FRAC0_S 0 1 7491.65 -825.378 7799.28 2.95616e+06 -445514 -75973.1 797.175 16.7863 1.68825
1010101 FRAC0_S 0 1 7499.41 -568.872 7577.35 4.16878e+06 -236525 -349776 1569.87 6.79063 5.559
1010101 FRAC0_S 0 1 7506.26 -256.429 7445.76 3.53725e+06 313538 389894 1143.93 -9.96837 -6.89248
1010101 FRAC0_S 0 1 7499.72 81.8707 7418.01 4.3161e+06 -24976.3 -146340 1662.91 0.777052 2.50858
1010101 FRAC0_S 0 1 7492.67 412.093 7496.42 4.52203e+06 -178362 -157484 1828.32 5.04589 2.49395
1010101 FRAC0_S 0 1 7487.94 701.784 7673.18 4.11478e+06 -305632 -115035 1518.84 9.11635 1.95712
1010101 FRAC0_S 0 1 7479.24 920.963 7931.13 3.81978e+06 316879 -255377 1317.8 -9.73643 4.42378
1010101 FRAC0_S 0 1 7472.12 1049.88 8244.59 4.15946e+06 -913530 -42932.8 1616.31 22.7672 0.652251