
Step FractureNumber TipNr TipActive TipX TipY TipZ KI KII KIII G Phi Psi Extension
1010000 FRAC0_S 0 1 29434.8 -44219.2 8284.43 1.69684e+06 -1.28922e+06 1.38288e+06 659.026 35.2168 -21.3828
1010000 FRAC0_S 0 1 29284.7 -44319.8 8535.12 1.65905e+06 -1.76404e+06 936188 639.133 45.1901 -15.2291
1010000 FRAC0_S 0 1 29204.6 -44487 8782.37 1.48716e+06 -1.93072e+06 488133 560.942 52.0983 -9.23226
1010000 FRAC0_S 0 1 29202.4 -44704.4 9001.98 1.488e+06 -2.05242e+06 79099.4 573.506 56.8783 -1.68881
1010000 FRAC0_S 0 1 29278.3 -44950.7 9172.44 1.52774e+06 -2.13198e+06 -359821 630.235 54.5635 6.71795
1010000 FRAC0_S 0 1 29424.7 -45201.9 9277.09 1.5245e+06 -1.73046e+06 -735769 545.94 47.545 13.2591
1010000 FRAC0_S 0 1 29627.6 -45433.3 9305.68 1.62509e+06 -1.32983e+06 -889768 498.211 40.0495 16.284
1010000 FRAC0_S 0 1 29866.9 -45622.3 9255.39 1.58601e+06 -910247 -1.34373e+06 538.128 29.2529 23.2538
1010000 FRAC0_S 0 1 30119.1 -45750.3 9131.17 1.63603e+06 -403781 -1.19492e+06 442.943 16.385 24.3104
1010000 FRAC0_S 0 1 30359.8 -45804.9 8945.16 1.64528e+06 495333 -1.33167e+06 498.936 -18.547 25.0604
1010000 FRAC0_S 0 1 30565.2 -45780.8 8715.57 1.09401e+06 741499 -790987 238.86 -33.9449 20.4972
1010000 FRAC0_S 0 1 30715.3 -45680.2 8464.88 1.6174e+06 1.55995e+06 -879235 552.772 -43.4853 15.3557
1010000 FRAC0_S 0 1 30795.4 -45513 8217.63 1.36822e+06 1.59737e+06 -418447 417.474 -50.4874 9.14039
1010000 FRAC0_S 0 1 30797.6 -45295.6 7998.02 1.6046e+06 2.00074e+06 -138583 588.692 -54.8249 2.842
1010000 FRAC0_S 0 1 30721.7 -45049.3 7827.56 1.59733e+06 2.00716e+06 370363 604.599 -52.8458 -6.98128
1010000 FRAC0_S 0 1 30575.3 -44798.1 7722.91 1.239e+06 1.39097e+06 620434 360.4 -47.0922 -13.6862
1010000 FRAC0_S 0 1 30372.4 -44566.7 7694.32 1.47136e+06 1.24302e+06 1.06693e+06 481.996 -38.4575 -19.3812
1010000 FRAC0_S 0 1 30133.1 -44377.7 7744.61 1.6171e+06 758141 1.30828e+06 511.885 -25.8494 -23.5406
1010000 FRAC0_S 0 1 29880.9 -44249.7 7868.83 1.22768e+06 70280 1.15926e+06 313.483 -3.94694 -29.4537
1010000 FRAC0_S 0 1 29640.2 -44195.1 8054.84 1.76708e+06 -644097 1.57822e+06 646.493 20.7786 -25.6925
Step FractureNumber TipNr TipActive TipX TipY TipZ KI KII KIII G Phi Psi Extension
1010101 FRAC0_S 0 1 29422.1 -44123.8 8297.61 2.24272e+06 -151382 1.11637e+06 616.001 5.90705 -21.4676
1010101 FRAC0_S 0 1 29275.3 -44231.2 8576.49 2.22924e+06 -24906 742089 516.131 1.1589 -17.2943
1010101 FRAC0_S 0 1 29201.2 -44409.7 8843.82 2.21354e+06 32055.7 417836 459.93 -1.67483 -11.4244
1010101 FRAC0_S 0 1 29204.7 -44640.2 9077.45 3.0869e+06 198098 43229.8 852.869 -8.0849 -1.00756
1010101 FRAC0_S 0 1 29282.4 -44902.3 9258.66 3.05499e+06 41862.5 -321786 845.587 -1.70386 7.04953
1010101 FRAC0_S 0 1 29429.6 -45174 9371.47 2.56813e+06 8355.13 -683371 649.821 -0.358366 14.9011
1010101 FRAC0_S 0 1 29636.7 -45430.9 9403.13 2.22915e+06 32589.1 -1.01578e+06 580.124 -1.38513 21.0043
1010101 FRAC0_S 0 1 29884.1 -45648.9 9347.16 2.01894e+06 125379 -1.26467e+06 577.343 -5.05438 24.3948
1010101 FRAC0_S 0 1 30141.2 -45809.2 9199.79 1.97575e+06 207985 -1.29104e+06 573.386 -8.129 24.425
1010101 FRAC0_S 0 1 30378.6 -45891.3 8973.21 2.06411e+06 94011.3 -1.25397e+06 589.583 -3.80419 24.2086
1010101 FRAC0_S 0 1 30580.1 -45876 8704.02 2.18941e+06 73182.1 -1.04531e+06 572.953 -3.06302 21.353
1010101 FRAC0_S 0 1 30727.1 -45768.9 8424.52 2.18186e+06 67131.7 -714297 492.471 -3.1357 16.8843
1010101 FRAC0_S 0 1 30801.8 -45590.4 8156.58 2.5109e+06 -96691.3 -449569 589.52 4.35786 10.7566
1010101 FRAC0_S 0 1 30798.4 -45359.5 7922.32 2.88701e+06 -131088 -49988.7 744.582 5.8539 1.2621
1010101 FRAC0_S 0 1 30719.9 -45097 7740.9 2.81467e+06 -18552 315355 719.217 0.822476 -7.48128
1010101 FRAC0_S 0 1 30571.9 -44825 7628.25 2.68734e+06 74356.9 727599 714.437 -2.95161 -14.8299
1010101 FRAC0_S 0 1 30365.3 -44566.7 7596.97 2.19183e+06 23613.3 1.03726e+06 571.239 -1.01266 -21.5177
1010101 FRAC0_S 0 1 30121 -44344.4 7655.73 2.0924e+06 87610.1 1.3109e+06 619.375 -3.46944 -24.637
1010101 FRAC0_S 0 1 29866.2 -44181.7 7806.05 1.44751e+06 1428.32 1.28308e+06 405.669 -0.0731737 -29.3537
1010101 FRAC0_S 0 1 29626 -44104.3 8030.94 2.04437e+06 143289 1.45634e+06 656.344 -5.39683 -25.9022