
Step FractureNumber TipNr TipActive TipX TipY TipZ KI KII KIII G Phi Psi Extension
1010000 FRAC0_S 0 1 446.563 880.97 8500 -158733 -2.3535e+06 913293 604.513 63.1443 -18.4501
1010000 FRAC0_S 0 1 152.472 975.848 8500 -27605.6 -2.57558e+06 251382 599.524 69.3314 -6.613
1010000 FRAC0_S 0 1 -156.544 975.204 8500 -80115 -2.38249e+06 -157494 509.11 69.4243 4.56934
1010000 FRAC0_S 0 1 -450.236 879.099 8500 -163053 -2.18489e+06 -650736 481.707 64.8446 15.3726
1010000 FRAC0_S 0 1 -698.371 698.433 8500 -70765.2 -992531 -676451 148.643 57.0873 25.3391
1010000 FRAC0_S 0 1 -880.97 446.563 8500 -198277 -1.11013e+06 -1.44971e+06 389.338 45.0092 31.881
1010000 FRAC0_S 0 1 -975.848 152.472 8500 -14133 -452012 -1.62505e+06 369.431 26.9905 40.6854
1010000 FRAC0_S 0 1 -975.204 -156.544 8500 -265200 198553 -1.6677e+06 373.414 -12.4341 40.8269
1010000 FRAC0_S 0 1 -879.099 -450.236 8500 -138426 972369 -1.4505e+06 364.081 -43.0606 33.5891
1010000 FRAC0_S 0 1 -698.433 -698.371 8500 -3.1081e+06 1.92599e+06 -1.05009e+06 477.206 -37.3035 12.4792
1010000 FRAC0_S 0 1 -446.563 -880.97 8500 -187843 2.05452e+06 -857139 473.852 -62.0433 19.0465
1010000 FRAC0_S 0 1 -152.472 -975.848 8500 -67167.7 2.27236e+06 -317511 473.538 -68.5328 8.84962
1010000 FRAC0_S 0 1 156.544 -975.204 8500 -211398 2.46392e+06 107687 542.522 -69.0798 -2.96877
1010000 FRAC0_S 0 1 450.236 -879.099 8500 -136125 2.20587e+06 680589 495.203 -64.8893 -15.89
1010000 FRAC0_S 0 1 698.371 -698.433 8500 -2.57802e+06 1.99264e+06 1.02418e+06 493.33 -40.9826 -13.1727
1010000 FRAC0_S 0 1 880.97 -446.563 8500 -174043 1.29062e+06 1.4082e+06 412.175 -48.7669 -30.3046
1010000 FRAC0_S 0 1 975.848 -152.472 8500 61859.7 665298 1.66459e+06 408.307 -33.5267 -38.3014
1010000 FRAC0_S 0 1 975.204 156.544 8500 -54046.6 -242943 1.56661e+06 331.677 17.0611 -42.2495
1010000 FRAC0_S 0 1 879.099 450.236 8500 -165232 -959923 1.47559e+06 371.701 42.1371 -33.632
1010000 FRAC0_S 0 1 698.433 698.371 8500 155226 -880808 1.0756e+06 225.15 46.2177 -31.1687
Step FractureNumber TipNr TipActive TipX TipY TipZ KI KII KIII G Phi Psi Extension
1010101 FRAC0_S 0 1 470.344 922.093 8586.05 2.76983e+06 -989265 629360 823.535 28.0023 -10.5075
1010101 FRAC0_S 0 1 158.91 1012.03 8592.49 2.67565e+06 -1.02225e+06 288654 742.147 31.2968 -5.47473
1010101 FRAC0_S 0 1 -162.811 1010.73 8592.83 2.72253e+06 -948776 93626.1 741.879 30.8351 -1.91929
1010101 FRAC0_S 0 1 -470.944 916.277 8589.65 2.32398e+06 -841836 -464402 573.109 28.7012 9.43822
1010101 FRAC0_S 0 1 -739.718 733.563 8582.28 2.67824e+06 -672303 -790651 762.603 20.8834 13.6891
1010101 FRAC0_S 0 1 -944.137 475.57 8567.69 1.65232e+06 -1.09667e+06 -1.27052e+06 565.146 32.9864 21.3578
1010101 FRAC0_S 0 1 -1059.74 163.472 8534.99 132232 -182599 -2.33431e+06 729.246 9.31728 43.1078
1010101 FRAC0_S 0 1 -1061.68 -169.171 8483.52 612339 354537 -1.86552e+06 507.475 -16.4274 37.0582
1010101 FRAC0_S 0 1 -949.749 -484.85 8445.33 1.89864e+06 2.39879e+06 -2.12119e+06 1432.41 -42.5445 22.173
1010101 FRAC0_S 0 1 -746.563 -746.819 8430.55 1.83359e+06 1.2451e+06 -1.37978e+06 690.944 -33.638 20.9784
1010101 FRAC0_S 0 1 -472.606 -925.009 8417.42 2.72013e+06 1.13014e+06 -526657 810.039 -31.4817 8.90761
1010101 FRAC0_S 0 1 -159.181 -1013.19 8408.03 2.99131e+06 1.01822e+06 -168462 893.511 -29.9619 3.0914
1010101 FRAC0_S 0 1 162.798 -1011.31 8407.39 3.03494e+06 987051 81333.8 908.477 -29.6264 -1.53311
1010101 FRAC0_S 0 1 474.697 -920.116 8414.97 2.76076e+06 1.0004e+06 383831 787.952 -29.7117 -6.93993
1010101 FRAC0_S 0 1 742.679 -743.714 8425.66 1.94849e+06 1.42502e+06 915961 630.855 -38.7842 -15.1512
1010101 FRAC0_S 0 1 944.332 -477.998 8432.19 1.39349e+06 1.19316e+06 1.39922e+06 560.286 -35.6361 -23.3149
1010101 FRAC0_S 0 1 1055.33 -162.569 8460.91 377996 -485156 1.64279e+06 392.64 24.4806 -36.9516
1010101 FRAC0_S 0 1 1059.49 169.354 8517.63 591283 -112951 1.37744e+06 284.638 7.39029 -37.1636
1010101 FRAC0_S 0 1 947.905 483.183 8558.93 1.239e+06 -1.15107e+06 1.39472e+06 513.581 36.1035 -24.2622
1010101 FRAC0_S 0 1 742.961 742.896 8575.18 2.0242e+06 -1.14349e+06 986619 611.1 33.232 -16.6631