
Step FractureNumber TipNr TipActive TipX TipY TipZ KI KII KIII G Phi Psi Extension
1010000 FRAC0_S 0 1 14943.8 -14013.9 8500 -270800 2.26443e+06 -928452 571.573 -61.6084 18.537
1010000 FRAC0_S 0 1 14641.8 -14079.6 8500 -2.69024e+06 2.499e+06 -368909 574.591 -48.7949 5.03169
1010000 FRAC0_S 0 1 14374.9 -14235.3 8500 -179506 2.10316e+06 125037 396.236 -68.8801 -3.96171
1010000 FRAC0_S 0 1 14169.2 -14465.9 8500 -9.71062e+06 2.29974e+06 860542 569.775 -22.78 -5.06753
1010000 FRAC0_S 0 1 14044.8 -14748.8 8500 -230104 1.77614e+06 1.03115e+06 422.53 -57.9301 -22.6766
1010000 FRAC0_S 0 1 14013.9 -15056.2 8500 -214513 1.09198e+06 1.20166e+06 298.308 -47.6837 -29.7951
1010000 FRAC0_S 0 1 14079.6 -15358.2 8500 -8.7892e+06 360771 1.88452e+06 483.939 -4.50245 -12.3587
1010000 FRAC0_S 0 1 14235.3 -15625.1 8500 -255950 -248240 1.88006e+06 475.594 13.8175 -40.9867
1010000 FRAC0_S 0 1 14465.9 -15830.8 8500 -6.13181e+06 -1.33463e+06 1.65689e+06 523.849 18.9823 -13.0772
1010000 FRAC0_S 0 1 14748.8 -15955.2 8500 -264842 -2.06343e+06 1.55776e+06 702.149 54.6019 -25.9644
1010000 FRAC0_S 0 1 15056.2 -15986.1 8500 -254724 -2.4177e+06 985552 650.056 61.9526 -18.6197
1010000 FRAC0_S 0 1 15358.2 -15920.4 8500 -287088 -2.74089e+06 455161 696.991 66.8213 -9.62917
1010000 FRAC0_S 0 1 15625.1 -15764.7 8500 1.36644e+07 -2.56963e+06 220520 17233 20.1561 -1.03941
1010000 FRAC0_S 0 1 15830.8 -15534.1 8500 1.19728e+07 -2.3698e+06 -506680 13308.3 20.5598 2.62306
1010000 FRAC0_S 0 1 15955.2 -15251.2 8500 -5.82704e+06 -1.85704e+06 -1.45899e+06 590.415 25.5475 11.6064
1010000 FRAC0_S 0 1 15986.1 -14943.8 8500 -275326 -1.47852e+06 -1.58557e+06 529.164 48.2628 29.5953
1010000 FRAC0_S 0 1 15920.4 -14641.8 8500 1.27549e+07 -991889 -1.48978e+06 14879.8 8.81727 7.31112
1010000 FRAC0_S 0 1 15764.7 -14374.9 8500 1.06596e+07 179525 -1.5937e+06 10466 -2.00694 9.45617
1010000 FRAC0_S 0 1 15534.1 -14169.2 8500 9.5023e+06 427954 -1.55885e+06 8385.58 -5.1177 9.97558
1010000 FRAC0_S 0 1 15251.2 -14044.8 8500 1.16406e+07 1.33758e+06 -1.39058e+06 12491.3 -12.426 7.23962
Step FractureNumber TipNr TipActive TipX TipY TipZ KI KII KIII G Phi Psi Extension
1010101 FRAC0_S 0 1 14942.6 -13951.2 8431.83 78533.5 1.01774e+06 118799 94.7254 -68.1537 -7.31071
1010101 FRAC0_S 0 1 14623.5 -14030 8417.07 2.52481e+06 1.31251e+06 -547475 761.421 -35.6345 9.22443
1010101 FRAC0_S 0 1 14338.2 -14193.5 8424.87 1.90298e+06 1.34677e+06 -66513.1 484.91 -45.3107 1.55115
1010101 FRAC0_S 0 1 14111.8 -14430.6 8436.13 1.78723e+06 1.7931e+06 424942 595.16 -48.6463 -7.90399
1010101 FRAC0_S 0 1 13982.9 -14730.5 8429.46 4.31338e+06 4.23024e+06 2.37589e+06 4003.3 -43.7306 -15.4091
1010101 FRAC0_S 0 1 13944.2 -15063.8 8439.88 1.34823e+06 1.25742e+06 1.29254e+06 525.069 -37.8758 -22.2347
1010101 FRAC0_S 0 1 13997.5 -15392.6 8483.56 1.51521e+06 2.0168e+06 4.01722e+06 2713.41 -32.4055 -32.1621
1010101 FRAC0_S 0 1 14161.7 -15684.8 8518.11 -1.05052e+07 -2.33452e+06 2.81385e+06 1538.7 19.3222 -12.9548
1010101 FRAC0_S 0 1 14417.8 -15900 8542.61 695784 -844199 1.32378e+06 339.716 35.1871 -29.0044
1010101 FRAC0_S 0 1 14729.3 -16014.8 8570.95 -7.19358e+06 -6.75616e+06 -1.51608e+06 4373.19 47.7999 7.32905
1010101 FRAC0_S 0 1 15057.5 -16032.7 8587.49 1.88621e+06 -750776 720580 436.32 27.805 -15.2199
1010101 FRAC0_S 0 1 15380.9 -15968.7 8576.64 501548 -1.46938e+06 110471 216.433 63.9477 -4.04692
1010101 FRAC0_S 0 1 15678.1 -15822.9 8548.99 -1.19352e+07 1.68022e+06 -1.98105e+06 773.536 -14.2699 9.37509
1010101 FRAC0_S 0 1 15906.8 -15583.4 8536.95 -6.88666e+06 -2.97837e+06 -485588 821.83 34.4888 3.58665
1010101 FRAC0_S 0 1 16046.9 -15221.8 8552.14 1.19295e+06 -2.19459e+06 -1.05826e+06 704.939 52.0513 16.697
1010101 FRAC0_S 0 1 16064.2 -14938.6 8551.92 853294 -1.13116e+06 -1.15472e+06 356.238 41.3582 24.2265
1010101 FRAC0_S 0 1 16002.5 -14607.1 8525.44 -138166 -770912 -1.80392e+06 485.756 34.1297 37.2737
1010101 FRAC0_S 0 1 15839.9 -14313.4 8499.85 1.38265e+07 -293992 -1.00944e+06 17178.7 2.69392 5.05711
1010101 FRAC0_S 0 1 15586.6 -14087.9 8489.28 309631 196803 2.40054e+06 778.418 -9.15721 -41.9079
1010101 FRAC0_S 0 1 15276.5 -13964.7 8465.02 897383 1.47229e+06 -1.38343e+06 519.462 -44.1478 24.2677