
Step FractureNumber TipNr TipActive TipX TipY TipZ KI KII KIII G Phi Psi Extension
1010000 FRAC0_S 0 1 -14627.4 -29085.3 8500 -1.25397e+06 1.11477e+07 470372 11103.2 -68.7438 -2.80622
1010000 FRAC0_S 0 1 -14928.3 -29015 8500 -1.37985e+06 1.17868e+07 3.24952e+06 13784.3 -64.4333 -14.1468
1010000 FRAC0_S 0 1 -15236.2 -29041 8500 -1.33982e+06 9.95564e+06 5.63488e+06 13055.1 -58.12 -22.305
1010000 FRAC0_S 0 1 -15521 -29160.9 8500 -1.25584e+06 7.42308e+06 7.97626e+06 13371.7 -48.492 -29.7861
1010000 FRAC0_S 0 1 -15754.8 -29363 8500 -1.11263e+06 2.39921e+06 6.8794e+06 6807.32 -28.5927 -37.1753
1010000 FRAC0_S 0 1 -15914.7 -29627.4 8500 -1.74176e+07 -881721 8.43613e+06 9534.66 4.541 -21.3265
1010000 FRAC0_S 0 1 -15985.1 -29928.3 8500 -1.86859e+06 -6.20358e+06 1.003e+07 16809.1 39.7569 -33.0869
1010000 FRAC0_S 0 1 -15959 -30236.2 8500 -2.95458e+06 -8.18491e+06 6.27352e+06 11204.2 50.3404 -23.8183
1010000 FRAC0_S 0 1 -15839.1 -30521 8500 2.25901e+07 -1.21388e+07 5.12887e+06 62102.9 36.1449 -9.49055
1010000 FRAC0_S 0 1 -15637 -30754.8 8500 1.38465e+07 -1.22457e+07 1.89225e+06 30923.6 47.8586 -5.12331
1010000 FRAC0_S 0 1 -15372.6 -30914.7 8500 -1.34291e+06 -1.37996e+07 -671764 17029.1 68.8639 3.25377
1010000 FRAC0_S 0 1 -15071.7 -30985 8500 -1.95296e+06 -1.3591e+07 -3.76982e+06 18350.1 63.8542 13.9674
1010000 FRAC0_S 0 1 -14763.8 -30959 8500 -1.37953e+06 -1.05829e+07 -5.93232e+06 14660.8 58.3131 22.2312
1010000 FRAC0_S 0 1 -14479 -30839.1 8500 -1.21047e+06 -7.63222e+06 -8.28085e+06 14310.9 48.4938 30.0029
1010000 FRAC0_S 0 1 -14245.2 -30637 8500 -1.11811e+06 -2.82433e+06 -7.31414e+06 7825.87 30.72 36.7493
1010000 FRAC0_S 0 1 -14085.3 -30372.6 8500 -1.36811e+06 777348 -8.9786e+06 10775.7 -9.44135 41.4581
1010000 FRAC0_S 0 1 -14014.9 -30071.7 8500 -1.61695e+06 5.29113e+06 -9.01745e+06 13309.6 -38.7869 33.5854
1010000 FRAC0_S 0 1 -14041 -29763.8 8500 -1.04165e+06 6.64876e+06 -5.58095e+06 8081.75 -52.5689 26.9652
1010000 FRAC0_S 0 1 -14160.9 -29479 8500 -1.31177e+06 1.07563e+07 -4.75862e+06 13321.6 -60.8897 19.4193
1010000 FRAC0_S 0 1 -14363 -29245.2 8500 -1.46631e+06 1.09448e+07 -1.99837e+06 11205.5 -65.953 10.1827
Step FractureNumber TipNr TipActive TipX TipY TipZ KI KII KIII G Phi Psi Extension
1010101 FRAC0_S 0 1 -14613.2 -29050 8408.02 1.01197e+07 3.34297e+06 728079 10192 -29.0957 -3.91505
1010101 FRAC0_S 0 1 -14926.5 -28972.2 8410.37 1.67583e+06 -1.87439e+06 104348 564.776 53.3907 -2.20022
1010101 FRAC0_S 0 1 -15250.5 -28990.5 8416.27 2.34421e+07 9.26011e+06 1.32525e+07 79968.3 -25.3685 -19.7494
1010101 FRAC0_S 0 1 -15558.4 -29105.7 8429.36 3.08978e+07 -1.94299e+07 8.00425e+06 127233 38.8664 -10.0817
1010101 FRAC0_S 0 1 -15820.1 -29311.1 8459.33 5.18944e+06 1.01252e+06 7.41268e+06 9799.17 -10.0246 -32.6856
1010101 FRAC0_S 0 1 -15996.8 -29593 8507.98 2.10928e+06 -1.50529e+06 8.94821e+06 11247.7 15.77 -38.8155
1010101 FRAC0_S 0 1 -16062 -29919.9 8553.2 5.59031e+06 -6.18865e+06 1.10122e+07 22326.3 32.854 -29.9837
1010101 FRAC0_S 0 1 -16026.4 -30253.1 8569.22 6.58426e+06 -6.12468e+06 6.43466e+06 12712.7 37.6257 -22.4895
1010101 FRAC0_S 0 1 -15899.7 -30558.9 8567.28 6.17101e+06 -6.42893e+06 3.38617e+06 8601.45 44.9809 -15.0413
1010101 FRAC0_S 0 1 -15679.2 -30799.4 8575.14 1.13876e+07 -8.36586e+06 1.46964e+06 18079.4 44.3093 -5.24304
1010101 FRAC0_S 0 1 -15391 -30955.2 8587.61 1.0532e+07 -4.78617e+06 -897503 12032.7 35.2238 4.21605
1010101 FRAC0_S 0 1 -15073.5 -31028.1 8589.47 1.65653e+07 -4.73059e+06 -4.25474e+06 28854.3 23.5209 12.0737
1010101 FRAC0_S 0 1 -14749.5 -31009.6 8583.71 7.72448e+06 -3.16561e+06 -4.12253e+06 8470.32 26.4084 18.9307
1010101 FRAC0_S 0 1 -14441.9 -30893.9 8571.49 208610 559132 732157 103.031 -42.4616 -30.2115
1010101 FRAC0_S 0 1 -14180.8 -30688.2 8540.16 3.08316e+06 -2.62445e+06 -8.54685e+06 11176.3 23.4031 34.9043
1010101 FRAC0_S 0 1 -14003.8 -30406.5 8488.91 2.24232e+06 1.03841e+06 -9.69162e+06 13036.5 -10.7582 39.8545
1010101 FRAC0_S 0 1 -13938.5 -30080.3 8444.73 4.11083e+06 3.80139e+06 -7.66329e+06 10604.1 -29.999 30.3883
1010101 FRAC0_S 0 1 -13981.7 -29751.6 8422.79 3.54179e+07 -2.6242e+07 -7.41422e+06 180458 43.0843 7.9921
1010101 FRAC0_S 0 1 -14118.9 -29454.8 8413.63 1.02694e+07 7.92717e+06 -5.27108e+06 18692.6 -39.3036 15.8547
1010101 FRAC0_S 0 1 -14336 -29214.8 8409.2 9.52776e+06 3.58785e+06 -1.36831e+06 9485.34 -30.3845 7.07422