
Step FractureNumber TipNr TipActive TipX TipY TipZ KI KII KIII G Phi Psi Extension
1010000 FRAC0_S 0 1 15365.1 44082.3 8500 -41601 -638869 -362155 53.8143 59.5027 23.1117
1010000 FRAC0_S 0 1 15661.6 44265.6 8500 -29486 -482644 -504104 54.5558 50.7014 30.5718
1010000 FRAC0_S 0 1 15834.9 44472.2 8500 -20947.7 -201232 -546240 43.2928 31.8623 38.7715
1010000 FRAC0_S 0 1 15957.1 44756 8500 -18411.9 51847.5 -546249 39.9252 -11.2787 43.2038
1010000 FRAC0_S 0 1 15985.6 45063.7 8500 -13630.1 339756 -552990 50.9574 -42.6432 35.3049
1010000 FRAC0_S 0 1 15917.7 45365.2 8500 -5022.36 496491 -409018 44.2162 -55.5258 28.3792
1010000 FRAC0_S 0 1 15744.4 45649.6 8500 -9818.86 652996 -228628 44.9488 -64.9917 17.834
1010000 FRAC0_S 0 1 15527.8 45834.8 8500 1768.66 775059 -136988 56.026 -68.3861 10.9512
1010000 FRAC0_S 0 1 15244 45957 8500 5834.79 583867 20534.9 30.4368 -69.8693 -2.58738
1010000 FRAC0_S 0 1 14936.3 45985.6 8500 33276 872912 243738 75.8996 -65.9378 -15.0502
1010000 FRAC0_S 0 1 14634.9 45917.7 8500 17341.5 525936 275409 34.7635 -61.0493 -22.5049
1010000 FRAC0_S 0 1 14369.1 45760 8500 3178.27 547421 378300 45.7382 -58.1941 -26.2927
1010000 FRAC0_S 0 1 14165.1 45527.8 8500 14641.7 254500 589469 52.0049 -35.3472 -37.9959
1010000 FRAC0_S 0 1 14042.9 45244 8500 255.581 41290.1 536448 38.4262 -9.64394 -43.967
1010000 FRAC0_S 0 1 14014.4 44936.3 8500 -18542.7 -285530 537236 45.6518 39.4514 -36.3521
1010000 FRAC0_S 0 1 14082.3 44634.8 8500 -32046.5 -582728 523847 66.7565 53.3152 -28.9006
1010000 FRAC0_S 0 1 14240 44369.1 8500 -31105.4 -724861 330453 61.344 62.2472 -20.6719
1010000 FRAC0_S 0 1 14472.2 44165.2 8500 -36428.7 -832115 155127 64.9017 67.5489 -11.0623
1010000 FRAC0_S 0 1 14756 44043 8500 -44115.3 -661352 -25798.4 39.064 69.3602 2.7107
1010000 FRAC0_S 0 1 15063.7 44014.4 8500 -15685.9 -655565 -243447 46.1788 64.3819 18.4221
Step FractureNumber TipNr TipActive TipX TipY TipZ KI KII KIII G Phi Psi Extension
1010101 FRAC0_S 0 1 15385.4 44035.7 8584.98 536084 -156754 -233687 35.0616 21.6822 17.5738
1010101 FRAC0_S 0 1 15673.8 44192.5 8573.44 603751 -405308 -493221 79.4749 32.6761 22.0515
1010101 FRAC0_S 0 1 15904.7 44431.2 8540.85 345648 -252625 -559544 57.9741 27.2142 29.9882
1010101 FRAC0_S 0 1 16040.9 44733.8 8486.48 232769 63532.4 -602769 53.5108 -9.5435 37.461
1010101 FRAC0_S 0 1 16059.2 45065.3 8440.63 468904 305130 -491596 60.0309 -29.6839 25.318
1010101 FRAC0_S 0 1 15970.4 45383.6 8419.19 667703 307037 -344078 63.8741 -28.7996 18.1039
1010101 FRAC0_S 0 1 15794.2 45657.4 8410.83 867144 259890 -104057 74.4641 -26.4351 6.35714
1010101 FRAC0_S 0 1 15547.8 45865.5 8407.38 962818 102587 -169594 87.3697 -11.1463 10.0889
1010101 FRAC0_S 0 1 15252.4 45991.7 8406.98 1.26602e+06 261098 -41624.1 149.131 -21.3622 2.04638
1010101 FRAC0_S 0 1 14932.6 46025.5 8409 1.23462e+06 320562 66477.5 145.574 -24.9393 -3.14204
1010101 FRAC0_S 0 1 14616.8 45960.5 8412.18 1.04493e+06 367641 212955 115.373 -28.0828 -9.65216
1010101 FRAC0_S 0 1 14330.5 45802.3 8421.17 623344 322120 385345 63.6198 -29.7857 -19.8186
1010101 FRAC0_S 0 1 14098.3 45565.8 8445.64 319078 220355 437021 38.8005 -28.0288 -28.2994
1010101 FRAC0_S 0 1 13958.6 45265.8 8493.05 234185 -167469 462359 35.8184 24.506 -32.2901
1010101 FRAC0_S 0 1 13938.1 44934.3 8547.63 396329 -298444 576625 66.1561 29.0061 -28.5879
1010101 FRAC0_S 0 1 14026.4 44615 8578.1 584582 -314775 397277 60.2728 29.8615 -20.8006
1010101 FRAC0_S 0 1 14203.2 44340.6 8587.4 757513 -306861 320299 73.1692 27.5879 -16.277
1010101 FRAC0_S 0 1 14450.9 44133 8591.73 712396 -232781 223484 56.6953 25.1088 -13.7092
1010101 FRAC0_S 0 1 14747.3 44007 8592.44 753706 -241762 49041 56.1492 28.6542 -3.58945
1010101 FRAC0_S 0 1 15067.6 43972.5 8590.02 906873 -396664 -137266 89.8126 33.2375 7.13158