
Step FractureNumber TipNr TipActive TipX TipY TipZ KI KII KIII G Phi Psi Extension
1010000 FRAC0_S 0 1 -29408.9 179.47 7729.37 -7.15124e+06 -6.08209e+06 -5.80863e+06 7783.78 37.5753 20.7227
1010000 FRAC0_S 0 1 -29607.2 413.642 7693.64 -1.01151e+07 -4.73832e+06 -9.19694e+06 13250.3 24.8653 25.0018
1010000 FRAC0_S 0 1 -29844.1 607.323 7736.85 -7.96584e+06 -463946 -7.75548e+06 8018.8 3.95555 29.7983
1010000 FRAC0_S 0 1 -30096.3 741.556 7854.75 -1.09517e+07 3.31829e+06 -9.1865e+06 12205.3 -18.4044 25.4864
1010000 FRAC0_S 0 1 -30339 803.199 8035.82 -1.5715e+06 62069.8 -3.18625e+06 1350.59 -1.79132 37.1421
1010000 FRAC0_S 0 1 -30548.6 786.22 8262.31 6.81118e+06 -1.5162e+06 -1.15445e+07 22064.5 10.2743 34.1764
1010000 FRAC0_S 0 1 -30704.4 692.281 8512.08 2.1908e+07 -7.71114e+06 -1.35736e+07 72572.2 22.7629 21.253
1010000 FRAC0_S 0 1 -30791.2 530.576 8760.67 -1.09192e+07 6.46796e+06 -1.75391e+06 4137.01 -39.3146 6.87014
1010000 FRAC0_S 0 1 -30800.7 316.935 8983.74 -1.04824e+07 5.03423e+06 -953456 2379.27 -36.2524 4.40485
1010000 FRAC0_S 0 1 -30731.7 72.2695 9159.46 -1.01524e+07 3.8024e+06 -678302 1349.56 -31.6524 3.54471
1010000 FRAC0_S 0 1 -30591.1 -179.47 9270.63 -1.07977e+07 3.65248e+06 -590041 1235.08 -29.8704 3.00923
1010000 FRAC0_S 0 1 -30392.8 -413.642 9306.36 -1.08405e+07 3.49855e+06 64483.7 1091.24 -29.8754 -0.348539
1010000 FRAC0_S 0 1 -30155.9 -607.323 9263.15 -9.06575e+06 2.58843e+06 551047 637.422 -26.5423 -3.45431
1010000 FRAC0_S 0 1 -29903.7 -741.556 9145.25 4.08017e+06 1.79605e+07 1.40099e+07 56333.5 -52.3739 -25.3285
1010000 FRAC0_S 0 1 -29661 -803.199 8964.18 -1.12255e+07 -651655 2.99921e+06 1234.21 5.99832 -14.3841
1010000 FRAC0_S 0 1 -29453.9 -786.969 8740.9 -7.46313e+06 -2.20289e+06 1.94276e+06 934.414 24.0459 -12.1293
1010000 FRAC0_S 0 1 -29295.6 -692.281 8487.92 -1.6696e+07 -1.90846e+07 1.01014e+07 46027 46.122 -15.573
1010000 FRAC0_S 0 1 -29208.8 -530.576 8239.33 2.10332e+07 3.48324e+06 9.51134e+06 52535 -13.5975 -19.224
1010000 FRAC0_S 0 1 -29199.3 -316.935 8016.26 3.01431e+06 -2.48404e+07 6.67486e+06 61720.2 64.4883 -13.8449
1010000 FRAC0_S 0 1 -29268.3 -72.2695 7840.54 -8.04684e+06 -8.55777e+06 -4.26033e+06 8940.01 45.6454 14.5507
Step FractureNumber TipNr TipActive TipX TipY TipZ KI KII KIII G Phi Psi Extension
1010101 FRAC0_S 0 1 -29329.2 228.885 7702.27 -8.48183e+06 -2.81043e+06 -6.54992e+06 6409.73 20.3154 24.1868
1010101 FRAC0_S 0 1 -29551.5 473.513 7643.82 -5.63101e+06 -7.47241e+06 -1.0662e+07 20094.7 37.099 28.3515
1010101 FRAC0_S 0 1 -29826.1 668.808 7667.79 -5.82276e+06 -210506 -8.45369e+06 9508.77 2.01952 34.2789
1010101 FRAC0_S 0 1 -30114.2 804.262 7784.17 -8.61436e+06 9.64239e+06 -3.28955e+06 9724.27 -48.6336 11.1393
1010101 FRAC0_S 0 1 -30375 878.347 7988.02 -9.67135e+06 5.48187e+06 -6.02084e+06 7499.16 -31.5535 19.5111
1010101 FRAC0_S 0 1 -30590.6 872.144 8249.29 -1.07752e+07 4.89637e+06 -4.14136e+06 4417.43 -30.3231 14.862
1010101 FRAC0_S 0 1 -30761.8 759.167 8516.43 -9.59197e+06 5.66263e+06 -3.65389e+06 4633.02 -35.6486 13.8405
1010101 FRAC0_S 0 1 -30876.3 552.743 8759.79 -1.25769e+07 6.07085e+06 2.266e+06 3967.09 -34.7409 -8.06387
1010101 FRAC0_S 0 1 -30898.4 308.03 8989.01 -1.0371e+07 1.62907e+06 1.45003e+06 516.128 -15.9298 -8.02548
1010101 FRAC0_S 0 1 -30823.4 47.041 9183.79 366798 1.98043e+06 -4.06008e+06 2553.9 -36.585 36.1753
1010101 FRAC0_S 0 1 -30670.6 -224.011 9307.22 -6.97537e+06 7.57114e+06 -433909 5133.02 -52.8761 2.23159
1010101 FRAC0_S 0 1 -30454.4 -477.508 9347.93 -4.95427e+06 5.36131e+06 -240673 2569.05 -53.0473 1.76118
1010101 FRAC0_S 0 1 -30201.6 -686.887 9293.86 -7.065e+06 9.82671e+06 2.69973e+06 9574.21 -52.6106 -10.1219
1010101 FRAC0_S 0 1 -29923.6 -826.25 9166.35 -2.83512e+07 795792 -6.51392e+06 5699.78 -3.08932 13.1466
1010101 FRAC0_S 0 1 -29632.3 -875.804 9000.49 -1.06559e+07 -375327 4.60735e+06 2835.83 3.31968 -20.1156
1010101 FRAC0_S 0 1 -29381.6 -831.257 8783.82 -7.69678e+06 -8.7152e+06 3.99221e+06 8888.04 47.0272 -13.9979
1010101 FRAC0_S 0 1 -29215.5 -724.503 8509.87 -6.6617e+06 -1.1772e+07 1.83899e+06 12798.7 57.6922 -6.80401
1010101 FRAC0_S 0 1 -29132.1 -555.64 8237.66 -5.51848e+06 -1.19288e+07 388039 12700.1 62.3229 -1.68141
1010101 FRAC0_S 0 1 -29116.5 -305.196 8020.61 475179 -1.36e+07 -2.42294e+06 17282.7 67.84 10.7435
1010101 FRAC0_S 0 1 -29179.3 -32.2122 7838.94 -1.80812e+06 -1.35672e+07 -7.59154e+06 24067.4 58.2748 22.1768