
Step FractureNumber TipNr TipActive TipX TipY TipZ KI KII KIII G Phi Psi Extension
1010000 FRAC0_S 0 1 -29506.6 -7194.16 7700.85 -3.12262e+06 2.01305e+06 -5.06248e+06 3769.72 -24.9076 30.5881
1010000 FRAC0_S 0 1 -29727.9 -6978.54 7706.52 1.57961e+07 -2.81994e+06 215336 22949.2 19.3949 -0.887611
1010000 FRAC0_S 0 1 -29975.9 -6813.96 7789.85 -1.3604e+06 -1.25557e+06 -7.47531e+06 7572.55 16.3353 39.6716
1010000 FRAC0_S 0 1 -30226.2 -6716.54 7942.71 -3.37987e+06 7.34511e+06 -1.98869e+06 5333.55 -57.5183 11.3934
1010000 FRAC0_S 0 1 -30454.3 -6695.81 8150.11 -2.59382e+06 7.76793e+06 775168 5456.88 -63.5943 -5.2692
1010000 FRAC0_S 0 1 -30638 -6753.8 8391.77 4.61623e+06 476744 4.98742e+06 5227.43 -6.46462 -30.5135
1010000 FRAC0_S 0 1 -30759.2 -6884.83 8644.02 1.17994e+07 -2.46951e+06 45263.6 12950.1 22.0697 -0.246318
1010000 FRAC0_S 0 1 -30806.1 -7076.08 8882.17 104826 -947812 3.91719e+06 2121.84 24.1538 -40.9779
1010000 FRAC0_S 0 1 -30774.1 -7308.82 9082.91 1.26367e+06 -3.49005e+06 2.3253e+06 1946.83 52.0075 -22.0606
1010000 FRAC0_S 0 1 -30666.3 -7560.28 9226.59 -1.04287e+07 -1.27624e+07 6.44513e+06 20039 47.3077 -15.4023
1010000 FRAC0_S 0 1 -30493.4 -7805.84 9299.15 1.78599e+06 -5.98564e+06 137960 3479.4 65.8583 -1.35044
1010000 FRAC0_S 0 1 -30272.1 -8021.46 9293.48 -1.24624e+07 -1.16809e+07 2.00527e+06 12693.2 48.5711 -5.78756
1010000 FRAC0_S 0 1 -30024.1 -8186.04 9210.15 1.27619e+06 -5.05579e+06 -2.02053e+06 2965.85 59.0949 16.9376
1010000 FRAC0_S 0 1 -29773.8 -8283.46 9057.29 -2.75541e+06 -8.38314e+06 -5.06419e+06 9673.31 53.6961 21.1553
1010000 FRAC0_S 0 1 -29545.7 -8304.19 8849.89 83105.3 -3.4238e+06 -2.88068e+06 2148.88 54.9298 28.4649
1010000 FRAC0_S 0 1 -29362 -8246.2 8608.23 -1.13095e+07 -7.44058e+06 -6.14833e+06 9960.99 35.586 17.2488
1010000 FRAC0_S 0 1 -29240.8 -8115.17 8355.98 -1.71191e+06 -3.18086e+06 -3.83181e+06 2854.42 41.7374 27.8919
1010000 FRAC0_S 0 1 -29193.9 -7923.92 8117.83 -2.12086e+06 -2.43375e+06 -4.22936e+06 2906.84 33.4158 29.9055
1010000 FRAC0_S 0 1 -29225.9 -7691.18 7917.09 -2.595e+06 -1.43427e+06 -4.70457e+06 3127 21.103 32.4404
1010000 FRAC0_S 0 1 -29333.7 -7439.72 7773.41 -2.50608e+07 -9.29568e+06 -1.13762e+07 24912.5 25.5645 17.3608
Step FractureNumber TipNr TipActive TipX TipY TipZ KI KII KIII G Phi Psi Extension
1010101 FRAC0_S 0 1 -29463.5 -7167.43 7627.49 -2.28444e+06 1.40355e+06 -4.20507e+06 2527.33 -22.6815 32.1886
1010101 FRAC0_S 0 1 -29694.8 -6923.14 7640.39 -4.74027e+06 3.78288e+06 -4.57568e+06 4059.78 -34.5931 23.2201
1010101 FRAC0_S 0 1 -29970.6 -6756.81 7729.57 -1.29766e+06 -972182 -8.94564e+06 10727.5 11.6095 41.2197
1010101 FRAC0_S 0 1 -30270.1 -6702.75 7873.15 1.31387e+07 -1.57317e+07 1.08467e+07 53083.5 44.4708 -18.8405
1010101 FRAC0_S 0 1 -30523.3 -6687.95 8092.28 4.14225e+06 5.70944e+06 739713 4506.53 -55.1277 -5.28662
1010101 FRAC0_S 0 1 -30703.7 -6703.54 8375 -1.55149e+07 1.88083e+07 7.34488e+06 38697.8 -48.9314 -12.7238
1010101 FRAC0_S 0 1 -30814.3 -6812.29 8672 -554270 2.07075e+06 4.18906e+06 2716.02 -36.0805 -35.4798
1010101 FRAC0_S 0 1 -30844.6 -7010.48 8940.89 1.98842e+06 -637485 4.44181e+06 3012.59 12.0581 -35.9863
1010101 FRAC0_S 0 1 -30789 -7254.84 9161.63 1.42692e+06 -1.06473e+07 8.05696e+06 18917 54.4642 -25.9315
1010101 FRAC0_S 0 1 -30660.6 -7516.77 9314.65 1.10717e+07 -1.32886e+06 1.14129e+06 11254 13.0641 -6.33936
1010101 FRAC0_S 0 1 -30471.7 -7774.16 9389.23 8.28351e+06 -1.41595e+06 -353547 6309.7 18.3301 2.70231
1010101 FRAC0_S 0 1 -30239.3 -8003.81 9384.76 6.49756e+06 1.82643e+06 -1.27933e+06 4277.01 -24.0943 9.80535
1010101 FRAC0_S 0 1 -29978.7 -8177.12 9297.48 6.46129e+06 -1.49659e+06 -3.17334e+06 5259.09 17.5576 19.5546
1010101 FRAC0_S 0 1 -29713.3 -8280.09 9135.78 4.78664e+06 -1.37822e+06 -3.54678e+06 3884.04 18.4583 24.0848
1010101 FRAC0_S 0 1 -29472.3 -8311.02 8914.3 5.17836e+06 -44666.8 -6.74857e+06 8446.95 0.521374 33.4832
1010101 FRAC0_S 0 1 -29276.6 -8262.01 8653.28 2.14218e+06 -2.60226e+06 -3.63156e+06 2766.39 36.7387 27.6149
1010101 FRAC0_S 0 1 -29146.4 -8127.15 8380.27 2.11361e+06 -2.17931e+06 -3.55334e+06 2500.59 33.485 28.5559
1010101 FRAC0_S 0 1 -29096.5 -7927.26 8115.91 5.53699e+06 -1.14652e+07 2.79842e+06 15487.1 57.5951 -10.3646
1010101 FRAC0_S 0 1 -29132.6 -7683.21 7889.47 -4.13304e+06 3.41041e+06 -7.5515e+06 8620.77 -28.0572 30.762
1010101 FRAC0_S 0 1 -29262.1 -7422.88 7719.69 -1.7423e+06 -563156 -5.71636e+06 4374.27 9.48345 38.8255