
Step FractureNumber TipNr TipActive TipX TipY TipZ KI KII KIII G Phi Psi Extension
1010000 FRAC0_S 0 1 -15000 29248.7 7858.8 1.3418e+07 4.48866e+06 2.19881e+07 82141.3 -14.8656 -32.9655
1010000 FRAC0_S 0 1 -15000 29487.6 7655.6 8.55857e+06 2.13507e+06 7.88415e+06 15200.7 -15.1651 -27.1587
1010000 FRAC0_S 0 1 -15000 29773.6 7538.6 1.01582e+07 -1.16143e+06 9.1592e+06 20472.8 7.71479 -28.2845
1010000 FRAC0_S 0 1 -15000 30081.8 7515.7 9.72783e+06 -4.61475e+06 8.21727e+06 19310.8 25.7088 -24.0327
1010000 FRAC0_S 0 1 -15000 30382 7589.16 1.09917e+07 -8.73878e+06 7.61529e+06 25284 37.5907 -19.1624
1010000 FRAC0_S 0 1 -15000 30644.7 7751.78 8.03615e+06 7.7042e+06 1.03649e+07 25332.2 -35.2201 -25.7672
1010000 FRAC0_S 0 1 -15000 30844.5 7987.64 7.23739e+06 -8.04738e+06 1.24739e+06 10645.3 51.5617 -5.6974
1010000 FRAC0_S 0 1 -15000 30961.5 8273.65 6.66237e+06 -6.63074e+06 -1.14619e+06 8047.94 49.5286 5.98369
1010000 FRAC0_S 0 1 -15000 30984.3 8581.81 4.83241e+06 -3.26698e+06 -2.29372e+06 3731.73 37.091 15.607
1010000 FRAC0_S 0 1 -15000 30910.8 8881.97 533362 7.69818e+06 -8.69132e+06 15352.9 -49.2005 31.3552
1010000 FRAC0_S 0 1 -15000 30748.2 9144.74 8.15265e+06 -6.87626e+06 -7.89828e+06 18433.1 35.6919 22.9542
1010000 FRAC0_S 0 1 -15000 30512.4 9344.4 930368 4.3431e+06 550119 1798.22 -65.476 -7.07372
1010000 FRAC0_S 0 1 -15000 30226.4 9461.4 -3.39868e+06 -1.10296e+07 1.24731e+07 31532.3 45.633 -29.0712
1010000 FRAC0_S 0 1 -15000 29918.2 9484.3 691071 3.35629e+06 2.99688e+06 2240.86 -50.8133 -27.2112
1010000 FRAC0_S 0 1 -15000 29618 9410.84 958681 1.76858e+06 2.49902e+06 1191.22 -39.3601 -29.7516
1010000 FRAC0_S 0 1 -15000 29355.3 9248.22 2.2552e+06 2.1926e+06 2.79537e+06 1920.88 -35.9653 -25.1876
1010000 FRAC0_S 0 1 -15000 29155.5 9012.36 3.22423e+06 2.5707e+06 2.66314e+06 2458.51 -36.0845 -21.2878
1010000 FRAC0_S 0 1 -15000 29038.5 8726.35 -2.95288e+06 -7.83467e+06 1.0906e+07 21288.8 41.4312 -30.8726
1010000 FRAC0_S 0 1 -15000 29015.7 8418.19 1.07831e+07 1.66523e+07 1.18636e+07 53790.3 -46.7542 -20.5393
1010000 FRAC0_S 0 1 -15000 29089.2 8118.03 6.49311e+06 4.82529e+06 4.84053e+06 8948 -35.5641 -20.4042
Step FractureNumber TipNr TipActive TipX TipY TipZ KI KII KIII G Phi Psi Extension
1010101 FRAC0_S 0 1 -15033.9 29183.9 7795.22 7.31383e+06 1.84973e+06 5.90463e+06 9708.57 -16.1311 -25.4978
1010101 FRAC0_S 0 1 -15016.1 29438.7 7574.46 1.15368e+07 2.43393e+06 9.91346e+06 25459.1 -13.5398 -26.6898
1010101 FRAC0_S 0 1 -14989 29751.7 7447.29 4.3784e+06 -1.00595e+07 1.40683e+06 10988.8 60.6681 -6.66535
1010101 FRAC0_S 0 1 -14959.7 30087.6 7428.42 1.31373e+07 551439 9.40631e+06 27174.1 -3.30286 -26.2943
1010101 FRAC0_S 0 1 -14973 30412.5 7514.7 1.14847e+07 -4.28348e+06 9.05609e+06 24296.1 22.0731 -24.0632
1010101 FRAC0_S 0 1 -14994 30692.4 7694.5 9.31477e+06 -7.65596e+06 4.32021e+06 15437 41.291 -14.4685
1010101 FRAC0_S 0 1 -14956.2 30900.1 7952.33 1.31754e+07 -4.40922e+06 960422 17323.8 29.329 -3.951
1010101 FRAC0_S 0 1 -14927.3 31026.2 8259.81 1.29672e+07 -2.98199e+06 -529696 15813.3 23.042 2.47313
1010101 FRAC0_S 0 1 -14969.7 31054.9 8587.72 1.49022e+07 -1.10868e+07 4.01143e+06 32882.3 42.1777 -9.83959
1010101 FRAC0_S 0 1 -15008.2 30976.2 8909.51 2.74761e+06 1.47223e+06 -2.97485e+06 2042.88 -25.7167 26.6095
1010101 FRAC0_S 0 1 -15012.5 30799.4 9186.44 2.21334e+06 3.61998e+06 -993002 1735.4 -54.5566 10.6481
1010101 FRAC0_S 0 1 -15013 30542.5 9392.41 2.21569e+06 3.94746e+06 811329 1913.57 -56.8142 -8.62703
1010101 FRAC0_S 0 1 -15006.3 30238.5 9520.05 967545 4.17941e+06 2.35038e+06 2374.67 -56.2906 -21.2094
1010101 FRAC0_S 0 1 -15036.8 29912.1 9550.62 1.96846e+06 697543 1.93134e+06 884.741 -19.6304 -26.9438
1010101 FRAC0_S 0 1 -15065.8 29588.5 9477.56 4.60466e+06 4.44327e+06 4.84086e+06 6765.37 -37.6242 -23.1775
1010101 FRAC0_S 0 1 -15059.9 29304.1 9307.18 1.06009e+06 -2.44609e+06 2.01013e+06 1170.72 48.316 -24.0411
1010101 FRAC0_S 0 1 -15027.6 29089.6 9052.95 6.22333e+06 3.87677e+06 3.31832e+06 6254.98 -34.605 -17.271
1010101 FRAC0_S 0 1 -14999.9 28967.8 8744.01 4.57106e+06 4.23612e+06 3.08509e+06 4726.83 -40.9872 -18.0139
1010101 FRAC0_S 0 1 -15034.4 28944.6 8411.78 5.0682e+06 2.3533e+06 4.00604e+06 4916.86 -25.862 -23.2882
1010101 FRAC0_S 0 1 -15053.7 29016.3 8085.11 2.9443e+07 9.08658e+06 1.81182e+07 128266 -20.6556 -21.5717