
Step FractureNumber TipNr TipActive TipX TipY TipZ KI KII KIII G Phi Psi Extension
1010000 FRAC0_S 0 1 -7027.38 7829.58 7697.8 -7.97802e+06 -2.55622e+06 4.23201e+06 2964.29 22.138 -19.6442
1010000 FRAC0_S 0 1 -7252.44 8040.9 7711.54 -7.49282e+06 -4.32539e+06 3.24992e+06 3071.9 34.4197 -15.2881
1010000 FRAC0_S 0 1 -7501.73 8199.26 7802.46 -6.52161e+06 -4.92336e+06 1.93545e+06 2658.19 42.0361 -10.5921
1010000 FRAC0_S 0 1 -7750.84 8289.18 7961.67 -5.68153e+06 -5.81896e+06 1.99358e+06 3545.88 47.3545 -10.8033
1010000 FRAC0_S 0 1 -7975.41 8301.85 8173.57 -1.59179e+06 -7.05001e+06 1.27444e+06 4645.02 64.1517 -9.47953
1010000 FRAC0_S 0 1 -8153.44 8236.02 8417.42 -350767 -5.77841e+06 1.59248e+06 3312.67 65.5667 -14.6828
1010000 FRAC0_S 0 1 -8267.51 8098.15 8669.36 -7.13436e+06 6.6613e+06 9.97804e+06 17195.7 -33.7318 -26.9242
1010000 FRAC0_S 0 1 -8306.44 7901.73 8904.71 5.59294e+06 -9.03895e+06 1.40964e+06 10332.2 56.661 -6.5994
1010000 FRAC0_S 0 1 -8266.44 7665.98 9100.46 7.8229e+06 -9.37839e+06 482233 13321.9 54.5598 -2.10253
1010000 FRAC0_S 0 1 -8151.41 7413.99 9237.42 9.16694e+06 -9.9905e+06 -1.16889e+06 16564 51.9003 4.37636
1010000 FRAC0_S 0 1 -7972.62 7170.42 9302.2 9.83368e+06 -9.43963e+06 -3.21966e+06 17936 46.4252 10.4888
1010000 FRAC0_S 0 1 -7747.56 6959.1 9288.46 1.02044e+07 -7.31057e+06 -5.28915e+06 17762.1 37.6873 16.316
1010000 FRAC0_S 0 1 -7498.27 6800.74 9197.54 -691268 -1.25655e+07 -1.14443e+07 31489.1 53.1038 29.0547
1010000 FRAC0_S 0 1 -7249.16 6710.82 9038.33 7.04858e+06 175005 -6.26173e+06 9644.76 -1.80505 29.1032
1010000 FRAC0_S 0 1 -7024.59 6698.15 8826.43 4.93505e+06 4.25799e+06 -5.12807e+06 7283.37 -35.4371 23.6988
1010000 FRAC0_S 0 1 -6846.56 6763.98 8582.58 -3.01879e+06 1.5374e+07 -8.53931e+06 30760.3 -57.1077 21.4138
1010000 FRAC0_S 0 1 -6732.49 6901.85 8330.64 -1.41563e+06 7.05795e+06 254841 4447.62 -67.4361 -2.24922
1010000 FRAC0_S 0 1 -6693.56 7098.27 8095.29 -2.44331e+06 3.93513e+06 1.93763e+06 1879.23 -50.5734 -16.3824
1010000 FRAC0_S 0 1 -6733.56 7334.02 7899.54 -6.53845e+06 3.15375e+06 4.57825e+06 3674.03 -27.521 -21.6274
1010000 FRAC0_S 0 1 -6848.59 7586.01 7762.58 -7.97698e+06 -256155 5.19742e+06 3598.6 2.6447 -25.2428
Step FractureNumber TipNr TipActive TipX TipY TipZ KI KII KIII G Phi Psi Extension
1010101 FRAC0_S 0 1 -6963.87 7878.22 7644.77 -6.82075e+06 -6.71432e+06 5.12551e+06 7511.29 41.3113 -18.9346
1010101 FRAC0_S 0 1 -7218.88 8131.42 7683.62 -1.9705e+06 -7.39804e+06 -3.49028e+06 6497.3 57.3758 18.7403
1010101 FRAC0_S 0 1 -7482.7 8298.57 7799.54 3.38935e+06 -5.90388e+06 -4.42145e+06 6729.71 47.2952 21.7164
1010101 FRAC0_S 0 1 -7720.84 8382.13 7970.38 1.47694e+06 -5.5196e+06 81705.5 2910.09 66.6057 -0.895971
1010101 FRAC0_S 0 1 -7947.31 8390.52 8206.01 -8.59652e+06 -475788 87879.6 21.1993 7.08287 -0.745267
1010101 FRAC0_S 0 1 -8157.27 8304.13 8446.91 3.07811e+06 -2.57021e+06 2.03405e+06 1983.22 39.0032 -18.3386
1010101 FRAC0_S 0 1 -8308.71 8145.79 8690.42 6.11187e+06 -1.20775e+07 2.79454e+06 17365.4 57.3895 -9.80242
1010101 FRAC0_S 0 1 -8328.42 7955.79 8956.21 1.08173e+07 -2.39741e+06 527958 10976.3 22.2928 -2.94786
1010101 FRAC0_S 0 1 -8263.39 7722.03 9182.17 1.45308e+07 1.78375e+06 1.55208e+06 19419 -13.2795 -6.52684
1010101 FRAC0_S 0 1 -8146.32 7452.92 9328.2 1.51042e+07 1.85415e+06 -624930 20687.5 -13.9846 2.73053
1010101 FRAC0_S 0 1 -7963.15 7187.83 9398.6 1.60742e+07 1.1168e+06 -2.75397e+06 24144.2 -7.61968 10.1409
1010101 FRAC0_S 0 1 -7726.05 6960.71 9384.29 1.41815e+07 601029 -4.75679e+06 20962.9 -4.24017 17.0331
1010101 FRAC0_S 0 1 -7465.38 6780.14 9279.6 1.03463e+07 1.135e+06 -4.40289e+06 12231.9 -9.64625 19.0851
1010101 FRAC0_S 0 1 -7224.37 6645.99 9085.17 1.04735e+07 444738 -5.61705e+06 13988.8 -3.71484 22.6885
1010101 FRAC0_S 0 1 -7018.97 6605.68 8825.34 7.21221e+06 -2.48292e+06 -3.07124e+06 6439.01 24.5807 16.8548
1010101 FRAC0_S 0 1 -6857.28 6675.46 8544 1.29324e+07 1.80906e+06 -205065 15200.7 -15.9195 1.06394
1010101 FRAC0_S 0 1 -6745.57 6823.73 8272.06 1.46657e+07 3.18023e+06 4.06758e+06 22267.9 -18.8433 -13.3413
1010101 FRAC0_S 0 1 -6685.26 7033.52 8024.86 1.19314e+07 8.62101e+06 7.50092e+06 26791.5 -36.4124 -18.4964
1010101 FRAC0_S 0 1 -6693.54 7298.46 7823.61 -4.30812e+06 4.39728e+06 4.41634e+06 4317.08 -39.0549 -22.514
1010101 FRAC0_S 0 1 -6787.26 7594.47 7693.1 -6.92429e+06 -1.38744e+06 4.46306e+06 2820.74 14.3793 -23.2226