
Step FractureNumber TipNr TipActive TipX TipY TipZ KI KII KIII G Phi Psi Extension
1010000 FRAC0_S 0 1 -29799.2 -29424 7723.21 -6.35043e+06 -7.3228e+06 -859354 4876.6 52.7711 4.49698
1010000 FRAC0_S 0 1 -30050.4 -29277.8 7828.17 -5.24336e+06 -5.53365e+06 -1.71686e+06 3120.69 48.2755 10.0953
1010000 FRAC0_S 0 1 -30296.6 -29202.2 7998.91 -4.20283e+06 -3.35402e+06 -2.65295e+06 1938.51 38.4371 18.0397
1010000 FRAC0_S 0 1 -30513.8 -29204.8 8218.7 -5.17214e+06 -2.93223e+06 -3.49479e+06 2390.57 30.9181 20.5054
1010000 FRAC0_S 0 1 -30692.7 -29295.6 8488.26 -4.09339e+06 -265094 -3.38271e+06 1528.15 4.71215 27.7828
1010000 FRAC0_S 0 1 -30781.1 -29435.6 8716.66 -5.04684e+06 1.35474e+06 -3.60354e+06 1890.62 -17.6733 23.8124
1010000 FRAC0_S 0 1 -30804.9 -29641.2 8946.1 -4.78536e+06 2.79445e+06 -3.04672e+06 1930.43 -31.975 19.6506
1010000 FRAC0_S 0 1 -30749.9 -29882 9131.87 -4.94369e+06 4.11846e+06 -2.26621e+06 2194.51 -41.6455 14.2831
1010000 FRAC0_S 0 1 -30621.5 -30134.2 9255.79 -4.94433e+06 4.97496e+06 -1.2764e+06 2422.18 -48.3888 8.46372
1010000 FRAC0_S 0 1 -30432.3 -30373.4 9305.73 -5.96306e+06 6.29093e+06 -190601 3531.43 -52.8839 1.1869
1010000 FRAC0_S 0 1 -30200.8 -30576 9276.79 -5.092e+06 5.30949e+06 960925 2634.88 -50.1351 -6.36047
1010000 FRAC0_S 0 1 -29973.9 -30711.4 9185.29 -5.17307e+06 4.88696e+06 1.94459e+06 2631.09 -45.392 -11.7691
1010000 FRAC0_S 0 1 -29703.4 -30797.8 9001.09 -5.4202e+06 4.09687e+06 3.14213e+06 2808.76 -37.9764 -17.3273
1010000 FRAC0_S 0 1 -29486.2 -30795.2 8781.3 -5.19325e+06 2.35373e+06 3.5855e+06 2203.49 -26.471 -21.6987
1010000 FRAC0_S 0 1 -29319.2 -30714.8 8533.98 -3.66381e+06 23402.9 3.13867e+06 1310.27 -0.479174 -28.8886
1010000 FRAC0_S 0 1 -29218.9 -30564.4 8283.34 -5.40206e+06 -1.01511e+06 4.20825e+06 2447.17 12.7362 -25.7159
1010000 FRAC0_S 0 1 -29195.1 -30358.8 8053.9 -4.13736e+06 -2.54529e+06 2.95174e+06 1736.1 32.1006 -20.7997
1010000 FRAC0_S 0 1 -29250.1 -30118 7868.13 -5.71096e+06 -4.6257e+06 3.30511e+06 3359.56 39.4233 -16.9607
1010000 FRAC0_S 0 1 -29378.5 -29865.8 7744.21 -5.85315e+06 -5.90355e+06 2.18417e+06 3740.15 46.733 -11.4105
1010000 FRAC0_S 0 1 -29567.7 -29626.6 7694.27 -5.99168e+06 -6.67461e+06 857128 4067.6 52.0463 -4.81116
Step FractureNumber TipNr TipActive TipX TipY TipZ KI KII KIII G Phi Psi Extension
1010101 FRAC0_S 0 1 -29742.1 -29343.2 7720.69 2.44832e+06 -8.12751e+06 -341157 6435.91 65.4298 2.40528
1010101 FRAC0_S 0 1 -30013 -29186.8 7825.72 1.26821e+06 -7.18858e+06 -1.71502e+06 5139.33 63.9789 12.2131
1010101 FRAC0_S 0 1 -30284.3 -29105.1 7997.75 -366214 -7.07785e+06 -3.22249e+06 5845.19 62.0764 20.5528
1010101 FRAC0_S 0 1 -30534.2 -29111.5 8220.68 -2.39143e+06 -4.76521e+06 -3.5517e+06 3701.18 48.4382 22.2404
1010101 FRAC0_S 0 1 -30739.8 -29212.9 8468.82 -3.34276e+06 -997509 -3.70621e+06 1915.56 16.2798 28.9258
1010101 FRAC0_S 0 1 -30872.9 -29410.2 8734.53 -3.9624e+06 2.22456e+06 -4.32034e+06 2923.46 -26.5025 26.4925
1010101 FRAC0_S 0 1 -30901.7 -29639.3 8953.17 -2.69707e+06 4.03222e+06 -3.50386e+06 3081.67 -44.2964 22.8385
1010101 FRAC0_S 0 1 -30843.6 -29909.6 9140.44 -667182 5.52427e+06 -2.56154e+06 3592.09 -60.4754 20.0003
1010101 FRAC0_S 0 1 -30705.8 -30184.9 9262.77 619652 6.32742e+06 -1.43942e+06 3877.41 -65.7803 12.4154
1010101 FRAC0_S 0 1 -30504.1 -30441.3 9310.76 1.24937e+06 5.90426e+06 -384077 3265.11 -66.7128 3.88874
1010101 FRAC0_S 0 1 -30254.8 -30658.8 9281.75 1.09014e+06 5.85307e+06 621853 3210.1 -66.4151 -6.18867
1010101 FRAC0_S 0 1 -29985.6 -30813.7 9177.8 396374 6.28715e+06 1.66832e+06 3906.54 -65.722 -14.2641
1010101 FRAC0_S 0 1 -29713.4 -30894.9 9004.92 -975488 5.52098e+06 2.49261e+06 3542.53 -59.5804 -19.0915
1010101 FRAC0_S 0 1 -29461.5 -30887.1 8783.04 -2.13587e+06 3.39175e+06 2.88536e+06 2132.39 -45.0645 -22.8696
1010101 FRAC0_S 0 1 -29257.3 -30786.4 8533.24 -4.21614e+06 1.46125e+06 4.29334e+06 2641.83 -19.014 -27.4678
1010101 FRAC0_S 0 1 -29132 -30604.1 8277.85 -3.06863e+06 -1.0618e+06 3.27389e+06 1526 18.6369 -28.0368
1010101 FRAC0_S 0 1 -29099 -30362.7 8044.75 -2.82749e+06 -4.26667e+06 4.36696e+06 4158.56 42.4172 -24.9289
1010101 FRAC0_S 0 1 -29156.2 -30091.5 7857.25 -986784 -6.55219e+06 3.58223e+06 5532.3 58.1849 -21.7005
1010101 FRAC0_S 0 1 -29294 -29816 7734.65 640204 -7.16532e+06 2.39816e+06 5376.5 63.7933 -16.5094
1010101 FRAC0_S 0 1 -29495.6 -29559 7688.95 2.22854e+06 -6.71014e+06 1.0688e+06 4606.75 62.4007 -7.95402