
Step FractureNumber TipNr TipActive TipX TipY TipZ KI KII KIII G Phi Psi Extension
1010000 FRAC0_S 0 1 21964 8289.81 8246.2 5.08925e+06 -1.192e+07 3.33711e+06 16450.3 57.9938 -11.9055
1010000 FRAC0_S 0 1 21804.1 8200.81 8495.16 -8.73368e+06 -4.64991e+06 -1.15187e+06 2103.17 37.6226 5.97393
1010000 FRAC0_S 0 1 21707.1 8025.43 8767.51 -2.3087e+07 -1.02881e+06 1.38604e+06 349.825 5.53407 -4.14186
1010000 FRAC0_S 0 1 21697.5 7832.43 8970.09 -7.21692e+06 -3.32048e+06 -1.88964e+06 1457.4 32.41 11.0976
1010000 FRAC0_S 0 1 21761.4 7589.11 9149.57 -3.84753e+06 -3.29944e+06 -2.48285e+06 1789.96 39.7503 17.917
1010000 FRAC0_S 0 1 21897.5 7337.06 9265.47 -5.27541e+06 -1.85035e+06 -2.25053e+06 978.724 24.902 16.8207
1010000 FRAC0_S 0 1 22086.7 7106.93 9306.39 -5.00528e+06 -645437 -2.46133e+06 842.857 10.696 20.6285
1010000 FRAC0_S 0 1 22327.6 6903.95 9268.46 -5.01957e+06 592343 -2.37236e+06 779.802 -10.0011 20.2626
1010000 FRAC0_S 0 1 22579.5 6765.26 9155.27 -6.41321e+06 2.56025e+06 -2.29365e+06 1283.8 -28.1981 14.511
1010000 FRAC0_S 0 1 22850.3 6695.28 8954.47 -7.45852e+06 4.1164e+06 -1.36032e+06 1756.06 -37.4634 7.83783
1010000 FRAC0_S 0 1 23036 6710.19 8753.8 -8.73729e+06 5.05603e+06 -84734.5 2278.91 -41.7136 0.47501
1010000 FRAC0_S 0 1 23195.9 6799.19 8504.84 -9.1036e+06 5.07728e+06 1.44297e+06 2574.07 -38.1034 -6.92236
1010000 FRAC0_S 0 1 23287.8 6956.8 8255.4 -1.00455e+07 4.33815e+06 3.01696e+06 2887.59 -30.5526 -12.5318
1010000 FRAC0_S 0 1 23302.5 7167.57 8029.91 -1.01683e+07 2.71044e+06 4.11771e+06 2909.74 -20.5457 -16.9601
1010000 FRAC0_S 0 1 23238.6 7410.89 7850.43 -3.45225e+07 -6.12923e+06 804666 3433.75 19.1685 -1.50154
1010000 FRAC0_S 0 1 23102.5 7662.94 7734.53 5.38837e+06 -9.82684e+06 1.02414e+07 25142.2 43.6123 -26.0389
1010000 FRAC0_S 0 1 22907.4 7899.02 7693.57 -1.53855e+07 -4.40835e+06 5.55958e+06 5842.61 22.2263 -15.5173
1010000 FRAC0_S 0 1 22672.4 8096.05 7731.54 -1.41936e+07 -7.08537e+06 4.03541e+06 6639.38 33.7014 -11.5955
1010000 FRAC0_S 0 1 22420.5 8234.74 7844.73 1.82006e+07 -1.60038e+07 7.2012e+06 59238.8 43.6543 -12.5675
1010000 FRAC0_S 0 1 22176.4 8301.5 8022.08 -1.32532e+07 -7.71971e+06 699015 5375.4 40.9871 -2.48151
Step FractureNumber TipNr TipActive TipX TipY TipZ KI KII KIII G Phi Psi Extension
1010101 FRAC0_S 0 1 21972.3 8383.12 8272.91 -1.50512e+06 -9.54308e+06 16862.9 8115.32 68.6756 -0.118793
1010101 FRAC0_S 0 1 21780.4 8284.45 8528.97 -4.30756e+06 -9.7992e+06 -1.58515e+06 8890.92 60.1287 7.54257
1010101 FRAC0_S 0 1 21660.8 8111.06 8786.2 -7.73977e+06 -4.92234e+06 -4.01371e+06 4301.69 35.2258 16.8621
1010101 FRAC0_S 0 1 21655.1 7888.15 9035.08 -4.22056e+06 -7.03098e+06 -1.63778e+06 4761.88 55.5394 9.37824
1010101 FRAC0_S 0 1 21733.9 7628.21 9234.75 -2.55868e+06 -5.12923e+06 -2.77861e+06 3371.24 51.7973 18.3814
1010101 FRAC0_S 0 1 21869.3 7345.46 9357.37 2.15931e+06 -1.46069e+07 -3.18103e+06 20773.9 64.9827 11.5996
1010101 FRAC0_S 0 1 22063.1 7071.46 9392.21 -3.91182e+06 -1.94461e+06 -3.31541e+06 1798.9 26.5361 23.8833
1010101 FRAC0_S 0 1 22301.5 6838.76 9332.29 -4.28902e+06 1.45421e+06 -3.50794e+06 1825.09 -20.2772 24.8319
1010101 FRAC0_S 0 1 22560.3 6676.59 9188.33 -5.80335e+06 3.11239e+06 -4.9864e+06 4170.14 -27.8345 23.7315
1010101 FRAC0_S 0 1 22814.5 6600.99 8982.56 -2.68247e+06 7.55911e+06 -1.97636e+06 5611.26 -59.8221 11.7537
1010101 FRAC0_S 0 1 23039.7 6613.39 8736.2 -2.21181e+06 8.33856e+06 -552747 6236.59 -65.6603 3.80129
1010101 FRAC0_S 0 1 23216.2 6709.75 8469.74 -8.99776e+06 1.1062e+07 1.98087e+06 11426.1 -52.6322 -6.74358
1010101 FRAC0_S 0 1 23326.4 6882.63 8205.05 -3.73845e+07 1.37257e+07 1.49815e+06 17086.4 -31.7615 -2.19448
1010101 FRAC0_S 0 1 23362.7 7125.11 7974.03 -8.81212e+06 5.98815e+06 5.03219e+06 6563.26 -35.8895 -17.6668
1010101 FRAC0_S 0 1 23317.5 7419.06 7807.34 383464 -2.00786e+06 9.46026e+06 12275.4 21.7093 -41.2352
1010101 FRAC0_S 0 1 23181.9 7706.24 7702.17 -1.07484e+07 -9.44463e+06 6.03588e+06 12794.1 41.3355 -16.202
1010101 FRAC0_S 0 1 22970.1 7962.15 7654.46 -1.24626e+07 -1.30047e+07 4.61012e+06 17897.2 47.4461 -11.1802
1010101 FRAC0_S 0 1 22719.2 8175.41 7699.73 -7.43317e+06 -1.32015e+07 4.35379e+06 18051.2 54.4252 -12.5883
1010101 FRAC0_S 0 1 22452.4 8326.92 7832.83 -4.57583e+06 -1.57746e+07 1.87469e+06 22641.2 64.1034 -6.34453
1010101 FRAC0_S 0 1 22196.5 8397.32 8029.54 -2.35423e+07 -2.39697e+07 -3189.68 51197.7 52.8111 0.00523596