
Step FractureNumber TipNr TipActive TipX TipY TipZ KI KII KIII G Phi Psi Extension
1010000 FRAC0_S 0 1 14999 987.687 8500 246454 2.76007e+06 728306 754.796 -65.2318 -13.9554
1010000 FRAC0_S 0 1 14693.8 939.03 8500 -4.38881e+06 1.23409e+06 1.0686e+06 287.585 -23.4387 -11.6146
1010000 FRAC0_S 0 1 14418.7 798.454 8500 164449 1.66999e+06 1.73229e+06 650.033 -50.2042 -30.0989
1010000 FRAC0_S 0 1 14200.4 579.719 8500 140093 597254 1.63232e+06 387.911 -30.839 -38.071
1010000 FRAC0_S 0 1 14060.3 304.238 8500 231580 -162331 1.51144e+06 310.96 11.4195 -41.1087
1010000 FRAC0_S 0 1 14012.3 -1.025 8500 246985 -1.04234e+06 1.86847e+06 566.577 38.5849 -34.5991
1010000 FRAC0_S 0 1 14061 -306.187 8500 213966 -1.44438e+06 1.21853e+06 387.464 52.6443 -27.1174
1010000 FRAC0_S 0 1 14201.6 -581.378 8500 1.21549e+07 -2.38282e+06 1.55904e+06 13994.5 19.1904 -7.24506
1010000 FRAC0_S 0 1 14420.2 -799.659 8500 195778 -2.4615e+06 435028 568.501 67.0871 -10.32
1010000 FRAC0_S 0 1 14695.7 -939.664 8500 5.85125e+06 -2.48296e+06 1244.89 3600.24 35.4918 -0.0116485
1010000 FRAC0_S 0 1 15001 -987.687 8500 206887 -2.70581e+06 -714644 724.15 65.4821 14.0863
1010000 FRAC0_S 0 1 15306.2 -939.03 8500 4.01691e+06 -2.91288e+06 -1.28669e+06 2414.12 40.8346 11.4054
1010000 FRAC0_S 0 1 15581.3 -798.454 8500 535053 -1.78125e+06 -2.02401e+06 853.095 45.6657 29.1974
1010000 FRAC0_S 0 1 15799.6 -579.719 8500 -3.31562e+06 -973269 -2.11733e+06 680.659 19.6539 22.175
1010000 FRAC0_S 0 1 15939.7 -304.238 8500 1.13491e+07 -489913 -2.5684e+06 12376.2 4.67967 12.8563
1010000 FRAC0_S 0 1 15987.7 1.025 8500 -87116.2 1.44358e+06 -2.29854e+06 888.375 -42.83 34.93
1010000 FRAC0_S 0 1 15939 306.187 8500 227738 1.89776e+06 -1.59663e+06 664.597 -53.1834 27.3864
1010000 FRAC0_S 0 1 15798.4 581.378 8500 436302 2.6744e+06 -1.26306e+06 866.49 -59.4328 19.7729
1010000 FRAC0_S 0 1 15579.8 799.659 8500 78291.4 3.19312e+06 -555627 950.173 -68.0794 10.6288
1010000 FRAC0_S 0 1 15304.3 939.664 8500 -4.69721e+06 2.938e+06 175543 773.281 -42.7566 -1.73634
Step FractureNumber TipNr TipActive TipX TipY TipZ KI KII KIII G Phi Psi Extension
1010101 FRAC0_S 0 1 14997.5 1047.9 8427.68 2.88915e+06 1.25663e+06 1.09499e+06 1044 -29.5446 -14.8565
1010101 FRAC0_S 0 1 14670.1 1006.05 8438.2 3.1288e+06 1.52998e+06 551045 1121.31 -35.077 -7.88091
1010101 FRAC0_S 0 1 14375.3 858.731 8438.82 1.11003e+07 -7.89744e+06 3.89346e+06 18553.7 39.9682 -12.312
1010101 FRAC0_S 0 1 14132.8 625.401 8460.11 1.69654e+06 886343 1.2341e+06 529.045 -28.7349 -21.7692
1010101 FRAC0_S 0 1 13976.8 331.912 8512.67 1.41616e+07 -747729 2.46168e+06 18727 5.89653 -10.3908
1010101 FRAC0_S 0 1 13935.5 1.78 8556 1.21752e+06 -331958 2.31821e+06 856.664 11.5003 -34.8961
1010101 FRAC0_S 0 1 13993.5 -329.511 8563.55 1.34398e+06 -931256 2.19611e+06 879.681 26.1217 -30.3493
1010101 FRAC0_S 0 1 14143.2 -621.757 8559.33 2.13556e+06 -1.44456e+06 1.43421e+06 865.923 34.5225 -19.6101
1010101 FRAC0_S 0 1 14383.5 -848.682 8568.79 3.1839e+06 -1.86762e+06 523225 1250.55 39.0456 -7.0301
1010101 FRAC0_S 0 1 14677.5 -996.649 8574.8 3.13093e+06 -1.65505e+06 -369666 1135.78 37.7287 5.42304
1010101 FRAC0_S 0 1 15000.7 -1045.78 8576.35 2.39097e+06 -2.06838e+06 -1.46261e+06 1175.16 40.3588 17.2515
1010101 FRAC0_S 0 1 15328.2 -999.495 8573.32 2.2764e+06 -879714 -2.33743e+06 1257.39 20.624 27.2137
1010101 FRAC0_S 0 1 15626.8 -858.504 8560.52 5.93252e+06 -4.76743e+06 2.78246e+06 6191.23 40.752 -14.6919
1010101 FRAC0_S 0 1 15871.7 -629.155 8536.74 977288 -118261 -2.25871e+06 764.893 4.84894 37.5603
1010101 FRAC0_S 0 1 16024.4 -333.387 8495.49 1.07945e+06 -4.92623e+06 -1.53545e+06 2579.89 61.5834 14.5135
1010101 FRAC0_S 0 1 16062.3 -1.9675 8448.04 1.64712e+06 930881 -2.51909e+06 1162.97 -23.2334 30.4889
1010101 FRAC0_S 0 1 15996.1 322.978 8421.45 9.00972e+06 -1.87523e+06 -1.81644e+06 7985.69 19.1437 10.4799
1010101 FRAC0_S 0 1 15838.7 608.545 8413.74 2.94697e+06 820593 -1.57349e+06 1163.19 -19.8571 20.1149
1010101 FRAC0_S 0 1 15606.6 839.718 8415.11 4.39352e+06 1.28171e+06 -711294 1933.77 -25.2773 8.27784
1010101 FRAC0_S 0 1 15321 992.618 8420.16 3.30032e+06 1.38865e+06 496766 1175.25 -32.4701 -7.16916