
Step FractureNumber TipNr TipActive TipX TipY TipZ KI KII KIII G Phi Psi Extension
1010000 FRAC0_S 0 1 14943.8 -14013.9 8500 -391746 -152815 -1.48122e+06 293.884 10.1626 39.3896
1010000 FRAC0_S 0 1 14641.8 -14079.6 8500 -5.0568e+06 147998 -1.4769e+06 292.055 -3.06662 15.6286
1010000 FRAC0_S 0 1 14374.9 -14235.3 8500 -278594 907130 -1.02361e+06 212.682 -45.6817 29.0546
1010000 FRAC0_S 0 1 14169.2 -14465.9 8500 -1.55146e+07 885659 -1.48652e+06 363.795 -6.76045 6.25446
1010000 FRAC0_S 0 1 14044.8 -14748.8 8500 -383519 1.81869e+06 -562069 336.76 -61.809 14.4956
1010000 FRAC0_S 0 1 14013.9 -15056.2 8500 -339282 1.76304e+06 -139026 279.552 -66.8122 4.7112
1010000 FRAC0_S 0 1 14079.6 -15358.2 8500 -1.27521e+07 2.29661e+06 -133408 472.371 -19.5761 0.68285
1010000 FRAC0_S 0 1 14235.3 -15625.1 8500 -417642 1.8525e+06 866380 405.635 -58.2687 -19.0275
1010000 FRAC0_S 0 1 14465.9 -15830.8 8500 -8.03109e+06 1.6812e+06 953396 372.756 -20.3285 -6.70867
1010000 FRAC0_S 0 1 14748.8 -15955.2 8500 -457003 856375 1.5839e+06 399.015 -35.2654 -32.7789
1010000 FRAC0_S 0 1 15056.2 -15986.1 8500 -397298 20249 1.5685e+06 327.244 -1.42011 -41.0185
1010000 FRAC0_S 0 1 15358.2 -15920.4 8500 -438403 -711115 1.55172e+06 365.305 32.0045 -33.9173
1010000 FRAC0_S 0 1 15625.1 -15764.7 8500 1.89769e+07 -2.44653e+06 853369 32720.8 14.5311 -2.93956
1010000 FRAC0_S 0 1 15830.8 -15534.1 8500 1.8804e+07 -2.58299e+06 116950 32104.8 15.8064 -0.423231
1010000 FRAC0_S 0 1 15955.2 -15251.2 8500 -6.52956e+06 -1.78798e+06 670118 344.597 25.0809 -5.63221
1010000 FRAC0_S 0 1 15986.1 -14943.8 8500 -450364 -2.37581e+06 82400 503.88 67.6514 -2.18326
1010000 FRAC0_S 0 1 15920.4 -14641.8 8500 1.84001e+07 -1.75928e+06 -1.20922e+06 30639.8 11.0517 4.30823
1010000 FRAC0_S 0 1 15764.7 -14374.9 8500 1.79337e+07 -690949 -1.43721e+06 28976.6 4.73869 5.41849
1010000 FRAC0_S 0 1 15534.1 -14169.2 8500 1.23626e+07 -769423 -1.46616e+06 13957.7 7.18449 7.50103
1010000 FRAC0_S 0 1 15251.2 -14044.8 8500 1.7949e+07 457281 -1.61323e+06 29073 -3.16132 6.07118
Step FractureNumber TipNr TipActive TipX TipY TipZ KI KII KIII G Phi Psi Extension
1010101 FRAC0_S 0 1 14945.8 -13917 8506.1 1.5325e+07 2.07708e+06 -1.60474e+06 21654.9 -14.4634 6.35029
1010101 FRAC0_S 0 1 14611.3 -13995 8483.85 343576 1.32697e+06 -1.71835e+06 560.14 -44.0864 31.0658
1010101 FRAC0_S 0 1 14322.9 -14171.5 8459.94 479830 -75484.7 -1.25166e+06 229.389 5.72621 38.1955
1010101 FRAC0_S 0 1 14104.9 -14422.5 8454.2 1.40006e+07 2.714e+06 1.00394e+06 18257.5 -19.8018 -4.31356
1010101 FRAC0_S 0 1 13991.2 -14729.9 8430.01 2.87113e+06 2.31993e+06 98686.2 1215.46 -47.9358 -1.44369
1010101 FRAC0_S 0 1 13960.9 -15062.9 8423.63 2.19779e+06 1.49828e+06 -188148 635.173 -43.5875 3.70083
1010101 FRAC0_S 0 1 14015.7 -15384.1 8439.01 669756 -457528 -4.66914e+06 2958.15 10.6145 41.4181
1010101 FRAC0_S 0 1 14180.3 -15670 8440.41 1.55319e+06 2.21053e+06 1.1837e+06 836.752 -48.5782 -16.773
1010101 FRAC0_S 0 1 14425.2 -15898.3 8446.93 -6.17596e+06 8.48282e+06 -1.00124e+06 6545.53 -55.2964 4.85211
1010101 FRAC0_S 0 1 14727.1 -16039.3 8461.82 -1.90768e+07 9.31296e+06 3.91275e+06 9764.79 -34.5443 -8.96385
1010101 FRAC0_S 0 1 15061.6 -16075.5 8497.57 1.08293e+06 -3.05835e+06 3.62289e+06 2683.66 44.2855 -29.2109
1010101 FRAC0_S 0 1 15390.3 -16003.6 8532.15 485790 -1.96151e+06 1.85696e+06 822.506 49.2627 -27.5089
1010101 FRAC0_S 0 1 15683.7 -15835 8532.6 566743 -2.67082e+06 1.23756e+06 867.963 58.6209 -19.0466
1010101 FRAC0_S 0 1 15908.5 -15584.7 8530.48 1.76954e+07 -4.68655e+06 -818017 29949 25.4245 2.7092
1010101 FRAC0_S 0 1 16028.7 -15275.3 8551.12 1.65802e+06 -2.95801e+06 55608.6 1025.08 60.5812 -0.923791
1010101 FRAC0_S 0 1 16049.9 -14939.6 8561.63 2.34336e+06 -2.63508e+06 -825822 1198.78 49.1311 10.4297
1010101 FRAC0_S 0 1 15995 -14607.7 8534.77 1.54042e+07 2.74212e+06 -1.752e+06 22223.1 -17.9636 6.61189
1010101 FRAC0_S 0 1 15839.6 -14313.6 8512.05 -22202.6 -2.26721e+06 -1.31419e+06 687.749 60.373 24.0567
1010101 FRAC0_S 0 1 15586.6 -14087.5 8506.94 2.74914e+07 1.97463e+06 -1.24799e+06 67901.8 -8.71139 3.11486
1010101 FRAC0_S 0 1 15276 -13951.1 8504.78 -426421 -928918 -1.67698e+06 450.921 36.3185 33.0437