
Step FractureNumber TipNr TipActive TipX TipY TipZ KI KII KIII G Phi Psi Extension
1010000 FRAC0_S 0 1 -14499.2 -14148.7 8500 -473813 4.53786e+06 123954 1837.01 -69.0516 -1.8634
1010000 FRAC0_S 0 1 -14786.8 -14035.6 8500 -3.26158e+07 3.71263e+06 1.22531e+06 1427.94 -13.1565 -2.50988
1010000 FRAC0_S 0 1 -15095.2 -14016.9 8500 -437781 3.39908e+06 1.94123e+06 1530.75 -58.1335 -22.4804
1010000 FRAC0_S 0 1 -15394.4 -14094.5 8500 -461015 2.40016e+06 2.6434e+06 1442.69 -47.7357 -29.8469
1010000 FRAC0_S 0 1 -15679.6 -14282.5 8500 -281729 786236 1.92852e+06 549.736 -31.9148 -36.5313
1010000 FRAC0_S 0 1 -15851.3 -14499.2 8500 -510629 -326592 3.15961e+06 1337.26 10.9724 -41.0384
1010000 FRAC0_S 0 1 -15964.4 -14786.8 8500 -475961 -1.72824e+06 2.94092e+06 1416.48 39.1278 -33.8026
1010000 FRAC0_S 0 1 -15983.1 -15095.2 8500 -553879 -3.19354e+06 2.70385e+06 1881.15 52.15 -26.8945
1010000 FRAC0_S 0 1 -15905.5 -15394.4 8500 -479427 -3.90293e+06 1.69773e+06 1740.75 61.0245 -19.2069
1010000 FRAC0_S 0 1 -15739.4 -15654.9 8500 -406513 -4.46959e+06 841387 1874.33 66.6654 -10.7638
1010000 FRAC0_S 0 1 -15500.8 -15851.3 8500 -446612 -4.83305e+06 -182684 2085.9 69.0709 2.57174
1010000 FRAC0_S 0 1 -15213.2 -15964.4 8500 -8.14578e+06 -2.77778e+06 -957235 809.447 28.9061 6.07023
1010000 FRAC0_S 0 1 -14904.8 -15983.1 8500 -287600 -4.36324e+06 -2.18851e+06 2333.48 60.825 21.5801
1010000 FRAC0_S 0 1 -14605.6 -15905.5 8500 1.89789e+07 -2.81062e+06 -2.59592e+06 33697.5 15.2062 7.92942
1010000 FRAC0_S 0 1 -14345.1 -15739.4 8500 -433056 -1.15881e+06 -3.00002e+06 1316.68 30.8724 36.8741
1010000 FRAC0_S 0 1 -14148.7 -15500.8 8500 -427687 199884 -2.73897e+06 1001.32 -8.06556 41.6163
1010000 FRAC0_S 0 1 -14035.6 -15213.2 8500 2.31098e+07 1.16856e+06 -2.70972e+06 48688.5 -5.93063 7.49888
1010000 FRAC0_S 0 1 -14016.9 -14904.8 8500 -184489 2.94924e+06 -2.79025e+06 1810.55 -52.3491 29.4177
1010000 FRAC0_S 0 1 -14094.5 -14605.6 8500 -5.24524e+06 3.86988e+06 -1.72382e+06 1729.73 -41.0617 11.5704
1010000 FRAC0_S 0 1 -14260.6 -14345.1 8500 -480679 3.8008e+06 -679943 1348.78 -66.1694 10.0698
Step FractureNumber TipNr TipActive TipX TipY TipZ KI KII KIII G Phi Psi Extension
1010101 FRAC0_S 0 1 -14477.3 -14102.8 8424.74 3.58631e+07 -3.63496e+06 307579 115800 12.2008 -0.600737
1010101 FRAC0_S 0 1 -14773 -13967.2 8444.04 3.43185e+06 -2.27652e+06 -1.06802e+06 1663.03 39.1325 11.4738
1010101 FRAC0_S 0 1 -15099.3 -13951.4 8433.35 4.60997e+06 1.68768e+07 1.18516e+07 45955.6 -52.9332 -23.5581
1010101 FRAC0_S 0 1 -15423.2 -14034.6 8428.54 1.57122e+06 1.32316e+06 1.8142e+06 813.744 -33.8139 -25.1542
1010101 FRAC0_S 0 1 -15710.9 -14201 8459.82 1.12237e+06 2.5455e+06 1.12716e+07 17587.3 -21.822 -40.0647
1010101 FRAC0_S 0 1 -15926.6 -14454.2 8512.08 776422 -99263.7 3.18144e+06 1400.76 3.38341 -40.8726
1010101 FRAC0_S 0 1 -16038.7 -14767.4 8556.05 1.35569e+06 -1.11011e+06 2.8004e+06 1316.61 26.4013 -32.1463
1010101 FRAC0_S 0 1 -16043.7 -15098.9 8577.12 2.61654e+06 -1.54533e+06 2.23391e+06 1486.59 29.7399 -23.2179
1010101 FRAC0_S 0 1 -15950.4 -15412.1 8586.43 -8.3191e+06 6.67778e+06 -1.75796e+06 4384.69 -44.6788 7.82066
1010101 FRAC0_S 0 1 -15769.8 -15680.6 8591.13 4.23931e+06 -1.52543e+06 875074 1910.66 28.4689 -9.7066
1010101 FRAC0_S 0 1 -15522 -15894.7 8581.74 1.2483e+07 -9.18054e+06 -911702 21506.5 45.3567 3.09621
1010101 FRAC0_S 0 1 -15226 -16027 8569.35 3.3403e+06 -2.85247e+06 -884031 1823.25 45.0575 9.22876
1010101 FRAC0_S 0 1 -14897.5 -16050.8 8562.3 1.50576e+06 -1.90827e+06 -768110 605.001 49.3066 13.2127
1010101 FRAC0_S 0 1 -14571 -15978 8547.77 3.08175e+07 1.2489e+07 -3.53529e+06 100191 -32.3509 5.69892
1010101 FRAC0_S 0 1 -14285.7 -15806.2 8528.71 1.8021e+07 4.84214e+06 -467159 31057.4 -26.0413 1.54862
1010101 FRAC0_S 0 1 -14067.5 -15547.4 8503.23 157928 213241 -2.81785e+06 1062.33 -9.04843 43.1563
1010101 FRAC0_S 0 1 -13950.5 -15235.1 8471.53 753365 1.15547e+06 -2.6091e+06 1074.93 -31.2266 34.0392
1010101 FRAC0_S 0 1 -13945.1 -14898.4 8441.3 1.96936e+06 2.07445e+06 -2.23189e+06 1391.59 -38.6288 23.5661
1010101 FRAC0_S 0 1 -14037.1 -14582.5 8424.5 2.6119e+06 2.07466e+06 -1.58571e+06 1325.88 -38.6489 17.6103
1010101 FRAC0_S 0 1 -14223.7 -14316.5 8414.5 3.25178e+06 1.28491e+06 -705826 1155.63 -30.1083 9.90334