
Step FractureNumber TipNr TipActive TipX TipY TipZ KI KII KIII G Phi Psi Extension
1010000 FRAC0_S 0 1 -30000 984.872 8574.53 -3.25397e+06 1.33975e+07 3.34207e+06 17480.1 -62.3812 -12.1162
1010000 FRAC0_S 0 1 -30000 913.64 8875.22 -2.94885e+06 9.67105e+06 5.03368e+06 11704.3 -55.6876 -19.5577
1010000 FRAC0_S 0 1 -30000 752.975 9139.18 -1.36721e+07 7.97608e+06 7.16711e+06 12500.9 -33.3888 -17.3591
1010000 FRAC0_S 0 1 -30000 518.603 9340.58 -2.1386e+06 4.05107e+06 8.74503e+06 11633.6 -32.8248 -34.3583
1010000 FRAC0_S 0 1 -30000 233.466 9459.7 -8.81209e+06 -992860 8.17882e+06 8984.62 7.51585 -28.648
1010000 FRAC0_S 0 1 -30000 -74.5244 9484.87 -1.70061e+06 -4.18717e+06 8.50999e+06 11194.2 34.7945 -34.5742
1010000 FRAC0_S 0 1 -30000 -375.22 9413.64 -1.92679e+06 -8.12759e+06 7.24652e+06 12870.5 50.3205 -26.881
1010000 FRAC0_S 0 1 -30000 -639.186 9252.98 -1.5085e+06 -8.42941e+06 4.0269e+06 8488.43 59.0017 -19.7481
1010000 FRAC0_S 0 1 -30000 -840.583 9018.61 -2.70256e+06 -1.2557e+07 2.47765e+06 14867.1 64.0293 -10.2517
1010000 FRAC0_S 0 1 -30000 -959.699 8733.46 -3.48122e+06 -1.38436e+07 -341483 17093.1 66.7225 1.49538
1010000 FRAC0_S 0 1 -30000 -984.872 8425.47 -4.39732e+06 -1.3473e+07 -3.30633e+06 17629.4 60.7365 11.3738
1010000 FRAC0_S 0 1 -30000 -913.64 8124.78 -5.08087e+06 -1.1476e+07 -5.86952e+06 16317.7 53.3107 18.154
1010000 FRAC0_S 0 1 -30000 -752.975 7860.82 -2.22673e+07 -8.24548e+06 -7.35777e+06 13258.6 27.1635 13.9087
1010000 FRAC0_S 0 1 -30000 -518.603 7659.42 -6.25283e+06 -4.47641e+06 -9.27971e+06 13238.6 27.8173 29.0767
1010000 FRAC0_S 0 1 -30000 -233.466 7540.3 -1.90478e+07 -1.29005e+06 -9.66229e+06 12565.2 5.89075 21.6987
1010000 FRAC0_S 0 1 -30000 74.5244 7515.13 -6.58768e+06 4.42211e+06 -9.28822e+06 13216.6 -27.1779 28.7823
1010000 FRAC0_S 0 1 -30000 375.22 7586.36 -6.60854e+06 8.7868e+06 -8.08842e+06 15581.2 -42.5831 22.9505
1010000 FRAC0_S 0 1 -30000 639.186 7747.02 -6.99677e+06 1.07821e+07 -6.72392e+06 16372.5 -48.0508 18.9193
1010000 FRAC0_S 0 1 -30000 840.583 7981.39 -1.7678e+07 1.44394e+07 -3.81054e+06 20510.4 -44.9593 7.90151
1010000 FRAC0_S 0 1 -30000 959.699 8266.54 1.50777e+06 1.27847e+07 -532347 14805.2 -68.6743 2.75836
Step FractureNumber TipNr TipActive TipX TipY TipZ KI KII KIII G Phi Psi Extension
1010101 FRAC0_S 0 1 -30088.2 1029.86 8579.48 1.01401e+07 7.12376e+06 2.77827e+06 14711.3 -40.9178 -10.1783
1010101 FRAC0_S 0 1 -30077.2 967.18 8900.31 8.18179e+06 7.44104e+06 3.82045e+06 12840.4 -43.3263 -14.0523
1010101 FRAC0_S 0 1 -30061.7 808.869 9189.43 4.51636e+06 5.92882e+06 6.96136e+06 11395.2 -39.5642 -25.9163
1010101 FRAC0_S 0 1 -30037.6 562.436 9413.93 3.78501e+06 5.56454e+06 7.71324e+06 11948.6 -38.2121 -28.5164
1010101 FRAC0_S 0 1 -29992.7 254.665 9546.22 1.69647e+06 -725653 9.35945e+06 11954.1 8.35736 -41.1382
1010101 FRAC0_S 0 1 -29948.9 -77.8279 9564.67 2.94984e+06 -2.62499e+06 6.94654e+06 7807.25 26.2733 -33.1159
1010101 FRAC0_S 0 1 -29925.8 -397.229 9473.46 1.22523e+07 -5.35048e+06 4.42177e+06 18528.6 29.8794 -14.3296
1010101 FRAC0_S 0 1 -29915.5 -671.231 9293.12 8.93684e+06 -5.3757e+06 4.42193e+06 12292.7 34.4084 -16.572
1010101 FRAC0_S 0 1 -29910.7 -877.149 9042.25 1.09619e+07 -5.55962e+06 2.08182e+06 14038.5 35.5872 -8.3154
1010101 FRAC0_S 0 1 -29909.8 -1000.4 8742.96 1.39871e+07 -4.32374e+06 -3.84264e+06 21063.1 24.6576 12.5366
1010101 FRAC0_S 0 1 -29913.4 -1032.67 8420.29 8.94319e+06 -7.19439e+06 -2.81727e+06 12795 43.0533 10.8642
1010101 FRAC0_S 0 1 -29926.7 -970.42 8098.11 8.94095e+06 -1.0416e+07 -4.56071e+06 19557.7 47.6933 13.6735
1010101 FRAC0_S 0 1 -29945.4 -812.315 7807.53 2.84595e+06 -1.0853e+07 -5.93535e+06 15903.1 55.9981 20.5634
1010101 FRAC0_S 0 1 -29962.6 -564.657 7583.22 5.66899e+06 346562 -9.2341e+06 14215.2 -3.14548 35.1313
1010101 FRAC0_S 0 1 -29994.6 -255.154 7450.98 -3.59731e+06 -325145 -1.0823e+07 15588.7 3.05303 39.4727
1010101 FRAC0_S 0 1 -30037.2 78.9953 7429.58 -1.68528e+06 6.12627e+06 -1.01503e+07 17047.1 -39.6069 33.5398
1010101 FRAC0_S 0 1 -30063.8 401.698 7517.39 7.77388e+06 1.45515e+07 -6.95998e+06 30696.6 -52.2814 16.6736
1010101 FRAC0_S 0 1 -30071.7 682.864 7695.23 7.9833e+06 1.52906e+07 -4.38754e+06 29073.6 -55.9994 11.5418
1010101 FRAC0_S 0 1 -30077.2 890.344 7947.93 8.23082e+06 1.03556e+07 -2.4745e+06 16407.4 -51.9141 8.70885
1010101 FRAC0_S 0 1 -30086.4 1003.98 8253.82 9.7285e+06 8.04433e+06 454799 14227.6 -48.1518 -1.92564