
Step FractureNumber TipNr TipActive TipX TipY TipZ KI KII KIII G Phi Psi Extension
1010000 FRAC0_S 0 1 30000 -29019.2 8617.02 5.85219e+06 -2.05226e+06 -2.92954e+06 4568.59 24.0081 18.6785
1010000 FRAC0_S 0 1 30000 -29103.5 8914.36 5.11804e+06 521868 -2.11691e+06 2954.45 -9.10216 18.8291
1010000 FRAC0_S 0 1 30000 -29275.4 9171.13 4.57815e+06 1.41865e+06 -2.51219e+06 2886.42 -21.3956 20.1522
1010000 FRAC0_S 0 1 30000 -29518.2 9362.22 4.56618e+06 2.39811e+06 -1.86306e+06 2832.05 -32.8673 14.9923
1010000 FRAC0_S 0 1 30000 -29808.3 9468.89 3.95738e+06 2.70433e+06 -1.42049e+06 2315.6 -39.0073 12.6896
1010000 FRAC0_S 0 1 30000 -30117.1 9480.74 3.89422e+06 2.44247e+06 -466175 1911.85 -41.2415 5.19008
1010000 FRAC0_S 0 1 30000 -30414.4 9396.57 5.209e+06 3.13007e+06 19217.5 3290.97 -42.6114 -0.179164
1010000 FRAC0_S 0 1 30000 -30671.2 9224.65 5.28587e+06 2.31578e+06 803775 3053.58 -33.258 -7.15704
1010000 FRAC0_S 0 1 30000 -30862.2 8981.79 5.73677e+06 2.86735e+06 952323 3785.92 -35.7043 -7.44518
1010000 FRAC0_S 0 1 30000 -30968.9 8691.77 5.95783e+06 2.6684e+06 1.44086e+06 4073.63 -32.1906 -10.4878
1010000 FRAC0_S 0 1 30000 -30980.8 8382.98 6.27713e+06 2.1137e+06 1.9138e+06 4396.4 -25.7718 -13.3481
1010000 FRAC0_S 0 1 30000 -30896.5 8085.64 6.89626e+06 1.56819e+06 2.36246e+06 5199.37 -18.8094 -15.4486
1010000 FRAC0_S 0 1 30000 -30724.6 7828.87 5.41491e+06 577230 2.01199e+06 3180.91 -9.73226 -17.5216
1010000 FRAC0_S 0 1 30000 -30481.8 7637.78 7.36362e+06 -437536 2.86345e+06 5939.38 5.62594 -18.564
1010000 FRAC0_S 0 1 30000 -30191.7 7531.11 8.26099e+06 -1.99273e+06 3.11107e+06 7722.35 19.3182 -16.3688
1010000 FRAC0_S 0 1 30000 -29882.9 7519.26 7.54927e+06 -3.13958e+06 2.39424e+06 6719.28 29.565 -13.169
1010000 FRAC0_S 0 1 30000 -29585.6 7603.43 7.27685e+06 -3.18103e+06 1.19215e+06 5809.33 33.008 -7.6362
1010000 FRAC0_S 0 1 30000 -29328.8 7775.35 6.83186e+06 -4.26397e+06 336800 5794.39 42.4779 -2.26921
1010000 FRAC0_S 0 1 30000 -29137.8 8018.21 7.83008e+06 -5.69399e+06 -759184 8429.09 44.6863 4.05263
1010000 FRAC0_S 0 1 30000 -29031.1 8308.23 6.22287e+06 -3.11794e+06 -1.94965e+06 4822.55 33.3236 12.4851
Step FractureNumber TipNr TipActive TipX TipY TipZ KI KII KIII G Phi Psi Extension
1010101 FRAC0_S 0 1 30030.1 -28931 8628.73 4.67946e+06 -167295 -2.34548e+06 2685.43 3.21861 21.9273
1010101 FRAC0_S 0 1 29997.3 -29003.4 8920.04 4.98842e+06 6977.35 -2.91102e+06 3344.49 -0.123494 24.2449
1010101 FRAC0_S 0 1 29964.2 -29208.5 9231.45 4.65045e+06 582775 -2.32771e+06 2678.05 -10.3749 20.8854
1010101 FRAC0_S 0 1 29948 -29476.8 9433.75 4.96107e+06 829317 -1.46725e+06 2540.81 -15.0835 14.4202
1010101 FRAC0_S 0 1 29938.5 -29792.6 9544.01 4.91583e+06 521889 -694710 2241.84 -11.4075 8.41269
1010101 FRAC0_S 0 1 29934.4 -30125.4 9553.82 5.87728e+06 -54160.6 -162909 3081.86 1.23865 2.06146
1010101 FRAC0_S 0 1 29935.9 -30446.2 9463.98 4.97902e+06 -111871 437036 2235.61 2.80458 -5.96039
1010101 FRAC0_S 0 1 29941 -30725 9281.93 5.53602e+06 -242217 812982 2824.14 5.05025 -9.11872
1010101 FRAC0_S 0 1 29943.8 -30932.6 9021.04 5.77704e+06 -475181 1.30986e+06 3222.29 8.52082 -12.5206
1010101 FRAC0_S 0 1 29947.9 -31050.5 8707.22 6.54007e+06 -689984 1.86026e+06 4314.14 10.2231 -14.5801
1010101 FRAC0_S 0 1 29956.8 -31067.7 8371.82 6.61545e+06 -697526 2.16909e+06 4568.94 9.91997 -16.1162
1010101 FRAC0_S 0 1 29968.8 -30980 8046.37 6.82447e+06 -1.38814e+06 1.8149e+06 4759.95 18.0392 -13.0363
1010101 FRAC0_S 0 1 29985.9 -30794.5 7763.73 7.2576e+06 -634915 2.78096e+06 5758.17 8.08026 -18.0826
1010101 FRAC0_S 0 1 30008.9 -30528.7 7554.46 8.21218e+06 -143172 3.05379e+06 7251.7 1.74583 -18.5134
1010101 FRAC0_S 0 1 30031.3 -30210.5 7441.51 8.13478e+06 740248 2.7014e+06 6916.23 -8.666 -16.4046
1010101 FRAC0_S 0 1 30046.5 -29873.6 7433.91 8.75796e+06 690102 2.45564e+06 7679.35 -7.88105 -14.6864
1010101 FRAC0_S 0 1 30056.4 -29553 7530.25 9.69777e+06 406347 1.88953e+06 8870.08 -4.66287 -11.4694
1010101 FRAC0_S 0 1 30064.9 -29279.5 7720.6 7.95615e+06 509474 579897 5708.54 -7.6632 -4.86486
1010101 FRAC0_S 0 1 30065.8 -29073.7 7983.29 8.18657e+06 170828 -803495 6060.61 -2.58631 6.58746
1010101 FRAC0_S 0 1 30055.2 -28952 8294.15 7.66523e+06 -15717 -2.31558e+06 5948.88 0.219942 16.2971