
Step FractureNumber TipNr TipActive TipX TipY TipZ KI KII KIII G Phi Psi Extension
1010000 FRAC0_S 0 1 -36969 -36667.2 8500 107128 568619 104207 31.2786 -64.8607 -9.83222
1010000 FRAC0_S 0 1 -37252.3 -36543.8 8500 85913.5 250228 73780.3 6.96126 -59.3764 -12.9699
1010000 FRAC0_S 0 1 -37559.8 -36514.1 8500 85506.5 265816 217467 13.2376 -50.1389 -24.9981
1010000 FRAC0_S 0 1 -37861.6 -36580.9 8500 108600 187066 316753 17.5135 -36.2324 -31.515
1010000 FRAC0_S 0 1 -38127.9 -36737.6 8500 100248 34048.2 331010 15.5713 -9.86952 -38.7876
1010000 FRAC0_S 0 1 -38332.8 -36969 8500 97867.3 -114752 321079 15.7381 26.8657 -34.9818
1010000 FRAC0_S 0 1 -38456.2 -37252.3 8500 110167 -266039 299556 19.323 44.2669 -28.0918
1010000 FRAC0_S 0 1 -38485.9 -37559.8 8500 94284.6 -343647 201953 16.7398 54.9971 -21.3304
1010000 FRAC0_S 0 1 -38419.1 -37861.6 8500 85958.1 -409392 119173 17.4823 62.2002 -13.8853
1010000 FRAC0_S 0 1 -38262.4 -38127.9 8500 80797.6 -158498 -29577.3 2.93667 58.2037 8.18104
1010000 FRAC0_S 0 1 -38031 -38332.8 8500 69146.1 -506726 -75721.1 24.0695 66.5399 8.61866
1010000 FRAC0_S 0 1 -37747.7 -38456.2 8500 95321.3 -450066 -165772 22.5146 60.5647 16.3888
1010000 FRAC0_S 0 1 -37440.2 -38485.9 8500 86279.3 -312283 -233791 16.6229 52.0664 24.327
1010000 FRAC0_S 0 1 -37138.4 -38419.1 8500 90630.7 -277045 -392746 28.0866 41.7147 31.4828
1010000 FRAC0_S 0 1 -36872.1 -38262.4 8500 105311 29060.8 -359076 18.212 -8.00228 39.2852
1010000 FRAC0_S 0 1 -36667.2 -38031 8500 106362 119032 -366864 20.171 -25.3097 35.6538
1010000 FRAC0_S 0 1 -36543.8 -37747.7 8500 105325 185153 -258559 12.9348 -39.2517 29.4141
1010000 FRAC0_S 0 1 -36514.1 -37440.2 8500 112916 385738 -241099 22.1263 -53.9687 21.9163
1010000 FRAC0_S 0 1 -36580.9 -37138.4 8500 109034 717344 -238889 54.5038 -62.533 15.8321
1010000 FRAC0_S 0 1 -36737.6 -36872.1 8500 154403 624683 -45022.9 37.1673 -65.9009 4.16282
Step FractureNumber TipNr TipActive TipX TipY TipZ KI KII KIII G Phi Psi Extension
1010101 FRAC0_S 0 1 -36946.5 -36630.5 8410.4 837512 201440 45002.7 66.3894 -23.5998 -3.18146
1010101 FRAC0_S 0 1 -37241.2 -36494.3 8415.15 1.03668e+06 238730 265459 110.219 -20.0102 -12.4583
1010101 FRAC0_S 0 1 -37566.1 -36451 8425.33 716533 318617 368382 72.8458 -28.1741 -18.1991
1010101 FRAC0_S 0 1 -37893 -36508.3 8446.97 478582 281707 490576 59.4899 -27.979 -25.5149
1010101 FRAC0_S 0 1 -38185.4 -36668.9 8487.95 230665 52430.1 398747 26.133 -10.3514 -34.329
1010101 FRAC0_S 0 1 -38403.4 -36921.5 8535.76 356416 -172955 397961 35.0491 23.6762 -27.3959
1010101 FRAC0_S 0 1 -38523.9 -37232.2 8566.68 392995 -227584 576250 62.5425 24.0907 -29.9053
1010101 FRAC0_S 0 1 -38542.6 -37561.4 8580.52 570445 -218390 266044 42.6608 25.9837 -17.5728
1010101 FRAC0_S 0 1 -38465.3 -37879.4 8585.96 659450 -232553 230900 50.6617 25.9916 -14.6436
1010101 FRAC0_S 0 1 -38299 -38157.4 8587.55 842159 -283663 113677 72.0886 28.3733 -6.87599
1010101 FRAC0_S 0 1 -38055 -38369.9 8588.88 646778 -227754 -61032.6 42.3944 29.9333 4.94797
1010101 FRAC0_S 0 1 -37758.3 -38503.6 8586.19 1.09817e+06 -474736 -191355 132.418 32.6034 8.07181
1010101 FRAC0_S 0 1 -37434.5 -38545.8 8577.85 709902 -308095 -379063 72.4771 27.4699 18.7342
1010101 FRAC0_S 0 1 -37108 -38488.3 8549.51 465721 -261905 -438554 51.0198 27.9111 24.6658
1010101 FRAC0_S 0 1 -36814.7 -38330.1 8498.98 271930 15161.7 -508608 41.0146 -2.64222 36.3744
1010101 FRAC0_S 0 1 -36593.9 -38078.1 8459.22 278519 118128 -462109 36.5574 -17.9335 32.4172
1010101 FRAC0_S 0 1 -36472.7 -37768.6 8437.46 585251 258040 -487562 68.0715 -24.5132 24.1464
1010101 FRAC0_S 0 1 -36455.3 -37438.9 8421.56 669507 236683 -341923 60.4837 -24.0314 18.8916
1010101 FRAC0_S 0 1 -36536.8 -37122.5 8412.59 986688 291114 -279731 104.712 -23.7216 12.9443
1010101 FRAC0_S 0 1 -36705.4 -36845.9 8409.54 972291 206267 -135885 90.4872 -20.2455 7.71084