
Step FractureNumber TipNr TipActive TipX TipY TipZ KI KII KIII G Phi Psi Extension
1010000 FRAC0_S 0 1 -15000 -29019.2 8617.02 -893913 5.01751e+06 3.65893e+06 4023.96 -54.1581 -24.9974
1010000 FRAC0_S 0 1 -15000 -29103.5 8914.36 -506211 4.16403e+06 3.91218e+06 3580.68 -51.4473 -28.6983
1010000 FRAC0_S 0 1 -15000 -29275.4 9171.13 -390823 4.20829e+06 6.6093e+06 7387.93 -42.6963 -34.5199
1010000 FRAC0_S 0 1 -15000 -29518.2 9362.22 522.683 1.93983e+06 7.96681e+06 8776.84 -24.7284 -41.3839
1010000 FRAC0_S 0 1 -15000 -29808.3 9468.89 403519 -852560 7.3387e+06 7242.2 13.1985 -42.5414
1010000 FRAC0_S 0 1 -15000 -30117.1 9480.74 740799 -4.20532e+06 7.1199e+06 8366.95 40.2907 -34.5358
1010000 FRAC0_S 0 1 -15000 -30414.4 9396.57 995715 -7.70451e+06 6.26026e+06 10590.2 53.5336 -26.8609
1010000 FRAC0_S 0 1 -15000 -30671.2 9224.65 773085 -8.39173e+06 3.3772e+06 7845.42 62.3349 -18.6104
1010000 FRAC0_S 0 1 -15000 -30862.2 8981.79 419825 -8.55226e+06 781922 6614.63 68.9374 -6.04074
1010000 FRAC0_S 0 1 -15000 -30968.9 8691.77 -316110 -6.74456e+06 -1.31042e+06 4281.93 67.3572 11.4015
1010000 FRAC0_S 0 1 -15000 -30980.8 8382.98 -1.15052e+06 -3.50973e+06 -2.41301e+06 1872.08 52.2328 22.7688
1010000 FRAC0_S 0 1 -15000 -30896.5 8085.64 -1.90348e+06 -166996 -2.34546e+06 734.139 5.19425 32.1191
1010000 FRAC0_S 0 1 -15000 -30724.6 7828.87 -1.50625e+07 2.09579e+07 1.22274e+07 59024.8 -47.6053 -17.648
1010000 FRAC0_S 0 1 -15000 -30481.8 7637.78 -2.9806e+06 3.78546e+06 -165004 1280.54 -55.5819 1.8382
1010000 FRAC0_S 0 1 -15000 -30191.7 7531.11 -1.26604e+07 2.04023e+07 1.21934e+07 56866.5 -48.888 -18.6201
1010000 FRAC0_S 0 1 -15000 -29882.9 7519.26 -2.41377e+06 3.25899e+06 2.09969e+06 1532.79 -46.3951 -18.663
1010000 FRAC0_S 0 1 -15000 -29585.6 7603.43 6.02783e+06 1.54095e+07 -6.07558e+06 29306.7 -56.4531 15.6152
1010000 FRAC0_S 0 1 -15000 -29328.8 7775.35 -2.22316e+06 2.11949e+07 1.26296e+07 61244.6 -58.1161 -23.2772
1010000 FRAC0_S 0 1 -15000 -29137.8 8018.21 -1.04494e+07 -1.02583e+07 1.07615e+07 24780.1 38.1986 -22.8146
1010000 FRAC0_S 0 1 -15000 -29031.1 8308.23 3.16406e+06 1.58336e+07 1.00555e+07 36680.3 -55.5074 -23.0433
Step FractureNumber TipNr TipActive TipX TipY TipZ KI KII KIII G Phi Psi Extension
1010101 FRAC0_S 0 1 -15080.7 -28962.1 8624.28 9.94246e+06 4.97407e+06 7.46769e+06 18430.4 -27.6534 -22.349
1010101 FRAC0_S 0 1 -15076.3 -29047.1 8941.65 5.13274e+06 4.21595e+06 6.41187e+06 9399.37 -32.4411 -26.2709
1010101 FRAC0_S 0 1 -15063.9 -29223.2 9222.47 6.52097e+06 4.76182e+06 8.44138e+06 15286.9 -29.719 -27.3375
1010101 FRAC0_S 0 1 -15032.2 -29477.9 9438.22 3.72329e+06 2.02008e+06 1.04894e+07 16232.5 -16.3382 -36.6231
1010101 FRAC0_S 0 1 -14982.9 -29790 9555.41 3.49455e+06 -604104 9.52262e+06 13181.2 6.07132 -38.4013
1010101 FRAC0_S 0 1 -14941.9 -30123 9555.97 1.54311e+06 1.18758e+07 1.65261e+07 49103.7 -44.5125 -32.9958
1010101 FRAC0_S 0 1 -14921.5 -30437 9450.99 9.38315e+06 -3.74281e+06 8.19141e+06 18018 22.4227 -25.0996
1010101 FRAC0_S 0 1 -14912.3 -30701 9259.54 1.2547e+07 -4.20119e+06 5.45243e+06 19555.1 23.9865 -17.1661
1010101 FRAC0_S 0 1 -14908.2 -30895.2 9000.93 2.05787e+07 -4.2047e+06 244796 39319.8 21.5442 -0.759749
1010101 FRAC0_S 0 1 -14910.8 -31010.8 8698.08 9.2751e+06 -3.59227e+06 -1.14925e+06 8991.48 31.2823 6.17352
1010101 FRAC0_S 0 1 -14935.1 -31043.2 8370.77 1.99437e+07 -1.02159e+07 4.72974e+06 47718.8 34.9917 -9.96753
1010101 FRAC0_S 0 1 -14994.2 -30969.3 8051.48 -1.41423e+06 1.14043e+06 -4.32791e+06 2607.09 -21.2759 35.9993
1010101 FRAC0_S 0 1 -15055.3 -30778.9 7783.18 193312 3.38334e+06 -1.56702e+06 1349.96 -61.8014 20.6999
1010101 FRAC0_S 0 1 -15078.5 -30511.1 7585.54 7.38415e+06 8.94041e+06 -2.48145e+06 12800.4 -50.7358 9.71755
1010101 FRAC0_S 0 1 -15076.4 -30203 7469.4 1.98078e+06 4.35897e+06 1.08182e+06 2198.42 -58.0797 -10.6686
1010101 FRAC0_S 0 1 -15075.9 -29876.3 7456.36 1.52402e+07 8.21137e+06 -4.96596e+06 29985.2 -34.609 12.6228
1010101 FRAC0_S 0 1 -15081 -29563 7551.54 1.02713e+07 1.39035e+07 9.42185e+06 38433.2 -45.9488 -19.279
1010101 FRAC0_S 0 1 -15047.8 -29288 7733.86 1.65386e+06 3.65857e+06 2.17937e+06 2068.19 -51.6745 -19.8977
1010101 FRAC0_S 0 1 -15010.9 -29080.6 7986.61 -54175.2 2.83746e+06 352822 733.995 -68.8985 -8.09195
1010101 FRAC0_S 0 1 -15046 -28971.6 8294.89 738492 3.08555e+06 -1.91335e+06 1383.88 -55.0458 22.3419