
Step FractureNumber TipNr TipActive TipX TipY TipZ KI KII KIII G Phi Psi Extension
1010000 FRAC0_S 0 1 -29214.5 598.84 8500 -1.14738e+06 7.40184e+06 4.21093e+06 7240.43 -57.6564 -22.1467
1010000 FRAC0_S 0 1 -29438 812.246 8500 -1.03972e+06 5.45322e+06 5.9024e+06 7283.41 -48.0434 -29.6593
1010000 FRAC0_S 0 1 -29716.5 946.143 8500 -2.06049e+07 2.58583e+06 6.9208e+06 6966.19 -11.5063 -16.1842
1010000 FRAC0_S 0 1 -30022.8 987.425 8500 -1.19745e+06 -611750 7.8304e+06 8188.26 8.60279 -41.5853
1010000 FRAC0_S 0 1 -30326.8 932.051 8500 -952155 -4.56896e+06 7.83334e+06 10021.2 39.7045 -34.3984
1010000 FRAC0_S 0 1 -30598.8 785.442 8500 -3.816e+07 -6.9777e+06 5.51459e+06 8383.23 17.9576 -8.10082
1010000 FRAC0_S 0 1 -30812.2 561.948 8500 -8.8673e+06 -1.00723e+07 4.50288e+06 11737 47.2299 -13.7649
1010000 FRAC0_S 0 1 -30946.1 283.447 8500 -3.66156e+07 -1.02451e+07 1.58448e+06 9687.15 26.4764 -2.51582
1010000 FRAC0_S 0 1 -30987.4 -22.8005 8500 -2.00817e+06 -1.33257e+07 -515741 15859 68.225 2.50315
1010000 FRAC0_S 0 1 -30932.1 -326.815 8500 -772733 -1.21398e+07 -3.07094e+06 14386.7 65.9519 13.7682
1010000 FRAC0_S 0 1 -30785.5 -598.84 8500 -915999 -7.17995e+06 -3.99998e+06 6721.75 58.4378 22.185
1010000 FRAC0_S 0 1 -30562 -812.246 8500 -1.15456e+06 -6.28198e+06 -6.59319e+06 9298.11 48.6523 29.3677
1010000 FRAC0_S 0 1 -30283.5 -946.143 8500 -1.17106e+06 -2.90864e+06 -7.5752e+06 8385.9 30.5792 36.756
1010000 FRAC0_S 0 1 -29977.2 -987.425 8500 -1.15336e+06 501901 -7.7932e+06 8100.06 -7.23927 41.8849
1010000 FRAC0_S 0 1 -29673.2 -932.051 8500 -1.63949e+07 3.9955e+06 -6.7285e+06 7443.82 -19.1071 17.3212
1010000 FRAC0_S 0 1 -29401.2 -785.442 8500 3.45848e+07 6.05176e+06 -5.67868e+06 114138 -17.0979 9.06744
1010000 FRAC0_S 0 1 -29187.8 -561.948 8500 -982493 7.49466e+06 -3.31194e+06 6464.17 -60.7114 19.3083
1010000 FRAC0_S 0 1 -29053.9 -283.447 8500 -1.11886e+06 9.41466e+06 -1.84439e+06 8350.78 -65.9882 10.8898
1010000 FRAC0_S 0 1 -29012.6 22.8005 8500 -1.33863e+06 1.03611e+07 340217 9581.49 -68.6389 -2.17773
1010000 FRAC0_S 0 1 -29067.9 326.815 8500 -1.17605e+06 9.3986e+06 2.54082e+06 8730.02 -64.3781 -13.8722
Step FractureNumber TipNr TipActive TipX TipY TipZ KI KII KIII G Phi Psi Extension
1010101 FRAC0_S 0 1 -29173.6 632.381 8416.62 7.58927e+06 3.70489e+06 3.6951e+06 8171.56 -30.3272 -17.2229
1010101 FRAC0_S 0 1 -29401.4 871.312 8436.71 5.35752e+06 4.17261e+06 5.57126e+06 8237.38 -33.3387 -24.2846
1010101 FRAC0_S 0 1 -29693.6 1031.53 8475.17 2.42994e+06 3.08617e+06 8.20476e+06 10328.2 -27.9481 -34.8422
1010101 FRAC0_S 0 1 -30023.3 1078.47 8518.47 -3.22769e+07 -7.76878e+06 1.12555e+07 22227.5 19.5956 -15.5247
1010101 FRAC0_S 0 1 -30354.6 1011.98 8543.39 2.39447e+06 -4.16677e+06 8.6703e+06 12056.2 33.0602 -33.7073
1010101 FRAC0_S 0 1 -30648 851.075 8549.74 4.11584e+06 -6.62548e+06 6.72281e+06 11432.3 43.0379 -25.1359
1010101 FRAC0_S 0 1 -30876 606.599 8555.56 6.38639e+06 -8.56827e+06 4.74841e+06 13175.3 47.6439 -16.8812
1010101 FRAC0_S 0 1 -31012.2 305.735 8563.86 7.82748e+06 -6.96735e+06 1.87392e+06 10252.5 46.2884 -8.35177
1010101 FRAC0_S 0 1 -31037 -20.1775 8580.41 -1.06789e+07 -1.5477e+07 1.06199e+06 21495.2 56.9746 -2.99316
1010101 FRAC0_S 0 1 -30971 -341.706 8590.17 1.05121e+07 -4.04458e+06 -2.23384e+06 11968.4 29.6621 9.79318
1010101 FRAC0_S 0 1 -30825.3 -631.661 8584.2 35835.8 -3.04202e+06 -735767 896.728 67.1344 13.8203
1010101 FRAC0_S 0 1 -30597.3 -867.961 8571.55 6.01893e+06 -4.51424e+06 -6.57516e+06 10794.1 32.0671 25.1031
1010101 FRAC0_S 0 1 -30304.6 -1025.75 8541.05 3.28236e+06 -3.1061e+06 -8.13352e+06 10618.3 26.7421 33.3346
1010101 FRAC0_S 0 1 -29974.4 -1079.92 8498.23 1.03562e+06 268216 -6.68202e+06 6040.35 -4.62313 42.1611
1010101 FRAC0_S 0 1 -29642.5 -1020.43 8473.13 2.60415e+06 2.69004e+06 -5.61107e+06 5436.52 -30.275 31.3968
1010101 FRAC0_S 0 1 -29354.4 -852.696 8455.31 4.33275e+06 6.13666e+06 -6.20424e+06 10148.1 -42.0443 24.4546
1010101 FRAC0_S 0 1 -29143.4 -597.786 8426.21 9.50036e+06 5.06753e+06 -3.98833e+06 12446.7 -33.0122 15.2403
1010101 FRAC0_S 0 1 -29015.2 -296.034 8409.24 9.90784e+06 3.63608e+06 -2.04337e+06 10481 -28.849 9.65806
1010101 FRAC0_S 0 1 -28974.5 23.8785 8408.06 1.25039e+07 4.01009e+06 623867 15416.9 -28.926 -2.79568
1010101 FRAC0_S 0 1 -29027.8 342.289 8410.51 1.00344e+07 3.97675e+06 2.18054e+06 11014.1 -30.1621 -9.90576