
Step FractureNumber TipNr TipActive TipX TipY TipZ KI KII KIII G Phi Psi Extension
1010000 FRAC0_S 0 1 -14200 29687.6 8012.29 6.54313e+06 -7.93691e+06 -2.81338e+06 10481.2 49.509 11.816
1010000 FRAC0_S 0 1 -14270.4 29932.7 7837.69 5.61315e+06 -5.1407e+06 -2.88463e+06 6269.22 42.8245 15.0213
1010000 FRAC0_S 0 1 -14412.2 30184.4 7727.93 4.98601e+06 -3.46799e+06 -3.15046e+06 4607.1 35.5872 18.7437
1010000 FRAC0_S 0 1 -14611.6 30417.9 7693.74 6.76986e+06 -2.31186e+06 -5.90517e+06 9198.1 19.9305 25.6104
1010000 FRAC0_S 0 1 -14849 30610.5 7738.47 6.4438e+06 347277 -6.5909e+06 9488.35 -3.58601 30.4116
1010000 FRAC0_S 0 1 -15101.2 30743.5 7857.74 6.45002e+06 4.67243e+06 -6.28199e+06 10901.3 -32.5396 23.8543
1010000 FRAC0_S 0 1 -15343.6 30803.6 8039.89 -2.54668e+06 -2.81754e+06 2.60633e+06 1610.87 40.7421 -21.9771
1010000 FRAC0_S 0 1 -15552.2 30785.1 8267.07 6.85923e+06 1.17191e+07 -2.7817e+06 17459.7 -55.7395 9.59822
1010000 FRAC0_S 0 1 -15706.8 30689.7 8517.05 8.62829e+06 1.66088e+07 338054 31230.5 -61.3962 -1.02524
1010000 FRAC0_S 0 1 -15792.2 30526.8 8765.37 4.24564e+07 4.37241e+07 -1.48599e+07 360353 -47.475 10.7576
1010000 FRAC0_S 0 1 -15800 30312.4 8987.71 1.08356e+07 1.69448e+07 1.01792e+07 49829.3 -48.5461 -18.5434
1010000 FRAC0_S 0 1 -15729.6 30067.3 9162.31 1.00698e+07 1.068e+07 1.21582e+07 38860.3 -38.063 -24.3133
1010000 FRAC0_S 0 1 -15587.8 29815.6 9272.07 9.12416e+06 4.58195e+06 1.33974e+07 33161.4 -21.667 -30.4926
1010000 FRAC0_S 0 1 -15388.4 29582.1 9306.26 9.35775e+06 -1.217e+06 1.4684e+07 36612.4 6.58288 -34.1921
1010000 FRAC0_S 0 1 -15151 29389.5 9261.53 9.40528e+06 -7.86924e+06 1.39287e+07 39204 30.8549 -28.2426
1010000 FRAC0_S 0 1 -14898.8 29256.5 9142.26 8.21488e+06 -1.21839e+07 1.08112e+07 34787 43.986 -23.0595
1010000 FRAC0_S 0 1 -14656.4 29196.4 8960.11 8.81041e+06 -1.67072e+07 8.30785e+06 40970.1 52.0721 -17.1668
1010000 FRAC0_S 0 1 -14447.8 29214.9 8732.93 8.02033e+06 -1.62634e+07 4.11877e+06 31557.6 57.2133 -10.6172
1010000 FRAC0_S 0 1 -14293.2 29310.3 8482.95 7.04386e+06 -1.30782e+07 508029 19697 60.62 -1.90078
1010000 FRAC0_S 0 1 -14207.8 29473.2 8234.63 8.95132e+06 -3.35733e+07 -1.67568e+07 144927 56.8356 19.4112
Step FractureNumber TipNr TipActive TipX TipY TipZ KI KII KIII G Phi Psi Extension
1010101 FRAC0_S 0 1 -14105.3 29712.7 8024.14 1.29011e+07 334110 -2.42522e+06 15623.5 -2.95499 11.2879
1010101 FRAC0_S 0 1 -14179.1 29967.9 7828.19 8.41007e+06 68200.1 -1.82152e+06 6744.38 -0.923942 12.7622
1010101 FRAC0_S 0 1 -14333.8 30232.2 7696.19 2.70769e+07 -3.14446e+06 -8.17609e+06 75103.9 10.9955 15.1125
1010101 FRAC0_S 0 1 -14559.9 30474.3 7637.57 6.88298e+06 118131 -3.58337e+06 5930.66 -1.55379 22.6245
1010101 FRAC0_S 0 1 -14838.9 30662.6 7662.45 7.93792e+06 -594708 -4.74692e+06 8643.32 6.12933 23.6653
1010101 FRAC0_S 0 1 -15115.3 30799.1 7795.26 7.95028e+06 -6.75694e+06 -5.34301e+06 13497.7 39.2302 18.4421
1010101 FRAC0_S 0 1 -15372.8 30860.7 8008.98 8.7298e+06 9.93286e+06 -5.79714e+06 20052.5 -45.3089 16.6328
1010101 FRAC0_S 0 1 -15610.1 30804.2 8224.71 -3.30715e+07 7.71287e+06 1.63581e+07 40890.2 -17.6214 -19.6246
1010101 FRAC0_S 0 1 -15793.2 30678.8 8470.78 1.69698e+07 -2.64968e+06 -3.30088e+06 27736.2 15.249 10.5487
1010101 FRAC0_S 0 1 -15886 30513.7 8738.06 1.68458e+07 2.46908e+06 3.18977e+06 27184.1 -14.5174 -10.3927
1010101 FRAC0_S 0 1 -15896.2 30292 8980.62 9.21681e+06 833650 5.49473e+06 11647.3 -7.30654 -23.4475
1010101 FRAC0_S 0 1 -15819.9 30037 9181.09 1.89141e+07 2.95818e+06 1.35856e+07 57206 -11.1927 -25.041
1010101 FRAC0_S 0 1 -15657.6 29779.9 9323.96 -2.70083e+07 -1.71147e+07 -2.34866e+06 26835 42.0653 3.8578
1010101 FRAC0_S 0 1 -15419.6 29548.8 9386.9 1.82953e+07 -2.00578e+06 2.18349e+07 93594.6 6.50573 -31.5581
1010101 FRAC0_S 0 1 -15138.9 29365.3 9353.08 1.5057e+07 -2.2218e+06 1.49505e+07 50370.3 9.31856 -29.0815
1010101 FRAC0_S 0 1 -14854.2 29242.5 9228.19 3.48666e+07 -9.93807e+06 2.28651e+07 186665 19.0508 -22.588
1010101 FRAC0_S 0 1 -14591.5 29192 9034.25 1.48e+07 -1.84752e+06 6.84027e+06 26045.7 10.5791 -19.9169
1010101 FRAC0_S 0 1 -14370.3 29220.6 8794.5 1.96882e+07 -2.36663e+06 4.56749e+06 37814.9 11.8923 -12.4108
1010101 FRAC0_S 0 1 -14207.7 29324.5 8531.41 1.3746e+07 -2.87958e+06 -2.15898e+06 18196.5 19.8163 8.52888
1010101 FRAC0_S 0 1 -14116.2 29492.6 8266.78 1.4582e+07 -923818 -886827 19128.6 7.66745 4.12314