
Step FractureNumber TipNr TipActive TipX TipY TipZ KI KII KIII G Phi Psi Extension
1010000 FRAC0_S 0 1 37500 29251.8 7855.26 -765784 964045 2.67643e+06 1035.53 -27.2798 -35.2029
1010000 FRAC0_S 0 1 37500 29487.6 7655.6 -288684 -561781 2.98766e+06 1215.29 18.9919 -40.7207
1010000 FRAC0_S 0 1 37500 29773.6 7538.6 20035.5 -2.00459e+06 1.796e+06 787.121 54.1847 -29.3741
1010000 FRAC0_S 0 1 37500 30081.8 7515.7 -72576.4 -2.91966e+06 2.03664e+06 1311.28 57.6861 -26.1766
1010000 FRAC0_S 0 1 37500 30382 7589.16 -32659.3 -3.69224e+06 1.39196e+06 1472.5 64.5739 -18.7766
1010000 FRAC0_S 0 1 37500 30644.7 7751.78 -66398.5 -3.06508e+06 449476 864.034 68.5473 -9.27053
1010000 FRAC0_S 0 1 37500 30844.5 7987.64 -240589 -4.1208e+06 -187491 1517.85 69.3801 3.15887
1010000 FRAC0_S 0 1 37500 30961.5 8273.65 -291182 -4.40355e+06 -726787 1798.21 67.5321 9.86332
1010000 FRAC0_S 0 1 37500 30984.3 8581.81 -545028 -3.48053e+06 -1.58126e+06 1412.04 59.9327 19.3732
1010000 FRAC0_S 0 1 37500 30910.8 8881.97 -624012 -2.30764e+06 -1.83173e+06 920.777 51.3948 25.1146
1010000 FRAC0_S 0 1 37500 30748.2 9144.74 -653736 -755278 -2.06563e+06 618.323 27.1241 34.7073
1010000 FRAC0_S 0 1 37500 30512.4 9344.4 -833635 -821526 -2.88502e+06 1167.14 23.0405 36.2395
1010000 FRAC0_S 0 1 37500 30226.4 9461.4 -1.33155e+06 595391 -2.97406e+06 1207.98 -15.9746 35.1806
1010000 FRAC0_S 0 1 37500 29918.2 9484.3 -1.50413e+06 2.01602e+06 -2.87712e+06 1463.12 -37.1674 28.405
1010000 FRAC0_S 0 1 37500 29618 9410.84 -1.57883e+06 3.21901e+06 -2.24332e+06 1592.68 -49.3735 21.5012
1010000 FRAC0_S 0 1 37500 29355.3 9248.22 -973314 3.73857e+06 -1.19217e+06 1434.51 -60.5831 14.4046
1010000 FRAC0_S 0 1 37500 29155.5 9012.36 -1.44113e+06 4.73427e+06 -339609 2012.59 -64.7704 3.97625
1010000 FRAC0_S 0 1 37500 29038.5 8726.35 -1.74768e+06 5.07832e+06 483401 2329.17 -63.4782 -5.01414
1010000 FRAC0_S 0 1 37500 29015.7 8418.19 -1.10042e+06 4.25125e+06 1.67902e+06 1985.44 -59.06 -16.7454
1010000 FRAC0_S 0 1 37500 29089.2 8118.03 -796054 2.49688e+06 2.62022e+06 1468.67 -46.635 -28.0835
Step FractureNumber TipNr TipActive TipX TipY TipZ KI KII KIII G Phi Psi Extension
1010101 FRAC0_S 0 1 37467.1 29190 7799.4 840610 571874 2.51085e+06 930.591 -18.9194 -36.4024
1010101 FRAC0_S 0 1 37525.1 29442.9 7586.43 1.15725e+06 -430156 2.54204e+06 995.268 13.824 -35.5106
1010101 FRAC0_S 0 1 37569.8 29755.7 7476.59 2.05861e+06 -781445 1.96313e+06 944.618 20.9242 -26.3671
1010101 FRAC0_S 0 1 37585.1 30084.8 7464.93 2.26818e+06 -614548 1.22974e+06 693.223 19.3578 -20.3733
1010101 FRAC0_S 0 1 37589.5 30397.3 7549.12 2.70409e+06 -608828 694844 748.824 19.6523 -12.5313
1010101 FRAC0_S 0 1 37592.5 30668.4 7723.46 3.35271e+06 -763153 334820 1068.46 21.9475 -5.68109
1010101 FRAC0_S 0 1 37593.2 30874.7 7969.38 2.35927e+06 170810 -791267 581.871 -7.01476 16.7095
1010101 FRAC0_S 0 1 37591.2 31000 8265.74 2.03143e+06 -532795 -515608 428.384 22.1244 12.1334
1010101 FRAC0_S 0 1 37585.9 31032.9 8587.73 2.31906e+06 -1.07857e+06 -1.18058e+06 768.273 29.0972 17.9194
1010101 FRAC0_S 0 1 37572.1 30968.9 8909.6 1.55304e+06 -1.39834e+06 -1.59096e+06 725.81 36.4646 23.2713
1010101 FRAC0_S 0 1 37552.1 30808.2 9199.49 612841 -1.86407e+06 -2.56567e+06 1218.6 42.1875 31.1435
1010101 FRAC0_S 0 1 37524.1 30558.6 9421.66 -114365 -641576 -2.03395e+06 586.894 28.4932 39.3257
1010101 FRAC0_S 0 1 37480.9 30247.7 9547.71 -190440 749582 -2.76587e+06 1067.53 -25.4536 39.8329
1010101 FRAC0_S 0 1 37443.9 29914.1 9562.41 609716 2.04914e+06 -2.63649e+06 1331.79 -43.6935 30.6549
1010101 FRAC0_S 0 1 37425.1 29595.7 9470.01 1.69355e+06 1.85733e+06 -1.29992e+06 787.722 -43.3424 18.5326
1010101 FRAC0_S 0 1 37414.8 29323.8 9287.36 2.61784e+06 2.15597e+06 -680589 1086.49 -44.4013 9.21889
1010101 FRAC0_S 0 1 37410.6 29118.5 9035.28 2.71158e+06 1.91426e+06 119133 983.617 -45.0872 -1.93756
1010101 FRAC0_S 0 1 37411.2 28994.9 8735.93 2.51593e+06 1.67081e+06 675420 873.488 -39.843 -10.1985
1010101 FRAC0_S 0 1 37416.6 28963.4 8411.98 1.82724e+06 1.283e+06 1.16733e+06 625.435 -35.6938 -18.8283
1010101 FRAC0_S 0 1 37430.8 29027.8 8089.18 1.70891e+06 1.63893e+06 2.05401e+06 1060.72 -36.0326 -24.8876