
Step FractureNumber TipNr TipActive TipX TipY TipZ KI KII KIII G Phi Psi Extension
1010000 FRAC0_S 0 1 29640.5 44080 8500 181296 1.13933e+06 182255 123.017 -65.9038 -8.9738
1010000 FRAC0_S 0 1 29942.3 44014 8500 177783 954379 411772 106.532 -59.7932 -18.4555
1010000 FRAC0_S 0 1 30249.8 44044.5 8500 155159 741318 590707 97.5242 -52.3928 -25.7752
1010000 FRAC0_S 0 1 30532.9 44168.4 8500 132185 317357 554923 51.4877 -37.2449 -33.0197
1010000 FRAC0_S 0 1 30763.8 44373.8 8500 73659.8 -342396 169190 14.7375 57.9469 -19.7912
1010000 FRAC0_S 0 1 30920 44640.5 8500 39751.6 -441702 427937 41.8825 51.4855 -29.3973
1010000 FRAC0_S 0 1 30986 44942.3 8500 179589 -582234 642792 88.0351 46.0045 -28.784
1010000 FRAC0_S 0 1 30955.5 45249.8 8500 139984 -820445 464720 90.4521 57.3973 -21.9257
1010000 FRAC0_S 0 1 30831.6 45532.9 8500 166370 -1.00388e+06 305550 104.687 62.8422 -14.7345
1010000 FRAC0_S 0 1 30626.2 45763.8 8500 115754 -995286 60537.2 89.9533 68.415 -3.94227
1010000 FRAC0_S 0 1 30359.5 45920 8500 120427 -967829 -151105 87.7978 66.64 9.01935
1010000 FRAC0_S 0 1 30057.7 45986 8500 93368.8 -909342 -362675 91.9561 62.1909 18.3901
1010000 FRAC0_S 0 1 29750.2 45955.5 8500 117509 -733492 -543642 88.4803 54.2684 25.3906
1010000 FRAC0_S 0 1 29467.1 45831.6 8500 133152 -438319 -655513 75.8497 41.0795 32.2524
1010000 FRAC0_S 0 1 29236.2 45626.2 8500 120361 -92369.5 -582693 47.2089 15.3137 39.4303
1010000 FRAC0_S 0 1 29080 45359.5 8500 161400 223305 -733344 78.2914 -25.1694 36.9639
1010000 FRAC0_S 0 1 29014 45057.7 8500 170497 711978 -1.10223e+06 209.344 -41.2143 33.1401
1010000 FRAC0_S 0 1 29041.3 44762.1 8500 182563 859058 -523979 105.247 -55.7435 22.4088
1010000 FRAC0_S 0 1 29168.4 44467.1 8500 181276 1.07799e+06 -314668 119.65 -63.05 14.2751
1010000 FRAC0_S 0 1 29373.8 44236.2 8500 180792 1.2129e+06 -80080.7 134.859 -67.8067 4.14086
Step FractureNumber TipNr TipActive TipX TipY TipZ KI KII KIII G Phi Psi Extension
1010101 FRAC0_S 0 1 29626.4 44041.2 8409.61 2.46316e+06 663611 -163730 583.45 -25.3874 3.79946
1010101 FRAC0_S 0 1 29941 43964.6 8414.17 1.74783e+06 654953 294560 321.987 -29.8669 -8.12435
1010101 FRAC0_S 0 1 30267.5 43985.6 8423.65 1.65679e+06 792793 845517 395.692 -29.6315 -17.8418
1010101 FRAC0_S 0 1 30568.5 44111.7 8471.13 1.07552e+06 670995 1.04774e+06 289.199 -29.5822 -24.6073
1010101 FRAC0_S 0 1 30809.6 44334.5 8546.81 416300 83151.9 665847 75.0253 -9.63351 -33.7946
1010101 FRAC0_S 0 1 30976.5 44619.7 8578.3 781227 -74998.2 89157.6 55.9437 10.6658 -7.06255
1010101 FRAC0_S 0 1 31048.2 44938 8576.59 692706 -218096 627511 99.3686 18.4416 -26.3267
1010101 FRAC0_S 0 1 31008.6 45261.8 8582.35 1.20165e+06 -332174 915924 250.081 17.6963 -24.5499
1010101 FRAC0_S 0 1 30869.7 45555.7 8588.79 1.72328e+06 -484125 861463 384.217 20.3434 -19.2951
1010101 FRAC0_S 0 1 30651.1 45793.4 8591.69 1.41893e+06 -384832 470415 222.04 21.686 -14.7224
1010101 FRAC0_S 0 1 30373.2 45957.2 8591.27 2.91791e+06 -936598 209359 842.697 28.5476 -3.93076
1010101 FRAC0_S 0 1 30058.9 46032.7 8587.47 1.82752e+06 -748025 -310199 360.27 31.5865 8.00319
1010101 FRAC0_S 0 1 29733.3 46011.4 8579.12 1.58582e+06 -758688 -670595 335.198 30.7959 15.7157
1010101 FRAC0_S 0 1 29424.5 45892.8 8559.75 969143 -607531 -998729 249.248 29.1303 25.2853
1010101 FRAC0_S 0 1 29167.7 45680.9 8519 604953 -399651 -1.17752e+06 231.256 23.2927 32.4811
1010101 FRAC0_S 0 1 29000.5 45392.4 8468.87 506772 2360.48 -1.20485e+06 215.955 -0.192674 38.5236
1010101 FRAC0_S 0 1 28941.7 45064.6 8435.76 724955 264208 -924817 166.806 -17.9919 29.9842
1010101 FRAC0_S 0 1 28988.9 44738.1 8419.92 897880 550647 -983423 227.486 -28.1104 26.1452
1010101 FRAC0_S 0 1 29129.8 44444.1 8411.61 1.67131e+06 438368 -895331 372.647 -18.9334 20.3103
1010101 FRAC0_S 0 1 29348.6 44206 8408.59 2.03999e+06 486126 -555971 433.005 -20.3403 12.9965