
Step FractureNumber TipNr TipActive TipX TipY TipZ KI KII KIII G Phi Psi Extension
1010000 FRAC0_S 0 1 -29214.5 598.84 8500 1.35539e+06 -7.70622e+06 -5.06634e+06 8869.39 55.5375 23.7274
1010000 FRAC0_S 0 1 -29438 812.246 8500 1.25652e+06 -5.36982e+06 -6.8186e+06 8893.79 44.749 31.0701
1010000 FRAC0_S 0 1 -29716.5 946.143 8500 2.01388e+07 -1.37685e+06 -7.91958e+06 44651.1 6.39542 18.5972
1010000 FRAC0_S 0 1 -30022.8 987.425 8500 1.42955e+06 1.54486e+06 -8.61851e+06 10273.8 -17.4132 39.7488
1010000 FRAC0_S 0 1 -30326.8 932.051 8500 1.18618e+06 5.94373e+06 -8.41307e+06 12687.1 -43.3004 32.5513
1010000 FRAC0_S 0 1 -30598.8 785.442 8500 4.25346e+07 9.04002e+06 -5.36024e+06 172320 -20.4642 7.05097
1010000 FRAC0_S 0 1 -30812.2 561.948 8500 9.66122e+06 1.1786e+07 -4.08299e+06 22912.8 -49.7124 11.6303
1010000 FRAC0_S 0 1 -30946.1 283.447 8500 4.10572e+07 1.17994e+07 -867086 162719 -27.3717 1.2503
1010000 FRAC0_S 0 1 -30987.4 -22.8005 8500 2.38206e+06 1.47058e+07 1.27789e+06 19993.9 -67.2201 -5.26748
1010000 FRAC0_S 0 1 -30932.1 -326.815 8500 1.03307e+06 1.30863e+07 4.01203e+06 17496.2 -64.5803 -15.6437
1010000 FRAC0_S 0 1 -30785.5 -598.84 8500 1.11308e+06 7.52967e+06 4.77593e+06 8196.24 -56.5177 -23.5812
1010000 FRAC0_S 0 1 -30562 -812.246 8500 1.38953e+06 6.22054e+06 7.62242e+06 11347.6 -45.4984 -30.7682
1010000 FRAC0_S 0 1 -30283.5 -946.143 8500 1.4148e+06 2.39708e+06 8.53532e+06 10379.7 -24.5412 -38.15
1010000 FRAC0_S 0 1 -29977.2 -987.425 8500 1.39172e+06 -1.39507e+06 8.58476e+06 10147.9 16.1217 -40.0773
1010000 FRAC0_S 0 1 -29673.2 -932.051 8500 1.86693e+07 -5.25907e+06 7.33893e+06 40686.7 21.5673 -16.4898
1010000 FRAC0_S 0 1 -29401.2 -785.442 8500 -3.82849e+07 -6.65446e+06 6.29268e+06 9212.48 17.0034 -9.08265
1010000 FRAC0_S 0 1 -29187.8 -561.948 8500 1.17746e+06 -8.67633e+06 3.24975e+06 8236.22 62.0094 -17.3147
1010000 FRAC0_S 0 1 -29053.9 -283.447 8500 1.3357e+06 -1.0598e+07 1.51534e+06 10472.9 66.8542 -8.36954
1010000 FRAC0_S 0 1 -29012.6 22.8005 8500 1.59675e+06 -1.14023e+07 -951204 11932.9 67.6648 5.16505
1010000 FRAC0_S 0 1 -29067.9 326.815 8500 1.40377e+06 -1.01088e+07 -3.32223e+06 10749.5 62.8957 15.8129
Step FractureNumber TipNr TipActive TipX TipY TipZ KI KII KIII G Phi Psi Extension
1010101 FRAC0_S 0 1 -29171.2 634.364 8581.07 5.97598e+06 593209 -3.34406e+06 4700.99 -8.12694 22.5567
1010101 FRAC0_S 0 1 -29399.4 873.824 8558.59 -335050 -5.39393e+06 -5.67121e+06 6870.25 50.5696 30.6358
1010101 FRAC0_S 0 1 -29692.7 1032.19 8515.69 5.084e+06 -2.03269e+06 -9.30963e+06 14198.4 16.2525 33.6067
1010101 FRAC0_S 0 1 -30022.8 1076.09 8470.68 4.45555e+06 572832 -8.57724e+06 11582.9 -5.77028 36.0576
1010101 FRAC0_S 0 1 -30353.6 1008.86 8449.49 4.26126e+06 3.50151e+06 -6.93176e+06 9101.18 -29.3855 29.4512
1010101 FRAC0_S 0 1 -30646.5 849.061 8446.31 5.22104e+07 -1.87529e+07 -8.05203e+06 282868 29.2836 7.60588
1010101 FRAC0_S 0 1 -30874.3 605.34 8441.63 9.77028e+06 7.3367e+06 -3.98803e+06 15418.1 -40.2238 13.5665
1010101 FRAC0_S 0 1 -31011.7 305.163 8434.89 -6.11596e+06 1.24458e+07 -579273 13847.5 -61.4355 2.33033
1010101 FRAC0_S 0 1 -31038.2 -20.427 8419.82 3.76268e+07 -1.65716e+07 4.55958e+06 153396 33.9164 -5.85403
1010101 FRAC0_S 0 1 -30973 -342.503 8410.94 5.78253e+06 308528 2.33222e+06 3711.54 -5.03401 -19.0667
1010101 FRAC0_S 0 1 -30827.5 -633.525 8417.89 8.03944e+06 2.75211e+06 5.1874e+06 10013.3 -22.0362 -21.844
1010101 FRAC0_S 0 1 -30599.4 -871.213 8433.11 6.65458e+06 1.94885e+06 6.74071e+06 10327.7 -16.6521 -27.897
1010101 FRAC0_S 0 1 -30305.9 -1028.13 8468.34 5.25848e+06 1.18973e+06 8.11444e+06 11347.4 -10.9704 -33.2164
1010101 FRAC0_S 0 1 -29974.9 -1079.17 8512.69 1.82065e+06 -2.26578e+06 1.6972e+07 39063.3 14.2529 -41.4287
1010101 FRAC0_S 0 1 -29642.8 -1018.95 8532.63 2.39641e+06 -6.94672e+06 1.1641e+07 22835.2 38.675 -33.115
1010101 FRAC0_S 0 1 -29354.9 -852.081 8545.89 6.83956e+06 -5.60711e+06 5.31722e+06 10730.4 37.2162 -20.3908
1010101 FRAC0_S 0 1 -29144.5 -597.131 8574.45 1.04372e+07 -3.84507e+06 2.61208e+06 11932.1 28.2374 -11.2709
1010101 FRAC0_S 0 1 -29015.8 -295.543 8591.18 1.11341e+07 -3.0421e+06 1.12254e+06 12039 25.0708 -5.54555
1010101 FRAC0_S 0 1 -28973.4 24.188 8591.49 1.92545e+07 -2.43572e+06 -1.19817e+06 33755.8 14.1057 3.99276
1010101 FRAC0_S 0 1 -29025.7 343.15 8588.25 9.5782e+06 -1.27274e+06 -3.33428e+06 9798.09 11.9977 16.5109