
Step FractureNumber TipNr TipActive TipX TipY TipZ KI KII KIII G Phi Psi Extension
1010000 FRAC0_S 0 1 -30000 -14017.8 8603.45 7.28963e+06 1.47748e+07 -5.384e+06 28042.8 -55.0767 14.03
1010000 FRAC0_S 0 1 -30000 -14097.8 8901.92 -1.85077e+07 5.52876e+06 -7.32041e+06 9851.1 -22.5083 16.4109
1010000 FRAC0_S 0 1 -30000 -14266.1 9161.05 -383200 1.35504e+07 -334430 16376.6 -69.8229 1.81012
1010000 FRAC0_S 0 1 -30000 -14506.3 9355.47 -3.25113e+06 1.12036e+07 1.61407e+06 11531.6 -63.583 -7.50195
1010000 FRAC0_S 0 1 -30000 -14794.9 9466.15 -4.49034e+06 7.18041e+06 2.38074e+06 5348.2 -53.262 -12.2682
1010000 FRAC0_S 0 1 -30000 -15103.5 9482.25 -1.18442e+07 1.78966e+06 1.07997e+06 440.53 -15.9927 -5.54726
1010000 FRAC0_S 0 1 -30000 -15401.9 9402.21 -4.46344e+06 4.1386e+06 6.31757e+06 6834.53 -33.4488 -27.1114
1010000 FRAC0_S 0 1 -30000 -15661 9233.85 7.02967e+06 -3.20095e+06 9.50515e+06 17332.8 20.8652 -29.9118
1010000 FRAC0_S 0 1 -30000 -15855.5 8993.66 1.48992e+06 -5.25352e+06 8.08996e+06 11361.7 40.8031 -32.7245
1010000 FRAC0_S 0 1 -30000 -15966.1 8705.15 6.00386e+06 -1.13841e+07 6.96576e+06 21214 50.1472 -19.6102
1010000 FRAC0_S 0 1 -30000 -15982.2 8396.55 1.18961e+07 -1.77837e+07 4.26042e+06 43206.8 54.1378 -9.27112
1010000 FRAC0_S 0 1 -30000 -15902.2 8098.08 1.53875e+07 -2.17784e+07 -195174 63368.9 57.823 0.406571
1010000 FRAC0_S 0 1 -30000 -15719.7 7823.19 1.90115e+07 -2.14772e+07 -6.0956e+06 78253.2 49.6665 9.64136
1010000 FRAC0_S 0 1 -30000 -15493.7 7644.53 2.16529e+07 -1.80991e+07 -1.10002e+07 87062.8 41.0241 15.3557
1010000 FRAC0_S 0 1 -30000 -15205.1 7533.85 3.70541e+07 -2.05687e+07 -1.82536e+07 204363 32.8074 16.8546
1010000 FRAC0_S 0 1 -30000 -14896.5 7517.75 2.23285e+07 -5.61663e+06 -1.84118e+07 92324.2 15.9349 25.774
1010000 FRAC0_S 0 1 -30000 -14598.1 7597.79 2.17818e+07 2.12303e+06 -1.65264e+07 79004.8 -7.15836 26.3691
1010000 FRAC0_S 0 1 -30000 -14339 7766.15 1.5587e+07 6.11201e+06 -1.19216e+07 43881.3 -23.1376 23.5089
1010000 FRAC0_S 0 1 -30000 -14144.5 8006.34 3.30662e+06 7.82205e+06 -7.61514e+06 14139.2 -46.2334 26.2425
1010000 FRAC0_S 0 1 -30000 -14033.9 8294.85 3.58339e+06 9.94716e+06 -1.18701e+07 28700.8 -44.0904 29.2439
Step FractureNumber TipNr TipActive TipX TipY TipZ KI KII KIII G Phi Psi Extension
1010101 FRAC0_S 0 1 -30068 -13950.7 8612.12 2.46087e+07 4.17458e+06 -7.90212e+06 63821.9 -15.0247 15.2702
1010101 FRAC0_S 0 1 -30063.1 -14034.9 8927.99 2.95274e+07 6.75532e+06 -3.65632e+06 83536.6 -21.6771 6.86413
1010101 FRAC0_S 0 1 -30078.9 -14226.6 9191.63 1.16881e+07 6.12436e+06 726919 15586 -38.6092 -3.00761
1010101 FRAC0_S 0 1 -30088.2 -14485.7 9395.14 8.55199e+06 6.4754e+06 1.55167e+06 10573.9 -44.0022 -7.01115
1010101 FRAC0_S 0 1 -30069.3 -14785.6 9528.94 4.29031e+06 8.64754e+06 3.05133e+06 9542.18 -55.2418 -13.6835
1010101 FRAC0_S 0 1 -30047.5 -15113.8 9563.74 -801259 4.99461e+06 4.69038e+06 5148.91 -50.8017 -28.2863
1010101 FRAC0_S 0 1 -30025.5 -15437 9481.58 -1.76666e+06 5.17209e+06 6.45538e+06 7926.1 -43.6228 -29.9273
1010101 FRAC0_S 0 1 -29979.6 -15717.2 9297.08 2.39717e+06 -1.22112e+06 8.46234e+06 10169.2 13.4361 -38.4455
1010101 FRAC0_S 0 1 -29939.2 -15919.5 9033.26 6.58396e+06 -2.77167e+06 8.11295e+06 13301.4 20.451 -29.1076
1010101 FRAC0_S 0 1 -29925 -16028.5 8719.73 1.61097e+07 -4.3589e+06 4.32044e+06 27301.8 22.4532 -12.592
1010101 FRAC0_S 0 1 -29919.1 -16039.2 8391.39 2.18375e+07 -1.3924e+06 2.88308e+06 43772.8 7.26606 -8.20954
1010101 FRAC0_S 0 1 -29918.4 -15953.1 8074.88 2.54491e+07 -1.66482e+06 -1.73229e+06 58358.7 7.84676 4.5651
1010101 FRAC0_S 0 1 -29924.3 -15779.5 7795.54 3.23735e+07 86453.7 -6.61051e+06 99203.6 -0.309444 12.2525
1010101 FRAC0_S 0 1 -29934.6 -15528.9 7580.47 3.02974e+07 423583 -1.12681e+07 98699.9 -1.40519 18.5554
1010101 FRAC0_S 0 1 -29949.7 -15220.8 7452.5 3.99382e+07 -1.39341e+06 -1.63589e+07 177901 3.34062 19.4645
1010101 FRAC0_S 0 1 -29975.8 -14885.7 7426.72 2.88446e+07 1.81649e+06 -1.6729e+07 111656 -5.26342 23.4223
1010101 FRAC0_S 0 1 -30009.2 -14560 7511.49 3.10824e+07 -5.17011e+06 -2.04232e+07 143948 12.1887 23.8223
1010101 FRAC0_S 0 1 -30040 -14290 7693.96 8.42719e+06 5.483e+06 -6.59384e+06 14790 -32.4319 21.671
1010101 FRAC0_S 0 1 -30063.4 -14081.6 7968.24 2.24322e+07 -5.43232e+06 -1.7069e+07 86219.6 15.9024 24.8681
1010101 FRAC0_S 0 1 -30073.4 -13969.6 8280.25 3.64801e+07 -6.64177e+06 -9.99069e+06 135794 16.4125 13.5045