
Step FractureNumber TipNr TipActive TipX TipY TipZ KI KII KIII G Phi Psi Extension
1010000 FRAC0_S 0 1 29290.4 15686.6 8522.98 8.56928e+06 9.92914e+06 8.16329e+06 24191.8 -42.4293 -20.7884
1010000 FRAC0_S 0 1 29206.7 15522.3 8770.95 2.67394e+07 5.68596e+06 9.59391e+06 78836 -17.6627 -16.0888
1010000 FRAC0_S 0 1 29200.7 15306.9 8992.41 2.6462e+07 -405435 9.92536e+06 75514.8 1.53422 -18.6401
1010000 FRAC0_S 0 1 29273 15061.5 9165.67 2.52605e+07 -6.10537e+06 8.74859e+06 70361.6 19.6863 -15.4415
1010000 FRAC0_S 0 1 29416.4 14810 9273.77 2.57071e+07 -1.06209e+07 6.81879e+06 75124.8 30.2205 -11.5027
1010000 FRAC0_S 0 1 29616.9 14577.1 9306.12 2.65519e+07 -1.36818e+07 4.31359e+06 81978.3 36.3952 -7.24345
1010000 FRAC0_S 0 1 29854.8 14385.5 9259.56 1.94595e+07 -1.11668e+07 534106 44893.1 41.1813 -1.32727
1010000 FRAC0_S 0 1 30107.1 14254.2 9138.66 2.43438e+07 -1.05944e+07 369203 62828.3 35.706 -0.812024
1010000 FRAC0_S 0 1 30347.4 14196 8956.52 2.48893e+07 -1.27875e+07 -3.90969e+06 71806.1 36.4303 7.04137
1010000 FRAC0_S 0 1 30556.5 14216.3 8727.25 2.39327e+07 -1.10684e+07 -5.55947e+06 66067.5 32.9912 10.0712
1010000 FRAC0_S 0 1 30709.6 14313.4 8477.02 2.34548e+07 -8.90989e+06 -6.79733e+06 62240.9 28.2285 12.5443
1010000 FRAC0_S 0 1 30793.3 14477.7 8229.05 2.31836e+07 -7.52392e+06 -7.918e+06 61277.7 24.6147 14.6028
1010000 FRAC0_S 0 1 30799.3 14693.1 8007.59 2.4327e+07 -4.34231e+06 -9.523e+06 66477.4 15.0126 17.3971
1010000 FRAC0_S 0 1 30727 14938.5 7834.33 1.91049e+07 -1.42328e+06 -9.30243e+06 44214.7 6.52033 21.1145
1010000 FRAC0_S 0 1 30583.6 15190 7726.23 1.85851e+07 2.12132e+06 -9.694e+06 43678.8 -9.42826 21.5169
1010000 FRAC0_S 0 1 30389.5 15416.8 7693.67 1.86558e+07 6.5362e+06 -9.2306e+06 46152.8 -24.0595 18.5432
1010000 FRAC0_S 0 1 30145.2 15614.5 7740.44 1.88192e+07 1.0127e+07 -7.03614e+06 47282.7 -33.8573 13.9906
1010000 FRAC0_S 0 1 29892.9 15745.8 7861.34 1.39218e+07 9.2459e+06 -3.20243e+06 26252.8 -40.4814 8.98574
1010000 FRAC0_S 0 1 29651.1 15804.1 8044.77 2.06278e+07 1.39076e+07 -429811 55177.3 -44.6111 0.95383
1010000 FRAC0_S 0 1 29443.5 15783.7 8272.75 3.41167e+07 9.85743e+06 4.66332e+06 115270 -25.4987 -7.17522
Step FractureNumber TipNr TipActive TipX TipY TipZ KI KII KIII G Phi Psi Extension
1010101 FRAC0_S 0 1 29202 15712.8 8495.11 2.74398e+07 -5.72104e+06 8.58204e+06 79807 17.8727 -14.6414
1010101 FRAC0_S 0 1 29116.9 15550 8778.81 2.20147e+07 442927 4.80339e+06 46273.2 -2.25618 -12.7191
1010101 FRAC0_S 0 1 29125.1 15337.7 9040.99 8.9904e+06 705158 1.17665e+07 25660.7 -4.52428 -32.8443
1010101 FRAC0_S 0 1 29222.7 15085.3 9244.16 2.92344e+07 -4.82917e+06 1.18361e+07 96868.2 13.9548 -17.9194
1010101 FRAC0_S 0 1 29393.6 14822.4 9367.86 2.7945e+07 1.76123e+06 5.79974e+06 74338.4 -6.77227 -11.8604
1010101 FRAC0_S 0 1 29619.6 14577.9 9404.25 3.9736e+07 1.30172e+07 1.52775e+06 156110 -29.548 -2.16919
1010101 FRAC0_S 0 1 29879.7 14374.2 9354.05 2.49003e+07 3.08654e+06 400030 56120.8 -14.3948 -1.09263
1010101 FRAC0_S 0 1 30150.8 14230.4 9223.58 4.32104e+07 1.95491e+07 -4.70648e+06 203382 -34.6894 5.28073
1010101 FRAC0_S 0 1 30382.9 14167.2 9050.55 3.02372e+07 3.82003e+06 -4.60475e+06 85592.4 -13.1494 8.8219
1010101 FRAC0_S 0 1 30634.1 14182.5 8776.78 3.4953e+07 1.55011e+07 917224 130391 -35.8709 -1.38215
1010101 FRAC0_S 0 1 30798.8 14281.7 8502.12 2.79419e+07 2.40213e+06 -5.76001e+06 74499.4 -9.00484 11.6041
1010101 FRAC0_S 0 1 30887.8 14453.5 8226.61 2.29334e+07 9.73757e+06 -1.04283e+07 69779.4 -28.0575 16.9409
1010101 FRAC0_S 0 1 30890.1 14679.7 7975.66 2.40894e+07 301787 -8.15771e+06 60569.4 -1.29204 17.4762
1010101 FRAC0_S 0 1 30802.4 14937.4 7774.14 2.22029e+07 -1.63443e+06 -9.15632e+06 55316.9 6.7635 19.1049
1010101 FRAC0_S 0 1 30631 15198.9 7643.25 2.03834e+07 -907772 -9.64357e+06 49466.1 4.04798 21.1086
1010101 FRAC0_S 0 1 30396.3 15438 7599.16 2.62353e+07 -7.97039e+06 -8.17684e+06 75886.9 23.8526 13.8202
1010101 FRAC0_S 0 1 30126.6 15633.1 7646.24 2.32051e+07 102074 -7.40703e+06 55281.3 -0.464498 16.8913
1010101 FRAC0_S 0 1 29848.6 15765 7775.66 2.60118e+07 -595281 -4.22442e+06 62698 2.67697 10.0678
1010101 FRAC0_S 0 1 29588 15829.5 7975.01 2.93947e+07 -1.37026e+06 -757137 77238.7 5.95352 1.85446
1010101 FRAC0_S 0 1 29366.3 15814.6 8222.29 2.65226e+07 -1.38341e+06 3.84254e+06 64818.5 5.96746 -8.95698