
Step FractureNumber TipNr TipActive TipX TipY TipZ KI KII KIII G Phi Psi Extension
1010000 FRAC0_S 0 1 -44019.9 44878.3 8500 18399.9 -203347 -114657 5.46331 59.0491 22.7514
1010000 FRAC0_S 0 1 -44030.2 45187.1 8500 24963.2 -155366 -160618 5.63768 49.2608 29.4216
1010000 FRAC0_S 0 1 -44135.4 45477.6 8500 14697.9 -51001.7 -141576 2.91688 30.2099 37.881
1010000 FRAC0_S 0 1 -44325.3 45721.4 8500 90729.3 -3007.08 -90550.5 1.82486 2.2658 30.3586
1010000 FRAC0_S 0 1 -44581.3 45894.6 8500 75631.4 184548 -145555 6.36237 -49.1967 23.735
1010000 FRAC0_S 0 1 -44878.3 45980.1 8500 25499.7 159104 -129192 4.53354 -52.9887 26.5196
1010000 FRAC0_S 0 1 -45187.1 45969.8 8500 27449.4 376409 -62047.9 13.2046 -67.417 9.8025
1010000 FRAC0_S 0 1 -45477.6 45864.6 8500 27588.2 235879 -42192.7 5.26258 -66.3517 10.1382
1010000 FRAC0_S 0 1 -45721.4 45674.7 8500 31642.1 265442 14654 6.3964 -68.4561 -3.59367
1010000 FRAC0_S 0 1 -45894.6 45418.7 8500 28393.4 226420 57458.2 5.07925 -64.7091 -13.2348
1010000 FRAC0_S 0 1 -45980.1 45121.7 8500 27353.2 194157 103132 4.84046 -58.6913 -21.4486
1010000 FRAC0_S 0 1 -45969.8 44812.9 8500 29255.2 154192 149693 5.17513 -49.8026 -28.3855
1010000 FRAC0_S 0 1 -45864.6 44522.4 8500 24784.4 70052.1 171639 4.4102 -31.9662 -36.5495
1010000 FRAC0_S 0 1 -45674.7 44278.6 8500 16910 -8394.73 141861 2.70832 6.85399 -42.4273
1010000 FRAC0_S 0 1 -45418.7 44105.4 8500 16743.1 -80410.4 154406 3.77203 37.5985 -35.4434
1010000 FRAC0_S 0 1 -45121.7 44019.9 8500 13221 -137258 121403 3.65462 52.8374 -28.2494
1010000 FRAC0_S 0 1 -44812.9 44030.2 8500 96205.2 -226645 66758.1 5.99487 57.7532 -12.3962
1010000 FRAC0_S 0 1 -44522.4 44135.4 8500 13393.7 -264749 50557.2 6.60185 67.3503 -11.2164
1010000 FRAC0_S 0 1 -44278.6 44325.3 8500 10738.9 -277856 -9001.06 6.90071 69.692 2.32899
1010000 FRAC0_S 0 1 -44105.4 44581.3 8500 14212.9 -255732 -66649.3 6.43648 65.96 14.151
Step FractureNumber TipNr TipActive TipX TipY TipZ KI KII KIII G Phi Psi Extension
1010101 FRAC0_S 0 1 -43969.1 44873.8 8584.65 298932 -124216 25714.2 9.42577 33.3821 -4.36013
1010101 FRAC0_S 0 1 -43966.5 45202.1 8571.9 217672 -22159 -385843 24.0662 4.87047 35.5515
1010101 FRAC0_S 0 1 -44064.6 45519.8 8545.09 124409 -129169 -113205 4.57044 40.6219 20.9305
1010101 FRAC0_S 0 1 -44265.4 45783.1 8495.63 68045.9 -46693.6 -114361 2.34632 25.626 30.7128
1010101 FRAC0_S 0 1 -44548.5 45957.3 8443.18 199836 55685.3 -88486.9 4.87624 -20.8279 17.88
1010101 FRAC0_S 0 1 -44869.4 46034.2 8418.07 55477 -6747.13 -46363 0.564197 8.42874 27.2874
1010101 FRAC0_S 0 1 -45193.7 46012.4 8410.97 72162.1 279.264 -17072.8 0.502803 -0.436086 13.6763
1010101 FRAC0_S 0 1 -45495.8 45897.8 8407.86 103120 6351.8 -112143 2.62377 -3.95511 31.02
1010101 FRAC0_S 0 1 -45749.3 45700.5 8407.99 229279 30652 -175369 8.85846 -9.51111 26.0678
1010101 FRAC0_S 0 1 -45933.5 45435.7 8410.18 199090 45718.4 -85965.1 4.70117 -18.0131 18.0426
1010101 FRAC0_S 0 1 -46031.4 45126.4 8415.58 315311 132042 -23636.5 10.4873 -33.7473 3.83129
1010101 FRAC0_S 0 1 -46032.9 44798.1 8427.22 280478 165611 66066.1 10.0346 -37.9512 -9.51258
1010101 FRAC0_S 0 1 -45934.4 44480.7 8457.42 152716 124395 141520 6.12085 -35.4198 -22.597
1010101 FRAC0_S 0 1 -45735.5 44214.1 8507.98 1785.32 165590 115065 4.20458 -58.0187 -26.2998
1010101 FRAC0_S 0 1 -45454.3 44036.5 8553.41 83137.3 -15886.2 86528 1.63418 11.4732 -29.1974
1010101 FRAC0_S 0 1 -45131.4 43958.9 8576.24 101500 43980.7 33515.1 1.23979 -30.1731 -13.4478
1010101 FRAC0_S 0 1 -44805.1 43980.6 8585.28 -57416.2 93753.1 142702 3.49164 -37.5394 -30.0949
1010101 FRAC0_S 0 1 -44504.3 44099.6 8590.73 63598.6 20151.6 79693.9 1.24132 -16.197 -30.1865
1010101 FRAC0_S 0 1 -44252.1 44300.8 8592.8 230058 -14779.3 109854 6.3408 5.712 -20.9924
1010101 FRAC0_S 0 1 -44067.9 44565.2 8590.55 174137 5790.12 109384 4.29645 -2.77385 -24.7732