
Step FractureNumber TipNr TipActive TipX TipY TipZ KI KII KIII G Phi Psi Extension
1010000 FRAC0_S 0 1 -14832.6 -14400.6 7733.11 7.86514e+06 8.4438e+06 -3.24055e+06 13262.4 -47.4099 12.0227
1010000 FRAC0_S 0 1 -15084.5 -14263.2 7847.73 8.44502e+06 9.70031e+06 -1.18527e+06 14926.9 -52.6266 4.65857
1010000 FRAC0_S 0 1 -15328.3 -14197.9 8026.2 8.57309e+06 9.26729e+06 1.04737e+06 14348.3 -51.8394 -4.2238
1010000 FRAC0_S 0 1 -15539.8 -14211.2 8251.05 4.76479e+06 8.77395e+06 3.8224e+06 10826.2 -52.8745 -15.5736
1010000 FRAC0_S 0 1 -15698.5 -14301.7 8500.26 1.04189e+07 5.7852e+06 4.98198e+06 15956.7 -33.0097 -16.5171
1010000 FRAC0_S 0 1 -15788.9 -14460.5 8749.45 1.50791e+07 4.81728e+06 8.37296e+06 31653.8 -21.8243 -20.2075
1010000 FRAC0_S 0 1 -15802 -14672.2 8974.23 1.70634e+07 -14686.2 1.02284e+07 39859.8 0.0752757 -24.5869
1010000 FRAC0_S 0 1 -15736.6 -14916 9152.58 1.20924e+07 -3.2894e+06 6.61393e+06 19812.3 19.3711 -20.4702
1010000 FRAC0_S 0 1 -15599.1 -15167.9 9267.06 1.70268e+07 -9.03912e+06 7.58679e+06 40770.3 32.5538 -15.9074
1010000 FRAC0_S 0 1 -15403 -15403.5 9306.45 1.68621e+07 -1.30031e+07 6.18978e+06 45499 41.3859 -12.4182
1010000 FRAC0_S 0 1 -15167.4 -15599.4 9266.89 1.69014e+07 -1.38261e+07 2.7069e+06 43463.8 45.9237 -6.09869
1010000 FRAC0_S 0 1 -14915.5 -15736.8 9152.27 1.16994e+07 -1.00404e+07 -216491 21186.3 49.3826 0.765882
1010000 FRAC0_S 0 1 -14671.7 -15802.1 8973.8 1.52252e+07 -1.24986e+07 -2.8745e+06 35675.7 45.5067 7.03632
1010000 FRAC0_S 0 1 -14460.2 -15788.8 8748.95 1.40257e+07 -1.01908e+07 -4.818e+06 29871.3 40.5149 12.0347
1010000 FRAC0_S 0 1 -14301.5 -15698.3 8499.74 1.05222e+07 -5.95103e+06 -5.03922e+06 16399.1 33.3717 16.4605
1010000 FRAC0_S 0 1 -14211.1 -15539.5 8250.55 -1.32083e+07 -2.49847e+06 -5.90473e+06 5193.41 15.2496 18.8479
1010000 FRAC0_S 0 1 -14198 -15327.8 8025.77 1.52269e+07 -1.9854e+06 -5.36387e+06 24838.8 11.7706 16.6692
1010000 FRAC0_S 0 1 -14263.4 -15084 7847.42 8.75213e+06 1.29446e+06 -6.76209e+06 13056.7 -10.3665 26.0384
1010000 FRAC0_S 0 1 -14400.9 -14832.1 7732.94 7.94506e+06 3.93485e+06 -5.95368e+06 11719 -27.4822 22.3621
1010000 FRAC0_S 0 1 -14596.8 -14596.7 7693.55 7.49295e+06 6.63621e+06 -4.9122e+06 12136.6 -40.2897 17.9259
Step FractureNumber TipNr TipActive TipX TipY TipZ KI KII KIII G Phi Psi Extension
1010101 FRAC0_S 0 1 -14862.4 -14402.9 7639.18 1.26234e+07 554561 -2.90444e+06 15349.1 -4.74431 13.0103
1010101 FRAC0_S 0 1 -15134.3 -14262.6 7762.22 1.99469e+07 -223063 591760 35506.1 1.49607 -2.19638
1010101 FRAC0_S 0 1 -15393.8 -14195.2 7951.87 1.61852e+07 -1.52114e+06 2.77822e+06 24576 10.0101 -9.97178
1010101 FRAC0_S 0 1 -15618.5 -14202 8193.8 2.07515e+07 -2.27977e+06 9.33293e+06 50420.9 9.51442 -19.7488
1010101 FRAC0_S 0 1 -15787.5 -14279.9 8469.73 699324 1.01961e+07 3.62237e+06 11052.7 -63.797 -17.4075
1010101 FRAC0_S 0 1 -15879.6 -14430.7 8754.62 1.44473e+07 -1858.45 6.79784e+06 24745.6 0.012245 -21.5776
1010101 FRAC0_S 0 1 -15879.3 -14641.5 9019.14 1.75342e+07 331903 8.41875e+06 36832.9 -1.75664 -21.5973
1010101 FRAC0_S 0 1 -15787.6 -14889.9 9229.48 1.97573e+07 1.11274e+06 8.83538e+06 45277.1 -5.14605 -20.2804
1010101 FRAC0_S 0 1 -15620.1 -15150.9 9360.54 1.80048e+07 1.34012e+06 6.25096e+06 34244.1 -7.13808 -17.0807
1010101 FRAC0_S 0 1 -15396.8 -15395.7 9404.16 2.42171e+07 406223 5.67035e+06 56551.3 -1.86474 -13.4438
1010101 FRAC0_S 0 1 -15138.3 -15599.2 9361.2 2.6042e+07 -1.51649e+06 3.07492e+06 61895.5 6.75908 -7.49699
1010101 FRAC0_S 0 1 -14867.2 -15743.4 9238.25 2.51481e+07 1.24557e+06 1.08885e+06 56651.5 -6.20134 -3.03853
1010101 FRAC0_S 0 1 -14607.4 -15816.9 9047.07 1.72204e+07 1.06874e+06 -1.68274e+06 26903.2 -7.2913 6.33767
1010101 FRAC0_S 0 1 -14381.8 -15811.1 8803.92 1.97288e+07 -182096 -5.91075e+06 39333.5 0.983807 16.1256
1010101 FRAC0_S 0 1 -14213.2 -15727.1 8527.48 3.41763e+07 9.42997e+06 -991436 112137 -26.4727 1.71768
1010101 FRAC0_S 0 1 -14119.5 -15570.2 8245.09 1.38405e+07 -286011 -7.08224e+06 23748.3 1.87524 22.3667
1010101 FRAC0_S 0 1 -14113.6 -15352.2 7987.02 1.17426e+07 -177433 -7.22856e+06 19239.5 1.29124 24.7422
1010101 FRAC0_S 0 1 -14202.3 -15101.5 7777.04 5.70893e+06 -1.75704e+06 -4.30373e+06 5642.81 19.3398 24.1093
1010101 FRAC0_S 0 1 -14373.1 -14844.1 7641.42 1.01548e+07 -27316 -6.35506e+06 14560.5 0.231061 25.1012
1010101 FRAC0_S 0 1 -14611.1 -14593.9 7596.11 1.90169e+07 -314735 -4.99101e+06 35547.7 1.79988 14.6161