
Step FractureNumber TipNr TipActive TipX TipY TipZ KI KII KIII G Phi Psi Extension
1010000 FRAC0_S 0 1 -37500 15987.2 8471.27 5.61405e+06 544173 -7.12315e+06 9583.25 -5.61866 32.3411
1010000 FRAC0_S 0 1 -37500 15947.8 8777.76 7.98833e+06 2.52644e+06 -6.66162e+06 12157.4 -19.0779 25.2875
1010000 FRAC0_S 0 1 -37500 15815.6 9057.06 1.17693e+07 4.41346e+06 -6.07381e+06 18985.4 -25.0093 18.8285
1010000 FRAC0_S 0 1 -37500 15603.5 9281.83 1.27028e+07 5.30117e+06 -4.91987e+06 20102.4 -28.6318 15.2202
1010000 FRAC0_S 0 1 -37500 15332.4 9430.08 1.54807e+07 8.50925e+06 -4.04983e+06 29989.1 -36.0392 10.5773
1010000 FRAC0_S 0 1 -37500 15028.7 9487.27 1.61738e+07 8.97895e+06 -2.27076e+06 31180.4 -38.3343 6.2324
1010000 FRAC0_S 0 1 -37500 14722.2 9447.82 1.28998e+07 7.47813e+06 -397328 19832.6 -41.3238 1.47968
1010000 FRAC0_S 0 1 -37500 14442.9 9315.6 1.78739e+07 1.26604e+07 2.67928e+06 43706.4 -43.1944 -6.07738
1010000 FRAC0_S 0 1 -37500 14218.2 9103.54 1.27189e+07 7.1894e+06 4.47209e+06 21681.2 -35.1968 -13.1972
1010000 FRAC0_S 0 1 -37500 14070 8832.4 8.43816e+06 3.04295e+06 4.45871e+06 9814.03 -24.1753 -19.2362
1010000 FRAC0_S 0 1 -37500 14012.8 8528.73 6.57723e+06 -804587 7.26417e+06 10930.8 7.47973 -30.5687
1010000 FRAC0_S 0 1 -37500 14052.2 8222.24 1.72728e+06 -4.89611e+06 5.94225e+06 7098.27 43.9224 -29.5061
1010000 FRAC0_S 0 1 -37500 14184.4 7942.94 -750315 -8.82297e+06 4.52716e+06 9662.61 60.1942 -21.6413
1010000 FRAC0_S 0 1 -37500 14396.5 7718.17 -1.46395e+06 -8.76458e+06 1.68319e+06 7222.04 65.1137 -10.3629
1010000 FRAC0_S 0 1 -37500 14667.6 7569.92 -2.86254e+06 -7.35322e+06 -575740 4862.25 62.8941 4.06746
1010000 FRAC0_S 0 1 -37500 14971.3 7512.73 -3.22645e+06 -9.5274e+06 -2.768e+06 9107.66 59.5598 12.8602
1010000 FRAC0_S 0 1 -37500 15277.8 7552.18 -60146.2 -7.06969e+06 -3.5279e+06 6109.1 62.0661 22.2035
1010000 FRAC0_S 0 1 -37500 15557.1 7684.4 -1.00885e+06 -6.30912e+06 -5.64385e+06 7783.47 51.56 27.7063
1010000 FRAC0_S 0 1 -37500 15781.8 7896.46 -237225 -2.76425e+06 -4.87959e+06 3847.68 40.4928 35.6434
1010000 FRAC0_S 0 1 -37500 15930 8167.6 2.89986e+06 -1.68714e+06 -6.67765e+06 6933.6 19.398 34.6417
Step FractureNumber TipNr TipActive TipX TipY TipZ KI KII KIII G Phi Psi Extension
1010101 FRAC0_S 0 1 -37504.8 16081.9 8468.54 7.46286e+06 -140388 -6.59887e+06 10756.2 1.37706 29.1175
1010101 FRAC0_S 0 1 -37529.4 16036.8 8803.11 1.1166e+07 -1.12156e+06 -6.25371e+06 16423.8 8.21249 22.5542
1010101 FRAC0_S 0 1 -37541.3 15889.1 9106.63 1.20664e+07 -1.12172e+06 -5.06136e+06 16493.5 8.34079 19.0944
1010101 FRAC0_S 0 1 -37549.2 15655.9 9348.39 1.39271e+07 -1.6926e+06 -3.90829e+06 19571.1 11.6087 14.2889
1010101 FRAC0_S 0 1 -37556.9 15360 9505.12 1.79023e+07 -5.91849e+06 -3.60213e+06 33406.1 26.9546 9.6763
1010101 FRAC0_S 0 1 -37562.2 15031.3 9563.53 2.14267e+07 -4.72916e+06 -2.81426e+06 43957.2 20.9886 7.26577
1010101 FRAC0_S 0 1 -37565.6 14702 9518.52 2.10457e+07 -4.61999e+06 -611544 41420.4 22.4506 1.7974
1010101 FRAC0_S 0 1 -37565.1 14400.9 9376.21 1.77499e+07 -3.84559e+06 686613 29455.3 22.0771 -2.3722
1010101 FRAC0_S 0 1 -37556.2 14154.1 9151.24 1.40142e+07 -1.58691e+06 2.52489e+06 18573.3 11.7203 -10.2248
1010101 FRAC0_S 0 1 -37531.7 13986.1 8860.96 1.24291e+07 430496 4.74743e+06 16780 -3.38119 -18.6322
1010101 FRAC0_S 0 1 -37486.4 13924.4 8532.78 9.28904e+06 863361 6.06914e+06 12654.4 -7.25294 -24.5636
1010101 FRAC0_S 0 1 -37440.4 13982.6 8205.82 6.7043e+06 -901878 4.78467e+06 7122.54 9.81917 -25.1988
1010101 FRAC0_S 0 1 -37416.6 14140.1 7915.53 8.44566e+06 -3.36179e+06 4.28358e+06 9803.65 26.1938 -18.4257
1010101 FRAC0_S 0 1 -37410.7 14369.5 7683.78 8.32507e+06 -4.19434e+06 1.74385e+06 8148.05 35.116 -9.04315
1010101 FRAC0_S 0 1 -37411.2 14652.5 7527.74 8.26132e+06 -5.62665e+06 -437136 8928.26 44.1901 2.34947
1010101 FRAC0_S 0 1 -37412.6 14970 7465.44 6.80724e+06 -4.44944e+06 -2.12781e+06 6495.55 38.8048 11.5661
1010101 FRAC0_S 0 1 -37414.7 15292.8 7504.2 5.55318e+06 -4.58474e+06 -3.64918e+06 6392.13 38.8147 18.3332
1010101 FRAC0_S 0 1 -37422.5 15593 7635.87 3.70417e+06 -3.27999e+06 -4.12641e+06 4445.97 35.2293 24.417
1010101 FRAC0_S 0 1 -37439.6 15842.9 7852.45 4.39949e+06 -1.98221e+06 -5.61727e+06 6271.54 21.2174 29.2831
1010101 FRAC0_S 0 1 -37469.6 16014.4 8139.38 4.75574e+06 -593417 -5.4727e+06 6030.19 7.46642 31.0058