
Step FractureNumber TipNr TipActive TipX TipY TipZ KI KII KIII G Phi Psi Extension
1010000 FRAC0_S 0 1 -7267.39 -36540.1 8500 -5.14628e+06 -3.81833e+06 449952 1326.12 45.2663 -3.6525
1010000 FRAC0_S 0 1 -7575.4 -36515.2 8500 -5.70993e+06 -4.03611e+06 -573603 1495.38 44.0477 4.23356
1010000 FRAC0_S 0 1 -7876.03 -36586.7 8500 -5.77162e+06 -3.20285e+06 -1.45645e+06 1196.24 36.3877 10.2476
1010000 FRAC0_S 0 1 -8139.86 -36747.6 8500 -6.24413e+06 -1.56495e+06 -1.72083e+06 612.086 21.1024 13.0086
1010000 FRAC0_S 0 1 -8341.04 -36982.2 8500 -4.1373e+06 -279282 -1.53074e+06 318.593 6.41994 17.8898
1010000 FRAC0_S 0 1 -8459.9 -37267.4 8500 -6.98599e+06 700703 -353658 60.3865 -11.6691 3.36701
1010000 FRAC0_S 0 1 -8484.8 -37575.4 8500 -7.15118e+06 732162 297679 59.5539 -11.9687 -2.79445
1010000 FRAC0_S 0 1 -8413.3 -37876 8500 -7.594e+06 128700 1.00248e+06 135.135 -2.04982 -8.52616
1010000 FRAC0_S 0 1 -8252.4 -38139.8 8500 -6.4516e+06 -2.27099e+06 1.66538e+06 828.448 27.2609 -11.6566
1010000 FRAC0_S 0 1 -8017.85 -38341 8500 -6.53761e+06 -3.03649e+06 1.07925e+06 976.537 34.2169 -7.56321
1010000 FRAC0_S 0 1 -7732.61 -38459.9 8500 -1.03269e+07 -4.56161e+06 418929 1877.57 35.5037 -2.10997
1010000 FRAC0_S 0 1 -7424.6 -38484.8 8500 -6.28557e+06 -3.34631e+06 -599931 1045.7 38.2997 4.45999
1010000 FRAC0_S 0 1 -7123.97 -38413.3 8500 -5.09167e+06 -2.19754e+06 -1.12388e+06 598.322 31.7927 9.83091
1010000 FRAC0_S 0 1 -6860.14 -38252.4 8500 -6.58156e+06 -1.01645e+06 -1.25483e+06 301.489 15.1515 10.393
1010000 FRAC0_S 0 1 -6658.96 -38017.8 8500 -5.82234e+06 127611 -714154 69.2833 -2.6552 7.97984
1010000 FRAC0_S 0 1 -6540.1 -37732.6 8500 -5.87621e+06 602352 249685 40.6231 -11.9726 -2.84913
1010000 FRAC0_S 0 1 -6515.2 -37424.6 8500 -6.98579e+06 488133 1.10658e+06 184.094 -7.73786 -9.51038
1010000 FRAC0_S 0 1 -6586.7 -37124 8500 -7.40077e+06 -518425 1.89418e+06 501.141 7.20061 -13.8261
1010000 FRAC0_S 0 1 -6747.6 -36860.2 8500 -1.54964e+07 -1.34302e+06 1.31399e+06 390.361 9.97432 -5.47295
1010000 FRAC0_S 0 1 -6982.15 -36659 8500 -5.19998e+06 -3.25825e+06 1.31027e+06 1174.34 38.9088 -9.86858
Step FractureNumber TipNr TipActive TipX TipY TipZ KI KII KIII G Phi Psi Extension
1010101 FRAC0_S 0 1 -7250.28 -36471.4 8568.6 1.28198e+06 -5.93364e+06 -26247.9 3283.93 67.7156 0.282275
1010101 FRAC0_S 0 1 -7581.67 -36443.6 8567.35 1.22098e+07 -2.73079e+06 -2.52948e+06 14799.9 20.1734 10.6018
1010101 FRAC0_S 0 1 -7907.84 -36513.8 8556.05 -2.70851e+06 -4.70143e+06 -2.26931e+06 2654.56 51.4863 16.4733
1010101 FRAC0_S 0 1 -8198.89 -36680.4 8535.63 -4.5635e+06 -3.0444e+06 -2.99922e+06 2022.28 34.4156 19.4166
1010101 FRAC0_S 0 1 -8422.25 -36932.6 8509.54 -5.85242e+06 676323 -2.05396e+06 601.857 -10.5974 16.7766
1010101 FRAC0_S 0 1 -8553.03 -37244.7 8487.5 -7.9544e+06 2.65335e+06 -920479 740.045 -28.5143 6.01758
1010101 FRAC0_S 0 1 -8580.47 -37582.8 8483.68 -8.93514e+06 2.55847e+06 2.04335e+06 1138.61 -23.9594 -11.0219
1010101 FRAC0_S 0 1 -8500.82 -37911.3 8504.48 -7.77943e+06 -1.04394e+06 2.97156e+06 1271.52 11.8427 -17.5564
1010101 FRAC0_S 0 1 -8320.2 -38195.8 8536.06 1.59664e+06 -1.83299e+06 1.67876e+06 901.388 41.2221 -22.0691
1010101 FRAC0_S 0 1 -8061.26 -38410.4 8554.09 -3.61216e+06 -7.15276e+06 1.52328e+06 4867.65 57.7742 -9.16202
1010101 FRAC0_S 0 1 -7751.54 -38536.6 8558.59 -1.52056e+06 -7.74145e+06 377717 5359.34 67.2855 -3.00564
1010101 FRAC0_S 0 1 -7418.3 -38563.3 8558.68 -1.83106e+06 -7.90944e+06 -957510 5696.6 65.2439 6.71692
1010101 FRAC0_S 0 1 -7090.66 -38490.6 8548.37 -7.74292e+06 -9.26941e+06 -2.38976e+06 8416.07 50.9081 9.10664
1010101 FRAC0_S 0 1 -6799.53 -38321.9 8525.08 -6.44755e+06 -3.72699e+06 -2.4916e+06 2063.45 35.134 14.0667
1010101 FRAC0_S 0 1 -6577.02 -38068.2 8499.03 -5.13006e+06 -974131 -2.6138e+06 993.208 14.7693 20.4193
1010101 FRAC0_S 0 1 -6446.59 -37755.3 8485.11 -7.23552e+06 1.69736e+06 380396 275.973 -23.1901 -3.13082
1010101 FRAC0_S 0 1 -6419.09 -37417.1 8491.22 -8.76962e+06 755492 1.85593e+06 508.976 -8.98498 -11.8421
1010101 FRAC0_S 0 1 -6497.37 -37087.2 8507.23 -1.50967e+07 -2.27408e+06 1.85194e+06 916.974 15.5826 -7.20832
1010101 FRAC0_S 0 1 -6676.95 -36802.2 8527.49 -3.98774e+06 -5.49032e+06 2.65378e+06 3622.76 49.0212 -15.4831
1010101 FRAC0_S 0 1 -6938.85 -36592.8 8553.49 -647892 -6.86272e+06 1.40441e+06 4459.14 66.2903 -11.4686