
Step FractureNumber TipNr TipActive TipX TipY TipZ KI KII KIII G Phi Psi Extension
1010000 FRAC0_S 0 1 29434.8 -44219.2 8284.43 2.67443e+06 -1.0716e+06 1.63398e+06 1094.79 25.1083 -20.6456
1010000 FRAC0_S 0 1 29284.7 -44319.8 8535.12 2.59564e+06 -1.68521e+06 1.2293e+06 1054.41 36.2697 -15.7591
1010000 FRAC0_S 0 1 29204.6 -44487 8782.37 2.34387e+06 -2.05283e+06 756763 941.231 44.6604 -10.7424
1010000 FRAC0_S 0 1 29202.4 -44704.4 9001.98 2.328e+06 -2.34245e+06 299881 983.851 50.4324 -4.58594
1010000 FRAC0_S 0 1 29278.3 -44950.7 9172.44 2.4055e+06 -2.56838e+06 -208989 1109.26 52.1872 3.09153
1010000 FRAC0_S 0 1 29424.7 -45201.9 9277.09 2.3281e+06 -2.20547e+06 -740429 989.333 46.3038 10.3002
1010000 FRAC0_S 0 1 29627.6 -45433.3 9305.68 1.9228e+06 -1.32399e+06 -1.38937e+06 742.396 34.2722 20.4115
1010000 FRAC0_S 0 1 29866.9 -45622.3 9255.39 2.47897e+06 -1.19224e+06 -1.43536e+06 948.288 28.8705 19.3171
1010000 FRAC0_S 0 1 30119.1 -45750.3 9131.17 1.73981e+06 407838 -1.52848e+06 595.272 -14.6704 26.7263
1010000 FRAC0_S 0 1 30359.8 -45804.9 8945.16 2.40306e+06 407406 -1.61153e+06 874.778 -12.3043 24.0431
1010000 FRAC0_S 0 1 30565.2 -45780.8 8715.57 1.58638e+06 764992 -964928 400.236 -28.5699 19.9015
1010000 FRAC0_S 0 1 30715.3 -45680.2 8464.88 2.36067e+06 1.66588e+06 -1.10767e+06 907.064 -38.0558 15.2919
1010000 FRAC0_S 0 1 30795.4 -45513 8217.63 1.99702e+06 1.73883e+06 -576004 668.932 -45.0738 9.83082
1010000 FRAC0_S 0 1 30797.6 -45295.6 7998.02 2.13382e+06 2.27433e+06 -58151.9 867.11 -53.1394 1.00998
1010000 FRAC0_S 0 1 30721.7 -45049.3 7827.56 2.39005e+06 2.2277e+06 240546 958.944 -49.4771 -3.78107
1010000 FRAC0_S 0 1 30575.3 -44798.1 7722.91 1.88427e+06 1.5829e+06 527452 576.657 -44.4847 -9.7238
1010000 FRAC0_S 0 1 30372.4 -44566.7 7694.32 2.25856e+06 1.51505e+06 994431 790.624 -37.4175 -14.8324
1010000 FRAC0_S 0 1 30133.1 -44377.7 7744.61 2.36789e+06 1.30414e+06 1.43102e+06 923.547 -31.2067 -19.278
1010000 FRAC0_S 0 1 29880.9 -44249.7 7868.83 1.93545e+06 338917 1.18791e+06 531.718 -13.0336 -22.8772
1010000 FRAC0_S 0 1 29640.2 -44195.1 8054.84 2.7588e+06 -302986 1.74582e+06 1091.77 8.54508 -23.973
Step FractureNumber TipNr TipActive TipX TipY TipZ KI KII KIII G Phi Psi Extension
1010101 FRAC0_S 0 1 29408.2 -44126.5 8287.05 2.73427e+06 459.88 1.4589e+06 949.284 -0.0153518 -23.1412
1010101 FRAC0_S 0 1 29261.6 -44231.6 8570.03 2.6593e+06 -147589 891732 737.876 5.47508 -16.8874
1010101 FRAC0_S 0 1 29188.5 -44409.9 8841.29 2.60442e+06 -65603.1 471078 634.332 2.89342 -10.9556
1010101 FRAC0_S 0 1 29195 -44641 9077.48 3.94006e+06 -52086.4 45217.4 1383.86 1.7945 -0.869441
1010101 FRAC0_S 0 1 29277.3 -44903.5 9259.37 3.60722e+06 119745 -423960 1184.69 -3.98044 7.62237
1010101 FRAC0_S 0 1 29426.1 -45176.8 9371.97 3.49298e+06 6325.51 -848372 1182.95 -0.20354 13.9638
1010101 FRAC0_S 0 1 29632.7 -45435 9403.37 2.23273e+06 -9499.17 -898033 551.488 0.422854 19.6072
1010101 FRAC0_S 0 1 29874.5 -45658.9 9339.6 2.55364e+06 -179405 -1.28553e+06 803.757 6.11062 21.575
1010101 FRAC0_S 0 1 30127.5 -45824.2 9186.42 2.22606e+06 -412489 -1.34213e+06 696.304 13.7556 22.5472
1010101 FRAC0_S 0 1 30376.4 -45897.1 8970.71 2.61192e+06 -182206 -1.7153e+06 1002.2 5.54249 24.8949
1010101 FRAC0_S 0 1 30587.7 -45874.7 8709.69 3.26092e+06 20626.8 -1.54492e+06 1265.03 -0.597039 21.5861
1010101 FRAC0_S 0 1 30735.6 -45768.7 8428.32 3.18917e+06 102807 -1.07279e+06 1060.33 -3.25869 17.1777
1010101 FRAC0_S 0 1 30809.3 -45590.2 8158.34 3.45345e+06 14247.2 -595547 1109.95 -0.490029 10.7235
1010101 FRAC0_S 0 1 30803.6 -45358.9 7922.39 3.59945e+06 -159746 -294890 1168.35 5.40783 5.49904
1010101 FRAC0_S 0 1 30724.3 -45095.4 7740.17 3.69962e+06 19643.5 400057 1240.98 -0.666018 -7.2639
1010101 FRAC0_S 0 1 30575.4 -44822.9 7627.61 2.89089e+06 46072.8 1.15543e+06 922.463 -1.56727 -19.3916
1010101 FRAC0_S 0 1 30365.6 -44567.3 7596.4 3.10328e+06 -161279 1.13726e+06 1032.5 5.03551 -17.9494
1010101 FRAC0_S 0 1 30116.5 -44350.6 7653.15 2.80778e+06 -268697 1.32536e+06 942.565 8.28507 -20.4935
1010101 FRAC0_S 0 1 29857 -44190.9 7798.36 3.02361e+06 -391954 1.71792e+06 1220.87 10.2812 -22.407
1010101 FRAC0_S 0 1 29596 -44108.7 8038.4 2.50658e+06 280873 1.24371e+06 772.63 -9.41474 -20.9236