
Step FractureNumber TipNr TipActive TipX TipY TipZ KI KII KIII G Phi Psi Extension
1010000 FRAC0_S 0 1 -44193.9 44575.6 8118.3 631122 -1.95618e+06 -1.1136e+06 541.419 54.4426 20.4824
1010000 FRAC0_S 0 1 -44225.7 44808.3 7917.46 1.00793e+06 -1.96707e+06 -1.7888e+06 860.899 45.8736 24.6359
1010000 FRAC0_S 0 1 -44333.4 45059.8 7773.64 1.58628e+06 -76472.7 -2.33719e+06 951.254 2.651 34.3092
1010000 FRAC0_S 0 1 -44506.3 45305.3 7700.93 846026 198062 -2.2075e+06 715.392 -8.268 37.7443
1010000 FRAC0_S 0 1 -44727.5 45521 7706.42 835598 1.17492e+06 -2.062e+06 750.728 -34.5637 31.0331
1010000 FRAC0_S 0 1 -44975.3 45685.7 7789.6 839528 1.99697e+06 -1.69576e+06 800.621 -48.096 24.5643
1010000 FRAC0_S 0 1 -45225.7 45783.3 7942.33 402357 2.40438e+06 -730068 600.464 -62.8238 14.6947
1010000 FRAC0_S 0 1 -45453.8 45804.2 8149.63 858539 3.25667e+06 -569475 1053.91 -63.4957 8.99412
1010000 FRAC0_S 0 1 -45637.6 45746.4 8391.24 805311 3.2175e+06 115660 982.063 -66.5334 -2.15413
1010000 FRAC0_S 0 1 -45759 45615.5 8643.49 516711 2.97015e+06 176638 814.053 -67.4927 -3.68411
1010000 FRAC0_S 0 1 -45806.1 45424.4 8881.7 1.10142e+06 2.80385e+06 1.61814e+06 1156.89 -53.0301 -20.0186
1010000 FRAC0_S 0 1 -45774.3 45191.7 9082.54 865255 1.75935e+06 1.86407e+06 804.68 -44.1196 -26.7009
1010000 FRAC0_S 0 1 -45666.6 44940.2 9226.36 1.63982e+06 263142 2.47424e+06 1060 -8.16332 -33.546
1010000 FRAC0_S 0 1 -45493.7 44694.7 9299.07 296647 -232872 1.89873e+06 492.163 12.7824 -40.814
1010000 FRAC0_S 0 1 -45272.5 44479 9293.58 843837 -1.29318e+06 2.14444e+06 824.091 35.8998 -30.789
1010000 FRAC0_S 0 1 -45024.7 44314.3 9210.4 786466 -2.12e+06 1.70809e+06 843.649 49.5438 -24.3505
1010000 FRAC0_S 0 1 -44774.3 44216.7 9057.67 789415 -2.78025e+06 1.17151e+06 926.864 58.0258 -17.2584
1010000 FRAC0_S 0 1 -44546.2 44195.8 8850.37 773095 -3.2397e+06 541778 1027.56 64.1659 -8.81137
1010000 FRAC0_S 0 1 -44362.4 44253.6 8608.76 789954 -3.22377e+06 -151190 984.739 66.4256 2.78798
1010000 FRAC0_S 0 1 -44241 44384.5 8356.51 807400 -3.17652e+06 -852564 1053.91 61.7542 12.7242
Step FractureNumber TipNr TipActive TipX TipY TipZ KI KII KIII G Phi Psi Extension
1010101 FRAC0_S 0 1 -44100.9 44599 8141.64 2.07391e+06 -374981 -1.0571e+06 544.426 14.1728 20.518
1010101 FRAC0_S 0 1 -44136.7 44829.9 7906.08 2.03052e+06 -512337 -1.64578e+06 751.032 16.077 25.5527
1010101 FRAC0_S 0 1 -44264.1 45076.6 7716.25 1.65671e+06 -542749 -2.27101e+06 956.776 15.9653 31.108
1010101 FRAC0_S 0 1 -44470.7 45321.4 7614.31 1.30227e+06 -60185.3 -2.22763e+06 811.435 2.32733 35.6931
1010101 FRAC0_S 0 1 -44732.6 45532.9 7612.13 1.96111e+06 507294 -2.10758e+06 956.413 -14.6601 28.9245
1010101 FRAC0_S 0 1 -45014 45686.4 7700.09 2.64473e+06 910558 -1.105e+06 859.568 -24.6818 16.6393
1010101 FRAC0_S 0 1 -45285 45772.8 7864.13 2.82484e+06 455289 -899858 837.241 -14.4185 15.2623
1010101 FRAC0_S 0 1 -45525.1 45787.1 8082.27 3.26884e+06 344961 -262808 971.958 -11.9036 5.13621
1010101 FRAC0_S 0 1 -45715.8 45723.8 8333.75 3.2812e+06 170420 333859 976.793 -6.16086 -6.6225
1010101 FRAC0_S 0 1 -45852 45575.8 8622.84 3.38726e+06 226755 922010 1140.05 -6.82365 -14.4911
1010101 FRAC0_S 0 1 -45898.5 45400.3 8858.85 2.58729e+06 321470 1.29674e+06 829.36 -10.2927 -20.9133
1010101 FRAC0_S 0 1 -45865 45169.9 9094.04 2.08019e+06 524446 1.69333e+06 791.467 -16.0408 -25.6084
1010101 FRAC0_S 0 1 -45737.2 44922.3 9282.11 1.60269e+06 724664 2.03001e+06 823.769 -21.347 -29.1762
1010101 FRAC0_S 0 1 -45527.6 44680.2 9385.8 716814 520262 1.95866e+06 580.143 -20.9366 -35.4098
1010101 FRAC0_S 0 1 -45265.2 44469.9 9388.61 1.91921e+06 -415143 2.13192e+06 948.081 12.4083 -29.7132
1010101 FRAC0_S 0 1 -44985.4 44313.3 9300.15 2.61145e+06 -690057 1.62864e+06 1002.91 18.224 -22.1656
1010101 FRAC0_S 0 1 -44715.2 44224 9136.62 2.70839e+06 -623222 909499 798.284 19.0611 -15.2093
1010101 FRAC0_S 0 1 -44475.2 44211.4 8918.12 2.91149e+06 -457113 307736 786.583 16.3253 -6.29792
1010101 FRAC0_S 0 1 -44283.2 44274.4 8665.27 2.80113e+06 -367020 -232985 718.408 14.2924 5.18831
1010101 FRAC0_S 0 1 -44154.1 44406.3 8398.95 2.34423e+06 -344151 -613283 550.273 13.8324 13.3499