
Step FractureNumber TipNr TipActive TipX TipY TipZ KI KII KIII G Phi Psi Extension
1010000 FRAC0_S 0 1 -29016 30084.9 8500 -796869 1.46009e+06 2.20755e+06 838.113 -38.2991 -30.5
1010000 FRAC0_S 0 1 -29090.4 30384.8 8500 -640332 440705 2.20675e+06 664.984 -17.5083 -37.4867
1010000 FRAC0_S 0 1 -29264.1 30658.9 8500 -333589 -334454 1.47645e+06 299.896 20.1317 -38.0594
1010000 FRAC0_S 0 1 -29490.2 30846 8500 -284607 -1.50855e+06 2.19583e+06 844.072 42.9338 -32.9372
1010000 FRAC0_S 0 1 -29776.6 30962.1 8500 -360889 -2.27542e+06 1.68877e+06 840.681 54.2793 -25.4247
1010000 FRAC0_S 0 1 -30084.9 30984 8500 -352446 -3.06737e+06 1.17964e+06 1023.49 62.233 -17.8343
1010000 FRAC0_S 0 1 -30384.8 30909.6 8500 -272604 -3.1846e+06 490084 935.667 67.3867 -9.17557
1010000 FRAC0_S 0 1 -30647.1 30746.2 8500 -245148 -3.72713e+06 -223688 1244.53 69.1261 4.06441
1010000 FRAC0_S 0 1 -30846 30509.8 8500 -290466 -3.11633e+06 -933365 981.259 64.4342 15.248
1010000 FRAC0_S 0 1 -30962.1 30223.4 8500 -188255 -1.78995e+06 -1.12541e+06 453.95 57.459 23.9447
1010000 FRAC0_S 0 1 -30984 29915.1 8500 -379831 -1.69057e+06 -2.09494e+06 838.386 45.2903 30.8823
1010000 FRAC0_S 0 1 -30909.6 29615.2 8500 -308373 -491968 -1.79015e+06 447.785 24.0631 38.1426
1010000 FRAC0_S 0 1 -30746.2 29352.9 8500 -620267 567845 -2.29482e+06 729.14 -20.9644 37.0665
1010000 FRAC0_S 0 1 -30509.8 29154 8500 -620178 1.77057e+06 -2.11007e+06 871.519 -44.2415 29.3148
1010000 FRAC0_S 0 1 -30223.4 29037.9 8500 -665470 2.34278e+06 -1.3737e+06 740.07 -54.841 21.2092
1010000 FRAC0_S 0 1 -29915.1 29016 8500 -772408 2.83307e+06 -745388 789.118 -61.4813 12.3943
1010000 FRAC0_S 0 1 -29615.2 29090.4 8500 -995386 3.60286e+06 8745.81 1156.71 -66.6746 -0.147955
1010000 FRAC0_S 0 1 -29352.9 29253.8 8500 -867204 2.67272e+06 553478 677.295 -61.5681 -9.94324
1010000 FRAC0_S 0 1 -29154 29490.2 8500 -851029 2.49477e+06 1.12942e+06 724.261 -56.2913 -17.5832
1010000 FRAC0_S 0 1 -29037.9 29776.6 8500 -1.72822e+06 2.41369e+06 2.75313e+06 1527.25 -40.4306 -25.8834
Step FractureNumber TipNr TipActive TipX TipY TipZ KI KII KIII G Phi Psi Extension
1010101 FRAC0_S 0 1 -28936.4 30093.3 8445.28 1.19612e+06 1.54448e+06 2.8481e+06 1418.91 -33.3439 -31.1797
1010101 FRAC0_S 0 1 -29009.1 30420.5 8478.07 921061 437519 2.78474e+06 1124.04 -14.0029 -37.5172
1010101 FRAC0_S 0 1 -29186.9 30702.8 8526.72 687844 -587583 2.36842e+06 818.98 20.7553 -36.7567
1010101 FRAC0_S 0 1 -29450.3 30906.9 8562.96 1.99955e+06 -1.41225e+06 2.52022e+06 1378.75 29.3626 -27.1819
1010101 FRAC0_S 0 1 -29761.5 31017.8 8579.74 3.36423e+06 -1.80843e+06 2.17579e+06 1929.61 30.2141 -20.2018
1010101 FRAC0_S 0 1 -30087.3 31030.3 8587.62 4.38689e+06 -1.76424e+06 1.41539e+06 2258.7 28.8374 -13.4359
1010101 FRAC0_S 0 1 -30399.1 30945.7 8591.64 4.69198e+06 -1.13892e+06 688541 2140.37 22.3211 -7.86978
1010101 FRAC0_S 0 1 -30671.7 30774.1 8592.35 6.52954e+06 -1.89741e+06 -830220 4211.68 25.7545 6.72993
1010101 FRAC0_S 0 1 -30883.4 30530.7 8589.53 3.62856e+06 -1.06895e+06 -1.11376e+06 1440.06 23.3837 13.737
1010101 FRAC0_S 0 1 -31015 30233.5 8582.46 3.11229e+06 -1.5363e+06 -2.16069e+06 1694.39 28.0234 21.4279
1010101 FRAC0_S 0 1 -31053.2 29906.3 8566.8 1.85167e+06 -1.19572e+06 -2.45397e+06 1233.85 27.1221 28.227
1010101 FRAC0_S 0 1 -30986.8 29580.7 8529.21 1.04245e+06 -609748 -2.68134e+06 1086.18 18.3128 35.6281
1010101 FRAC0_S 0 1 -30811.8 29298.1 8474.86 1.02306e+06 710104 -2.96661e+06 1308.71 -19.555 36.0868
1010101 FRAC0_S 0 1 -30549.2 29094 8435.73 2.16511e+06 2.14215e+06 -3.06091e+06 2072.73 -34.7856 26.708
1010101 FRAC0_S 0 1 -30238.2 28982.6 8419.72 3.17496e+06 2.04266e+06 -2.07452e+06 1842.45 -33.724 19.5192
1010101 FRAC0_S 0 1 -29912.5 28969 8412.67 4.29292e+06 2.36112e+06 -1.23836e+06 2342.96 -35.618 11.4262
1010101 FRAC0_S 0 1 -29598.6 29051.2 8410.13 5.18951e+06 2.31427e+06 -111011 2878.72 -36.0829 1.1301
1010101 FRAC0_S 0 1 -29321.6 29219.5 8412.28 4.43579e+06 2.42237e+06 991678 2407.03 -36.5366 -9.32716
1010101 FRAC0_S 0 1 -29103.9 29462.6 8420.21 3.77931e+06 2.66701e+06 2.05288e+06 2467.12 -37.0386 -16.9147
1010101 FRAC0_S 0 1 -28969.4 29762.6 8431.29 2.46648e+06 2.21329e+06 2.51547e+06 1820.19 -36.4412 -23.2356