
Step FractureNumber TipNr TipActive TipX TipY TipZ KI KII KIII G Phi Psi Extension
1010000 FRAC0_S 0 1 30000 -29019.2 8617.02 -1.26424e+07 8.93675e+06 -3.33393e+06 8595.12 -41.2129 9.84718
1010000 FRAC0_S 0 1 30000 -29103.5 8914.36 -9.61741e+06 7.6006e+06 -2.10582e+06 5737.6 -44.2364 8.10817
1010000 FRAC0_S 0 1 30000 -29275.4 9171.13 -1.46217e+07 1.12792e+07 2.0663e+06 11904.5 -45.0766 -5.58273
1010000 FRAC0_S 0 1 30000 -29518.2 9362.22 -1.61229e+07 1.05042e+07 4.82041e+06 12922.7 -38.9533 -11.1808
1010000 FRAC0_S 0 1 30000 -29808.3 9468.89 -1.62337e+07 5.47335e+06 6.87648e+06 8958.56 -24.2414 -16.8549
1010000 FRAC0_S 0 1 30000 -30117.1 9480.74 -1.2693e+07 2.73696e+06 6.4295e+06 6165.53 -16.4316 -20.0872
1010000 FRAC0_S 0 1 30000 -30414.4 9396.57 -1.50428e+07 994044 8.15424e+06 8931.43 -5.63459 -22.5425
1010000 FRAC0_S 0 1 30000 -30671.2 9224.65 -1.17163e+07 -2.60546e+06 5.91511e+06 5258.39 16.8644 -19.9795
1010000 FRAC0_S 0 1 30000 -30862.2 8981.79 -1.30866e+07 -5.14703e+06 5.97217e+06 7104.38 26.6041 -17.2357
1010000 FRAC0_S 0 1 30000 -30968.9 8691.77 -1.17368e+07 -6.71833e+06 4.6229e+06 6864.43 34.8237 -14.3005
1010000 FRAC0_S 0 1 30000 -30980.8 8382.98 -1.08952e+07 -7.78238e+06 3.24665e+06 6798.91 40.8753 -10.827
1010000 FRAC0_S 0 1 30000 -30896.5 8085.64 -1.03527e+07 -8.43748e+06 1.78921e+06 6769.6 45.6327 -6.53201
1010000 FRAC0_S 0 1 30000 -30724.6 7828.87 -6.76254e+06 -6.04095e+06 348967 3268.1 49.5352 -2.0463
1010000 FRAC0_S 0 1 30000 -30481.8 7637.78 -8.76317e+06 -7.78866e+06 -1.15773e+06 5583.97 48.0323 4.95807
1010000 FRAC0_S 0 1 30000 -30191.7 7531.11 -9.29041e+06 -7.58599e+06 -2.91436e+06 6257.66 43.3785 10.7706
1010000 FRAC0_S 0 1 30000 -29882.9 7519.26 -8.1034e+06 -5.28727e+06 -3.76528e+06 4376.67 36.4978 15.5294
1010000 FRAC0_S 0 1 30000 -29585.6 7603.43 -6.12836e+06 -3.86678e+06 -3.51608e+06 2976.63 34.3333 18.0634
1010000 FRAC0_S 0 1 30000 -29328.8 7775.35 -8.00209e+06 -534660 -5.83072e+06 4547.11 5.11292 26.2196
1010000 FRAC0_S 0 1 30000 -29137.8 8018.21 -1.12208e+07 3.89601e+06 -6.94486e+06 7767.33 -22.5405 21.2838
1010000 FRAC0_S 0 1 30000 -29031.1 8308.23 -9.46615e+06 5.15499e+06 -5.147e+06 5891.38 -31.748 18.0716
Step FractureNumber TipNr TipActive TipX TipY TipZ KI KII KIII G Phi Psi Extension
1010101 FRAC0_S 0 1 29936.5 -28944.8 8624.87 -3.70989e+06 1.3931e+07 -3.82422e+06 19238.9 -61.3763 12.849
1010101 FRAC0_S 0 1 29930.9 -29039.2 8943.61 -1.73075e+06 9.53115e+06 -2.55833e+06 8965.49 -63.2579 13.3081
1010101 FRAC0_S 0 1 29931.4 -29223.7 9219.61 -2.78404e+06 1.65561e+07 1.44334e+06 24702.5 -67.104 -5.25767
1010101 FRAC0_S 0 1 29940.6 -29481.9 9430.51 -5.18035e+06 1.34123e+07 3.87648e+06 18028.7 -58.627 -12.4747
1010101 FRAC0_S 0 1 29956.7 -29792.7 9554.4 -1.04278e+07 1.31432e+07 7.50694e+06 22888.3 -46.6878 -16.9156
1010101 FRAC0_S 0 1 29973.1 -30128.7 9573.29 -1.34742e+07 7.79188e+06 8.01804e+06 13960.6 -32.2952 -18.8826
1010101 FRAC0_S 0 1 29995.2 -30454.4 9483.09 -1.40527e+07 1.30453e+06 8.30011e+06 9314.26 -7.50714 -23.304
1010101 FRAC0_S 0 1 30023.2 -30733.6 9293.24 -1.22663e+07 -5.86933e+06 7.6245e+06 10801.4 28.2645 -20.1956
1010101 FRAC0_S 0 1 30043.9 -30937.6 9025.13 -8.85761e+06 -9.60728e+06 5.9263e+06 12895.9 44.2836 -17.0035
1010101 FRAC0_S 0 1 30056.1 -31047.5 8708.4 -5.52488e+06 -1.11196e+07 4.36368e+06 13550.6 54.4908 -14.7779
1010101 FRAC0_S 0 1 30064.9 -31054.3 8375.15 -3.2348e+06 -1.25792e+07 3.31944e+06 15565.8 61.7859 -12.5389
1010101 FRAC0_S 0 1 30071.2 -30959 8057.71 -1.2592e+06 -1.04404e+07 1.79954e+06 10143.9 66.4061 -9.81157
1010101 FRAC0_S 0 1 30074.5 -30772.5 7784.89 -239070 -9.60913e+06 683400 8290.11 69.463 -4.9225
1010101 FRAC0_S 0 1 30073.4 -30513.5 7579.75 -69060.1 -9.14598e+06 -415271 7476.9 69.8229 3.3021
1010101 FRAC0_S 0 1 30067.8 -30204.6 7460.91 -777701 -8.7385e+06 -1.51956e+06 7111.66 66.9667 10.1145
1010101 FRAC0_S 0 1 30061 -29873.1 7442.79 -2.35082e+06 -9.31282e+06 -3.28562e+06 9164.16 60.0489 15.5491
1010101 FRAC0_S 0 1 30045.3 -29549 7527.73 -3.95302e+06 -6.64912e+06 -4.24806e+06 6339.75 48.6511 19.6123
1010101 FRAC0_S 0 1 30009 -29266.2 7708.82 -6.91671e+06 -2.03825e+06 -5.88865e+06 4982.14 17.9042 25.75
1010101 FRAC0_S 0 1 29969.9 -29059.7 7973.29 -6.21697e+06 1.10694e+06 -4.11834e+06 2364.96 -12.8887 23.7991
1010101 FRAC0_S 0 1 29947.6 -28950.6 8290.95 -5.49319e+06 9.45347e+06 -4.90541e+06 11164 -50.794 17.2588