
Step FractureNumber TipNr TipActive TipX TipY TipZ KI KII KIII G Phi Psi Extension
1010000 FRAC0_S 0 1 -14566.1 371.756 7694.36 -3.33581e+06 -5.12023e+06 -3.35868e+06 3836.51 47.5257 19.5069
1010000 FRAC0_S 0 1 -14797.4 574.708 7722.7 -2.83201e+06 6.39352e+06 1.29952e+06 3867.16 -59.2137 -9.12751
1010000 FRAC0_S 0 1 -15048.5 721.403 7827.14 6.43558e+06 -6.61441e+06 -377297 7608.17 51.9788 2.16569
1010000 FRAC0_S 0 1 -15294.9 797.482 7997.43 4.40631e+06 -5.32959e+06 -8.14373e+06 13081.9 35.5117 28.681
1010000 FRAC0_S 0 1 -15512.4 795.499 8216.93 -530208 3.0689e+06 -2.35641e+06 1577.76 -53.5548 25.6959
1010000 FRAC0_S 0 1 -15679.8 715.646 8464.13 988274 5.56606e+06 -1.12735e+06 3016.78 -64.6904 10.7364
1010000 FRAC0_S 0 1 -15780.6 565.741 8714.84 2.31246e+06 3.46487e+06 825591 1636.96 -54.1895 -9.23677
1010000 FRAC0_S 0 1 -15805.5 368.244 8937.26 4.75506e+06 4.55274e+06 2.71309e+06 4840.85 -42.9822 -15.9234
1010000 FRAC0_S 0 1 -15750.6 119.889 9130.69 4.92535e+06 1.92278e+06 3.49496e+06 4115.73 -23.6068 -22.5886
1010000 FRAC0_S 0 1 -15622.8 -132.414 9255.13 9.66278e+06 2.9652e+06 1.21141e+06 9298.81 -26.7827 -6.57475
1010000 FRAC0_S 0 1 -15433.9 -371.756 9305.64 843601 3.97731e+06 6.14058e+06 6488.04 -41.5822 -33.3392
1010000 FRAC0_S 0 1 -15202.6 -574.708 9277.3 1.76479e+06 -7.05599e+06 5.12135e+06 8202.4 52.9238 -24.199
1010000 FRAC0_S 0 1 -14951.5 -721.403 9172.86 3.99481e+06 -3.40361e+06 1.46885e+06 2741.32 43.4243 -12.0151
1010000 FRAC0_S 0 1 -14705.1 -797.482 9002.57 4.0356e+06 -4.3162e+06 1.34789e+06 3352.96 48.437 -10.2018
1010000 FRAC0_S 0 1 -14487.6 -795.499 8783.07 2.8715e+06 -4.38414e+06 995612 2579.35 54.6244 -8.93117
1010000 FRAC0_S 0 1 -14320.2 -715.646 8535.87 5.63619e+06 137802 -2.96602e+06 4002.46 -2.18995 22.6697
1010000 FRAC0_S 0 1 -14219.4 -565.741 8285.16 -169495 -4.0236e+06 661165 1500.77 67.9503 -10.0116
1010000 FRAC0_S 0 1 -14195 -360.457 8055.47 -912003 -4.26212e+06 114297 1620.48 67.3637 -1.67037
1010000 FRAC0_S 0 1 -14249.4 -119.889 7869.31 -2.36828e+06 -6.33222e+06 -738916 3645.66 62.4152 5.90361
1010000 FRAC0_S 0 1 -14377.2 132.414 7744.87 -2.33329e+06 -4.40811e+06 -1.32988e+06 1966.75 55.5813 11.9559
Step FractureNumber TipNr TipActive TipX TipY TipZ KI KII KIII G Phi Psi Extension
1010101 FRAC0_S 0 1 -14519 414.603 7666.74 1.16146e+06 -5.3742e+06 -2.97198e+06 3868.63 56.7695 21.1574
1010101 FRAC0_S 0 1 -14788.3 604.417 7675.51 -4.60895e+06 -2.16854e+06 -5.03848e+06 3795.42 23.336 27.2599
1010101 FRAC0_S 0 1 -15034.8 786.5 7804.45 -9.07061e+06 -591237 -5.60507e+06 4209.58 5.31675 24.1887
1010101 FRAC0_S 0 1 -15299 870.081 7978.5 -3.87884e+06 3.93176e+06 -9.5124e+06 13412.1 -28.1695 32.8808
1010101 FRAC0_S 0 1 -15569.1 815.711 8169.78 5.66372e+06 8.56092e+06 -8.44456e+06 18873.6 -42.8872 24.4767
1010101 FRAC0_S 0 1 -15763.2 702.062 8412.87 6.77178e+06 1.74123e+06 -743758 4430.07 -23.8576 6.05407
1010101 FRAC0_S 0 1 -15872.3 550.618 8682.75 7.84804e+06 1.39898e+06 1.36185e+06 5909.51 -17.2443 -9.46901
1010101 FRAC0_S 0 1 -15901 347.799 8941.63 6.45764e+06 590038 2.78548e+06 4778.95 -8.14865 -19.4473
1010101 FRAC0_S 0 1 -15842.3 101.228 9157.34 6.26248e+06 -597524 4.11854e+06 5782.58 7.41236 -24.6171
1010101 FRAC0_S 0 1 -15704.9 -171.024 9290.77 4.04913e+06 -6.07786e+06 4.41639e+06 7346.85 46.2822 -20.6432
1010101 FRAC0_S 0 1 -15481.6 -411.742 9350.93 6.36756e+06 -4.11783e+06 3.79411e+06 7038.61 34.5512 -18.3951
1010101 FRAC0_S 0 1 -15192.7 -589.175 9352.02 8.33594e+06 -751538 2.68824e+06 7203.55 8.64982 -16.0866
1010101 FRAC0_S 0 1 -14905.6 -727.93 9260.07 6.63857e+06 269440 2.30209e+06 4638.46 -4.03577 -17.4346
1010101 FRAC0_S 0 1 -14643.4 -805.896 9079.25 7.55862e+06 -58586 1.61761e+06 5439.42 0.885348 -12.6503
1010101 FRAC0_S 0 1 -14416.6 -816.52 8834.5 6.06446e+06 -833347 2.22663e+06 3998.54 12.2025 -17.0691
1010101 FRAC0_S 0 1 -14246.9 -744.837 8563.84 4.63284e+06 -5.73529e+06 1.59573e+06 5182.4 51.0272 -9.81652
1010101 FRAC0_S 0 1 -14140 -558.579 8317.18 5.15162e+06 -2.40266e+06 -283221 2889.99 36.3398 2.77556
1010101 FRAC0_S 0 1 -14110.3 -321.447 8090.2 4.23465e+06 -1.01222e+06 -102513 1690.65 23.9848 1.48263
1010101 FRAC0_S 0 1 -14164.3 -73.502 7890.2 2.59451e+06 -1.9913e+06 -651134 1009.58 43.1129 9.18796
1010101 FRAC0_S 0 1 -14296 188.405 7749.35 3.37755e+06 -3.74621e+06 -1.58913e+06 2603 47.254 13.1285