
Step FractureNumber TipNr TipActive TipX TipY TipZ KI KII KIII G Phi Psi Extension
1010000 FRAC0_S 0 1 14542.6 -44196.1 8153.45 2.78273e+06 2.09545e+06 -43806.2 1081.56 -46.9151 0.691594
1010000 FRAC0_S 0 1 14359.7 -44255.2 8395.44 2.72857e+06 1.81297e+06 392588 976.823 -41.9902 -5.99722
1010000 FRAC0_S 0 1 14239.6 -44387.2 8647.66 2.64466e+06 1.62712e+06 866864 959.121 -37.3117 -12.2191
1010000 FRAC0_S 0 1 14193.8 -44579.2 8885.42 2.77957e+06 1.09299e+06 1.27853e+06 1012.32 -26.5545 -17.327
1010000 FRAC0_S 0 1 14227 -44812.4 9085.46 2.52417e+06 392510 1.38554e+06 836.811 -12.1901 -21.6974
1010000 FRAC0_S 0 1 14335.8 -45064 9228.19 2.46227e+06 -388469 1.43474e+06 827.481 12.1155 -22.4149
1010000 FRAC0_S 0 1 14509.6 -45309.2 9299.64 1.68239e+06 -1.03513e+06 947924 467.21 33.9537 -17.9646
1010000 FRAC0_S 0 1 14731.4 -45524.3 9292.81 2.34086e+06 -1.27655e+06 825115 724.049 34.4489 -13.3487
1010000 FRAC0_S 0 1 14979.6 -45688 9208.38 1.68428e+06 -1.31051e+06 382069 425.244 43.7893 -8.40272
1010000 FRAC0_S 0 1 15229.8 -45784.3 9054.61 2.24669e+06 -1.86057e+06 124114 760.317 48.0252 -2.25949
1010000 FRAC0_S 0 1 15457.4 -45803.9 8846.55 2.27797e+06 -1.87153e+06 -238459 782.086 46.9781 4.14137
1010000 FRAC0_S 0 1 15640.3 -45744.8 8604.56 1.60201e+06 -1.0716e+06 -426867 355.257 40.0256 10.1134
1010000 FRAC0_S 0 1 15760.4 -45612.8 8352.34 2.26133e+06 -1.31913e+06 -839349 704.434 35.5488 13.6226
1010000 FRAC0_S 0 1 15806.2 -45420.8 8114.58 2.45337e+06 -901287 -1.07974e+06 763.798 25.5631 17.0358
1010000 FRAC0_S 0 1 15773 -45187.6 7914.54 2.43786e+06 -435504 -1.14944e+06 722.217 14.3358 19.5928
1010000 FRAC0_S 0 1 15664.2 -44936 7771.81 2.62589e+06 44306.5 -1.32712e+06 848.862 -1.54317 22.2588
1010000 FRAC0_S 0 1 15490.4 -44690.8 7700.36 2.52231e+06 513708 -1.15347e+06 767.394 -16.1141 18.9739
1010000 FRAC0_S 0 1 15268.6 -44475.7 7707.19 2.58635e+06 1.00228e+06 -1.01736e+06 823.25 -27.1499 15.6185
1010000 FRAC0_S 0 1 15020.4 -44312 7791.62 1.9392e+06 1.01641e+06 -590835 473.587 -34.3742 12.0788
1010000 FRAC0_S 0 1 14770.2 -44215.7 7945.39 2.75254e+06 1.84236e+06 -498776 1010.7 -41.4797 7.32138
Step FractureNumber TipNr TipActive TipX TipY TipZ KI KII KIII G Phi Psi Extension
1010101 FRAC0_S 0 1 14470.1 -44179.7 8088.69 2.91996e+06 -415632 -136480 777.637 15.7559 3.01503
1010101 FRAC0_S 0 1 14273.9 -44239.5 8349.88 3.63971e+06 -104918 342833 1197.1 3.54743 -6.31005
1010101 FRAC0_S 0 1 14145.1 -44372.6 8626.76 3.36646e+06 8766.49 874729 1111.66 -0.288484 -14.6561
1010101 FRAC0_S 0 1 14098.1 -44567.9 8895.63 2.54981e+06 -40421.1 986126 708.832 1.57338 -18.9983
1010101 FRAC0_S 0 1 14144.5 -44804.8 9131.66 3.14193e+06 -62191.1 1.40832e+06 1143.8 1.87494 -20.7394
1010101 FRAC0_S 0 1 14284.5 -45057.9 9306.58 3.315e+06 284581 1.49622e+06 1284.21 -7.60014 -20.0573
1010101 FRAC0_S 0 1 14494.3 -45307.4 9395.1 1.99513e+06 199087 809598 445.413 -8.97143 -18.6256
1010101 FRAC0_S 0 1 14744 -45530.9 9390.02 2.93522e+06 196328 908025 880.826 -6.6388 -15.8656
1010101 FRAC0_S 0 1 15016 -45698.5 9299.07 3.4089e+06 288187 604834 1091.57 -9.0645 -10.3142
1010101 FRAC0_S 0 1 15287 -45795.3 9134.31 3.38612e+06 398451 236383 1043.3 -13.1857 -4.4714
1010101 FRAC0_S 0 1 15530.5 -45818.2 8911.05 3.47302e+06 298254 -116434 1084.56 -10.3284 2.30645
1010101 FRAC0_S 0 1 15726.1 -45762.6 8649.07 3.07271e+06 172878 -525215 880.685 -6.27137 10.224
1010101 FRAC0_S 0 1 15854.9 -45629.8 8371.78 2.93819e+06 148036 -811056 858.723 -5.21681 14.8033
1010101 FRAC0_S 0 1 15902.1 -45432.7 8104 2.28114e+06 35318.9 -1.10151e+06 625.178 -1.43919 21.7098
1010101 FRAC0_S 0 1 15859.1 -45191.7 7871.59 2.61231e+06 72175.5 -1.11622e+06 774.277 -2.63336 20.0613
1010101 FRAC0_S 0 1 15727.5 -44931.1 7699.95 2.87734e+06 13578.4 -1.23066e+06 939.199 -0.460464 20.3478
1010101 FRAC0_S 0 1 15522.1 -44677.3 7610.2 2.89337e+06 -314702 -1.01478e+06 891.778 10.0445 16.8383
1010101 FRAC0_S 0 1 15267.6 -44455.6 7611.9 3.02873e+06 -271733 -975595 950.591 8.61398 16.0782
1010101 FRAC0_S 0 1 14990.5 -44289.1 7701.2 3.14534e+06 -370175 -753667 969.336 11.6129 12.7414
1010101 FRAC0_S 0 1 14716.2 -44195.4 7865.76 3.40001e+06 -486650 -461529 1079.55 14.792 7.90734