
Step FractureNumber TipNr TipActive TipX TipY TipZ KI KII KIII G Phi Psi Extension
1010000 FRAC0_S 0 1 45000 984.872 8574.53 -4.76818e+06 1.51741e+06 -1.24071e+06 409.915 -25.3806 11.9615
1010000 FRAC0_S 0 1 45000 913.64 8875.22 -4.32732e+06 989203 -827752 178.324 -20.7251 9.90918
1010000 FRAC0_S 0 1 45000 752.975 9139.18 -3.98237e+06 1.45648e+06 -158999 192.394 -31.6872 2.18885
1010000 FRAC0_S 0 1 45000 518.603 9340.58 -4.33245e+06 1.59373e+06 208268 232.105 -31.6472 -2.61011
1010000 FRAC0_S 0 1 45000 233.466 9459.7 -4.69887e+06 1.36974e+06 575799 211.282 -25.886 -6.5116
1010000 FRAC0_S 0 1 45000 -74.5244 9484.87 -5.19553e+06 1.09852e+06 936935 224.288 -19.6531 -9.55259
1010000 FRAC0_S 0 1 45000 -375.22 9413.64 -5.11073e+06 744880 1.13412e+06 220.511 -14.1245 -11.7871
1010000 FRAC0_S 0 1 45000 -639.186 9252.98 -3.97574e+06 146276 1.00394e+06 135.958 -3.93809 -14.0108
1010000 FRAC0_S 0 1 45000 -840.583 9018.61 -4.97622e+06 -420419 1.41928e+06 283.661 8.36914 -14.8111
1010000 FRAC0_S 0 1 45000 -959.699 8733.46 -4.69171e+06 -835870 1.32628e+06 296.21 16.0327 -13.858
1010000 FRAC0_S 0 1 45000 -984.872 8425.47 -4.7207e+06 -1.51482e+06 1.18513e+06 391.282 25.662 -11.6154
1010000 FRAC0_S 0 1 45000 -913.64 8124.78 -4.24879e+06 -1.89064e+06 838215 411.973 32.7948 -8.89382
1010000 FRAC0_S 0 1 45000 -752.975 7860.82 -4.16813e+06 -2.75064e+06 168364 677.976 43.7919 -1.83437
1010000 FRAC0_S 0 1 45000 -518.603 7659.42 -3.84781e+06 -2.30065e+06 -33137.2 471.804 42.4087 0.417181
1010000 FRAC0_S 0 1 45000 -233.466 7540.3 -3.44137e+06 -2.38958e+06 -1.38383e+06 763.519 38.69 13.7467
1010000 FRAC0_S 0 1 45000 74.5244 7515.13 -3.50562e+06 -1.7443e+06 -931740 386.586 33.9307 11.007
1010000 FRAC0_S 0 1 45000 375.22 7586.36 -2.9137e+06 -1.01419e+06 -1.04272e+06 236.265 25.6511 14.9104
1010000 FRAC0_S 0 1 45000 639.186 7747.02 -3.4789e+06 55490.2 -1.90748e+06 484.193 -1.42029 23.286
1010000 FRAC0_S 0 1 45000 840.583 7981.39 -4.17829e+06 729434 -1.98341e+06 570.623 -14.0348 19.7162
1010000 FRAC0_S 0 1 45000 959.699 8266.54 -3.60501e+06 1.2675e+06 -1.30455e+06 369.507 -25.7799 15.0012
Step FractureNumber TipNr TipActive TipX TipY TipZ KI KII KIII G Phi Psi Extension
1010101 FRAC0_S 0 1 44958.9 1073.42 8581.49 -3.42325e+06 3.45013e+06 -1.05673e+06 1209.23 -47.6596 9.80792
1010101 FRAC0_S 0 1 44958.5 995.638 8908.46 -3.49455e+06 3.9229e+06 -642889 1426.29 -51.556 6.01132
1010101 FRAC0_S 0 1 44951.8 818.214 9193.71 -3.67078e+06 4.68452e+06 -179057 1959.76 -55.7557 1.62197
1010101 FRAC0_S 0 1 44949.7 562.486 9412.43 -3.6642e+06 4.41414e+06 372950 1754.78 -54.0265 -3.37782
1010101 FRAC0_S 0 1 44956.7 253.497 9545 -4.25604e+06 3.59891e+06 332710 1168.89 -48.013 -3.11508
1010101 FRAC0_S 0 1 44966.2 -81.9709 9576.11 -5.04801e+06 3.14947e+06 1.15826e+06 1062.32 -39.1963 -9.15077
1010101 FRAC0_S 0 1 44977.7 -411.557 9500.99 -5.53545e+06 2.01912e+06 1.36246e+06 610.174 -28.1117 -11.1474
1010101 FRAC0_S 0 1 44994.1 -701.727 9326.42 -4.23292e+06 395509 1.19554e+06 204.037 -9.18466 -14.6212
1010101 FRAC0_S 0 1 45012.4 -922.168 9069.27 -5.13555e+06 -951967 1.56396e+06 406.07 16.3347 -14.5645
1010101 FRAC0_S 0 1 45028.3 -1049.91 8756.11 -4.66008e+06 -2.40602e+06 1.57389e+06 845.309 33.5581 -13.1137
1010101 FRAC0_S 0 1 45042.1 -1072.6 8419.77 -3.24717e+06 -3.24346e+06 1.18186e+06 1123.21 46.6739 -11.232
1010101 FRAC0_S 0 1 45055.2 -988.749 8095.43 -2.25618e+06 -3.89093e+06 790019 1432.08 56.5025 -8.45486
1010101 FRAC0_S 0 1 45066 -776.178 7775.5 -1.26909e+06 -4.10147e+06 274382 1509.02 64.7667 -3.71336
1010101 FRAC0_S 0 1 45066.7 -556.357 7597.36 -1.07154e+06 -3.91272e+06 -235727 1371.61 65.6098 3.45507
1010101 FRAC0_S 0 1 45062.1 -250.817 7465.99 -1.34343e+06 -3.90806e+06 -622250 1412.47 62.1604 7.89279
1010101 FRAC0_S 0 1 45054.4 81.6035 7433.96 -2.28903e+06 -3.77887e+06 -1.2099e+06 1467.17 53.8204 12.0551
1010101 FRAC0_S 0 1 45035 410.081 7504.93 -2.66353e+06 -2.53827e+06 -1.54008e+06 889.575 42.7868 16.0958
1010101 FRAC0_S 0 1 45003.5 700.736 7675.34 -2.8545e+06 -533737 -1.41931e+06 293.304 14.6801 20.1513
1010101 FRAC0_S 0 1 44976.4 919.913 7931.56 -3.01581e+06 840122 -1.49473e+06 360.047 -20.2561 19.2144
1010101 FRAC0_S 0 1 44961.5 1046.61 8244.86 -3.6634e+06 2.85078e+06 -1.69938e+06 1108.28 -40.1589 14.7255