
Step FractureNumber TipNr TipActive TipX TipY TipZ KI KII KIII G Phi Psi Extension
1010000 FRAC0_S 0 1 29366.1 748.711 8385.14 1.58386e+07 410028 -948812 22489 -3.29814 4.20294
1010000 FRAC0_S 0 1 29243.1 619.473 8637.43 -3.42921e+07 1.81393e+07 1.42172e+07 56203.3 -32.9177 -15.137
1010000 FRAC0_S 0 1 29194.1 429.597 8876.26 1.26816e+07 -3.8465e+06 -2.25259e+06 16324.2 25.7373 8.88072
1010000 FRAC0_S 0 1 29224.1 197.668 9078.26 1.2762e+07 -4.41097e+06 -3.93613e+06 18307.5 26.198 13.397
1010000 FRAC0_S 0 1 29329.9 -53.6093 9223.66 1.27649e+07 -3.10133e+06 -5.39366e+06 19246.1 18.9332 17.6647
1010000 FRAC0_S 0 1 29501.4 -299.639 9298.22 1.18226e+07 -1.18014e+06 -5.92927e+06 17255.2 8.45501 21.1917
1010000 FRAC0_S 0 1 29721.7 -516.338 9294.64 1.21575e+07 1.09517e+06 -5.94459e+06 17977.7 -7.75892 20.989
1010000 FRAC0_S 0 1 29969.2 -682.494 9213.29 1.31606e+07 3.71446e+06 -5.29468e+06 20392 -21.4914 16.7461
1010000 FRAC0_S 0 1 30219.7 -781.843 9062.11 1.29481e+07 4.53881e+06 -3.80435e+06 18700.2 -26.6637 12.8835
1010000 FRAC0_S 0 1 30448.8 -804.66 8855.91 1.32925e+07 4.56938e+06 -2.1507e+06 18220.7 -28.3162 8.00132
1010000 FRAC0_S 0 1 30633.9 -748.711 8614.86 9.82769e+06 2.7082e+06 -697593 9324.84 -25.719 4.02001
1010000 FRAC0_S 0 1 30756.9 -619.473 8362.57 1.35144e+07 693153 -15123.6 16317.7 -6.65676 0.0829038
1010000 FRAC0_S 0 1 30805.5 -437.375 8131.87 4.59161e+07 -3.59798e+06 1.93216e+07 238675 7.12643 -19.294
1010000 FRAC0_S 0 1 30775.9 -197.668 7921.74 1.35285e+07 -3.63431e+06 -1.77778e+06 17906.3 24.2859 7.0304
1010000 FRAC0_S 0 1 30670.1 53.6093 7776.34 1.32228e+07 -3.72416e+06 -3.18778e+06 18167.6 23.4999 11.522
1010000 FRAC0_S 0 1 30498.6 299.639 7701.78 1.03383e+07 -1.86322e+06 -4.10052e+06 12069.8 15.0867 17.5317
1010000 FRAC0_S 0 1 30278.3 516.338 7705.36 1.09223e+07 -208365 -4.3495e+06 13150.5 1.87174 19.3107
1010000 FRAC0_S 0 1 30030.8 682.494 7786.71 1.40145e+07 1.66202e+06 -4.01548e+06 19892.4 -11.3175 14.5331
1010000 FRAC0_S 0 1 29780.3 781.843 7937.89 1.32191e+07 2.10869e+06 -2.73744e+06 16964.4 -15.3879 11.0617
1010000 FRAC0_S 0 1 29551.2 804.66 8144.09 -2.3423e+07 2.27639e+07 1.48877e+07 75654.8 -42.4566 -17.0526
Step FractureNumber TipNr TipActive TipX TipY TipZ KI KII KIII G Phi Psi Extension
1010101 FRAC0_S 0 1 29290.4 795.492 8356.36 1.2582e+07 -4.62986e+06 -1.06076e+06 16166.6 30.9787 4.41684
1010101 FRAC0_S 0 1 29166.3 664.263 8638.69 1.23195e+07 -6.05493e+06 -30268.5 16791.4 38.482 0.12819
1010101 FRAC0_S 0 1 29134.8 477.903 8920.53 -2.92913e+07 1.27131e+07 1.19626e+07 33435.2 -29.0955 -15.6685
1010101 FRAC0_S 0 1 29178.1 238.854 9154.13 1.93593e+07 -8.17184e+06 -2.44624e+06 40143.5 32.9622 6.14526
1010101 FRAC0_S 0 1 29285.6 -41.328 9309.29 2.87803e+07 1.98871e+07 -1.27009e+07 130508 -38.0175 14.7296
1010101 FRAC0_S 0 1 29460.4 -321.897 9382.42 1.00836e+07 126712 -5.14509e+06 12582.9 -1.1505 22.4303
1010101 FRAC0_S 0 1 29687.4 -572.877 9364.23 1.02409e+07 380825 -4.89206e+06 12541.3 -3.39448 21.3149
1010101 FRAC0_S 0 1 29946.7 -764.279 9260.53 2.18342e+07 6.82904e+06 2.16693e+06 47262 -27.5762 -5.31927
1010101 FRAC0_S 0 1 30213.9 -876.307 9087.17 1.33759e+07 -1.55198e+06 -3.47771e+06 17766.3 11.3073 13.5598
1010101 FRAC0_S 0 1 30461.8 -901.713 8860.67 1.35873e+07 -2.10161e+06 -2.44938e+06 17642.5 15.2815 9.9313
1010101 FRAC0_S 0 1 30670.8 -837.41 8603.53 3.57074e+07 1.09011e+07 -1.29041e+07 146353 -23.2956 15.3612
1010101 FRAC0_S 0 1 30821.9 -686.304 8341.01 1.39429e+07 -2.06557e+06 -722835 17773 16.2169 3.30821
1010101 FRAC0_S 0 1 30891.1 -463.467 8095.89 -6.03855e+06 2.31587e+07 -1.71902e+07 87093.6 -52.4471 24.3733
1010101 FRAC0_S 0 1 30866.9 -196.916 7888.22 1.36243e+07 1.15994e+06 -2.45947e+06 17465.1 -9.10073 10.4538
1010101 FRAC0_S 0 1 30752.4 80.0645 7731.1 3.16985e+07 3.38082e+07 1.18922e+07 210199 -47.7968 -11.2055
1010101 FRAC0_S 0 1 30559.3 342.332 7639.6 1.37644e+07 866818 -4.80783e+06 20023.9 -6.10364 17.273
1010101 FRAC0_S 0 1 30307.2 568.593 7629.8 1.08353e+07 -1.95702e+07 -1.80322e+07 87836.8 45.1372 24.4641
1010101 FRAC0_S 0 1 30024.9 739.492 7708.46 1.06449e+07 149921 -3.80443e+06 12024.3 -1.4303 18.0852
1010101 FRAC0_S 0 1 29741.7 831.734 7865.87 1.42251e+07 -2.20581e+06 -2.52277e+06 19311.8 15.3449 9.79732
1010101 FRAC0_S 0 1 29489 848.567 8090.04 1.4614e+07 -3.1624e+06 -6.75709e+06 25994.9 16.8831 18.9797