
Step FractureNumber TipNr TipActive TipX TipY TipZ KI KII KIII G Phi Psi Extension
1010000 FRAC0_S 0 1 812.916 44439 8500 1.45341e+06 2.19122e+06 2.34006e+06 1344.38 -41.8752 -25.4533
1010000 FRAC0_S 0 1 944.619 44711.5 8500 1.3269e+06 1.03264e+06 2.59003e+06 1144.12 -26.1616 -31.7798
1010000 FRAC0_S 0 1 987.533 45017.5 8500 1.10324e+06 -211213 2.33718e+06 838.934 7.86352 -36.4045
1010000 FRAC0_S 0 1 933.78 45321.8 8500 1.00051e+06 -1.15034e+06 2.07343e+06 778.898 32.9334 -30.3349
1010000 FRAC0_S 0 1 788.621 45594.7 8500 773083 -967739 756450 212.815 43.7406 -20.5991
1010000 FRAC0_S 0 1 566.268 45809.3 8500 945122 -2.79044e+06 1.31546e+06 1003.6 55.979 -18.0756
1010000 FRAC0_S 0 1 288.484 45944.6 8500 686714 -1.34755e+06 448212 230.555 55.3694 -13.0072
1010000 FRAC0_S 0 1 -17.5385 45987.6 8500 890436 -3.4636e+06 -70219.9 1140.32 66.6997 1.22967
1010000 FRAC0_S 0 1 -321.845 45933.8 8500 853667 -3.74e+06 -712925 1378.98 63.8993 9.88344
1010000 FRAC0_S 0 1 -594.647 45788.6 8500 713297 -1.9186e+06 -952440 494.003 54.882 18.3963
1010000 FRAC0_S 0 1 -809.24 45566.3 8500 954597 -2.3173e+06 -2.29434e+06 1259.82 46.1517 26.544
1010000 FRAC0_S 0 1 -944.619 45288.5 8500 979914 -1.44012e+06 -2.21859e+06 925.023 36.7176 29.7574
1010000 FRAC0_S 0 1 -987.533 44982.5 8500 1.11748e+06 11183 -2.53897e+06 968.656 -0.426223 38.1821
1010000 FRAC0_S 0 1 -933.78 44678.2 8500 968665 895186 -1.91768e+06 644.131 -29.2189 31.0686
1010000 FRAC0_S 0 1 -788.621 44405.3 8500 1.30537e+06 2.28657e+06 -2.15348e+06 1234.53 -44.6302 24.5996
1010000 FRAC0_S 0 1 -566.268 44190.7 8500 1.39252e+06 3.3464e+06 -1.63396e+06 1525.77 -54.2129 17.8293
1010000 FRAC0_S 0 1 -288.484 44055.4 8500 1.131e+06 2.96472e+06 -634156 950.709 -60.2509 9.86462
1010000 FRAC0_S 0 1 17.5385 44012.4 8500 1.43457e+06 4.19229e+06 55822.5 1749.93 -65.185 -0.76303
1010000 FRAC0_S 0 1 321.845 44066.2 8500 1.43013e+06 3.77525e+06 936083 1568.84 -59.6089 -11.1221
1010000 FRAC0_S 0 1 594.647 44211.4 8500 1.27656e+06 2.88906e+06 1.59161e+06 1225.9 -52.6268 -19.0413
Step FractureNumber TipNr TipActive TipX TipY TipZ KI KII KIII G Phi Psi Extension
1010101 FRAC0_S 0 1 870.34 44393.7 8435.73 2.23596e+06 168499 1.66615e+06 817.249 -5.67524 -26.3976
1010101 FRAC0_S 0 1 1027.55 44688.2 8464.69 1.82152e+06 -293278 2.1749e+06 932.441 9.24433 -31.0636
1010101 FRAC0_S 0 1 1078.35 45018.7 8509.41 2.38763e+06 -75413.6 2.74983e+06 1514.19 2.0107 -31.9629
1010101 FRAC0_S 0 1 1012.64 45346.9 8547.89 2.31664e+06 -790444 2.41043e+06 1306.67 18.6199 -27.7776
1010101 FRAC0_S 0 1 845.321 45634.7 8568.88 1.69826e+06 -281489 1.30006e+06 488.851 11.4999 -25.7329
1010101 FRAC0_S 0 1 600.878 45856.6 8579.29 3.09893e+06 -750062 1.51925e+06 1212.87 18.1945 -19.4314
1010101 FRAC0_S 0 1 304.627 45993.1 8584.82 3.71056e+06 -868208 662865 1352.5 21.2687 -9.33624
1010101 FRAC0_S 0 1 -17.3245 46031.3 8588.94 3.69039e+06 -564207 -130526 1244.22 16.8541 2.29248
1010101 FRAC0_S 0 1 -337.847 45975.9 8588.31 3.98207e+06 -610423 -867378 1546.27 14.7773 11.5586
1010101 FRAC0_S 0 1 -629.737 45831.9 8581.38 3.04096e+06 -923867 -1.09045e+06 1058.25 23.2475 15.2896
1010101 FRAC0_S 0 1 -865.444 45603.5 8571.46 2.95306e+06 -740044 -2.56797e+06 1702.95 15.5697 26.4402
1010101 FRAC0_S 0 1 -1022.13 45309.7 8547.73 1.88273e+06 -198401 -2.13136e+06 923.551 6.43849 31.0171
1010101 FRAC0_S 0 1 -1077.31 44980.3 8502.37 1.96184e+06 -23255 -2.46108e+06 1148.59 0.730332 33.0642
1010101 FRAC0_S 0 1 -1014.24 44652.8 8457.84 2.44974e+06 269577 -2.68372e+06 1499.16 -6.81083 30.6014
1010101 FRAC0_S 0 1 -846.043 44364.9 8432.39 2.58953e+06 367492 -1.97866e+06 1130.29 -10.0358 25.9658
1010101 FRAC0_S 0 1 -600.861 44144.3 8420.17 4.59906e+06 664408 -1.96812e+06 2439.31 -12.2717 18.7839
1010101 FRAC0_S 0 1 -303.926 44009.2 8413.62 5.84886e+06 702729 -1.2442e+06 3298.27 -12.0511 11.6081
1010101 FRAC0_S 0 1 18.4095 43967.6 8411.35 6.58409e+06 607284 509831 3930.38 -10.6045 -5.01908
1010101 FRAC0_S 0 1 339.41 44019.7 8414.32 5.19075e+06 757210 1.10512e+06 2614.49 -14.2234 -11.4114
1010101 FRAC0_S 0 1 632.292 44164.5 8422.01 3.63407e+06 337324 2.23007e+06 1848.41 -7.40807 -23.7817