
Step FractureNumber TipNr TipActive TipX TipY TipZ KI KII KIII G Phi Psi Extension
1010000 FRAC0_S 0 1 -30000 -44020.2 8624.9 -1.72219e+06 602360 -306254 44.8067 -28.3852 8.63284
1010000 FRAC0_S 0 1 -30000 -44106.8 8921.55 -1.56055e+06 631677 -106278 37.0585 -33.188 3.53601
1010000 FRAC0_S 0 1 -30000 -44280.8 9176.94 -1.62314e+06 635603 50360.1 36.3369 -33.2326 -1.68544
1010000 FRAC0_S 0 1 -30000 -44525.1 9366.05 -1.68292e+06 580359 197427 35.1977 -29.1253 -6.04567
1010000 FRAC0_S 0 1 -30000 -44816 9470.4 -1.35635e+06 323532 233763 16.5952 -21.6685 -9.03575
1010000 FRAC0_S 0 1 -30000 -45124.9 9479.76 -1.70149e+06 64624.8 -45600 0.648711 -4.9048 1.94232
1010000 FRAC0_S 0 1 -30000 -45421.5 9393.21 -1.84739e+06 234228 -37815.8 5.07902 -14.6171 1.3812
1010000 FRAC0_S 0 1 -30000 -45676.9 9219.22 -1.47251e+06 880960 253067 77.6751 -39.3212 -7.2619
1010000 FRAC0_S 0 1 -30000 -45866 8974.84 -1.78725e+06 -125305 333719 16.2111 7.59187 -10.8597
1010000 FRAC0_S 0 1 -30000 -45970.4 8683.98 -1.78058e+06 -245190 303193 17.5833 13.9632 -9.59507
1010000 FRAC0_S 0 1 -30000 -45979.8 8375.1 -1.86564e+06 -378273 265929 22.1563 19.5101 -7.89396
1010000 FRAC0_S 0 1 -30000 -45893.2 8078.45 -1.74557e+06 -447600 197442 23.0376 23.7586 -6.21695
1010000 FRAC0_S 0 1 -30000 -45719.2 7823.06 -1.72646e+06 -486104 106436 22.5632 26.2707 -3.51048
1010000 FRAC0_S 0 1 -30000 -45474.9 7633.95 -1.35529e+06 -457933 5111.78 18.6901 30.8182 -0.219017
1010000 FRAC0_S 0 1 -30000 -45184 7529.6 -1.71152e+06 -597581 -118959 33.7036 30.216 3.74226
1010000 FRAC0_S 0 1 -30000 -44875.1 7520.24 -1.67837e+06 -513764 -256163 32.2482 26.2959 7.79979
1010000 FRAC0_S 0 1 -30000 -44578.5 7606.79 -1.43059e+06 355616 -734416 83.005 -18.3583 19.9249
1010000 FRAC0_S 0 1 -30000 -44323.1 7780.78 -1.82061e+06 -162679 -468886 31.5988 8.97961 13.708
1010000 FRAC0_S 0 1 -30000 -44134 8025.16 -1.609e+06 111479 -451450 28.2137 -7.0014 14.7871
1010000 FRAC0_S 0 1 -30000 -44029.6 8316.02 -1.5694e+06 113483 10081.4 1.1611 -9.06994 -0.463311
Step FractureNumber TipNr TipActive TipX TipY TipZ KI KII KIII G Phi Psi Extension
1010101 FRAC0_S 0 1 -30037.4 -43957.6 8639.39 -1.71843e+06 471605 3601.7 19.8208 -26.8629 -0.127978
1010101 FRAC0_S 0 1 -30052.9 -44031.9 8956.52 -718892 1.30624e+06 -18736.5 152.092 -60.8827 0.712267
1010101 FRAC0_S 0 1 -30053.3 -44220.9 9233.68 -862013 1.60804e+06 243097 238.281 -58.3866 -6.72382
1010101 FRAC0_S 0 1 -30047.3 -44484.6 9441.51 -1.05457e+06 1.24817e+06 300432 150.831 -51.0342 -8.56245
1010101 FRAC0_S 0 1 -30030.7 -44796.9 9535.21 -1.30946e+06 1.0779e+06 285255 114.356 -45.0774 -7.94922
1010101 FRAC0_S 0 1 -30015.6 -45130.9 9524.47 -1.74039e+06 846096 348477 79.9429 -34.5419 -8.79594
1010101 FRAC0_S 0 1 -30028.5 -45455.4 9451.04 -1.52987e+06 752353 257933 59.2878 -35.325 -7.58003
1010101 FRAC0_S 0 1 -30034.7 -45735.5 9281.18 -1.2656e+06 531990 275553 35.3179 -31.316 -9.78443
1010101 FRAC0_S 0 1 -30003.2 -45946.6 9017.27 -1.77506e+06 702559 203853 49.5107 -31.8754 -5.73906
1010101 FRAC0_S 0 1 -29976.2 -46063.2 8701.95 -1.63906e+06 -740234 340598 64.2565 32.917 -9.25006
1010101 FRAC0_S 0 1 -29967.2 -46071 8363.9 -1.56267e+06 -1.03447e+06 281287 105.883 41.2731 -7.3072
1010101 FRAC0_S 0 1 -29960.4 -45974.3 8040.58 -1.54012e+06 -1.29808e+06 173397 154.149 47.3388 -4.38156
1010101 FRAC0_S 0 1 -29955 -45782.9 7763.75 -1.31318e+06 -1.34378e+06 73489.3 161.628 51.946 -2.07544
1010101 FRAC0_S 0 1 -29950.8 -45515.9 7559.7 -1.15554e+06 -1.40931e+06 -50507.4 177.325 55.1144 1.49401
1010101 FRAC0_S 0 1 -29951 -45199.5 7446.08 -718498 -1.17259e+06 -1.5854e+06 456.818 39.2573 28.7078
1010101 FRAC0_S 0 1 -29973.2 -44863.3 7433.09 -1.38613e+06 -979865 -500819 118.917 39.6737 12.6191
1010101 FRAC0_S 0 1 -30000.8 -44538.5 7523.66 -1.68836e+06 -338614 -455916 37.8626 17.7911 13.2099
1010101 FRAC0_S 0 1 -30003.1 -44257.4 7711.43 -1.07026e+06 1.00632e+06 -1.21083e+06 285.234 -36.2966 24.2524
1010101 FRAC0_S 0 1 -30002.2 -44073.5 7983.32 -1.60592e+06 114504 -517325 36.7624 -6.98039 16.2684
1010101 FRAC0_S 0 1 -30015 -43986 8306.87 -1.39039e+06 991022 -516229 122.96 -39.6934 12.8487