
Step FractureNumber TipNr TipActive TipX TipY TipZ KI KII KIII G Phi Psi Extension
1010000 FRAC0_S 0 1 14635.6 805.231 8059.1 351235 -6.05829e+06 -7.88271e+06 11545.8 46.7665 32.9816
1010000 FRAC0_S 0 1 14431.2 779.483 8289.33 -7.57035e+06 1.45671e+06 -2.695e+06 1155.07 -16.3169 16.1886
1010000 FRAC0_S 0 1 14282.4 677.432 8540.2 -1.78304e+07 8.44014e+06 1.92387e+06 6840.11 -35.6368 -5.16874
1010000 FRAC0_S 0 1 14203.8 509.071 8787.13 -5.17094e+06 3.92902e+06 16008.7 1375.64 -47.337 -0.136875
1010000 FRAC0_S 0 1 14203.2 290.878 9005.95 -3.58395e+06 3.46561e+06 1.5263e+06 1380.09 -45.1443 -12.8369
1010000 FRAC0_S 0 1 14280.5 44.2111 9175.24 -2.35124e+06 1.74353e+06 2.49249e+06 1097.14 -32.1515 -24.789
1010000 FRAC0_S 0 1 14428.3 -206.783 9278.45 -1.28342e+06 160287 2.77901e+06 1029.44 -5.21331 -37.04
1010000 FRAC0_S 0 1 14632.1 -437.535 9305.44 -423370 -1.13279e+06 2.07973e+06 689.612 36.8233 -33.8189
1010000 FRAC0_S 0 1 14871.9 -625.459 9253.59 -1.32791e+06 -2.01297e+06 2.05985e+06 925.396 42.4565 -24.949
1010000 FRAC0_S 0 1 15124.2 -752.158 9127.99 -2.63493e+06 -2.57947e+06 1.95211e+06 1099.74 41.3221 -18.7981
1010000 FRAC0_S 0 1 15358.8 -804.889 8946.14 -3.93824e+06 -2.44951e+06 1.71211e+06 924.535 35.9361 -15.0128
1010000 FRAC0_S 0 1 15568.8 -779.483 8710.67 -3.35775e+06 -1.95021e+06 1.05359e+06 486.551 36.34 -12.0131
1010000 FRAC0_S 0 1 15717.6 -677.432 8459.8 -7.69916e+06 -3.35107e+06 2.08472e+06 1578.7 31.1614 -11.5485
1010000 FRAC0_S 0 1 15796.2 -509.071 8212.87 -2.21306e+07 -1.10568e+07 -2.92537e+06 12032.1 36.3024 6.10195
1010000 FRAC0_S 0 1 15796.8 -290.878 7994.05 -1.15723e+07 -5.91583e+06 1.82956e+06 3563.78 36.3088 -7.09132
1010000 FRAC0_S 0 1 15719.5 -44.2111 7824.76 -2.02051e+07 -1.25824e+07 -3.8228e+06 16051.3 39.8476 7.78484
1010000 FRAC0_S 0 1 15571.7 206.783 7721.55 3.92833e+06 -1.41848e+07 4.91199e+06 22513.7 59.6811 -15.1381
1010000 FRAC0_S 0 1 15367.9 437.535 7694.56 -1.28706e+07 -6.3279e+06 -1.83126e+06 4014.18 35.7884 6.54196
1010000 FRAC0_S 0 1 15128.1 625.459 7746.41 -1.31163e+07 -5.30467e+06 -3.19238e+06 3862.96 30.1441 10.801
1010000 FRAC0_S 0 1 14875.8 752.158 7872.01 -1.33646e+07 -3.39538e+06 -4.41703e+06 3622.16 20.6472 14.8334
Step FractureNumber TipNr TipActive TipX TipY TipZ KI KII KIII G Phi Psi Extension
1010101 FRAC0_S 0 1 14607.1 891.809 8062.92 -8.35763e+06 -5.33203e+06 -38151.2 2533.64 43.8171 0.216516
1010101 FRAC0_S 0 1 14376.5 839.246 8266.28 -7.78535e+06 3.6799e+06 -4.28214e+06 3645.49 -28.8931 18.7702
1010101 FRAC0_S 0 1 14193.9 701.483 8510.17 -3.08203e+06 6.77692e+06 -1.51822e+06 4399.08 -58.5556 9.821
1010101 FRAC0_S 0 1 14107.6 505.795 8766.97 -6.77087e+06 2.87542e+06 4.11352e+06 2987.26 -26.1992 -20.369
1010101 FRAC0_S 0 1 14106.8 272.184 9004.65 4.44112e+06 -1.66839e+06 -1.24348e+06 2211.25 28.1621 12.247
1010101 FRAC0_S 0 1 14194.1 19.181 9205.93 215577 2.18181e+06 3.27115e+06 1851.49 -43.5155 -34.0222
1010101 FRAC0_S 0 1 14375 -226.779 9346.83 496135 -39730.7 3.80709e+06 1949.77 1.2749 -43.0169
1010101 FRAC0_S 0 1 14636 -453.85 9397.45 -3.70187e+06 -1.54697e+06 1.00109e+07 13542.2 13.4733 -36.968
1010101 FRAC0_S 0 1 14899.6 -634.315 9347.67 1.83213e+06 -2.35701e+06 2.8961e+06 1909.69 38.8264 -26.369
1010101 FRAC0_S 0 1 15171.2 -771.662 9212.25 1.2286e+06 -3.73893e+06 2.43351e+06 2167.85 52.8614 -22.0791
1010101 FRAC0_S 0 1 15428.3 -833.401 9010.24 -5.12103e+06 -1.55267e+07 -5.00777e+06 24818 59.0893 13.9677
1010101 FRAC0_S 0 1 15648.1 -809.398 8760.47 -2.75894e+06 -4.67854e+06 -390285 1970.77 58.67 3.80697
1010101 FRAC0_S 0 1 15808.6 -701.02 8488.53 -2.4912e+06 -5.08581e+06 1.10105e+06 2466.11 58.0054 -9.36519
1010101 FRAC0_S 0 1 15893.6 -517.339 8223.07 -4.19195e+06 -6.64946e+06 1.6258e+06 4291.58 54.757 -9.61047
1010101 FRAC0_S 0 1 15894.4 -279.1 7989.32 -5.20975e+06 -9.96797e+06 1.65208e+06 9217.01 58.3636 -7.33879
1010101 FRAC0_S 0 1 15810.4 -9.7175 7817.75 -3.31997e+06 -9.14416e+06 1.01112e+06 7586.97 62.7686 -5.66697
1010101 FRAC0_S 0 1 15650.4 262.8 7714.61 -2.1356e+06 -9.97573e+06 211563 8873.76 67.4604 -1.3294
1010101 FRAC0_S 0 1 15429.7 508.424 7671.63 -5.24169e+06 -1.32146e+07 -1.95683e+06 16070.3 61.2951 7.17391
1010101 FRAC0_S 0 1 15166.4 707.666 7710.03 -1.05819e+07 -1.12646e+07 -3.26936e+06 12728.8 48.7097 9.59419
1010101 FRAC0_S 0 1 14894.4 843.384 7846.07 -9.59569e+06 -8.60142e+06 -3.74663e+06 8459.7 44.1215 12.3556