
Step FractureNumber TipNr TipActive TipX TipY TipZ KI KII KIII G Phi Psi Extension
1010000 FRAC0_S 0 1 36874.7 -29246.4 8371.69 -352507 2.09012e+06 -394212 409.954 -65.15 10.2018
1010000 FRAC0_S 0 1 36747.9 -29371.9 8624 -424705 1.41324e+06 -65199.2 178.541 -65.3615 2.63344
1010000 FRAC0_S 0 1 36694.8 -29558.9 8864.18 -619813 1.94633e+06 345117 353.409 -62.31 -8.7828
1010000 FRAC0_S 0 1 36720.5 -29789.2 9068.7 -584378 1.80444e+06 755228 366 -57.292 -16.8322
1010000 FRAC0_S 0 1 36822.5 -30040 9217.55 -585961 1.42026e+06 1.15771e+06 358.008 -48.7395 -24.1225
1010000 FRAC0_S 0 1 36990.8 -30286.9 9296.17 -577032 838096 1.47261e+06 351.011 -34.7355 -31.1946
1010000 FRAC0_S 0 1 37209 -30505.8 9296.85 -546413 -75898 1.96699e+06 515.098 4.04355 -40.2098
1010000 FRAC0_S 0 1 37455.7 -30675.2 9219.53 -425615 -483961 1.13006e+06 190.716 29.2779 -33.0858
1010000 FRAC0_S 0 1 37706.6 -30778.4 9071.78 -528991 -1.27523e+06 1.25196e+06 353.377 46.2291 -26.4149
1010000 FRAC0_S 0 1 37937.4 -30805.5 8868.06 -477754 -2.016e+06 970416 487.414 57.7669 -19.2605
1010000 FRAC0_S 0 1 38125.3 -30753.6 8628.31 -541776 -2.15587e+06 471788 443.766 62.8413 -10.8795
1010000 FRAC0_S 0 1 38252.1 -30628.1 8376 -460513 -2.02875e+06 -1187.54 366.76 67.5942 0.0371859
1010000 FRAC0_S 0 1 38305.2 -30441.1 8135.82 -425679 -1.76944e+06 -413856 301.775 62.7517 11.5426
1010000 FRAC0_S 0 1 38279.5 -30210.8 7931.3 -387724 -1.42663e+06 -744902 255.163 56.2898 19.9071
1010000 FRAC0_S 0 1 38177.5 -29960 7782.45 -427920 -971259 -1.01874e+06 222.093 44.942 27.0056
1010000 FRAC0_S 0 1 38009.2 -29713.1 7703.83 -516584 -634641 -1.50011e+06 335.185 29.5005 33.5679
1010000 FRAC0_S 0 1 37791 -29494.2 7703.15 -344746 71887.7 -878058 103.002 -7.55769 37.721
1010000 FRAC0_S 0 1 37544.3 -29324.8 7780.47 -785110 -620015 151754 37.3185 44.6521 -7.28939
1010000 FRAC0_S 0 1 37293.4 -29221.6 7928.22 -491808 967919 -874499 185.196 -46.0167 24.5903
1010000 FRAC0_S 0 1 37062.6 -29194.5 8131.94 -155329 796109 -326614 70.6651 -60.0461 17.7782
Step FractureNumber TipNr TipActive TipX TipY TipZ KI KII KIII G Phi Psi Extension
1010101 FRAC0_S 0 1 36796 -29265.3 8313.8 663583 538696 159204 68.4691 -44.4349 -8.66963
1010101 FRAC0_S 0 1 36663.8 -29397.5 8577.42 450527 285927 230307 32.4267 -35.283 -16.7088
1010101 FRAC0_S 0 1 36606.4 -29589.9 8831 299904 358570 93239.4 20.6281 -50.8532 -9.1671
1010101 FRAC0_S 0 1 36630.5 -29826.8 9052.6 593119 552180 281126 69.0292 -43.7054 -14.0908
1010101 FRAC0_S 0 1 36736.5 -30086.5 9223.78 479227 759199 578084 116.273 -46.2847 -21.4805
1010101 FRAC0_S 0 1 36924.6 -30338.6 9335.11 161339 498515 829961 116.08 -39.0084 -33.2115
1010101 FRAC0_S 0 1 37183.8 -30551.5 9370.4 -116391 -15190.4 1.30338e+06 225.962 1.47419 -43.6222
1010101 FRAC0_S 0 1 37475.5 -30705.8 9307 110249 -682511 1.26613e+06 255.803 38.717 -35.487
1010101 FRAC0_S 0 1 37758.9 -30791.3 9152.77 1.67147e+06 -1.17788e+06 932155 488.153 36.8161 -17.2221
1010101 FRAC0_S 0 1 38007.7 -30801.8 8937.17 1.0191e+06 -795560 280432 159.406 43.0681 -9.84921
1010101 FRAC0_S 0 1 38204.2 -30736.8 8686.29 921384 -606635 -74615.5 109.183 42.9637 3.55999
1010101 FRAC0_S 0 1 38335.5 -30601.7 8423.23 763186 -473596 -285018 82.6934 36.7896 13.4511
1010101 FRAC0_S 0 1 38393.1 -30409.3 8169.22 544190 -417194 -351709 58.3509 37.4144 18.5246
1010101 FRAC0_S 0 1 38369.9 -30174.1 7945.29 240679 -243774 -283959 21.1814 37.3691 24.3176
1010101 FRAC0_S 0 1 38263.5 -29915.7 7770.71 287461 -583055 -663593 96.2241 43.0973 27.5651
1010101 FRAC0_S 0 1 38073.3 -29664.1 7658.31 -32667.8 -255946 -779064 86.5606 29.5385 39.3448
1010101 FRAC0_S 0 1 37831.1 -29436.8 7646.12 -412673 -37752.6 -916773 111.91 3.81246 37.4648
1010101 FRAC0_S 0 1 37557.6 -29266.1 7732.51 -251864 594008 -915622 142.944 -39.2505 31.628
1010101 FRAC0_S 0 1 37258.3 -29195.1 7867.37 246906 842177 -313157 81.6777 -58.8332 15.7736
1010101 FRAC0_S 0 1 36992.8 -29201 8062.73 556504 677249 -23540 68.5425 -55.1014 1.44881