
Step FractureNumber TipNr TipActive TipX TipY TipZ KI KII KIII G Phi Psi Extension
1010000 FRAC0_S 0 1 -36945.4 -7270.35 7715.69 -1.48243e+07 -707917 -8.11566e+06 8804.56 4.12828 22.882
1010000 FRAC0_S 0 1 -37153.4 -7042.71 7696.09 -1.35155e+07 5.42465e+06 -6.6883e+06 8571.77 -26.497 18.1083
1010000 FRAC0_S 0 1 -37395.4 -6859.82 7755.19 -8.9891e+06 7.52232e+06 -3.39542e+06 6575.66 -42.9073 12.3441
1010000 FRAC0_S 0 1 -37647.6 -6739.6 7887.19 -5.76098e+06 7.94989e+06 -222669 5638.42 -57.0906 1.23807
1010000 FRAC0_S 0 1 -37885.4 -6693.81 8079.17 -1.49584e+06 5.85901e+06 2.7965e+06 4099.08 -57.4848 -18.9831
1010000 FRAC0_S 0 1 -38085.5 -6726.95 8312.35 2.87113e+06 2.00216e+06 4.6524e+06 3970.54 -26.3335 -30.2238
1010000 FRAC0_S 0 1 -38228.2 -6835.75 8563.9 1.11326e+07 -5.23059e+06 3.41568e+06 15033.4 32.1281 -12.486
1010000 FRAC0_S 0 1 -38299.6 -7009.56 8809.19 1.14467e+07 -7.62659e+06 5.35711e+06 20675.7 36.8829 -15.5171
1010000 FRAC0_S 0 1 -38292.8 -7231.39 9024.22 1.26766e+07 -1.11002e+07 3.00037e+06 26496.6 46.0066 -8.32554
1010000 FRAC0_S 0 1 -38208.5 -7479.52 9187.93 1.11304e+07 -9.9056e+06 -73761.8 19783.7 50.2808 0.272145
1010000 FRAC0_S 0 1 -38054.6 -7729.65 9284.31 1.5156e+07 -1.44211e+07 -3.00128e+06 40199 48.2559 6.90566
1010000 FRAC0_S 0 1 -37846.6 -7957.29 9303.91 1.45663e+07 -1.27412e+07 -5.77019e+06 37801.4 43.5406 12.6024
1010000 FRAC0_S 0 1 -37604.6 -8140.18 9244.81 1.32128e+07 -9.97121e+06 -7.84733e+06 32606.6 37.7582 17.6146
1010000 FRAC0_S 0 1 -37352.4 -8260.4 9112.81 1.10577e+07 -6.71237e+06 -8.91996e+06 25492.8 30.7817 22.3822
1010000 FRAC0_S 0 1 -37114.6 -8306.19 8920.83 8.28448e+06 -3.30202e+06 -9.41753e+06 18883.2 20.2792 28.3386
1010000 FRAC0_S 0 1 -36914.5 -8273.05 8687.65 4.09734e+06 -932129 -7.98609e+06 10055.9 9.66729 35.4354
1010000 FRAC0_S 0 1 -36771.8 -8164.25 8436.1 -1.5759e+06 -1.97098e+06 -4.90167e+06 3541.67 28.8511 34.1459
1010000 FRAC0_S 0 1 -36700.4 -7990.44 8190.81 4.33894e+06 1.82959e+06 -3.05287e+06 3215.47 -25.0214 22.2061
1010000 FRAC0_S 0 1 -36707.2 -7768.61 7975.78 -5.26488e+06 -2.70985e+06 -4.04781e+06 2833.54 27.9994 22.5207
1010000 FRAC0_S 0 1 -36791.5 -7520.48 7812.07 -3.9237e+06 -2.52931e+06 -3.48524e+06 2185.61 31.0964 23.2953
Step FractureNumber TipNr TipActive TipX TipY TipZ KI KII KIII G Phi Psi Extension
1010101 FRAC0_S 0 1 -36891 -7245.75 7646.07 -5.00285e+06 -1.13548e+06 -4.86816e+06 3266.86 13.698 28.0436
1010101 FRAC0_S 0 1 -37143.4 -7025.99 7604.39 -1.063e+07 4.81306e+06 -8.70615e+06 12145.3 -25.1221 23.8311
1010101 FRAC0_S 0 1 -37423.9 -6853.48 7662.71 -2.16342e+06 8.41938e+06 -3.547e+06 7989.95 -58.5669 17.5008
1010101 FRAC0_S 0 1 -37701.2 -6742.08 7804.56 2.51481e+06 6.95563e+06 -39841.2 4874.97 -64.949 0.326184
1010101 FRAC0_S 0 1 -37954 -6686.75 8012.17 3.62608e+06 4.0254e+06 2.39995e+06 3381.63 -44.8404 -16.7425
1010101 FRAC0_S 0 1 -38150.1 -6683.96 8282.19 6.93726e+06 -530232 2.84033e+06 5386.5 7.01634 -18.9873
1010101 FRAC0_S 0 1 -38271.3 -6762.19 8586.26 1.22378e+07 -1.76351e+06 6.29948e+06 18900.6 11.6334 -21.0263
1010101 FRAC0_S 0 1 -38326.2 -6935.36 8867.68 1.42683e+07 1.32182e+06 4.20489e+06 20648.8 -9.0364 -15.0798
1010101 FRAC0_S 0 1 -38307.9 -7171.16 9100.57 1.8618e+07 1.67035e+06 2.61917e+06 32049.2 -9.83618 -8.48686
1010101 FRAC0_S 0 1 -38211.3 -7434.65 9275.98 2.28717e+07 4.02308e+06 -32802.8 48057 -19.354 0.0949696
1010101 FRAC0_S 0 1 -38048.6 -7702.86 9379.2 2.46155e+07 871338 -3.27748e+06 55490.2 -4.17669 8.45907
1010101 FRAC0_S 0 1 -37831.2 -7951.26 9401.03 2.44557e+07 839991 -6.37782e+06 58767.9 -3.66361 14.3682
1010101 FRAC0_S 0 1 -37577 -8155.72 9337.71 2.0722e+07 1.65053e+06 -8.35854e+06 47798.9 -7.31732 18.7739
1010101 FRAC0_S 0 1 -37310.4 -8296.81 9192.98 1.50925e+07 661367 -9.28631e+06 31806.1 -3.64888 24.3882
1010101 FRAC0_S 0 1 -37058.7 -8360.48 8978.64 1.12079e+07 67929.9 -9.25953e+06 22597.4 -0.462347 28.4613
1010101 FRAC0_S 0 1 -36843.3 -8328.69 8722.4 7.45986e+06 2.37577e+06 -1.19563e+07 24474.5 -14.4309 32.8614
1010101 FRAC0_S 0 1 -36696.4 -8214 8441.1 1.42789e+06 797992 -8.41575e+06 9658.14 -10.1047 41.0462
1010101 FRAC0_S 0 1 -36628.3 -8032.13 8165.02 -3.42326e+06 -2.81614e+06 -3.79192e+06 2619.06 33.786 24.7693
1010101 FRAC0_S 0 1 -36623.1 -7777.4 7945.25 -8.47382e+06 -2.13695e+06 -5.43384e+06 4333.96 17.4046 22.6313
1010101 FRAC0_S 0 1 -36706.4 -7498.85 7773.46 -9.13494e+06 -3.57658e+06 -6.75663e+06 7211.61 23.3575 23.0958