
Step FractureNumber TipNr TipActive TipX TipY TipZ KI KII KIII G Phi Psi Extension
1010000 FRAC0_S 0 1 29434.8 -44219.2 8284.43 1.13228e+06 1.2201e+06 428309 271.296 -47.9519 -11.2314
1010000 FRAC0_S 0 1 29284.7 -44319.8 8535.12 1.02269e+06 952697 614631 224.323 -42.0256 -16.6516
1010000 FRAC0_S 0 1 29204.6 -44487 8782.37 974093 581737 722471 184.13 -31.1835 -21.4161
1010000 FRAC0_S 0 1 29202.4 -44704.4 9001.98 972183 216615 814614 176.661 -14.3189 -26.2598
1010000 FRAC0_S 0 1 29278.3 -44950.7 9172.44 1.05864e+06 -186339 896290 209.805 11.653 -26.8673
1010000 FRAC0_S 0 1 29424.7 -45201.9 9277.09 979981 -553782 774029 192.589 29.5639 -22.4488
1010000 FRAC0_S 0 1 29627.6 -45433.3 9305.68 1.17057e+06 -699795 729831 236.583 32.6082 -19.2934
1010000 FRAC0_S 0 1 29866.9 -45622.3 9255.39 1.53259e+06 -1.40516e+06 582049 430.31 44.7341 -11.996
1010000 FRAC0_S 0 1 30119.1 -45750.3 9131.17 1.62851e+06 -1.432e+06 427018 443.306 45.683 -9.0557
1010000 FRAC0_S 0 1 30359.8 -45804.9 8945.16 1.0071e+06 -1.27685e+06 -118573 237.53 54.6331 3.7692
1010000 FRAC0_S 0 1 30565.2 -45780.8 8715.57 670192 -762834 -249439 100.154 49.0862 10.8388
1010000 FRAC0_S 0 1 30715.3 -45680.2 8464.88 995614 -906608 -600044 209.46 41.535 16.8068
1010000 FRAC0_S 0 1 30795.4 -45513 8217.63 833350 -482009 -637827 136.695 30.2863 21.9523
1010000 FRAC0_S 0 1 30797.6 -45295.6 7998.02 1.19149e+06 -319751 -884646 239.702 17.4374 24.3013
1010000 FRAC0_S 0 1 30721.7 -45049.3 7827.56 1.00881e+06 183076 -832917 185.942 -12.0861 26.5018
1010000 FRAC0_S 0 1 30575.3 -44798.1 7722.91 797791 441003 -592954 120.808 -29.6483 21.7913
1010000 FRAC0_S 0 1 30372.4 -44566.7 7694.32 954308 813964 -567163 182.974 -40.2909 16.9962
1010000 FRAC0_S 0 1 30133.1 -44377.7 7744.61 471431 770549 -209109 78.5289 -54.6037 10.5549
1010000 FRAC0_S 0 1 29880.9 -44249.7 7868.83 803081 939365 -102116 137.489 -53.1423 4.21698
1010000 FRAC0_S 0 1 29640.2 -44195.1 8054.84 1.11009e+06 1.32613e+06 158834 269.878 -53.263 -4.65045
Step FractureNumber TipNr TipActive TipX TipY TipZ KI KII KIII G Phi Psi Extension
1010101 FRAC0_S 0 1 29354.1 -44210.4 8228.37 1.69734e+06 -100368 468147 286.77 6.06405 -14.7068
1010101 FRAC0_S 0 1 29193.5 -44307.4 8501.37 1.02701e+06 -92453.3 454546 122.23 7.98174 -19.773
1010101 FRAC0_S 0 1 29109 -44472.9 8779.38 1.52187e+06 -188075 825267 300.119 10.0007 -21.8939
1010101 FRAC0_S 0 1 29116.5 -44689.3 9037.68 1.0042e+06 -130355 642900 146.346 9.89081 -23.8951
1010101 FRAC0_S 0 1 29219.6 -44936.1 9244.59 1.46562e+06 -22141.1 888541 296.459 1.29837 -24.5517
1010101 FRAC0_S 0 1 29398.5 -45193.8 9370.1 1.37029e+06 -77817.2 779019 248.575 4.80623 -23.2458
1010101 FRAC0_S 0 1 29629.5 -45434.5 9403.56 1.6212e+06 -229321 612768 288.833 12.4267 -17.3612
1010101 FRAC0_S 0 1 29894.7 -45628.7 9349.32 1.73665e+06 -192507 337922 287.242 11.3832 -10.8932
1010101 FRAC0_S 0 1 30168.8 -45757.3 9216.18 1.90757e+06 -155377 56933 326.839 9.88528 -2.07102
1010101 FRAC0_S 0 1 30426.6 -45810 9017.72 1.86994e+06 -22134.3 -292785 323.035 1.41112 9.85988
1010101 FRAC0_S 0 1 30645.9 -45788.2 8771.74 1.60795e+06 112804 -470567 260.979 -7.02135 15.228
1010101 FRAC0_S 0 1 30806.5 -45692.8 8498.29 1.09605e+06 88396.9 -487961 139.415 -7.20428 19.9489
1010101 FRAC0_S 0 1 30891.5 -45527 8220.96 1.29682e+06 179571 -768625 231.308 -10.7503 22.8367
1010101 FRAC0_S 0 1 30884.3 -45309.4 7963.88 1.05435e+06 153137 -681448 162.911 -10.8898 23.8442
1010101 FRAC0_S 0 1 30780.5 -45063.3 7756.19 1.64125e+06 -91784 -892689 346.775 4.80826 22.704
1010101 FRAC0_S 0 1 30599 -44808.7 7629.88 1.45575e+06 65358.7 -745059 263.053 -3.97952 22.0774
1010101 FRAC0_S 0 1 30363.8 -44574 7597.46 1.10391e+06 -7221.69 -388193 128.637 0.672705 17.983
1010101 FRAC0_S 0 1 30098 -44384.1 7652.9 1.75731e+06 -82275.5 -317797 289.218 5.23734 10.7739
1010101 FRAC0_S 0 1 29827.3 -44252 7785.42 1.34069e+06 -78245.3 -36787.1 160.897 7.32278 1.95004
1010101 FRAC0_S 0 1 29572.5 -44191.5 7982.73 1.94485e+06 -122673 253986 346.975 7.20239 -8.13863