
Step FractureNumber TipNr TipActive TipX TipY TipZ KI KII KIII G Phi Psi Extension
1010000 FRAC0_S 0 1 -29609.6 -14584.1 7693.69 -3.21464e+07 -1.44699e+07 -6.51542e+06 24303.7 32.9358 9.06872
1010000 FRAC0_S 0 1 -29846.7 -14391 7737.68 -3.12303e+07 -1.07677e+07 -9.11981e+06 21393.4 26.3843 12.8654
1010000 FRAC0_S 0 1 -30098.9 -14257.5 7856.29 -3.02988e+07 -5.59599e+06 -1.01788e+07 16570.4 15.9714 15.6215
1010000 FRAC0_S 0 1 -30341.4 -14196.5 8037.91 -2.09266e+07 -265010 -7.04701e+06 6611.08 1.30769 17.41
1010000 FRAC0_S 0 1 -30550.5 -14214.4 8264.77 878068 -3.80785e+06 -3.06634e+06 2611.3 51.878 25.6893
1010000 FRAC0_S 0 1 -30705.6 -14309 8514.65 -4.83286e+07 8.69277e+06 2.05372e+06 7294.49 -19.085 -2.67175
1010000 FRAC0_S 0 1 -30791.7 -14471.3 8763.09 -1.93275e+07 2.71606e+06 -1.43828e+06 932.492 -15.2568 4.65376
1010000 FRAC0_S 0 1 -30800.3 -14685.4 8985.79 -1.27806e+07 -1.68214e+06 436452 277.48 14.9139 -2.2566
1010000 FRAC0_S 0 1 -30730.6 -14930.2 9160.93 -1.04244e+07 -6.18132e+06 -499848 3438.01 41.4499 2.25108
1010000 FRAC0_S 0 1 -30589.4 -15181.9 9271.37 -7.3857e+06 -6.79714e+06 -1.61988e+06 4465.97 47.2669 7.64874
1010000 FRAC0_S 0 1 -30390.4 -15415.9 9306.31 -6.68861e+06 -6.05018e+06 -3.38566e+06 4786.38 42.6753 14.9228
1010000 FRAC0_S 0 1 -30153.3 -15609 9262.32 -8.16287e+06 -3.62045e+06 -4.74242e+06 4159.26 27.3114 19.6662
1010000 FRAC0_S 0 1 -29901.1 -15742.5 9143.71 -6.65387e+06 -863103 -3.15761e+06 1392.46 10.8622 20.1853
1010000 FRAC0_S 0 1 -29658.6 -15803.5 8962.09 -1.34365e+07 662043 -2.1057e+06 628.778 -5.603 9.57865
1010000 FRAC0_S 0 1 -29451.9 -15786.4 8738.32 -1.0806e+07 650288 -157104 40.965 -7.61979 1.04913
1010000 FRAC0_S 0 1 -29294.4 -15691 8485.35 -3.10045e+06 3.7218e+06 -659931 1292.25 -52.319 6.62291
1010000 FRAC0_S 0 1 -29208.3 -15528.7 8236.91 -2.63957e+07 -6.40313e+06 3.85984e+06 5635 22.318 -7.84688
1010000 FRAC0_S 0 1 -29199.7 -15314.6 8014.21 -2.74926e+07 -3.56865e+06 -670601 1194.65 14.8594 1.63366
1010000 FRAC0_S 0 1 -29269.4 -15069.8 7839.07 -6.04746e+07 -1.76934e+07 -3.68661e+06 29704.2 26.9913 3.44606
1010000 FRAC0_S 0 1 -29410.6 -14818.1 7728.63 -2.23332e+07 -1.15258e+07 -2.11758e+06 12434.2 37.6672 4.47676
Step FractureNumber TipNr TipActive TipX TipY TipZ KI KII KIII G Phi Psi Extension
1010101 FRAC0_S 0 1 -29546.7 -14518.1 7657.62 -2.39236e+07 -2.30186e+07 -5.51614e+06 51262.5 47.9537 7.83703
1010101 FRAC0_S 0 1 -29809.2 -14311.8 7694.96 -2.23859e+07 -2.24777e+07 -9.32584e+06 56589.8 46.0277 12.4462
1010101 FRAC0_S 0 1 -30094.1 -14172.5 7810.67 -2.63655e+07 -1.35632e+07 -1.10248e+07 32558.4 32.3064 15.3319
1010101 FRAC0_S 0 1 -30353.6 -14109.5 8011.17 -2.71643e+07 -9.6958e+06 -7.12934e+06 15137.2 27.457 11.7746
1010101 FRAC0_S 0 1 -30574.8 -14134.6 8264.39 -1.62407e+07 -4.99692e+06 -4.93795e+06 5467.99 24.175 13.5401
1010101 FRAC0_S 0 1 -30769.1 -14252.7 8516.22 -1.9372e+07 3.86106e+06 -5.46461e+06 5300.07 -17.5688 13.6562
1010101 FRAC0_S 0 1 -30875.5 -14429.9 8779.57 -1.56203e+07 2.74906e+06 -397404 694.436 -19.0059 1.63692
1010101 FRAC0_S 0 1 -30859.5 -14642.7 9041.7 -8.84206e+06 -7.36101e+06 1.3656e+06 5076.4 46.3695 -5.86349
1010101 FRAC0_S 0 1 -30754.6 -14889.6 9244.56 -9.7955e+06 -1.96053e+06 -3.44631e+06 1922.15 16.8905 15.9864
1010101 FRAC0_S 0 1 -30590.2 -15154.1 9365.95 5.56304e+06 -7.17641e+06 -3.09222e+06 8618.69 49.0779 13.9759
1010101 FRAC0_S 0 1 -30381.8 -15411.3 9403.5 2.29317e+07 -6.80058e+06 -8.81002e+06 61303.9 22.523 16.1051
1010101 FRAC0_S 0 1 -30139.3 -15636.8 9353.36 -713449 -6.05292e+06 -7.12853e+06 10023.3 47.7034 31.3308
1010101 FRAC0_S 0 1 -29880.5 -15802.8 9215.16 -7.60665e+06 -5.0751e+06 -1.01045e+07 15874.7 27.7092 28.0996
1010101 FRAC0_S 0 1 -29627.3 -15884.1 9005.27 -1.21365e+07 1.22727e+06 -3.58185e+06 1840.56 -9.77217 15.0127
1010101 FRAC0_S 0 1 -29419.1 -15872.6 8741.79 -1.54721e+07 5.09719e+06 -1.69075e+06 2695.39 -28.3874 5.73405
1010101 FRAC0_S 0 1 -29259.5 -15763.7 8465.37 -2.01099e+07 6.27966e+06 2.94455e+06 4667.14 -26.7624 -7.49712
1010101 FRAC0_S 0 1 -29137.5 -15568.5 8215.72 -2.4068e+07 -4.55569e+06 3.06005e+06 3094.81 18.6829 -7.22551
1010101 FRAC0_S 0 1 -29106.1 -15324.5 7988.81 -2.21661e+07 -1.84076e+07 3.69773e+06 32012.4 46.1089 -6.28467
1010101 FRAC0_S 0 1 -29179.4 -15051.3 7807.54 -1.70379e+07 -2.04562e+07 1.84679e+06 37742.4 53.8702 -3.58885
1010101 FRAC0_S 0 1 -29330.1 -14771.5 7697.72 -499917 -2.57036e+07 -148630 58875.7 69.9576 0.438882