
Step FractureNumber TipNr TipActive TipX TipY TipZ KI KII KIII G Phi Psi Extension
1010000 FRAC0_S 0 1 -29032.6 44801 8500 -4654.56 28528.6 -711136 67.3325 -5.26314 44.3994
1010000 FRAC0_S 0 1 -29018.4 45109.8 8500 6267.83 -63589.6 -118554 2.23316 39.2769 36.0142
1010000 FRAC0_S 0 1 -29100.4 45407.7 8500 10193.5 -6103.51 -136823 2.50242 5.4693 43.349
1010000 FRAC0_S 0 1 -29270.4 45665.8 8500 9722.35 35795.9 -138492 2.67356 -24.5854 40.0123
1010000 FRAC0_S 0 1 -29511.8 45858.6 8500 13856.2 119489 -116750 3.10226 -50.9095 29.2207
1010000 FRAC0_S 0 1 -29801 45967.4 8500 16429.4 161653 -83913 3.28914 -59.7321 21.597
1010000 FRAC0_S 0 1 -30109.8 45981.6 8500 21891.2 214521 -53327.6 4.52169 -65.2822 13.2383
1010000 FRAC0_S 0 1 -30407.7 45899.6 8500 16660.4 198206 -6344.75 3.53082 -69.2429 2.21004
1010000 FRAC0_S 0 1 -30665.8 45729.6 8500 47676.2 770260 -336820 68.1601 -62.2393 19.9435
1010000 FRAC0_S 0 1 -30858.6 45488.2 8500 16334.3 168147 72901.2 3.25007 -61.5858 -19.4453
1010000 FRAC0_S 0 1 -30967.4 45199 8500 13403.8 99715.5 81915.7 1.7945 -53.28 -26.9391
1010000 FRAC0_S 0 1 -30981.6 44890.2 8500 16926.7 74916.1 151307 3.57053 -36.4899 -35.7591
1010000 FRAC0_S 0 1 -30899.6 44592.3 8500 23426.3 508733 129503 25.342 -66.2606 -14.0023
1010000 FRAC0_S 0 1 -30729.6 44334.2 8500 3462.41 750667 -485426 81.5546 -59.111 25.4849
1010000 FRAC0_S 0 1 -30488.2 44141.4 8500 3559.4 -120453 133645 3.66953 50.1506 -31.5796
1010000 FRAC0_S 0 1 -30199 44032.6 8500 -2325.85 -133089 77305.3 2.37321 60.1905 -23.9879
1010000 FRAC0_S 0 1 -29890.2 44018.4 8500 16596.1 -244999 62164.3 5.8873 65.8574 -13.76
1010000 FRAC0_S 0 1 -29592.3 44100.4 8500 -1469.2 -244800 8975.71 5.35082 69.8828 -2.70207
1010000 FRAC0_S 0 1 -29334.2 44270.4 8500 733.953 -231788 -43180.6 5.03553 68.224 11.4069
1010000 FRAC0_S 0 1 -29141.4 44511.8 8500 13815.4 -201574 -92949.5 4.7868 61.6074 20.5145
Step FractureNumber TipNr TipActive TipX TipY TipZ KI KII KIII G Phi Psi Extension
1010101 FRAC0_S 0 1 -28954.2 44787.3 8533.23 35245.5 41872.6 -235389 7.63621 -17.5018 40.0291
1010101 FRAC0_S 0 1 -28932.9 45119.3 8531.74 -61228.1 104445 -272283 10.8325 -29.4063 35.7383
1010101 FRAC0_S 0 1 -29019 45445.8 8510.19 72376.6 184759 -241840 11.2874 -42.2413 30.0526
1010101 FRAC0_S 0 1 -29206.4 45720.4 8462.17 144402 -44669 -520344 38.0467 8.5377 39.4578
1010101 FRAC0_S 0 1 -29477 45913.7 8429.2 447755 271590 -304129 36.7398 -32.2213 20.2641
1010101 FRAC0_S 0 1 -29789.4 46016.2 8414.7 616738 250171 -175749 43.5794 -29.5612 12.21
1010101 FRAC0_S 0 1 -30113.2 46022.7 8409.61 800129 251452 293787 74.1625 -23.721 -15.4592
1010101 FRAC0_S 0 1 -30424 45934.7 8408.41 512005 145707 418879 48.5881 -17.6655 -25.3526
1010101 FRAC0_S 0 1 -30695.4 45760.7 8410.39 306354 82435 497257 41.8549 -12.4193 -33.3808
1010101 FRAC0_S 0 1 -30901.8 45511.5 8413.86 -9157.67 -55583.9 419224 23.6499 15.1558 -42.8042
1010101 FRAC0_S 0 1 -31027.1 45208.5 8423.07 -133672 -167069 188327 7.20437 39.6562 -25.1425
1010101 FRAC0_S 0 1 -31045.4 44884.6 8427.35 -160525 -157590 -82032.5 3.108 44.279 14.6036
1010101 FRAC0_S 0 1 -30947.4 44573.1 8417.91 -67092.1 -62118 -174257 4.38244 25.7243 33.9081
1010101 FRAC0_S 0 1 -30765.6 44298.8 8453.4 -136736 -187566 -1131.96 3.13515 57.4368 0.270909
1010101 FRAC0_S 0 1 -30516 44092.7 8538.63 37410.4 -188509 -467584 32.3697 32.8829 37.5887
1010101 FRAC0_S 0 1 -30210.7 43984.1 8585.39 627159 -303693 35134.9 43.4323 37.0954 -2.79336
1010101 FRAC0_S 0 1 -29886.9 43978.1 8590.79 820563 -310866 -233973 75.8921 28.2458 12.3969
1010101 FRAC0_S 0 1 -29577.8 44067.7 8592.98 552624 -172041 -419366 53.2415 19.4704 24.1581
1010101 FRAC0_S 0 1 -29307.9 44243 8591.9 249675 -31427.7 -514432 40.8401 5.42146 36.6395
1010101 FRAC0_S 0 1 -29090.1 44488.2 8564.91 180095 19865.7 -387262 22.8717 -4.65608 37.0873