
Step FractureNumber TipNr TipActive TipX TipY TipZ KI KII KIII G Phi Psi Extension
1010000 FRAC0_S 0 1 -7500 -29019.2 8617.02 1.47077e+06 996872 1.32069e+06 513.296 -31.9928 -23.1817
1010000 FRAC0_S 0 1 -7500 -29103.5 8914.36 540627 1.1824e+06 1.70293e+06 536.322 -39.9802 -30.6177
1010000 FRAC0_S 0 1 -7500 -29275.4 9171.13 -147681 1.03069e+06 2.19226e+06 733.865 -36.2646 -36.7716
1010000 FRAC0_S 0 1 -7500 -29518.2 9362.22 -514464 1.00946e+06 3.22222e+06 1471.7 -26.61 -37.7448
1010000 FRAC0_S 0 1 -7500 -29808.3 9468.89 -3.49203e+06 1.2602e+07 -6.58094e+06 19911.8 -56.186 19.8582
1010000 FRAC0_S 0 1 -7500 -30117.1 9480.74 2.30253e+06 1.31698e+07 1.16306e+07 33919.2 -51.5004 -27.395
1010000 FRAC0_S 0 1 -7500 -30414.4 9396.57 -168930 -3.31267e+06 2.53661e+06 1833.65 55.8528 -27.0136
1010000 FRAC0_S 0 1 -7500 -30671.2 9224.65 -6.27527e+06 1.68849e+07 -1.14328e+07 42789.7 -51.6572 22.1741
1010000 FRAC0_S 0 1 -7500 -30862.2 8981.79 1.03335e+06 -2.20252e+06 -144270 530.203 61.5036 3.26905
1010000 FRAC0_S 0 1 -7500 -30968.9 8691.77 1.62664e+06 -1.65556e+06 -662596 538.412 46.4261 12.1704
1010000 FRAC0_S 0 1 -7500 -30980.8 8382.98 1.6861e+06 -26705 -649080 309.43 1.57399 18.9433
1010000 FRAC0_S 0 1 -7500 -30896.5 8085.64 2.69343e+06 1.02455e+06 -599347 787.769 -29.2815 10.1923
1010000 FRAC0_S 0 1 -7500 -30724.6 7828.87 -3.1396e+06 1.94419e+07 1.2312e+07 53843.3 -56.2736 -23.4134
1010000 FRAC0_S 0 1 -7500 -30481.8 7637.78 4.45711e+06 2.17068e+06 578414 2234.61 -35.8198 -6.04815
1010000 FRAC0_S 0 1 -7500 -30191.7 7531.11 -1.87377e+06 2.04433e+07 1.35848e+07 61786.2 -57.0222 -24.7893
1010000 FRAC0_S 0 1 -7500 -29882.9 7519.26 4.28897e+06 1.14136e+06 1.60237e+06 2096.78 -20.8773 -16.0588
1010000 FRAC0_S 0 1 -7500 -29585.6 7603.43 3.75695e+06 343903 1.45069e+06 1548.2 -8.40399 -18.129
1010000 FRAC0_S 0 1 -7500 -29328.8 7775.35 3.16662e+06 1.81932e+07 1.33081e+07 53943.4 -54.1919 -25.0793
1010000 FRAC0_S 0 1 -7500 -29137.8 8018.21 3.71995e+06 -120271 1.68041e+06 1609.96 3.01677 -20.6847
1010000 FRAC0_S 0 1 -7500 -29031.1 8308.23 8.15707e+06 1.96332e+07 -1.19977e+07 59422.4 -52.0381 20.5196
Step FractureNumber TipNr TipActive TipX TipY TipZ KI KII KIII G Phi Psi Extension
1010101 FRAC0_S 0 1 -7562.27 -28944.7 8627.1 -8.65327e+06 -8.03201e+06 1.12503e+07 22582.6 34.4659 -26.0603
1010101 FRAC0_S 0 1 -7560.16 -29032.8 8946.64 1.09583e+06 1.54354e+06 2.19115e+06 957.866 -37.5882 -28.5912
1010101 FRAC0_S 0 1 -7556.83 -29217.5 9226.07 550571 1.79096e+06 3.19306e+06 1668.86 -37.9733 -34.0165
1010101 FRAC0_S 0 1 -7557.95 -29479 9428.58 -891965 1.36594e+06 3.50346e+06 1798.74 -29.2574 -35.2287
1010101 FRAC0_S 0 1 -7572.3 -29793.8 9531.16 -8.1998e+06 -6.48066e+06 8.86708e+06 14199.7 33.2282 -24.6924
1010101 FRAC0_S 0 1 -7539.21 -30123.9 9538.02 -1.08026e+06 -949008 3.08118e+06 1342.91 23.584 -35.0317
1010101 FRAC0_S 0 1 -7497.8 -30438.5 9448.88 -481475 -3.46754e+06 2.45389e+06 1872.32 55.2881 -25.0463
1010101 FRAC0_S 0 1 -7496.55 -30708.5 9265.95 387966 -3.99039e+06 1.47523e+06 1721.78 62.9079 -17.5617
1010101 FRAC0_S 0 1 -7457.55 -30910.5 9008.14 3.4501e+06 -2.87509e+06 -161836 1800.77 48.2986 1.92537
1010101 FRAC0_S 0 1 -7441.12 -31038 8701.31 -4.16558e+06 3.72958e+06 3.48028e+06 2850.44 -38.3762 -20.7749
1010101 FRAC0_S 0 1 -7492.74 -31067.1 8371.26 2.4236e+06 595970 -2.35875e+06 1295.04 -14.6538 27.861
1010101 FRAC0_S 0 1 -7544.56 -30971.2 8054.95 3.375e+06 -299159 -1.19395e+06 1212.59 8.33905 17.1452
1010101 FRAC0_S 0 1 -7568.45 -30774.7 7783.16 5.74798e+06 987536 -1.21298e+06 3226.72 -16.3133 11.1347
1010101 FRAC0_S 0 1 -7571.03 -30514.4 7579.61 4.04457e+06 -1.87693e+06 302595 1783.81 35.8526 -3.71411
1010101 FRAC0_S 0 1 -7565.49 -30204.2 7463.52 4.90691e+06 -2.10085e+06 673968 2599.27 33.0525 -6.58943
1010101 FRAC0_S 0 1 -7542.44 -29869.8 7437.08 1.18762e+07 1.85517e+07 1.58616e+07 76698.8 -44.8651 -22.8528
1010101 FRAC0_S 0 1 -7536.49 -29552.2 7524.61 4.98298e+06 -759017 1.79229e+06 2691.18 13.3934 -16.6875
1010101 FRAC0_S 0 1 -7542.89 -29276.8 7719.27 4.42143e+06 -1.38154e+06 1.34743e+06 2153.57 24.4365 -13.5265
1010101 FRAC0_S 0 1 -7537.36 -29069.2 7980.14 3.84846e+06 -427683 1.36209e+06 1582.83 10.2168 -16.9174
1010101 FRAC0_S 0 1 -7551.35 -28958.1 8292.59 2.29966e+06 -759462 134891 525.068 29.3311 -3.23527