
Step FractureNumber TipNr TipActive TipX TipY TipZ KI KII KIII G Phi Psi Extension
1010000 FRAC0_S 0 1 22080.2 15894 8500 1.22735e+07 -2.36226e+06 -4.13739e+06 16197.4 16.5081 15.5875
1010000 FRAC0_S 0 1 21824.4 15720.5 8500 -443727 -673815 -3.67774e+06 1839.39 18.2901 40.4111
1010000 FRAC0_S 0 1 21634.8 15476.5 8500 -574292 1.21181e+06 -4.73836e+06 3116.98 -23.5878 39.2419
1010000 FRAC0_S 0 1 21529.9 15185.9 8500 -435918 2.39093e+06 -3.23792e+06 1903.8 -44.3132 32.2372
1010000 FRAC0_S 0 1 21520 14877 8500 -612948 5.0396e+06 -3.37605e+06 3779.07 -56.3358 24.5523
1010000 FRAC0_S 0 1 21606 14580.2 8500 -2.51203e+06 6.11364e+06 -2.1453e+06 3942.73 -56.9123 14.2264
1010000 FRAC0_S 0 1 21779.5 14324.4 8500 -494817 6.15374e+06 -602776 3422.79 -68.3962 6.25582
1010000 FRAC0_S 0 1 22023.5 14134.8 8500 -472875 6.2251e+06 689318 3516.38 -68.2675 -6.99095
1010000 FRAC0_S 0 1 22314.1 14029.9 8500 -407058 4.76792e+06 1.8011e+06 2457.19 -62.9865 -17.9385
1010000 FRAC0_S 0 1 22623 14020 8500 -1.17948e+07 5.68428e+06 3.12614e+06 4179.01 -33.294 -11.0742
1010000 FRAC0_S 0 1 22919.8 14106 8500 -561588 2.98573e+06 4.42463e+06 3398.17 -42.6151 -33.1262
1010000 FRAC0_S 0 1 23175.6 14279.5 8500 -1.53825e+07 1.48542e+06 4.6004e+06 3011.38 -9.35162 -15.1991
1010000 FRAC0_S 0 1 23365.2 14523.5 8500 2.68156e+07 -2.66588e+06 3.34512e+06 66198.6 10.9079 -7.60572
1010000 FRAC0_S 0 1 23470.1 14814.1 8500 -597514 -3.56457e+06 4.29062e+06 3580.7 46.5905 -31.0902
1010000 FRAC0_S 0 1 23480 15123 8500 -417313 -5.55156e+06 3.69118e+06 4558.46 57.3379 -24.9862
1010000 FRAC0_S 0 1 23394 15419.8 8500 -628513 -6.54242e+06 2.10863e+06 4405.55 63.9097 -16.0203
1010000 FRAC0_S 0 1 23220.5 15675.6 8500 -498379 -5.54974e+06 450872 2771.59 68.5066 -5.25247
1010000 FRAC0_S 0 1 22996.7 15854 8500 -659098 -7.1636e+06 -945232 4691.7 67.6564 8.02531
1010000 FRAC0_S 0 1 22685.9 15970.1 8500 -500440 -4.86936e+06 -1.81307e+06 2550.06 62.7382 17.5859
1010000 FRAC0_S 0 1 22377 15980 8500 -806219 -5.59795e+06 -4.00498e+06 4925.74 55.0454 25.1257
Step FractureNumber TipNr TipActive TipX TipY TipZ KI KII KIII G Phi Psi Extension
1010101 FRAC0_S 0 1 22041.7 15968.9 8542.55 1.67539e+06 -1.84744e+06 -3.46783e+06 2153.7 32.1094 30.5725
1010101 FRAC0_S 0 1 21761.7 15788 8512.79 691868 -590934 -4.28323e+06 2513.8 14.0745 40.4815
1010101 FRAC0_S 0 1 21560.9 15519.3 8470.37 1.16993e+06 1.20189e+06 -3.22987e+06 1638.15 -26.8157 34.0029
1010101 FRAC0_S 0 1 21461 15201.9 8434.26 3.11034e+06 2.44024e+06 -3.10358e+06 2673.78 -33.9106 23.7284
1010101 FRAC0_S 0 1 21462.6 14871.1 8419.97 4.24647e+06 2.37459e+06 -1.62858e+06 2462.09 -34.4981 14.1121
1010101 FRAC0_S 0 1 21560.8 14560.5 8414.06 -3.51535e+06 1.21286e+07 -820056 13197.8 -65.1461 3.80324
1010101 FRAC0_S 0 1 21749.2 14297.9 8409.35 4.048e+06 1.28232e+06 519812 1642.65 -27.324 -6.67013
1010101 FRAC0_S 0 1 22005.7 14101.2 8408.04 3.39474e+06 -798414 890135 1189.11 20.2624 -12.6467
1010101 FRAC0_S 0 1 22308 13978.8 8418.51 3.52327e+06 1.65024e+06 1.5375e+06 1663.23 -30.1934 -16.1378
1010101 FRAC0_S 0 1 22633.9 13950.7 8433.35 2.45328e+06 2.29151e+06 2.49182e+06 1830.05 -37.3128 -22.9454
1010101 FRAC0_S 0 1 22954.9 14034 8448.36 -1.59938e+07 1.33525e+07 -297400 15899 -48.8582 0.779213
1010101 FRAC0_S 0 1 23238.6 14215 8479.68 798756 -1.07814e+06 9.87127e+06 13120.2 12.2584 -42.2406
1010101 FRAC0_S 0 1 23441.9 14478.6 8523.56 1.31876e+06 -1.49736e+06 4.2213e+06 2724.74 26.619 -34.9137
1010101 FRAC0_S 0 1 23538.7 14797.6 8562.1 1.33006e+07 -8.43808e+06 8.95774e+06 32780.8 33.1949 -19.9516
1010101 FRAC0_S 0 1 23533.6 15127.8 8582.71 6.83245e+06 -3.8991e+06 2.1757e+06 6144.18 35.9041 -12.2104
1010101 FRAC0_S 0 1 23434 15437.1 8589.22 4.6666e+06 -1.72314e+06 168986 2208.95 31.9498 -1.98776
1010101 FRAC0_S 0 1 23248.4 15701 8592.1 4.02481e+06 -1.21113e+06 -691085 1637.73 25.6848 8.64608
1010101 FRAC0_S 0 1 22994.5 15899.3 8591.73 3.63943e+06 -1.03074e+06 -1.30967e+06 1503.1 22.052 15.5002
1010101 FRAC0_S 0 1 22693 16015.1 8588.06 456939 -703461 652485 119.325 43.7848 -23.7986
1010101 FRAC0_S 0 1 22365.4 16041.3 8570.31 2.2644e+07 2.10168e+07 -3.07975e+06 86313.1 -48.7979 4.99618