
Step FractureNumber TipNr TipActive TipX TipY TipZ KI KII KIII G Phi Psi Extension
1010000 FRAC0_S 0 1 15000 44049 8233.09 -8.4749e+06 2.87238e+06 1.45596e+06 1017.15 -27.8855 -8.44326
1010000 FRAC0_S 0 1 15000 44178.1 7952.3 -9.48429e+06 2.88815e+06 2.18622e+06 1378.98 -25.0184 -10.9688
1010000 FRAC0_S 0 1 15000 44387.6 7725.12 -9.15354e+06 739206 2.2525e+06 723.504 -8.26162 -13.3311
1010000 FRAC0_S 0 1 15000 44657 7573.79 -8.70984e+06 472201 2.96525e+06 1189.3 -5.33643 -17.074
1010000 FRAC0_S 0 1 15000 44960 7513.12 -1.04872e+07 -1.88859e+06 2.41953e+06 1096.43 16.7301 -11.8731
1010000 FRAC0_S 0 1 15000 45266.9 7549.06 -9.0814e+06 -2.19719e+06 1.63688e+06 786.545 21.791 -9.35548
1010000 FRAC0_S 0 1 15000 45547.7 7678.08 -9.01503e+06 -2.78675e+06 1.1449e+06 866.363 26.8915 -6.63962
1010000 FRAC0_S 0 1 15000 45774.9 7887.55 -9.93841e+06 -3.67424e+06 550563 1243.3 31.608 -2.98221
1010000 FRAC0_S 0 1 15000 45926.2 8156.97 -9.0981e+06 -3.2457e+06 -55591.9 939.149 31.8504 0.349045
1010000 FRAC0_S 0 1 15000 45986.8 8459.98 -9.17965e+06 -3.25442e+06 -675095 1004.4 30.4416 3.92932
1010000 FRAC0_S 0 1 15000 45951 8766.91 -1.04407e+07 -3.29049e+06 -1.51578e+06 1270.4 26.9536 7.42822
1010000 FRAC0_S 0 1 15000 45821.9 9047.7 -9.56603e+06 -2.4138e+06 -1.8356e+06 967.328 22.3236 9.781
1010000 FRAC0_S 0 1 15000 45638.3 9254.46 -1.02235e+07 -1.69799e+06 -2.49325e+06 1083.68 15.52 12.504
1010000 FRAC0_S 0 1 15000 45343 9426.21 -9.95014e+06 -358453 -2.53359e+06 865.19 3.85317 14.1039
1010000 FRAC0_S 0 1 15000 45040 9486.88 -9.49009e+06 105942 -2.75456e+06 1010.15 -1.19575 15.7549
1010000 FRAC0_S 0 1 15000 44733.1 9450.94 -8.21101e+06 1.61134e+06 -2.02191e+06 775.089 -17.7506 12.3536
1010000 FRAC0_S 0 1 15000 44452.3 9321.92 -1.01261e+07 3.11085e+06 -1.87621e+06 1330.54 -25.8513 9.17464
1010000 FRAC0_S 0 1 15000 44225.1 9112.45 -1.02542e+07 4.14561e+06 -1.15617e+06 1709.24 -32.338 5.6149
1010000 FRAC0_S 0 1 15000 44073.8 8843.03 -9.68571e+06 2.59018e+06 709047 664.705 -25.1412 -4.16082
1010000 FRAC0_S 0 1 15000 44013.2 8540.02 -9.99194e+06 3.76016e+06 790124 1342.94 -31.5195 -4.14057
Step FractureNumber TipNr TipActive TipX TipY TipZ KI KII KIII G Phi Psi Extension
1010101 FRAC0_S 0 1 14953 43966.3 8209.46 -7.36892e+06 6.24958e+06 1.20213e+06 3672.59 -46.5883 -6.1096
1010101 FRAC0_S 0 1 14963.6 44103.7 7901.8 -8.5136e+06 4.64774e+06 1.88027e+06 2395.12 -36.5756 -9.23468
1010101 FRAC0_S 0 1 14979.9 44329.3 7650.4 -9.10298e+06 2.58789e+06 2.31253e+06 1308.04 -23.482 -11.981
1010101 FRAC0_S 0 1 14999 44623.3 7483.77 -1.02046e+07 -282143 2.49877e+06 837.528 3.00881 -13.7875
1010101 FRAC0_S 0 1 15021.4 44955.7 7419.59 -8.88298e+06 -3.24378e+06 2.13916e+06 1546.24 28.214 -10.954
1010101 FRAC0_S 0 1 15037.1 45290.9 7461.88 -7.59058e+06 -5.12458e+06 1.32525e+06 2573.73 41.7732 -7.06829
1010101 FRAC0_S 0 1 15045 45595.4 7605.41 -6.84391e+06 -6.02478e+06 859314 3332.72 47.9591 -4.75316
1010101 FRAC0_S 0 1 15050.7 45840.5 7835.22 -6.46476e+06 -5.25147e+06 40786.9 2457.69 48.5676 -0.270197
1010101 FRAC0_S 0 1 15052.1 46004.2 8128.16 -6.41732e+06 -6.92801e+06 -41446.8 4277.27 53.7054 0.24118
1010101 FRAC0_S 0 1 15049.8 46071.3 8456.88 -7.19363e+06 -7.2588e+06 -785901 4777.37 50.8055 3.93499
1010101 FRAC0_S 0 1 15044.9 46034.6 8790.9 -7.79676e+06 -6.66639e+06 -1.17932e+06 4145.08 46.9505 5.693
1010101 FRAC0_S 0 1 15037.1 45896.8 9098.27 -8.19268e+06 -5.3653e+06 -1.65385e+06 2928.95 40.6707 8.0902
1010101 FRAC0_S 0 1 15024.6 45670.2 9348.89 -9.3044e+06 -3.83712e+06 -2.31041e+06 2021.96 30.4491 10.925
1010101 FRAC0_S 0 1 15009.5 45376.3 9516.86 -1.10301e+07 -1.79025e+06 -3.00126e+06 1483.6 14.9451 13.6086
1010101 FRAC0_S 0 1 14993 45044.3 9583.14 -1.17542e+07 1.75854e+06 -3.18856e+06 1627.76 -13.965 13.6887
1010101 FRAC0_S 0 1 14973.4 44708.8 9540.49 -9.45884e+06 4.79101e+06 -2.47367e+06 2859.25 -34.3626 10.8154
1010101 FRAC0_S 0 1 14957.3 44404.4 9395.39 -8.08303e+06 6.91458e+06 -1.66232e+06 4627.99 -46.0477 7.45425
1010101 FRAC0_S 0 1 14951.8 44158.3 9165.22 -7.46684e+06 7.34062e+06 -634772 4855.25 -50.7327 3.15053
1010101 FRAC0_S 0 1 14952.3 43993.4 8872.7 -7.39412e+06 6.83902e+06 54636.1 4168.26 -50.9745 -0.297788
1010101 FRAC0_S 0 1 14951.6 43928 8543.64 -7.29143e+06 4.6032e+06 832271 1980.32 -41.4793 -4.95966