
Step FractureNumber TipNr TipActive TipX TipY TipZ KI KII KIII G Phi Psi Extension
1010000 FRAC0_S 0 1 45000 984.872 8574.53 -1.35925e+06 845693 -2.70356e+06 1035.86 -22.0429 32.9505
1010000 FRAC0_S 0 1 45000 913.64 8875.22 -1.53015e+06 1.62809e+06 -1.93202e+06 732.651 -37.6172 24.8511
1010000 FRAC0_S 0 1 45000 752.975 9139.18 -1.89149e+06 1.84321e+06 -1.15411e+06 479.894 -42.8332 16.5745
1010000 FRAC0_S 0 1 45000 518.603 9340.58 -2.20246e+06 2.31311e+06 -680933 538.45 -48.4482 9.65424
1010000 FRAC0_S 0 1 45000 233.466 9459.7 -2.47529e+06 2.53445e+06 -153212 575.512 -51.8566 2.28561
1010000 FRAC0_S 0 1 45000 -74.5244 9484.87 -2.67437e+06 2.70285e+06 445822 677.418 -49.9016 -5.77838
1010000 FRAC0_S 0 1 45000 -375.22 9413.64 -2.58728e+06 2.41028e+06 1.01126e+06 653.693 -44.8943 -12.1924
1010000 FRAC0_S 0 1 45000 -639.186 9252.98 -1.85068e+06 1.49032e+06 1.20694e+06 391.658 -38.3601 -18.3757
1010000 FRAC0_S 0 1 45000 -840.583 9018.61 -2.15333e+06 1.25184e+06 1.95059e+06 645.686 -28.8989 -24.0307
1010000 FRAC0_S 0 1 45000 -959.699 8733.46 -1.49869e+06 414091 2.37792e+06 767.328 -12.8593 -33.0922
1010000 FRAC0_S 0 1 45000 -984.872 8425.47 -1.09644e+06 -776209 2.56293e+06 927.311 22.3558 -34.0517
1010000 FRAC0_S 0 1 45000 -913.64 8124.78 -438221 -1.84858e+06 2.28665e+06 999.935 45.1515 -30.7492
1010000 FRAC0_S 0 1 45000 -752.975 7860.82 -782479 -2.75092e+06 1.68026e+06 1049.84 54.3812 -21.7103
1010000 FRAC0_S 0 1 45000 -518.603 7659.42 423727 -3.61608e+06 1.16196e+06 1360.78 63.4952 -15.7769
1010000 FRAC0_S 0 1 45000 -233.466 7540.3 -188961 -3.41068e+06 314696 1049.77 68.8411 -6.05756
1010000 FRAC0_S 0 1 45000 74.5244 7515.13 676581 -3.86737e+06 -486438 1405.04 66.2583 7.23402
1010000 FRAC0_S 0 1 45000 375.22 7586.36 584956 -2.88712e+06 -1.07758e+06 927.702 60.6528 16.623
1010000 FRAC0_S 0 1 45000 639.186 7747.02 196135 -2.59425e+06 -1.81978e+06 1043.6 56.6153 25.6473
1010000 FRAC0_S 0 1 45000 840.583 7981.39 -593756 -1.66469e+06 -2.46143e+06 1052.74 40.67 31.7024
1010000 FRAC0_S 0 1 45000 959.699 8266.54 -296389 -409763 -2.37028e+06 762.185 17.4053 40.5069
Step FractureNumber TipNr TipActive TipX TipY TipZ KI KII KIII G Phi Psi Extension
1010101 FRAC0_S 0 1 44973.4 1072.59 8579.91 -367433 642691 -1.95067e+06 542.889 -27.0911 37.065
1010101 FRAC0_S 0 1 44943.1 987.361 8903.88 -674629 2.55319e+06 -2.04946e+06 1139.53 -51.3482 25.3147
1010101 FRAC0_S 0 1 44932.1 807.953 9184.55 -105466 3.13987e+06 -1.40309e+06 1140.35 -62.6276 20.537
1010101 FRAC0_S 0 1 44926 553.642 9395.67 290275 3.77994e+06 -864149 1380.02 -66.1685 12.6479
1010101 FRAC0_S 0 1 44922.9 248.257 9519.87 430080 3.72396e+06 -183499 1256.73 -68.5993 3.24072
1010101 FRAC0_S 0 1 44924.5 -80.0325 9548.37 125689 3.73713e+06 401454 1267.37 -68.9303 -7.05071
1010101 FRAC0_S 0 1 44930.1 -402.577 9477.41 -326526 2.55323e+06 779998 661.823 -63.6009 -15.125
1010101 FRAC0_S 0 1 44939.3 -689.912 9310.74 -665721 2.72574e+06 1.46416e+06 947.175 -56.5315 -20.5195
1010101 FRAC0_S 0 1 44954.8 -914.205 9062.29 -1.2043e+06 2.14721e+06 2.09818e+06 996.356 -44.294 -25.139
1010101 FRAC0_S 0 1 44986.3 -1048.74 8754.73 -1.35747e+06 550411 2.36959e+06 773.787 -16.8557 -33.0825
1010101 FRAC0_S 0 1 45031.2 -1070.97 8421.05 -234580 -932984 2.47844e+06 894.541 31.2412 -37.7732
1010101 FRAC0_S 0 1 45065.3 -980.414 8100.22 314528 -1.84918e+06 1.68817e+06 692.564 51.0773 -27.8465
1010101 FRAC0_S 0 1 45080.7 -797.341 7825.78 2.54381e+06 -1.40182e+06 1.62839e+06 1104.41 30.7814 -19.9705
1010101 FRAC0_S 0 1 45088.4 -543.551 7622.24 2.59177e+06 -478065 637221 672.949 16.8903 -12.4326
1010101 FRAC0_S 0 1 45091.9 -242.83 7503.23 3.60486e+06 -128390 246206 1167.52 4.44399 -4.69949
1010101 FRAC0_S 0 1 45090.9 78.5648 7474.95 3.79569e+06 -267155 -361222 1307.55 8.19889 6.14865
1010101 FRAC0_S 0 1 45087.4 394.19 7543.17 2.84276e+06 -599370 -976210 878.884 17.7035 15.6227
1010101 FRAC0_S 0 1 45079.8 677.782 7704.76 2.50383e+06 -912108 -1.65876e+06 998.729 22.9017 21.9699
1010101 FRAC0_S 0 1 45060.9 904.943 7945.36 1.2533e+06 -1.19286e+06 -2.1749e+06 895.879 31.4747 29.4008
1010101 FRAC0_S 0 1 45021.9 1045.31 8247.05 -106115 -624294 -2.70345e+06 1006.78 23.139 40.9544