
Step FractureNumber TipNr TipActive TipX TipY TipZ KI KII KIII G Phi Psi Extension
1010000 FRAC0_S 0 1 15000 -29019.2 8617.02 1.30141e+07 -3.20402e+06 5.54431e+06 20095.3 19.0945 -17.7298
1010000 FRAC0_S 0 1 15000 -29103.5 8914.36 2.85613e+07 -2.88415e+07 -1.38174e+07 172208 45.2152 13.8906
1010000 FRAC0_S 0 1 15000 -29275.4 9171.13 9.24775e+06 -1.38067e+06 6.51241e+06 13431.4 10.8226 -24.8714
1010000 FRAC0_S 0 1 15000 -29518.2 9362.22 7.4399e+06 -2.49371e+06 7.83196e+06 13644.7 18.2722 -27.9728
1010000 FRAC0_S 0 1 15000 -29808.3 9468.89 5.2788e+06 -3.5354e+06 6.6862e+06 9542.71 28.2902 -27.5056
1010000 FRAC0_S 0 1 15000 -30117.1 9480.74 1.10914e+07 -2.35301e+07 -3.77228e+06 62192 59.5087 7.34512
1010000 FRAC0_S 0 1 15000 -30414.4 9396.57 6.23657e+06 -9.29503e+06 4.20023e+06 13511.2 50.4161 -15.1082
1010000 FRAC0_S 0 1 15000 -30671.2 9224.65 6.13016e+06 -8.33607e+06 1.04959e+06 9687.44 55.0112 -5.12543
1010000 FRAC0_S 0 1 15000 -30862.2 8981.79 9.08274e+06 -7.54751e+06 -2.1838e+06 13061.7 44.8976 8.60907
1010000 FRAC0_S 0 1 15000 -30968.9 8691.77 1.15695e+07 -258998 -3.91648e+06 13973.8 2.28399 17.3602
1010000 FRAC0_S 0 1 15000 -30980.8 8382.98 1.42948e+07 5.89674e+06 -3.4246e+06 22867.1 -30.5926 10.6169
1010000 FRAC0_S 0 1 15000 -30896.5 8085.64 1.78891e+07 1.14995e+07 -848096 40396.5 -43.1195 2.16182
1010000 FRAC0_S 0 1 15000 -30724.6 7828.87 1.47671e+07 1.06651e+07 3.19704e+06 30927 -42.4393 -8.29879
1010000 FRAC0_S 0 1 15000 -30481.8 7637.78 2.12734e+07 1.35562e+07 7.90949e+06 65023.7 -37.3634 -13.3048
1010000 FRAC0_S 0 1 15000 -30191.7 7531.11 3.85535e+06 -1.92958e+07 -7.37482e+06 41736.3 60.526 16.9181
1010000 FRAC0_S 0 1 15000 -29882.9 7519.26 2.00574e+07 4.41572e+06 1.22956e+07 57693.5 -15.8037 -22.3932
1010000 FRAC0_S 0 1 15000 -29585.6 7603.43 2.92749e+07 -1.69998e+07 2.29327e+07 172067 30.1654 -22.2228
1010000 FRAC0_S 0 1 15000 -29328.8 7775.35 1.44437e+07 -2.76808e+07 -8.77946e+06 97120 55.4307 12.4711
1010000 FRAC0_S 0 1 15000 -29137.8 8018.21 1.85622e+07 -6.0579e+06 1.0313e+07 48119 22.1729 -20.1512
1010000 FRAC0_S 0 1 15000 -29031.1 8308.23 1.86228e+07 -1.77138e+07 -4.02981e+06 61024.7 47.9558 7.45792
Step FractureNumber TipNr TipActive TipX TipY TipZ KI KII KIII G Phi Psi Extension
1010101 FRAC0_S 0 1 15052.7 -28939.9 8626.76 1.09642e+07 2.03992e+06 5.40435e+06 14967.5 -14.6544 -20.055
1010101 FRAC0_S 0 1 15048.4 -29030 8948.62 7.17078e+06 3.04417e+06 5.33754e+06 9196.91 -24.7211 -22.8824
1010101 FRAC0_S 0 1 15035 -29211.8 9232.61 1.47955e+07 -2.15625e+07 2.26959e+07 129446 41.7861 -25.1031
1010101 FRAC0_S 0 1 15032.3 -29472.8 9441.94 8.16681e+06 -830541 9.70655e+06 18535.7 6.07863 -31.5913
1010101 FRAC0_S 0 1 15053.1 -29789.6 9545.4 8.95657e+06 253356 7.3921e+06 14421.7 -2.12018 -28.1875
1010101 FRAC0_S 0 1 15074.2 -30122.4 9541.98 6.85304e+06 -732247 5.38515e+06 8089.74 7.68061 -26.696
1010101 FRAC0_S 0 1 15080.5 -30438.9 9448.6 1.08382e+07 -1.03201e+06 3.49471e+06 12186.8 9.08752 -16.0337
1010101 FRAC0_S 0 1 15077.9 -30712.8 9268.78 1.13058e+07 844177 943075 11571.9 -8.73556 -5.44704
1010101 FRAC0_S 0 1 15056.8 -30927.3 9014.43 2.74905e+07 -2.39525e+07 -2.20242e+07 182981 38.2035 20.4174
1010101 FRAC0_S 0 1 15006.9 -31054.7 8707.56 8.46562e+06 12335.3 -1.41988e+06 6654.38 -0.174367 10.5103
1010101 FRAC0_S 0 1 14958.5 -31064.6 8375.07 1.92135e+07 2.88822e+06 562552 33681.1 -16.7041 -1.91571
1010101 FRAC0_S 0 1 14936.9 -30976.9 8080.77 2.09269e+07 -3.25048e+06 1.42002e+07 66784.8 11.3555 -24.343
1010101 FRAC0_S 0 1 14934 -30778 7778.79 1.0783e+07 -1.21066e+07 1.01371e+07 37089.2 41.9137 -20.8321
1010101 FRAC0_S 0 1 14974.5 -30517.1 7578.49 2.49632e+07 -1.15909e+07 1.75371e+07 108406 26.7856 -21.8199
1010101 FRAC0_S 0 1 15021.5 -30203.4 7465.74 1.96843e+07 1.23312e+07 1.23464e+07 68351.2 -33.5069 -19.1522
1010101 FRAC0_S 0 1 15020.7 -29870.6 7439.81 1.97882e+07 4.50077e+06 1.51909e+07 67389.8 -15.0505 -25.1268
1010101 FRAC0_S 0 1 15038.9 -29555 7529.89 2.24148e+07 -1.84897e+07 -4.0077e+06 77371.3 45.7721 6.69748
1010101 FRAC0_S 0 1 15063.2 -29280.3 7723.62 2.77997e+07 2.39806e+06 1.31662e+07 92434.3 -7.52802 -20.6403
1010101 FRAC0_S 0 1 15058 -29071.3 7981.97 1.73317e+07 4.08672e+06 1.01872e+07 42058.4 -16.9322 -21.7127
1010101 FRAC0_S 0 1 15054.8 -28954.6 8293.24 1.52568e+07 3.27797e+06 9.93083e+06 34816.2 -15.1935 -23.1955