
Step FractureNumber TipNr TipActive TipX TipY TipZ KI KII KIII G Phi Psi Extension
1010000 FRAC0_S 0 1 14542.6 -44196.1 8153.45 1.86457e+06 4.31381e+06 -1.68832e+06 2347.15 -55.7217 15.2201
1010000 FRAC0_S 0 1 14359.7 -44255.2 8395.44 1.77386e+06 4.31131e+06 -611723 1986.48 -61.1174 6.84952
1010000 FRAC0_S 0 1 14239.6 -44387.2 8647.66 1.75646e+06 4.57322e+06 498054 2171.59 -62.3678 -5.51417
1010000 FRAC0_S 0 1 14193.8 -44579.2 8885.42 1.8721e+06 4.19988e+06 1.56897e+06 2211.52 -55.8032 -14.6249
1010000 FRAC0_S 0 1 14227 -44812.4 9085.46 1.64423e+06 3.04012e+06 2.26611e+06 1747.48 -47.8436 -21.923
1010000 FRAC0_S 0 1 14335.8 -45064 9228.19 1.89748e+06 1.53779e+06 2.9223e+06 1667.36 -29.7682 -28.8808
1010000 FRAC0_S 0 1 14509.6 -45309.2 9299.64 453410 266102 2.2382e+06 690.899 -12.029 -40.1279
1010000 FRAC0_S 0 1 14731.4 -45524.3 9292.81 1.17984e+06 -568982 2.6819e+06 1109.5 16.8241 -35.1224
1010000 FRAC0_S 0 1 14979.6 -45688 9208.38 903361 -1.6042e+06 1.82917e+06 747.041 42.2091 -27.0285
1010000 FRAC0_S 0 1 15229.8 -45784.3 9054.61 1.21779e+06 -3.09565e+06 1.88741e+06 1459.89 52.446 -20.6843
1010000 FRAC0_S 0 1 15457.4 -45803.9 8846.55 1.17552e+06 -3.94246e+06 1.23305e+06 1710.39 59.9323 -13.8998
1010000 FRAC0_S 0 1 15640.3 -45744.8 8604.56 846529 -2.80351e+06 244447 772.181 64.5068 -4.76585
1010000 FRAC0_S 0 1 15760.4 -45612.8 8352.34 1.25867e+06 -4.17534e+06 -458491 1722.63 64.0554 5.86933
1010000 FRAC0_S 0 1 15806.2 -45420.8 8114.58 1.31096e+06 -3.99594e+06 -1.3353e+06 1813.15 58.8894 14.3469
1010000 FRAC0_S 0 1 15773 -45187.6 7914.54 1.47294e+06 -3.18833e+06 -1.98849e+06 1625.07 51.0331 20.3736
1010000 FRAC0_S 0 1 15664.2 -44936 7771.81 1.52576e+06 -2.44861e+06 -2.84126e+06 1815.4 41.262 26.7813
1010000 FRAC0_S 0 1 15490.4 -44690.8 7700.36 1.54412e+06 -1.00161e+06 -2.93342e+06 1446.32 23.2534 32.3007
1010000 FRAC0_S 0 1 15268.6 -44475.7 7707.19 1.64074e+06 403544 -3.03119e+06 1476.42 -10.6887 34.8131
1010000 FRAC0_S 0 1 15020.4 -44312 7791.62 1.25653e+06 1.25285e+06 -2.09414e+06 863.825 -32.9165 28.6533
1010000 FRAC0_S 0 1 14770.2 -44215.7 7945.39 1.80698e+06 3.17421e+06 -2.39711e+06 1953.03 -47.2737 21.8579
Step FractureNumber TipNr TipActive TipX TipY TipZ KI KII KIII G Phi Psi Extension
1010101 FRAC0_S 0 1 14470.7 -44197.7 8085.67 4.43067e+06 334167 -1.34047e+06 1998.24 -7.45304 15.5347
1010101 FRAC0_S 0 1 14278.6 -44268.3 8339.68 5.06104e+06 114999 -414562 2306.51 -2.8502 5.60252
1010101 FRAC0_S 0 1 14152.2 -44407.9 8605.18 5.14246e+06 113488 445236 2384.02 -2.75911 -5.89017
1010101 FRAC0_S 0 1 14101.4 -44604.2 8860.71 3.27649e+06 224114 1.0526e+06 1108.47 -6.72136 -16.2682
1010101 FRAC0_S 0 1 14134.1 -44841.9 9086.33 4.02295e+06 515270 2.19372e+06 2105.88 -10.3056 -21.9134
1010101 FRAC0_S 0 1 14253.3 -45099.3 9261.89 2.98395e+06 424080 2.69119e+06 1772.71 -9.39582 -27.9916
1010101 FRAC0_S 0 1 14455.2 -45347.7 9365.44 1.00238e+06 186982 2.16852e+06 718.083 -7.57878 -36.6095
1010101 FRAC0_S 0 1 14721 -45555.2 9379.35 2.57858e+06 -550205 2.80667e+06 1667.17 12.3762 -29.5047
1010101 FRAC0_S 0 1 15010.9 -45703.5 9297.72 3.19538e+06 -746979 2.44358e+06 1753.73 15.4184 -25.0148
1010101 FRAC0_S 0 1 15287.3 -45786.5 9134.47 4.03772e+06 -806601 1.9608e+06 2022.1 15.6106 -19.7349
1010101 FRAC0_S 0 1 15528.9 -45795.1 8914.48 4.63429e+06 -467169 919485 2045.68 10.4413 -11.1421
1010101 FRAC0_S 0 1 15719.9 -45726.4 8661.13 4.13435e+06 -216891 174959 1531.41 6.54793 -2.96577
1010101 FRAC0_S 0 1 15846.2 -45588.6 8396.52 4.22139e+06 -200198 -475766 1621.63 5.60605 7.26608
1010101 FRAC0_S 0 1 15896.9 -45392.6 8142.46 4.47308e+06 -650884 -1.17013e+06 2002.81 13.7291 13.3603
1010101 FRAC0_S 0 1 15865.1 -45153.5 7921.32 2.94279e+06 -309035 -1.37681e+06 1032.32 9.03519 20.2817
1010101 FRAC0_S 0 1 15749.2 -44893.4 7752.15 2.39734e+06 -247540 -1.88083e+06 988.086 7.44808 26.7163
1010101 FRAC0_S 0 1 15550.7 -44643.9 7647.84 3.22473e+06 -999.17 -2.79762e+06 1967.59 0.0232217 29.1091
1010101 FRAC0_S 0 1 15286.2 -44435.4 7626.6 2.80238e+06 717584 -2.58054e+06 1631.37 -15.4993 27.0896
1010101 FRAC0_S 0 1 14995.1 -44285.2 7703.31 2.82683e+06 303477 -2.40522e+06 1489.7 -7.4649 27.6612
1010101 FRAC0_S 0 1 14703.4 -44201.6 7874.24 3.4279e+06 702561 -1.98391e+06 1614.55 -15.1622 21.8342