
Step FractureNumber TipNr TipActive TipX TipY TipZ KI KII KIII G Phi Psi Extension
1010000 FRAC0_S 0 1 -30000 29254 7852.75 -7.75007e+06 -5.0217e+06 -2.85241e+06 3329.25 37.7657 13.1401
1010000 FRAC0_S 0 1 -30000 29487.6 7655.6 -7.23449e+06 -2.87128e+06 -3.36824e+06 2243.54 26.6549 17.4363
1010000 FRAC0_S 0 1 -30000 29773.6 7538.6 -7.2981e+06 -1.22434e+06 -3.79692e+06 2050.98 13.2223 20.9054
1010000 FRAC0_S 0 1 -30000 30081.8 7515.7 -7.05197e+06 717867 -3.54162e+06 1714.15 -8.60299 21.1868
1010000 FRAC0_S 0 1 -30000 30382 7589.16 -7.05633e+06 2.45517e+06 -3.1949e+06 1894.72 -24.4378 17.526
1010000 FRAC0_S 0 1 -30000 30644.7 7751.78 -5.37251e+06 2.86932e+06 -1.86558e+06 1196.53 -34.1023 13.2726
1010000 FRAC0_S 0 1 -30000 30844.5 7987.64 -7.37699e+06 4.75958e+06 -1.66976e+06 2389.48 -39.9443 8.95077
1010000 FRAC0_S 0 1 -30000 30961.5 8273.65 -6.69426e+06 6.01686e+06 -658262 3283.64 -48.8287 3.76045
1010000 FRAC0_S 0 1 -30000 30984.3 8581.81 -7.4072e+06 5.21995e+06 426932 2452.3 -44.7891 -2.51568
1010000 FRAC0_S 0 1 -30000 30910.8 8881.97 -6.42821e+06 4.20202e+06 1.28839e+06 1794.18 -40.6574 -8.04609
1010000 FRAC0_S 0 1 -30000 30748.2 9144.74 -6.8452e+06 3.10804e+06 1.81831e+06 1300.53 -32.0843 -11.261
1010000 FRAC0_S 0 1 -30000 30512.4 9344.4 -7.84625e+06 3.05983e+06 3.25557e+06 2243.93 -26.9812 -16.1871
1010000 FRAC0_S 0 1 -30000 30226.4 9461.4 -6.74483e+06 1.35097e+06 2.33656e+06 888.753 -16.9558 -15.8145
1010000 FRAC0_S 0 1 -30000 29918.2 9484.3 -7.77834e+06 -12064.5 3.8607e+06 1982.38 0.144893 -22.2226
1010000 FRAC0_S 0 1 -30000 29618 9410.84 -7.32268e+06 -851285 3.3421e+06 1550.14 9.96651 -19.8572
1010000 FRAC0_S 0 1 -30000 29355.3 9248.22 -7.3585e+06 -3.36858e+06 3.19442e+06 2368.33 29.7773 -16.1603
1010000 FRAC0_S 0 1 -30000 29155.5 9012.36 -7.31714e+06 -4.72594e+06 2.44426e+06 2784.82 38.2206 -12.2206
1010000 FRAC0_S 0 1 -30000 29038.5 8726.35 -7.70812e+06 -5.89628e+06 1.41439e+06 3364.08 44.174 -7.05296
1010000 FRAC0_S 0 1 -30000 29015.7 8418.19 -6.64647e+06 -6.85925e+06 -93324.6 4193.72 52.8061 0.533728
1010000 FRAC0_S 0 1 -30000 29089.2 8118.03 -7.44187e+06 -5.57533e+06 -1.3256e+06 3003.63 43.8436 6.92707
Step FractureNumber TipNr TipActive TipX TipY TipZ KI KII KIII G Phi Psi Extension
1010101 FRAC0_S 0 1 -29940.8 29193.6 7803.38 -2.76877e+06 -7.23727e+06 -2.1787e+06 5298.73 58.4593 12.8918
1010101 FRAC0_S 0 1 -29956.5 29443.9 7580.81 -4.64816e+06 -5.38402e+06 -3.24055e+06 3979.74 45.272 17.0766
1010101 FRAC0_S 0 1 -29981.1 29752.9 7447.48 -6.01762e+06 -2.25014e+06 -3.65252e+06 2225.52 23.9329 20.8018
1010101 FRAC0_S 0 1 -30012.1 30089.1 7421.76 -6.45305e+06 1.70947e+06 -3.7166e+06 2097.55 -18.6972 21.1734
1010101 FRAC0_S 0 1 -30038.5 30415.2 7506.87 -4.88104e+06 4.49004e+06 -2.8735e+06 2894.68 -41.9248 16.4873
1010101 FRAC0_S 0 1 -30054.4 30697 7689.48 -4.26586e+06 7.24146e+06 -2.52286e+06 5519.34 -53.6112 12.9587
1010101 FRAC0_S 0 1 -30064.9 30906.7 7948.3 -2.35372e+06 6.84266e+06 -1.27809e+06 4389.56 -61.5845 9.02618
1010101 FRAC0_S 0 1 -30071.3 31027.5 8257.64 -1.45997e+06 7.18874e+06 -459120 4633.07 -66.8922 3.84807
1010101 FRAC0_S 0 1 -30070.4 31053.2 8588.32 -1.61122e+06 7.79038e+06 357210 5425.06 -67.152 -2.81089
1010101 FRAC0_S 0 1 -30064.2 30990.3 8884.78 -2.63182e+06 7.33475e+06 1.25107e+06 5002.16 -61.613 -8.28864
1010101 FRAC0_S 0 1 -30054.2 30809.4 9198.78 -3.76493e+06 6.53376e+06 2.12778e+06 4406.26 -54.259 -12.3884
1010101 FRAC0_S 0 1 -30043.2 30557 9419.6 -5.46349e+06 5.62879e+06 2.99386e+06 4015.41 -44.7662 -15.0874
1010101 FRAC0_S 0 1 -30025.9 30246.8 9551.91 -6.68904e+06 3.1385e+06 3.69194e+06 2690.6 -28.7281 -18.8395
1010101 FRAC0_S 0 1 -30002.8 29910 9580.11 -7.43924e+06 -229920 3.82096e+06 1946.47 2.7734 -22.2891
1010101 FRAC0_S 0 1 -29978.8 29582.7 9497.61 -6.76673e+06 -3.26721e+06 3.76418e+06 2835.7 29.2254 -18.8228
1010101 FRAC0_S 0 1 -29955.3 29300.6 9313.99 -4.68248e+06 -6.09487e+06 3.13358e+06 4616.17 47.9016 -15.8958
1010101 FRAC0_S 0 1 -29939.2 29090.4 9053.29 -2.72573e+06 -6.94907e+06 1.94195e+06 4804.64 58.6986 -12.1169
1010101 FRAC0_S 0 1 -29929.8 28971.9 8743.51 -1.32452e+06 -7.15915e+06 1.05539e+06 4715.33 65.6428 -8.22586
1010101 FRAC0_S 0 1 -29925.4 28951.5 8412.82 -838750 -5.8751e+06 -153189 3078.91 68.5394 1.72359
1010101 FRAC0_S 0 1 -29930.1 29025.9 8089.93 -1.81163e+06 -5.23705e+06 -377096 2462.9 63.9187 3.87589