
Step FractureNumber TipNr TipActive TipX TipY TipZ KI KII KIII G Phi Psi Extension
1010000 FRAC0_S 0 1 29640.5 44080 8500 76677.1 293347 45988.3 8.47334 -63.914 -8.21927
1010000 FRAC0_S 0 1 29942.3 44014 8500 75855.2 245881 104414 7.3501 -57.4739 -17.1303
1010000 FRAC0_S 0 1 30249.8 44044.5 8500 72346 186853 164710 7.18581 -48.1095 -25.3249
1010000 FRAC0_S 0 1 30532.9 44168.4 8500 59772.5 82588.8 144320 3.69632 -34.5225 -30.9033
1010000 FRAC0_S 0 1 30763.8 44373.8 8500 31317.4 -102260 54637.5 1.41627 55.4008 -19.8619
1010000 FRAC0_S 0 1 30920 44640.5 8500 18772.2 29852.5 47226 0.407444 -36.8127 -30.4199
1010000 FRAC0_S 0 1 30986 44942.3 8500 86313.7 -151391 171020 6.59615 42.2521 -26.8594
1010000 FRAC0_S 0 1 30955.5 45249.8 8500 68460.8 -209509 123863 6.36956 53.9648 -20.9076
1010000 FRAC0_S 0 1 30831.6 45532.9 8500 82834.6 -252081 86221.8 7.26268 58.7199 -14.5861
1010000 FRAC0_S 0 1 30626.2 45763.8 8500 62193 -260119 18495.4 6.41952 66.0762 -4.13583
1010000 FRAC0_S 0 1 30359.5 45920 8500 62878.9 -256159 -41609.1 6.42976 64.1242 8.55987
1010000 FRAC0_S 0 1 30057.7 45986 8500 56603.7 -236131 -90969.7 6.35471 59.6457 16.6376
1010000 FRAC0_S 0 1 29750.2 45955.5 8500 62229.7 -193734 -140857 6.32845 51.6653 23.5292
1010000 FRAC0_S 0 1 29467.1 45831.6 8500 66551.3 -116176 -171514 5.50986 38.385 30.0296
1010000 FRAC0_S 0 1 29236.2 45626.2 8500 56529 -26698.3 -151981 3.42032 14.9894 36.622
1010000 FRAC0_S 0 1 29080 45359.5 8500 73125.3 57232.7 -191945 5.66848 -22.6531 34.7482
1010000 FRAC0_S 0 1 29014 45057.7 8500 75300.4 41730 -260594 9.69234 -14.6161 38.1115
1010000 FRAC0_S 0 1 29041.3 44762.1 8500 78193.6 222849 -136517 7.44891 -53.1449 21.1235
1010000 FRAC0_S 0 1 29168.4 44467.1 8500 75167 276510 -81886.5 8.20843 -60.8148 13.5546
1010000 FRAC0_S 0 1 29373.8 44236.2 8500 76096.6 313791 -22295.2 9.35631 -66.0113 4.12251
Step FractureNumber TipNr TipActive TipX TipY TipZ KI KII KIII G Phi Psi Extension
1010101 FRAC0_S 0 1 29625.3 44038.3 8411.18 1.01151e+06 321854 103494 101.829 -27.8475 -5.44697
1010101 FRAC0_S 0 1 29941 43960.7 8416.78 878291 386183 190772 86.8691 -32.2226 -9.65811
1010101 FRAC0_S 0 1 30268.6 43981.4 8427.53 673760 382548 331043 68.0678 -33.2813 -16.7331
1010101 FRAC0_S 0 1 30570.4 44108.6 8473.63 399487 259992 463886 48.8648 -28.6521 -26.5823
1010101 FRAC0_S 0 1 30796.9 44338.5 8526.99 218088 31405.3 389682 24.5225 -6.70978 -35.288
1010101 FRAC0_S 0 1 30949.3 44630.4 8537.39 308488 -143880 229348 17.3207 26.4296 -22.5063
1010101 FRAC0_S 0 1 31037.2 44943.9 8553.83 268374 -154992 119709 10.4647 34.254 -15.59
1010101 FRAC0_S 0 1 31013.4 45263.2 8578.6 713155 -323403 204305 60.192 31.7329 -11.9479
1010101 FRAC0_S 0 1 30874.1 45558.5 8585.8 849960 -353073 137738 78.0076 32.0128 -7.66469
1010101 FRAC0_S 0 1 30654 45796.6 8589.56 1.00155e+06 -329949 22556.8 99.1559 29.9579 -1.29022
1010101 FRAC0_S 0 1 30374.7 45960.7 8589.41 1.25807e+06 -479185 -4788.88 161.502 33.2134 0.214173
1010101 FRAC0_S 0 1 30059.2 46036.4 8585.25 900889 -387944 -118398 87.5973 33.2751 6.32896
1010101 FRAC0_S 0 1 29732.4 46014.7 8576.32 534841 -310160 -128176 36.2477 37.5089 9.70085
1010101 FRAC0_S 0 1 29423.4 45894.9 8557.12 417993 -330934 -357572 42.3333 35.61 21.76
1010101 FRAC0_S 0 1 29166.8 45681.8 8518.82 252852 -118454 -512621 41.8972 17.5041 34.1362
1010101 FRAC0_S 0 1 28994.3 45393.1 8480.9 122459 100470 -519559 38.138 -17.6625 38.4222
1010101 FRAC0_S 0 1 28929.7 45065.1 8457.75 223469 136350 -448706 32.8845 -21.6189 33.1239
1010101 FRAC0_S 0 1 28981 44737.4 8431.86 665037 354585 -276640 60.7933 -33.0584 15.1433
1010101 FRAC0_S 0 1 29127 44442.3 8413.5 865553 317449 -212173 81.7269 -28.2307 11.0988
1010101 FRAC0_S 0 1 29346.7 44203.6 8410.04 953317 308698 -69162.1 90.1122 -28.7014 3.96346