
Step FractureNumber TipNr TipActive TipX TipY TipZ KI KII KIII G Phi Psi Extension
1010000 FRAC0_S 0 1 7500 8486.75 8543.02 -1.28357e+06 -432856 -386212 36.5343 25.8543 13.2137
1010000 FRAC0_S 0 1 7500 8425.17 8845.84 -1.34323e+06 6.43603e+06 -5.11196e+06 7166.74 -52.4479 25.7414
1010000 FRAC0_S 0 1 7500 8273.02 9114.8 -1.68553e+07 -5.48888e+06 -4.65697e+06 5569.11 25.5669 12.4712
1010000 FRAC0_S 0 1 7500 8045.2 9323.58 -1.26639e+07 227451 -348708 20.7825 -2.38439 2.03142
1010000 FRAC0_S 0 1 7500 7764.01 9451.74 -1.60403e+07 1.09303e+06 -541926 145.52 -8.38982 2.36047
1010000 FRAC0_S 0 1 7500 7456.98 9486.75 -1.52726e+07 684355 -57111.4 42.1677 -5.85501 0.277754
1010000 FRAC0_S 0 1 7500 7154.16 9425.17 -1.39048e+07 450703 -98806.7 19.3997 -4.29731 0.53165
1010000 FRAC0_S 0 1 7500 6885.2 9273.02 -1.16411e+07 548438 7550.03 26.8104 -6.15354 -0.0482697
1010000 FRAC0_S 0 1 7500 6676.42 9045.2 -7.9678e+06 345612 158229 13.9738 -5.59498 -1.44533
1010000 FRAC0_S 0 1 7500 6548.26 8764.01 -4.37411e+06 327154 251295 17.9363 -8.94262 -3.8728
1010000 FRAC0_S 0 1 7500 6513.25 8456.98 -38966.2 468892 435021 44.761 -52.3104 -28.9626
1010000 FRAC0_S 0 1 7500 6574.83 8154.16 1.89834e+06 2.85983e+06 -1.45118e+06 1330.01 -49.631 16.4268
1010000 FRAC0_S 0 1 7500 6726.98 7885.2 6.51505e+06 291634 474615 3819.9 -5.49505 -4.94404
1010000 FRAC0_S 0 1 7500 6954.8 7676.42 1.14388e+07 -155995 511271 11696.6 1.79237 -3.23529
1010000 FRAC0_S 0 1 7500 7235.99 7548.26 2.15535e+07 -9.63105e+06 -4.46337e+06 52311.6 32.7145 9.2488
1010000 FRAC0_S 0 1 7500 7543.02 7513.25 1.33395e+07 -750036 459015 15934.7 7.03149 -2.42809
1010000 FRAC0_S 0 1 7500 7845.84 7574.83 1.36696e+07 -464757 639320 16724.6 4.3349 -3.31359
1010000 FRAC0_S 0 1 7500 8114.8 7726.98 8.40475e+06 -439433 184977 6316.47 6.64775 -1.5841
1010000 FRAC0_S 0 1 7500 8323.58 7954.8 6.82853e+06 -583259 -106661 4186.93 10.4395 1.09991
1010000 FRAC0_S 0 1 7500 8451.74 8235.99 -1.05289e+06 -7.06239e+06 -4.72403e+06 7412.66 55.8288 24.2315
Step FractureNumber TipNr TipActive TipX TipY TipZ KI KII KIII G Phi Psi Extension
1010101 FRAC0_S 0 1 7522.67 8559.51 8546.56 -1.13998e+06 -1.03199e+06 -718315 163.527 41.0635 17.3469
1010101 FRAC0_S 0 1 7482.05 8493.83 8871.52 -1.17459e+07 -5.26859e+06 4.79716e+06 5534.21 29.7327 -15.5587
1010101 FRAC0_S 0 1 7500.72 8336.37 9169.04 -1.10562e+07 -260317 341086 21.5117 3.09132 -2.25392
1010101 FRAC0_S 0 1 7505.06 8097.03 9403.12 -1.52556e+07 -685714 -1.20251e+06 234.22 5.48769 5.30873
1010101 FRAC0_S 0 1 7489.11 7789.93 9545.09 -1.69408e+07 2.13396e+06 -274989 415.844 -14.5883 1.10183
1010101 FRAC0_S 0 1 7489.37 7452.7 9583.63 -1.77966e+07 2.21809e+06 -39140.2 438.619 -14.6286 0.152111
1010101 FRAC0_S 0 1 7491.02 7120.15 9516.16 -1.64179e+07 1.87542e+06 -16274.1 313.453 -13.6055 0.0693026
1010101 FRAC0_S 0 1 7490.33 6824.78 9349 -1.32388e+07 1.46249e+06 227012 197.45 -13.0436 -1.1785
1010101 FRAC0_S 0 1 7488.56 6595.66 9098.71 -7.80776e+06 1.16299e+06 138912 123.092 -16.7323 -1.18174
1010101 FRAC0_S 0 1 7470.01 6464.64 8790.28 -4.76016e+06 2.08131e+06 -196532 391.148 -35.2797 2.15238
1010101 FRAC0_S 0 1 7437.5 6443.75 8456.58 -233366 670050 304522 52.341 -56.1199 -17.5666
1010101 FRAC0_S 0 1 7439.73 6509.76 8126.67 4.49226e+06 -2.28354e+06 497454 2295.86 37.0548 -5.18044
1010101 FRAC0_S 0 1 7476.95 6659.08 7827.71 9.93483e+06 -864941 -1.08252e+06 9017.75 9.82003 6.83218
1010101 FRAC0_S 0 1 7508.57 6864.81 7622.54 1.30541e+07 3.11829e+06 -631498 16104.8 -23.5692 2.88467
1010101 FRAC0_S 0 1 7530.86 7212.03 7462.08 1.42405e+07 4.2109e+06 414551 19673.6 -27.7609 -1.698
1010101 FRAC0_S 0 1 7521.52 7548.28 7420.06 1.53179e+07 3.54181e+06 1.41798e+06 22294 -22.3175 -5.29303
1010101 FRAC0_S 0 1 7509.74 7879.83 7483.91 1.50631e+07 642749 465215 20284.5 -5.45396 -2.21661
1010101 FRAC0_S 0 1 7512.21 8174.95 7651.2 1.27408e+07 481152 239944 14493.2 -4.91444 -1.37979
1010101 FRAC0_S 0 1 7532.64 8393.57 7904.48 8.37394e+06 1.53562e+06 -550578 6499.09 -19.0443 4.01417
1010101 FRAC0_S 0 1 7556.8 8521.79 8215.89 3.46287e+06 1.38501e+06 -330299 1254 -32.4381 4.8411