
Step FractureNumber TipNr TipActive TipX TipY TipZ KI KII KIII G Phi Psi Extension
1010000 FRAC0_S 0 1 -15132.4 -44244.9 7877.25 1.70471e+06 242930 -501027 297.604 -13.2003 14.5781
1010000 FRAC0_S 0 1 -15371.7 -44194.3 8066.07 1.87092e+06 622525 -391098 366.791 -26.9537 9.96894
1010000 FRAC0_S 0 1 -15574.7 -44222.7 8297.36 1.90902e+06 834797 -248684 395.073 -33.6074 6.2541
1010000 FRAC0_S 0 1 -15721.4 -44327.1 8548.49 1.30097e+06 609853 53966.2 184.35 -36.7107 -2.1175
1010000 FRAC0_S 0 1 -15797.5 -44497.4 8794.88 1.67633e+06 734085 289642 309.585 -32.8886 -7.98751
1010000 FRAC0_S 0 1 -15795.5 -44716.9 9012.39 1.61678e+06 505570 468667 284.92 -24.6523 -13.0291
1010000 FRAC0_S 0 1 -15705.6 -44985.9 9191.51 1.52406e+06 386279 437590 245.746 -21.138 -13.3908
1010000 FRAC0_S 0 1 -15565.8 -45214.8 9280.58 1.62543e+06 -72910.4 668918 295.414 4.24554 -19.4056
1010000 FRAC0_S 0 1 -15360.5 -45444.5 9304.99 1.09338e+06 -276583 407978 135.484 20.0848 -16.1608
1010000 FRAC0_S 0 1 -15119.9 -45630.7 9250.6 1.49461e+06 -563413 443859 253.548 27.9775 -12.7993
1010000 FRAC0_S 0 1 -14867.6 -45755.1 9122.75 1.36678e+06 -663702 287735 216.73 34.3441 -9.1729
1010000 FRAC0_S 0 1 -14628.3 -45805.7 8933.93 1.45128e+06 -800165 190889 249.586 38.3536 -5.89477
1010000 FRAC0_S 0 1 -14425.3 -45777.3 8702.64 1.38521e+06 -730778 38846.8 218.774 39.4279 -1.39544
1010000 FRAC0_S 0 1 -14278.6 -45672.9 8451.51 1.39725e+06 -702026 -57408.7 218.325 38.1546 2.0529
1010000 FRAC0_S 0 1 -14202.5 -45502.6 8205.12 1.50919e+06 -725383 -10183.5 249.864 37.9307 0.353173
1010000 FRAC0_S 0 1 -14204.5 -45283.1 7987.61 1.55064e+06 -600842 -324565 260.445 29.8507 9.65735
1010000 FRAC0_S 0 1 -14284.4 -45035.9 7820.25 1.65585e+06 -586612 -315453 288.225 28.425 9.1174
1010000 FRAC0_S 0 1 -14434.2 -44785.2 7719.42 1.62942e+06 -446681 -426469 278.556 22.7584 12.3339
1010000 FRAC0_S 0 1 -14639.5 -44555.5 7695.01 1.61689e+06 -302751 -471678 270.72 16.6026 14.1013
1010000 FRAC0_S 0 1 -14880.1 -44369.3 7749.4 1.78443e+06 -80002.9 -533783 322.207 4.59241 15.7261
Step FractureNumber TipNr TipActive TipX TipY TipZ KI KII KIII G Phi Psi Extension
1010101 FRAC0_S 0 1 -15156.2 -44185.6 7805.85 1.84361e+06 -157309 -499606 338.278 8.53041 14.2671
1010101 FRAC0_S 0 1 -15428.2 -44147.4 8002.5 1.08022e+06 -83487.2 -193469 109.579 8.34728 10.4485
1010101 FRAC0_S 0 1 -15653 -44189.3 8248.86 1.87155e+06 -182113 -253745 323.646 10.6135 8.17855
1010101 FRAC0_S 0 1 -15820.1 -44314.8 8535.73 1.27006e+06 -162312 -82059 146.983 14.2007 4.12951
1010101 FRAC0_S 0 1 -15894.7 -44486.2 8789.85 1.80137e+06 -121432 238610 298.041 7.64451 -8.20867
1010101 FRAC0_S 0 1 -15891 -44717.4 9033.19 1.91913e+06 -87795.3 488727 360.652 4.83847 -14.0093
1010101 FRAC0_S 0 1 -15797.4 -44976.6 9227.98 1.53192e+06 -101318 513072 245.047 6.4528 -16.7601
1010101 FRAC0_S 0 1 -15617.9 -45233.5 9357.06 1.23428e+06 -21217.7 439987 161.541 1.74104 -18.0191
1010101 FRAC0_S 0 1 -15376.9 -45467.4 9397.5 811467 16630.7 323458 72.6168 -2.00728 -19.3056
1010101 FRAC0_S 0 1 -15104.5 -45658.6 9342.95 1.01689e+06 74738 334766 107.548 -7.14333 -16.4884
1010101 FRAC0_S 0 1 -14825.4 -45784.8 9206.17 1.57787e+06 152688 308828 236.617 -10.0894 -11.0549
1010101 FRAC0_S 0 1 -14564.3 -45833.4 9003.35 1.55107e+06 222339 281474 229.325 -14.3285 -10.0651
1010101 FRAC0_S 0 1 -14344.9 -45800.9 8754.42 1.45668e+06 182734 110624 193.688 -13.8552 -4.79869
1010101 FRAC0_S 0 1 -14186.9 -45689.1 8483.53 713829 65087.9 -31536.9 45.916 -10.792 2.98522
1010101 FRAC0_S 0 1 -14105 -45508.5 8214.99 1.56015e+06 158290 -97111.7 220.388 -11.6739 4.07771
1010101 FRAC0_S 0 1 -14107.6 -45276.2 7974.21 1.55927e+06 120205 -178418 222.176 -8.76492 7.18619
1010101 FRAC0_S 0 1 -14195.3 -45012.2 7787.03 1.57432e+06 83202.7 -278981 231.827 -5.88593 10.5521
1010101 FRAC0_S 0 1 -14361 -44743 7670.49 1.57947e+06 80148.9 -365715 240.666 -5.43061 13.0085
1010101 FRAC0_S 0 1 -14590.8 -44498 7633.79 1.6673e+06 24299.9 -454171 275.202 -1.57646 15.031
1010101 FRAC0_S 0 1 -14865.4 -44305 7679.79 1.78584e+06 -47612.2 -480373 315.086 2.85117 14.7712