
Step FractureNumber TipNr TipActive TipX TipY TipZ KI KII KIII G Phi Psi Extension
1010000 FRAC0_S 0 1 -44463.4 -44170.8 8500 59024.6 202417 33155.8 4.10773 -63.1464 -8.36061
1010000 FRAC0_S 0 1 -44745.9 -44045.6 8500 46000.9 135956 58894.5 2.29699 -56.7226 -17.0999
1010000 FRAC0_S 0 1 -45053.3 -44013.7 8500 15539.8 758113 344010 66.9757 -62.7557 -20.8816
1010000 FRAC0_S 0 1 -45355.5 -44078.5 8500 54558.1 73322.3 123120 2.76041 -34.9234 -30.3203
1010000 FRAC0_S 0 1 -45638.4 -44246.2 8500 13889.4 605907 875788 134.743 -45.2291 -34.3595
1010000 FRAC0_S 0 1 -45829.2 -44463.4 8500 53483.2 -47467.4 125384 2.54659 26.2823 -33.0828
1010000 FRAC0_S 0 1 -45954.4 -44745.9 8500 50221.8 -98889.5 106009 2.59083 43.7492 -26.7132
1010000 FRAC0_S 0 1 -45986.3 -45053.3 8500 54513.5 -155743 93559.3 3.59043 53.3724 -20.8905
1010000 FRAC0_S 0 1 -45921.5 -45355.5 8500 47878.2 -170090 47932.9 3.08784 60.9115 -12.9884
1010000 FRAC0_S 0 1 -45766.5 -45622.8 8500 10053.8 832250 -605365 110.47 -57.3497 26.8464
1010000 FRAC0_S 0 1 -45536.6 -45829.2 8500 -44658.5 -382251 -280069 23.4528 55.2319 25.7208
1010000 FRAC0_S 0 1 -45254.1 -45954.4 8500 46429.6 -157205 -63512.4 2.9308 58.1444 16.6788
1010000 FRAC0_S 0 1 -44946.7 -45986.3 8500 54362.8 -159593 -119040 4.41766 51.0184 23.6664
1010000 FRAC0_S 0 1 -44644.5 -45921.5 8500 86226.3 -902363 -326258 87.3782 63.1109 17.3226
1010000 FRAC0_S 0 1 -44377.2 -45766.5 8500 95907.7 -40186.6 165284 4.59697 17.4233 -32.8518
1010000 FRAC0_S 0 1 -44170.8 -45536.6 8500 110933 -238108 -20787.5 6.20617 61.1202 4.28001
1010000 FRAC0_S 0 1 -44045.6 -45254.1 8500 77293.9 -21676.5 -178178 4.79664 10.5216 36.5065
1010000 FRAC0_S 0 1 -44013.7 -44946.7 8500 55322.6 144201 -88268.8 3.16194 -52.5741 20.819
1010000 FRAC0_S 0 1 -44078.5 -44644.5 8500 62992.7 187140 -56860.5 3.90435 -59.3306 13.3149
1010000 FRAC0_S 0 1 -44233.5 -44377.2 8500 68859.6 245531 -13883.5 5.82022 -65.5528 3.23977
Step FractureNumber TipNr TipActive TipX TipY TipZ KI KII KIII G Phi Psi Extension
1010101 FRAC0_S 0 1 -44439.5 -44132.1 8411.73 350137 187629 -330084 28.5527 -26.996 24.8932
1010101 FRAC0_S 0 1 -44733.3 -43998.1 8413.67 112763 268541 154832 10.7476 -52.5617 -19.7735
1010101 FRAC0_S 0 1 -45058.4 -43958.5 8420.34 413141 169451 35670.9 17.9377 -33.1124 -4.39039
1010101 FRAC0_S 0 1 -45382 -44015.1 8431.4 269775 137168 170847 12.044 -29.2911 -20.1786
1010101 FRAC0_S 0 1 -45671.2 -44174.8 8461.26 130750 -140984 -162278 6.79701 38.0911 24.5508
1010101 FRAC0_S 0 1 -45895.4 -44420.7 8521.68 49777.2 120727 80715.8 2.38608 -51.113 -21.6544
1010101 FRAC0_S 0 1 -46023 -44725.3 8565.71 -9879.24 118366 65935.1 1.82669 -59.3294 -22.6805
1010101 FRAC0_S 0 1 -46044.9 -45054.7 8579.26 -57984.6 107123 169922 4.86275 -37.6073 -31.0717
1010101 FRAC0_S 0 1 -45969.6 -45373.6 8542.71 22240.7 40362.3 53877.6 0.575321 -40.107 -29.0183
1010101 FRAC0_S 0 1 -45806.6 -45656.2 8500.28 103833 269106 54798.8 7.81326 -60.3723 -9.45121
1010101 FRAC0_S 0 1 -45565.9 -45874.4 8541.26 221332 -168600 17109.7 6.93729 45.9794 -3.22037
1010101 FRAC0_S 0 1 -45267.7 -46007.6 8582.44 879196 -494839 -87841.4 91.727 39.3689 4.56772
1010101 FRAC0_S 0 1 -44944.3 -46041 8582.4 326016 -142692 -122944 13.2959 29.6931 14.7832
1010101 FRAC0_S 0 1 -44620.6 -45976.8 8571.52 246144 -107295 -125758 8.52816 27.8374 18.1971
1010101 FRAC0_S 0 1 -44332.9 -45820.7 8559.16 94887.2 -18773.6 -293589 12.2976 6.30503 39.0804
1010101 FRAC0_S 0 1 -44111.7 -45574.5 8555.83 21915.4 56336.3 -256874 9.10153 -21.5565 40.3988
1010101 FRAC0_S 0 1 -43972.7 -45272.5 8511.16 264375 -269369 -428307 37.0925 33.7115 28.185
1010101 FRAC0_S 0 1 -43947.8 -44946.8 8443.35 -76902.7 212194 -640802 58.6256 -28.3017 38.0798
1010101 FRAC0_S 0 1 -44031.5 -44628.1 8414.38 -53690.9 -77849.4 -169381 4.35583 31.5335 33.4489
1010101 FRAC0_S 0 1 -44199.3 -44350.1 8410.68 194693 -1911.37 -292981 14.7945 0.545501 34.8595