
Step FractureNumber TipNr TipActive TipX TipY TipZ KI KII KIII G Phi Psi Extension
1010000 FRAC0_S 0 1 -29200.9 29694.3 8006.53 2.35429e+06 1.78259e+06 1.5702e+06 1104.98 -36.8994 -18.9623
1010000 FRAC0_S 0 1 -29273.5 29939.9 7833.58 2.09525e+06 440983 1.49348e+06 705.183 -14.4823 -24.3753
1010000 FRAC0_S 0 1 -29417.2 30191.4 7725.86 2.83802e+06 172874 2.24742e+06 1392.15 -4.52704 -27.3092
1010000 FRAC0_S 0 1 -29618 30424.1 7693.92 2.43536e+06 -886019 1.32191e+06 830.874 24.1656 -19.5313
1010000 FRAC0_S 0 1 -29856.2 30615.3 7740.88 1.99617e+06 -1.05132e+06 759876 530.362 33.3207 -14.2528
1010000 FRAC0_S 0 1 -30108.5 30746.3 7862.16 2.6264e+06 -1.44579e+06 712339 868.435 35.9134 -10.8814
1010000 FRAC0_S 0 1 -30350.1 30804.2 8045.87 2.33568e+06 -1.27131e+06 376788 649.037 37.5484 -7.08207
1010000 FRAC0_S 0 1 -30557.4 30783.4 8274.03 2.71919e+06 -1.47494e+06 279643 863.136 38.5476 -4.74661
1010000 FRAC0_S 0 1 -30710.2 30685.9 8524.31 2.65263e+06 -1.34415e+06 157266 791.307 37.9715 -2.90567
1010000 FRAC0_S 0 1 -30793.5 30521.4 8772.21 1.83078e+06 -904217 24302.6 371.611 38.3607 -0.684426
1010000 FRAC0_S 0 1 -30799.1 30305.7 8993.47 2.83419e+06 -1.50456e+06 -148323 920.429 39.0731 2.54228
1010000 FRAC0_S 0 1 -30726.5 30060.1 9166.42 2.92636e+06 -1.50063e+06 -423380 987.607 36.6135 6.55704
1010000 FRAC0_S 0 1 -30582.8 29808.6 9274.14 3.15782e+06 -1.47303e+06 -786772 1164.27 32.8905 10.6315
1010000 FRAC0_S 0 1 -30382 29575.9 9306.08 3.60896e+06 -1.12027e+06 -1.19222e+06 1461.5 23.9809 14.3667
1010000 FRAC0_S 0 1 -30143.8 29384.7 9259.12 3.34673e+06 -333880 -1.59838e+06 1347.81 8.57457 20.5916
1010000 FRAC0_S 0 1 -29891.5 29253.7 9137.84 3.50864e+06 843973 -1.76412e+06 1574.38 -17.9842 19.751
1010000 FRAC0_S 0 1 -29649.9 29195.8 8954.13 3.32385e+06 2.09805e+06 -1.53968e+06 1692.02 -35.8347 15.6369
1010000 FRAC0_S 0 1 -29442.6 29216.6 8725.97 3.45192e+06 3.25342e+06 -878168 2107.58 -47.1781 8.58987
1010000 FRAC0_S 0 1 -29289.8 29314.1 8475.69 3.21721e+06 2.03845e+06 289202 1303.73 -42.0074 -3.97845
1010000 FRAC0_S 0 1 -29206.5 29478.6 8227.79 2.73512e+06 1.00443e+06 745029 830.344 -27.8448 -12.0475
Step FractureNumber TipNr TipActive TipX TipY TipZ KI KII KIII G Phi Psi Extension
1010101 FRAC0_S 0 1 -29160.7 29641.1 7936.45 3.4232e+06 -309343 1.95351e+06 1560.3 7.40935 -22.9027
1010101 FRAC0_S 0 1 -29224 29918.6 7754.37 3.52922e+06 -912367 2.19534e+06 1825.07 17.9227 -22.19
1010101 FRAC0_S 0 1 -29361.2 30209.3 7651.87 3.54387e+06 -1.11481e+06 1.92021e+06 1720.28 21.7133 -19.9549
1010101 FRAC0_S 0 1 -29564 30480.1 7639.71 3.40339e+06 -461135 1.32913e+06 1286.07 11.8785 -17.8001
1010101 FRAC0_S 0 1 -29813.2 30696.6 7707.32 3.43397e+06 -209067 1.02921e+06 1195.57 6.12435 -15.5807
1010101 FRAC0_S 0 1 -30083.2 30839.7 7844.5 3.45417e+06 -123891 570276 1107.82 4.11868 -10.0991
1010101 FRAC0_S 0 1 -30342.4 30902.3 8045.14 3.43855e+06 -3262.77 169201 1057.41 0.126441 -3.58238
1010101 FRAC0_S 0 1 -30565.1 30879.9 8292.12 3.57969e+06 168147 -162325 1147.89 -5.89091 3.1812
1010101 FRAC0_S 0 1 -30729.7 30774.8 8561.92 3.25645e+06 398475 -378155 978.131 -13.1489 7.02342
1010101 FRAC0_S 0 1 -30819 30597.6 8829.09 3.38721e+06 391029 -487832 1067.65 -12.2443 8.48791
1010101 FRAC0_S 0 1 -30825.3 30365 9067.57 3.3596e+06 811799 -523331 1100.93 -22.1154 8.28476
1010101 FRAC0_S 0 1 -30750 30098.6 9253.81 3.7721e+06 808613 -463567 1354.77 -20.6436 6.88946
1010101 FRAC0_S 0 1 -30601 29822.1 9369.38 3.58774e+06 636232 -828544 1274.39 -16.5194 11.9035
1010101 FRAC0_S 0 1 -30393.9 29558.6 9400.54 3.87469e+06 440114 -1.21997e+06 1553.03 -10.6899 15.5894
1010101 FRAC0_S 0 1 -30151.5 29331.9 9336.83 3.98278e+06 253555 -1.80706e+06 1853.55 -5.75059 20.3726
1010101 FRAC0_S 0 1 -29898 29170.7 9181.66 4.55129e+06 489711 -1.75718e+06 2277.88 -9.72173 17.9565
1010101 FRAC0_S 0 1 -29655.3 29099.4 8960.07 5.43167e+06 1.92067e+06 -2.33844e+06 3685.03 -24.9977 16.9003
1010101 FRAC0_S 0 1 -29442.2 29120.9 8703.33 6.19663e+06 839375 -75030.9 3485.2 -15.55 0.819329
1010101 FRAC0_S 0 1 -29272.3 29226.5 8435.93 5.25006e+06 737696 851538 2601.09 -14.2862 -9.19996
1010101 FRAC0_S 0 1 -29173.2 29404.5 8173.35 4.54889e+06 619829 1.7208e+06 2271.97 -12.0288 -17.4234