
Step FractureNumber TipNr TipActive TipX TipY TipZ KI KII KIII G Phi Psi Extension
1010000 FRAC0_S 0 1 -29946.5 -44329.9 7776.37 1.73817e+06 1.06511e+06 -87707 371.338 -42.0778 2.336
1010000 FRAC0_S 0 1 -30197.8 -44224.1 7921.78 2.12491e+06 1.36703e+06 190416 573.703 -42.3261 -3.94517
1010000 FRAC0_S 0 1 -30419.1 -44193.7 8112.75 2.2516e+06 1.28465e+06 517888 634.493 -37.3337 -9.42545
1010000 FRAC0_S 0 1 -30619.5 -44243.1 8362.64 2.12387e+06 942734 752870 556.543 -30.2907 -14.0927
1010000 FRAC0_S 0 1 -30748.8 -44366.2 8614.93 1.47405e+06 354485 667734 264.117 -18.4693 -18.5032
1010000 FRAC0_S 0 1 -30804.7 -44551.3 8855.97 2.13873e+06 124846 1.02693e+06 549.253 -5.211 -21.1287
1010000 FRAC0_S 0 1 -30781.8 -44780.3 9062.16 2.0897e+06 -369703 1.03962e+06 545.059 14.0108 -20.262
1010000 FRAC0_S 0 1 -30696.7 -45004.2 9200.89 2.05984e+06 -837128 897456 547.657 27.4798 -16.6025
1010000 FRAC0_S 0 1 -30516.3 -45278.4 9294.67 1.6653e+06 -1.24737e+06 607100 434.791 40.8231 -12.4719
1010000 FRAC0_S 0 1 -30299.6 -45498.6 9298.22 1.50718e+06 -1.09168e+06 284113 319.355 42.976 -7.36631
1010000 FRAC0_S 0 1 -30049.1 -45672.6 9221.64 2.03323e+06 -1.57267e+06 45223.2 589.05 47.3156 -0.961053
1010000 FRAC0_S 0 1 -29802.2 -45775.9 9078.22 1.73466e+06 -1.28019e+06 -235129 421.532 44.2856 5.47039
1010000 FRAC0_S 0 1 -29570.3 -45805.9 8876.2 1.98008e+06 -1.22488e+06 -533302 520.896 38.3573 10.4559
1010000 FRAC0_S 0 1 -29380.5 -45756.9 8637.36 2.00465e+06 -960129 -744278 513.922 31.5498 14.3231
1010000 FRAC0_S 0 1 -29251.2 -45633.8 8385.07 2.02087e+06 -590413 -892263 500.865 21.6047 17.7243
1010000 FRAC0_S 0 1 -29195.3 -45448.7 8144.03 1.86451e+06 -82790.2 -1.12199e+06 477.821 3.72539 24.1033
1010000 FRAC0_S 0 1 -29218.2 -45219.7 7937.84 2.25441e+06 395469 -1.0256e+06 606.723 -14.2531 19.1956
1010000 FRAC0_S 0 1 -29317.5 -44969.1 7786.67 2.07916e+06 665040 -830436 516.344 -23.6233 16.3395
1010000 FRAC0_S 0 1 -29483.7 -44721.6 7705.33 2.18285e+06 710226 -547426 509.4 -25.9174 11.5753
1010000 FRAC0_S 0 1 -29700.4 -44501.4 7701.78 2.34186e+06 873829 -280267 567.194 -30.6202 6.04109
Step FractureNumber TipNr TipActive TipX TipY TipZ KI KII KIII G Phi Psi Extension
1010101 FRAC0_S 0 1 -29978.1 -44315.8 7684.56 2.72792e+06 -50984.3 -54063.8 663.737 2.49688 1.47652
1010101 FRAC0_S 0 1 -30250.7 -44204 7841.12 2.87178e+06 -372882 207493 753.019 14.3053 -4.569
1010101 FRAC0_S 0 1 -30498.7 -44165.2 8060.34 2.58525e+06 -287834 439737 628.668 11.6355 -9.77213
1010101 FRAC0_S 0 1 -30701.1 -44206.5 8323.94 2.57136e+06 -175884 715546 660.04 6.93036 -14.7087
1010101 FRAC0_S 0 1 -30836.3 -44325.7 8608.68 2.35587e+06 -149500 885594 600.87 6.03622 -18.1199
1010101 FRAC0_S 0 1 -30886.1 -44511.8 8886.78 1.76579e+06 -29193.5 1.12563e+06 446.438 1.3924 -25.1601
1010101 FRAC0_S 0 1 -30843.5 -44746.6 9127.1 2.60402e+06 170312 1.02884e+06 747.614 -6.12905 -18.6857
1010101 FRAC0_S 0 1 -30716 -45005.9 9300.64 2.33817e+06 160095 753007 564.864 -6.72397 -16.295
1010101 FRAC0_S 0 1 -30521.5 -45263.6 9391.27 2.43206e+06 46973.8 629075 579.907 -2.09987 -14.4352
1010101 FRAC0_S 0 1 -30281.8 -45494.2 9395.14 2.44467e+06 55382.7 288350 543.89 -2.75304 -7.71313
1010101 FRAC0_S 0 1 -30016.2 -45675.3 9314.86 2.46049e+06 357177 39702.7 551.053 -16.4065 -1.07743
1010101 FRAC0_S 0 1 -29747.8 -45791.9 9158.77 2.59307e+06 268634 -193448 610.585 -11.7687 4.80655
1010101 FRAC0_S 0 1 -29500.8 -45832.7 8940.11 2.52967e+06 261876 -521638 612.537 -10.6284 11.4625
1010101 FRAC0_S 0 1 -29307.7 -45795.5 8692.51 1.90806e+06 211548 -618453 379.281 -10.3988 15.9344
1010101 FRAC0_S 0 1 -29163.2 -45672.1 8392.75 2.29259e+06 125502 -825184 560.324 -5.31263 17.7093
1010101 FRAC0_S 0 1 -29114.3 -45488 8113.2 1.98505e+06 -3675.42 -740351 424.032 0.18842 18.7314
1010101 FRAC0_S 0 1 -29155.7 -45253 7872.77 2.33747e+06 -121502 -859036 586.336 5.0328 17.9823
1010101 FRAC0_S 0 1 -29276.4 -44988.2 7700.28 2.36683e+06 -756.418 -722362 568.586 0.0342677 16.4311
1010101 FRAC0_S 0 1 -29463.6 -44723.1 7609.48 2.03279e+06 -38546.1 -475037 398.367 2.10324 13.4028
1010101 FRAC0_S 0 1 -29705.3 -44491.4 7604.65 2.52957e+06 -9904.47 -301300 582.275 0.487264 7.90164