
Step FractureNumber TipNr TipActive TipX TipY TipZ KI KII KIII G Phi Psi Extension
1010000 FRAC0_S 0 1 -14013.8 30054.3 8500 -916106 3.36637e+06 7.28551e+06 8069.3 -34.813 -36.035
1010000 FRAC0_S 0 1 -14078.8 30356.4 8500 -921045 15497 7.3538e+06 7192.44 -0.261455 -43.2232
1010000 FRAC0_S 0 1 -14234 30623.6 8500 9.118e+06 -2.74202e+06 7.13262e+06 14844.7 18.7531 -24.6385
1010000 FRAC0_S 0 1 -14464.3 30829.8 8500 -955207 -6.63218e+06 6.3674e+06 9311.89 50.7255 -28.7199
1010000 FRAC0_S 0 1 -14746.9 30954.7 8500 -2.4354e+07 -1.04624e+07 4.58011e+06 12544.2 32.2425 -8.622
1010000 FRAC0_S 0 1 -15054.3 30986.2 8500 -1.04786e+06 -1.11503e+07 2.53335e+06 11932.5 65.8632 -12.4376
1010000 FRAC0_S 0 1 -15356.4 30921.2 8500 -1.04372e+06 -1.17468e+07 71997 12296.8 69.4733 -0.435564
1010000 FRAC0_S 0 1 -15623.6 30766 8500 -1.40517e+06 -1.18548e+07 -2.51251e+06 13362.9 65.6813 11.5878
1010000 FRAC0_S 0 1 -15829.8 30535.7 8500 1.80817e+07 -8.29049e+06 -3.49864e+06 36887.1 33.4641 8.6831
1010000 FRAC0_S 0 1 -15954.7 30253.1 8500 -1.17017e+06 -7.69876e+06 -7.29212e+06 12353.9 50.8074 28.4762
1010000 FRAC0_S 0 1 -15986.2 29945.7 8500 -896142 -3.39291e+06 -7.30903e+06 8130.94 34.9651 36.0493
1010000 FRAC0_S 0 1 -15921.2 29643.6 8500 1.30488e+07 -561917 -6.47415e+06 20775.6 3.86201 21.7137
1010000 FRAC0_S 0 1 -15766 29376.4 8500 -1.02685e+06 3.68553e+06 -7.79821e+06 9298.4 -35.1681 35.7979
1010000 FRAC0_S 0 1 -15535.7 29170.2 8500 -875873 6.53911e+06 -6.13432e+06 8815.12 -51.262 28.5496
1010000 FRAC0_S 0 1 -15253.1 29045.3 8500 -1.32324e+06 7.33942e+06 -3.622e+06 6544.91 -58.6565 20.1287
1010000 FRAC0_S 0 1 -14945.7 29013.8 8500 -885526 1.01385e+07 -2.28611e+06 9854.64 -66.0253 12.4235
1010000 FRAC0_S 0 1 -14643.6 29078.8 8500 -859366 9.99035e+06 48889.6 8894.12 -69.5138 -0.349233
1010000 FRAC0_S 0 1 -14376.4 29234 8500 -9.92054e+06 1.02999e+07 2.54706e+06 10316.3 -49.009 -8.31306
1010000 FRAC0_S 0 1 -14168.7 29466.7 8500 -393334 1.03173e+07 5.05214e+06 12880.2 -61.6459 -21.6098
1010000 FRAC0_S 0 1 -14045.3 29746.9 8500 -677058 5.11414e+06 4.88572e+06 5505.37 -50.9984 -28.7825
Step FractureNumber TipNr TipActive TipX TipY TipZ KI KII KIII G Phi Psi Extension
1010101 FRAC0_S 0 1 -13934.3 30061.6 8451.91 2.46509e+06 2.01614e+06 5.41469e+06 4803.11 -25.6173 -32.799
1010101 FRAC0_S 0 1 -13993.4 30390.5 8493.54 1.09192e+06 82510.7 6.19064e+06 5203.94 -1.55963 -42.2474
1010101 FRAC0_S 0 1 -14165.5 30675.8 8535.31 1.7108e+06 -1.75711e+06 5.27806e+06 4241.03 25.3013 -35.0534
1010101 FRAC0_S 0 1 -14423.3 30891.8 8560.08 2.20091e+06 -2.24616e+06 3.52158e+06 2530.63 33.9007 -28.0255
1010101 FRAC0_S 0 1 -14728.1 31019.1 8568.84 3.86885e+06 -2.67785e+06 2.67319e+06 2923.21 34.757 -19.841
1010101 FRAC0_S 0 1 -15053.2 31035.3 8582.37 -9.33423e+06 -1.336e+07 48434.4 15905.6 58.0858 -0.165965
1010101 FRAC0_S 0 1 -15369.8 30955.7 8592.42 5.14449e+06 -1.24491e+06 551250 2536.89 22.859 -5.98686
1010101 FRAC0_S 0 1 -15657.3 30801.4 8582.76 5.65574e+06 -2.0127e+06 -481153 3242.17 30.3062 4.4901
1010101 FRAC0_S 0 1 -15886.6 30570.4 8569.73 5.33835e+06 -3.95794e+06 -2.65636e+06 4873.87 38.6834 15.7048
1010101 FRAC0_S 0 1 -16023.2 30271.4 8566.87 3.75442e+06 -3.85661e+06 -4.66403e+06 5474.6 37.0758 24.8727
1010101 FRAC0_S 0 1 -16065.6 29938.4 8549.72 2.83917e+06 -2.0704e+06 -5.6711e+06 5377.74 24.7146 32.3267
1010101 FRAC0_S 0 1 -16003.9 29611.5 8503.29 1.61557e+06 -389545 -6.14242e+06 5264.11 6.53357 40.0481
1010101 FRAC0_S 0 1 -15829.4 29328.5 8453.38 1.93622e+06 1.13775e+06 -4.50224e+06 3145.35 -19.4456 34.6985
1010101 FRAC0_S 0 1 -15571.9 29118.5 8425.25 1.82779e+07 -1.20718e+07 -6.93515e+06 49152.8 37.9902 13.3666
1010101 FRAC0_S 0 1 -15246.3 28991.9 8414.51 -1.16491e+07 1.10482e+07 3.21583e+06 12252.4 -46.9651 -9.1716
1010101 FRAC0_S 0 1 -14944.8 28972.8 8409.54 6.90647e+06 5.81302e+06 -2.40063e+06 8028.1 -43.4774 11.5523
1010101 FRAC0_S 0 1 -14626.4 29039.6 8411.45 6.51049e+06 1.47113e+06 -539472 4008.62 -22.084 4.80592
1010101 FRAC0_S 0 1 -14342.5 29194 8416.84 -7.63879e+06 1.45637e+07 1.05598e+06 19048.6 -60.2174 -3.47334
1010101 FRAC0_S 0 1 -14124.7 29434.6 8417.7 1.22403e+07 4.44502e+06 5.84603e+06 19657.1 -24.895 -18.0164
1010101 FRAC0_S 0 1 -13984.4 29733.5 8424.87 3.68488e+06 2.4006e+06 3.99123e+06 3842.18 -29.3797 -25.7175