
Step FractureNumber TipNr TipActive TipX TipY TipZ KI KII KIII G Phi Psi Extension
1010000 FRAC0_S 0 1 -44369.9 -29239.4 8500 74532.1 139060 29593 2.33466 -57.1668 -9.00309
1010000 FRAC0_S 0 1 -44635.8 -29081.9 8500 54850.9 80384.1 43187.7 1.09196 -48.8655 -16.9467
1010000 FRAC0_S 0 1 -44937.4 -29014.3 8500 71154.9 72900.5 72728.9 1.62824 -39.1634 -22.4539
1010000 FRAC0_S 0 1 -45245.1 -29043.2 8500 83218 -76623 -9592.69 1.15252 48.9964 4.31029
1010000 FRAC0_S 0 1 -45528.7 -29165.8 8500 53226.4 -209060 -23325.6 4.21948 64.9713 6.15007
1010000 FRAC0_S 0 1 -45760.6 -29369.9 8500 80393 -143779 -216981 8.67977 38.1928 30.381
1010000 FRAC0_S 0 1 -45918.1 -29635.8 8500 50243.2 -53292.4 46045.4 0.760011 40.9935 -20.8837
1010000 FRAC0_S 0 1 -45985.7 -29937.4 8500 60935.3 -86198.4 42056.1 1.22822 49.2554 -15.7084
1010000 FRAC0_S 0 1 -45956.8 -30245.1 8500 44614.7 104075 -221326 7.65757 -33.8401 34.849
1010000 FRAC0_S 0 1 -45836.2 -30525.6 8500 59955.3 -100055 1450.6 1.21268 59.8753 -0.698106
1010000 FRAC0_S 0 1 -45630.1 -30760.6 8500 45652.1 -70429.2 -13233.4 0.651017 55.4849 7.63654
1010000 FRAC0_S 0 1 -45364.2 -30918.1 8500 72390.5 -83752.9 -44421.5 1.35448 46.2555 15.6568
1010000 FRAC0_S 0 1 -45062.6 -30985.7 8500 62450.9 -65031.3 -54955.7 1.12607 41.0097 20.5015
1010000 FRAC0_S 0 1 -44754.9 -30956.8 8500 64297.7 -36981.6 -67634 1.09866 27.296 25.941
1010000 FRAC0_S 0 1 -44471.3 -30834.2 8500 66773.7 -4960.32 -75951.6 1.16674 4.62322 31.3858
1010000 FRAC0_S 0 1 -44255.9 -30649.9 8500 56631.3 214693 218662 10.7523 -47.9036 -28.2365
1010000 FRAC0_S 0 1 -44081.9 -30364.2 8500 70610.9 74234.3 -70767 1.60142 -39.9036 22.0458
1010000 FRAC0_S 0 1 -44014.3 -30062.6 8500 62952.3 84982.7 -44616.8 1.26146 -48.1537 16.3018
1010000 FRAC0_S 0 1 -44043.2 -29754.9 8500 60824.3 101134 -25755.2 1.32933 -55.1086 10.0807
1010000 FRAC0_S 0 1 -44165.8 -29471.3 8500 73546 135187 2042.06 2.11109 -60.9975 -0.752591
Step FractureNumber TipNr TipActive TipX TipY TipZ KI KII KIII G Phi Psi Extension
1010101 FRAC0_S 0 1 -44336.3 -29196.7 8417.3 542331 224195 -221503 37.2137 -28.1634 15.828
1010101 FRAC0_S 0 1 -44613.8 -29021.5 8425.55 535425 210915 -57626.4 29.9518 -31.9103 5.42131
1010101 FRAC0_S 0 1 -44932.9 -28944.4 8468.46 200327 163505 52874.9 6.33016 -44.1553 -9.36591
1010101 FRAC0_S 0 1 -45257.6 -28983.1 8544.6 258066 292298 1499.45 13.5482 -54.5144 -0.211688
1010101 FRAC0_S 0 1 -45559.2 -29119.4 8579.63 355600 -15318.1 -152720 14.391 4.03556 19.9418
1010101 FRAC0_S 0 1 -45814.1 -29329 8569.96 234408 -91721.7 -111835 7.30947 26.2496 17.7657
1010101 FRAC0_S 0 1 -45984.6 -29608.4 8567.2 148222 23862.3 -226572 8.83602 -8.12914 33.6711
1010101 FRAC0_S 0 1 -46055.9 -29933.5 8540.36 60818.3 -6790.19 -84978.4 1.29415 6.09145 33.2044
1010101 FRAC0_S 0 1 -46023.9 -30261 8512.72 93440.2 -105580 57023.2 2.20382 45.8269 -15.7345
1010101 FRAC0_S 0 1 -45875.6 -30547.3 8529.33 171950 -101380 83994.6 4.48888 34.0859 -16.5117
1010101 FRAC0_S 0 1 -45647 -30783.5 8539.69 209499 -71669 64166.8 4.91634 26.0399 -13.3539
1010101 FRAC0_S 0 1 -45378.1 -30969.1 8552.52 274822 -174987 25345.3 9.54423 42.0646 -4.06672
1010101 FRAC0_S 0 1 -45065.9 -31060.9 8562.34 486755 -218163 15719.9 25.3869 35.9676 -1.68578
1010101 FRAC0_S 0 1 -44731.8 -31039.7 8541.35 172166 -128155 -101413 5.47267 37.5372 17.5873
1010101 FRAC0_S 0 1 -44426.2 -30908.6 8496.94 110986 -54058.4 -102327 2.75067 25.4443 25.0183
1010101 FRAC0_S 0 1 -44182.4 -30679.6 8448.87 93990.4 37069.9 -138389 3.4568 -17.9358 31.3558
1010101 FRAC0_S 0 1 -44016.7 -30390 8430.75 161635 44785.8 856.987 2.50692 -26.9814 -0.321925
1010101 FRAC0_S 0 1 -43949.3 -30068.3 8426.21 181479 42164.5 -59834.8 3.5694 -19.2749 14.9935
1010101 FRAC0_S 0 1 -43988.6 -29742.5 8418.5 255112 63562.3 -140395 8.781 -18.0423 20.7679
1010101 FRAC0_S 0 1 -44122.8 -29444.4 8414.76 359964 109155 -182432 17.0345 -21.4896 19.2526