
Step FractureNumber TipNr TipActive TipX TipY TipZ KI KII KIII G Phi Psi Extension
1010000 FRAC0_S 0 1 167.108 -29026.6 8500 1.44058e+06 -9.71091e+06 1.23231e+06 8790.14 66.739 -7.43501
1010000 FRAC0_S 0 1 -141.884 -29022.6 8500 1.78429e+06 -1.06e+07 -997876 10428.5 66.9744 5.63279
1010000 FRAC0_S 0 1 -436.986 -29114.3 8500 -73475.7 -8.60535e+06 -2.88365e+06 7704.73 65.4214 17.4004
1010000 FRAC0_S 0 1 -698.651 -29301.7 8500 -3.41094e+07 -6.73206e+06 -4.20777e+06 6393.34 19.3581 6.99761
1010000 FRAC0_S 0 1 -874.166 -29540.2 8500 1.41691e+06 -4.58863e+06 -6.26491e+06 7275.29 42.565 31.2219
1010000 FRAC0_S 0 1 -973.449 -29832.9 8500 1.73585e+06 -1.59782e+06 -6.94744e+06 6915.51 20.0671 37.6394
1010000 FRAC0_S 0 1 -977.444 -30141.9 8500 1.78205e+06 1.781e+06 -7.59173e+06 8231 -20.5683 37.8
1010000 FRAC0_S 0 1 -885.76 -30437 8500 1.42504e+06 4.84493e+06 -6.49559e+06 7884.3 -43.0513 31.1451
1010000 FRAC0_S 0 1 -707.371 -30689.4 8500 1.09064e+06 5.81253e+06 -4.17694e+06 5437.05 -54.1791 24.7145
1010000 FRAC0_S 0 1 -459.741 -30874.2 8500 1.49366e+06 9.76807e+06 -3.43113e+06 10267 -62.1357 16.4153
1010000 FRAC0_S 0 1 -167.108 -30973.4 8500 1.95191e+06 1.19308e+07 -1.31297e+06 13253.2 -66.7686 6.49314
1010000 FRAC0_S 0 1 141.884 -30977.4 8500 69743.2 1.13418e+07 1.08996e+06 11621.1 -69.3976 -6.5497
1010000 FRAC0_S 0 1 436.986 -30885.7 8500 1.54102e+06 1.01087e+07 3.29304e+06 10759.7 -62.6741 -15.5867
1010000 FRAC0_S 0 1 689.314 -30707.4 8500 1.0448e+06 9.144e+06 5.75547e+06 11953.7 -57.2667 -23.856
1010000 FRAC0_S 0 1 874.166 -30459.8 8500 1.37826e+06 5.22653e+06 6.46189e+06 8157.01 -44.7991 -30.5029
1010000 FRAC0_S 0 1 973.449 -30167.1 8500 1.49153e+06 1.98685e+06 7.02526e+06 7114.13 -23.9775 -37.4071
1010000 FRAC0_S 0 1 977.444 -29858.1 8500 1.27171e+06 -1.30758e+06 7.09371e+06 6989.12 17.6458 -39.4539
1010000 FRAC0_S 0 1 885.76 -29563 8500 -3.91815e+06 -4.30509e+06 6.31445e+06 6954.57 35.32 -27.6535
1010000 FRAC0_S 0 1 707.371 -29310.6 8500 1.01953e+06 -5.30066e+06 3.79941e+06 4516.27 54.1265 -24.6334
1010000 FRAC0_S 0 1 459.741 -29125.8 8500 1.50683e+06 -9.00626e+06 3.2636e+06 8846.87 61.6069 -16.6257
Step FractureNumber TipNr TipActive TipX TipY TipZ KI KII KIII G Phi Psi Extension
1010101 FRAC0_S 0 1 174.577 -28986.9 8590.94 2.14141e+07 2.46562e+06 2.16923e+06 42030.1 -12.6243 -6.26661
1010101 FRAC0_S 0 1 -147.623 -28984.2 8591.72 -1.47498e+07 -2.80499e+07 -101601 70113 61.6113 0.184537
1010101 FRAC0_S 0 1 -464.053 -29069 8576.77 7.02465e+06 -1.29558e+06 -1.63706e+06 4903.21 17.0309 11.9319
1010101 FRAC0_S 0 1 -743.133 -29241 8556.21 5.71482e+06 -2.9294e+06 -3.80385e+06 5599.36 29.0696 20.7536
1010101 FRAC0_S 0 1 -946.363 -29502.3 8550.69 2.85738e+06 -2.60164e+06 -4.78759e+06 4379.19 31.0337 29.2402
1010101 FRAC0_S 0 1 -1059.19 -29819.8 8525.29 3.91967e+06 -591210 -5.76324e+06 5817.8 7.82432 33.37
1010101 FRAC0_S 0 1 -1063.3 -30152.8 8473.95 3.29503e+06 398050 -5.16993e+06 4536.45 -6.1464 34.2701
1010101 FRAC0_S 0 1 -952.172 -30466.8 8436.81 5.22539e+06 1.24325e+06 -4.87481e+06 5731.43 -14.5032 27.4257
1010101 FRAC0_S 0 1 -750.152 -30728.2 8420.28 221942 1.11058e+07 -4.71553e+06 13952.5 -63.3699 20.0753
1010101 FRAC0_S 0 1 -482.766 -30914.8 8412.55 4.55178e+06 4.08971e+06 -2.55408e+06 4204.28 -41.8006 16.0769
1010101 FRAC0_S 0 1 -174.619 -31012 8408.55 7.33516e+06 -254679 -786917 4882.67 4.19173 7.03614
1010101 FRAC0_S 0 1 147.82 -31014.9 8408.02 7.42211e+06 -337992 687776 4981.96 5.48922 -6.13156
1010101 FRAC0_S 0 1 457.84 -30924.7 8411.15 6.34855e+06 274219 1.79694e+06 4027.65 -4.48536 -15.1437
1010101 FRAC0_S 0 1 728.961 -30745.3 8418.11 5.91122e+06 -2.09979e+06 2.09166e+06 4088.51 26.0743 -14.7346
1010101 FRAC0_S 0 1 937.515 -30489.8 8433.58 5.08629e+06 689428 4.84806e+06 5473.66 -8.79048 -28.7224
1010101 FRAC0_S 0 1 1057.75 -30179.6 8469.65 4.33021e+06 565404 6.00394e+06 6493.66 -7.074 -32.9526
1010101 FRAC0_S 0 1 1065.4 -29846.1 8519.45 3.87705e+06 -355899 6.09218e+06 6286.99 4.74253 -34.534
1010101 FRAC0_S 0 1 956.415 -29531.3 8556.74 4.6873e+06 -953928 5.07372e+06 5462.67 11.9091 -29.5351
1010101 FRAC0_S 0 1 752.183 -29270.7 8576.96 5.56376e+06 -817705 3.64089e+06 4581.08 10.9564 -23.9806
1010101 FRAC0_S 0 1 482.971 -29084.8 8587.21 6.5986e+06 -569232 2.24344e+06 4578.25 8.21169 -16.7183