
Step FractureNumber TipNr TipActive TipX TipY TipZ KI KII KIII G Phi Psi Extension
1010000 FRAC0_S 0 1 -44474.7 -14732.7 7707.43 -2.25432e+06 459020 -542287 57.8874 -18.3475 12.0768
1010000 FRAC0_S 0 1 -44689.5 -14510.6 7700.19 -2.10351e+06 692233 -396469 63.6063 -27.0673 9.17847
1010000 FRAC0_S 0 1 -44934.7 -14336.5 7771.25 -2.1356e+06 805269 65362.5 58.3523 -32.4786 -1.6803
1010000 FRAC0_S 0 1 -45186.3 -14227.4 7913.64 -1.99709e+06 780049 -87178.7 55.2321 -32.9351 2.34345
1010000 FRAC0_S 0 1 -45419.6 -14193.8 8113.43 -2.09137e+06 733317 15731.3 47.9522 -31.4784 -0.430981
1010000 FRAC0_S 0 1 -45611.9 -14239.2 8351.05 -1.88034e+06 658127 63975.9 39.1407 -30.9277 -1.89753
1010000 FRAC0_S 0 1 -45744.3 -14359 8603.26 -1.29091e+06 420846 57472 16.2217 -29.341 -2.49894
1010000 FRAC0_S 0 1 -45803.8 -14541.6 8845.36 -2.09815e+06 559021 171529 31.7604 -24.9336 -4.60848
1010000 FRAC0_S 0 1 -45784.6 -14769 9053.65 -1.78623e+06 495309 239344 29.4804 -24.8052 -7.10821
1010000 FRAC0_S 0 1 -45688.6 -15019.1 9207.75 -1.36941e+06 327441 239168 17.162 -21.676 -9.13219
1010000 FRAC0_S 0 1 -45525.3 -15267.3 9292.57 -2.02115e+06 315954 411253 31.3897 -15.1694 -10.9327
1010000 FRAC0_S 0 1 -45310.5 -15489.4 9299.81 -1.9525e+06 92113.4 266783 10.2221 -5.46809 -8.56321
1010000 FRAC0_S 0 1 -45065.3 -15663.5 9228.75 -2.07159e+06 -100224 482865 31.9052 5.18576 -13.0958
1010000 FRAC0_S 0 1 -44813.7 -15772.6 9086.36 -1.98807e+06 -381408 385161 32.6935 18.0425 -10.261
1010000 FRAC0_S 0 1 -44595.6 -15806.6 8902.29 -2.10071e+06 -614008 250093 41.9137 25.9916 -6.34479
1010000 FRAC0_S 0 1 -44388.1 -15760.8 8648.95 -2.14808e+06 -739841 18490.3 48.8211 31.1018 -0.494894
1010000 FRAC0_S 0 1 -44255.7 -15641 8396.74 -2.20536e+06 -554311 -241387 35.1296 23.4706 6.06036
1010000 FRAC0_S 0 1 -44196.2 -15458.4 8154.64 -1.94662e+06 -805104 -491053 89.8311 30.4438 11.0548
1010000 FRAC0_S 0 1 -44215.4 -15231 7946.35 -2.23871e+06 -181470 -602476 51.2105 8.1528 14.2359
1010000 FRAC0_S 0 1 -44311.4 -14980.9 7792.25 -1.61168e+06 190581 -472690 32.9535 -11.2371 14.7822
Step FractureNumber TipNr TipActive TipX TipY TipZ KI KII KIII G Phi Psi Extension
1010101 FRAC0_S 0 1 -44443.8 -14726.8 7615.28 -1.69148e+06 1.36385e+06 -635204 219.416 -42.1777 12.4475
1010101 FRAC0_S 0 1 -44686.9 -14493.4 7604.11 -1.24151e+06 1.5735e+06 -383090 240.146 -51.9363 8.86986
1010101 FRAC0_S 0 1 -44958.8 -14310.7 7679.73 -1.06848e+06 1.80962e+06 -226914 298.66 -57.8164 5.52399
1010101 FRAC0_S 0 1 -45232.9 -14193.9 7833.84 -959900 1.62645e+06 -13375.8 235.75 -60.189 0.400444
1010101 FRAC0_S 0 1 -45485.4 -14156.4 8050.7 -813029 1.15287e+06 88973.5 119.489 -56.5121 -3.31544
1010101 FRAC0_S 0 1 -45693.4 -14204 8309.07 -1.2002e+06 1.47565e+06 105754 195.529 -54.5701 -2.91779
1010101 FRAC0_S 0 1 -45836.5 -14331.3 8584.86 -1.09816e+06 1.2718e+06 173949 148.158 -52.4958 -5.17923
1010101 FRAC0_S 0 1 -45900.5 -14526.4 8850.92 -1.17739e+06 1.15059e+06 220844 124.455 -48.9341 -6.51059
1010101 FRAC0_S 0 1 -45878.9 -14771.9 9080.14 -1.20956e+06 1.08221e+06 291068 115.631 -46.3708 -8.37099
1010101 FRAC0_S 0 1 -45772.4 -15041.7 9252.63 -1.30338e+06 890268 376648 89.4944 -40.0936 -10.7214
1010101 FRAC0_S 0 1 -45589.2 -15307.4 9353.83 -1.51216e+06 597057 383098 51.2853 -29.521 -11.2098
1010101 FRAC0_S 0 1 -45345.8 -15542.4 9372.62 -1.31184e+06 141990 412121 24.3857 -10.248 -15.6176
1010101 FRAC0_S 0 1 -45066.3 -15722.1 9305.46 -1.98208e+06 -308696 284025 19.2207 15.7786 -8.2026
1010101 FRAC0_S 0 1 -44780.3 -15828.4 9158.32 -1.57137e+06 -972982 423163 108.176 38.3776 -10.4517
1010101 FRAC0_S 0 1 -44518.9 -15853.4 8946.08 -1.56158e+06 -1.17753e+06 68272.7 124.178 46.4065 -1.87736
1010101 FRAC0_S 0 1 -44307.7 -15800.1 8688.79 -1.32117e+06 -1.47468e+06 -16835.4 193.823 54.1594 0.46569
1010101 FRAC0_S 0 1 -44164.1 -15671 8413.9 -1.48842e+06 -1.33938e+06 -273937 169.838 47.4017 6.63137
1010101 FRAC0_S 0 1 -44101.8 -15476.7 8145.72 -1.60215e+06 -1.29129e+06 -544938 188.079 42.7045 11.5331
1010101 FRAC0_S 0 1 -44132.8 -15243.5 7902.09 -2.11964e+06 -527322 -868265 125.045 19.4263 17.2528
1010101 FRAC0_S 0 1 -44253 -14987.4 7716.07 -1.87145e+06 583522 -757604 106.679 -23.1197 16.5591