
Step FractureNumber TipNr TipActive TipX TipY TipZ KI KII KIII G Phi Psi Extension
1010000 FRAC0_S 0 1 44453.8 -29177 8500 24587.6 -272068 74992.6 7.39787 64.9745 -14.3955
1010000 FRAC0_S 0 1 44226.3 -29386.1 8500 20938.1 -297725 19141.7 7.9865 69.0146 -4.31391
1010000 FRAC0_S 0 1 44074.4 -29655.2 8500 16653 -216441 -36309.1 4.37456 67.2946 9.9131
1010000 FRAC0_S 0 1 44013.2 -29958.1 8500 24984.6 -250678 -107081 7.18028 61.6658 19.2393
1010000 FRAC0_S 0 1 44048.6 -30265.1 8500 31677.9 -201802 -145588 6.53738 54.6921 25.0896
1010000 FRAC0_S 0 1 44177 -30546.2 8500 50360.7 242674 -503374 39.174 -36.1601 36.117
1010000 FRAC0_S 0 1 44386.1 -30773.7 8500 67324.2 -32806.6 -25789.2 0.588258 31.7235 14.5907
1010000 FRAC0_S 0 1 44655.2 -30925.6 8500 76848 506578 -199924 28.7097 -61.2616 17.7575
1010000 FRAC0_S 0 1 44958.1 -30986.8 8500 32686.2 156266 -167834 6.01754 -47.8895 29.3893
1010000 FRAC0_S 0 1 45265.1 -30951.4 8500 -64419.2 12083.3 -374023 18.6188 -3.70451 42.0108
1010000 FRAC0_S 0 1 45546.2 -30823 8500 33863.7 250060 -73367.8 6.39014 -63.6948 14.6254
1010000 FRAC0_S 0 1 45773.7 -30613.9 8500 34733.8 280890 -11197.7 7.15489 -68.6174 2.63373
1010000 FRAC0_S 0 1 45925.6 -30344.8 8500 -4166.81 214015 -178327 8.3109 -55.1718 28.405
1010000 FRAC0_S 0 1 45986.8 -30041.9 8500 29021.1 197803 79218.4 4.3962 -61.244 -17.9791
1010000 FRAC0_S 0 1 45951.4 -29734.9 8500 35394.7 180052 158540 6.34342 -51.1767 -27.1353
1010000 FRAC0_S 0 1 45823 -29453.8 8500 33083.9 105313 171263 4.98685 -39.5165 -33.0451
1010000 FRAC0_S 0 1 45613.9 -29226.3 8500 31077 14800.6 198992 5.3721 -8.20623 -41.5934
1010000 FRAC0_S 0 1 45344.8 -29074.4 8500 29774.2 -63863.3 185482 5.01811 28.3678 -37.2604
1010000 FRAC0_S 0 1 45041.9 -29013.2 8500 16656.6 -102480 121149 2.91261 46.9762 -30.9379
1010000 FRAC0_S 0 1 44743.4 -29046.2 8500 24057.1 -220369 128865 6.58761 58.2526 -22.9939
Step FractureNumber TipNr TipActive TipX TipY TipZ KI KII KIII G Phi Psi Extension
1010101 FRAC0_S 0 1 44431.6 -29141.2 8589.9 259994 -66090.7 -269633 16.0822 14.6704 28.5438
1010101 FRAC0_S 0 1 44197.3 -29362.8 8592.4 106144 26331.1 -258259 9.93654 -9.11653 37.1381
1010101 FRAC0_S 0 1 44037.4 -29642.4 8591.47 -100126 181976 -27810.2 3.05377 -58.0709 6.73365
1010101 FRAC0_S 0 1 43966.5 -29957.7 8587.47 -132540 314354 -257054 17.5939 -48.5592 24.0822
1010101 FRAC0_S 0 1 43992 -30283.6 8548.05 26392.9 -36710.7 -434684 25.3126 9.94395 42.9485
1010101 FRAC0_S 0 1 44129.5 -30572.4 8490.9 114275 -53241.3 -192919 6.36624 19.1526 32.2948
1010101 FRAC0_S 0 1 44365.1 -30796.2 8463.33 235523 259639 -368710 29.0312 -35.7541 27.2797
1010101 FRAC0_S 0 1 44646.1 -30964.8 8437.61 308420 164926 -213879 16.9843 -29.5667 21.0789
1010101 FRAC0_S 0 1 44959.2 -31055.6 8439.37 627811 401781 -16371.8 49.5429 -43.4489 1.2128
1010101 FRAC0_S 0 1 45283.9 -31025.5 8455.82 295503 275525 -8488.28 14.5555 -50.7385 1.1354
1010101 FRAC0_S 0 1 45572.2 -30871.2 8430.28 201170 107743 183340 9.1113 -27.2894 -24.4734
1010101 FRAC0_S 0 1 45807.5 -30639.5 8410.51 150040 17648.7 236882 9.4968 -5.97407 -34.3568
1010101 FRAC0_S 0 1 45971.5 -30361 8413.76 -3507.03 -44833.9 53455.3 0.559162 48.0816 -31.8596
1010101 FRAC0_S 0 1 46039.3 -30043.7 8416.16 -18392.4 -50736 79610 1.0723 39.6104 -32.2946
1010101 FRAC0_S 0 1 46009.7 -29716.4 8423.22 103487 -46807.2 128989 3.36242 21.4975 -28.9855
1010101 FRAC0_S 0 1 45885.6 -29409 8445.14 65839.5 9199.02 17908.9 0.436475 -13.1702 -13.8037
1010101 FRAC0_S 0 1 45668.4 -29156.2 8488.83 54929.5 -114362 92318.2 2.56781 47.8237 -23.4157
1010101 FRAC0_S 0 1 45376.2 -28996.8 8538.47 178551 -222596 93092.2 8.40876 48.8543 -13.5209
1010101 FRAC0_S 0 1 45047.5 -28945.8 8569.69 197166 199074 57226.8 7.43113 -47.9699 -9.31792
1010101 FRAC0_S 0 1 44722.7 -28997.4 8583.44 413737 -110656 -178353 20.5755 20.3091 17.6704