
Step FractureNumber TipNr TipActive TipX TipY TipZ KI KII KIII G Phi Psi Extension
1010000 FRAC0_S 0 1 -14124.7 15457.6 8500 -236464 1.70879e+06 148471 263.13 -67.6339 -5.36523
1010000 FRAC0_S 0 1 -14309 15705.7 8500 -1.1584e+07 2.45278e+06 260476 545.12 -21.9577 -1.4101
1010000 FRAC0_S 0 1 -14560.8 15884.7 8500 -287521 1.11499e+06 701506 176.232 -54.5326 -22.3378
1010000 FRAC0_S 0 1 -14855.7 15977.1 8500 -256405 712010 928185 159.758 -42.6925 -30.269
1010000 FRAC0_S 0 1 -15164.7 15973.8 8500 -270074 211838 1.04009e+06 147.877 -18.1297 -37.892
1010000 FRAC0_S 0 1 -15457.6 15875.3 8500 -487503 -408314 1.27692e+06 231.717 23.8375 -34.4428
1010000 FRAC0_S 0 1 -15705.7 15691 8500 -232223 -572706 758067 105.658 41.8999 -30.068
1010000 FRAC0_S 0 1 -15884.7 15439.2 8500 -339186 -1.14873e+06 769135 196.266 53.121 -22.748
1010000 FRAC0_S 0 1 -15977.1 15144.3 8500 -257923 -1.45612e+06 506105 223.005 61.71 -16.066
1010000 FRAC0_S 0 1 -15973.8 14835.3 8500 -333345 -1.60564e+06 221250 236.244 65.3863 -7.64253
1010000 FRAC0_S 0 1 -15875.3 14542.4 8500 -300175 -1.55573e+06 -116874 217.49 66.8717 4.50514
1010000 FRAC0_S 0 1 -15678.6 14282.1 8500 419543 -779925 -945726 188.844 41.6468 27.9732
1010000 FRAC0_S 0 1 -15439.2 14115.3 8500 -287909 -1.19132e+06 -695601 190.823 55.6846 21.5717
1010000 FRAC0_S 0 1 -15144.3 14022.9 8500 1.90427e+06 -1.10176e+06 -504766 465.19 37.0409 10.5323
1010000 FRAC0_S 0 1 -14835.3 14026.2 8500 -281017 -391276 -1.01289e+06 150.092 28.7324 34.9605
1010000 FRAC0_S 0 1 -14542.4 14124.7 8500 -265843 89698 -1.00693e+06 135.566 -8.91349 39.6214
1010000 FRAC0_S 0 1 -14301.9 14301.2 8500 -269688 555039 -974210 153.68 -36.5316 32.5627
1010000 FRAC0_S 0 1 -14115.3 14560.8 8500 -272105 943186 -818625 168.402 -49.8689 26.0481
1010000 FRAC0_S 0 1 -14022.9 14855.7 8500 -292318 1.23691e+06 -532818 174.092 -58.7914 17.9513
1010000 FRAC0_S 0 1 -14026.2 15164.7 8500 -4.69309e+06 1.3e+06 -1.04958e+06 297.109 -23.4573 10.8915
Step FractureNumber TipNr TipActive TipX TipY TipZ KI KII KIII G Phi Psi Extension
1010101 FRAC0_S 0 1 -14069 15486.8 8434.47 1.97663e+06 808235 561889 448.362 -29.7272 -12.1653
1010101 FRAC0_S 0 1 -14261.7 15756.2 8437.83 1.3224e+06 1.59975e+06 -413060 406.574 -51.0469 9.15399
1010101 FRAC0_S 0 1 -14529 15945.4 8432.98 2.53827e+06 -1.03151e+06 1.94093e+06 1169.97 23.7529 -23.3787
1010101 FRAC0_S 0 1 -14847.9 16049.9 8437.96 1.44547e+06 1.99791e+06 368289 559.919 -54.1501 -7.2284
1010101 FRAC0_S 0 1 -15180.6 16059.1 8477.6 3.053e+06 183654 310586 846.413 -7.06068 -6.57647
1010101 FRAC0_S 0 1 -15496.1 15952.2 8529.13 2.58705e+06 -7.02807e+06 1.85361e+06 5454.85 59.5055 -11.7446
1010101 FRAC0_S 0 1 -15756.3 15744 8563.5 1.66617e+07 4.98956e+06 -2.2663e+06 27639.5 -26.1597 7.09459
1010101 FRAC0_S 0 1 -15936.6 15467.2 8578.71 1.6396e+06 -2.93112e+06 -111349 1006.78 60.2103 1.83634
1010101 FRAC0_S 0 1 -16024.3 15152.7 8586.75 -717674 -390862 1.17791e+06 198.147 21.887 -31.4251
1010101 FRAC0_S 0 1 -16014.8 14829 8590.46 1.38807e+06 -612583 -282046 215.711 32.5291 9.13373
1010101 FRAC0_S 0 1 -15916 14518.2 8585.32 684979 -3.67705e+06 128483 1248.83 67.7029 -2.20472
1010101 FRAC0_S 0 1 -15732.1 14250.4 8576.87 1.70432e+06 -1.36787e+06 461438 453.89 43.7049 -9.62287
1010101 FRAC0_S 0 1 -15467.6 14056.9 8572.97 1.18802e+06 -3.47987e+06 783853 1286.57 60.8424 -10.5327
1010101 FRAC0_S 0 1 -15152.7 13949.2 8562.79 -1.97116e+06 -7.06117e+06 775579 4523.04 64.5099 -5.96165
1010101 FRAC0_S 0 1 -14819.4 13941.2 8535.23 608773 -1.45186e+06 -980308 348.672 50.885 21.7154
1010101 FRAC0_S 0 1 -14501.5 14045.2 8489.39 -1.62899e+06 -8.90891e+06 353922 7089.21 67.6799 -2.49971
1010101 FRAC0_S 0 1 -14239.7 14251.8 8447.25 807005 1.41299e+06 -496673 268.755 -53.88 13.1573
1010101 FRAC0_S 0 1 -14059.3 14530.6 8425.51 1.36546e+06 1.28595e+06 28039.6 313.608 -51.067 -0.81263
1010101 FRAC0_S 0 1 -13960.3 14848.6 8428.17 912931 -2.06032e+06 -1.06854e+06 604.388 53.1761 18.3146
1010101 FRAC0_S 0 1 -13959.6 15174.4 8435.6 5.77211e+06 -2.84233e+06 1.5851e+06 4022.97 33.578 -11.3249