
Step FractureNumber TipNr TipActive TipX TipY TipZ KI KII KIII G Phi Psi Extension
1010000 FRAC0_S 0 1 30000 44049 8233.09 2.61762e+06 -223130 -56576 615.438 10.3666 1.51052
1010000 FRAC0_S 0 1 30000 44178.1 7952.3 2.47802e+06 -60457.8 97267.3 548.77 3.17445 -2.83351
1010000 FRAC0_S 0 1 30000 44387.6 7725.12 2.5276e+06 -144068 -308646 583.823 6.60401 7.72387
1010000 FRAC0_S 0 1 30000 44657 7573.79 2.07904e+06 64481.2 -84969.8 386.5 -3.99229 2.92608
1010000 FRAC0_S 0 1 30000 44960 7513.12 2.98066e+06 263116 -66933.6 798.446 -10.6843 1.56346
1010000 FRAC0_S 0 1 30000 45266.9 7549.06 2.61298e+06 153309 -52211 610.872 -7.40802 1.43358
1010000 FRAC0_S 0 1 30000 45547.7 7678.08 2.59649e+06 141759 -18633.9 602.596 -7.0137 0.525698
1010000 FRAC0_S 0 1 30000 45774.9 7887.55 2.95338e+06 178831 23432.5 780.182 -7.70902 -0.577376
1010000 FRAC0_S 0 1 30000 45926.2 8156.97 2.70609e+06 129900 45741.7 654.328 -6.16856 -1.22978
1010000 FRAC0_S 0 1 30000 45986.8 8459.98 2.58706e+06 116256 55459 598.018 -5.77535 -1.55468
1010000 FRAC0_S 0 1 30000 45951 8766.91 2.75434e+06 122274 113772 679.078 -5.60743 -2.91981
1010000 FRAC0_S 0 1 30000 45821.9 9047.7 2.73115e+06 85672.5 78924.7 666.172 -4.08071 -2.1014
1010000 FRAC0_S 0 1 30000 45612.4 9274.88 2.19624e+06 34863.1 86291.9 430.917 -2.09033 -2.8587
1010000 FRAC0_S 0 1 30000 45343 9426.21 2.69212e+06 -6799.2 113253 647.538 0.338079 -3.08773
1010000 FRAC0_S 0 1 30000 45040 9486.88 2.70049e+06 -62442.3 114951 651.954 3.00467 -3.06289
1010000 FRAC0_S 0 1 30000 44733.1 9450.94 2.84498e+06 -162832 90810.1 724.707 7.16367 -2.25757
1010000 FRAC0_S 0 1 30000 44452.3 9321.92 2.68538e+06 -165392 61225.3 645.531 7.72572 -1.62538
1010000 FRAC0_S 0 1 30000 44225.1 9112.45 2.72504e+06 -218368 35706.6 666.137 9.88584 -0.930139
1010000 FRAC0_S 0 1 30000 44073.8 8843.03 2.5237e+06 -8395.47 301418 579.636 0.414194 -7.92392
1010000 FRAC0_S 0 1 30000 44013.2 8540.02 2.63683e+06 -75538 -66543.6 620.67 3.75383 1.84886
Step FractureNumber TipNr TipActive TipX TipY TipZ KI KII KIII G Phi Psi Extension
1010101 FRAC0_S 0 1 30012 43956 8206.98 2.80128e+06 114764 -144849 703.227 -5.15071 3.61726
1010101 FRAC0_S 0 1 30010.2 44097.4 7898.49 2.38194e+06 59138.7 292665 517.282 -2.99584 -7.97219
1010101 FRAC0_S 0 1 30005.4 44327.3 7648.93 2.67941e+06 185096 -110065 644.404 -8.44061 2.84099
1010101 FRAC0_S 0 1 29994.8 44623.3 7482.98 2.45289e+06 33165.7 -310818 549.093 -1.6503 8.26062
1010101 FRAC0_S 0 1 29985.7 44956.1 7416.77 2.25981e+06 -233855 -42063.6 460.172 12.316 1.28481
1010101 FRAC0_S 0 1 29985.8 45293.1 7456.13 2.92338e+06 -252939 -35596.1 767.418 10.5909 0.860382
1010101 FRAC0_S 0 1 29987.3 45601.4 7597.55 1.97884e+06 -98708.3 -36579.2 349.985 6.38397 1.3397
1010101 FRAC0_S 0 1 29987.6 45850.8 7827.55 2.74285e+06 -128899 -27883.1 671.978 6.08517 0.747003
1010101 FRAC0_S 0 1 29988.7 46017.2 8123.34 2.46218e+06 537577 61746.3 566.472 -22.4247 -1.55973
1010101 FRAC0_S 0 1 29989.8 46083.9 8456.06 2.7116e+06 -104555 56077.7 656.598 5.0035 -1.5103
1010101 FRAC0_S 0 1 29990.8 46044.4 8793.17 2.8809e+06 -79772.9 73898.6 740.868 3.63195 -1.8799
1010101 FRAC0_S 0 1 29993.1 45902.9 9101.68 2.74624e+06 -83586.2 102711 674.079 3.93355 -2.69145
1010101 FRAC0_S 0 1 29996.5 45672.9 9351.35 2.70849e+06 -74166.4 100156 655.529 3.55546 -2.67008
1010101 FRAC0_S 0 1 30000.7 45376.9 9517.64 2.76598e+06 -20139.3 93915.7 682.957 0.975557 -2.50843
1010101 FRAC0_S 0 1 30005.9 45044 9584.1 2.80944e+06 93380.9 88539 705.159 -4.30215 -2.27975
1010101 FRAC0_S 0 1 30010.9 44706.9 9544.26 2.80276e+06 158662 94772.9 703.44 -7.0794 -2.38705
1010101 FRAC0_S 0 1 30014.2 44398.8 9402.31 2.98723e+06 -75879.7 96829.9 796.939 3.32146 -2.35916
1010101 FRAC0_S 0 1 30012.1 44149.3 9172.29 2.35712e+06 564827 -110399 525.147 -23.6487 2.79601
1010101 FRAC0_S 0 1 30006.2 43982.6 8876.67 2.77421e+06 -46409 9924.07 686.018 2.27659 -0.273067
1010101 FRAC0_S 0 1 30007.9 43916.1 8544.08 1.87632e+06 -49388.4 -75190.8 314.687 3.41299 2.88453