
Step FractureNumber TipNr TipActive TipX TipY TipZ KI KII KIII G Phi Psi Extension
1010000 FRAC0_S 0 1 21949.5 15785.6 8264.9 1.82066e+06 -1.52146e+06 -1.67134e+06 873.174 36.0397 22.3354
1010000 FRAC0_S 0 1 21794.3 15690.9 8514.78 -1.37092e+07 1.00325e+06 -701794 155.194 -8.81548 3.48285
1010000 FRAC0_S 0 1 21708.2 15528.5 8763.22 1.83657e+06 -334500 -2.753e+06 1318.54 9.18741 33.2938
1010000 FRAC0_S 0 1 21696.9 15335.5 8967.69 1.79378e+06 1.25744e+06 -3.04114e+06 1657.68 -25.9135 30.7127
1010000 FRAC0_S 0 1 21769.4 15069.6 9161.01 1.00529e+06 1.84937e+06 -2.56231e+06 1268.03 -39.6374 29.5117
1010000 FRAC0_S 0 1 21910.7 14817.9 9271.41 827015 3.01981e+06 -2.26593e+06 1556.44 -52.0787 24.3792
1010000 FRAC0_S 0 1 22109.7 14584 9306.31 894613 3.92962e+06 -1.50852e+06 1750.01 -59.9198 16.7078
1010000 FRAC0_S 0 1 22346.8 14390.9 9262.28 879867 4.53783e+06 -682016 1965.79 -65.4104 8.30872
1010000 FRAC0_S 0 1 22599 14257.4 9143.63 1.35755e+06 4.19824e+06 324887 1748.85 -64.2704 -4.2085
1010000 FRAC0_S 0 1 22841.5 14196.5 8961.98 1.62696e+06 3.55141e+06 1.20862e+06 1554.06 -56.2029 -13.5784
1010000 FRAC0_S 0 1 23050.5 14214.4 8735.1 2.22607e+06 2.64672e+06 2.00764e+06 1601.87 -43.4961 -19.95
1010000 FRAC0_S 0 1 23205.7 14309.1 8485.22 2.36852e+07 4.98477e+06 4.84521e+06 55326 -19.274 -10.5866
1010000 FRAC0_S 0 1 23291.8 14471.5 8236.78 2.81239e+06 -99557.4 2.60808e+06 1610.38 2.50223 -29.4864
1010000 FRAC0_S 0 1 23300.4 14685.5 8014.1 1.83938e+06 -1.21843e+06 1.63716e+06 790.258 31.6181 -23.1863
1010000 FRAC0_S 0 1 23230.6 14930.4 7838.99 2.23483e+06 -2.55802e+06 1.52096e+06 1335.82 45.2305 -16.8747
1010000 FRAC0_S 0 1 23089.3 15182.1 7728.59 2.21471e+06 -3.12486e+06 761865 1384.41 53.3403 -9.22507
1010000 FRAC0_S 0 1 22894.2 15412.2 7693.61 3.24653e+07 -4.03625e+06 3.51102e+06 97012.7 13.4101 -6.59025
1010000 FRAC0_S 0 1 22653.2 15609.1 7737.72 2.23002e+06 -3.23464e+06 -592814 1422.23 54.7986 7.3174
1010000 FRAC0_S 0 1 22401 15742.6 7856.37 2.4562e+06 -3.04204e+06 -1.2303e+06 1563.53 48.9871 13.1588
1010000 FRAC0_S 0 1 22158.5 15803.5 8038.02 9.67651e+06 -5.81598e+06 -3.37779e+06 12875.5 36.4997 12.9047
Step FractureNumber TipNr TipActive TipX TipY TipZ KI KII KIII G Phi Psi Extension
1010101 FRAC0_S 0 1 21925.7 15874.8 8269.6 3.59285e+06 -895006 -1.86659e+06 1685.05 18.33 20.0647
1010101 FRAC0_S 0 1 21734.3 15761.1 8523.66 2.84185e+06 -1.0173e+06 -2.57575e+06 1694.27 20.3832 25.9344
1010101 FRAC0_S 0 1 21628.9 15575.5 8783.9 2.26648e+06 -588375 -2.91318e+06 1617.32 13.5525 30.9767
1010101 FRAC0_S 0 1 21609.7 15323.8 9007.96 2.3417e+06 -21748.2 -2.73158e+06 1481.07 0.596317 32.3327
1010101 FRAC0_S 0 1 21677.4 15040.5 9173.73 6.40629e+06 3.61365e+06 -4.43084e+06 7431.87 -30.6319 20.8136
1010101 FRAC0_S 0 1 21828.7 14763.8 9274.06 3.0525e+06 617217 -2.13427e+06 1470.08 -14.0965 24.2202
1010101 FRAC0_S 0 1 22039.5 14514.7 9297.3 4.48981e+06 684643 -1.43111e+06 2110.48 -13.7585 15.3499
1010101 FRAC0_S 0 1 22288 14312.9 9243.89 3.31044e+06 66405.2 -58642.4 977.405 -2.67994 1.32181
1010101 FRAC0_S 0 1 22553.2 14172.2 9121.18 1.15939e+07 -9.21808e+06 379016 19569.1 47.6542 -1.38453
1010101 FRAC0_S 0 1 22815.3 14104.4 8939.45 3.85545e+06 1.66347e+06 2.2487e+06 2243.69 -26.7713 -19.8151
1010101 FRAC0_S 0 1 23055.8 14121.1 8713.26 3.55313e+06 157368 1.7026e+06 1512.74 -4.01088 -21.2689
1010101 FRAC0_S 0 1 23250.7 14229.5 8463.34 -1.4692e+07 3.90339e+06 -29426.5 1357.84 -26.2665 0.123155
1010101 FRAC0_S 0 1 23370 14425.5 8216.7 2.98892e+06 -131040 2.02209e+06 1341.43 3.52229 -25.57
1010101 FRAC0_S 0 1 23393.9 14683.4 8000.73 3.49994e+06 -284155 1.62477e+06 1449.86 7.16171 -20.4527
1010101 FRAC0_S 0 1 23322.4 14963.5 7832.93 4.9721e+06 -1.23243e+06 1.60211e+06 2679.69 20.3571 -14.6176
1010101 FRAC0_S 0 1 23166.5 15233.3 7710.39 2.07772e+06 2.70063e+06 386240 1054.44 -54.0671 -5.64875
1010101 FRAC0_S 0 1 22950.8 15478.1 7661.28 -3.12123e+06 1.37351e+07 2.03246e+06 17360.3 -64.7889 -8.01083
1010101 FRAC0_S 0 1 22703.5 15687.2 7722.76 2.95558e+06 -591919 -436272 834.951 19.2562 8.1462
1010101 FRAC0_S 0 1 22435.2 15834.6 7856.63 7.21588e+06 1.11488e+06 -825847 4841.33 -16.0082 6.7665
1010101 FRAC0_S 0 1 22168.3 15901.1 8040.27 7.99276e+06 -4.8395e+06 -7.328e+06 14921.8 29.5735 23.9919