
Step FractureNumber TipNr TipActive TipX TipY TipZ KI KII KIII G Phi Psi Extension
1010000 FRAC0_S 0 1 -14676.8 -36566.7 8500 30487.2 2470.61 1420.41 0.0836373 -9.69964 -3.16641
1010000 FRAC0_S 0 1 -14981.1 -36512.5 8500 41617.6 2225.14 1671.83 0.155153 -6.67709 -2.82056
1010000 FRAC0_S 0 1 -15287.1 -36555 8500 39306 69956 8986.58 0.584502 -58.3247 -5.7372
1010000 FRAC0_S 0 1 -15565.1 -36690 8500 32823.1 2864.65 -208.143 0.0967404 -10.7268 0.451175
1010000 FRAC0_S 0 1 -15787.8 -36904.3 8500 34695.8 41.2458 521.095 0.107307 -0.163679 -1.14559
1010000 FRAC0_S 0 1 -15933.3 -37176.9 8500 36946.7 -457.988 961.885 0.121782 1.66123 -1.93479
1010000 FRAC0_S 0 1 -15987.5 -37481.1 8500 42004.6 -300.207 902.811 0.157341 0.969342 -1.61538
1010000 FRAC0_S 0 1 -15945 -37787.2 8500 46236.8 2558.5 -182.893 0.191091 -7.12224 0.290805
1010000 FRAC0_S 0 1 -15810 -38065.1 8500 33995 97742.3 -171052 4.8457 -37.8987 33.5323
1010000 FRAC0_S 0 1 -15595.8 -38287.8 8500 35034 759.031 2338.55 0.110151 -2.75904 -4.6595
1010000 FRAC0_S 0 1 -15323.2 -38433.3 8500 25805.2 140364 -74922.4 2.56158 -57.7812 21.0526
1010000 FRAC0_S 0 1 -15018.9 -38487.5 8500 36331.2 -5604.87 749.399 0.120495 17.176 -1.35922
1010000 FRAC0_S 0 1 -14712.9 -38445 8500 36455.7 -296983 -16545.5 8.01427 68.3946 3.6137
1010000 FRAC0_S 0 1 -14434.9 -38310 8500 40407.6 -484.757 -437.947 0.145543 1.63241 0.822804
1010000 FRAC0_S 0 1 -14212.2 -38095.7 8500 49078.5 -6835.96 7109.84 0.225526 14.3616 -8.3793
1010000 FRAC0_S 0 1 -14066.7 -37823.1 8500 34207.4 -51261.5 -84655.5 1.29158 35.829 30.6422
1010000 FRAC0_S 0 1 -14012.5 -37518.9 8500 42220.2 -1234.72 -328.385 0.158993 3.89243 0.583161
1010000 FRAC0_S 0 1 -14055 -37212.8 8500 37699.7 -641.371 -854.209 0.126783 2.27214 1.68423
1010000 FRAC0_S 0 1 -14190 -36934.9 8500 43276.3 -53532.7 91492.7 1.53559 34.1434 -30.1082
1010000 FRAC0_S 0 1 -14404.2 -36712.2 8500 41782.1 1518.64 -682.84 0.15583 -4.75039 1.20299
Step FractureNumber TipNr TipActive TipX TipY TipZ KI KII KIII G Phi Psi Extension
1010101 FRAC0_S 0 1 -14676.8 -36566.7 8500 42055.3 -2227.83 -17298 0.197843 4.97319 19.3062
1010101 FRAC0_S 0 1 -14981.1 -36512.5 8500 45011.6 -561.518 -10320 0.194734 1.39941 13.2768
1010101 FRAC0_S 0 1 -15287.1 -36555 8500 41877.3 7960.36 -4952.49 0.165182 -18.8627 6.7808
1010101 FRAC0_S 0 1 -15565.1 -36690 8500 49878 7175.08 -1520.24 0.226585 -16.0992 2.00222
1010101 FRAC0_S 0 1 -15787.8 -36904.3 8500 44395.2 486.859 1911.75 0.176137 -1.44903 -3.13158
1010101 FRAC0_S 0 1 -15933.3 -37176.9 8500 43350.6 8114.98 929.029 0.173445 -20.0043 -1.37267
1010101 FRAC0_S 0 1 -15987.5 -37481.1 8500 43417.7 13487.3 3288.4 0.185629 -27.8549 -4.16269
1010101 FRAC0_S 0 1 -15961.2 -37798.4 8484.65 92800 36365 24201.2 0.96314 -29.2602 -11.4867
1010101 FRAC0_S 0 1 -15842.4 -38087.7 8469.29 4429 -24118.7 91015.8 1.15534 25.3928 -40.2535
1010101 FRAC0_S 0 1 -15616.3 -38311.7 8463.5 106806 26158.5 -6077.91 1.08242 -23.861 3.34652
1010101 FRAC0_S 0 1 -15331.8 -38458.5 8457.7 23222.4 -21483.2 74720.8 0.831747 22.919 -35.8837
1010101 FRAC0_S 0 1 -15020.6 -38508.9 8502.1 93575.1 -100656 135792 4.13554 36.1879 -26.5071
1010101 FRAC0_S 0 1 -14707.5 -38462.6 8546.49 19876.6 19042 81622.2 0.953586 -20.3691 -37.6856
1010101 FRAC0_S 0 1 -14432.2 -38318.8 8523.24 -1165.22 33615.2 16037.5 0.134901 -61.9784 -21.3292
1010101 FRAC0_S 0 1 -14193 -38102.3 8514.64 69844.6 -48814.4 39930.7 0.859101 36.4604 -17.5473
1010101 FRAC0_S 0 1 -14028.4 -37836.4 8529.27 93321.8 -65085.9 38520 1.35088 38.6245 -13.9945
1010101 FRAC0_S 0 1 -13993.4 -37525.5 8514.64 69223.3 -23806.6 11469.5 0.495003 28.2612 -8.1635
1010101 FRAC0_S 0 1 -14038 -37201 8514.03 -7813.34 105174 -129691 3.22272 -47.5265 32.2596
1010101 FRAC0_S 0 1 -14156 -36911.2 8528.06 77229 -47173.5 -49745.8 1.05891 32.787 19.5881
1010101 FRAC0_S 0 1 -14387.2 -36700.4 8514.03 34520.7 -19520.9 -32498.5 0.280616 28.0181 24.6377