
Step FractureNumber TipNr TipActive TipX TipY TipZ KI KII KIII G Phi Psi Extension
1010000 FRAC0_S 0 1 812.916 44439 8500 5165.85 -630581 -664530 94.1683 51.4313 31.244
1010000 FRAC0_S 0 1 944.619 44711.5 8500 -408.306 -330660 -797090 94.2448 35.0202 38.6366
1010000 FRAC0_S 0 1 987.533 45017.5 8500 17921.6 52681.6 -765713 78.2561 -8.54117 43.7518
1010000 FRAC0_S 0 1 933.78 45321.8 8500 26879.7 384960 -716024 81.4579 -39.6297 36.2182
1010000 FRAC0_S 0 1 788.621 45594.7 8500 -61959.3 636213 -503086 69.7304 -54.5121 26.8784
1010000 FRAC0_S 0 1 566.268 45809.3 8500 22565.5 1.01513e+06 -477794 122.234 -62.3694 21.3113
1010000 FRAC0_S 0 1 288.484 45944.6 8500 -26260.5 928058 -206849 82.4403 -67.1788 12.8476
1010000 FRAC0_S 0 1 -17.5385 45987.6 8500 69751.8 1.29447e+06 37631.2 149.94 -69.5893 -2.07004
1010000 FRAC0_S 0 1 -321.845 45933.8 8500 72996.4 958310 172158 86.2516 -67.0952 -10.4827
1010000 FRAC0_S 0 1 -594.647 45788.6 8500 17650.9 698565 359106 60.6641 -61.407 -22.368
1010000 FRAC0_S 0 1 -809.24 45566.3 8500 84563.1 602916 574442 76.9172 -50.9098 -28.6684
1010000 FRAC0_S 0 1 -944.619 45288.5 8500 55922.2 400391 664706 73.328 -41.0736 -34.6476
1010000 FRAC0_S 0 1 -987.533 44982.5 8500 40860.2 -34528.2 849086 96.1409 5.13121 -43.802
1010000 FRAC0_S 0 1 -933.78 44678.2 8500 8962.07 -289771 581950 52.532 38.486 -37.1325
1010000 FRAC0_S 0 1 -788.621 44405.3 8500 25865.5 -699756 628980 96.31 53.6412 -29.1028
1010000 FRAC0_S 0 1 -566.268 44190.7 8500 26786.2 -968301 452329 110.826 62.3301 -21.1528
1010000 FRAC0_S 0 1 -288.484 44055.4 8500 17268.5 -823027 167405 64.1146 67.649 -12.0471
1010000 FRAC0_S 0 1 17.5385 44012.4 8500 42826.2 -1.16302e+06 -23396.3 120.768 69.7968 1.47263
1010000 FRAC0_S 0 1 321.845 44066.2 8500 22128.5 -1.04911e+06 -261924 107.245 66.8222 14.0508
1010000 FRAC0_S 0 1 594.647 44211.4 8500 30980.4 -830202 -450531 88.4994 60.5674 22.8974
Step FractureNumber TipNr TipActive TipX TipY TipZ KI KII KIII G Phi Psi Extension
1010101 FRAC0_S 0 1 861.757 44400.1 8575.22 616978 -259413 -423077 63.7236 25.1586 21.897
1010101 FRAC0_S 0 1 1021.27 44691.1 8544.53 575195 -304946 -1.05399e+06 185.519 20.333 32.7058
1010101 FRAC0_S 0 1 1074.76 45018.7 8490.97 344170 58197.2 -783855 92.576 -6.70005 37.1327
1010101 FRAC0_S 0 1 1006.49 45343.6 8444.04 442970 231606 -783036 103.814 -20.4778 32.3785
1010101 FRAC0_S 0 1 836.649 45627.9 8421.2 736368 320017 -417542 80.632 -27.0968 19.448
1010101 FRAC0_S 0 1 593.983 45846.2 8412.31 918458 276349 -295858 93.6171 -23.5483 14.181
1010101 FRAC0_S 0 1 300.641 45981.4 8408.34 1.35945e+06 339132 -127867 177.108 -23.5816 5.29892
1010101 FRAC0_S 0 1 -18.1865 46023.4 8407.07 1.22533e+06 215283 78938.3 138.751 -18.4295 -3.96293
1010101 FRAC0_S 0 1 -335.544 45970.4 8408.56 836169 197935 166060 69.4626 -21.1853 -10.1606
1010101 FRAC0_S 0 1 -625.139 45826 8413.67 816413 219730 339407 79.0181 -20.5774 -17.2368
1010101 FRAC0_S 0 1 -860.298 45599.4 8422.81 680884 290913 510432 83.505 -24.781 -22.9472
1010101 FRAC0_S 0 1 -1018.48 45308.1 8449.98 536840 271844 478060 62.6624 -26.4528 -24.424
1010101 FRAC0_S 0 1 -1073.85 44980.7 8503.61 340827 -40211.4 757496 86.8108 4.85728 -37.2877
1010101 FRAC0_S 0 1 -1007.51 44656.1 8553.49 538741 -282316 591432 79.4881 25.1856 -26.8742
1010101 FRAC0_S 0 1 -837.446 44371.7 8577.96 721364 -299026 450608 81.343 25.5668 -20.797
1010101 FRAC0_S 0 1 -563.486 44133.6 8588.21 602633 -184448 138269 37.9361 25.1246 -10.9182
1010101 FRAC0_S 0 1 -300.541 44019.1 8591.85 1.11387e+06 -243366 88474.9 116.879 21.5835 -4.64986
1010101 FRAC0_S 0 1 18.275 43976.8 8593.03 768603 -106582 -88802.8 54.7029 14.6232 6.90533
1010101 FRAC0_S 0 1 335.807 44029.2 8591.2 1.14771e+06 -236836 -247838 130.548 18.8385 11.0817
1010101 FRAC0_S 0 1 625.415 44173.6 8586.08 832699 -243702 -302790 79.2738 22.5523 15.5337