
Step FractureNumber TipNr TipActive TipX TipY TipZ KI KII KIII G Phi Psi Extension
1010000 FRAC0_S 0 1 45000 15987.2 8471.27 6.7837e+06 1.95137e+06 1.99379e+06 4968.73 -23.1477 -13.3554
1010000 FRAC0_S 0 1 45000 15947.8 8777.76 6.56179e+06 1.19444e+06 1.99524e+06 4493.42 -16.0981 -14.578
1010000 FRAC0_S 0 1 45000 15815.6 9057.06 6.9595e+06 436726 2.07429e+06 4905.26 -6.30714 -15.501
1010000 FRAC0_S 0 1 45000 15603.5 9281.83 6.122e+06 -463178 1.58205e+06 3691.75 7.71451 -13.8709
1010000 FRAC0_S 0 1 45000 15332.4 9430.08 7.37703e+06 -1.25731e+06 1.85018e+06 5445.57 15.7823 -12.7368
1010000 FRAC0_S 0 1 45000 15028.7 9487.27 7.60535e+06 -1.95758e+06 1.57089e+06 5823.93 22.4512 -10.3482
1010000 FRAC0_S 0 1 45000 14722.2 9447.82 6.41898e+06 -2.62033e+06 436379 4308.79 33.3616 -3.52211
1010000 FRAC0_S 0 1 45000 14442.9 9315.6 7.47167e+06 -3.07685e+06 337388 5833.39 33.9782 -2.38576
1010000 FRAC0_S 0 1 45000 14218.2 9103.54 6.16061e+06 -2.51571e+06 -312145 3958.92 33.7001 2.66893
1010000 FRAC0_S 0 1 45000 14070 8832.4 6.27361e+06 -2.41288e+06 -1.09569e+06 4185.67 30.2736 8.32264
1010000 FRAC0_S 0 1 45000 14012.8 8528.73 7.0584e+06 -2.21877e+06 -1.97047e+06 5394.64 24.8932 12.652
1010000 FRAC0_S 0 1 45000 14052.2 8222.24 6.20749e+06 -1.35927e+06 -2.10086e+06 4185.32 18.3002 15.3917
1010000 FRAC0_S 0 1 45000 14184.4 7942.94 6.28239e+06 430119 -2.4425e+06 4326.97 -6.42294 18.461
1010000 FRAC0_S 0 1 45000 14396.5 7718.17 5.1517e+06 1.17674e+06 -2.23045e+06 3150.04 -17.925 18.0857
1010000 FRAC0_S 0 1 45000 14667.6 7569.92 5.66266e+06 2.73548e+06 -1.7223e+06 3918.69 -32.7269 12.3183
1010000 FRAC0_S 0 1 45000 14971.3 7512.73 6.12564e+06 3.94426e+06 -1.24082e+06 4934.79 -40.3083 8.15966
1010000 FRAC0_S 0 1 45000 15277.8 7552.18 4.27432e+06 3.53794e+06 -27034.3 2743.51 -48.9256 0.268596
1010000 FRAC0_S 0 1 45000 15557.1 7684.4 6.03137e+06 3.76106e+06 468414 4531.29 -41.9114 -3.49198
1010000 FRAC0_S 0 1 45000 15781.8 7896.46 4.46864e+06 2.63156e+06 1.51564e+06 2702.03 -36.2304 -12.7
1010000 FRAC0_S 0 1 45000 15930 8167.6 5.96866e+06 2.58722e+06 1.4141e+06 4036.97 -31.6163 -10.3993
Step FractureNumber TipNr TipActive TipX TipY TipZ KI KII KIII G Phi Psi Extension
1010101 FRAC0_S 0 1 44960.3 16076.4 8469.53 7.02396e+06 -102068 1.65784e+06 4762.8 1.61735 -13.546
1010101 FRAC0_S 0 1 44973.6 16037.5 8804.62 7.05985e+06 86349.3 1.51467e+06 4747.17 -1.38885 -12.6318
1010101 FRAC0_S 0 1 44990.9 15894.9 9111.45 7.17241e+06 24257.6 1.9236e+06 5076.31 -0.371869 -14.9834
1010101 FRAC0_S 0 1 45010.7 15662.4 9357.72 7.30959e+06 645035 1.91564e+06 5286.3 -8.85023 -13.8954
1010101 FRAC0_S 0 1 45026.5 15364.4 9518.09 7.54995e+06 924893 1.84812e+06 5609.92 -11.9815 -12.9066
1010101 FRAC0_S 0 1 45039.6 15032.3 9576.16 6.37289e+06 231966 725333 3693.85 -4.36024 -7.39511
1010101 FRAC0_S 0 1 45051 14699.5 9528.12 7.88782e+06 1.50567e+06 1.14659e+06 5921.09 -18.5708 -8.0946
1010101 FRAC0_S 0 1 45055.5 14397.2 9382.59 7.72688e+06 1.01958e+06 661969 5471.21 -14.3496 -5.32464
1010101 FRAC0_S 0 1 45054.3 14153.2 9153.35 7.08915e+06 603892 -81151.6 4511.69 -10.4527 0.810614
1010101 FRAC0_S 0 1 45049.6 13990.2 8860.3 7.83242e+06 609061 -932603 5615.34 -8.80071 7.43339
1010101 FRAC0_S 0 1 45041.6 13924.5 8535.92 7.94021e+06 484741 -1.70629e+06 6026.27 -6.53822 12.2006
1010101 FRAC0_S 0 1 45023.4 13963.4 8195.54 6.71065e+06 354818 -2.01692e+06 4565.13 -5.3625 15.694
1010101 FRAC0_S 0 1 44994.6 14106 7889.41 6.96023e+06 -24580.4 -2.29452e+06 5017.19 0.370361 17.2695
1010101 FRAC0_S 0 1 44968.3 14339.8 7646.69 6.12176e+06 -487111 -2.03131e+06 3909.41 7.67036 16.5139
1010101 FRAC0_S 0 1 44949.1 14638.3 7492.44 6.17983e+06 -868981 -1.64663e+06 3831.04 13.2918 13.5873
1010101 FRAC0_S 0 1 44935.3 14967.7 7439.05 6.02291e+06 -1.01998e+06 -1.07063e+06 3477.66 16.4937 9.71799
1010101 FRAC0_S 0 1 44929.4 15296.9 7486.23 6.64521e+06 -1.26168e+06 -556640 4118.05 19.3145 4.98726
1010101 FRAC0_S 0 1 44932.9 15598.6 7625.59 6.83112e+06 -804328 -218774 4222.26 13.6029 2.14703
1010101 FRAC0_S 0 1 44940.6 15844.3 7849.29 6.28157e+06 -245636 354634 3538.21 4.9079 -3.93186
1010101 FRAC0_S 0 1 44949.1 16009.1 8140.28 6.79684e+06 17983.4 1.02443e+06 4256.23 -0.320793 -9.62944