
Step FractureNumber TipNr TipActive TipX TipY TipZ KI KII KIII G Phi Psi Extension
1010000 FRAC0_S 0 1 -44264.7 -14340.5 8500 40303.9 1728.47 -1550.62 0.145336 -5.44221 2.73336
1010000 FRAC0_S 0 1 -44504.5 -14145.6 8500 40008.1 1759.92 -1188.62 0.143098 -5.61825 2.13301
1010000 FRAC0_S 0 1 -44792.8 -14034.3 8500 29221.6 196051 -75867.5 4.26666 -61.4754 17.5563
1010000 FRAC0_S 0 1 -45101.4 -14017.5 8500 41073 1559.58 6801.49 0.156697 -4.34714 -10.1071
1010000 FRAC0_S 0 1 -45400.1 -14096.9 8500 39808 2722.26 994.568 0.142002 -8.48247 -1.76512
1010000 FRAC0_S 0 1 -45659.6 -14264.7 8500 29406 1654.18 1360.72 0.0775445 -6.96085 -3.21557
1010000 FRAC0_S 0 1 -45854.5 -14504.6 8500 40622.7 1155.43 1176.97 0.147353 -3.71515 -2.11243
1010000 FRAC0_S 0 1 -45965.7 -14792.8 8500 47107.2 468.937 2131.53 0.198367 -1.31451 -3.28406
1010000 FRAC0_S 0 1 -45982.4 -15101.4 8500 48876.4 10346.3 2736.43 0.223409 -21.4261 -3.38052
1010000 FRAC0_S 0 1 -45903.1 -15400.1 8500 40702.1 -485.395 1801.52 0.148078 1.57183 -3.21075
1010000 FRAC0_S 0 1 -45735.3 -15659.5 8500 29596.3 -3855.89 567.433 0.079423 14.9688 -1.29182
1010000 FRAC0_S 0 1 -45495.5 -15854.4 8500 30047 -3287.15 157.978 0.0814164 13.0663 -0.367183
1010000 FRAC0_S 0 1 -45207.2 -15965.7 8500 25269.6 147582 -40789.6 2.21903 -63.3074 13.6893
1010000 FRAC0_S 0 1 -44898.6 -15982.5 8500 36548.7 -292.355 713.656 0.119109 1.08563 -1.47033
1010000 FRAC0_S 0 1 -44599.9 -15903.1 8500 39820.7 -208016 -20272.5 4.05182 66.4834 5.70911
1010000 FRAC0_S 0 1 -44340.4 -15735.3 8500 50587.6 62952.2 8794.76 0.59147 -53.5064 -5.43695
1010000 FRAC0_S 0 1 -44145.5 -15495.4 8500 40682.8 -963.959 -1461.2 0.147852 3.09561 2.60599
1010000 FRAC0_S 0 1 -44029.5 -15184.9 8500 22017.9 -26974.1 -10141.6 0.121715 49.2963 12.4066
1010000 FRAC0_S 0 1 -44017.6 -14898.6 8500 43100.9 26801.7 86948 1.23502 -21.8785 -33.0977
1010000 FRAC0_S 0 1 -44096.9 -14599.9 8500 40486.1 564.765 -1592.24 0.146428 -1.84188 2.86642
Step FractureNumber TipNr TipActive TipX TipY TipZ KI KII KIII G Phi Psi Extension
1010101 FRAC0_S 0 1 -44264.7 -14340.5 8500 47024.2 271850 -196578 11.922 -54.3655 24.9473
1010101 FRAC0_S 0 1 -44502 -14133.9 8478.03 -203388 -170232 85781.2 3.56098 42.2657 -13.4139
1010101 FRAC0_S 0 1 -44787.8 -14011 8456.07 -2291.59 -36680.9 22789.9 0.188974 58.456 -24.2883
1010101 FRAC0_S 0 1 -45098.9 -14005.9 8478.03 147319 58900.9 40843.2 2.46496 -29.3981 -11.9927
1010101 FRAC0_S 0 1 -45400.1 -14096.9 8500 40966.9 -4613.71 11693.8 0.169636 10.8234 -14.5497
1010101 FRAC0_S 0 1 -45659.6 -14264.7 8500 42986.2 550.571 4639.55 0.167549 -1.59081 -7.20562
1010101 FRAC0_S 0 1 -45854.5 -14504.6 8500 41095.7 -899.462 3685.84 0.152373 2.72947 -6.0787
1010101 FRAC0_S 0 1 -45965.7 -14792.8 8500 32755.1 -952.265 2183.48 0.0963205 3.66524 -4.62313
1010101 FRAC0_S 0 1 -45982.4 -15101.4 8500 48634.8 3653.74 4493.76 0.214651 -8.71869 -5.96625
1010101 FRAC0_S 0 1 -45903.1 -15400.1 8500 41718.6 -3228.29 3798.98 0.157939 8.96476 -5.87845
1010101 FRAC0_S 0 1 -45735.3 -15659.5 8500 49330.8 -299655 229164 15.203 53.7575 -25.7325
1010101 FRAC0_S 0 1 -45497.8 -15865.4 8477.66 4358.61 -37184 16464.4 0.160954 60.9797 -19.4805
1010101 FRAC0_S 0 1 -45211.8 -15987.7 8455.33 -2164.52 -34682.5 79461.9 0.946977 35.5227 -37.8863
1010101 FRAC0_S 0 1 -44896.9 -16002.6 8500.59 48599.4 9602.86 47506.9 0.518854 -12.1403 -28.3891
1010101 FRAC0_S 0 1 -44591.9 -15921.3 8545.85 -123616 91566.4 148596 3.68387 -30.8043 -26.3552
1010101 FRAC0_S 0 1 -44336.5 -15744.3 8522.93 8366.72 32849.4 15755.3 0.13541 -57.451 -19.0469
1010101 FRAC0_S 0 1 -44145.5 -15495.4 8500 41883.2 4979.21 2386.83 0.159284 -13.4388 -3.70271
1010101 FRAC0_S 0 1 -44011.2 -15204.8 8490.68 45988.6 9664.39 2197.06 0.197428 -21.4347 -2.91472
1010101 FRAC0_S 0 1 -43971.4 -14893.8 8481.37 52762.1 27626.6 3058.48 0.317323 -38.677 -2.8145
1010101 FRAC0_S 0 1 -44073.8 -14597.6 8490.68 45440.4 13508.8 3560.11 0.201944 -26.986 -4.33531