
Step FractureNumber TipNr TipActive TipX TipY TipZ KI KII KIII G Phi Psi Extension
1010000 FRAC0_S 0 1 -21547 44740.6 8500 -438871 -1.9288e+06 -1.52977e+06 642.759 52.1403 25.5315
1010000 FRAC0_S 0 1 -21513.7 45052.7 8500 -252198 -1.03286e+06 -1.46126e+06 379.053 42.7515 32.1596
1010000 FRAC0_S 0 1 -21578.3 45354.9 8500 -245646 -178611 -1.61933e+06 351.599 11.7014 41.0865
1010000 FRAC0_S 0 1 -21733 45622.3 8500 -155667 598241 -1.32706e+06 266.118 -34.4622 36.3213
1010000 FRAC0_S 0 1 -21962.9 45828.9 8500 -193946 1.16729e+06 -1.30054e+06 346.374 -47.9333 30.2326
1010000 FRAC0_S 0 1 -22245.3 45954.3 8500 -180431 1.69889e+06 -979393 384.768 -58.4777 22.8494
1010000 FRAC0_S 0 1 -22552.7 45986.3 8500 -188764 2.22641e+06 -629519 494.417 -64.9439 14.7165
1010000 FRAC0_S 0 1 -22854.9 45921.7 8500 -176657 2.10161e+06 -129521 395.808 -68.8681 4.10034
1010000 FRAC0_S 0 1 -23122.4 45766.9 8500 -52776.6 1.55521e+06 152759 218.631 -69.0461 -6.51877
1010000 FRAC0_S 0 1 -23328.9 45537.1 8500 -147562 1.66309e+06 676717 307.374 -62.3129 -18.7782
1010000 FRAC0_S 0 1 -23454.3 45254.7 8500 -173982 1.20032e+06 925598 242.332 -53.9995 -26.0463
1010000 FRAC0_S 0 1 -23486.3 44947.3 8500 -210316 1.0905e+06 1.60744e+06 449.623 -42.6532 -33.0306
1010000 FRAC0_S 0 1 -23421.7 44645.1 8500 -304102 217463 1.66105e+06 371.175 -13.2539 -40.248
1010000 FRAC0_S 0 1 -23267 44377.7 8500 -300354 -412687 1.63417e+06 370.353 22.451 -38.3092
1010000 FRAC0_S 0 1 -23037.1 44171.1 8500 -236166 -903664 1.12484e+06 241.047 44.7183 -30.6007
1010000 FRAC0_S 0 1 -22754.7 44045.7 8500 -286814 -1.81218e+06 1.08675e+06 449.715 56.9871 -22.7679
1010000 FRAC0_S 0 1 -22447.3 44013.7 8500 -287556 -2.25427e+06 685714 515.371 63.6347 -15.0821
1010000 FRAC0_S 0 1 -22145.1 44078.3 8500 -294585 -2.3591e+06 105536 497.411 68.528 -2.93511
1010000 FRAC0_S 0 1 -21877.6 44233.1 8500 -285231 -2.08362e+06 -331641 401.498 66.3474 9.08129
1010000 FRAC0_S 0 1 -21671.1 44462.9 8500 -320664 -2.20962e+06 -916660 546.829 60.9802 18.4091
Step FractureNumber TipNr TipActive TipX TipY TipZ KI KII KIII G Phi Psi Extension
1010101 FRAC0_S 0 1 -21487.6 44731.8 8578.31 1.06227e+06 -599255 -511453 167.343 33.285 16.5307
1010101 FRAC0_S 0 1 -21439.4 45059.6 8558.75 577202 -548910 -758988 133.153 34.8305 26.0552
1010101 FRAC0_S 0 1 -21498.2 45386.5 8512.97 336070 16015.1 -1.04268e+06 154.683 -1.59829 39.868
1010101 FRAC0_S 0 1 -21669.1 45671.2 8458.22 354355 344680 -1.09966e+06 182.607 -24.2574 35.3522
1010101 FRAC0_S 0 1 -21925.3 45882.6 8427.43 1.05474e+06 427747 -660325 173.429 -25.1574 20.9026
1010101 FRAC0_S 0 1 -22230.1 46004.2 8416.17 610686 111722 -185830 38.9375 -16.1621 14.5777
1010101 FRAC0_S 0 1 -22553.7 46028.5 8410.07 957609 167160 -267856 93.7476 -15.796 13.7816
1010101 FRAC0_S 0 1 -22867.6 45956.1 8407.37 572907 45313.8 -181022 33.7891 -7.71242 15.9735
1010101 FRAC0_S 0 1 -23146.6 45795.6 8407.85 826436 308272 -201797 74.7461 -28.5676 11.0248
1010101 FRAC0_S 0 1 -23368.3 45560.5 8412.15 905974 398915 135569 89.7653 -33.4025 -7.04867
1010101 FRAC0_S 0 1 -23510.8 45267.6 8420.47 896596 458230 517297 125.935 -30.0734 -19.0331
1010101 FRAC0_S 0 1 -23559.9 44940.4 8440.16 689765 625275 829864 168.829 -34.8636 -25.2384
1010101 FRAC0_S 0 1 -23503.5 44612 8481.15 247921 475564 1.03248e+06 167.411 -32.7815 -34.4539
1010101 FRAC0_S 0 1 -23335.2 44324.8 8530.96 251819 -291319 1.06994e+06 165.467 23.0007 -37.2181
1010101 FRAC0_S 0 1 -23077.8 44113.5 8565.7 395777 -363124 534205 63.663 33.7941 -26.5912
1010101 FRAC0_S 0 1 -22770.7 43993.4 8581.92 657562 -373686 457412 78.8005 30.7322 -20.851
1010101 FRAC0_S 0 1 -22446.3 43969.9 8589.03 584965 -253463 309345 48.9441 27.5026 -18.6253
1010101 FRAC0_S 0 1 -22131.6 44042.3 8591.83 886982 -228114 182314 79.1638 22.4512 -10.309
1010101 FRAC0_S 0 1 -21851.5 44202.3 8590.93 902353 -302424 89586.5 81.7745 28.8892 -5.24051
1010101 FRAC0_S 0 1 -21629.6 44438 8586.36 936757 -444530 -117975 97.6551 35.3561 5.93339