
Step FractureNumber TipNr TipActive TipX TipY TipZ KI KII KIII G Phi Psi Extension
1010000 FRAC0_S 0 1 -30000 -14017.8 8603.45 6.78743e+06 1.08884e+07 -9.10527e+06 25696.3 -45.3489 22.7046
1010000 FRAC0_S 0 1 -30000 -14097.8 8901.92 -3.3736e+07 -1.59404e+06 -1.47278e+07 29075.4 4.38718 20.0923
1010000 FRAC0_S 0 1 -30000 -14266.1 9161.05 -4.79205e+06 1.17183e+07 -5.87769e+06 16831.3 -54.1009 18.2033
1010000 FRAC0_S 0 1 -30000 -14506.3 9355.47 -8.9571e+06 1.13733e+07 -4.34636e+06 14039.1 -49.6554 12.7145
1010000 FRAC0_S 0 1 -30000 -14794.9 9466.15 -1.00155e+07 8.99692e+06 -2.55532e+06 8081.41 -46.2197 8.7781
1010000 FRAC0_S 0 1 -30000 -15103.5 9482.25 -2.25321e+07 4.27539e+06 -5.45817e+06 5591.13 -17.3218 12.2504
1010000 FRAC0_S 0 1 -30000 -15401.9 9402.21 -1.08916e+07 1.11193e+07 2.59286e+06 11911.5 -48.9736 -7.85351
1010000 FRAC0_S 0 1 -30000 -15661 9233.85 7.47725e+06 2.02845e+06 9.12674e+06 16427.3 -14.4117 -30.289
1010000 FRAC0_S 0 1 -30000 -15855.5 8993.66 -2.15354e+06 2.32818e+06 8.47671e+06 10039.7 -22.8936 -36.9025
1010000 FRAC0_S 0 1 -30000 -15966.1 8705.15 4.61535e+06 -5.63743e+06 9.15775e+06 15884.1 34.7559 -29.4544
1010000 FRAC0_S 0 1 -30000 -15982.2 8396.55 1.26871e+07 -1.46273e+07 7.55049e+06 40991.4 46.4148 -15.3443
1010000 FRAC0_S 0 1 -30000 -15902.2 8098.08 1.83184e+07 -2.11242e+07 3.38834e+06 71192.6 52.0207 -5.96404
1010000 FRAC0_S 0 1 -30000 -15719.7 7823.19 2.38108e+07 -2.33654e+07 -3.42498e+06 100730 49.7205 5.12831
1010000 FRAC0_S 0 1 -30000 -15493.7 7644.53 2.76217e+07 -2.13915e+07 -9.33428e+06 120352 41.9183 11.6337
1010000 FRAC0_S 0 1 -30000 -15205.1 7533.85 5.33615e+07 -2.85514e+07 -2.02579e+07 380958 33.6563 14.1681
1010000 FRAC0_S 0 1 -30000 -14896.5 7517.75 2.8624e+07 -1.01621e+07 -1.87056e+07 128749 22.559 21.8848
1010000 FRAC0_S 0 1 -30000 -14598.1 7597.79 2.78757e+07 -2.22136e+06 -1.73814e+07 109864 6.39692 24.1323
1010000 FRAC0_S 0 1 -30000 -14339 7766.15 1.95858e+07 2.60826e+06 -1.31922e+07 57935.7 -9.93887 24.4924
1010000 FRAC0_S 0 1 -30000 -14144.5 8006.34 -767226 1.4528e+06 -7.98394e+06 8665.93 -18.5136 40.8272
1010000 FRAC0_S 0 1 -30000 -14033.9 8294.85 419337 2.88064e+06 -1.66003e+07 37406.1 -18.7987 42.1027
Step FractureNumber TipNr TipActive TipX TipY TipZ KI KII KIII G Phi Psi Extension
1010101 FRAC0_S 0 1 -30041.7 -13936.8 8612.36 8.70983e+06 6.90288e+06 -8.75072e+06 21190.6 -34.0468 23.7584
1010101 FRAC0_S 0 1 -30034.2 -14023.8 8933.86 2.08739e+06 6.90332e+06 -5.651e+06 8882.08 -50.4469 25.1886
1010101 FRAC0_S 0 1 -30057.7 -14213.5 9204.83 4.51682e+06 1.07592e+07 -5.71847e+06 16482.7 -53.3626 18.7973
1010101 FRAC0_S 0 1 -30076.4 -14475.7 9410.23 3.256e+06 1.54805e+07 -5.09433e+06 25751.3 -61.4054 15.1661
1010101 FRAC0_S 0 1 -30062.6 -14782.1 9537.74 -7.52266e+06 1.56879e+07 -4.01644e+06 24076.5 -57.4269 10.7882
1010101 FRAC0_S 0 1 -30051.8 -15111.6 9561.63 -5.07523e+06 1.61471e+07 -1.84348e+06 23685.6 -63.7019 6.02317
1010101 FRAC0_S 0 1 -30051.4 -15434 9473.91 1.07065e+07 4.04806e+06 7.979e+06 20142.2 -22.7096 -23.3112
1010101 FRAC0_S 0 1 -30041.1 -15720.1 9296.33 -2.77385e+06 1.02976e+07 5.03889e+06 12826.3 -56.9729 -19.1475
1010101 FRAC0_S 0 1 -30011.4 -15931.6 9038.94 419723 -1.04521e+07 -4.85163e+06 12881.2 62.1323 20.9258
1010101 FRAC0_S 0 1 -29963.1 -16043.4 8723.38 1.31174e+07 -6.06415e+06 1.29898e+06 18834.2 35.3161 -4.8144
1010101 FRAC0_S 0 1 -29929.8 -16050.7 8390.94 1.72631e+06 -6.76681e+06 7.05817e+06 10971.6 47.6644 -28.6036
1010101 FRAC0_S 0 1 -29923.4 -15959.5 8072.93 3.11851e+07 304356 2.23167e+06 87330.8 -1.25789 -5.01752
1010101 FRAC0_S 0 1 -29925.5 -15778 7791.23 3.48631e+07 4.12018e+06 -4.30715e+06 112287 -12.6905 7.43389
1010101 FRAC0_S 0 1 -29933.7 -15528.6 7581.13 4.40079e+07 1.04042e+06 -8.83647e+06 183061 -2.67706 11.9036
1010101 FRAC0_S 0 1 -29946 -15220.7 7454.07 3.71081e+07 5.05217e+06 -1.44472e+07 152740 -11.9373 17.7575
1010101 FRAC0_S 0 1 -29964.2 -14885.9 7428.78 3.69723e+07 4.33017e+06 -1.72035e+07 162842 -9.9783 20.0823
1010101 FRAC0_S 0 1 -29989.2 -14559 7511.15 3.37512e+07 3.37927e+06 -1.74947e+07 143233 -8.39291 21.596
1010101 FRAC0_S 0 1 -30013.8 -14275.4 7695.01 3.0667e+07 -1.69425e+06 -1.83781e+07 128982 4.59673 23.9226
1010101 FRAC0_S 0 1 -30028.3 -14063.8 7959.43 2.30477e+07 -219142 -1.8164e+07 91219.9 0.73855 27.8536
1010101 FRAC0_S 0 1 -30041.9 -13949.5 8275.01 1.99764e+07 4.16528e+06 -1.13467e+07 54229.6 -15.4675 21.5655