
Step FractureNumber TipNr TipActive TipX TipY TipZ KI KII KIII G Phi Psi Extension
1010000 FRAC0_S 0 1 44523.2 -44135 8500 13752.4 -222812 46239.6 4.72512 66.85 -11.8711
1010000 FRAC0_S 0 1 44279.2 -44324.7 8500 39243.4 -257631 -2762.13 6.05283 68.6243 0.716219
1010000 FRAC0_S 0 1 44105.9 -44580.5 8500 109668 -316441 -649451 66.0923 35.1303 35.0664
1010000 FRAC0_S 0 1 44020 -44877.3 8500 19745.8 -162475 -87869.6 3.41398 58.8871 21.8833
1010000 FRAC0_S 0 1 44030 -45186.2 8500 51067.1 -182153 -649495 59.2943 25.909 39.5259
1010000 FRAC0_S 0 1 44135 -45476.8 8500 33741.7 -65829 -159220 3.85928 31.0827 35.4978
1010000 FRAC0_S 0 1 44324.7 -45720.8 8500 65546.5 245901 162021 9.26246 -53.829 -22.8273
1010000 FRAC0_S 0 1 44580.5 -45894.1 8500 22399.5 63261.1 -100249 1.73796 -39.5338 32.4648
1010000 FRAC0_S 0 1 44877.3 -45980 8500 30482 139475 -113460 3.52842 -51.944 25.937
1010000 FRAC0_S 0 1 45186.2 -45970 8500 -5003.2 -719997 -1230.62 46.1944 69.9948 0.132079
1010000 FRAC0_S 0 1 45476.8 -45865 8500 29950.3 202447 -34910.5 3.8942 -65.8787 9.62396
1010000 FRAC0_S 0 1 45720.8 -45675.3 8500 34666.1 197259 1928.9 3.57494 -68.2858 -0.641123
1010000 FRAC0_S 0 1 45894.1 -45419.5 8500 31221.6 171948 41350 2.94891 -63.834 -12.2466
1010000 FRAC0_S 0 1 45980 -45122.7 8500 33495.1 161494 86228.7 3.41291 -57.3126 -20.8142
1010000 FRAC0_S 0 1 45970 -44813.8 8500 28065.2 106172 104135 2.51694 -48.4695 -27.7772
1010000 FRAC0_S 0 1 45865 -44523.2 8500 26954.5 52019.4 123877 2.34681 -31.2985 -35.3263
1010000 FRAC0_S 0 1 45675.3 -44279.2 8500 -55258.1 745052 -274867 59.5136 -63.4007 17.7838
1010000 FRAC0_S 0 1 45419.5 -44105.9 8500 23475.8 -65412 128724 2.63419 35.7578 -34.5924
1010000 FRAC0_S 0 1 45122.7 -44020 8500 20314.3 -132653 107865 3.15226 53.0951 -26.6127
1010000 FRAC0_S 0 1 44813.8 -44030 8500 -57844.6 157788 402302 23.7442 -31.1845 -36.7941
Step FractureNumber TipNr TipActive TipX TipY TipZ KI KII KIII G Phi Psi Extension
1010101 FRAC0_S 0 1 44503.1 -44090.6 8556.3 58407.3 -47912.2 -231376 7.6287 18.4541 37.9509
1010101 FRAC0_S 0 1 44242.7 -44294.9 8583.93 85907.7 46994 -214554 6.97691 -17.6547 35.5819
1010101 FRAC0_S 0 1 44049.3 -44555.3 8573.46 -62968.3 94648.5 -200343 6.13654 -32.1236 33.3181
1010101 FRAC0_S 0 1 43953.7 -44869.7 8568.11 -141439 163170 -136335 4.84461 -42.2213 20.962
1010101 FRAC0_S 0 1 43954.1 -45202 8556.22 -119098 188318 -202986 8.64021 -42.1252 25.801
1010101 FRAC0_S 0 1 44065.3 -45512.4 8516.56 46511 116177 -103265 2.81375 -47.7991 25.3108
1010101 FRAC0_S 0 1 44277.6 -45770.1 8456.63 148308 172003 -130658 6.86683 -43.214 19.8287
1010101 FRAC0_S 0 1 44552.1 -45955.1 8428.31 229207 184474 -98235.4 8.99741 -41.3603 13.7528
1010101 FRAC0_S 0 1 44866.9 -46036.5 8468.21 80186.8 -27347.2 -172316 4.58876 13.0125 35.5164
1010101 FRAC0_S 0 1 45192.4 -46011.1 8504.48 21235.6 160755 -16951.1 2.3812 -67.4209 6.40652
1010101 FRAC0_S 0 1 45495 -45897.6 8454.63 37799.2 17267.9 141177 2.8047 -11.7769 -39.0343
1010101 FRAC0_S 0 1 45749.2 -45701.6 8408.29 1342.3 -50128.9 303027 12.4369 18.3974 -42.562
1010101 FRAC0_S 0 1 45934.3 -45436.9 8410.86 -156997 -114828 285703 12.0313 25.8648 -31.305
1010101 FRAC0_S 0 1 46033.1 -45127.6 8416.77 -233702 -173931 94487.6 3.88317 40.0958 -13.5093
1010101 FRAC0_S 0 1 46034.7 -44799 8428.54 -137883 -65681.5 -718723 69.0872 9.6152 40.7438
1010101 FRAC0_S 0 1 45926.4 -44491.3 8432.96 -34527.9 -65653.8 -146980 3.25733 32.2491 34.7145
1010101 FRAC0_S 0 1 45718 -44234.2 8456.91 193161 146135 -325537 19.3224 -27.3909 30.2808
1010101 FRAC0_S 0 1 45446.3 -44046 8526.86 213365 -499240 184279 30.7831 56.2401 -14.6332
1010101 FRAC0_S 0 1 45131.1 -43950.8 8541.65 -120561 328045 204886 15.1726 -52.6389 -21.2111
1010101 FRAC0_S 0 1 44802.9 -43964.5 8517.08 82162.3 -201557 -15334.4 4.25293 62.5599 3.91281