
Step FractureNumber TipNr TipActive TipX TipY TipZ KI KII KIII G Phi Psi Extension
1010000 FRAC0_S 0 1 44349.9 -36761.7 8411.81 1.99058e+06 -2.24344e+06 1.25864e+06 1012.28 45.5042 -16.1409
1010000 FRAC0_S 0 1 44234.2 -36898.1 8663.84 2.16574e+06 -2.88354e+06 784436 1240.73 52.0979 -9.89168
1010000 FRAC0_S 0 1 44193.5 -37093.4 8899.82 1.98976e+06 -3.18644e+06 125472 1259.66 58.8573 -1.8275
1010000 FRAC0_S 0 1 44231.8 -37328.5 9096.68 1.82369e+06 -2.76963e+06 -497659 1012.86 55.4462 7.3094
1010000 FRAC0_S 0 1 44345.3 -37580.4 9235.13 1.98303e+06 -2.50649e+06 -1.08935e+06 1068.08 48.7697 13.9723
1010000 FRAC0_S 0 1 44522.9 -37824.5 9301.61 1.95511e+06 -1.87269e+06 -1.56538e+06 979.029 40.1728 19.8595
1010000 FRAC0_S 0 1 44747.1 -38036.7 9289.63 2.14501e+06 -1.23147e+06 -2.07333e+06 1116.86 28.061 24.8981
1010000 FRAC0_S 0 1 44996.1 -38196.4 9200.35 2.01624e+06 -144618 -2.00922e+06 901.031 4.77102 29.9209
1010000 FRAC0_S 0 1 45245.4 -38288 9042.52 1.92274e+06 873307 -1.97696e+06 917.208 -23.2721 26.6459
1010000 FRAC0_S 0 1 45470.8 -38302.5 8831.58 2.07378e+06 1.62992e+06 -1.72399e+06 1015.25 -35.7291 21.4457
1010000 FRAC0_S 0 1 45650.1 -38238.3 8588.19 1.56396e+06 1.75302e+06 -974865 618.201 -45.5051 16.0146
1010000 FRAC0_S 0 1 45765.8 -38101.9 8336.16 2.25537e+06 3.0531e+06 -790980 1367.12 -52.5387 9.56012
1010000 FRAC0_S 0 1 45806.5 -37906.6 8100.18 2.1047e+06 3.15101e+06 -82936.7 1280.41 -58.246 1.20378
1010000 FRAC0_S 0 1 45768.2 -37671.5 7903.32 1.99758e+06 2.81649e+06 513362 1097.5 -54.4498 -7.20982
1010000 FRAC0_S 0 1 45654.7 -37419.6 7764.87 1.35438e+06 1.89386e+06 1.36287e+06 730.105 -45.6921 -20.1711
1010000 FRAC0_S 0 1 45477.1 -37175.5 7698.39 2.75694e+06 2.29897e+06 2.05161e+06 1708.08 -37.9602 -19.7654
1010000 FRAC0_S 0 1 45252.9 -36963.3 7710.37 2.04743e+06 1.37756e+06 1.31638e+06 773.118 -34.7667 -19.112
1010000 FRAC0_S 0 1 45003.9 -36803.6 7799.65 1.99244e+06 176865 1.958e+06 866.431 -5.8708 -29.5765
1010000 FRAC0_S 0 1 44754.6 -36712 7957.48 2.07343e+06 -661609 2.00774e+06 958.225 18.1676 -27.1056
1010000 FRAC0_S 0 1 44533.8 -36697 8163.25 2.12835e+06 -1.66581e+06 1.83559e+06 1099.06 35.2965 -21.9238
Step FractureNumber TipNr TipActive TipX TipY TipZ KI KII KIII G Phi Psi Extension
1010101 FRAC0_S 0 1 44345.5 -36669.2 8444.7 3.45033e+06 -182968 1.3498e+06 1306.14 5.04611 -18.7069
1010101 FRAC0_S 0 1 44233.8 -36815.5 8718.03 3.79326e+06 -148371 776374 1364.31 4.33347 -11.9418
1010101 FRAC0_S 0 1 44197.5 -37022.9 8969.4 4.30272e+06 -417928 192960 1670.24 11.4013 -3.01221
1010101 FRAC0_S 0 1 44235.3 -37272.6 9178.3 3.5955e+06 -228983 -492994 1188.98 7.22817 8.47621
1010101 FRAC0_S 0 1 44346.1 -37544 9326.63 3.05876e+06 -175016 -987473 966.134 5.68416 16.4406
1010101 FRAC0_S 0 1 44524.1 -37814.1 9398.79 3.91752e+06 -430218 -1.65288e+06 1747.42 9.67757 18.9814
1010101 FRAC0_S 0 1 44750.5 -38060.5 9382.16 2.3851e+06 168255 -2.10769e+06 1100.28 -4.96253 28.5232
1010101 FRAC0_S 0 1 44999.4 -38258.4 9269.42 2.30781e+06 -103296 -1.77997e+06 896.933 3.408 27.1746
1010101 FRAC0_S 0 1 45247.8 -38377.3 9073.6 2.16075e+06 -84005 -1.65221e+06 779.735 2.98538 27.1381
1010101 FRAC0_S 0 1 45474.6 -38399.7 8826.54 2.20927e+06 63345.5 -1.35881e+06 680.862 -2.42081 24.5658
1010101 FRAC0_S 0 1 45654.2 -38330.8 8555.13 3.55469e+06 680226 -1.14124e+06 1340.43 -16.5931 15.0706
1010101 FRAC0_S 0 1 45766.1 -38184.5 8281.87 3.96739e+06 454175 -584213 1466.38 -12.126 8.65371
1010101 FRAC0_S 0 1 45803.3 -37977 8030.47 4.90304e+06 125894 -113248 2145.3 -3.38561 1.70181
1010101 FRAC0_S 0 1 45767 -37726.6 7821.34 3.96471e+06 158956 537767 1441.43 -4.69263 -8.55928
1010101 FRAC0_S 0 1 45657.4 -37454 7672.82 3.52984e+06 253420 1.10358e+06 1277.99 -7.07182 -15.9316
1010101 FRAC0_S 0 1 45476.8 -37186.3 7600.66 2.05665e+06 105191 1.10244e+06 539.551 -4.4388 -22.5789
1010101 FRAC0_S 0 1 45246.3 -36943.8 7617.08 2.61086e+06 -96850.7 1.86409e+06 1070.42 2.93439 -26.3172
1010101 FRAC0_S 0 1 44996.7 -36745.1 7728.23 2.51955e+06 -150144 1.96599e+06 1081.75 4.46099 -27.1444
1010101 FRAC0_S 0 1 44749 -36624.1 7922.76 2.56755e+06 -49207.3 1.93569e+06 1085.99 1.50508 -27.1993
1010101 FRAC0_S 0 1 44523.8 -36600.9 8171.58 2.47382e+06 412403 1.62457e+06 911.506 -12.2145 -23.8115