
Step FractureNumber TipNr TipActive TipX TipY TipZ KI KII KIII G Phi Psi Extension
1010000 FRAC0_S 0 1 15000 -29019.2 8617.02 -1.09833e+07 6.60994e+06 -3.56046e+06 5579.36 -36.9114 12.1936
1010000 FRAC0_S 0 1 15000 -29103.5 8914.36 -2.04018e+07 2.24363e+07 9.80926e+06 57654.5 -46.9497 -13.3874
1010000 FRAC0_S 0 1 15000 -29275.4 9171.13 -8.03063e+06 4.42724e+06 -2.49406e+06 2573.91 -35.3166 12.0926
1010000 FRAC0_S 0 1 15000 -29518.2 9362.22 -6.74005e+06 4.14937e+06 -2.72532e+06 2522.08 -36.1659 14.2913
1010000 FRAC0_S 0 1 15000 -29808.3 9468.89 -4.85114e+06 3.31057e+06 -2.15141e+06 1592.23 -37.7277 14.8354
1010000 FRAC0_S 0 1 15000 -30117.1 9480.74 -8.72679e+06 1.547e+07 5.13812e+06 24837.1 -54.3627 -12.6496
1010000 FRAC0_S 0 1 15000 -30414.4 9396.57 -5.8621e+06 4.64651e+06 -89936.8 1924.96 -47.9232 0.659514
1010000 FRAC0_S 0 1 15000 -30671.2 9224.65 -5.71737e+06 3.08411e+06 1.30393e+06 1073.72 -36.2071 -9.5151
1010000 FRAC0_S 0 1 15000 -30862.2 8981.79 -8.11535e+06 1.02227e+06 3.15604e+06 1417.88 -11.1576 -17.8493
1010000 FRAC0_S 0 1 15000 -30968.9 8691.77 -9.98986e+06 -4.29556e+06 3.37418e+06 3158.46 29.9122 -13.6986
1010000 FRAC0_S 0 1 15000 -30980.8 8382.98 -1.20731e+07 -8.68356e+06 2.10419e+06 7308.14 43.0785 -6.8998
1010000 FRAC0_S 0 1 15000 -30896.5 8085.64 -1.48535e+07 -1.23144e+07 -630919 13565.9 48.2812 1.75329
1010000 FRAC0_S 0 1 15000 -30724.6 7828.87 -1.21379e+07 -9.84369e+06 -3.67138e+06 10427.3 43.4143 10.4872
1010000 FRAC0_S 0 1 15000 -30481.8 7637.78 -1.74328e+07 -1.18906e+07 -8.27889e+06 21714.8 37.2712 15.5736
1010000 FRAC0_S 0 1 15000 -30191.7 7531.11 -5.75843e+06 1.19192e+07 1.77838e+06 13080.2 -59.4957 -6.85389
1010000 FRAC0_S 0 1 15000 -29882.9 7519.26 -1.64908e+07 -2.62209e+06 -1.16917e+07 18793.1 11.4096 24.8506
1010000 FRAC0_S 0 1 15000 -29585.6 7603.43 -2.2068e+07 1.26301e+07 -1.81254e+07 57909.1 -29.4722 22.8788
1010000 FRAC0_S 0 1 15000 -29328.8 7775.35 -1.20808e+07 2.10647e+07 3.73663e+06 41396.9 -57.1252 -7.56367
1010000 FRAC0_S 0 1 15000 -29137.8 8018.21 -1.53945e+07 8.6506e+06 -9.0769e+06 17626.2 -31.7895 18.8971
1010000 FRAC0_S 0 1 15000 -29031.1 8308.23 -1.45244e+07 1.58406e+07 1.85533e+06 22817.7 -51.9095 -4.38202
Step FractureNumber TipNr TipActive TipX TipY TipZ KI KII KIII G Phi Psi Extension
1010101 FRAC0_S 0 1 14932 -28949 8625.93 -4.59411e+06 8.74697e+06 -3.29579e+06 8262.44 -54.2566 14.1569
1010101 FRAC0_S 0 1 14934 -29037.6 8944.91 -3.98777e+06 7.44965e+06 -3.09451e+06 6218.97 -53.3736 15.1133
1010101 FRAC0_S 0 1 14938.1 -29220.1 9223.64 -3.51451e+06 5.423e+06 -2.92202e+06 3756.21 -49.381 17.2148
1010101 FRAC0_S 0 1 14940.8 -29479.7 9430.71 -2.13986e+06 4.53444e+06 -3.39166e+06 3362.15 -48.8614 22.5351
1010101 FRAC0_S 0 1 14934.3 -29792.4 9539.77 -296305 5.82845e+06 -3.3972e+06 4562.1 -59.4677 23.628
1010101 FRAC0_S 0 1 14925.6 -30123.7 9544.26 1.22797e+06 5.92444e+06 -2.56739e+06 4138.7 -59.3269 18.3005
1010101 FRAC0_S 0 1 14927.9 -30443.8 9456.25 2.15717e+06 7.35902e+06 -1.24244e+06 5445.74 -63.0106 8.56757
1010101 FRAC0_S 0 1 14947.1 -30727 9281.41 9.52291e+06 1.7803e+07 1.14223e+07 53676.6 -49.5467 -20.1254
1010101 FRAC0_S 0 1 14988.1 -30940 9024.72 -6.31809e+06 2.2076e+06 3.4205e+06 1990.36 -23.4809 -19.628
1010101 FRAC0_S 0 1 15037.2 -31051 8709.99 -7.83306e+06 -5.29763e+06 718730 2569.57 43.31 -3.95901
1010101 FRAC0_S 0 1 15065.3 -31053.3 8375.88 -4.91918e+06 -1.12575e+07 2.48479e+06 12114.1 58.9811 -9.80074
1010101 FRAC0_S 0 1 15071.6 -30958.2 8057.18 -5.21943e+06 -1.351e+07 -1.71496e+06 16655.6 61.9468 6.31075
1010101 FRAC0_S 0 1 15068.1 -30776.1 7779.84 -3.81781e+06 -1.668e+07 -2.03785e+06 25344.6 65.2738 6.78355
1010101 FRAC0_S 0 1 15025.9 -30517 7578.26 -9.14417e+06 -4.05083e+07 -1.78285e+07 188497 58.8164 18.3042
1010101 FRAC0_S 0 1 14977 -30203.5 7464.51 -1.64556e+07 1.30113e+07 -1.82486e+07 59376.1 -32.9709 25.0041
1010101 FRAC0_S 0 1 14976 -29870.5 7438.39 -1.91041e+07 3.01391e+06 -1.12314e+07 17586.6 -12.0806 22.5259
1010101 FRAC0_S 0 1 14959.3 -29555.3 7529.62 -1.12798e+07 7.41169e+06 -1.14739e+07 22404.7 -30.1723 24.8942
1010101 FRAC0_S 0 1 14932.6 -29282.7 7725.32 -7.31628e+06 1.17832e+07 -7.25729e+06 19377.2 -48.5984 18.9752
1010101 FRAC0_S 0 1 14933 -29076.4 7984.54 -6.08865e+06 1.13769e+07 -5.4036e+06 15417.4 -52.3231 16.5877
1010101 FRAC0_S 0 1 14932.5 -28962.5 8294.25 -5.21796e+06 9.85809e+06 -2.31376e+06 9371.9 -56.869 9.79391