
Step FractureNumber TipNr TipActive TipX TipY TipZ KI KII KIII G Phi Psi Extension
1010000 FRAC0_S 0 1 -14499.2 -14148.7 8500 -652657 3.87195e+06 1.38623e+06 1591.52 -61.6711 -16.4778
1010000 FRAC0_S 0 1 -14786.8 -14035.6 8500 -4.53757e+07 1.49084e+06 2.02013e+06 740.823 -4.20433 -3.16683
1010000 FRAC0_S 0 1 -15095.2 -14016.9 8500 -637998 1.74393e+06 2.71391e+06 1250.6 -39.7133 -32.1808
1010000 FRAC0_S 0 1 -15394.4 -14094.5 8500 -684312 509473 3.04805e+06 1258.78 -15.8051 -39.0091
1010000 FRAC0_S 0 1 -15679.6 -14282.5 8500 -406881 -452967 1.92287e+06 510.043 20.9342 -38.1413
1010000 FRAC0_S 0 1 -15851.3 -14499.2 8500 -733286 -2.1901e+06 2.74192e+06 1427.33 43.6602 -30.0208
1010000 FRAC0_S 0 1 -15964.4 -14786.8 8500 -671629 -3.33411e+06 2.15602e+06 1608.81 55.2585 -23.2522
1010000 FRAC0_S 0 1 -15983.1 -15095.2 8500 -776567 -4.48821e+06 1.62108e+06 2144.55 61.513 -16.5339
1010000 FRAC0_S 0 1 -15905.5 -15394.4 8500 -684883 -4.55477e+06 448648 1875.44 67.2203 -5.94673
1010000 FRAC0_S 0 1 -15739.4 -15654.9 8500 -602038 -4.52039e+06 -458246 1848.8 67.4732 6.18231
1010000 FRAC0_S 0 1 -15500.8 -15851.3 8500 -624768 -4.25567e+06 -1.46671e+06 1899.96 62.3994 16.2622
1010000 FRAC0_S 0 1 -15213.2 -15964.4 8500 -1.15889e+07 -2.79363e+06 -2.21793e+06 1349.7 21.5777 9.83224
1010000 FRAC0_S 0 1 -14904.8 -15983.1 8500 -254013 -2.70715e+06 -3.03555e+06 1878.6 48.9357 31.0278
1010000 FRAC0_S 0 1 -14605.6 -15905.5 8500 2.6419e+07 -1.32788e+06 -3.009e+06 63556.6 5.91399 7.31527
1010000 FRAC0_S 0 1 -14345.1 -15739.4 8500 -663222 723565 -2.98976e+06 1235.49 -21.2326 37.8842
1010000 FRAC0_S 0 1 -14148.7 -15500.8 8500 -622657 1.8263e+06 -2.35488e+06 1034.77 -43.1072 30.3062
1010000 FRAC0_S 0 1 -14035.6 -15213.2 8500 3.21131e+07 2.73437e+06 -2.51389e+06 93401.4 -9.87124 5.0989
1010000 FRAC0_S 0 1 -14016.9 -14904.8 8500 -243950 4.02984e+06 -1.55752e+06 1769.75 -63.3193 18.4793
1010000 FRAC0_S 0 1 -14094.5 -14605.6 8500 -7.21892e+06 3.89071e+06 -219573 1355.32 -39.8234 1.49934
1010000 FRAC0_S 0 1 -14260.6 -14345.1 8500 -669018 3.7363e+06 494563 1276.5 -66.0525 -7.53663
Step FractureNumber TipNr TipActive TipX TipY TipZ KI KII KIII G Phi Psi Extension
1010101 FRAC0_S 0 1 -14474.3 -14097.1 8431.3 3.93766e+06 3.29042e+06 1.28459e+06 2565.92 -43.656 -11.019
1010101 FRAC0_S 0 1 -14771.9 -13957.6 8458.35 1.82205e+06 3.48463e+06 2.41723e+06 2154.98 -48.9133 -21.1784
1010101 FRAC0_S 0 1 -15103.2 -13932.3 8459.41 -3.55515e+07 1.6074e+07 -92243.2 23024.9 -36.7505 0.139015
1010101 FRAC0_S 0 1 -15431 -14013.8 8479.34 -737828 -409520 601038 62.9901 28.9515 -22.914
1010101 FRAC0_S 0 1 -15711.1 -14194.5 8528.32 -4.06018e+07 -1.53823e+07 8.33776e+06 30330.6 29.477 -9.55631
1010101 FRAC0_S 0 1 -15911.8 -14460.3 8564 2.1857e+06 -2.31775e+06 3.43453e+06 2473.27 34.9098 -27.5706
1010101 FRAC0_S 0 1 -16019.6 -14772.6 8580.32 2.91451e+06 -1.58893e+06 1.68344e+06 1358.82 31.3381 -18.7804
1010101 FRAC0_S 0 1 -16029.6 -15098.3 8587.54 4.88985e+06 -2.06708e+06 1.7505e+06 2918.97 29.2901 -14.347
1010101 FRAC0_S 0 1 -15942.4 -15409.6 8591.17 5.45022e+06 -2.15999e+06 897054 3169.77 31.0334 -7.85784
1010101 FRAC0_S 0 1 -15768.5 -15681.4 8591.39 6.68351e+06 -2.39952e+06 -90070.6 4494.62 31.8317 0.7627
1010101 FRAC0_S 0 1 -15524.7 -15900.4 8576.59 4.50407e+06 -1.00207e+07 -1.71436e+06 11146.5 59.7356 7.86665
1010101 FRAC0_S 0 1 -15227.5 -16036.2 8559.39 2.41765e+06 -2.96806e+06 -1.72779e+06 1702.89 46.2276 16.9985
1010101 FRAC0_S 0 1 -14896.6 -16061.3 8549.47 -1.46688e+06 8.30509e+06 4.66494e+06 9040.63 -57.3722 -21.7583
1010101 FRAC0_S 0 1 -14568.7 -15984.9 8514.94 4.42887e+07 3.92794e+06 -980251 176291 -10.7316 1.54105
1010101 FRAC0_S 0 1 -14288.5 -15806.3 8467.38 509679 888994 -2.97734e+06 1272.56 -25.5523 37.7933
1010101 FRAC0_S 0 1 -14077.7 -15542.1 8452.49 873315 2.46187e+06 -3.14262e+06 1921.56 -43.0961 30.0738
1010101 FRAC0_S 0 1 -13960.6 -15232 8452.01 1.64249e+06 2.93812e+06 -1.87216e+06 1475.81 -49.2332 19.8525
1010101 FRAC0_S 0 1 -13952.9 -14900.2 8435.03 2.68463e+06 9.63242e+06 -3.95017e+06 10985.5 -58.3553 16.9949
1010101 FRAC0_S 0 1 -14040.5 -14582.5 8422.79 4.45053e+06 3.55284e+06 -955345 3011.21 -44.5118 7.94254
1010101 FRAC0_S 0 1 -14221.8 -14313.7 8416.28 4.57576e+06 2.87976e+06 386108 2624.57 -41.973 -3.76057