
Step FractureNumber TipNr TipActive TipX TipY TipZ KI KII KIII G Phi Psi Extension
1010000 FRAC0_S 0 1 -36516.8 30094.1 8500 -367359 -1.75031e+06 -1.26034e+06 484.262 53.7473 24.5082
1010000 FRAC0_S 0 1 -36594 30393.3 8500 -447586 -1.29655e+06 -1.90937e+06 634.672 40.8672 31.7507
1010000 FRAC0_S 0 1 -36759.9 30654 8500 -434483 -409225 -2.2266e+06 674.305 17.4163 39.2105
1010000 FRAC0_S 0 1 -36998.2 30850.7 8500 -374536 547391 -1.97897e+06 547.569 -23.9252 37.8532
1010000 FRAC0_S 0 1 -37285.7 30964.1 8500 -361570 1.38943e+06 -1.72161e+06 566.233 -44.8094 30.559
1010000 FRAC0_S 0 1 -37594.1 30983.2 8500 -306669 2.14112e+06 -1.3605e+06 654.693 -56.5848 23.6537
1010000 FRAC0_S 0 1 -37893.3 30906 8500 -294011 2.37304e+06 -797742 586.448 -63.0499 16.2095
1010000 FRAC0_S 0 1 -38154 30740.1 8500 -311325 2.83096e+06 -298492 726.006 -67.8012 6.51826
1010000 FRAC0_S 0 1 -38350.7 30501.8 8500 -229426 2.60221e+06 277678 613.664 -68.1381 -6.70261
1010000 FRAC0_S 0 1 -38464.1 30214.3 8500 -198491 1.80032e+06 599488 336.618 -63.3976 -16.2397
1010000 FRAC0_S 0 1 -38483.2 29905.9 8500 -288921 2.11632e+06 1.39953e+06 659.611 -56.2146 -24.2262
1010000 FRAC0_S 0 1 -38406 29606.7 8500 -267534 1.05084e+06 1.36658e+06 346.783 -44.0708 -31.1513
1010000 FRAC0_S 0 1 -38240.1 29346 8500 -328208 614280 1.7728e+06 451.619 -28.0896 -36.8589
1010000 FRAC0_S 0 1 -38001.8 29149.3 8500 -300744 -101119 1.54301e+06 317.567 7.08974 -41.1115
1010000 FRAC0_S 0 1 -37714.3 29035.9 8500 -446032 -1.39464e+06 1.90068e+06 653.794 42.4603 -31.1087
1010000 FRAC0_S 0 1 -37405.9 29016.8 8500 -437950 -2.11809e+06 1.47401e+06 688.746 54.2444 -24.1143
1010000 FRAC0_S 0 1 -37106.7 29094 8500 -446651 -2.51416e+06 875902 665.303 61.6823 -16.0871
1010000 FRAC0_S 0 1 -36846 29259.9 8500 -404846 -2.53418e+06 298530 584.123 66.696 -6.91168
1010000 FRAC0_S 0 1 -36649.3 29498.2 8500 -499003 -3.26742e+06 -377310 970.277 66.8694 6.82873
1010000 FRAC0_S 0 1 -36536.5 29782.9 8500 -671620 -3.17564e+06 -1.18402e+06 1085.1 60.478 16.5283
Step FractureNumber TipNr TipActive TipX TipY TipZ KI KII KIII G Phi Psi Extension
1010101 FRAC0_S 0 1 -36458 30101.8 8578.44 1.14054e+06 -991283 -873001 304.845 38.5673 19.876
1010101 FRAC0_S 0 1 -36526.8 30425.6 8560.36 770362 -785365 -1.57964e+06 439.716 30.676 30.9211
1010101 FRAC0_S 0 1 -36695.2 30712.8 8521.18 289420 -377098 -1.51785e+06 326.549 22.0827 38.266
1010101 FRAC0_S 0 1 -36953.3 30923.2 8469.59 336726 198508 -1.20756e+06 207.555 -15.0382 38.2021
1010101 FRAC0_S 0 1 -37267.6 31032.2 8433.76 426011 363439 -778984 108.649 -28.6823 30.5995
1010101 FRAC0_S 0 1 -37597.4 31038.3 8418.36 1.17733e+06 747211 -854489 270.378 -32.582 20.8634
1010101 FRAC0_S 0 1 -37909.9 30947.6 8411.42 1.03721e+06 474748 -484132 147.122 -29.3378 16.9769
1010101 FRAC0_S 0 1 -38179 30769.4 8408.22 1.87186e+06 575607 -115273 343.52 -27.9135 3.4417
1010101 FRAC0_S 0 1 -38383.9 30520.8 8408.09 1.41582e+06 385319 -85018.6 192.816 -25.679 3.44881
1010101 FRAC0_S 0 1 -38507.9 30222.7 8411.31 1.02043e+06 405557 -436866 132.828 -27.1613 16.4772
1010101 FRAC0_S 0 1 -38538.3 29898.6 8418.7 1.17985e+06 699057 305965 180.041 -37.6276 -10.2758
1010101 FRAC0_S 0 1 -38469.3 29576.4 8432.68 774300 747759 1.13844e+06 275.623 -33.8188 -27.3341
1010101 FRAC0_S 0 1 -38310.5 29298.4 8460.58 435226 354079 1.5605e+06 351.926 -19.5064 -37.2458
1010101 FRAC0_S 0 1 -38047.5 29074 8511.28 252327 -243615 1.5561e+06 333.015 15.634 -40.1723
1010101 FRAC0_S 0 1 -37733.6 28964 8557.13 555498 -660025 1.21461e+06 262.53 32.8604 -30.7416
1010101 FRAC0_S 0 1 -37402.5 28958.9 8579.46 738478 -486619 686957 132.461 31.0961 -23.764
1010101 FRAC0_S 0 1 -37089.4 29050.3 8587.27 1.75516e+06 -776253 646896 383.863 30.0173 -14.5086
1010101 FRAC0_S 0 1 -36819.7 29229.2 8590.92 1.19189e+06 -565532 297705 166.878 33.2246 -10.6066
1010101 FRAC0_S 0 1 -36613.7 29478.1 8590.69 1.07618e+06 -492856 363359 142.41 31.1533 -13.5
1010101 FRAC0_S 0 1 -36488.6 29776.7 8586.66 1.84409e+06 -990063 -540383 429.218 35.0494 11.6443