
Step FractureNumber TipNr TipActive TipX TipY TipZ KI KII KIII G Phi Psi Extension
1010000 FRAC0_S 0 1 -44019.9 44878.3 8500 46670.2 21649.9 10410.1 0.250272 -33.2051 -9.73655
1010000 FRAC0_S 0 1 -44030.2 45187.1 8500 40756 11408.7 32357.9 0.29887 -17.6216 -25.0243
1010000 FRAC0_S 0 1 -44135.4 45477.6 8500 39695.2 9211.44 14400 0.175552 -18.8887 -16.0347
1010000 FRAC0_S 0 1 -44325.3 45721.4 8500 63567.8 -24575 6819.87 0.420083 31.5421 -5.43148
1010000 FRAC0_S 0 1 -44581.3 45894.6 8500 27881.3 312590 -53511.6 9.15728 -67.0124 9.98535
1010000 FRAC0_S 0 1 -44878.3 45980.1 8500 46941.1 -12092.3 15238.6 0.240265 20.938 -14.6143
1010000 FRAC0_S 0 1 -45187.1 45969.8 8500 10304.9 362101 116302 13.4922 -65.302 -16.6934
1010000 FRAC0_S 0 1 -45477.6 45864.6 8500 45221.8 -22998.8 7090.57 0.236052 36.2256 -7.0512
1010000 FRAC0_S 0 1 -45721.4 45674.7 8500 52834.5 -14330.8 7921.33 0.275395 24.1701 -7.86141
1010000 FRAC0_S 0 1 -45894.6 45418.7 8500 45547.7 -26091.9 -5656.94 0.249788 39.2818 5.53167
1010000 FRAC0_S 0 1 -45980.1 45121.7 8500 46122.1 -23355.9 -10432.2 0.252643 34.939 9.62037
1010000 FRAC0_S 0 1 -45969.8 44812.9 8500 50132 -19145.3 -6089.62 0.261547 31.0468 6.08692
1010000 FRAC0_S 0 1 -45864.6 44522.4 8500 50934.9 -27638.2 -7067.05 0.305894 37.8908 6.21187
1010000 FRAC0_S 0 1 -45674.7 44278.6 8500 39738 -4166.63 -14480.7 0.17015 9.6345 17.3156
1010000 FRAC0_S 0 1 -45418.7 44105.4 8500 44676.9 3966.02 -17602.1 0.220476 -8.13074 18.3957
1010000 FRAC0_S 0 1 -45121.7 44019.9 8500 41131.6 13157.1 -14689.3 0.194881 -24.1572 15.114
1010000 FRAC0_S 0 1 -44812.9 44030.2 8500 51067.5 -156045 -41841.4 2.63508 60.2507 12.1772
1010000 FRAC0_S 0 1 -44522.4 44135.4 8500 46271.1 29180.6 -6539.84 0.272352 -40.9592 6.01152
1010000 FRAC0_S 0 1 -44278.6 44325.3 8500 43975.8 26921.3 -3294.66 0.238354 -41.5837 3.3987
1010000 FRAC0_S 0 1 -44105.4 44581.3 8500 46626.4 28920.8 5601.21 0.272432 -41.004 -5.22667
Step FractureNumber TipNr TipActive TipX TipY TipZ KI KII KIII G Phi Psi Extension
1010101 FRAC0_S 0 1 -44019.9 44878.3 8500 50106.9 23806.9 -15584.8 0.306537 -32.2874 12.5818
1010101 FRAC0_S 0 1 -44030.2 45187.1 8500 49769.3 19682.5 -5289.99 0.258968 -32.0132 5.35528
1010101 FRAC0_S 0 1 -44135.4 45477.6 8500 -184167 209782 -196923 9.07918 -40.8817 22.3301
1010101 FRAC0_S 0 1 -44321.2 45730.2 8476.99 -3440.83 -54080.6 -26210.3 0.351989 61.2219 21.1826
1010101 FRAC0_S 0 1 -44573 45912.2 8453.97 333301 88691.3 -91916.5 11.7238 -22.0765 12.8952
1010101 FRAC0_S 0 1 -44876 45999.3 8454.27 378619 100722 -9165.77 13.6893 -25.89 1.45188
1010101 FRAC0_S 0 1 -45191 45990.4 8454.57 331147 96214.3 80439.4 11.4572 -24.0131 -11.5277
1010101 FRAC0_S 0 1 -45479.6 45874.8 8477.29 142279 41153 94390.7 3.13977 -19.2019 -22.6914
1010101 FRAC0_S 0 1 -45721.4 45674.7 8500 47800.9 1291.05 45753.4 0.482177 -1.89273 -29.9478
1010101 FRAC0_S 0 1 -45894.6 45418.7 8500 71699.5 -64454.3 -118720 2.70285 30.9276 29.1723
1010101 FRAC0_S 0 1 -45980.1 45121.7 8500 49031.8 -25295.4 6537.81 0.276933 36.9439 -6.09048
1010101 FRAC0_S 0 1 -45969.8 44812.9 8500 51492.7 -26042.8 1466.13 0.296998 38.5441 -1.43617
1010101 FRAC0_S 0 1 -45864.6 44522.4 8500 54221.2 -7145.59 -4072.71 0.268734 14.4525 4.72661
1010101 FRAC0_S 0 1 -45678.5 44282.2 8500 45627.4 -34401.5 -6783.11 0.297092 44.4862 5.89311
1010101 FRAC0_S 0 1 -45418.7 44105.4 8500 47389 -38759.9 -1016.36 0.334126 48.4127 0.905002
1010101 FRAC0_S 0 1 -45119.4 44007.6 8521.7 154803 -42797.3 -5873.62 2.30323 26.3498 2.2241
1010101 FRAC0_S 0 1 -44808.2 44005.9 8543.41 229537 -91846.9 -55873.9 5.86187 29.9353 10.8284
1010101 FRAC0_S 0 1 -44520.1 44123.3 8521.7 81509.1 -34782.3 -68432.6 1.32267 23.8793 24.3669
1010101 FRAC0_S 0 1 -44278.6 44325.3 8500 11121.9 -40244.2 -82379.7 1.05794 35.7882 35.5238
1010101 FRAC0_S 0 1 -44105.4 44581.3 8500 48069.7 19219 -28353.9 0.345745 -25.3059 20.2234