
Step FractureNumber TipNr TipActive TipX TipY TipZ KI KII KIII G Phi Psi Extension
1010000 FRAC0_S 0 1 167.108 -29026.6 8500 355151 -4.90749e+06 622642 2208.88 68.0678 -7.88275
1010000 FRAC0_S 0 1 -141.884 -29022.6 8500 442716 -5.49419e+06 -511070 2742.09 68.4684 5.97501
1010000 FRAC0_S 0 1 -436.986 -29114.3 8500 -74476.5 -4.1134e+06 -1.28456e+06 1727.21 65.6828 16.4909
1010000 FRAC0_S 0 1 -686.792 -29290.2 8500 -1.10222e+07 -1.71291e+06 -310361 274.266 17.1756 1.837
1010000 FRAC0_S 0 1 -874.166 -29540.2 8500 386537 -2.33052e+06 -3.0507e+06 1735.1 45.1399 32.0239
1010000 FRAC0_S 0 1 -973.449 -29832.9 8500 406745 -894822 -3.39669e+06 1620.58 24.1249 39.143
1010000 FRAC0_S 0 1 -977.444 -30141.9 8500 387004 795540 -3.66448e+06 1855.72 -21.0925 40.1081
1010000 FRAC0_S 0 1 -885.76 -30437 8500 376572 2.25671e+06 -3.14348e+06 1780.69 -44.0087 32.6728
1010000 FRAC0_S 0 1 -707.371 -30689.4 8500 289105 2.73774e+06 -2.01015e+06 1212.76 -55.4142 25.8724
1010000 FRAC0_S 0 1 -459.741 -30874.2 8500 397744 4.64599e+06 -1.66925e+06 2308.15 -63.3634 17.3551
1010000 FRAC0_S 0 1 -167.108 -30973.4 8500 492097 5.72996e+06 -671877 3007.31 -68.0045 7.28838
1010000 FRAC0_S 0 1 141.884 -30977.4 8500 79611.7 5.51577e+06 550576 2751.94 -69.264 -6.72267
1010000 FRAC0_S 0 1 436.986 -30885.7 8500 378367 4.7643e+06 1.58877e+06 2371.14 -64.0221 -16.5714
1010000 FRAC0_S 0 1 689.314 -30707.4 8500 406254 4.53638e+06 2.87744e+06 2949.67 -57.6575 -24.2326
1010000 FRAC0_S 0 1 874.166 -30459.8 8500 367556 2.45104e+06 3.11595e+06 1838.69 -45.8812 -31.8566
1010000 FRAC0_S 0 1 973.449 -30167.1 8500 381106 908172 3.392e+06 1616.69 -24.5256 -39.192
1010000 FRAC0_S 0 1 977.444 -29858.1 8500 312716 -698226 3.50893e+06 1689.73 19.9566 -40.6651
1010000 FRAC0_S 0 1 885.76 -29563 8500 -1.43477e+06 -1.66215e+06 2.87745e+06 1347.39 33.5317 -29.9124
1010000 FRAC0_S 0 1 707.371 -29310.6 8500 271993 -2.64159e+06 1.8781e+06 1097.53 55.9059 -25.5025
1010000 FRAC0_S 0 1 459.741 -29125.8 8500 394033 -4.57722e+06 1.65522e+06 2245.16 63.3054 -17.4245
Step FractureNumber TipNr TipActive TipX TipY TipZ KI KII KIII G Phi Psi Extension
1010101 FRAC0_S 0 1 174.177 -28989.1 8591.97 1.02093e+07 -2.67388e+06 1.10623e+06 10087.8 24.2017 -5.96159
1010101 FRAC0_S 0 1 -147.495 -28986 8592.48 8.32699e+06 -2.74263e+06 -1.10518e+06 7011.51 27.9857 6.8086
1010101 FRAC0_S 0 1 -464.083 -29069.6 8576.2 7.729e+06 -3.3339e+06 -2.29939e+06 7016.84 30.5726 12.4451
1010101 FRAC0_S 0 1 -742.815 -29241 8555.27 2.01594e+06 -2.47482e+06 -2.33413e+06 1632.53 41.562 22.8163
1010101 FRAC0_S 0 1 -944.537 -29502.9 8553.04 1.36864e+06 -1.76297e+06 -3.2216e+06 1824.25 33.4589 31.067
1010101 FRAC0_S 0 1 -1057.11 -29820.3 8529.16 2.41633e+06 -552387 -4.90408e+06 3746.12 9.47835 35.7826
1010101 FRAC0_S 0 1 -1062.23 -30152.7 8474.86 2.31229e+06 701930 -4.65647e+06 3404.15 -12.225 35.189
1010101 FRAC0_S 0 1 -951.258 -30466.1 8435.68 4.0041e+06 1.7717e+06 -5.07834e+06 5138.4 -20.9869 29.2701
1010101 FRAC0_S 0 1 -749.041 -30727 8419.12 4.39381e+06 1.19414e+06 -2.30061e+06 2551.33 -19.5886 19.9411
1010101 FRAC0_S 0 1 -481.922 -30913.2 8411.55 9.70812e+06 -550205 -2.71677e+06 9407.04 5.81078 14.8851
1010101 FRAC0_S 0 1 -174.221 -31010.6 8407.92 1.00671e+07 2.50674e+06 -1.15014e+06 9766.86 -23.2362 6.30502
1010101 FRAC0_S 0 1 147.688 -31014 8407.59 1.28129e+07 2.67739e+06 1.36755e+06 15516.7 -20.4694 -6.1104
1010101 FRAC0_S 0 1 457.282 -30923.7 8410.55 7.4438e+06 1.88428e+06 2.58988e+06 6146.08 -20.3848 -15.3918
1010101 FRAC0_S 0 1 728.23 -30744.5 8417.33 6.29583e+06 2.14797e+06 4.30119e+06 6403.76 -21.6066 -22.565
1010101 FRAC0_S 0 1 936.723 -30489.4 8432.6 4.22729e+06 1.79826e+06 5.16559e+06 5429.43 -20.6886 -28.9723
1010101 FRAC0_S 0 1 1056.94 -30179.6 8469.83 -5.49562e+06 3.16111e+06 6.59056e+06 6667.36 -26.0164 -27.5495
1010101 FRAC0_S 0 1 1065.06 -29846 8520.5 2.16579e+06 -735823 4.97621e+06 3759.67 12.4659 -36.1032
1010101 FRAC0_S 0 1 956.43 -29531.4 8556.86 3.30382e+06 -1.76589e+06 4.66983e+06 4150.91 23.0825 -29.8123
1010101 FRAC0_S 0 1 751.362 -29271.9 8577.56 1.02117e+07 -3.37131e+06 6.56965e+06 16045.4 21.4614 -21.9206
1010101 FRAC0_S 0 1 481.813 -29087 8588.57 7.97184e+06 -2.52255e+06 2.88086e+06 7333.81 23.9139 -15.2693