
Step FractureNumber TipNr TipActive TipX TipY TipZ KI KII KIII G Phi Psi Extension
1010000 FRAC0_S 0 1 987.416 29976.8 8500 -464062 97386.3 2.65398e+06 937.647 -4.17599 -41.8985
1010000 FRAC0_S 0 1 946.265 30283.1 8500 -2.77866e+06 -1.1266e+06 2.5717e+06 992.719 22.2337 -25.7677
1010000 FRAC0_S 0 1 812.488 30561.6 8500 -489851 -2.14593e+06 2.25057e+06 1084.01 47.9827 -28.925
1010000 FRAC0_S 0 1 599.178 30785.2 8500 -354322 -2.55115e+06 1.40966e+06 844.252 58.3024 -21.9592
1010000 FRAC0_S 0 1 327.217 30931.9 8500 -528637 -3.86071e+06 987248 1457.82 64.4356 -13.2097
1010000 FRAC0_S 0 1 23.226 30987.4 8500 -506614 -4.10893e+06 112587 1506.16 68.7994 -1.83864
1010000 FRAC0_S 0 1 -283.039 30946.3 8500 1.35495e+07 -4.37244e+06 -932364 18178.7 28.7023 3.77649
1010000 FRAC0_S 0 1 -561.598 30812.4 8500 -3.30124e+06 -2.99025e+06 -1.43797e+06 1071.8 43.6845 13.3688
1010000 FRAC0_S 0 1 -785.184 30599.1 8500 1.46068e+07 -2.90016e+06 -2.47754e+06 20578.4 18.8426 9.1627
1010000 FRAC0_S 0 1 -931.911 30327.2 8500 -604178 -1.646e+06 -2.67563e+06 1193.57 38.9658 32.6318
1010000 FRAC0_S 0 1 -987.416 30023.2 8500 -464796 -249825 -2.65436e+06 942.633 9.9967 40.9698
1010000 FRAC0_S 0 1 -946.265 29716.9 8500 6.67158e+06 903454 -2.64866e+06 4972.07 -11.825 17.9926
1010000 FRAC0_S 0 1 -812.488 29438.4 8500 1.10207e+07 2.29319e+06 -2.41066e+06 12064.3 -18.9282 11.1823
1010000 FRAC0_S 0 1 -599.178 29214.8 8500 -2.60182e+06 2.35815e+06 -1.50294e+06 795.952 -41.7631 16.3542
1010000 FRAC0_S 0 1 -327.217 29068.1 8500 5.14542e+06 3.62485e+06 -1.00241e+06 3663.72 -42.2978 7.65346
1010000 FRAC0_S 0 1 -23.226 29012.6 8500 -500755 3.70145e+06 -104785 1222.33 -68.6163 1.87813
1010000 FRAC0_S 0 1 283.039 29053.7 8500 -425468 3.21193e+06 646091 974.824 -65.6194 -11.0142
1010000 FRAC0_S 0 1 561.598 29187.6 8500 2.18768e+06 3.01024e+06 1.28022e+06 1451.93 -49.94 -14.1257
1010000 FRAC0_S 0 1 785.184 29400.9 8500 -1.58982e+07 1.60952e+06 1.4338e+06 504.263 -11.3908 -5.7152
1010000 FRAC0_S 0 1 931.911 29672.8 8500 -559819 1.44541e+06 2.70013e+06 1155.83 -36.4005 -33.8929
Step FractureNumber TipNr TipActive TipX TipY TipZ KI KII KIII G Phi Psi Extension
1010101 FRAC0_S 0 1 1078.42 29975.6 8490.99 337434 115655 2.33235e+06 734.84 -5.69227 -42.1749
1010101 FRAC0_S 0 1 1029.3 30305.3 8535.68 -3.87485e+06 -4.26497e+06 4.42786e+06 4228.5 39.4489 -23.3848
1010101 FRAC0_S 0 1 870.158 30597.7 8567.88 2.45076e+06 -2.02474e+06 2.35308e+06 1636.95 35.3571 -22.9597
1010101 FRAC0_S 0 1 632.456 30825.8 8583.67 5.85089e+06 -2.62808e+06 2.63901e+06 4592.22 29.182 -16.6551
1010101 FRAC0_S 0 1 342.547 30971.7 8589.69 4.99345e+06 -2.30129e+06 1.0455e+06 2839.21 33.3002 -9.25921
1010101 FRAC0_S 0 1 20.941 31036.7 8581.17 4.9733e+06 -5.23692e+06 202712 4653.36 52.7041 -1.50595
1010101 FRAC0_S 0 1 -305.674 31012.2 8564.59 3.8043e+06 -3.95072e+06 -1.10259e+06 2842.2 48.5179 9.19803
1010101 FRAC0_S 0 1 -607.25 30877.6 8554.62 1.95507e+06 -2.86333e+06 -1.46196e+06 1355.45 49.2782 16.3689
1010101 FRAC0_S 0 1 -851.422 30649.2 8549.13 1.28475e+06 -2.22615e+06 -1.99601e+06 1118.57 45.1555 23.9362
1010101 FRAC0_S 0 1 -1012.01 30355.1 8543.85 616575 -1.80237e+06 -2.69044e+06 1286.07 40.6753 31.9223
1010101 FRAC0_S 0 1 -1078.42 30023.9 8519.27 449777 -359754 -2.84575e+06 1106.63 13.1008 40.7238
1010101 FRAC0_S 0 1 -1037.22 29690.1 8485.98 370467 1.35862e+06 -3.15561e+06 1501.11 -33.5241 36.6173
1010101 FRAC0_S 0 1 -886.15 29389.7 8462 1.27426e+06 2.41621e+06 -2.52729e+06 1514.42 -43.8332 26.2521
1010101 FRAC0_S 0 1 -647.383 29154.3 8441.76 2.6533e+06 3.03486e+06 -1.83407e+06 1895.46 -45.0892 17.0562
1010101 FRAC0_S 0 1 -350.997 29009.2 8426.42 1.19029e+07 -443345 -1.45739e+06 12924.9 4.42432 7.8674
1010101 FRAC0_S 0 1 -26.8235 28967 8413.85 5.14882e+06 2.40077e+06 89117.9 2877 -37.0861 -0.905504
1010101 FRAC0_S 0 1 297.888 29011.6 8412.05 9.80259e+06 2.46614e+06 1.91374e+06 9591.7 -22.2276 -9.92422
1010101 FRAC0_S 0 1 602.336 29136.3 8434.03 2.76845e+06 2.13411e+06 1.57381e+06 1418.23 -38.5322 -17.0059
1010101 FRAC0_S 0 1 852.284 29351.2 8456.16 1.3729e+06 2.42173e+06 2.23358e+06 1354.09 -44.9453 -24.3703
1010101 FRAC0_S 0 1 1014.29 29644 8463.57 436415 1.29103e+06 2.11908e+06 762.735 -39.1034 -32.9553