
Step FractureNumber TipNr TipActive TipX TipY TipZ KI KII KIII G Phi Psi Extension
1010000 FRAC0_S 0 1 15000 29248.7 7858.8 -6.2603e+06 1.88128e+06 1.25828e+07 21372.8 -12.1318 -35.1929
1010000 FRAC0_S 0 1 15000 29487.6 7655.6 -2.79016e+06 762241 4.59485e+06 2859.75 -12.4854 -33.4938
1010000 FRAC0_S 0 1 15000 29773.6 7538.6 -3.28462e+06 -921148 5.28693e+06 3793.18 12.9261 -33.2056
1010000 FRAC0_S 0 1 15000 30081.8 7515.7 -3.51345e+06 -3.18518e+06 4.64317e+06 3771.4 33.7962 -26.4014
1010000 FRAC0_S 0 1 15000 30382 7589.16 -3.57308e+06 -4.88572e+06 3.66911e+06 3917.58 45.0388 -20.5773
1010000 FRAC0_S 0 1 15000 30644.7 7751.78 -3.07671e+06 -1.4404e+07 -2.92467e+06 19625.7 63.945 10.5017
1010000 FRAC0_S 0 1 15000 30844.5 7987.64 -5.88909e+06 -1.04744e+07 3.51767e+06 11422.3 54.329 -12.7678
1010000 FRAC0_S 0 1 15000 30961.5 8273.65 -3.56857e+06 -1.04588e+07 -5.63713e+06 13973.7 54.6592 19.6481
1010000 FRAC0_S 0 1 15000 30984.3 8581.81 -501585 -1.72207e+06 -1.79185e+06 691.283 47.1655 28.2351
1010000 FRAC0_S 0 1 15000 30910.8 8881.97 400526 385193 -1.40455e+06 289.892 -22.4562 36.4485
1010000 FRAC0_S 0 1 15000 30748.2 9144.74 -2.83551e+06 -4.41136e+06 -4.85425e+06 4868.06 41.7335 25.9788
1010000 FRAC0_S 0 1 15000 30512.4 9344.4 2.05337e+06 3.12744e+06 237296 1254.78 -57.488 -3.35285
1010000 FRAC0_S 0 1 15000 30226.4 9461.4 1.88965e+06 2.23074e+06 1.18621e+06 948.763 -46.4821 -15.7868
1010000 FRAC0_S 0 1 15000 29918.2 9484.3 2.18828e+06 2.41632e+06 1.79278e+06 1374.46 -42.8924 -19.2669
1010000 FRAC0_S 0 1 15000 29618 9410.84 1.33608e+06 1.27751e+06 1.6461e+06 664.886 -35.6909 -25.2141
1010000 FRAC0_S 0 1 15000 29355.3 9248.22 1.15077e+06 1.46976e+06 1.94657e+06 814.452 -37.8046 -27.25
1010000 FRAC0_S 0 1 15000 29155.5 9012.36 561495 1.51059e+06 1.89466e+06 708.867 -43.1626 -29.7271
1010000 FRAC0_S 0 1 15000 29038.5 8726.35 4.42554e+06 -5.44255e+06 7.10009e+06 11089.5 37.7034 -26.8601
1010000 FRAC0_S 0 1 15000 29015.7 8418.19 -753793 2.09812e+06 1.94224e+06 893.985 -47.8627 -26.1837
1010000 FRAC0_S 0 1 15000 29089.2 8118.03 -1.49e+06 2.4134e+06 3.02128e+06 1733.06 -40.2903 -27.7499
Step FractureNumber TipNr TipActive TipX TipY TipZ KI KII KIII G Phi Psi Extension
1010101 FRAC0_S 0 1 14968 29184.5 7795.1 1.96919e+06 -7.85009e+06 -4.13777e+06 8113.95 56.5983 20.2238
1010101 FRAC0_S 0 1 14989.6 29438.2 7574.19 -1.85947e+06 1.15297e+06 4.30419e+06 2582.42 -20.3233 -34.4652
1010101 FRAC0_S 0 1 15019.7 29751.6 7449.59 -1.24691e+06 1.11081e+07 -3.72437e+06 12840 -63.3089 16.2962
1010101 FRAC0_S 0 1 15051.1 30086.5 7434.28 -484845 -3.67712e+06 3.974e+06 3305.3 48.9755 -30.2258
1010101 FRAC0_S 0 1 15071.7 30404.5 7527.56 59067.9 -3.82014e+06 3.98149e+06 3409.09 51.5048 -31.0414
1010101 FRAC0_S 0 1 15082.9 30678.3 7711.29 2.18467e+06 -3.50607e+06 769362 1599.42 55.3631 -8.8213
1010101 FRAC0_S 0 1 15083.4 30890.6 7960.88 1.51406e+06 -2.44735e+06 -227148 744.862 57.9032 4.13294
1010101 FRAC0_S 0 1 15079.4 31018.9 8260.87 794729 -1.35704e+06 -523722 256.863 53.0012 14.0039
1010101 FRAC0_S 0 1 15047.5 31053.5 8590.25 468347 -549407 -1.06493e+06 197.277 32.0604 31.2555
1010101 FRAC0_S 0 1 15015.9 30984.5 8913.43 530497 1.47845e+06 -1.02209e+06 358.797 -51.6336 22.5497
1010101 FRAC0_S 0 1 15002.6 30804.8 9189.52 1.21735e+06 2.41844e+06 163692 656.81 -60.7517 -3.2992
1010101 FRAC0_S 0 1 14956.3 30544.4 9396.31 3.05516e+06 1.43016e+06 1.52188e+06 1322.06 -29.3629 -17.6427
1010101 FRAC0_S 0 1 14925.7 30239.7 9524.65 3.4073e+06 156176 2.20544e+06 1683.62 -3.73876 -24.9962
1010101 FRAC0_S 0 1 14933.2 29911.2 9556.28 3.00305e+06 857.72 2.97457e+06 1980.42 -0.0200841 -30.6394
1010101 FRAC0_S 0 1 14938.5 29587.9 9481.5 2.37136e+06 1.59187e+06 2.42179e+06 1506.96 -30.5529 -24.8373
1010101 FRAC0_S 0 1 14937.6 29306.1 9306.33 335690 -1.57538e+06 2.41108e+06 1004.36 41.7288 -33.2425
1010101 FRAC0_S 0 1 14965.8 29092.3 9050.78 814746 387783 1.51261e+06 376.854 -18.5673 -33.212
1010101 FRAC0_S 0 1 14995 28967.8 8743.49 -205445 1.30379e+06 1.95024e+06 657.334 -42.8201 -33.4842
1010101 FRAC0_S 0 1 14962 28945.5 8412.57 -301996 941679 1.42522e+06 349.176 -40.6824 -32.2423
1010101 FRAC0_S 0 1 14943.9 29018.8 8085.93 590608 3.52309e+06 3.41571e+06 2688.85 -50.1817 -28.5933