
Step FractureNumber TipNr TipActive TipX TipY TipZ KI KII KIII G Phi Psi Extension
1010000 FRAC0_S 0 1 14635.6 805.231 8059.1 4.44401e+06 8.4843e+06 2.53387e+06 9028.22 -55.7438 -11.8961
1010000 FRAC0_S 0 1 14431.2 779.483 8289.33 6.48085e+06 4.79866e+06 1.33377e+06 6031.29 -43.1306 -7.87901
1010000 FRAC0_S 0 1 14282.4 677.432 8540.2 1.10694e+07 3.48769e+06 691554 12066.3 -28.3591 -3.46958
1010000 FRAC0_S 0 1 14203.8 509.071 8787.13 6.33308e+06 3.7265e+06 2.99222e+06 6002.26 -34.2659 -16.1476
1010000 FRAC0_S 0 1 14203.2 290.878 9005.95 5.87735e+06 2.35255e+06 3.56508e+06 5261.73 -25.1387 -20.561
1010000 FRAC0_S 0 1 14280.5 44.2111 9175.24 5.33597e+06 1.02417e+06 3.73761e+06 4488.63 -13.4795 -24.35
1010000 FRAC0_S 0 1 14428.3 -206.783 9278.45 4.45569e+06 -554039 3.43899e+06 3369.42 8.87972 -26.2818
1010000 FRAC0_S 0 1 14632.1 -437.535 9305.44 3.25479e+06 -1.49217e+06 2.47765e+06 1958.86 25.9295 -22.8686
1010000 FRAC0_S 0 1 14871.9 -625.459 9253.59 4.17715e+06 -3.18992e+06 2.39989e+06 3227.6 38.2576 -17.1734
1010000 FRAC0_S 0 1 15124.2 -752.158 9127.99 5.20281e+06 -5.03689e+06 1.71854e+06 5065.68 46.5498 -10.528
1010000 FRAC0_S 0 1 15358.8 -804.889 8946.14 5.59306e+06 -5.51288e+06 394294 5516.46 51.0262 -2.6355
1010000 FRAC0_S 0 1 15568.8 -779.483 8710.67 4.18351e+06 -3.75027e+06 -681682 2874.68 47.6776 5.965
1010000 FRAC0_S 0 1 15717.6 -677.432 8459.8 7.40866e+06 -5.09089e+06 -2.53188e+06 8053.15 39.3862 12.202
1010000 FRAC0_S 0 1 15796.2 -509.071 8212.87 1.30445e+07 -971108 -1.44519e+06 15524.7 8.51736 7.00266
1010000 FRAC0_S 0 1 15796.8 -290.878 7994.05 9.28058e+06 -1.40062e+06 -4.71065e+06 10801.1 12.16 20.7808
1010000 FRAC0_S 0 1 15719.5 -44.2111 7824.76 1.30515e+07 3.04906e+06 -3.14991e+06 17327.2 -20.4183 11.8794
1010000 FRAC0_S 0 1 15571.7 206.783 7721.55 2.81336e+06 6.61152e+06 -5.79251e+06 9063.06 -47.6124 24.9092
1010000 FRAC0_S 0 1 15367.9 437.535 7694.56 9.5305e+06 4.96057e+06 -3.50038e+06 11916.3 -33.2791 13.9264
1010000 FRAC0_S 0 1 15128.1 625.459 7746.41 9.81698e+06 6.61521e+06 -2.43403e+06 13275.3 -40.483 9.51392
1010000 FRAC0_S 0 1 14875.8 752.158 7872.01 1.01723e+07 8.10204e+06 -976132 15196.9 -46.5229 3.87029
Step FractureNumber TipNr TipActive TipX TipY TipZ KI KII KIII G Phi Psi Extension
1010101 FRAC0_S 0 1 14568.4 811.473 7987.5 8.26491e+06 -2.20457e+06 589634 6566.32 25.1265 -4.06488
1010101 FRAC0_S 0 1 14350.5 796.32 8237.65 1.08732e+07 -1.68315e+06 1.17357e+06 10970.8 16.1106 -6.42598
1010101 FRAC0_S 0 1 14191.6 700.952 8512.4 9.27284e+06 -279532 2.42022e+06 8448.18 3.23051 -14.4189
1010101 FRAC0_S 0 1 14107.1 522.882 8782.39 6.7625e+06 -374715 2.50484e+06 4922.1 5.33503 -18.036
1010101 FRAC0_S 0 1 14108.6 292.191 9028.01 6.32014e+06 -1.36276e+06 3.43711e+06 5296.13 16.1058 -20.9564
1010101 FRAC0_S 0 1 14202 37.2491 9228.92 5.76124e+06 -199459 3.12383e+06 4259.14 3.04008 -22.9193
1010101 FRAC0_S 0 1 14381.1 -218.594 9359.74 5.35626e+06 63174.8 3.07709e+06 3816.19 -1.03708 -23.9201
1010101 FRAC0_S 0 1 14632.1 -459.289 9400.04 7.98676e+06 -77149.1 44970.7 5684.97 1.32564 -0.431562
1010101 FRAC0_S 0 1 14895.2 -638.71 9347.48 6.26856e+06 -149632 1.93759e+06 4002.88 2.48461 -16.3127
1010101 FRAC0_S 0 1 15172.9 -762.479 9212.96 7.21671e+06 6280.86 834139 4733.47 -0.109093 -7.72149
1010101 FRAC0_S 0 1 15431.4 -813.654 9013.06 7.61759e+06 5.5912e+06 3.09214e+06 9228.21 -39.7845 -13.6085
1010101 FRAC0_S 0 1 15649.8 -790.399 8765.8 8.93294e+06 -859154 524664 7213.14 11.1734 -3.88139
1010101 FRAC0_S 0 1 15806.4 -698.838 8485.76 1.21141e+07 1.85475e+06 360299 13400.8 -16.9487 -1.9404
1010101 FRAC0_S 0 1 15886.3 -538.532 8201.67 1.02034e+07 -800757 -3.60215e+06 11060.1 7.46477 17.229
1010101 FRAC0_S 0 1 15876.4 -315.881 7948.99 9.22472e+06 -824166 -3.90409e+06 9670.56 8.02521 19.2411
1010101 FRAC0_S 0 1 15765.3 -67.6692 7749.22 1.16593e+07 -2.26196e+06 -4.29596e+06 15024 16.3041 16.5587
1010101 FRAC0_S 0 1 15569.6 203.272 7623.24 8.53917e+06 -2.76673e+06 -3.24623e+06 8581.34 24.0872 15.7577
1010101 FRAC0_S 0 1 15359.8 435.751 7596.81 1.35252e+07 -3.96095e+06 -5.43126e+06 21622.4 22.106 16.632
1010101 FRAC0_S 0 1 15101.6 634.765 7652.27 1.44102e+07 -2.25458e+06 -2.67454e+06 19908.3 15.3699 10.1559
1010101 FRAC0_S 0 1 14826.6 759.623 7787.1 1.26403e+07 -2.3172e+06 -470986 14745.7 19.4476 2.35036