
Step FractureNumber TipNr TipActive TipX TipY TipZ KI KII KIII G Phi Psi Extension
1010000 FRAC0_S 0 1 -14323.9 719.942 8500 -2.40114e+07 2.62382e+06 408986 635.717 -12.9238 -1.17204
1010000 FRAC0_S 0 1 -14579.4 893.655 8500 -333699 1.77544e+06 757575 357.223 -59.8563 -18.3082
1010000 FRAC0_S 0 1 -14876.1 979.89 8500 -268808 1.37623e+06 1.1777e+06 353.242 -51.6178 -26.7987
1010000 FRAC0_S 0 1 -15185 970.208 8500 -192737 504048 1.03857e+06 166.097 -34.7585 -34.8614
1010000 FRAC0_S 0 1 -15475.7 865.554 8500 -335142 41476.5 1.44386e+06 277.421 -3.15333 -41.1051
1010000 FRAC0_S 0 1 -15719.9 676.174 8500 -290766 -470015 1.19361e+06 209.171 29.6203 -35.3283
1010000 FRAC0_S 0 1 -15893.7 420.606 8500 -435077 -1.29803e+06 1.22195e+06 348.73 47.9897 -26.6112
1010000 FRAC0_S 0 1 -15979.9 123.865 8500 -458862 -1.95279e+06 896222 446.639 58.2529 -18.7106
1010000 FRAC0_S 0 1 -15970.2 -185 8500 -140242 -2.27641e+06 624297 513.609 65.5754 -14.6223
1010000 FRAC0_S 0 1 -15865.5 -475.757 8500 -352797 -2.42996e+06 -6410.95 526.174 68.839 0.17911
1010000 FRAC0_S 0 1 -15676.1 -719.942 8500 2.29738e+07 -1.20992e+06 -347884 47178.4 6.73462 1.09949
1010000 FRAC0_S 0 1 -15420.6 -893.655 8500 -365703 -1.78747e+06 -866804 384.64 58.3408 19.6692
1010000 FRAC0_S 0 1 -15123.9 -979.89 8500 -274604 -1.41863e+06 -1.15595e+06 357.052 52.3533 26.2136
1010000 FRAC0_S 0 1 -14815 -970.208 8500 -261426 -810674 -1.38904e+06 315.177 38.5197 33.5107
1010000 FRAC0_S 0 1 -14524.3 -865.554 8500 -327449 -110332 -1.47664e+06 291.089 7.83599 40.5303
1010000 FRAC0_S 0 1 -14292.4 -689.301 8500 -288618 564406 -1.39559e+06 287.425 -30.7301 35.6987
1010000 FRAC0_S 0 1 -14106.3 -420.606 8500 -282722 1.15506e+06 -1.2251e+06 318.503 -47.5563 28.9003
1010000 FRAC0_S 0 1 -14020.1 -123.865 8500 -263164 1.65952e+06 -811596 333.014 -59.1848 20.2448
1010000 FRAC0_S 0 1 -14029.8 185 8500 1.27233e+07 1.93839e+06 -1.17999e+06 14945.2 -16.0824 5.62686
1010000 FRAC0_S 0 1 -14134.5 475.757 8500 -345699 2.31085e+06 -18106.5 475.892 -68.7049 0.526523
Step FractureNumber TipNr TipActive TipX TipY TipZ KI KII KIII G Phi Psi Extension
1010101 FRAC0_S 0 1 -14277.1 771.197 8443.91 -2.10724e+07 1.78434e+07 -1.41279e+06 28636.8 -48.2396 2.692
1010101 FRAC0_S 0 1 -14550.1 949.534 8431.58 1.86528e+06 4.57526e+06 3.8991e+06 4197.38 -48.2433 -24.7212
1010101 FRAC0_S 0 1 -14870.7 1042.23 8424.93 1.5347e+06 1.45641e+06 762168 476.154 -43.7851 -14.4785
1010101 FRAC0_S 0 1 -15202.7 1047.84 8450.52 858077 1.26372e+06 1.15738e+06 386.076 -43.5568 -23.419
1010101 FRAC0_S 0 1 -15519.5 944.36 8495.35 216429 211124 1.38437e+06 263.037 -15.3623 -40.3309
1010101 FRAC0_S 0 1 -15778.8 734.932 8541.91 639280 -882554 1.27007e+06 320.365 37.2608 -28.6539
1010101 FRAC0_S 0 1 -15952.9 451.384 8570.76 1.18647e+06 -922515 824591 291.709 37.1032 -19.3175
1010101 FRAC0_S 0 1 -16031.3 132.353 8583.86 1.92363e+06 -3.15813e+06 952386 1339.14 54.0981 -11.4889
1010101 FRAC0_S 0 1 -16011.5 -191.57 8590.1 1.7615e+06 -710574 129510 323.722 33.0163 -3.80116
1010101 FRAC0_S 0 1 -15898.7 -526.474 8569.47 6.67673e+06 -1.81941e+06 106873 4268.9 26.4772 -0.963879
1010101 FRAC0_S 0 1 -15723.6 -772.356 8550.46 1.40132e+07 4.77879e+06 -1.24018e+06 19738 -29.4142 4.70246
1010101 FRAC0_S 0 1 -15450.7 -950.648 8565.29 1.81369e+06 -1.67595e+06 -355423 560.218 47.7231 6.92807
1010101 FRAC0_S 0 1 -15129.6 -1041.27 8576.44 1.68112e+06 -1.41875e+06 -692910 495.059 42.5745 13.1486
1010101 FRAC0_S 0 1 -14797.6 -1045.48 8554.34 899606 -1.17755e+06 -956634 317.394 43.7944 21.3142
1010101 FRAC0_S 0 1 -14481.1 -942.887 8509.61 2.21828e+06 -5.78737e+06 7.32517e+06 10559.6 42.8745 -29.7351
1010101 FRAC0_S 0 1 -14221.5 -734.487 8459.41 394037 669054 -900478 161.569 -39.5757 28.8301
1010101 FRAC0_S 0 1 -14047.4 -451.293 8428.86 937381 1.56852e+06 -1.02387e+06 436.957 -48.3891 19.8487
1010101 FRAC0_S 0 1 -13955.9 -129.763 8431.68 928042 999585 -526826 202.697 -45.4056 15.2217
1010101 FRAC0_S 0 1 -13962 196.766 8441.38 1.04022e+06 1.2837e+06 -604671 291.894 -47.9172 14.698
1010101 FRAC0_S 0 1 -14078.3 506.763 8440.9 2.85241e+06 1.25461e+06 -157846 868.599 -35.1266 2.84164