
Step FractureNumber TipNr TipActive TipX TipY TipZ KI KII KIII G Phi Psi Extension
1010000 FRAC0_S 0 1 812.916 44439 8500 1.99857e+06 3.61814e+06 3.62993e+06 3274.93 -44.0632 -25.5347
1010000 FRAC0_S 0 1 944.619 44711.5 8500 1.83255e+06 1.74742e+06 4.22022e+06 2940.12 -27.8501 -32.5412
1010000 FRAC0_S 0 1 987.533 45017.5 8500 1.5142e+06 -293461 3.85265e+06 2186.09 7.0702 -37.8021
1010000 FRAC0_S 0 1 933.78 45321.8 8500 1.36637e+06 -1.8669e+06 3.46388e+06 2072.74 33.5869 -31.515
1010000 FRAC0_S 0 1 788.621 45594.7 8500 1.13909e+06 -2.28585e+06 2.04596e+06 1137.96 46.2746 -24.5546
1010000 FRAC0_S 0 1 566.268 45809.3 8500 1.29909e+06 -4.65788e+06 2.25321e+06 2758.94 56.8958 -18.9209
1010000 FRAC0_S 0 1 288.484 45944.6 8500 1.0161e+06 -3.51699e+06 742679 1267.58 62.2205 -10.3262
1010000 FRAC0_S 0 1 -17.5385 45987.6 8500 1.19724e+06 -5.8502e+06 -83962.5 3178.44 67.7406 0.913769
1010000 FRAC0_S 0 1 -321.845 45933.8 8500 1.13572e+06 -4.97231e+06 -1.17348e+06 2501.23 62.9599 11.7133
1010000 FRAC0_S 0 1 -594.647 45788.6 8500 970541 -3.2343e+06 -1.60169e+06 1357.29 56.2632 19.0048
1010000 FRAC0_S 0 1 -809.24 45566.3 8500 1.22841e+06 -3.27239e+06 -3.07247e+06 2344.23 47.4241 26.213
1010000 FRAC0_S 0 1 -944.619 45288.5 8500 1.33531e+06 -1.66322e+06 -3.49839e+06 2033.15 31.2526 32.4323
1010000 FRAC0_S 0 1 -987.533 44982.5 8500 1.50693e+06 19588.9 -4.18257e+06 2529.08 -0.479539 39.4321
1010000 FRAC0_S 0 1 -933.78 44678.2 8500 1.32546e+06 1.4434e+06 -3.11464e+06 1632.44 -30.1332 32.0438
1010000 FRAC0_S 0 1 -788.621 44405.3 8500 1.77749e+06 3.68405e+06 -3.485e+06 3106.28 -45.7802 25.3764
1010000 FRAC0_S 0 1 -566.268 44190.7 8500 1.89886e+06 5.36474e+06 -2.6329e+06 3807.91 -55.3219 18.4157
1010000 FRAC0_S 0 1 -288.484 44055.4 8500 1.54984e+06 4.73548e+06 -1.02093e+06 2350.94 -61.3337 10.2549
1010000 FRAC0_S 0 1 17.5385 44012.4 8500 1.95101e+06 6.71044e+06 68292.1 4352.44 -66.2546 -0.608169
1010000 FRAC0_S 0 1 321.845 44066.2 8500 1.96661e+06 6.05593e+06 1.4765e+06 3902.64 -60.8031 -11.3268
1010000 FRAC0_S 0 1 594.647 44211.4 8500 1.75595e+06 4.68029e+06 2.53498e+06 3081.4 -53.9861 -19.4054
Step FractureNumber TipNr TipActive TipX TipY TipZ KI KII KIII G Phi Psi Extension
1010101 FRAC0_S 0 1 868.668 44394.9 8433.33 5.0266e+06 1.29115e+06 3.83028e+06 4351.32 -16.6793 -24.7392
1010101 FRAC0_S 0 1 1026.42 44688.7 8462.34 4.76312e+06 1.32238e+06 5.08207e+06 5612.54 -15.5962 -28.6617
1010101 FRAC0_S 0 1 1077.97 45018.8 8508.3 3.27656e+06 490753 3.74504e+06 2843.5 -8.84693 -30.6832
1010101 FRAC0_S 0 1 1011.76 45346.2 8548.8 0 0 0 0 0 0
1010101 FRAC0_S 0 1 843.734 45633.4 8570.9 4.47277e+06 -1.54981e+06 3.28897e+06 3435.45 21.3624 -23.4336
1010101 FRAC0_S 0 1 599.125 45853.2 8582.07 6.50792e+06 -2.15448e+06 2.65582e+06 5125.8 24.1132 -16.4857
1010101 FRAC0_S 0 1 302.95 45987.6 8588.31 6.56726e+06 -1.32929e+06 1.13312e+06 4171.45 19.0929 -9.26847
1010101 FRAC0_S 0 1 -18.1755 46028.4 8590.66 6.80416e+06 -1.14907e+06 1416.64 4243.14 18.7628 -0.0138899
1010101 FRAC0_S 0 1 -337.779 45975.9 8588.46 5.97148e+06 -1.14002e+06 -1.16722e+06 3474.55 17.9513 10.3412
1010101 FRAC0_S 0 1 -628.926 45831.2 8582.25 5.53885e+06 -1.53201e+06 -2.4021e+06 3710.35 20.8106 17.6569
1010101 FRAC0_S 0 1 -865.756 45603 8570.58 4.67453e+06 -1.66787e+06 -3.47861e+06 3804.45 21.7569 23.4875
1010101 FRAC0_S 0 1 -995.939 45390.1 8553.45 2.90125e+06 -1.20851e+06 -3.53942e+06 2546.36 20.3716 29.0265
1010101 FRAC0_S 0 1 -1078.4 44980.8 8500 2.66217e+06 35396 -4.3076e+06 3099.52 -0.705611 35.4855
1010101 FRAC0_S 0 1 -1013.58 44653.1 8456.77 3.77719e+06 1.0146e+06 -4.29647e+06 3818.21 -14.757 29.4992
1010101 FRAC0_S 0 1 -845.061 44365.6 8431.06 5.49851e+06 1.63835e+06 -4.0634e+06 5129.3 -18.9811 23.9545
1010101 FRAC0_S 0 1 -600.003 44145.4 8419.03 7.9925e+06 1.8531e+06 -3.41768e+06 7551.86 -18.1939 17.9079
1010101 FRAC0_S 0 1 -303.466 44010.7 8412.69 8.59137e+06 2.00585e+06 -1.38332e+06 7190.38 -21.4774 8.56621
1010101 FRAC0_S 0 1 8.39696 43969.2 8410.47 8.71421e+06 1.09581e+06 95175.1 6875 -14.6315 -0.746424
1010101 FRAC0_S 0 1 338.821 44021.4 8413.25 9.31453e+06 2.18621e+06 1.99784e+06 8687.98 -20.8381 -10.8214
1010101 FRAC0_S 0 1 631.038 44166.1 8420.35 6.74247e+06 1.53013e+06 2.93248e+06 5403.37 -17.8126 -18.1531