
Step FractureNumber TipNr TipActive TipX TipY TipZ KI KII KIII G Phi Psi Extension
1010000 FRAC0_S 0 1 -14627.4 -29085.3 8500 34621.4 1242.39 -2081.15 0.107524 -4.50881 4.17877
1010000 FRAC0_S 0 1 -14928.3 -29015 8500 44187.9 -2052.37 1738.61 0.174771 5.86063 -2.78315
1010000 FRAC0_S 0 1 -15236.2 -29041 8500 40338.7 2377.11 -489.246 0.145536 -7.4908 0.879026
1010000 FRAC0_S 0 1 -15521 -29160.9 8500 40535.8 -3429.07 6811.24 0.153639 9.1354 -9.86932
1010000 FRAC0_S 0 1 -15754.8 -29363 8500 32088.9 -244.465 878.042 0.0918645 1.02673 -2.03909
1010000 FRAC0_S 0 1 -15914.7 -29627.4 8500 45869.2 -49459.9 -79036.1 1.23628 34.0797 28.5755
1010000 FRAC0_S 0 1 -15985.1 -29928.3 8500 50306.7 14713.4 1596.95 0.245147 -27.5065 -1.85086
1010000 FRAC0_S 0 1 -15959 -30236.2 8500 24037.7 -35987.2 -43360.6 0.416951 40.2507 26.909
1010000 FRAC0_S 0 1 -15839.1 -30521 8500 32318.7 -825.35 604.73 0.0931847 3.38193 -1.38705
1010000 FRAC0_S 0 1 -15637 -30754.8 8500 30882.1 -2229.37 327.801 0.0854418 9.02256 -0.761452
1010000 FRAC0_S 0 1 -15372.6 -30914.7 8500 39931.9 -2343.65 48.1771 0.142581 7.53778 -0.0887447
1010000 FRAC0_S 0 1 -15071.7 -30985 8500 41384.1 -7595.26 2012.65 0.158293 19.3 -3.02724
1010000 FRAC0_S 0 1 -14763.8 -30959 8500 39385.2 -3226.14 1078.32 0.139309 9.95622 -1.90504
1010000 FRAC0_S 0 1 -14479 -30839.1 8500 52646.3 -10110.1 3459.44 0.25768 19.7439 -3.98503
1010000 FRAC0_S 0 1 -14245.2 -30637 8500 43867.4 -188581 -87533 4.35954 58.1957 18.8679
1010000 FRAC0_S 0 1 -14085.3 -30372.6 8500 41574.5 -984.289 -1255.75 0.154318 3.10976 2.20841
1010000 FRAC0_S 0 1 -14014.9 -30071.7 8500 40906.2 -1086.23 -896.43 0.149321 3.50083 1.61588
1010000 FRAC0_S 0 1 -14041 -29763.8 8500 32776.7 668.655 -1258.64 0.0959823 -2.67145 2.78549
1010000 FRAC0_S 0 1 -14160.9 -29479 8500 41735.3 843.364 -1133.74 0.155449 -2.67503 2.00084
1010000 FRAC0_S 0 1 -14363 -29245.2 8500 35827.8 726.573 -683.713 0.114494 -2.70497 1.421
Step FractureNumber TipNr TipActive TipX TipY TipZ KI KII KIII G Phi Psi Extension
1010101 FRAC0_S 0 1 -14627.4 -29085.3 8500 46484.2 134362 -79216.4 2.63586 -53.6462 20.6974
1010101 FRAC0_S 0 1 -14928.3 -29015 8500 57929.5 4390.22 9183.65 0.311972 -8.33194 -9.47369
1010101 FRAC0_S 0 1 -15236.2 -29041 8500 38724.3 -297354 -13824.7 8.03808 68.4212 3.03028
1010101 FRAC0_S 0 1 -15521 -29160.9 8500 69840.4 -230714 -73195.8 5.89046 59.7476 14.0099
1010101 FRAC0_S 0 1 -15774 -29355.1 8514.01 38521.9 -28171.8 28489.8 0.310908 35.3043 -20.3901
1010101 FRAC0_S 0 1 -15953.1 -29611.8 8528.02 52836.8 -10758.5 150143 3.25728 6.86952 -38.5081
1010101 FRAC0_S 0 1 -16004.3 -29920.4 8514.01 51839.8 -1457.57 15139.4 0.270144 2.94997 -15.64
1010101 FRAC0_S 0 1 -15959 -30236.2 8500 43076.1 -12973.8 3308.63 0.181803 27.2553 -4.24518
1010101 FRAC0_S 0 1 -15839.1 -30521 8500 37656.4 -5966.71 -5593.38 0.133692 15.9439 8.43835
1010101 FRAC0_S 0 1 -15666 -30730.4 8500 36843.7 -154241 114413 3.98194 52.8402 -24.5835
1010101 FRAC0_S 0 1 -15372.6 -30914.7 8500 41007.8 2561.37 3758.14 0.152314 -7.37181 -5.98571
1010101 FRAC0_S 0 1 -15071.7 -30985 8500 43010.3 293886 -19322.6 7.91085 -67.8566 4.13389
1010101 FRAC0_S 0 1 -14763.8 -30959 8500 39356.2 3279.57 19618.8 0.190173 -7.18093 -21.3035
1010101 FRAC0_S 0 1 -14468.9 -30847.6 8521.24 93776.2 -38967.2 47279 1.21623 27.0243 -18.2089
1010101 FRAC0_S 0 1 -14225.1 -30654 8542.49 114764 -12801.8 104314 2.63547 7.51588 -28.4108
1010101 FRAC0_S 0 1 -14075.3 -30381.1 8521.24 37231.7 14852.4 23977.3 0.219645 -24.6685 -21.3091
1010101 FRAC0_S 0 1 -14014.9 -30071.7 8500 54523.8 -76309 -62634.5 1.30557 44.3298 21.7935
1010101 FRAC0_S 0 1 -14041 -29763.8 8500 36351 23065.2 -164813 3.77788 -13.6603 39.5032
1010101 FRAC0_S 0 1 -14160.9 -29479 8500 26722.1 55367.8 -4104.98 0.339047 -61.0464 3.63986
1010101 FRAC0_S 0 1 -14363 -29245.2 8500 48935.3 -75751.4 23452.5 0.79788 53.2857 -11.5214