
Step FractureNumber TipNr TipActive TipX TipY TipZ KI KII KIII G Phi Psi Extension
1010000 FRAC0_S 0 1 45000 -29019.2 8617.02 4.18022e+06 116623 133042 1560.69 -3.63719 -2.3128
1010000 FRAC0_S 0 1 45000 -29103.5 8914.36 3.62947e+06 307023 450289 1209.22 -9.45545 -7.65874
1010000 FRAC0_S 0 1 45000 -29275.4 9171.13 4.13197e+06 -51185.2 131973 1523.94 1.6508 -2.35467
1010000 FRAC0_S 0 1 45000 -29518.2 9362.22 4.1515e+06 -174822 148762 1541.47 5.36238 -2.55644
1010000 FRAC0_S 0 1 45000 -29808.3 9468.89 3.74494e+06 -17621.1 -90850.1 1250.85 0.638736 1.82063
1010000 FRAC0_S 0 1 45000 -30117.1 9480.74 3.59244e+06 -117318 49433 1151.57 4.30099 -1.01999
1010000 FRAC0_S 0 1 45000 -30414.4 9396.57 4.15584e+06 -173189 21772.7 1541.76 5.46195 -0.389509
1010000 FRAC0_S 0 1 45000 -30671.2 9224.65 3.90307e+06 335840 -48599.6 1367.86 -10.5367 0.879903
1010000 FRAC0_S 0 1 45000 -30862.2 8981.79 4.21225e+06 -220307 -67304.6 1586.01 6.68641 1.15927
1010000 FRAC0_S 0 1 45000 -30968.9 8691.77 4.09592e+06 -220900 -107486 1500.84 6.81551 1.87548
1010000 FRAC0_S 0 1 45000 -30980.8 8382.98 4.00665e+06 -128282 -154576 1435.15 4.12423 2.76795
1010000 FRAC0_S 0 1 45000 -30896.5 8085.64 4.07916e+06 -43094 -188160 1487.62 1.39268 3.34201
1010000 FRAC0_S 0 1 45000 -30724.6 7828.87 3.56652e+06 187160 170849 1140.49 -6.51739 -3.33309
1010000 FRAC0_S 0 1 45000 -30481.8 7637.78 4.14397e+06 126310 -198333 1536.89 -3.90132 3.39691
1010000 FRAC0_S 0 1 45000 -30191.7 7531.11 4.4893e+06 174628 -99357.1 1799.94 -5.0385 1.61264
1010000 FRAC0_S 0 1 45000 -29882.9 7519.26 3.98577e+06 283490 -85901.1 1423.78 -8.81642 1.52563
1010000 FRAC0_S 0 1 45000 -29585.6 7603.43 3.85254e+06 599616 -151229 1357.65 -17.0481 2.52682
1010000 FRAC0_S 0 1 45000 -29328.8 7775.35 3.80104e+06 261613 33024.2 1293.7 -8.65694 -0.626784
1010000 FRAC0_S 0 1 45000 -29137.8 8018.21 3.83497e+06 363662 120495 1324.26 -11.2915 -2.15035
1010000 FRAC0_S 0 1 45000 -29031.1 8308.23 3.79776e+06 355413 180578 1300.82 -11.0107 -3.19279
Step FractureNumber TipNr TipActive TipX TipY TipZ KI KII KIII G Phi Psi Extension
1010101 FRAC0_S 0 1 44987.9 -28923.2 8628.52 4.30509e+06 -439356 139988 1671.36 12.0267 -2.20838
1010101 FRAC0_S 0 1 44990.9 -29015.6 8954.99 4.79722e+06 -408690 100670 2066.95 10.367 -1.46784
1010101 FRAC0_S 0 1 44999.7 -29204.2 9237.17 4.40455e+06 -134998 22861 1730.43 4.08121 -0.390008
1010101 FRAC0_S 0 1 45005.7 -29470.8 9447.17 4.41823e+06 184919 108797 1744.12 -5.38645 -1.7834
1010101 FRAC0_S 0 1 45004.8 -29789.4 9564.42 4.74979e+06 126478 112151 2013.46 -3.50461 -1.73694
1010101 FRAC0_S 0 1 45006.4 -30128.5 9577.36 4.44105e+06 -35350.3 91333.6 1758.73 1.07929 -1.54645
1010101 FRAC0_S 0 1 45002 -30454.8 9484.54 4.38288e+06 -117060 112225 1714.67 3.50819 -1.87838
1010101 FRAC0_S 0 1 44996.2 -30736.7 9295.41 4.29751e+06 -453316 -43877.3 1664.31 12.6106 0.71103
1010101 FRAC0_S 0 1 45004.3 -30946.7 9028.86 4.44837e+06 95751.6 -184876 1768.67 -2.80599 2.99891
1010101 FRAC0_S 0 1 45010.7 -31064.1 8710.57 4.30703e+06 309991 -101746 1662.97 -8.89497 1.66649
1010101 FRAC0_S 0 1 45007.2 -31077.3 8371.4 4.27344e+06 234072 -118898 1634.12 -6.90407 1.9828
1010101 FRAC0_S 0 1 45000.1 -30985 8044.83 4.42181e+06 -20447.5 -112992 1744.05 0.627017 1.91447
1010101 FRAC0_S 0 1 44993.2 -30795.9 7762.85 3.47755e+06 -120223 -117174 1080.75 4.45736 2.42738
1010101 FRAC0_S 0 1 44991.5 -30529.1 7552.93 3.51156e+06 -150461 -147504 1103.73 5.42024 2.97067
1010101 FRAC0_S 0 1 44990 -30210.6 7435.94 4.54731e+06 -161076 -73714 1845.65 4.63621 1.1945
1010101 FRAC0_S 0 1 44982.8 -29871.9 7424.08 4.2086e+06 -419420 -465.879 1594.02 12.1116 0.00785074
1010101 FRAC0_S 0 1 44977.8 -29545.8 7517.37 4.19784e+06 -655964 -27240.4 1608.72 17.5504 0.43428
1010101 FRAC0_S 0 1 44980.3 -29263.9 7705.43 4.275e+06 -447920 -7639.26 1646.43 12.6285 0.125874
1010101 FRAC0_S 0 1 44981.7 -29054.1 7971.4 4.23102e+06 -527924 114237 1621.77 14.345 -1.81034
1010101 FRAC0_S 0 1 44984 -28936.7 8289.7 4.27326e+06 -505853 81065.8 1650.89 13.8131 -1.29183