
Step FractureNumber TipNr TipActive TipX TipY TipZ KI KII KIII G Phi Psi Extension
1010000 FRAC0_S 0 1 45000 -14017.8 8603.45 -2.04081e+06 1.31435e+06 135589 156.383 -42.7894 -2.97992
1010000 FRAC0_S 0 1 45000 -14097.8 8901.92 -1.79563e+06 1.07256e+06 365698 120.298 -38.7328 -8.39849
1010000 FRAC0_S 0 1 45000 -14266.1 9161.05 -1.53641e+06 684961 482177 72.7296 -30.9766 -12.8616
1010000 FRAC0_S 0 1 45000 -14506.3 9355.47 -1.98359e+06 605981 765010 110.559 -23.0058 -16.0717
1010000 FRAC0_S 0 1 45000 -14794.9 9466.15 -1.6056e+06 193599 693177 67.2456 -10.4523 -19.1407
1010000 FRAC0_S 0 1 45000 -15103.5 9482.25 -1.75245e+06 -176989 746585 76.9241 8.95326 -19.1927
1010000 FRAC0_S 0 1 45000 -15401.9 9402.21 -2.10147e+06 -530081 785891 107.183 20.0313 -16.1921
1010000 FRAC0_S 0 1 45000 -15664.3 9230.91 -2.12389e+06 -889798 678180 131.722 29.676 -13.2147
1010000 FRAC0_S 0 1 45000 -15855.5 8993.66 -2.12464e+06 -1.11582e+06 437692 136.426 36.0289 -8.81455
1010000 FRAC0_S 0 1 45000 -15966.1 8705.15 -2.06147e+06 -1.26748e+06 193873 148.155 41.3093 -4.19266
1010000 FRAC0_S 0 1 45000 -15982.2 8396.55 -2.15845e+06 -1.40084e+06 -105921 176.357 43.2825 2.22656
1010000 FRAC0_S 0 1 45000 -15902.2 8098.08 -2.10584e+06 -1.21498e+06 -330876 146.102 38.8312 6.79656
1010000 FRAC0_S 0 1 45000 -15733.9 7838.95 -2.37523e+06 -1.17404e+06 -640923 177.462 33.731 11.1586
1010000 FRAC0_S 0 1 45000 -15493.7 7644.53 -2.0725e+06 -701993 -754030 119.532 25.0821 15.1613
1010000 FRAC0_S 0 1 45000 -15205.1 7533.85 -1.52057e+06 -224813 -651042 60.8766 12.5176 18.7548
1010000 FRAC0_S 0 1 45000 -14896.5 7517.75 -2.10215e+06 131589 -948914 121.301 -5.66872 20.3223
1010000 FRAC0_S 0 1 45000 -14598.1 7597.79 -2.0004e+06 534004 -807962 112.233 -20.5808 16.9269
1010000 FRAC0_S 0 1 45000 -14339 7766.15 -1.80249e+06 1.30837e+06 -1.0013e+06 285.887 -37.4577 17.0362
1010000 FRAC0_S 0 1 45000 -14144.5 8006.34 -1.83528e+06 532707 -21401.2 25.3482 -27.7332 0.695979
1010000 FRAC0_S 0 1 45000 -14033.9 8294.85 -1.9284e+06 1.30577e+06 -167362 155.661 -43.4275 3.75787
Step FractureNumber TipNr TipActive TipX TipY TipZ KI KII KIII G Phi Psi Extension
1010101 FRAC0_S 0 1 44933.2 -13945.6 8611.46 -231584 2.43888e+06 187891 534.734 -68.4924 -4.98465
1010101 FRAC0_S 0 1 44938.9 -14028 8934.06 -400532 1.84778e+06 486934 335.783 -62.631 -12.8399
1010101 FRAC0_S 0 1 44948.8 -14205 9217.6 -851788 1.45646e+06 614905 239.316 -52.3773 -14.9476
1010101 FRAC0_S 0 1 44963 -14462.3 9433.72 -1.58328e+06 1.07486e+06 537188 141.33 -39.173 -12.1804
1010101 FRAC0_S 0 1 44985 -14775.7 9558.74 -2.00098e+06 594826 1.10421e+06 193.693 -20.6977 -20.3388
1010101 FRAC0_S 0 1 45011.8 -15113 9576.88 -1.91701e+06 -428707 1.02884e+06 157.159 16.656 -20.7133
1010101 FRAC0_S 0 1 45033.4 -15438.1 9485.82 -1.62113e+06 -1.11884e+06 896520 218.447 36.4476 -17.224
1010101 FRAC0_S 0 1 45048 -15717.2 9297.69 -1.04021e+06 -1.47952e+06 728206 265.588 49.2484 -15.8292
1010101 FRAC0_S 0 1 45058.3 -15923.4 9033.91 -824514 -2.26497e+06 548741 497.191 60.0271 -11.0138
1010101 FRAC0_S 0 1 45064.8 -16038.5 8721.14 301869 -2.74307e+06 477239 708.913 66.5749 -9.96281
1010101 FRAC0_S 0 1 45066.5 -16054.6 8388.71 -300232 -2.48449e+06 -69816.7 550.697 68.8236 1.888
1010101 FRAC0_S 0 1 45062.4 -15971.3 8066.4 -611261 -2.30074e+06 -401289 493.113 63.4625 8.96289
1010101 FRAC0_S 0 1 45053.6 -15784.8 7773.22 -1.05598e+06 -2.16287e+06 -764933 494.679 55.3754 13.7603
1010101 FRAC0_S 0 1 45040.5 -15536.8 7567.52 -1.53277e+06 -1.38891e+06 -905052 280.842 41.5916 16.6017
1010101 FRAC0_S 0 1 45018.9 -15224 7441.75 -1.8291e+06 -717078 -1.06543e+06 196.794 25.0373 20.1383
1010101 FRAC0_S 0 1 44991.7 -14886.9 7423.01 -2.05308e+06 409621 -1.15428e+06 192.155 -14.9571 21.5311
1010101 FRAC0_S 0 1 44964.7 -14563.2 7515.54 -1.83766e+06 1.55227e+06 -1.16664e+06 395.734 -39.5695 17.8075
1010101 FRAC0_S 0 1 44949.2 -14283.7 7704.22 -1.25519e+06 1.23616e+06 68743.1 136.797 -51.2795 -2.07065
1010101 FRAC0_S 0 1 44944.4 -14075.2 7965.7 -756786 2.11811e+06 -511052 434.518 -60.1856 11.021
1010101 FRAC0_S 0 1 44937 -13960.9 8278.17 -335632 2.26211e+06 -207638 461.721 -67.3749 5.59234