
Step FractureNumber TipNr TipActive TipX TipY TipZ KI KII KIII G Phi Psi Extension
1010000 FRAC0_S 0 1 -30000 -14017.8 8603.45 -239828 1.32176e+07 4.11473e+06 17819.7 -65.7013 -16.4552
1010000 FRAC0_S 0 1 -30000 -14097.8 8901.92 1.41284e+07 1.49097e+07 9.69882e+06 50107.5 -43.5153 -17.4606
1010000 FRAC0_S 0 1 -30000 -14266.1 9161.05 2.93771e+06 8.94426e+06 9.40985e+06 19674.3 -46.4585 -28.0264
1010000 FRAC0_S 0 1 -30000 -14506.3 9355.47 3.86085e+06 4.49947e+06 1.09742e+07 19150 -28.7894 -33.6411
1010000 FRAC0_S 0 1 -30000 -14794.9 9466.15 3.89641e+06 -107948 9.51937e+06 13406.2 1.11304 -38.5536
1010000 FRAC0_S 0 1 -30000 -15103.5 9482.25 8.71636e+06 -3.47971e+06 1.14237e+07 25205.6 19.1058 -30.0054
1010000 FRAC0_S 0 1 -30000 -15401.9 9402.21 4.52113e+06 -1.02448e+07 9.11553e+06 22225.5 47.1761 -24.9646
1010000 FRAC0_S 0 1 -30000 -15661 9233.85 -1.93481e+06 -1.02424e+07 4.74254e+06 12339.7 59.0977 -19.2704
1010000 FRAC0_S 0 1 -30000 -15855.5 8993.66 2.46e+06 -1.5365e+07 2.81995e+06 22634.3 65.4214 -10.0385
1010000 FRAC0_S 0 1 -30000 -15966.1 8705.15 764973 -1.48827e+07 -781595 19870.8 69.3797 3.63603
1010000 FRAC0_S 0 1 -30000 -15982.2 8396.55 -676690 -1.3159e+07 -3.93972e+06 17494.7 65.2787 15.6667
1010000 FRAC0_S 0 1 -30000 -15902.2 8098.08 -2.85818e+06 -1.05204e+07 -6.36477e+06 15250.4 54.7244 21.7158
1010000 FRAC0_S 0 1 -30000 -15719.7 7823.19 -4.27361e+06 -6.45706e+06 -7.73206e+06 11666.7 40.4009 26.8781
1010000 FRAC0_S 0 1 -30000 -15493.7 7644.53 -4.91335e+06 -2.17635e+06 -7.74781e+06 8405.86 19.029 31.7317
1010000 FRAC0_S 0 1 -30000 -15205.1 7533.85 -1.50705e+07 4.6735e+06 -4.89057e+06 5127.36 -24.0405 14.1843
1010000 FRAC0_S 0 1 -30000 -14896.5 7517.75 -5.40335e+06 5.481e+06 -7.57906e+06 10316.8 -35.3913 26.4577
1010000 FRAC0_S 0 1 -30000 -14598.1 7597.79 -5.07641e+06 8.47547e+06 -5.75476e+06 10805.7 -47.9689 20.3177
1010000 FRAC0_S 0 1 -30000 -14339 7766.15 -3.39702e+06 8.78705e+06 -2.99761e+06 8075.48 -57.581 14.1145
1010000 FRAC0_S 0 1 -30000 -14144.5 8006.34 4.30414e+06 1.43069e+07 -2.56987e+06 20769 -62.6273 8.9779
1010000 FRAC0_S 0 1 -30000 -14033.9 8294.85 3.04353e+06 1.70399e+07 2.91325e+06 27827.9 -65.3033 -9.35156
Step FractureNumber TipNr TipActive TipX TipY TipZ KI KII KIII G Phi Psi Extension
1010101 FRAC0_S 0 1 -30085.5 -13970.5 8610.82 1.2254e+07 4.88466e+06 3.79694e+06 17424.4 -28.8539 -13.0608
1010101 FRAC0_S 0 1 -30075.3 -14041.6 8929.29 1.25732e+07 5.29308e+06 7.27296e+06 23618.7 -26.3739 -19.8039
1010101 FRAC0_S 0 1 -30065.5 -14213 9210.46 1.07336e+07 3.11279e+06 7.41112e+06 18434.8 -18.9996 -23.1825
1010101 FRAC0_S 0 1 -30041.7 -14466.4 9429.4 8.25302e+06 3.01691e+06 9.77514e+06 19589.1 -18.6311 -29.1102
1010101 FRAC0_S 0 1 -30002.9 -14775.9 9557.52 8.06688e+06 -678584 1.11022e+07 22233.3 4.70472 -33.3054
1010101 FRAC0_S 0 1 -29964.8 -15110.1 9569.22 1.07015e+07 -2.89601e+06 1.1519e+07 28599.7 15.2118 -28.8315
1010101 FRAC0_S 0 1 -29933.7 -15426.8 9466.29 1.51187e+07 -3.58687e+06 9.65788e+06 33920.2 16.5851 -22.7332
1010101 FRAC0_S 0 1 -29916 -15694.1 9273.66 1.25484e+07 -1.37588e+06 4.95409e+06 17464.3 9.83158 -18.1964
1010101 FRAC0_S 0 1 -29909.6 -15890.7 9015.43 1.95108e+07 -1.96333e+06 3.21576e+06 35640.6 10.6901 -9.59936
1010101 FRAC0_S 0 1 -29907.7 -16002.8 8712.9 2.28365e+07 -1.96609e+06 -345241 46831.5 10.5176 1.0646
1010101 FRAC0_S 0 1 -29910.8 -16024.9 8390.31 1.39146e+07 -4.41794e+06 -4.01666e+06 21138.2 24.9395 12.9525
1010101 FRAC0_S 0 1 -29920.3 -15953.1 8072.49 -1.79956e+06 -9.30769e+06 -6.23376e+06 12888.2 54.9776 23.775
1010101 FRAC0_S 0 1 -29939.1 -15787.2 7787.12 1.08987e+06 -6.5267e+06 -9.06777e+06 14837.6 44.0543 32.6446
1010101 FRAC0_S 0 1 -29977.7 -15536.2 7568.52 -2.48774e+06 -3.02548e+06 -8.95145e+06 11472.7 26.2204 35.6321
1010101 FRAC0_S 0 1 -30026.7 -15224.3 7448.45 -3.23902e+06 3.23059e+06 -8.5082e+06 10557.8 -26.9403 33.6596
1010101 FRAC0_S 0 1 -30057.7 -14890.2 7439.58 -652903 6.22469e+06 -6.56721e+06 9188.77 -49.8128 30.2262
1010101 FRAC0_S 0 1 -30072.7 -14573.3 7536.98 4.14213e+06 9.07618e+06 -6.11424e+06 13841.6 -50.2982 21.368
1010101 FRAC0_S 0 1 -30082.9 -14304.2 7725.19 8.07018e+06 8.61684e+06 -3.92755e+06 14471.6 -46.2891 13.6629
1010101 FRAC0_S 0 1 -30088.2 -14105.4 7982.72 1.15995e+07 9.1818e+06 -689238 19565.3 -47.0688 2.46991
1010101 FRAC0_S 0 1 -30090.4 -13993.2 8285.85 1.1989e+07 6.40518e+06 240184 16471.8 -39.8516 -0.999884