
Step FractureNumber TipNr TipActive TipX TipY TipZ KI KII KIII G Phi Psi Extension
1010000 FRAC0_S 0 1 -44264.7 -14340.5 8500 -470624 -1.96866e+06 -608015 394.524 61.2296 14.2493
1010000 FRAC0_S 0 1 -44504.5 -14145.6 8500 -476958 -1.54368e+06 -973506 338.391 53.5727 21.8721
1010000 FRAC0_S 0 1 -44792.8 -14034.3 8500 -372250 -831472 -994813 193.23 42.935 28.5375
1010000 FRAC0_S 0 1 -45101.4 -14017.5 8500 -346275 -291224 -1.11336e+06 172.421 21.3498 36.2558
1010000 FRAC0_S 0 1 -45400.1 -14096.9 8500 -350425 231549 -1.25911e+06 215.63 -16.5003 37.9093
1010000 FRAC0_S 0 1 -45659.6 -14264.7 8500 -354653 793636 -1.1071e+06 219.14 -40.5963 30.3363
1010000 FRAC0_S 0 1 -45854.5 -14504.6 8500 -292115 1.20032e+06 -870079 229.073 -53.0603 24.2503
1010000 FRAC0_S 0 1 -45965.7 -14792.8 8500 -257507 1.47928e+06 -563615 237.245 -61.0812 17.1296
1010000 FRAC0_S 0 1 -45982.4 -15101.4 8500 -264864 1.81343e+06 -262623 302.213 -66.4457 8.33535
1010000 FRAC0_S 0 1 -45903.1 -15400.1 8500 -255525 1.62696e+06 107948 237.425 -67.6658 -4.13314
1010000 FRAC0_S 0 1 -45735.3 -15659.5 8500 -290619 1.69182e+06 489727 286.952 -63.0254 -14.1565
1010000 FRAC0_S 0 1 -45495.5 -15854.4 8500 -293811 1.33692e+06 778676 239.915 -56.1305 -21.7614
1010000 FRAC0_S 0 1 -45207.2 -15965.7 8500 -283653 859594 954609 187.043 -45.6122 -28.6601
1010000 FRAC0_S 0 1 -44898.6 -15982.5 8500 -345007 467675 1.33097e+06 255.096 -27.2117 -35.7077
1010000 FRAC0_S 0 1 -44599.9 -15903.1 8500 -373837 -111357 1.28899e+06 222.082 8.51141 -39.2503
1010000 FRAC0_S 0 1 -44340.4 -15735.3 8500 -329588 -608576 1.02725e+06 173.349 36.6385 -31.7529
1010000 FRAC0_S 0 1 -44145.5 -15495.4 8500 -450653 -1.38256e+06 1.10696e+06 333.305 50.3542 -24.6889
1010000 FRAC0_S 0 1 -44025.9 -15168 8500 -384241 -1.43043e+06 601479 230.447 58.3492 -17.3723
1010000 FRAC0_S 0 1 -44017.6 -14898.6 8500 -486752 -2.32334e+06 356794 497.938 65.0335 -8.36892
1010000 FRAC0_S 0 1 -44096.9 -14599.9 8500 -478309 -2.18283e+06 -149013 427.539 66.5117 4.04329
Step FractureNumber TipNr TipActive TipX TipY TipZ KI KII KIII G Phi Psi Extension
1010101 FRAC0_S 0 1 -44230.3 -14307.6 8586.87 1.17829e+06 -744409 -383834 192.692 37.8923 12.0662
1010101 FRAC0_S 0 1 -44476.9 -14093.9 8579.17 909394 -789019 -666306 188.216 38.9196 19.358
1010101 FRAC0_S 0 1 -44780.1 -13962.5 8563.27 629989 -772160 -1.028e+06 229.048 37.4167 27.0903
1010101 FRAC0_S 0 1 -45112 -13931.4 8528.13 203160 -467618 -1.32923e+06 258.156 28.9065 37.2634
1010101 FRAC0_S 0 1 -45434.5 -14015.8 8478.63 129484 218537 -1.12741e+06 174.799 -19.2007 40.3334
1010101 FRAC0_S 0 1 -45707.6 -14207.1 8440.38 344595 444223 -711514 95.4975 -35.3151 29.5688
1010101 FRAC0_S 0 1 -45904.9 -14472.8 8421.88 527604 452029 -453040 70.3107 -37.2036 21.3653
1010101 FRAC0_S 0 1 -46012.3 -14781.2 8413.33 993891 542615 -380002 133.467 -34.0265 14.1684
1010101 FRAC0_S 0 1 -46022.9 -15104.8 8409.16 955210 385440 -103851 95.9793 -32.3726 5.43716
1010101 FRAC0_S 0 1 -45938.8 -15416.3 8408.56 1.13917e+06 459343 52706.7 134.811 -33.5286 -2.45612
1010101 FRAC0_S 0 1 -45767.8 -15690.5 8411.56 1.2184e+06 517406 279696 166.543 -31.3268 -10.1888
1010101 FRAC0_S 0 1 -45521.5 -15903.2 8418.33 1.05405e+06 568585 533841 165.714 -32.0467 -17.2868
1010101 FRAC0_S 0 1 -45219.2 -16034.1 8432.08 625141 665328 864122 173.582 -36.5565 -25.9747
1010101 FRAC0_S 0 1 -44887.7 -16066.5 8462.97 231117 401177 1.0768e+06 173.314 -29.0054 -36.0438
1010101 FRAC0_S 0 1 -44564.3 -15985.4 8510.89 88664.7 -142166 1.18196e+06 188.307 13.3791 -42.1584
1010101 FRAC0_S 0 1 -44289.9 -15795.7 8552.79 361732 -613510 1.04535e+06 190.538 36.0547 -31.5207
1010101 FRAC0_S 0 1 -44091.7 -15529.1 8574.7 787770 -810007 813778 201.843 39.1267 -22.5633
1010101 FRAC0_S 0 1 -43984.3 -15219.6 8584.47 1.22258e+06 -703720 479255 207.869 34.965 -14.23
1010101 FRAC0_S 0 1 -43974.6 -14895.2 8589.53 1.23157e+06 -630731 183158 175.07 36.5141 -6.71983
1010101 FRAC0_S 0 1 -44059.3 -14582.8 8590.43 1.2565e+06 -665066 -60674.8 180.589 39.092 2.35661