
Step FractureNumber TipNr TipActive TipX TipY TipZ KI KII KIII G Phi Psi Extension
1010000 FRAC0_S 0 1 -45000 -14017.8 8603.45 -302694 1.71088e+06 10536.2 260.849 -68.3237 -0.405123
1010000 FRAC0_S 0 1 -45000 -14097.8 8901.92 -339624 857790 120030 67.4837 -61.4789 -6.83252
1010000 FRAC0_S 0 1 -45000 -14266.1 9161.05 -266298 613850 245655 41.6038 -55.5245 -15.4487
1010000 FRAC0_S 0 1 -45000 -14506.3 9355.47 -289097 617132 467798 63.0428 -48.7588 -22.7306
1010000 FRAC0_S 0 1 -45000 -14794.9 9466.15 -202305 300193 469395 37.3343 -36.5642 -29.9741
1010000 FRAC0_S 0 1 -45000 -15103.5 9482.25 -254725 63221.6 673115 60.6163 -8.64599 -37.7538
1010000 FRAC0_S 0 1 -45000 -15401.9 9402.21 -215144 -176396 623569 54.4882 22.2141 -35.4619
1010000 FRAC0_S 0 1 -45000 -15651 9242.87 -213298 -666783 631478 92.654 48.1359 -26.8263
1010000 FRAC0_S 0 1 -45000 -15855.5 8993.66 -229982 -654429 464569 66.8684 51.4435 -22.9482
1010000 FRAC0_S 0 1 -45000 -15966.1 8705.15 -247451 -817124 319625 73.0853 58.2515 -16.2514
1010000 FRAC0_S 0 1 -45000 -15982.2 8396.55 -276402 -972488 162229 87.7746 63.2365 -8.53111
1010000 FRAC0_S 0 1 -45000 -15902.2 8098.08 -352678 -1.03161e+06 -29993 94.9528 64.8752 1.63932
1010000 FRAC0_S 0 1 -45000 -15733.9 7838.95 -404893 -62445.8 407411 22.4233 9.63746 -29.1698
1010000 FRAC0_S 0 1 -45000 -15493.7 7644.53 -370923 -771171 -383650 72.57 52.8787 17.5267
1010000 FRAC0_S 0 1 -45000 -15205.1 7533.85 -334683 -425583 -36894.6 16.3208 54.7909 3.53934
1010000 FRAC0_S 0 1 -45000 -14896.5 7517.75 -447444 -294709 -673388 68.0485 26.1131 29.6375
1010000 FRAC0_S 0 1 -45000 -14598.1 7597.79 -401916 48709.3 -629241 52.872 -6.17253 34.2459
1010000 FRAC0_S 0 1 -45000 -14339 7766.15 -406758 358230 -578176 55.8956 -32.3596 27.461
1010000 FRAC0_S 0 1 -45000 -14144.5 8006.34 -338102 511486 -393741 43.9321 -45.7472 21.3918
1010000 FRAC0_S 0 1 -45000 -14033.9 8294.85 -436179 66197.8 -225101 7.12965 -12.1599 20.9757
Step FractureNumber TipNr TipActive TipX TipY TipZ KI KII KIII G Phi Psi Extension
1010101 FRAC0_S 0 1 -45073.7 -13964.6 8605.17 708365 844543 -46030.2 108.553 -54.4177 2.21812
1010101 FRAC0_S 0 1 -45087.8 -14056.3 8922.08 972518 941122 201195 168.589 -48.439 -7.12186
1010101 FRAC0_S 0 1 -45082 -14225.9 9199.13 785614 825781 459545 143.85 -44.6946 -15.6834
1010101 FRAC0_S 0 1 -45073.1 -14475.1 9413.13 431790 594036 571729 91.5333 -42.3791 -23.6879
1010101 FRAC0_S 0 1 -45052.3 -14780.9 9544.28 159568 452151 694251 84.5905 -40.0799 -32.1389
1010101 FRAC0_S 0 1 -45012.9 -15113.9 9572.19 33355.1 166270 889348 107.758 -19.744 -41.6913
1010101 FRAC0_S 0 1 -44966.2 -15434.5 9481.47 68540.8 -233864 740517 78.2249 27.8736 -38.746
1010101 FRAC0_S 0 1 -44933.8 -15706.3 9287.57 -314599 -65601.7 197465 5.56947 14.9961 -22.8069
1010101 FRAC0_S 0 1 -44921 -15906.5 9024.36 773991 -652699 608018 140.513 37.7065 -20.3615
1010101 FRAC0_S 0 1 -44915.6 -16016.6 8717.22 596037 -461372 268337 60.2022 40.2436 -14.4356
1010101 FRAC0_S 0 1 -44911.5 -16027.2 8392.6 868007 -625559 132117 104.331 43.5068 -6.12102
1010101 FRAC0_S 0 1 -44928.3 -15951.1 8071.76 717388 -734797 -36303.9 94.1482 52.0529 1.88277
1010101 FRAC0_S 0 1 -44949.1 -15787.8 7788.57 408468 -964103 -276212 107.842 57.9289 12.1408
1010101 FRAC0_S 0 1 -44935.5 -15530.1 7587.8 279375 -824685 -477896 97.9344 53.9597 20.5516
1010101 FRAC0_S 0 1 -44928.2 -15216.3 7470.26 189751 -445853 -426252 45.0871 46.4423 25.9933
1010101 FRAC0_S 0 1 -44960.3 -14884.7 7436.29 -64231.3 -371234 -740990 85.3065 37.2073 36.0368
1010101 FRAC0_S 0 1 -45007.8 -14561.4 7514.37 -415133 19310.7 -682400 61.9674 -2.39973 35.3387
1010101 FRAC0_S 0 1 -45047.4 -14285.4 7703.35 -19682.7 517339 -678103 85.0059 -46.9166 33.2511
1010101 FRAC0_S 0 1 -45054.5 -14076.2 7968.14 -7016.48 914255 -554575 115.388 -59.8642 24.6502
1010101 FRAC0_S 0 1 -45051.7 -13961.8 8276.95 314069 1.00147e+06 -336916 113.258 -59.1362 14.5315