
Step FractureNumber TipNr TipActive TipX TipY TipZ KI KII KIII G Phi Psi Extension
1010000 FRAC0_S 0 1 14581.2 -14193.8 8112.54 2.74735e+06 5.16352e+06 -217285 3054.72 -60.6877 2.06154
1010000 FRAC0_S 0 1 14388.7 -14238.8 8350.06 566301 3.9597e+06 -125960 1427.86 -68.4499 2.08779
1010000 FRAC0_S 0 1 14256.1 -14358.3 8602.26 -1.41224e+07 2.37094e+07 1.32997e+07 73616.9 -49.8663 -18.0557
1010000 FRAC0_S 0 1 14196.3 -14540.7 8844.45 -4.43322e+06 5.48209e+06 -592219 2724.7 -53.988 4.29136
1010000 FRAC0_S 0 1 14215.2 -14768.1 9052.92 -6.23212e+06 6.66077e+06 -65772.5 3954.02 -53.4664 0.395044
1010000 FRAC0_S 0 1 14310.8 -15018.1 9207.27 -8.24707e+06 8.06746e+06 1.13777e+06 5971.79 -49.7583 -4.94482
1010000 FRAC0_S 0 1 14473.9 -15266.3 9292.39 -8.46373e+06 7.10979e+06 2.70552e+06 5477.97 -43.864 -10.822
1010000 FRAC0_S 0 1 14688.6 -15488.5 9299.94 -7.72406e+06 4.79238e+06 3.56623e+06 3738.07 -35.5021 -15.6734
1010000 FRAC0_S 0 1 14933.7 -15662.9 9229.19 8.13907e+06 2.12705e+07 1.63821e+07 81913 -49.9272 -23.6812
1010000 FRAC0_S 0 1 15185.3 -15772.4 9087.05 -6.80226e+06 -603438 4.9552e+06 3298.13 6.66774 -25.9652
1010000 FRAC0_S 0 1 15418.8 -15806.2 8887.46 -4.94685e+06 -3.55127e+06 3.86264e+06 3108.17 34.4443 -21.1519
1010000 FRAC0_S 0 1 15611.3 -15761.2 8649.94 -1.36668e+07 1.82438e+07 -1.46437e+07 58179.3 -44.1134 21.2699
1010000 FRAC0_S 0 1 15743.9 -15641.7 8397.74 5.69072e+06 3.69318e+06 5.85124e+06 8654.7 -29.8242 -25.0892
1010000 FRAC0_S 0 1 15803.7 -15459.3 8155.55 2.25413e+06 -4.32112e+06 -2.68659e+06 3076.61 50.0802 19.8489
1010000 FRAC0_S 0 1 15784.8 -15231.9 7947.08 4.19906e+06 -1.82552e+06 -4.22615e+06 4243.59 22.7121 26.5486
1010000 FRAC0_S 0 1 15689.2 -14981.9 7792.73 5.13354e+06 1.3767e+06 -3.75381e+06 4391.34 -17.5186 24.1126
1010000 FRAC0_S 0 1 15526.1 -14733.7 7707.61 -1.3307e+07 2.75442e+07 -1.95859e+07 118626 -49.2654 21.8118
1010000 FRAC0_S 0 1 15311.4 -14511.5 7700.06 6.00431e+06 4.84494e+06 -2.63126e+06 6225.11 -41.2745 13.9675
1010000 FRAC0_S 0 1 15066.3 -14337.1 7770.81 5.18652e+06 4.98842e+06 -1.12581e+06 4783.07 -48.1595 7.44308
1010000 FRAC0_S 0 1 14814.7 -14227.6 7912.95 4.99311e+06 6.3598e+06 -863246 5924.96 -53.9127 5.34703
Step FractureNumber TipNr TipActive TipX TipY TipZ KI KII KIII G Phi Psi Extension
1010101 FRAC0_S 0 1 14512.1 -14205.5 8042.54 7.04756e+06 -453855 618442 4495.14 7.60654 -5.74937
1010101 FRAC0_S 0 1 14309.6 -14254.7 8293.68 1.44025e+07 4.24931e+06 -3.3936e+06 21624.9 -24.3846 11.2251
1010101 FRAC0_S 0 1 14167.1 -14370.7 8562.17 3.4546e+06 3.27836e+06 177340 2025.37 -50.6633 -1.98
1010101 FRAC0_S 0 1 14102.5 -14559.1 8818.72 2.60314e+06 6.78571e+06 717448 4775.45 -62.4431 -5.37093
1010101 FRAC0_S 0 1 14122.4 -14800.4 9040.39 63302.6 6.19162e+06 -1.06114e+06 3566.25 -68.3464 10.6191
1010101 FRAC0_S 0 1 14223.3 -15063.7 9209.56 -1.62166e+06 8.03966e+06 -689295 5822.92 -66.5106 5.04802
1010101 FRAC0_S 0 1 14397.7 -15325.8 9309.95 1.10285e+07 1.19705e+07 440432 23632.8 -53.2409 -1.45399
1010101 FRAC0_S 0 1 14627.3 -15562.1 9321.43 -1.66004e+07 4.67656e+06 -2.0775e+06 2522.89 -25.2272 6.67739
1010101 FRAC0_S 0 1 14901 -15742.7 9255.39 2.84936e+06 1.25103e+07 -455883 14697.6 -66.9427 2.22092
1010101 FRAC0_S 0 1 15202.8 -15838.3 9137.01 -4.8973e+06 -590725 5.41976e+06 3937.82 7.37657 -30.6089
1010101 FRAC0_S 0 1 15460 -15865.2 8929.07 -4.69939e+06 -4.06081e+06 3.55591e+06 3151.16 38.5503 -19.7693
1010101 FRAC0_S 0 1 15639.5 -15838.9 8642.12 -7.18988e+06 -6.55562e+06 594578 3876.63 49.3723 -3.17736
1010101 FRAC0_S 0 1 15787.4 -15704.5 8377.04 2.66867e+07 4.8913e+06 1.62948e+07 100909 -13.5734 -22.7261
1010101 FRAC0_S 0 1 15885.1 -15473.1 8149.73 2.88997e+06 -2.19783e+06 -2.65248e+06 2110.42 34.1088 22.8541
1010101 FRAC0_S 0 1 15869.1 -15231.9 7916.46 1.67509e+07 -2.10502e+07 -1.96727e+07 115962 41.8859 22.8323
1010101 FRAC0_S 0 1 15735.4 -14996.1 7718.53 -1.77835e+06 2.7273e+07 -2.48635e+07 148501 -52.9073 28.9525
1010101 FRAC0_S 0 1 15530.2 -14750.9 7613.41 1.02243e+07 -1.09745e+06 -4.7756e+06 12455.8 9.21926 20.2358
1010101 FRAC0_S 0 1 15292.3 -14518 7603.5 1.16545e+07 -2.17426e+06 -6.59307e+06 18306.1 14.112 21.7423
1010101 FRAC0_S 0 1 15029 -14336.6 7679.53 1.02868e+07 -1.65276e+06 2.32642e+06 10392.7 15.2799 -11.8423
1010101 FRAC0_S 0 1 14758.4 -14230.1 7831.67 9.5872e+06 -426451 -243305 8214.58 5.69974 1.83167