
Step FractureNumber TipNr TipActive TipX TipY TipZ KI KII KIII G Phi Psi Extension
1010000 FRAC0_S 0 1 8238.21 44349.7 8412.03 3.35549e+06 -5.07711e+06 -3.49623e+06 4926.05 46.9059 20.0263
1010000 FRAC0_S 0 1 8302.37 44528.7 8168.88 3.09529e+06 -2.4765e+06 -3.9544e+06 3480.02 31.6646 26.692
1010000 FRAC0_S 0 1 8288.05 44754.3 7957.65 2.80987e+06 -937441 -4.47018e+06 3439.54 15.06 32.6654
1010000 FRAC0_S 0 1 8196.55 45003.7 7799.76 2.74386e+06 1.14236e+06 -4.59188e+06 3591.53 -17.5931 32.5656
1010000 FRAC0_S 0 1 8036.87 45252.7 7710.42 2.08596e+06 2.41894e+06 -3.25383e+06 2317.27 -36.8438 26.9074
1010000 FRAC0_S 0 1 7824.64 45477 7698.37 2.08063e+06 3.75768e+06 -2.55599e+06 2512.9 -48.6434 20.6907
1010000 FRAC0_S 0 1 7580.63 45654.6 7764.79 2.57667e+06 5.69386e+06 -1.97144e+06 3997.48 -56.1964 13.7912
1010000 FRAC0_S 0 1 7328.73 45768.1 7903.17 3.03696e+06 6.93782e+06 -745648 5184.98 -61.2852 5.26556
1010000 FRAC0_S 0 1 7093.59 45806.4 8099.98 1.64683e+06 5.33471e+06 166150 2781.34 -65.4965 -1.7953
1010000 FRAC0_S 0 1 6898.24 45765.8 8335.94 3.04302e+06 6.08807e+06 1.99535e+06 4657.51 -55.6462 -12.9268
1010000 FRAC0_S 0 1 6761.79 45650.3 8587.97 1.38161e+06 3.41363e+06 2.41657e+06 1985.18 -50.5839 -22.4314
1010000 FRAC0_S 0 1 6697.6 45471.1 8831.38 3.09177e+06 3.0389e+06 3.83952e+06 3635.4 -36.1687 -25.1438
1010000 FRAC0_S 0 1 6711.95 45245.7 9042.35 3.63995e+06 1.32633e+06 4.84516e+06 4459.64 -17.6463 -30.471
1010000 FRAC0_S 0 1 6803.45 44996.3 9200.24 3.26098e+06 -1.07166e+06 4.64121e+06 3914.86 15.7205 -31.5139
1010000 FRAC0_S 0 1 6963.13 44747.3 9289.58 3.7744e+06 -3.12888e+06 4.45628e+06 4783.02 33.251 -25.5204
1010000 FRAC0_S 0 1 7175.36 44523 9301.63 4.02546e+06 -5.34881e+06 3.80058e+06 5914.49 45.3004 -19.7547
1010000 FRAC0_S 0 1 7419.37 44345.4 9235.21 3.93498e+06 -6.84339e+06 2.43333e+06 6340.49 53.7359 -13.2466
1010000 FRAC0_S 0 1 7671.27 44231.9 9096.83 3.9399e+06 -7.91509e+06 850556 7062.07 60.049 -5.07372
1010000 FRAC0_S 0 1 7906.41 44193.6 8900.02 3.7908e+06 -7.6613e+06 -796787 6595.32 60.1809 4.93424
1010000 FRAC0_S 0 1 8101.76 44234.2 8664.06 2.77082e+06 -5.1604e+06 -1.8173e+06 3496.35 54.4944 13.3938
Step FractureNumber TipNr TipActive TipX TipY TipZ KI KII KIII G Phi Psi Extension
1010101 FRAC0_S 0 1 8330.29 44346.3 8444.67 7.25839e+06 -1.06062e+06 -3.81517e+06 6730.82 11.7023 21.2621
1010101 FRAC0_S 0 1 8398.45 44520.9 8169.01 5.15584e+06 -714168 -4.44786e+06 5045.43 9.35497 27.492
1010101 FRAC0_S 0 1 8371.37 44743 7917.82 3.66586e+06 -308927 -4.59615e+06 4015.59 4.95516 32.3378
1010101 FRAC0_S 0 1 8246.67 44989.3 7723.09 3.51523e+06 349979 -3.90297e+06 3138.05 -6.16532 30.8592
1010101 FRAC0_S 0 1 8048.35 45238.5 7615.62 4.90382e+06 854365 -4.14286e+06 4490.62 -11.5594 26.8596
1010101 FRAC0_S 0 1 7805.19 45465 7602.89 6.22117e+06 1.12643e+06 -3.18758e+06 4913.26 -14.1687 20.5791
1010101 FRAC0_S 0 1 7538.76 45642.9 7675.93 6.83526e+06 973848 -1.9313e+06 4743.87 -13.2975 14.1683
1010101 FRAC0_S 0 1 7270.99 45754 7823.65 8.06056e+06 418848 -635092 5858.99 -6.28574 5.27476
1010101 FRAC0_S 0 1 7023.54 45792.8 8031.13 8.57226e+06 515441 406852 6593.82 -7.39403 -3.28179
1010101 FRAC0_S 0 1 6811.02 45756.2 8288.8 9.13809e+06 932278 2.21614e+06 8171.75 -10.2199 -12.9954
1010101 FRAC0_S 0 1 6670.33 45649 8552.48 7.30692e+06 957444 3.43545e+06 6409.08 -10.988 -20.0581
1010101 FRAC0_S 0 1 6601.37 45474.1 8826.85 6.35412e+06 515003 4.58619e+06 6418.84 -6.15258 -25.9383
1010101 FRAC0_S 0 1 6627.21 45253.7 9078.99 5.6924e+06 274146 5.18745e+06 6473.15 -3.39867 -29.1381
1010101 FRAC0_S 0 1 6750.5 45008.1 9275.51 6.46972e+06 -413041 6.0825e+06 8665.68 4.38901 -29.3298
1010101 FRAC0_S 0 1 6947.65 44758 9384.33 6.72953e+06 -597029 5.14499e+06 7587.89 6.54156 -26.5618
1010101 FRAC0_S 0 1 7191.3 44530.9 9397.97 7.82445e+06 -723060 4.04775e+06 7681.19 7.80633 -21.6587
1010101 FRAC0_S 0 1 7459.38 44353.6 9325.09 1.00108e+07 -1.69932e+06 2.86588e+06 10280 15.3702 -14.0604
1010101 FRAC0_S 0 1 7690.71 44252.7 9203.3 1.32643e+07 -728396 1.38982e+06 15982.3 6.47236 -6.77797
1010101 FRAC0_S 0 1 7976.96 44201.6 8969.35 1.03146e+07 -132256 -1.16928e+06 9663.83 1.5849 7.51714
1010101 FRAC0_S 0 1 8183.9 44236.8 8718.96 8.98356e+06 -997958 -2.62679e+06 8198.02 10.6426 14.818