
Step FractureNumber TipNr TipActive TipX TipY TipZ KI KII KIII G Phi Psi Extension
1010000 FRAC0_S 0 1 812.916 44439 8500 -2.08232e+06 -4.8017e+06 -4.84953e+06 5182.43 45.5692 26.6007
1010000 FRAC0_S 0 1 944.619 44711.5 8500 -1.91188e+06 -2.36963e+06 -5.69252e+06 4810.19 29.3101 33.7679
1010000 FRAC0_S 0 1 987.533 45017.5 8500 -1.54968e+06 378819 -5.25764e+06 3689.27 -7.18562 39.403
1010000 FRAC0_S 0 1 933.78 45321.8 8500 -1.37873e+06 2.55841e+06 -4.77291e+06 3613.1 -35.0828 32.833
1010000 FRAC0_S 0 1 788.621 45594.7 8500 -1.27102e+06 3.48873e+06 -3.01769e+06 2295.74 -48.7148 25.2963
1010000 FRAC0_S 0 1 566.268 45809.3 8500 -1.31593e+06 6.493e+06 -3.12765e+06 5057.82 -58.4442 19.6076
1010000 FRAC0_S 0 1 288.484 45944.6 8500 -1.08411e+06 5.26668e+06 -1.12738e+06 2640.77 -63.8782 11.009
1010000 FRAC0_S 0 1 -17.5385 45987.6 8500 -1.13087e+06 8.18775e+06 140053 5976.48 -68.7362 -1.1477
1010000 FRAC0_S 0 1 -321.845 45933.8 8500 -1.07268e+06 6.6136e+06 1.46482e+06 4183.03 -64.6177 -11.64
1010000 FRAC0_S 0 1 -594.647 45788.6 8500 -979870 4.50663e+06 2.24371e+06 2479.36 -57.8271 -19.8595
1010000 FRAC0_S 0 1 -809.24 45566.3 8500 -1.1548e+06 4.33201e+06 4.05407e+06 3858.18 -49.1355 -27.1852
1010000 FRAC0_S 0 1 -944.619 45288.5 8500 -1.30201e+06 2.37338e+06 4.68534e+06 3421.63 -34.1012 -33.3475
1010000 FRAC0_S 0 1 -987.533 44982.5 8500 -1.50413e+06 -57104.2 5.73288e+06 4371.45 1.09174 -40.9197
1010000 FRAC0_S 0 1 -933.78 44678.2 8500 -1.36983e+06 -1.96439e+06 4.19402e+06 2683.31 31.765 -33.2121
1010000 FRAC0_S 0 1 -788.621 44405.3 8500 -1.8157e+06 -4.96514e+06 4.66119e+06 5086.45 47.5702 -26.2987
1010000 FRAC0_S 0 1 -566.268 44190.7 8500 -1.94356e+06 -7.15963e+06 3.48957e+06 6187.37 56.9696 -19.0805
1010000 FRAC0_S 0 1 -288.484 44055.4 8500 -1.59493e+06 -6.27382e+06 1.34526e+06 3748.14 62.8723 -10.6847
1010000 FRAC0_S 0 1 17.5385 44012.4 8500 -1.97468e+06 -8.89162e+06 -99162.5 7046.43 67.4962 0.702668
1010000 FRAC0_S 0 1 321.845 44066.2 8500 -2.02041e+06 -8.02652e+06 -1.95771e+06 6250.65 62.313 11.8426
1010000 FRAC0_S 0 1 594.647 44211.4 8500 -1.77415e+06 -6.23502e+06 -3.37077e+06 4975.35 55.6921 20.2085
Step FractureNumber TipNr TipActive TipX TipY TipZ KI KII KIII G Phi Psi Extension
1010101 FRAC0_S 0 1 867.25 44396 8568.6 2.24835e+06 -3.04279e+06 -3.46229e+06 2869.82 40.2072 25.689
1010101 FRAC0_S 0 1 1025.46 44689.2 8539.2 761651 -1.81609e+06 -4.25697e+06 2755.79 32.2579 35.78
1010101 FRAC0_S 0 1 1077.33 45018.8 8491.61 185503 410172 -4.45266e+06 2654.95 -10.9128 43.1246
1010101 FRAC0_S 0 1 1010.43 45345.5 8449.35 773771 1.39252e+06 -2.83892e+06 1298.06 -33.5318 33.6247
1010101 FRAC0_S 0 1 841.805 45631.9 8426.75 2.54775e+06 2.54582e+06 -2.61524e+06 2065.61 -38.6003 22.6637
1010101 FRAC0_S 0 1 597.656 45851.2 8416.16 3.89269e+06 2.5674e+06 -1.6975e+06 2320.9 -37.1279 14.8019
1010101 FRAC0_S 0 1 302.254 45985.5 8410.5 3.64338e+06 1.78377e+06 -590278 1512.74 -35.3496 7.33384
1010101 FRAC0_S 0 1 -18.1375 46026.3 8408.37 3.68962e+06 1.49377e+06 87232.8 1412.93 -34.0553 -1.28192
1010101 FRAC0_S 0 1 -337.004 45973.7 8410.36 4.27805e+06 1.93544e+06 940977 2082.43 -32.7503 -9.68795
1010101 FRAC0_S 0 1 -627.569 45829.4 8416.18 3.5572e+06 2.01295e+06 1.68235e+06 1865.07 -33.4649 -16.3178
1010101 FRAC0_S 0 1 -863.856 45601.7 8427.01 2.39517e+06 2.42567e+06 2.80265e+06 2080.22 -37.4588 -24.2153
1010101 FRAC0_S 0 1 -1022.61 45309.5 8453.54 1.48594e+06 1.90637e+06 4.18209e+06 2846.76 -30.8018 -33.0064
1010101 FRAC0_S 0 1 -1077.41 44980.7 8500.09 158271 -6436.18 3.99821e+06 2128.33 0.216283 -44.4736
1010101 FRAC0_S 0 1 -1012.43 44653.7 8545.25 1.5476e+06 -2.29487e+06 5.19838e+06 4276.8 31.0265 -33.9389
1010101 FRAC0_S 0 1 -829.75 44377 8552.31 3.2089e+06 -3.31381e+06 3.76831e+06 3784.73 37.8231 -24.1368
1010101 FRAC0_S 0 1 -598.691 44147.3 8582.62 3.40787e+06 -2.41247e+06 1.19736e+06 1744.19 39.8553 -12.3477
1010101 FRAC0_S 0 1 -302.786 44012.8 8588.55 4.41505e+06 -2.5006e+06 860319 2392.63 37.7823 -8.22584
1010101 FRAC0_S 0 1 18.3335 43971.4 8590.58 4.75098e+06 -2.55246e+06 -62980.8 2592.46 40.1056 0.664466
1010101 FRAC0_S 0 1 338.068 44023.4 8588.02 3.9264e+06 -2.74334e+06 -1.06917e+06 2196.44 40.8319 10.1463
1010101 FRAC0_S 0 1 629.737 44167.8 8581.3 3.96739e+06 -2.87457e+06 -2.40166e+06 2906.07 36.7675 18.0381