
Step FractureNumber TipNr TipActive TipX TipY TipZ KI KII KIII G Phi Psi Extension
1010000 FRAC0_S 0 1 14542.6 -44196.1 8153.45 -4.08775e+06 -2.11977e+06 -253137 408.93 38.3989 3.00548
1010000 FRAC0_S 0 1 14359.7 -44255.2 8395.44 -4.01184e+06 -1.66806e+06 -712192 315.401 31.767 8.28092
1010000 FRAC0_S 0 1 14239.6 -44387.2 8647.66 -3.91077e+06 -1.41863e+06 -1.17304e+06 362.344 27.2118 12.9972
1010000 FRAC0_S 0 1 14193.8 -44579.2 8885.42 -4.1007e+06 -673102 -1.53978e+06 355.704 14.13 17.0601
1010000 FRAC0_S 0 1 14227 -44812.4 9085.46 -3.73781e+06 107325 -1.53396e+06 313.981 -2.76544 19.5597
1010000 FRAC0_S 0 1 14335.8 -45064 9228.19 -3.49869e+06 781417 -1.50628e+06 356.174 -17.6296 18.0684
1010000 FRAC0_S 0 1 14509.6 -45309.2 9299.64 -3.54515e+06 1.81652e+06 -1.2898e+06 515.296 -33.0132 13.8842
1010000 FRAC0_S 0 1 14731.4 -45524.3 9292.81 -3.27613e+06 1.595e+06 -300882 238.739 -36.5174 4.42597
1010000 FRAC0_S 0 1 14979.6 -45688 9208.38 -2.4706e+06 1.43436e+06 -116343 185.135 -41.0308 2.22905
1010000 FRAC0_S 0 1 15229.8 -45784.3 9054.61 -3.27925e+06 1.81311e+06 232092 300.102 -39.5565 -3.33731
1010000 FRAC0_S 0 1 15457.4 -45803.9 8846.55 -3.3285e+06 1.62203e+06 541753 273.481 -35.2407 -7.37276
1010000 FRAC0_S 0 1 15640.3 -45744.8 8604.56 -2.31584e+06 806712 572940 101.65 -27.2257 -11.2997
1010000 FRAC0_S 0 1 15760.4 -45612.8 8352.34 -3.25887e+06 925919 935168 192.71 -23.029 -13.1459
1010000 FRAC0_S 0 1 15806.2 -45420.8 8114.58 -3.56102e+06 476899 1.07297e+06 173.384 -12.454 -14.9207
1010000 FRAC0_S 0 1 15773 -45187.6 7914.54 -3.51578e+06 73185.9 1.07983e+06 155.559 -2.17738 -16.2751
1010000 FRAC0_S 0 1 15664.2 -44936 7771.81 -3.84041e+06 -363702 1.22325e+06 210.8 9.06744 -15.9037
1010000 FRAC0_S 0 1 15490.4 -44690.8 7700.36 -3.67827e+06 -742115 1.03164e+06 190.626 17.7595 -13.5777
1010000 FRAC0_S 0 1 15268.6 -44475.7 7707.19 -3.78025e+06 -1.20506e+06 872401 230.627 25.8386 -10.8847
1010000 FRAC0_S 0 1 15020.4 -44312 7791.62 -2.84333e+06 -1.14227e+06 472841 146.006 31.2738 -7.90112
1010000 FRAC0_S 0 1 14770.2 -44215.7 7945.39 -4.04128e+06 -2.0008e+06 285680 367.581 37.2687 -3.45421
Step FractureNumber TipNr TipActive TipX TipY TipZ KI KII KIII G Phi Psi Extension
1010101 FRAC0_S 0 1 14540.4 -44098.2 8160.55 -1.66209e+06 -2.64861e+06 -462601 653.581 56.1308 7.24937
1010101 FRAC0_S 0 1 14336.8 -44162.7 8418.15 -2.4891e+06 -3.14356e+06 -951041 1000.88 50.8878 10.5788
1010101 FRAC0_S 0 1 14196.1 -44309 8685.83 -3.37045e+06 -2.98412e+06 -1.81139e+06 1229.91 41.8128 15.6783
1010101 FRAC0_S 0 1 14130.5 -44527.1 8935.42 -3.52602e+06 -1.1721e+06 -1.55922e+06 445.765 23.7681 17.3872
1010101 FRAC0_S 0 1 14149.8 -44796.4 9139.85 -2.66252e+06 435059 -1.23529e+06 219.818 -13.3515 19.5554
1010101 FRAC0_S 0 1 14256.5 -45086.2 9277.79 -3.3454e+06 2.24469e+06 -1.71659e+06 840.9 -36.4029 16.5035
1010101 FRAC0_S 0 1 14438.7 -45363.3 9338.59 -2.05512e+06 2.93659e+06 -988068 898.289 -51.8705 11.9873
1010101 FRAC0_S 0 1 14675.3 -45599.9 9321.05 -1.59582e+06 2.57399e+06 156824 593.662 -58.5136 -2.78385
1010101 FRAC0_S 0 1 14941.1 -45777 9225.65 -1.2408e+06 3.10912e+06 107170 862.921 -63.5974 -1.85642
1010101 FRAC0_S 0 1 15211.6 -45880.9 9060.75 -1.41418e+06 2.51345e+06 580226 607.721 -56.298 -9.49301
1010101 FRAC0_S 0 1 15462.7 -45901.6 8841.59 -1.81975e+06 2.6549e+06 836486 721.153 -52.4912 -11.4662
1010101 FRAC0_S 0 1 15669 -45836.4 8585.81 -2.44904e+06 2.22459e+06 984558 569.912 -44.2224 -12.5733
1010101 FRAC0_S 0 1 15809.1 -45689.5 8317.28 -2.72763e+06 1.33169e+06 963156 281.407 -32.1992 -13.7444
1010101 FRAC0_S 0 1 15870.9 -45473 8064.85 -3.12825e+06 959963 1.07005e+06 234.404 -23.6299 -14.7606
1010101 FRAC0_S 0 1 15846.7 -45207.8 7855.26 -3.60208e+06 195593 1.19749e+06 194.129 -5.37458 -16.8024
1010101 FRAC0_S 0 1 15737.2 -44921.7 7709.73 -3.42566e+06 -715600 1.14243e+06 219.217 17.677 -15.3223
1010101 FRAC0_S 0 1 15551.3 -44641.4 7642.6 -3.37019e+06 -1.82811e+06 1.17069e+06 480.085 34.4175 -13.2223
1010101 FRAC0_S 0 1 15317.5 -44405 7660.94 -2.92534e+06 -2.82363e+06 1.03224e+06 852.176 46.1579 -11.1086
1010101 FRAC0_S 0 1 15052.8 -44224.5 7761.75 -2.57264e+06 -3.27123e+06 429029 978.04 53.9717 -5.18038
1010101 FRAC0_S 0 1 14786.4 -44119.3 7934.79 -1.52978e+06 -4.08929e+06 198667 1495.37 63.8212 -2.6251