
Step FractureNumber TipNr TipActive TipX TipY TipZ KI KII KIII G Phi Psi Extension
1010000 FRAC0_S 0 1 294.183 8003.18 7702.63 1.14815e+06 589088 1.43266e+06 421.378 -23.5998 -28.5119
1010000 FRAC0_S 0 1 47.7517 8173.3 7778.95 805867 -599841 1.65256e+06 453.149 24.7664 -32.5124
1010000 FRAC0_S 0 1 -203.353 8277.51 7925.85 1.16034e+06 -759330 1.40933e+06 435.521 28.2915 -27.1068
1010000 FRAC0_S 0 1 -423.921 8306.18 8117.74 1.06974e+06 -1.34591e+06 1.13697e+06 435.32 42.9921 -21.5829
1010000 FRAC0_S 0 1 -623.215 8254.85 8368.37 1.15719e+06 -1.99974e+06 877974 578.197 52.1914 -15.4099
1010000 FRAC0_S 0 1 -750.872 8130.2 8620.67 874449 -2.44416e+06 213035 606.513 63.3627 -4.58501
1010000 FRAC0_S 0 1 -805.029 7943.87 8861.16 1.12344e+06 -2.19696e+06 -55479.5 542.98 61.4632 1.27294
1010000 FRAC0_S 0 1 -780.384 7714.09 9066.3 1.09028e+06 -2.05551e+06 -494988 515.014 56.7286 9.99464
1010000 FRAC0_S 0 1 -679.35 7463.34 9216.01 1.15801e+06 -1.84748e+06 -977822 550.808 49.8746 17.1589
1010000 FRAC0_S 0 1 -511.817 7216.19 9295.63 988795 -1.07138e+06 -1.10014e+06 350.38 39.4165 23.1537
1010000 FRAC0_S 0 1 -294.183 6996.82 9297.37 1.17383e+06 -623342 -1.46433e+06 442.594 24.2 28.3679
1010000 FRAC0_S 0 1 -47.7517 6826.7 9221.05 873379 83422.8 -1.15304e+06 245.417 -5.42613 32.7714
1010000 FRAC0_S 0 1 203.353 6722.49 9074.15 852986 550214 -1.03668e+06 234.746 -28.0115 27.1838
1010000 FRAC0_S 0 1 434.553 6694.39 8871.05 1.17211e+06 1.33865e+06 -1.13965e+06 454.847 -41.9262 21.135
1010000 FRAC0_S 0 1 623.215 6745.15 8631.63 901773 2.05021e+06 -661063 505.147 -56.9028 13.1666
1010000 FRAC0_S 0 1 750.872 6869.8 8379.33 1.23334e+06 2.23568e+06 -407087 602.986 -57.4622 7.82792
1010000 FRAC0_S 0 1 805.082 7056.88 8138.04 769186 1.40984e+06 45630.3 230.117 -60.6094 -1.58599
1010000 FRAC0_S 0 1 780.384 7285.91 7933.7 1.17167e+06 2.05481e+06 513691 533.67 -55.7865 -10.0904
1010000 FRAC0_S 0 1 679.35 7536.66 7783.99 680948 1.45832e+06 1.28409e+06 450.133 -46.9359 -24.6146
1010000 FRAC0_S 0 1 511.817 7783.81 7704.37 1.16655e+06 1.22336e+06 1.23366e+06 457.042 -39.287 -22.7304
Step FractureNumber TipNr TipActive TipX TipY TipZ KI KII KIII G Phi Psi Extension
1010101 FRAC0_S 0 1 304.304 8032.92 7618.84 1.79145e+06 278983 1.31761e+06 523.816 -11.0535 -25.3431
1010101 FRAC0_S 0 1 65.3934 8246.41 7727.67 1.39282e+06 326439 1.29493e+06 405.386 -14.341 -27.4191
1010101 FRAC0_S 0 1 -189.795 8372.13 7906.38 1.50763e+06 43044.9 1.31998e+06 434.439 -2.08353 -28.8885
1010101 FRAC0_S 0 1 -426.917 8402.41 8138.29 2.11978e+06 -272082 1.20005e+06 598.546 10.2031 -22.3761
1010101 FRAC0_S 0 1 -613.57 8345.9 8404.32 2.27193e+06 25668.4 864039 559.306 -1.13201 -18.8519
1010101 FRAC0_S 0 1 -737.431 8211.47 8675.61 3.02664e+06 -98019.7 512785 852.127 3.7218 -10.3401
1010101 FRAC0_S 0 1 -793.526 8015.05 8929.46 2.80726e+06 49109.5 112607 704.152 -2.29657 -2.91091
1010101 FRAC0_S 0 1 -775.021 7772.65 9145.93 2.93686e+06 -80426.9 -381747 788.545 3.27345 8.34398
1010101 FRAC0_S 0 1 -679.053 7502.87 9306.1 2.50798e+06 -240348 -885142 669.848 8.95448 17.043
1010101 FRAC0_S 0 1 -514.424 7228.15 9392.12 2.09269e+06 -252712 -1.29642e+06 619.468 9.37778 23.5847
1010101 FRAC0_S 0 1 -318.345 6990.44 9391.92 1.88318e+06 -272598 -1.46967e+06 609.909 10.1309 26.1965
1010101 FRAC0_S 0 1 -55.9974 6760.19 9285.03 1.72044e+06 -2820.57 -1.52309e+06 572.291 0.121585 29.3312
1010101 FRAC0_S 0 1 194.855 6631.04 9100.4 1.94816e+06 -46577.2 -1.52589e+06 648.065 1.83992 27.6074
1010101 FRAC0_S 0 1 425.919 6598.08 8861.52 2.08546e+06 -61270.8 -1.21817e+06 585.25 2.52602 23.9128
1010101 FRAC0_S 0 1 612.853 6654.53 8594.63 2.33824e+06 -122044 -896080 595.316 4.99813 18.4722
1010101 FRAC0_S 0 1 727.256 6763.47 8362.68 2.18326e+06 173567 -331072 442.016 -8.74841 9.10672
1010101 FRAC0_S 0 1 797.101 6984.23 8070.91 2.62741e+06 -15054.2 -80083.5 616.023 0.771985 2.26581
1010101 FRAC0_S 0 1 777.345 7227.95 7853.73 2.76231e+06 232234 386555 704.623 -9.2858 -8.48624
1010101 FRAC0_S 0 1 681.801 7498.27 7693.43 2.64679e+06 438298 859090 739.537 -14.6931 -15.4238
1010101 FRAC0_S 0 1 515.832 7772.64 7607.73 2.07287e+06 139061 1.05837e+06 533.592 -5.82656 -21.7869