
Step FractureNumber TipNr TipActive TipX TipY TipZ KI KII KIII G Phi Psi Extension
1010000 FRAC0_S 0 1 -15000 -14017.8 8603.45 -2.23733e+06 1.92737e+06 2.16598e+06 954.989 -36.1346 -22.824
1010000 FRAC0_S 0 1 -15000 -14097.8 8901.92 -8.76667e+06 -3.1535e+06 5.47587e+06 4874.18 23.0785 -21.2828
1010000 FRAC0_S 0 1 -15000 -14266.1 9161.05 -8.6741e+06 728226 2.29295e+06 746.518 -8.44594 -14.024
1010000 FRAC0_S 0 1 -15000 -14506.3 9355.47 -1.24434e+07 -223613 3.17626e+06 1346.25 1.96203 -14.3111
1010000 FRAC0_S 0 1 -15000 -14794.9 9466.15 -1.18311e+07 -1.11132e+06 2.66946e+06 1057.81 9.61108 -12.3723
1010000 FRAC0_S 0 1 -15000 -15103.5 9482.25 -3.65827e+06 1.01093e+07 1.06752e+07 24263.4 -45.9288 -27.7713
1010000 FRAC0_S 0 1 -15000 -15401.9 9402.21 -1.33297e+07 -3.58008e+06 1.9827e+06 1664.96 24.0161 -7.82238
1010000 FRAC0_S 0 1 -15000 -15661 9233.85 -2.40253e+07 6.15634e+06 -6.00431e+06 8172.19 -21.7922 12.0339
1010000 FRAC0_S 0 1 -15000 -15855.5 8993.66 -7.86592e+06 -3.73248e+06 -278989 1251.78 37.0824 1.81394
1010000 FRAC0_S 0 1 -15000 -15966.1 8705.15 -3.74793e+06 -2.49666e+06 -1.27237e+06 770.77 38.7771 12.2573
1010000 FRAC0_S 0 1 -15000 -15982.2 8396.55 152619 -932880 -1.87153e+06 545.476 37.2001 36.148
1010000 FRAC0_S 0 1 -15000 -15902.2 8098.08 3.24477e+06 549223 -1.67836e+06 1339.72 -13.3458 20.8184
1010000 FRAC0_S 0 1 -15000 -15733.9 7838.95 6.64197e+06 1.66967e+06 -425874 4203.7 -24.1968 3.72339
1010000 FRAC0_S 0 1 -15000 -15493.7 7644.53 9.80466e+06 2.61271e+06 -15791.3 9174.59 -26.3285 0.0990141
1010000 FRAC0_S 0 1 -15000 -15205.1 7533.85 -1.29952e+07 2.03558e+07 1.34548e+07 61000.8 -47.6463 -19.695
1010000 FRAC0_S 0 1 -15000 -14896.5 7517.75 1.37182e+07 3.16108e+06 2.13204e+06 18264.4 -21.3431 -8.33235
1010000 FRAC0_S 0 1 -15000 -14598.1 7597.79 1.03756e+07 1.72931e+06 1.52289e+06 10167.9 -16.6383 -8.30431
1010000 FRAC0_S 0 1 -15000 -14339 7766.15 6.0059e+06 2.01764e+07 1.31391e+07 62450.2 -53.406 -22.3788
1010000 FRAC0_S 0 1 -15000 -14144.5 8006.34 2.54259e+07 1.58375e+07 -7.59236e+06 87625.3 -38.0276 11.3245
1010000 FRAC0_S 0 1 -15000 -14033.9 8294.85 1.08839e+07 1.37361e+07 9.85302e+06 40281.2 -44.6705 -19.598
Step FractureNumber TipNr TipActive TipX TipY TipZ KI KII KIII G Phi Psi Extension
1010101 FRAC0_S 0 1 -15037.2 -13939.2 8613.34 2.87217e+07 9.54189e+06 1.37044e+07 106602 -23.3456 -18.2743
1010101 FRAC0_S 0 1 -14998.8 -14017.4 8939.31 -6.88909e+06 925010 3.08969e+06 1345.89 -11.373 -19.4524
1010101 FRAC0_S 0 1 -14996.6 -14195.9 9225.15 -1.18616e+07 6.31027e+06 -1.11466e+06 3713.56 -38.3124 4.39778
1010101 FRAC0_S 0 1 -14997.8 -14457.8 9439.41 -1.39907e+07 -669891 4.05652e+06 2228.55 4.92098 -15.3548
1010101 FRAC0_S 0 1 -15008.8 -14773.9 9553.31 -1.63147e+07 117377 2.42455e+06 783.06 -0.868747 -9.48351
1010101 FRAC0_S 0 1 -15021.6 -15111.3 9561.81 -1.56641e+07 1.21372e+06 3.40702e+06 1675.11 -8.12613 -12.1699
1010101 FRAC0_S 0 1 -15006.9 -15437.9 9478.47 -1.47901e+07 -4.10748e+06 2.43141e+06 2289.67 24.3648 -8.46282
1010101 FRAC0_S 0 1 -14993.3 -15718.7 9299.18 -1.26005e+07 -4.38762e+06 1.86322e+06 2177.2 28.7927 -7.38695
1010101 FRAC0_S 0 1 -14963.4 -15924.6 9034.89 2.84953e+07 -1.39811e+07 1.11414e+07 106284 31.7461 -14.783
1010101 FRAC0_S 0 1 -14938.5 -16041.4 8721.13 -1.40365e+06 -4.54035e+06 -1.47106e+06 2124.8 59.479 14.1755
1010101 FRAC0_S 0 1 -14959.9 -16063.2 8386.53 -531341 -1.3956e+06 -2.34175e+06 902.908 38.2892 32.8585
1010101 FRAC0_S 0 1 -15006.7 -15983.4 8060.93 5.00477e+06 553019 -750311 2334.13 -11.7355 8.81076
1010101 FRAC0_S 0 1 -15037.4 -15801.2 7779.12 8.47004e+06 -925730 -506652 6503.4 12.4762 3.90444
1010101 FRAC0_S 0 1 -15050.9 -15536.5 7573.98 1.01787e+07 -5.78223e+06 850033 12307.8 39.8723 -3.85962
1010101 FRAC0_S 0 1 -15057.1 -15220.9 7458.34 1.15364e+07 -5.21136e+06 792062 14363.1 35.4168 -3.45502
1010101 FRAC0_S 0 1 -15043.8 -14885.4 7433.07 1.58921e+07 1.67775e+06 1.8728e+06 23222.9 -11.5597 -7.20709
1010101 FRAC0_S 0 1 -15043.5 -14566.1 7519.79 1.13326e+07 -3.09245e+06 1.79741e+06 12726 24.1442 -8.23714
1010101 FRAC0_S 0 1 -15062.7 -14292.2 7712.27 7.76028e+06 -4.79109e+06 943063 7530.13 40.882 -5.28989
1010101 FRAC0_S 0 1 -15068.5 -14083 7971.88 6.01943e+06 -1.52312e+06 1.00802e+06 3570.64 22.7172 -8.73672
1010101 FRAC0_S 0 1 -15065.3 -13961.9 8279.74 4.96852e+06 357433 451727 2238.31 -8.39312 -5.8967