
Step FractureNumber TipNr TipActive TipX TipY TipZ KI KII KIII G Phi Psi Extension
1010000 FRAC0_S 0 1 30000 984.872 8574.53 2.65212e+06 -4.12556e+06 -3.12122e+06 3439.14 46.189 21.3133
1010000 FRAC0_S 0 1 30000 913.64 8875.22 470303 -2.44623e+06 -3.19927e+06 1914.25 44.7988 31.7726
1010000 FRAC0_S 0 1 30000 752.975 9139.18 3.8644e+06 -668489 -3.05481e+06 2611.69 11.7909 26.054
1010000 FRAC0_S 0 1 30000 518.603 9340.58 5.1567e+06 890872 -3.77916e+06 4339.81 -12.1168 25.1165
1010000 FRAC0_S 0 1 30000 233.466 9459.7 4.37396e+06 1.6906e+06 -2.67097e+06 2908.33 -24.4726 20.7641
1010000 FRAC0_S 0 1 30000 -74.5244 9484.87 5.64616e+06 3.85633e+06 -2.77512e+06 5190.2 -37.0673 15.9444
1010000 FRAC0_S 0 1 30000 -375.22 9413.64 5.49228e+06 4.98442e+06 -1.83078e+06 5347.69 -45.2175 10.8726
1010000 FRAC0_S 0 1 30000 -639.186 9252.98 3.88814e+06 4.28012e+06 -500021 3012.83 -52.0611 4.38954
1010000 FRAC0_S 0 1 30000 -840.583 9018.61 7.08333e+06 5.60181e+06 655784 7324.47 -46.4436 -3.75441
1010000 FRAC0_S 0 1 30000 -959.699 8733.46 3.1876e+06 5.02361e+06 1.8973e+06 3633.04 -52.2871 -13.4775
1010000 FRAC0_S 0 1 30000 -984.872 8425.47 2.52903e+06 3.93563e+06 2.91713e+06 3081.97 -46.4111 -21.0625
1010000 FRAC0_S 0 1 30000 -913.64 8124.78 1.4513e+06 2.35882e+06 3.52143e+06 2332.76 -37.797 -29.8512
1010000 FRAC0_S 0 1 30000 -749.835 7857.12 135702 424244 2.24053e+06 685.338 -19.6021 -41.2814
1010000 FRAC0_S 0 1 30000 -518.603 7659.42 -18030.9 -948011 3.67168e+06 1873.09 25.6929 -41.0685
1010000 FRAC0_S 0 1 30000 -233.466 7540.3 1.35637e+07 -2.34656e+06 2.82097e+06 17942.9 16.44 -10.9986
1010000 FRAC0_S 0 1 30000 74.5244 7515.13 -442876 -3.88325e+06 2.63047e+06 2264.02 56.3376 -24.7755
1010000 FRAC0_S 0 1 30000 375.22 7586.36 -239951 -4.99458e+06 1.70596e+06 2609.99 64.4975 -17.1785
1010000 FRAC0_S 0 1 30000 639.186 7747.02 -998636 -5.40639e+06 903106 2713.08 65.2599 -9.13495
1010000 FRAC0_S 0 1 30000 840.583 7981.39 -1.31414e+07 -5.34644e+06 -495689 2579.83 33.8766 2.01419
1010000 FRAC0_S 0 1 30000 959.699 8266.54 1.57261e+06 -4.16648e+06 -1.59324e+06 2104.9 56.9505 15.3905
Step FractureNumber TipNr TipActive TipX TipY TipZ KI KII KIII G Phi Psi Extension
1010101 FRAC0_S 0 1 30074.7 1049.04 8580.65 5.18927e+06 -65437.6 -2.66781e+06 3346.57 1.15158 22.5236
1010101 FRAC0_S 0 1 30058.4 982.373 8905.84 5.47996e+06 663161 -3.29382e+06 4158.11 -9.49252 23.2045
1010101 FRAC0_S 0 1 30022.6 819.533 9198.4 2.05306e+07 7.24119e+06 -3.90534e+06 44261.1 -28.3453 9.11472
1010101 FRAC0_S 0 1 29984.2 568.306 9420.14 6.29031e+06 -174502 -3.52908e+06 5185.06 2.42317 23.4287
1010101 FRAC0_S 0 1 29958.9 255.551 9544.62 -8.58192e+06 3.69331e+06 -2.82015e+06 2273.29 -30.0628 13.4204
1010101 FRAC0_S 0 1 29941.7 -78.8461 9563.06 8.3723e+06 -239390 -2.89844e+06 7368.64 2.88147 17.5491
1010101 FRAC0_S 0 1 29929.8 -400.051 9477.83 7.8245e+06 -743414 -1.65784e+06 5870.35 9.80805 11.7783
1010101 FRAC0_S 0 1 29924.7 -680.43 9301.75 7.66038e+06 -555063 -625919 5308.67 8.51333 5.35657
1010101 FRAC0_S 0 1 29924.3 -894.711 9052.03 7.86396e+06 1.93438e+06 1.80561e+06 6277.77 -21.3928 -11.338
1010101 FRAC0_S 0 1 29924.2 -1021.27 8748.44 5.84473e+06 990315 658086 3189.07 -17.2801 -6.59583
1010101 FRAC0_S 0 1 29928.6 -1052.38 8418.98 4.75626e+06 1.39751e+06 5.16146e+06 5733.09 -16.2232 -28.7134
1010101 FRAC0_S 0 1 29942.8 -985.329 8093.23 6.29074e+06 -2.55644e+06 4.74091e+06 7098.1 23.8616 -23.1972
1010101 FRAC0_S 0 1 29978.8 -818.986 7803.66 2.12393e+06 685679 3.87764e+06 2443.67 -13.619 -34.1331
1010101 FRAC0_S 0 1 30020.4 -565.882 7582.54 1.02029e+06 -903809 3.85916e+06 2146.34 20.1696 -37.3548
1010101 FRAC0_S 0 1 30045.8 -255.584 7460.72 1.28012e+06 -1.83453e+06 2.96105e+06 1612.04 35.8904 -30.1759
1010101 FRAC0_S 0 1 30071.3 75.0367 7454.24 3.79609e+06 -2.33173e+06 2.69103e+06 2731.74 32.1228 -20.7286
1010101 FRAC0_S 0 1 30088.6 391.214 7544.65 5.63819e+06 -1.74776e+06 2.50484e+06 3939.4 22.553 -17.637
1010101 FRAC0_S 0 1 30081.9 674.481 7710.21 4.00431e+06 2.06737e+06 2.92598e+06 2948.35 -28.4719 -21.8753
1010101 FRAC0_S 0 1 30071.5 895.931 7948.4 5.88634e+06 -2.89855e+06 -481099 3867.03 36.9445 3.96087
1010101 FRAC0_S 0 1 30073.9 1021.12 8250.5 6.7894e+06 -3.01139e+06 -5.79428e+06 9381.01 24.4237 24.425