
Step FractureNumber TipNr TipActive TipX TipY TipZ KI KII KIII G Phi Psi Extension
1010000 FRAC0_S 0 1 0 -36519.8 8621.42 1.67103e+07 -414049 758585 24974.3 3.20394 -3.24935
1010000 FRAC0_S 0 1 0 -36605.3 8918.38 1.33836e+07 -349251 418095 15995.5 3.41263 -2.27574
1010000 FRAC0_S 0 1 0 -36778.4 9174.38 1.14491e+07 -448719 647772 11754.6 4.91782 -3.93942
1010000 FRAC0_S 0 1 0 -37022.1 9364.37 8.65969e+06 -3.20385e+06 1.90724e+06 8080.86 28.7828 -10.1699
1010000 FRAC0_S 0 1 0 -37312.6 9469.74 6.89968e+06 -442543 237474 4267.08 7.93533 -2.41137
1010000 FRAC0_S 0 1 0 -37621.4 9480.19 7.33689e+06 -2.42737e+06 1.52055e+06 5629.34 26.8753 -9.9108
1010000 FRAC0_S 0 1 0 -37918.4 9394.7 8.87825e+06 -160554 230825 7033.32 2.40387 -1.92183
1010000 FRAC0_S 0 1 0 -38174.4 9221.63 8.51096e+06 -2.13514e+06 1.24424e+06 7066.95 22.8825 -7.80078
1010000 FRAC0_S 0 1 0 -38364.4 8977.91 1.14209e+07 -399749 -116503 11639.3 4.60979 0.758112
1010000 FRAC0_S 0 1 0 -38469.7 8687.42 1.44126e+07 -475264 -90197.6 18531.4 4.37181 0.468517
1010000 FRAC0_S 0 1 0 -38480.2 8378.58 1.75688e+07 -404085 -406063 27541.6 3.04424 1.70721
1010000 FRAC0_S 0 1 0 -38394.7 8081.62 1.93798e+07 225960 -254492 33480.9 -1.58379 0.994083
1010000 FRAC0_S 0 1 0 -38221.6 7825.62 2.00732e+07 -2.89936e+06 -756018 36730.4 16.0613 2.45167
1010000 FRAC0_S 0 1 0 -37977.9 7635.63 2.86148e+07 -1.46237e+06 -22491.2 73154.6 6.63655 0.058265
1010000 FRAC0_S 0 1 0 -37687.4 7530.26 2.32367e+07 8.34051e+06 3.94342e+06 56381.6 -29.0136 -8.25266
1010000 FRAC0_S 0 1 0 -37378.6 7519.81 2.64093e+07 -62586.4 -106166 62151.9 0.329286 0.311045
1010000 FRAC0_S 0 1 0 -37081.6 7605.3 2.35055e+07 -1.92993e+06 2.17381e+06 50194.5 9.44418 -5.93673
1010000 FRAC0_S 0 1 0 -36825.6 7778.37 2.10191e+07 -2.94811e+06 -6.79678e+06 46287.6 12.7734 15.622
1010000 FRAC0_S 0 1 0 -36635.6 8022.09 2.13235e+07 458594 420405 40559.7 -2.86185 -1.4651
1010000 FRAC0_S 0 1 0 -36530.3 8312.58 1.78308e+07 -6.37916e+06 6.82694e+06 38156.4 25.8177 -15.5604
Step FractureNumber TipNr TipActive TipX TipY TipZ KI KII KIII G Phi Psi Extension
1010101 FRAC0_S 0 1 15.1704 -36425.5 8633.86 1.69408e+07 2.02691e+06 943887 26058.3 -13.526 -3.62335
1010101 FRAC0_S 0 1 6.51674 -36517.1 8959.59 1.15579e+07 416826 113578 11921 -4.7442 -0.729951
1010101 FRAC0_S 0 1 17.8117 -36708.8 9238.14 1.15697e+07 -1.85801e+06 -2.94197e+06 13386.9 14.9886 12.9523
1010101 FRAC0_S 0 1 29.669 -36978 9444.03 1.00183e+07 3.19035e+06 -35977.4 9850.87 -29.6614 0.211633
1010101 FRAC0_S 0 1 30.2413 -37295.3 9559.67 8.798e+06 -3.48827e+06 4.07405e+06 10189.4 26.6679 -17.3772
1010101 FRAC0_S 0 1 27.1025 -37632.8 9571.4 8.0863e+06 1.54877e+06 289564 6051.64 -20.1427 -2.24766
1010101 FRAC0_S 0 1 23.1195 -37958 9478.91 8.4535e+06 -2.82944e+06 -1.87711e+06 7549.97 26.8645 10.4543
1010101 FRAC0_S 0 1 22.5 -38238.2 9289.96 1.00038e+07 1.66637e+06 186709 9169.91 -18.293 -1.22007
1010101 FRAC0_S 0 1 15.6452 -38448.1 9023.58 1.20363e+07 1.15375e+06 364682 13045.8 -11.4094 -2.07466
1010101 FRAC0_S 0 1 7.14833 -38565.2 8705.86 1.50041e+07 1.39774e+06 -893265 20340.8 -10.8573 3.94056
1010101 FRAC0_S 0 1 3.87009 -38576.9 8366.58 1.9278e+07 436423 -12281.7 33134.1 -3.06302 0.0485492
1010101 FRAC0_S 0 1 6.8624 -38482.3 8040.98 2.14917e+07 1.11183e+06 -668790 41328.8 -6.52872 2.21428
1010101 FRAC0_S 0 1 16.0316 -38291.4 7760.5 1.91876e+07 2.26488e+06 -778498 33344.7 -13.5366 2.69099
1010101 FRAC0_S 0 1 0.56975 -38023.6 7554.3 2.38162e+07 -1.06656e+06 1.01191e+06 50781.6 5.64764 -2.99768
1010101 FRAC0_S 0 1 -21.2179 -37704.6 7440.78 2.83682e+07 -6.75205e+06 927653 75888.8 23.7672 -1.98539
1010101 FRAC0_S 0 1 -7.73591 -37366.1 7426.38 2.83723e+07 -1.65221e+06 -596303 72023.1 7.35018 1.50644
1010101 FRAC0_S 0 1 13.8754 -37041 7518 2.51904e+07 827858 3.73325e+06 58460 -3.84141 -9.26793
1010101 FRAC0_S 0 1 13.9087 -36760 7708.33 2.55953e+07 1.94505e+06 1.39033e+06 58971.8 -9.096 -3.67225
1010101 FRAC0_S 0 1 13.9187 -36553.1 7975.84 2.3211e+07 2.40841e+06 146498 48527.7 -12.4746 -0.442422
1010101 FRAC0_S 0 1 21.9246 -36439.4 8295.03 2.09764e+07 4.02866e+06 375285 40674.2 -20.4587 -1.14613