
Step FractureNumber TipNr TipActive TipX TipY TipZ KI KII KIII G Phi Psi Extension
1010000 FRAC0_S 0 1 -14832.6 -14400.6 7733.11 -6.48267e+06 -7.81641e+06 -2.26404e+06 6126.03 50.479 10.0453
1010000 FRAC0_S 0 1 -15084.5 -14263.2 7847.73 -5.85916e+06 -6.13838e+06 -3.64069e+06 5120.51 44.1681 16.3704
1010000 FRAC0_S 0 1 -15328.3 -14197.9 8026.2 -4.89306e+06 -3.54667e+06 -4.09482e+06 3350.99 34.0089 21.9594
1010000 FRAC0_S 0 1 -15539.8 -14211.2 8251.05 -7.25463e+06 -1.13632e+06 -4.20908e+06 2471.33 12.0564 22.3736
1010000 FRAC0_S 0 1 -15698.5 -14301.7 8500.26 -2.74187e+06 384845 -3.32764e+06 1485.93 -8.09872 31.4425
1010000 FRAC0_S 0 1 -15788.9 -14460.5 8749.45 -2.96019e+06 2.10223e+06 -3.60494e+06 2122.23 -29.8384 26.7332
1010000 FRAC0_S 0 1 -15802 -14672.2 8974.23 -2.39416e+06 2.85265e+06 -2.77426e+06 1748.78 -40.9364 23.0303
1010000 FRAC0_S 0 1 -15736.6 -14916 9152.58 -1.03257e+06 2.51817e+06 -1.29069e+06 786.628 -53.8807 18.4489
1010000 FRAC0_S 0 1 -15599.1 -15167.9 9267.06 -1.23793e+06 3.83137e+06 -1.06812e+06 1459.82 -60.1176 12.5752
1010000 FRAC0_S 0 1 -15403 -15403.5 9306.45 -1.07355e+06 4.0992e+06 -261862 1506.48 -65.7734 3.68174
1010000 FRAC0_S 0 1 -15167.4 -15599.4 9266.89 -1.20963e+06 4.13259e+06 547741 1561.75 -63.7684 -6.96826
1010000 FRAC0_S 0 1 -14915.5 -15736.8 9152.27 -1.09922e+06 2.70884e+06 988316 783.782 -56.7401 -14.6712
1010000 FRAC0_S 0 1 -14671.7 -15802.1 8973.8 -2.18018e+06 3.24013e+06 2.4862e+06 1757.62 -45.6169 -21.2641
1010000 FRAC0_S 0 1 -14460.2 -15788.8 8748.95 -2.87023e+06 2.01451e+06 3.43792e+06 1933.6 -29.7859 -26.5893
1010000 FRAC0_S 0 1 -14301.5 -15698.3 8499.74 -2.86518e+06 255073 3.31639e+06 1468.59 -5.43804 -31.428
1010000 FRAC0_S 0 1 -14211.1 -15539.5 8250.55 -1.79885e+07 -1.86648e+06 4.43294e+06 2924.02 10.3453 -13.137
1010000 FRAC0_S 0 1 -14198 -15327.8 8025.77 -1.06429e+06 -3.8741e+06 3.38659e+06 2862.8 49.9911 -26.2693
1010000 FRAC0_S 0 1 -14263.4 -15084 7847.42 -6.01726e+06 -6.75368e+06 3.11478e+06 5354.85 46.8676 -14.0251
1010000 FRAC0_S 0 1 -14400.9 -14832.1 7732.94 -6.5039e+06 -8.2776e+06 1.51217e+06 6409.82 53.0573 -6.95472
1010000 FRAC0_S 0 1 -14596.8 -14596.7 7693.55 -6.87925e+06 -8.86465e+06 -551185 7042.85 55.445 2.60061
Step FractureNumber TipNr TipActive TipX TipY TipZ KI KII KIII G Phi Psi Extension
1010101 FRAC0_S 0 1 -14778.7 -14317.8 7729.2 1.91199e+06 -7.94014e+06 -2.29626e+06 6645.05 61.6003 13.5643
1010101 FRAC0_S 0 1 -15052.5 -14170.6 7841.07 2.27663e+06 -9.97183e+06 -5.41219e+06 13218.5 56.7321 20.8043
1010101 FRAC0_S 0 1 -15327.7 -14102.2 8017.52 -1.32186e+06 -5.57099e+06 -4.65277e+06 5644.84 51.255 26.074
1010101 FRAC0_S 0 1 -15578.9 -14125.8 8240.86 -3.01946e+06 -1.9657e+06 -4.69632e+06 3277.69 25.5395 30.0714
1010101 FRAC0_S 0 1 -15772.5 -14243.6 8491.36 1.30074e+07 -2.8454e+06 -1.07734e+07 31234.9 14.1617 26.1574
1010101 FRAC0_S 0 1 -15882.2 -14439 8743.63 -535810 2.12049e+06 -2.38027e+06 1154.21 -46.5346 29.4921
1010101 FRAC0_S 0 1 -15898.8 -14684.3 8969.82 1.18471e+06 1.96707e+06 -955167 591.21 -50.9963 16.3557
1010101 FRAC0_S 0 1 -15826.8 -14954.6 9145.51 2.17317e+06 2.47368e+06 -931460 1081.5 -48.3174 12.1042
1010101 FRAC0_S 0 1 -15679.3 -15224.9 9254.66 2.0784e+06 320977 -54532 394.51 -17.1146 1.71706
1010101 FRAC0_S 0 1 -15473.2 -15471.9 9289.67 6.72922e+06 296025 170627 4046.8 -5.64088 -1.83097
1010101 FRAC0_S 0 1 -15225.3 -15678.5 9250.35 2.41654e+06 1.7417e+06 184047 795.195 -44.8924 -3.24674
1010101 FRAC0_S 0 1 -14956.5 -15825.6 9139.95 2.20507e+06 2.42963e+06 904517 1068.12 -47.9399 -11.8569
1010101 FRAC0_S 0 1 -14686.9 -15897.9 8965.23 -9.32082e+06 1.08319e+07 735669 10527.2 -53.7751 -2.70616
1010101 FRAC0_S 0 1 -14439.1 -15881.2 8742.25 -648573 2.06846e+06 2.53956e+06 1239.03 -44.2509 -29.981
1010101 FRAC0_S 0 1 -14242.1 -15771.5 8491.66 -1.72025e+06 541678 2.89725e+06 1142.56 -13.9274 -33.3956
1010101 FRAC0_S 0 1 -14126.3 -15574.3 8245.27 -2.76659e+06 -3.05216e+06 4.83048e+06 3933.48 34.3751 -28.5909
1010101 FRAC0_S 0 1 -14104.3 -15318.1 8028.07 -773343 -5.64554e+06 3.62484e+06 4587.68 56.5768 -23.8523
1010101 FRAC0_S 0 1 -14172 -15046.1 7849.11 187344 -6.96114e+06 2.08874e+06 4901.43 65.75 -15.9502
1010101 FRAC0_S 0 1 -14318.6 -14777.1 7732.23 2.53753e+06 -8.06639e+06 1.10801e+06 6535.16 63.2179 -7.08388
1010101 FRAC0_S 0 1 -14526.9 -14526.6 7692.83 2.33888e+06 -1.00037e+07 -557638 9446.45 66.471 3.31004