
Step FractureNumber TipNr TipActive TipX TipY TipZ KI KII KIII G Phi Psi Extension
1010000 FRAC0_S 0 1 -29032.6 44801 8500 45356.4 136428 -611654 51.6 -22.0027 40.5185
1010000 FRAC0_S 0 1 -29018.4 45109.8 8500 57881.3 76517.2 85563.7 1.79398 -40.2304 -25.348
1010000 FRAC0_S 0 1 -29100.4 45407.7 8500 64841.7 35835.6 106250 1.99053 -22.1458 -31.3499
1010000 FRAC0_S 0 1 -29270.4 45665.8 8500 65884.2 -35703.5 125456 2.59372 20.2845 -33.0242
1010000 FRAC0_S 0 1 -29511.8 45858.6 8500 62964 -57954.2 101076 2.01135 31.7779 -28.673
1010000 FRAC0_S 0 1 -29801 45967.4 8500 59685.2 -98258.3 81868.8 2.0692 45.6107 -22.7822
1010000 FRAC0_S 0 1 -30109.8 45981.6 8500 68040.4 -121369 57841.7 2.17014 51.8553 -16.4412
1010000 FRAC0_S 0 1 -30407.7 45899.6 8500 57780.9 -142458 26687.6 2.20064 60.3012 -8.71675
1010000 FRAC0_S 0 1 -30665.8 45729.6 8500 100879 297368 -279563 19.1813 -47.9475 26.5573
1010000 FRAC0_S 0 1 -30858.6 45488.2 8500 58524.6 -150740 -37439.7 2.51644 59.4083 11.0772
1010000 FRAC0_S 0 1 -30967.4 45199 8500 48279 -97310.6 -50793.8 1.39466 52.1845 17.9668
1010000 FRAC0_S 0 1 -30981.6 44890.2 8500 72215.7 -114484 -93663.1 2.79942 45.4958 22.3751
1010000 FRAC0_S 0 1 -30899.6 44592.3 8500 90723.1 358106 -176047 16.2829 -57.242 19.3557
1010000 FRAC0_S 0 1 -30729.6 44334.2 8500 66412.6 917704 -852598 172.121 -52.4751 29.0966
1010000 FRAC0_S 0 1 -30488.2 44141.4 8500 72263.7 65396.5 -120587 2.7804 -30.9637 29.2264
1010000 FRAC0_S 0 1 -30199 44032.6 8500 55175.2 88158.8 -81059.8 1.83774 -44.198 23.8703
1010000 FRAC0_S 0 1 -29890.2 44018.4 8500 72760.8 171712 -76508.8 3.87769 -54.8615 16.7171
1010000 FRAC0_S 0 1 -29592.3 44100.4 8500 75554.7 191197 -34602.5 3.92545 -60.6466 8.52115
1010000 FRAC0_S 0 1 -29334.2 44270.4 8500 76977.1 197331 8604.6 4.00776 -63.5945 -2.34179
1010000 FRAC0_S 0 1 -29141.4 44511.8 8500 94924.3 213346 65300.4 5.42604 -57.1231 -12.6261
Step FractureNumber TipNr TipActive TipX TipY TipZ KI KII KIII G Phi Psi Extension
1010101 FRAC0_S 0 1 -28956.4 44787.2 8444.12 83010 -58789.2 312721 13.9287 16.937 -38.0444
1010101 FRAC0_S 0 1 -28936.7 45118.9 8448.92 39698.5 -103993 137657 3.62441 42.1838 -30.2636
1010101 FRAC0_S 0 1 -29021.9 45444.7 8473.68 74934.6 -74513.8 131007 3.2778 32.255 -29.2349
1010101 FRAC0_S 0 1 -29204.2 45725.4 8521.08 167926 -164993 231382 12.0591 34.9496 -26.4344
1010101 FRAC0_S 0 1 -29470 45928.5 8552.86 289244 -253618 256314 21.9246 37.3792 -21.6219
1010101 FRAC0_S 0 1 -29785.2 46035.5 8568.56 519501 -155181 135390 28.633 24.2502 -12.1146
1010101 FRAC0_S 0 1 -30114.8 46040.7 8578.9 454887 -244672 -121534 25.7378 35.5021 10.8222
1010101 FRAC0_S 0 1 -30430.9 45949.9 8544.53 345546 -295174 -72369.5 19.1005 45.9571 7.57611
1010101 FRAC0_S 0 1 -30704.5 45771.9 8506.11 99986.7 -250152 -128205 8.65306 54.0699 18.5349
1010101 FRAC0_S 0 1 -30907.1 45516.2 8544.22 27586.8 31459.3 -137946 2.68689 -20.5725 38.4383
1010101 FRAC0_S 0 1 -31026 45209.5 8578.85 213133 117121 -438521 30.8462 -19.7039 33.7551
1010101 FRAC0_S 0 1 -31043.8 44883.9 8534.38 -32409.4 -159135 -449381 29.1151 30.4451 38.4663
1010101 FRAC0_S 0 1 -30952.9 44568.9 8455.95 455358 203.933 -407730 40.5874 -0.0330679 29.478
1010101 FRAC0_S 0 1 -30775 44289.5 8426.46 111126 28538.8 -357532 18.1743 -7.80528 39.0252
1010101 FRAC0_S 0 1 -30524.2 44076.3 8437.02 16919.4 477458 -387670 40.3279 -55.272 27.9073
1010101 FRAC0_S 0 1 -30215.2 43964.5 8431.84 -184547 -86591.6 193337 5.6396 23.6671 -26.7497
1010101 FRAC0_S 0 1 -29885.5 43961.1 8419.89 1.14504e+06 363687 310400 141.435 -25.1915 -12.3484
1010101 FRAC0_S 0 1 -29573 44055.5 8413.58 737030 88441.2 291168 60.3783 -10.6493 -18.095
1010101 FRAC0_S 0 1 -29302.4 44236.1 8412.43 366660 67073.4 417496 35.5631 -10.5968 -30.3178
1010101 FRAC0_S 0 1 -29087.6 44485.5 8426.25 247889 7055.14 408973 27.7256 -1.47981 -35.526