
Step FractureNumber TipNr TipActive TipX TipY TipZ KI KII KIII G Phi Psi Extension
1010000 FRAC0_S 0 1 -44017.5 30101.1 8500 1333.56 -189577 -108829 4.77795 60.5447 23.9698
1010000 FRAC0_S 0 1 -44096.8 30399.8 8500 5103.92 -140423 -156850 5.03149 49.9191 31.581
1010000 FRAC0_S 0 1 -44264.6 30659.3 8500 6496.83 -51098.7 -138059 2.77146 31.7889 38.6079
1010000 FRAC0_S 0 1 -44504.3 30854.3 8500 10762.2 22082.8 -186293 4.66957 -13.3971 42.4601
1010000 FRAC0_S 0 1 -44792.5 30965.6 8500 15144.7 99790.5 -163384 4.45817 -41.1976 34.4167
1010000 FRAC0_S 0 1 -45101.1 30982.5 8500 17657.1 168848 -132817 4.91444 -54.456 26.7338
1010000 FRAC0_S 0 1 -45399.8 30903.2 8500 19777 215382 -89974.6 5.24532 -62.0238 19.0579
1010000 FRAC0_S 0 1 -45659.3 30735.4 8500 22284.3 281661 -43515.9 7.36544 -67.4896 9.2511
1010000 FRAC0_S 0 1 -45854.3 30495.7 8500 25874.8 280961 13556 7.11839 -68.9398 -3.24115
1010000 FRAC0_S 0 1 -45965.6 30207.5 8500 50090.2 210453 15189.5 4.20097 -66.0764 -4.19672
1010000 FRAC0_S 0 1 -45982.5 29898.9 8500 19300.3 197320 107108 5.02849 -59.327 -22.1945
1010000 FRAC0_S 0 1 -45903.2 29600.2 8500 -6679.26 168270 166419 6.20661 -52.0014 -30.1827
1010000 FRAC0_S 0 1 -45735.4 29340.7 8500 12163.7 57203 142472 3.00444 -32.7002 -37.5322
1010000 FRAC0_S 0 1 -45495.7 29145.7 8500 10213.1 -9115.54 162625 3.53412 6.83807 -43.3529
1010000 FRAC0_S 0 1 -45207.5 29034.4 8500 -478.826 -85824.7 210537 6.55172 34.6262 -38.7216
1010000 FRAC0_S 0 1 -44898.9 29017.5 8500 6553.28 -179153 153436 5.99507 54.4219 -28.5344
1010000 FRAC0_S 0 1 -44600.2 29096.8 8500 2426.41 -186089 82467.5 3.99083 63.1298 -20.6813
1010000 FRAC0_S 0 1 -44340.7 29264.6 8500 3920.54 -301062 54183.6 8.4686 68.168 -11.016
1010000 FRAC0_S 0 1 -44145.7 29504.3 8500 -4179.55 -301062 -11410.8 8.09408 69.8303 2.76794
1010000 FRAC0_S 0 1 -44034.4 29792.5 8500 -5667.99 -221329 -62395.4 4.88297 66.1278 15.2834
Step FractureNumber TipNr TipActive TipX TipY TipZ KI KII KIII G Phi Psi Extension
1010101 FRAC0_S 0 1 -43968.4 30108 8585.53 350746 -147222 -39738.2 13.104 33.084 5.58422
1010101 FRAC0_S 0 1 -44039.3 30428.3 8573.2 259933 -171417 -106743 10.1546 37.4951 14.1745
1010101 FRAC0_S 0 1 -44206.1 30715.2 8539.68 165940 -109959 -197251 8.70592 28.755 26.7821
1010101 FRAC0_S 0 1 -44460.2 30929 8485.12 118729 28246.6 -217318 7.60844 -10.4345 34.787
1010101 FRAC0_S 0 1 -44774 31038 8440.93 197186 153309 -150431 8.5689 -36.2905 20.4478
1010101 FRAC0_S 0 1 -45104.9 31040.5 8420.77 308672 111082 -20493.2 9.64563 -30.8679 3.55934
1010101 FRAC0_S 0 1 -45417.1 30946.2 8412.41 359557 117596 -18128 12.7962 -29.2944 2.8107
1010101 FRAC0_S 0 1 -45684.6 30764.8 8408.4 392574 90371.8 16886.7 14.4989 -23.0243 -2.59754
1010101 FRAC0_S 0 1 -45886.1 30513.9 8407.4 395723 30100.4 -15814.9 14.0683 -9.21669 2.75084
1010101 FRAC0_S 0 1 -46006 30214.8 8409.47 375911 97498.3 8425.2 13.4486 -25.4626 -1.35379
1010101 FRAC0_S 0 1 -46031.9 29892.2 8414.44 320234 235471 7092.16 14.0857 -46.3214 -0.977687
1010101 FRAC0_S 0 1 -45959.7 29572.4 8425.59 241167 145671 99863.8 8.4001 -35.6316 -14.6151
1010101 FRAC0_S 0 1 -45793.3 29284.9 8456.26 158790 110064 186058 7.93048 -29.7748 -26.3816
1010101 FRAC0_S 0 1 -45540.6 29068.6 8506.65 63801.4 18204.7 265239 9.74905 -7.14727 -40.3256
1010101 FRAC0_S 0 1 -45227 28958.1 8551.72 156754 -131806 121027 5.6858 37.8034 -20.1665
1010101 FRAC0_S 0 1 -44895.6 28958.1 8577.18 299428 -160251 100875 11.6311 34.3023 -12.9679
1010101 FRAC0_S 0 1 -44583.3 29054.8 8588.15 377230 -152747 31403.5 14.8908 32.9104 -4.26004
1010101 FRAC0_S 0 1 -44316.2 29236.1 8592.19 398317 -71600 24702.5 14.6759 18.7992 -3.8132
1010101 FRAC0_S 0 1 -44114.7 29486.6 8593 371543 -169039 -37085.3 15.0303 34.9733 4.87146
1010101 FRAC0_S 0 1 -43994.9 29785.2 8590.96 386899 -122784 -23082.9 14.7533 28.5471 3.31751