
Step FractureNumber TipNr TipActive TipX TipY TipZ KI KII KIII G Phi Psi Extension
1010000 FRAC0_S 0 1 -44201.4 29698 8003.36 1.25729e+06 -1.57437e+06 -1.6908e+06 741.957 40.2539 24.549
1010000 FRAC0_S 0 1 -44275.2 29943.9 7831.33 1.4909e+06 -940346 -2.33154e+06 999.868 24.9124 30.2754
1010000 FRAC0_S 0 1 -44420.1 30195.2 7724.75 2.10104e+06 224416 -2.7049e+06 1370.95 -6.10642 32.4002
1010000 FRAC0_S 0 1 -44621.5 30427.5 7694.05 1.65161e+06 1.32401e+06 -2.34254e+06 1129.12 -30.5158 27.9546
1010000 FRAC0_S 0 1 -44860.1 30617.9 7742.25 1.02604e+06 1.45765e+06 -1.28437e+06 502.542 -43.6827 22.7528
1010000 FRAC0_S 0 1 -45112.4 30747.8 7864.62 1.48612e+06 2.86688e+06 -1.28141e+06 1147.59 -53.1117 16.0324
1010000 FRAC0_S 0 1 -45353.7 30804.5 8049.19 1.31219e+06 2.89793e+06 -537689 940.23 -59.3733 8.41025
1010000 FRAC0_S 0 1 -45567.5 30780 8287.48 663748 2.51984e+06 -124726 607.142 -66.0239 2.89375
1010000 FRAC0_S 0 1 -45712.2 30683.8 8528.32 1.48407e+06 3.20935e+06 808020 1200.93 -57.8491 -10.7443
1010000 FRAC0_S 0 1 -45794.3 30518.3 8775.98 30965.3 1.72842e+06 609055 315.631 -64.8883 -17.8758
1010000 FRAC0_S 0 1 -45798.6 30302 8996.64 1.33197e+06 1.65795e+06 1.73023e+06 801.201 -40.5386 -24.1577
1010000 FRAC0_S 0 1 -45724.8 30056.1 9168.67 1.04537e+06 687591 1.61498e+06 486.393 -25.8002 -29.9468
1010000 FRAC0_S 0 1 -45579.9 29804.8 9275.25 1.50118e+06 -181565 2.3997e+06 969.637 6.088 -34.447
1010000 FRAC0_S 0 1 -45378.5 29572.5 9305.95 2.3492e+06 -1.63046e+06 2.58752e+06 1619.14 30.4435 -25.6096
1010000 FRAC0_S 0 1 -45139.9 29382.1 9257.75 1.42354e+06 -2.22406e+06 1.83315e+06 1068.29 45.2844 -22.397
1010000 FRAC0_S 0 1 -44887.6 29252.2 9135.38 1.39396e+06 -2.92399e+06 1.25849e+06 1145.66 54.1628 -15.9223
1010000 FRAC0_S 0 1 -44646.3 29195.5 8950.81 1.50055e+06 -3.40725e+06 588480 1281.21 59.8877 -7.97307
1010000 FRAC0_S 0 1 -44439.6 29217.5 8722.12 1.35986e+06 -3.43077e+06 -129897 1215.87 63.5834 2.03612
1010000 FRAC0_S 0 1 -44287.8 29316.2 8471.68 1.82009e+06 -3.41802e+06 -994720 1467.86 55.7234 11.6078
1010000 FRAC0_S 0 1 -44205.7 29481.7 8224.02 1.12538e+06 -2.0481e+06 -1.16318e+06 666.595 50.5055 18.5471
Step FractureNumber TipNr TipActive TipX TipY TipZ KI KII KIII G Phi Psi Extension
1010101 FRAC0_S 0 1 -44105.3 29712.6 8000.26 2.3889e+06 -315069 -1.78736e+06 942.272 9.47661 25.8145
1010101 FRAC0_S 0 1 -44192 29960.4 7791.48 2.54285e+06 251078 -2.28988e+06 1279.2 -6.74355 28.4381
1010101 FRAC0_S 0 1 -44370.2 30208.8 7648.48 3.04049e+06 29647 -2.7372e+06 1820.33 -0.712888 29.4329
1010101 FRAC0_S 0 1 -44614.1 30436.2 7599.36 2.41031e+06 325514 -2.2304e+06 1188.77 -8.87565 28.3747
1010101 FRAC0_S 0 1 -44887.2 30622.4 7648.47 3.13132e+06 478769 -1.92982e+06 1389.49 -11.5762 23.1668
1010101 FRAC0_S 0 1 -45163.3 30746.7 7780.15 3.49411e+06 478749 -1.23315e+06 1310.6 -12.2825 16.6244
1010101 FRAC0_S 0 1 -45419.9 30795.1 7976.04 4.17339e+06 207427 -593412 1602.71 -5.71633 8.83554
1010101 FRAC0_S 0 1 -45637 30767.1 8216.86 3.72856e+06 88377.4 173955 1243.54 -3.06594 -3.33716
1010101 FRAC0_S 0 1 -45796.3 30665.1 8479.06 4.17495e+06 94592.3 1.01361e+06 1690.65 -2.48419 -13.7502
1010101 FRAC0_S 0 1 -45884 30496.6 8744.1 3.15698e+06 -45115.7 1.42198e+06 1157.23 1.35927 -20.8656
1010101 FRAC0_S 0 1 -45892.5 30282.2 8995.82 3.0164e+06 170936 1.90098e+06 1294.01 -4.62414 -24.5346
1010101 FRAC0_S 0 1 -45808.2 30039.1 9207.79 1.37612e+06 149743 1.56322e+06 495.752 -6.62202 -31.0209
1010101 FRAC0_S 0 1 -45629.9 29791 9351.2 2.16474e+06 -61036.2 2.40114e+06 1184.72 1.83464 -31.5909
1010101 FRAC0_S 0 1 -45385.6 29564.4 9400.55 2.35599e+06 -330495 2.22609e+06 1163.43 9.10173 -28.5689
1010101 FRAC0_S 0 1 -45111.9 29379.2 9351.28 3.11875e+06 -602259 2.05994e+06 1463.42 13.8255 -23.6038
1010101 FRAC0_S 0 1 -44836.1 29255 9219.58 3.30247e+06 -537866 1.10166e+06 1159.06 14.4078 -15.7477
1010101 FRAC0_S 0 1 -44579.8 29204.8 9023.79 3.34064e+06 -827492 664327 1114.17 21.9205 -10.0992
1010101 FRAC0_S 0 1 -44362.2 29230.2 8782.72 3.93477e+06 -378500 -183994 1396.91 11.2869 3.13594
1010101 FRAC0_S 0 1 -44200.6 29327.4 8516.86 3.07711e+06 -288124 -742565 924.479 9.47534 13.0217
1010101 FRAC0_S 0 1 -44111.1 29493 8248.67 3.13367e+06 -410871 -1.52488e+06 1199.35 10.887 20.4765