
Step FractureNumber TipNr TipActive TipX TipY TipZ KI KII KIII G Phi Psi Extension
1010000 FRAC0_S 0 1 -29476.2 -29162.6 8500 2.15403e+06 1.16307e+07 1.34821e+06 12709.5 -66.2508 -6.68715
1010000 FRAC0_S 0 1 -29760.5 -29041.8 8500 914219 1.14233e+07 3.67676e+06 13500.5 -64.247 -16.1687
1010000 FRAC0_S 0 1 -30068.3 -29014.7 8500 1.74417e+06 7.41376e+06 5.43245e+06 9093.95 -53.0642 -24.467
1010000 FRAC0_S 0 1 -30369.5 -29084 8500 2.19069e+06 4.66874e+06 6.92295e+06 8744.32 -39.3921 -30.8535
1010000 FRAC0_S 0 1 -30634.5 -29243 8500 2.35886e+06 1.47581e+06 7.92163e+06 9035.95 -16.4716 -37.5748
1010000 FRAC0_S 0 1 -30837.4 -29476.2 8500 1.97576e+06 -2.12532e+06 6.87702e+06 7040.38 24.4799 -35.9119
1010000 FRAC0_S 0 1 -30958.2 -29760.5 8500 2.07543e+06 -5.07908e+06 6.04017e+06 7534.94 43.5185 -28.791
1010000 FRAC0_S 0 1 -30985.3 -30068.3 8500 1.80312e+06 -7.39882e+06 4.58633e+06 7965.41 54.9684 -22.2937
1010000 FRAC0_S 0 1 -30916 -30369.5 8500 1.75808e+06 -8.537e+06 2.67617e+06 7722.32 61.8196 -14.6879
1010000 FRAC0_S 0 1 -30757 -30634.5 8500 2.00717e+06 -1.08453e+07 914745 10951.4 66.8469 -5.03693
1010000 FRAC0_S 0 1 -30523.8 -30837.4 8500 1.60918e+06 -9.36161e+06 -1.20317e+06 8232.86 66.2643 7.38651
1010000 FRAC0_S 0 1 -30239.5 -30958.2 8500 1.81274e+06 -6.06167e+06 -2.45673e+06 4369.79 58.045 16.6822
1010000 FRAC0_S 0 1 -29931.7 -30985.3 8500 1.84396e+06 -7.70187e+06 -5.21883e+06 9211.3 53.9821 23.4475
1010000 FRAC0_S 0 1 -29630.5 -30916 8500 1.56341e+06 -3.80072e+06 -5.07638e+06 4932.4 41.6885 30.1236
1010000 FRAC0_S 0 1 -29365.5 -30757 8500 1.34315e+06 -1.77268e+06 -6.65609e+06 6333.15 23.0932 37.8187
1010000 FRAC0_S 0 1 -29162.6 -30523.8 8500 1.55345e+06 1.14314e+06 -7.72032e+06 8258.74 -14.5205 39.6822
1010000 FRAC0_S 0 1 -29041.8 -30239.5 8500 1.7843e+06 4.48111e+06 -6.11629e+06 7048.47 -41.4993 30.4778
1010000 FRAC0_S 0 1 -29014.7 -29931.7 8500 2.0586e+06 7.82687e+06 -5.4671e+06 9811.76 -53.1799 23.5913
1010000 FRAC0_S 0 1 -29084 -29630.5 8500 1.63872e+06 8.0305e+06 -2.78871e+06 7020.24 -61.1588 15.8067
1010000 FRAC0_S 0 1 -29243 -29365.5 8500 3.18583e+06 1.3526e+07 -1.34437e+06 17447.6 -65.5936 5.62454
Step FractureNumber TipNr TipActive TipX TipY TipZ KI KII KIII G Phi Psi Extension
1010101 FRAC0_S 0 1 -29454.9 -29128.5 8408.95 1.46798e+07 1.47001e+06 1.23365e+06 19597.8 -11.3383 -5.36922
1010101 FRAC0_S 0 1 -29751 -28997.2 8412.1 1.2405e+07 1.517e+06 3.5624e+06 15605.6 -11.6198 -14.5223
1010101 FRAC0_S 0 1 -30061.7 -28956 8421.12 9.62059e+06 2.00186e+06 5.70071e+06 12927 -15.2436 -22.0946
1010101 FRAC0_S 0 1 -30400.4 -29014.8 8441.19 7.52298e+06 2.93998e+06 7.43487e+06 13165.3 -21.1083 -26.7071
1010101 FRAC0_S 0 1 -30691.7 -29176.3 8480.32 5.29854e+06 649728 7.21092e+06 9454.99 -6.74178 -32.833
1010101 FRAC0_S 0 1 -30908.9 -29429.2 8530.84 5.20498e+06 -1.0411e+06 7.26115e+06 9523.07 10.375 -32.3943
1010101 FRAC0_S 0 1 -31027 -29740.6 8565.26 4.46653e+06 -1.24847e+06 4.03937e+06 4086.73 16.772 -26.6414
1010101 FRAC0_S 0 1 -31042.5 -30070.3 8580.19 8.74414e+06 -2.26602e+06 4.76964e+06 10296.6 18.6609 -20.5615
1010101 FRAC0_S 0 1 -30959.7 -30385.6 8587.53 9.79306e+06 -2.24265e+06 2.59139e+06 9887.31 19.8195 -12.783
1010101 FRAC0_S 0 1 -30788.3 -30660 8590.89 1.30016e+07 -1.7701e+06 1.12975e+06 15512.2 14.717 -5.3751
1010101 FRAC0_S 0 1 -30545.2 -30873.5 8589.96 1.19648e+07 -1.69358e+06 -879961 13115.2 15.3588 4.60021
1010101 FRAC0_S 0 1 -30250.2 -31007.1 8585.52 9.3096e+06 -2.49192e+06 -2.56682e+06 9152.67 22.1749 12.8811
1010101 FRAC0_S 0 1 -29925.8 -31044.9 8578.28 7.94681e+06 -2.51891e+06 -4.4687e+06 8848.76 21.6217 20.3847
1010101 FRAC0_S 0 1 -29600.8 -30982.9 8563.29 6.54847e+06 -2.10376e+06 -6.26502e+06 9435.95 18.3518 26.9381
1010101 FRAC0_S 0 1 -29308.5 -30822.4 8529.98 4.70213e+06 -738930 -7.03699e+06 8604.94 8.0451 33.4928
1010101 FRAC0_S 0 1 -29088.7 -30571.7 8480.7 4.53805e+06 734454 -6.67605e+06 7810.95 -8.34104 33.2791
1010101 FRAC0_S 0 1 -28970 -30260.4 8440.58 5.36181e+06 1.49736e+06 -5.11781e+06 6245.15 -16.4087 27.3043
1010101 FRAC0_S 0 1 -28955.4 -29929.6 8421.51 9.69274e+06 2.81935e+06 -6.09573e+06 14022.1 -19.6051 22.0106
1010101 FRAC0_S 0 1 -29038.7 -29613.8 8413.42 1.23722e+07 2.19704e+06 -3.97446e+06 16171.2 -15.6045 15.2018
1010101 FRAC0_S 0 1 -29210.7 -29339.2 8409.68 1.32291e+07 1.81037e+06 -1.43937e+06 16162.8 -14.5356 6.56125