
Step FractureNumber TipNr TipActive TipX TipY TipZ KI KII KIII G Phi Psi Extension
1010000 FRAC0_S 0 1 44264.2 653.733 8582.09 469438 -1.09396e+06 -1.22544e+06 326.004 44.146 27.9022
1010000 FRAC0_S 0 1 44198.2 475.814 8825.98 288664 -288865 -1.78348e+06 437.906 16.0809 40.0901
1010000 FRAC0_S 0 1 44210.7 251.32 9037.97 -14219.9 863212 -1.70025e+06 450.882 -39.033 37.0916
1010000 FRAC0_S 0 1 44300.5 2.2245 9197.29 -166921 1.80906e+06 -1.32749e+06 526.006 -55.675 26.0151
1010000 FRAC0_S 0 1 44458.7 -247.088 9288.36 -262545 2.28542e+06 -775796 545.483 -63.1685 16.4081
1010000 FRAC0_S 0 1 44669.9 -472.214 9302.26 -179912 2.39792e+06 -252069 520.834 -68.3689 6.6859
1010000 FRAC0_S 0 1 44913.5 -651.116 9237.63 -67249.4 1.80529e+06 184095 294.924 -68.9545 -6.71759
1010000 FRAC0_S 0 1 45165.5 -766.284 9100.79 338673 1.91814e+06 325547 352.175 -65.3689 -9.30866
1010000 FRAC0_S 0 1 45401.3 -806.441 8905.15 452755 1.81733e+06 623630 364.294 -60.3145 -15.2772
1010000 FRAC0_S 0 1 45597.8 -767.659 8669.84 1.45843e+06 1.33043e+06 625564 399.313 -43.9231 -13.1829
1010000 FRAC0_S 0 1 45735.8 -653.733 8417.91 927796 1.48607e+06 994345 404.997 -47.7354 -19.9476
1010000 FRAC0_S 0 1 45801.8 -475.814 8174.02 978582 1.17176e+06 1.1865e+06 394.919 -40.5303 -23.5626
1010000 FRAC0_S 0 1 45789.3 -251.32 7962.03 1.33529e+06 903376 1.46442e+06 516.825 -29.9875 -25.685
1010000 FRAC0_S 0 1 45699.5 -2.2245 7802.71 1.53924e+06 347700 1.73582e+06 622.635 -12.7919 -29.7971
1010000 FRAC0_S 0 1 45541.3 247.088 7711.64 1.45908e+06 -393536 1.66868e+06 573.844 14.772 -29.5522
1010000 FRAC0_S 0 1 45330.1 472.214 7697.74 1.3687e+06 -1.06079e+06 1.44737e+06 545.825 33.0662 -24.5207
1010000 FRAC0_S 0 1 45086.5 651.116 7762.37 1.49098e+06 -1.95006e+06 1.23643e+06 740.279 46.2 -18.3124
1010000 FRAC0_S 0 1 44834.5 766.284 7899.21 995383 -1.73449e+06 492656 388.652 55.0744 -11.1533
1010000 FRAC0_S 0 1 44598.7 806.441 8094.85 1.19922e+06 -2.62128e+06 -86492.5 741.432 62.4195 1.71058
1010000 FRAC0_S 0 1 44402.2 767.659 8330.16 874268 -1.92912e+06 -697694 464.475 55.8884 14.2333
Step FractureNumber TipNr TipActive TipX TipY TipZ KI KII KIII G Phi Psi Extension
1010101 FRAC0_S 0 1 44245.6 736.003 8626.64 1.58794e+06 -280426 -1.5869e+06 566.632 10.9012 28.8624
1010101 FRAC0_S 0 1 44139.3 524.733 8862.86 1.08387e+06 16947.9 -1.91266e+06 591.262 -0.785148 36.2128
1010101 FRAC0_S 0 1 44124.1 246.705 9050.89 937600 433670 -1.57053e+06 423.149 -19.1171 32.2362
1010101 FRAC0_S 0 1 44213 -41.4032 9190.97 1.24514e+06 624065 -1.24694e+06 379.655 -25.23 25.928
1010101 FRAC0_S 0 1 44382.2 -308.206 9272.71 1.63376e+06 699252 -810756 368.846 -27.6764 17.9208
1010101 FRAC0_S 0 1 44603.6 -542.954 9279.76 2.04887e+06 666953 -379789 432.893 -26.9138 9.07283
1010101 FRAC0_S 0 1 44857.1 -728.923 9211.38 1.8966e+06 411323 -16010.3 335.645 -22.5864 0.535799
1010101 FRAC0_S 0 1 45121 -850.729 9073 1.70265e+06 262866 281535 275.03 -15.4197 -9.25466
1010101 FRAC0_S 0 1 45375.8 -896.95 8876.53 2.10624e+06 -7343.24 474767 425.299 0.396621 -13.1968
1010101 FRAC0_S 0 1 45593.9 -860.133 8636.47 1.77415e+06 274423 909934 397.315 -12.3837 -20.8684
1010101 FRAC0_S 0 1 45746.5 -739.895 8371.19 1.27124e+06 395777 1.10497e+06 320.352 -18.5619 -25.8488
1010101 FRAC0_S 0 1 45825.8 -547.415 8111.63 1.81751e+06 -62580.1 1.49469e+06 591.846 2.57201 -28.0729
1010101 FRAC0_S 0 1 45829.6 -298.552 7887.97 1.80843e+06 -179862 1.48243e+06 586.589 7.0672 -27.2953
1010101 FRAC0_S 0 1 45754.7 -11.7225 7727.28 2.08538e+06 -19183.3 1.35954e+06 633.388 0.773137 -25.5294
1010101 FRAC0_S 0 1 45604 281.185 7650.87 1.77227e+06 -91939.3 1.62464e+06 631.688 3.64072 -29.1661
1010101 FRAC0_S 0 1 45388.6 539.551 7661.34 2.20534e+06 138438 1.55309e+06 755.904 -4.88521 -25.845
1010101 FRAC0_S 0 1 45134.7 735.597 7751.35 2.51465e+06 9217.44 1.25659e+06 773.5 -0.34093 -22.2805
1010101 FRAC0_S 0 1 44873.5 856.23 7911 2.34817e+06 46065.4 747541 565.856 -2.03766 -16.6907
1010101 FRAC0_S 0 1 44627.8 896.716 8123.61 3.04327e+06 -121108 -108259 828.159 5.08499 2.54413
1010101 FRAC0_S 0 1 44413.9 857.524 8368.83 2.57381e+06 -215844 -948092 714.013 7.85116 17.6617