
Step FractureNumber TipNr TipActive TipX TipY TipZ KI KII KIII G Phi Psi Extension
1010000 FRAC0_S 0 1 -14566.1 371.756 7694.36 8.75911e+06 7.08743e+06 -4.2189e+06 13680.1 -40.7169 14.9412
1010000 FRAC0_S 0 1 -14797.4 574.708 7722.7 1.10691e+07 -7.19946e+06 -1.33653e+07 39294.8 28.2365 27.0643
1010000 FRAC0_S 0 1 -15048.5 721.403 7827.14 -1.26084e+07 1.83365e+07 -8.72967e+06 40096.7 -49.7519 15.5648
1010000 FRAC0_S 0 1 -15294.9 797.482 7997.43 -1.11151e+07 1.6915e+07 8.35405e+06 34778 -49.9568 -16.1696
1010000 FRAC0_S 0 1 -15512.4 795.499 8216.93 2.25536e+06 4.34012e+06 693313 2195.74 -58.5438 -7.1208
1010000 FRAC0_S 0 1 -15679.8 715.646 8464.13 -948921 4.77901e+06 76077.1 2035.95 -67.8168 -1.01673
1010000 FRAC0_S 0 1 -15780.6 565.741 8714.84 -4.15544e+06 3.51194e+06 -888166 1203.97 -45.6732 7.74169
1010000 FRAC0_S 0 1 -15805.5 368.244 8937.26 -7.83618e+06 7.00503e+06 -462299 4401.09 -49.4168 2.32616
1010000 FRAC0_S 0 1 -15750.6 119.889 9130.69 -9.51535e+06 7.45734e+06 -40717.1 4955.8 -47.9162 0.186483
1010000 FRAC0_S 0 1 -15622.8 -132.414 9255.13 -2.10424e+07 2.4406e+06 5.28158e+06 4240.83 -11.3747 -13.2093
1010000 FRAC0_S 0 1 -15433.9 -371.756 9305.64 -3.70616e+06 -3.61335e+06 -4.66332e+06 4055.74 35.8512 25.3571
1010000 FRAC0_S 0 1 -15202.6 -574.708 9277.3 -2.26749e+06 1.12086e+07 1.1521e+06 11371.6 -66.1747 -5.9385
1010000 FRAC0_S 0 1 -14951.5 -721.403 9172.86 -8.21135e+06 1.89901e+06 4.28129e+06 2759.17 -17.2545 -20.2834
1010000 FRAC0_S 0 1 -14705.1 -797.482 9002.57 -8.03505e+06 -1.51355e+06 4.86077e+06 3346.54 13.9332 -22.5568
1010000 FRAC0_S 0 1 -14487.6 -795.499 8783.07 -5.4069e+06 -4.5387e+06 3.10531e+06 3118.16 40.2216 -16.6909
1010000 FRAC0_S 0 1 -14320.2 -715.646 8535.87 -8.83282e+06 -1.62147e+07 6.72775e+06 29448.5 53.2131 -15.0355
1010000 FRAC0_S 0 1 -14219.4 -565.741 8285.16 1.50145e+06 -4.25012e+06 -2.25844e+06 2488.9 54.5765 19.3689
1010000 FRAC0_S 0 1 -14195 -360.457 8055.47 2.96662e+06 -2.32523e+06 -3.62968e+06 3018.25 31.7334 26.2717
1010000 FRAC0_S 0 1 -14249.4 -119.889 7869.31 6.68448e+06 578498 -6.00132e+06 8801.56 -5.97269 28.5352
1010000 FRAC0_S 0 1 -14377.2 132.414 7744.87 6.15819e+06 3.23827e+06 -3.99207e+06 6433.36 -29.7666 20.3234
Step FractureNumber TipNr TipActive TipX TipY TipZ KI KII KIII G Phi Psi Extension
1010101 FRAC0_S 0 1 -14550.5 382.577 7610.35 1.00485e+07 3.12519e+06 -3.93522e+06 11927.5 -23.2374 16.195
1010101 FRAC0_S 0 1 -14787.7 612.495 7654.8 2.49311e+07 -2.06226e+06 4.16565e+06 58073.9 8.95928 -9.83803
1010101 FRAC0_S 0 1 -15076.7 744.547 7753.36 1.82181e+07 -1.01678e+07 1.12629e+07 55659.8 31.299 -19.4943
1010101 FRAC0_S 0 1 -15357.6 800.332 7920.89 9.78359e+06 -1.75037e+07 -8.08157e+06 44517.4 52.1404 16.0996
1010101 FRAC0_S 0 1 -15586.3 787.299 8151.88 1.22382e+07 9.35877e+06 -3.61752e+06 22891.7 -42.3197 10.5114
1010101 FRAC0_S 0 1 -15762.7 700.469 8414.14 3.37e+06 2.05275e+06 58007.8 1387.95 -42.6158 -0.821848
1010101 FRAC0_S 0 1 -15872.9 553.55 8684.44 2.39556e+06 -3.42881e+06 -3.96716e+06 3652.22 40.4415 26.1855
1010101 FRAC0_S 0 1 -15901 341.406 8930.7 -1.03622e+06 6.81087e+06 -1.93954e+06 4633.96 -63.5282 14.1621
1010101 FRAC0_S 0 1 -15840 91.3733 9142.92 4.0926e+06 2.28312e+07 -3.3089e+06 49398.4 -65.8045 8.14163
1010101 FRAC0_S 0 1 -15683.2 -152.531 9311.88 -9.91567e+06 1.06138e+07 1.73789e+06 10440.2 -50.8275 -5.88663
1010101 FRAC0_S 0 1 -15468.3 -395.316 9366.24 -1.37379e+07 5.22418e+06 327537 2446.26 -32.7816 -1.31492
1010101 FRAC0_S 0 1 -15236.7 -633.76 9303.75 -4.66477e+07 1.1706e+07 1.06622e+07 27330.7 -21.7321 -11.2626
1010101 FRAC0_S 0 1 -14962.2 -800.038 9207.4 6.56629e+06 6.87657e+06 -26650.8 8055.94 -53.2292 0.154202
1010101 FRAC0_S 0 1 -14667.5 -857.488 9060.99 -6.70741e+06 -2.16463e+06 5.01635e+06 3764.32 20.1198 -23.8677
1010101 FRAC0_S 0 1 -14416.5 -823.011 8840.58 -1.65591e+06 -6.09557e+06 3.21666e+06 4687.1 56.1851 -20.037
1010101 FRAC0_S 0 1 -14234.1 -716.814 8583.48 3.3535e+06 -5.232e+06 718998 3510.17 56.5898 -5.83033
1010101 FRAC0_S 0 1 -14126.2 -558.273 8312.5 5.22581e+06 -2.16444e+06 -2.32739e+06 3571.4 27.7099 16.7882
1010101 FRAC0_S 0 1 -14104.6 -361.851 8042.75 4.99269e+06 1.23004e+07 -8.08997e+06 24408.2 -51.4048 21.5077
1010101 FRAC0_S 0 1 -14183.2 -133.354 7808.81 2.32411e+07 -1.24018e+07 3.21627e+06 63214.1 37.5508 -6.22978
1010101 FRAC0_S 0 1 -14347.9 117.098 7655.11 1.21351e+07 182776 -5.36989e+06 16960.6 -1.43921 20.6387