
Step FractureNumber TipNr TipActive TipX TipY TipZ KI KII KIII G Phi Psi Extension
1010000 FRAC0_S 0 1 -44243.4 14863.4 7879.98 -2.71448e+06 -2.61915e+06 -1.35351e+06 854.942 44.0953 14.4356
1010000 FRAC0_S 0 1 -44366.7 15115.7 7750.97 -2.21493e+06 -1.62657e+06 -1.56081e+06 559.765 35.8065 19.7808
1010000 FRAC0_S 0 1 -44552 15356.7 7695.29 -3.16943e+06 -1.18154e+06 -2.49528e+06 952.512 22.0765 24.0452
1010000 FRAC0_S 0 1 -44781.1 15562.7 7718.37 -2.05719e+06 27042.5 -1.75908e+06 411.614 -0.981611 28.7874
1010000 FRAC0_S 0 1 -45031.6 15713.7 7817.96 -2.99554e+06 1.02053e+06 -2.45984e+06 897.564 -20.3241 24.8666
1010000 FRAC0_S 0 1 -45279.1 15794.8 7984.32 -2.47042e+06 1.65254e+06 -1.80474e+06 676.542 -33.5892 20.6888
1010000 FRAC0_S 0 1 -45499.3 15798.1 8201.16 -2.41251e+06 2.7265e+06 -1.47176e+06 950.517 -45.8336 15.7296
1010000 FRAC0_S 0 1 -45670.6 15723.3 8447.25 -2.92978e+06 3.38616e+06 -1.02859e+06 1162.46 -49.667 10.2765
1010000 FRAC0_S 0 1 -45776.2 15577.6 8698.5 -1.80701e+06 3.40079e+06 -130800 1032.87 -60.7772 1.89126
1010000 FRAC0_S 0 1 -45805.8 15375.5 8930.32 -2.88887e+06 4.06102e+06 429808 1494.16 -55.8437 -4.43093
1010000 FRAC0_S 0 1 -45756.6 15136.6 9120.02 -2.87125e+06 3.32716e+06 1.1335e+06 1157.33 -49.1159 -11.27
1010000 FRAC0_S 0 1 -45633.3 14884.3 9249.03 -2.44634e+06 2.34842e+06 1.5288e+06 802.299 -42.3383 -16.9286
1010000 FRAC0_S 0 1 -45448 14643.3 9304.71 -3.28629e+06 2.01657e+06 2.4814e+06 1181.3 -31.5703 -21.5108
1010000 FRAC0_S 0 1 -45218.9 14437.3 9281.63 -3.14495e+06 584328 2.83229e+06 1097.33 -11.9123 -27.52
1010000 FRAC0_S 0 1 -44968.4 14286.3 9182.04 -3.0447e+06 -683050 2.61526e+06 951.243 14.2642 -26.55
1010000 FRAC0_S 0 1 -44720.9 14205.2 9015.68 -3.11723e+06 -1.96531e+06 2.339e+06 1071.81 32.1649 -21.3049
1010000 FRAC0_S 0 1 -44500.7 14201.9 8798.84 -3.34688e+06 -3.07045e+06 1.86376e+06 1302.09 42.2856 -15.8833
1010000 FRAC0_S 0 1 -44329.4 14276.7 8552.75 -3.20701e+06 -3.73647e+06 1.00397e+06 1378.14 50.3479 -9.32679
1010000 FRAC0_S 0 1 -44223.8 14422.4 8301.5 -3.26425e+06 -4.10122e+06 112472 1500.51 55.7267 -1.16569
1010000 FRAC0_S 0 1 -44194.2 14624.5 8069.68 -3.58208e+06 -4.21382e+06 -980988 1710.26 51.0796 8.30577
Step FractureNumber TipNr TipActive TipX TipY TipZ KI KII KIII G Phi Psi Extension
1010101 FRAC0_S 0 1 -44150.3 14894.7 7874.98 212857 -3.74916e+06 -1.40345e+06 1518.55 63.6477 18.1446
1010101 FRAC0_S 0 1 -44284 15158.7 7722.43 -908608 -3.17497e+06 -2.11101e+06 1490.96 53.3667 22.7487
1010101 FRAC0_S 0 1 -44493.4 15409 7641.42 -1.91412e+06 -1.70582e+06 -2.50623e+06 1094.69 33.5554 26.3869
1010101 FRAC0_S 0 1 -44760.4 15616.5 7643.66 -2.44291e+06 67713.2 -2.74929e+06 1005.7 -1.79068 31.754
1010101 FRAC0_S 0 1 -45051.8 15760.4 7736.67 -1.28774e+06 1.72149e+06 -2.36982e+06 1011.01 -37.6354 27.9588
1010101 FRAC0_S 0 1 -45331.8 15828 7909.78 -648608 2.11196e+06 -1.44414e+06 674.839 -52.6596 22.8969
1010101 FRAC0_S 0 1 -45573.4 15815.2 8139.18 49809 3.14693e+06 -1.4069e+06 1145.94 -62.9912 20.7552
1010101 FRAC0_S 0 1 -45755.9 15723.3 8397.75 999638 3.46041e+06 -914108 1267.22 -61.1234 12.3125
1010101 FRAC0_S 0 1 -45865.9 15561 8660.52 1.14778e+06 3.04001e+06 -347724 957.001 -62.3894 5.78605
1010101 FRAC0_S 0 1 -45898.2 15348.1 8907.88 1.33368e+06 3.89305e+06 204876 1514.62 -64.3835 -2.89514
1010101 FRAC0_S 0 1 -45848.4 15100.7 9117.2 707583 3.36055e+06 793197 1134.64 -63.3285 -11.8483
1010101 FRAC0_S 0 1 -45717.1 14836.6 9266.77 -60549.7 3.40842e+06 1.44939e+06 1314.62 -63.4026 -20.12
1010101 FRAC0_S 0 1 -45512.4 14584 9344.98 -1.01757e+06 2.31479e+06 1.88487e+06 949.987 -48.3358 -23.8724
1010101 FRAC0_S 0 1 -45248.6 14374.2 9344.47 -2.16516e+06 1.05331e+06 2.67036e+06 1047.26 -22.8016 -28.5843
1010101 FRAC0_S 0 1 -44954.4 14232.1 9257.72 -1.80527e+06 -1.02665e+06 2.06645e+06 661.863 26.2676 -27.0324
1010101 FRAC0_S 0 1 -44670.1 14167.3 9088.74 -1.39666e+06 -2.78443e+06 2.20357e+06 1336.68 47.7421 -22.9896
1010101 FRAC0_S 0 1 -44427 14181.5 8860.16 -241481 -2.46339e+06 1.08793e+06 698.162 61.4001 -19.6584
1010101 FRAC0_S 0 1 -44243.5 14274.1 8601.09 507241 -3.06592e+06 766695 938.732 63.9683 -12.7498
1010101 FRAC0_S 0 1 -44131.8 14434.5 8336.05 1.03703e+06 -4.11292e+06 259020 1612.15 65.981 -3.65952
1010101 FRAC0_S 0 1 -44099.3 14646.3 8086.32 854137 -3.88054e+06 -531738 1444.49 65.1525 7.53906