
Step FractureNumber TipNr TipActive TipX TipY TipZ KI KII KIII G Phi Psi Extension
1010000 FRAC0_S 0 1 -30000 15987.2 8471.27 -8.05264e+06 1.50425e+07 2.83852e+06 21235.1 -57.6542 -8.14201
1010000 FRAC0_S 0 1 -30000 15947.8 8777.76 -6.01016e+06 1.03927e+07 5.01257e+06 12966.4 -51.4552 -16.449
1010000 FRAC0_S 0 1 -30000 15815.6 9057.06 -3.94696e+06 6.99203e+06 6.9601e+06 10799.4 -44.0073 -25.3407
1010000 FRAC0_S 0 1 -30000 15603.5 9281.83 -1.50877e+06 2.09317e+06 5.11993e+06 3876.85 -29.567 -34.4161
1010000 FRAC0_S 0 1 -30000 15332.4 9430.08 -1.13901e+06 -889209 6.44826e+06 5600.6 13.9161 -40.2393
1010000 FRAC0_S 0 1 -30000 15028.7 9487.27 -712197 -3.89462e+06 6.093e+06 6289.2 41.6844 -33.716
1010000 FRAC0_S 0 1 -30000 14722.2 9447.82 -572449 -5.11995e+06 3.73078e+06 4187.11 55.402 -25.7087
1010000 FRAC0_S 0 1 -30000 14442.9 9315.6 -2.16465e+06 -9.25548e+06 3.54606e+06 9305.92 59.8081 -16.6286
1010000 FRAC0_S 0 1 -30000 14218.2 9103.54 -3.58572e+06 -1.14414e+07 1.70761e+06 12052.8 62.9964 -7.61551
1010000 FRAC0_S 0 1 -30000 14070 8832.4 -1.39173e+07 -1.44777e+07 2.0598e+06 19242.2 50.7344 -5.12455
1010000 FRAC0_S 0 1 -30000 14012.8 8528.73 -7.91332e+06 -1.38276e+07 -3.57065e+06 18733.6 55.5906 10.3466
1010000 FRAC0_S 0 1 -30000 14052.2 8222.24 -1.15471e+07 -1.3632e+07 -4.24827e+06 18959.9 49.8324 10.5727
1010000 FRAC0_S 0 1 -30000 14184.4 7942.94 -2.83406e+06 -7.12983e+06 -6.26989e+06 9758.3 47.985 25.2029
1010000 FRAC0_S 0 1 -30000 14396.5 7718.17 -1.12772e+07 -9.90752e+06 -7.74188e+06 16718.5 39.7391 18.512
1010000 FRAC0_S 0 1 -30000 14653.8 7574.86 -1.16314e+07 -1.51624e+06 -9.47734e+06 12150.9 9.06786 26.8828
1010000 FRAC0_S 0 1 -30000 14971.3 7512.73 -1.73317e+07 4.1699e+06 -1.36102e+07 26186.2 -15.6392 25.2764
1010000 FRAC0_S 0 1 -30000 15277.8 7552.18 -5.85071e+06 3.52971e+06 -7.68991e+06 8975.12 -25.9555 28.4409
1010000 FRAC0_S 0 1 -30000 15557.1 7684.4 -1.6735e+07 1.5911e+07 -9.21577e+06 33854.8 -43.0993 15.5722
1010000 FRAC0_S 0 1 -30000 15781.8 7896.46 -3.96446e+06 1.02655e+07 -2.17088e+06 10017.2 -60.2041 9.74625
1010000 FRAC0_S 0 1 -30000 15930 8167.6 -1.07097e+07 1.5591e+07 -696878 21725.5 -57.5043 1.99139
Step FractureNumber TipNr TipActive TipX TipY TipZ KI KII KIII G Phi Psi Extension
1010101 FRAC0_S 0 1 -30082.8 16041.7 8470.36 6.82499e+06 6.47133e+06 5.75695e+06 12290.5 -39.4751 -20.555
1010101 FRAC0_S 0 1 -30077.5 16006 8796.28 3.2683e+06 5.50566e+06 3.07102e+06 4907.32 -49.95 -18.0046
1010101 FRAC0_S 0 1 -30066.6 15873.5 9098.94 2.33717e+06 5.07685e+06 5.18819e+06 6363.52 -45.0392 -26.5186
1010101 FRAC0_S 0 1 -30036 15653.1 9349.25 4.14304e+06 3.47099e+06 3.0491e+06 3839.63 -38.1548 -19.6056
1010101 FRAC0_S 0 1 -29983.7 15362.5 9511.65 3.10515e+06 5.15595e+06 2.74982e+06 4233.76 -50.2075 -17.4212
1010101 FRAC0_S 0 1 -29940.2 15034 9561.07 7.51216e+06 -3.03612e+06 3.76878e+06 7739.22 26.5409 -18.2458
1010101 FRAC0_S 0 1 -29920.6 14707.7 9504.12 5.69291e+06 -2.63497e+06 3.56531e+06 5197.31 27.5814 -20.4171
1010101 FRAC0_S 0 1 -29913.9 14415.7 9356.93 8.905e+06 -3.17597e+06 1.94964e+06 8470.71 28.1037 -10.2014
1010101 FRAC0_S 0 1 -29914.5 14178.2 9133.12 7.3872e+06 -5.91194e+06 935192 8093.61 46.0712 -4.98213
1010101 FRAC0_S 0 1 -29918.4 14017 8850.4 6.51573e+06 -8.35158e+06 -984201 10127.3 54.3299 4.71571
1010101 FRAC0_S 0 1 -29920.2 13954.1 8530.34 6.46962e+06 -1.03303e+07 -1.22001e+06 13437.2 57.2532 5.1296
1010101 FRAC0_S 0 1 -29922.5 13993.3 8204.14 2.43896e+06 -8.9236e+06 -3.90815e+06 9657.35 57.9071 17.8007
1010101 FRAC0_S 0 1 -29927.7 14129.6 7904.31 -1.08325e+06 -1.50745e+07 -1.00188e+07 33599.4 57.4085 25.0195
1010101 FRAC0_S 0 1 -29945.5 14350.8 7655.04 -5.06225e+06 -1.20271e+07 -1.08681e+07 28599.2 47.2725 25.3346
1010101 FRAC0_S 0 1 -29982.9 14638.5 7484.15 -1.14552e+07 -4.33688e+06 -1.35346e+07 26039.5 19.1726 28.9691
1010101 FRAC0_S 0 1 -30020.5 14967.9 7419.78 -1.23511e+07 6.73509e+06 -1.32195e+07 27284.6 -26.1447 26.3919
1010101 FRAC0_S 0 1 -30045.7 15300 7469.89 -6.84587e+06 1.98348e+07 -1.26442e+07 56321.1 -52.8054 21.6679
1010101 FRAC0_S 0 1 -30066.8 15593.8 7625.09 581751 1.72992e+07 -7.54392e+06 34266.5 -62.8501 20.2384
1010101 FRAC0_S 0 1 -30081.6 15825.2 7862.71 6.22345e+06 1.6936e+07 -3.26589e+06 30429.1 -60.9733 9.13594
1010101 FRAC0_S 0 1 -30085 15978.6 8150.58 3.51789e+06 4.39108e+06 -3.68933e+06 4631.25 -42.97 21.4722