
Step FractureNumber TipNr TipActive TipX TipY TipZ KI KII KIII G Phi Psi Extension
1010000 FRAC0_S 0 1 -44243.4 14863.4 7879.98 -1.01633e+06 -719066 -1.40252e+06 307.693 28.4057 28.2703
1010000 FRAC0_S 0 1 -44366.7 15115.7 7750.97 -814204 -70444.2 -1.2328e+06 202.576 4.5801 34.2265
1010000 FRAC0_S 0 1 -44552 15356.7 7695.29 -1.0535e+06 728623 -1.59293e+06 384.785 -26.9615 29.4628
1010000 FRAC0_S 0 1 -44781.1 15562.7 7718.37 -619142 968805 -891349 189.306 -44.0177 23.777
1010000 FRAC0_S 0 1 -45031.6 15713.7 7817.96 -860055 1.81175e+06 -947472 411.891 -52.5408 18.1577
1010000 FRAC0_S 0 1 -45279.1 15794.8 7984.32 -649861 1.72791e+06 -439900 291.791 -59.5292 11.3732
1010000 FRAC0_S 0 1 -45499.3 15798.1 8201.16 -602532 1.94752e+06 -104353 339.427 -65.0357 3.01541
1010000 FRAC0_S 0 1 -45670.6 15723.3 8447.25 -708293 2.06899e+06 297314 393.21 -62.5118 -7.23404
1010000 FRAC0_S 0 1 -45776.2 15577.6 8698.5 -384737 1.6608e+06 445294 272.161 -62.2268 -12.8896
1010000 FRAC0_S 0 1 -45805.8 15375.5 8930.32 -566112 1.63832e+06 1.08537e+06 395.858 -52.3597 -22.1418
1010000 FRAC0_S 0 1 -45756.6 15136.6 9120.02 -687117 1.01492e+06 1.20697e+06 285.542 -40.3238 -26.6819
1010000 FRAC0_S 0 1 -45633.3 14884.3 9249.03 -612200 420533 1.17592e+06 199.669 -24.1187 -32.174
1010000 FRAC0_S 0 1 -45448 14643.3 9304.71 -873415 -139333 1.57824e+06 333.01 7.32622 -35.2677
1010000 FRAC0_S 0 1 -45218.9 14437.3 9281.63 -933686 -949954 1.52961e+06 391.594 33.5418 -28.3275
1010000 FRAC0_S 0 1 -44968.4 14286.3 9182.04 -988064 -1.48939e+06 1.19718e+06 388.29 45.2446 -21.9093
1010000 FRAC0_S 0 1 -44720.9 14205.2 9015.68 -1.08642e+06 -2.0823e+06 839081 480.018 53.8425 -14.8838
1010000 FRAC0_S 0 1 -44500.7 14201.9 8798.84 -1.21241e+06 -2.49213e+06 353099 570.02 59.5801 -6.53772
1010000 FRAC0_S 0 1 -44329.4 14276.7 8552.75 -1.21818e+06 -2.5594e+06 -259468 592.672 60.622 4.87687
1010000 FRAC0_S 0 1 -44223.8 14422.4 8301.5 -1.26197e+06 -2.32584e+06 -862757 581.042 54.0459 13.8805
1010000 FRAC0_S 0 1 -44194.2 14624.5 8069.68 -1.43386e+06 -1.8934e+06 -1.5138e+06 624.236 44.0479 21.1638
Step FractureNumber TipNr TipActive TipX TipY TipZ KI KII KIII G Phi Psi Extension
1010101 FRAC0_S 0 1 -44154.1 14878.4 7850.56 37116.3 -1.41355e+06 -1.61991e+06 527.181 49.6147 31.9651
1010101 FRAC0_S 0 1 -44305.1 15129.2 7683.84 -471167 -49005.9 -1.76485e+06 414.468 2.97032 40.5581
1010101 FRAC0_S 0 1 -44570.4 15395.4 7599.67 42096.8 992856 -1.66867e+06 458.332 -41.9723 35.5706
1010101 FRAC0_S 0 1 -44801.6 15564.2 7623.2 696788 1.32423e+06 -1.13661e+06 371.346 -46.4012 23.8009
1010101 FRAC0_S 0 1 -45077.6 15710.7 7730.74 1.16686e+06 1.27504e+06 -695569 330.546 -45.334 15.6704
1010101 FRAC0_S 0 1 -45341.5 15785.3 7907.97 1.44668e+06 1.04855e+06 -164286 288.06 -44.3158 4.69235
1010101 FRAC0_S 0 1 -45572.8 15782.4 8136.12 1.34657e+06 724171 -15378 208.342 -40.164 0.573188
1010101 FRAC0_S 0 1 -45752.1 15704.1 8393.7 1.3497e+06 808897 270890 230.397 -38.853 -8.2868
1010101 FRAC0_S 0 1 -45864.5 15555.8 8659.44 1.20936e+06 650752 351760 184.521 -35.1301 -11.5699
1010101 FRAC0_S 0 1 -45899.5 15351.6 8912.97 870918 710920 646075 168.142 -37.546 -19.8442
1010101 FRAC0_S 0 1 -45848.9 15109 9131.9 410589 780638 1.0528e+06 216.74 -40.2312 -29.3306
1010101 FRAC0_S 0 1 -45707.7 14853.3 9296.51 9082 448377 1.29953e+06 242.531 -31.1687 -39.6386
1010101 FRAC0_S 0 1 -45484 14616.6 9384.67 -155461 -235308 1.33038e+06 240.332 17.8318 -40.5745
1010101 FRAC0_S 0 1 -45210.7 14419.9 9375.01 191950 -985705 1.23913e+06 294.078 45.4557 -31.317
1010101 FRAC0_S 0 1 -44909.1 14270 9261.02 762650 -1.42534e+06 956630 354.579 49.0755 -20.6745
1010101 FRAC0_S 0 1 -44659.5 14204.6 9093.07 1.1341e+06 -1.53057e+06 466876 352.356 51.7043 -10.8954
1010101 FRAC0_S 0 1 -44426.3 14209.8 8863.98 921587 -1.19651e+06 -213146 209.298 53.4152 6.85569
1010101 FRAC0_S 0 1 -44245.6 14289.3 8604.22 1.63252e+06 -1.70193e+06 -228614 502.553 50.9012 4.86881
1010101 FRAC0_S 0 1 -44131.8 14435.4 8334.4 1.21046e+06 -1.66649e+06 -687330 440.873 50.1549 13.8142
1010101 FRAC0_S 0 1 -44097.9 14637.9 8075.88 559185 -1.41952e+06 -1.03163e+06 348.97 50.4517 22.8548