
Step FractureNumber TipNr TipActive TipX TipY TipZ KI KII KIII G Phi Psi Extension
1010000 FRAC0_S 0 1 44054 29715.9 8500 148211 860705 -170781 71.8504 -64.8818 10.6002
1010000 FRAC0_S 0 1 44188.1 29437.5 8500 145547 856037 24336.3 67.2662 -68.0806 -1.8317
1010000 FRAC0_S 0 1 44401.7 29214.1 8500 142546 807655 202631 65.3986 -63.7245 -12.6904
1010000 FRAC0_S 0 1 44673.8 29067.8 8500 167810 759381 400165 75.1931 -57.1831 -20.5158
1010000 FRAC0_S 0 1 44977.9 29012.6 8500 137531 463506 475599 50.9136 -47.2979 -28.0166
1010000 FRAC0_S 0 1 45284.1 29054 8500 94333.9 -97530.9 414322 24.4717 20.7129 -37.8959
1010000 FRAC0_S 0 1 45562.5 29188.1 8500 102193 -40643.9 451194 28.1534 9.25118 -40.2066
1010000 FRAC0_S 0 1 45785.9 29401.7 8500 88626.6 -226330 408010 27.4054 36.9677 -33.5093
1010000 FRAC0_S 0 1 45932.2 29673.8 8500 175498 -368112 602201 63.0515 37.7525 -31.879
1010000 FRAC0_S 0 1 45987.4 29977.9 8500 101288 -626602 277327 46.1306 60.0694 -19.0075
1010000 FRAC0_S 0 1 45946 30284.1 8500 103110 -724406 136177 50.1754 65.6842 -10.3631
1010000 FRAC0_S 0 1 45811.9 30562.5 8500 68044 -558270 -13720.8 28.2101 68.8576 1.65696
1010000 FRAC0_S 0 1 45598.3 30785.9 8500 73586.6 -527213 -130868 27.5288 64.534 12.8956
1010000 FRAC0_S 0 1 45326.2 30932.2 8500 123044 -655480 -337649 54.7985 58.075 20.5756
1010000 FRAC0_S 0 1 45022.1 30987.4 8500 117222 -453363 -444008 45.76 48.5812 27.8146
1010000 FRAC0_S 0 1 44715.9 30946 8500 116537 -230706 -517960 41.6347 32.3538 34.8684
1010000 FRAC0_S 0 1 44437.5 30811.9 8500 151730 32184.4 -484069 33.3087 -6.5829 39.1945
1010000 FRAC0_S 0 1 44214.1 30598.3 8500 134183 274856 -539437 47.0382 -34.6918 33.6874
1010000 FRAC0_S 0 1 44067.8 30326.2 8500 130077 462795 -425585 44.6826 -49.163 26.8317
1010000 FRAC0_S 0 1 44012.6 30022.1 8500 112893 720768 -560035 89.143 -53.6808 26.0145
Step FractureNumber TipNr TipActive TipX TipY TipZ KI KII KIII G Phi Psi Extension
1010101 FRAC0_S 0 1 44011.3 29704.8 8411.39 1.36436e+06 300761 -489949 205.864 -18.175 16.0274
1010101 FRAC0_S 0 1 44155.9 29415 8408.56 1.69069e+06 468203 -518129 309.954 -22.3443 13.8605
1010101 FRAC0_S 0 1 44376.1 29178.5 8410.96 1.69188e+06 338090 -39058.1 265.461 -21.0077 1.46069
1010101 FRAC0_S 0 1 44657.8 29016.4 8417.2 1.43545e+06 722619 214570 236.268 -36.1457 -6.78403
1010101 FRAC0_S 0 1 44979.4 28943.5 8451.09 706741 454420 371634 81.2788 -35.3527 -16.9716
1010101 FRAC0_S 0 1 45311.3 28972 8503.33 341686 317612 658637 77.0884 -29.6735 -30.7387
1010101 FRAC0_S 0 1 45613.3 29113.1 8531.92 262398 -57573.6 589163 52.5969 8.58517 -36.6889
1010101 FRAC0_S 0 1 45850.4 29350.7 8549.39 362123 -215616 580503 60.6468 23.6363 -30.8036
1010101 FRAC0_S 0 1 45998 29648.4 8567.31 581506 -286295 413562 60.1837 27.7857 -21.7371
1010101 FRAC0_S 0 1 46040.9 29973.8 8581.42 839861 -261086 488989 100.731 21.102 -20.8677
1010101 FRAC0_S 0 1 45985.5 30294.9 8590.55 1.02109e+06 -207589 450203 123.704 16.2405 -18.5433
1010101 FRAC0_S 0 1 45843.1 30584.3 8591.99 1.39567e+06 -411481 467086 217.681 23.0389 -14.6278
1010101 FRAC0_S 0 1 45623.1 30820.6 8589.68 1.45284e+06 -271351 76214.6 195.422 19.5103 -3.24275
1010101 FRAC0_S 0 1 45341.8 30982.4 8583.76 1.52035e+06 -651811 -140435 246.457 33.8985 4.61493
1010101 FRAC0_S 0 1 45021.2 31053.3 8572.09 1.53802e+06 -836374 -450082 300.066 35.3184 11.5914
1010101 FRAC0_S 0 1 44690 31023.3 8542.64 550136 -438819 -551802 84.6249 34.195 23.702
1010101 FRAC0_S 0 1 44386.8 30885.4 8493.42 349295 -727403 -1.05586e+06 206.295 39.609 30.5293
1010101 FRAC0_S 0 1 44151.9 30649 8449.76 603668 87351.6 -572622 76.7631 -9.34327 28.5694
1010101 FRAC0_S 0 1 44005.7 30349.7 8427.8 393850 298768 -1.03444e+06 164.095 -22.1241 34.88
1010101 FRAC0_S 0 1 43957.4 30025.1 8418.16 1.16783e+06 78876.8 -518471 157.838 -6.1161 20.0633