
Step FractureNumber TipNr TipActive TipX TipY TipZ KI KII KIII G Phi Psi Extension
1010000 FRAC0_S 0 1 45000 -29019.2 8617.02 -124312 634070 50618.2 36.167 -66.7271 -4.75118
1010000 FRAC0_S 0 1 45000 -29103.5 8914.36 -117158 -77502.3 353639 17.1683 18.3905 -36.5803
1010000 FRAC0_S 0 1 45000 -29275.4 9171.13 -130672 485384 299400 32.9162 -54.5508 -21.9802
1010000 FRAC0_S 0 1 45000 -29518.2 9362.22 -152293 366097 420183 35.4248 -43.9579 -28.3054
1010000 FRAC0_S 0 1 45000 -29808.3 9468.89 -150927 330864 307222 22.3082 -46.3983 -25.368
1010000 FRAC0_S 0 1 45000 -30117.1 9480.74 -129239 -68284.3 376896 19.3082 15.6534 -36.9716
1010000 FRAC0_S 0 1 45000 -30414.4 9396.57 -163042 -230344 302285 16.881 38.6811 -27.6621
1010000 FRAC0_S 0 1 45000 -30671.2 9224.65 -117984 -472422 824863 110.381 38.9328 -34.251
1010000 FRAC0_S 0 1 45000 -30862.2 8981.79 -165728 -590949 224124 37.7998 58.9405 -16.1007
1010000 FRAC0_S 0 1 45000 -30968.9 8691.77 -150708 -669145 92929.7 41.048 65.0128 -7.59907
1010000 FRAC0_S 0 1 45000 -30980.8 8382.98 -160294 -670395 -46882.9 40.3409 66.0986 4.07284
1010000 FRAC0_S 0 1 45000 -30896.5 8085.64 -163237 -617981 -185655 38.6154 60.8853 13.7606
1010000 FRAC0_S 0 1 45000 -30724.6 7828.87 -117343 -1.23005e+06 -300642 146.848 65.4972 13.1309
1010000 FRAC0_S 0 1 45000 -30481.8 7637.78 -158716 -348136 -401034 32.1902 43.3913 28.0154
1010000 FRAC0_S 0 1 45000 -30191.7 7531.11 -178595 -150535 -483053 33.0535 23.5438 34.7178
1010000 FRAC0_S 0 1 45000 -29882.9 7519.26 -148439 75309.6 -450666 27.5177 -14.7605 37.3865
1010000 FRAC0_S 0 1 45000 -29585.6 7603.43 -151436 445334 -128492 19.8684 -59.572 12.7832
1010000 FRAC0_S 0 1 45000 -29328.8 7775.35 -76921.2 748831 -527302 86.9486 -56.0407 25.3857
1010000 FRAC0_S 0 1 45000 -29137.8 8018.21 -155479 320736 52551.8 9.53417 -59.1651 -7.42613
1010000 FRAC0_S 0 1 45000 -29031.1 8308.23 -103579 701721 11405.1 43.8962 -68.6125 -1.08282
Step FractureNumber TipNr TipActive TipX TipY TipZ KI KII KIII G Phi Psi Extension
1010101 FRAC0_S 0 1 44938.7 -28969.1 8627.54 1.02168e+06 868314 -174714 164.261 -46.4967 6.36401
1010101 FRAC0_S 0 1 44972.4 -29039.9 8945.29 255913 829267 271882 76.9468 -59.4116 -14.3024
1010101 FRAC0_S 0 1 44949.8 -29223.8 9216.5 259912 605781 440989 64.5851 -49.8595 -22.5654
1010101 FRAC0_S 0 1 44926.8 -29486.7 9420.4 239415 417694 542888 59.8533 -40.25 -28.5336
1010101 FRAC0_S 0 1 44953.2 -29795.6 9542.33 155573 190688 669719 65.0505 -23.8105 -37.0771
1010101 FRAC0_S 0 1 45011 -30127.5 9563.16 116234 -130888 712423 70.2341 17.7945 -39.7207
1010101 FRAC0_S 0 1 45053.7 -30446.8 9470.17 88255.1 -118982 919683 114.449 14.0011 -41.6772
1010101 FRAC0_S 0 1 45068.5 -30717.1 9277.18 524686 -540144 585577 96.1357 38.3213 -23.5207
1010101 FRAC0_S 0 1 45081.2 -30908.3 9010.68 1.13306e+06 -603023 782188 228.177 29.5104 -21.0435
1010101 FRAC0_S 0 1 45089.6 -31010.9 8700.96 1.06333e+06 -449053 21678.2 118.786 34.9829 -1.09565
1010101 FRAC0_S 0 1 45090.2 -31022.3 8377.52 1.54459e+06 -642675 9262.29 249.412 34.9696 -0.328322
1010101 FRAC0_S 0 1 45089.3 -30936.3 8067.19 854052 -416247 -290438 91.6557 32.3589 13.3723
1010101 FRAC0_S 0 1 45084.5 -30759.8 7793.81 619626 -408032 -473489 78.8659 32.8821 21.3195
1010101 FRAC0_S 0 1 45068.7 -30530 7588.64 601970 -622557 -538813 105.44 40.7024 20.7528
1010101 FRAC0_S 0 1 45030.7 -30206.6 7446.28 130383 -206927 -727001 75.625 24.5733 37.8822
1010101 FRAC0_S 0 1 44975.7 -29876.4 7437.28 112513 78153.3 -540497 40.5266 -14.1647 39.6267
1010101 FRAC0_S 0 1 44929.8 -29562.7 7546.19 250086 188715 -413856 31.5265 -27.5566 30.0847
1010101 FRAC0_S 0 1 44915.5 -29293.4 7737.12 596980 374700 -519377 80.1456 -30.7612 23.1656
1010101 FRAC0_S 0 1 44913.1 -29096.9 7993.7 847889 452160 -373815 100.866 -32.7102 15.7735
1010101 FRAC0_S 0 1 44909 -28992.2 8299.61 965690 407830 -131667 100.227 -32.794 6.57056