
Step FractureNumber TipNr TipActive TipX TipY TipZ KI KII KIII G Phi Psi Extension
1010000 FRAC0_S 0 1 45000 29251.8 7855.26 -4.81524e+06 -199844 155279 6.76569 5.30668 -2.31277
1010000 FRAC0_S 0 1 45000 29487.6 7655.6 -4.55682e+06 -150045 143543 4.74658 4.26384 -2.27943
1010000 FRAC0_S 0 1 45000 29773.6 7538.6 -4.63616e+06 -175985 115313 4.52831 4.91083 -1.8073
1010000 FRAC0_S 0 1 45000 30081.8 7515.7 -4.47356e+06 -259505 68586 6.62656 7.36184 -1.10741
1010000 FRAC0_S 0 1 45000 30382 7589.16 -4.52535e+06 -271495 18307.6 6.61282 7.67114 -0.296086
1010000 FRAC0_S 0 1 45000 30644.7 7751.78 -3.37945e+06 -160211 -21670 2.34969 6.15641 0.473392
1010000 FRAC0_S 0 1 45000 30844.5 7987.64 -4.64752e+06 -134762 -62145.7 2.13197 3.84034 0.995175
1010000 FRAC0_S 0 1 45000 30961.5 8273.65 -4.90753e+06 -203695 -125522 5.79285 5.3397 1.85066
1010000 FRAC0_S 0 1 45000 30984.3 8581.81 -4.58131e+06 -63880.7 -119005 2.24721 1.8646 1.92777
1010000 FRAC0_S 0 1 45000 30910.8 8881.97 -3.84508e+06 -2121.09 -104830 1.46199 0.0751192 2.04579
1010000 FRAC0_S 0 1 45000 30748.2 9144.74 -4.29306e+06 -66680.9 -120727 2.33468 2.06805 2.07776
1010000 FRAC0_S 0 1 45000 30512.4 9344.4 -3.82716e+06 53960.9 -112601 1.94577 -1.87882 2.17293
1010000 FRAC0_S 0 1 45000 30226.4 9461.4 -4.86921e+06 -68692.2 -138989 2.98975 1.88144 2.11065
1010000 FRAC0_S 0 1 45000 29918.2 9484.3 -4.76138e+06 82087.5 -105125 2.07029 -2.30306 1.6421
1010000 FRAC0_S 0 1 45000 29618 9410.84 -4.30654e+06 753361 -1.08702e+06 207.731 -16.1068 12.7615
1010000 FRAC0_S 0 1 45000 29355.3 9248.22 -4.70404e+06 245655 -17761.5 5.41944 -6.75222 0.278473
1010000 FRAC0_S 0 1 45000 29155.5 9012.36 -4.6988e+06 227377 30086.9 4.7274 -6.2754 -0.472282
1010000 FRAC0_S 0 1 45000 29038.5 8726.35 -4.32607e+06 -626105 259195 43.867 15.8095 -3.7978
1010000 FRAC0_S 0 1 45000 29015.7 8418.19 -3.77729e+06 74759.2 120826 2.43968 -2.60965 -2.34167
1010000 FRAC0_S 0 1 45000 29089.2 8118.03 -4.62592e+06 18586.3 185529 4.6088 -0.537693 -2.94742
Step FractureNumber TipNr TipActive TipX TipY TipZ KI KII KIII G Phi Psi Extension
1010101 FRAC0_S 0 1 45006.2 29178.1 7791.78 -4.28541e+06 -872905 -216043 74.1062 20.8922 3.08218
1010101 FRAC0_S 0 1 45008.1 29437.2 7572.48 -3.87719e+06 -426072 107248 17.7066 12.8713 -1.87718
1010101 FRAC0_S 0 1 45009.3 29751.4 7444.08 -4.67152e+06 -665743 131563 41.7968 16.0054 -1.85735
1010101 FRAC0_S 0 1 45012.1 30118.6 7421.61 -4.7291e+06 -815162 74613.3 59.953 18.8373 -1.02995
1010101 FRAC0_S 0 1 45012.6 30419.4 7499.93 -4.62771e+06 -860417 -6367.81 65.9751 20.2069 0.0903532
1010101 FRAC0_S 0 1 45010.4 30708.1 7678.34 -4.67666e+06 -674945 -59435.5 41.064 16.3738 0.85278
1010101 FRAC0_S 0 1 45008.3 30927.5 7937.22 -4.7626e+06 -538254 -68604 26.4427 13.3307 0.991195
1010101 FRAC0_S 0 1 45007.1 31056.1 8251.37 -4.62427e+06 -390403 -93762.2 14.7509 10.2904 1.42053
1010101 FRAC0_S 0 1 45004 31081.3 8589.92 -4.78287e+06 -293525 -153395 10.8069 7.63708 2.25943
1010101 FRAC0_S 0 1 45001.8 31000.7 8919.69 -4.71896e+06 -1.71589e+06 -552321 302.936 30.1592 5.95953
1010101 FRAC0_S 0 1 45001.1 30822.1 9208.39 -5.1282e+06 -79479 -123593 2.5945 2.07157 1.79051
1010101 FRAC0_S 0 1 45000.1 30563 9427.75 -3.62724e+06 79277.2 -102236 1.95019 -2.8837 2.06993
1010101 FRAC0_S 0 1 44999.8 30248.7 9556.3 -5.52338e+06 146112 -222690 8.49798 -3.42862 2.90081
1010101 FRAC0_S 0 1 44991.9 29910.5 9580.55 -5.37914e+06 561060 -313145 41.0928 -11.9975 3.8232
1010101 FRAC0_S 0 1 44982.2 29581.2 9498.83 -4.86133e+06 1.1263e+06 -145408 115.853 -23.3495 1.83074
1010101 FRAC0_S 0 1 44984.4 29292.3 9320.88 -4.35916e+06 888383 36378.5 70.5038 -21.5594 -0.535446
1010101 FRAC0_S 0 1 44998.4 29073.5 9062.46 -4.92948e+06 306278 176194 12.488 -7.69882 -2.50443
1010101 FRAC0_S 0 1 45009.8 28945.6 8748.2 -4.7702e+06 -398344 139382 16.7236 10.1123 -2.02546
1010101 FRAC0_S 0 1 45004.3 28919.5 8409.89 -4.78041e+06 -124810 6663.38 1.39402 3.51218 -0.105753
1010101 FRAC0_S 0 1 45000.7 28999.3 8080.37 -4.67467e+06 12406 219089 6.39774 -0.353563 -3.41736