
Step FractureNumber TipNr TipActive TipX TipY TipZ KI KII KIII G Phi Psi Extension
1010000 FRAC0_S 0 1 15000 -44020.2 8624.9 -2.87557e+06 2.47104e+06 26620.4 544.203 -49.5789 -0.385623
1010000 FRAC0_S 0 1 15000 -44106.8 8921.55 -2.81598e+06 2.3003e+06 551988 512.039 -45.2866 -7.28286
1010000 FRAC0_S 0 1 15000 -44280.8 9176.94 -2.99292e+06 2.07769e+06 1.0746e+06 538.256 -39.3321 -12.6306
1010000 FRAC0_S 0 1 15000 -44525.1 9366.05 -2.8926e+06 1.34858e+06 1.35764e+06 407.206 -29.6603 -16.9736
1010000 FRAC0_S 0 1 15000 -44816 9470.4 -2.46565e+06 563035 1.34258e+06 267.982 -16.8712 -20.8437
1010000 FRAC0_S 0 1 15000 -45124.9 9479.76 -2.6953e+06 -108314 1.14497e+06 175.404 3.78767 -19.843
1010000 FRAC0_S 0 1 15000 -45421.5 9393.21 -3.13297e+06 -970508 1.79347e+06 511.73 21.1449 -20.6701
1010000 FRAC0_S 0 1 15000 -45676.9 9219.22 -2.7321e+06 -1.96526e+06 1.65906e+06 710.245 36.5934 -18.1103
1010000 FRAC0_S 0 1 15000 -45866 8974.84 -2.70338e+06 -1.87675e+06 886706 418.432 39.8119 -11.7832
1010000 FRAC0_S 0 1 15000 -45970.4 8683.98 -2.64706e+06 -2.17053e+06 474139 449.716 45.6474 -6.72386
1010000 FRAC0_S 0 1 15000 -45979.8 8375.1 -2.88842e+06 -2.49212e+06 -18170.4 553.475 49.7098 0.262151
1010000 FRAC0_S 0 1 15000 -45893.2 8078.45 -2.56927e+06 -2.1104e+06 -413421 419.609 45.9922 6.11405
1010000 FRAC0_S 0 1 15000 -45719.2 7823.06 -2.2114e+06 -562965 -217180 34.5149 23.867 5.48872
1010000 FRAC0_S 0 1 15000 -45474.9 7633.95 -2.58633e+06 -1.39831e+06 -1.18749e+06 361.783 32.7332 16.1688
1010000 FRAC0_S 0 1 15000 -45184 7529.6 -2.11379e+06 -1.0292e+06 -1.96352e+06 607.159 25.373 25.113
1010000 FRAC0_S 0 1 15000 -44875.1 7520.24 -2.51896e+06 -108829 -1.49598e+06 298.704 3.64594 23.9532
1010000 FRAC0_S 0 1 15000 -44578.5 7606.79 -2.40585e+06 316267 -899633 116.555 -11.6916 17.3389
1010000 FRAC0_S 0 1 15000 -44323.1 7780.78 -2.16659e+06 1.32736e+06 -1.29037e+06 378.453 -33.4534 18.6368
1010000 FRAC0_S 0 1 15000 -44134 8025.16 -2.7088e+06 1.90587e+06 -949624 443.617 -39.7402 12.3506
1010000 FRAC0_S 0 1 15000 -44029.6 8316.02 -2.95555e+06 2.5203e+06 -537683 604.469 -46.3792 6.71033
Step FractureNumber TipNr TipActive TipX TipY TipZ KI KII KIII G Phi Psi Extension
1010101 FRAC0_S 0 1 14926.1 -43955.2 8633.29 -152345 2.4754e+06 30373.7 546.155 -69.6692 -0.886978
1010101 FRAC0_S 0 1 14929.6 -44044.8 8951.87 -432954 3.0196e+06 419217 835.878 -66.609 -8.05859
1010101 FRAC0_S 0 1 14938.2 -44226.2 9229.99 -974331 2.9822e+06 881947 895.952 -59.6969 -13.1212
1010101 FRAC0_S 0 1 14952.1 -44485.7 9440.91 -1.12804e+06 1.87054e+06 931559 427.207 -50.7758 -16.6343
1010101 FRAC0_S 0 1 14974.7 -44799.8 9561.21 -2.40998e+06 1.38e+06 1.64694e+06 530.453 -31.0251 -20.5996
1010101 FRAC0_S 0 1 15005 -45136.7 9573.84 -2.54106e+06 -197043 1.69775e+06 386.811 6.08074 -25.0192
1010101 FRAC0_S 0 1 15034.5 -45458.3 9474.75 -2.10565e+06 -1.75543e+06 1.58339e+06 608.044 37.8624 -19.8933
1010101 FRAC0_S 0 1 15054.8 -45731.2 9278.78 -1.30708e+06 -2.47033e+06 1.12589e+06 712.391 52.7657 -16.1703
1010101 FRAC0_S 0 1 15064.8 -45930.6 9011.18 -462157 -1.98716e+06 542357 391.001 62.1081 -13.0559
1010101 FRAC0_S 0 1 15070.8 -46037.6 8697.68 -250360 -2.00912e+06 302906 371.903 66.7366 -8.75942
1010101 FRAC0_S 0 1 15074 -46044.7 8366.86 -110221 -2.82444e+06 25455.7 710.959 69.8529 -0.668323
1010101 FRAC0_S 0 1 15065.1 -45957.3 8045.92 -557579 -2.786e+06 -428987 716.129 65.2129 8.44286
1010101 FRAC0_S 0 1 15051.8 -45778.3 7765.88 -1.02062e+06 -2.47677e+06 -713297 614.303 58.13 12.2663
1010101 FRAC0_S 0 1 15047.9 -45515.9 7559.2 -1.58217e+06 -2.34862e+06 -942232 609.608 51.2146 13.8481
1010101 FRAC0_S 0 1 15036.6 -45199.3 7442.02 -1.7924e+06 -1.52943e+06 -1.37248e+06 458.975 38.1822 19.9841
1010101 FRAC0_S 0 1 15008.8 -44862.6 7426.41 -2.17839e+06 -280257 -1.51625e+06 312.768 9.52297 24.9518
1010101 FRAC0_S 0 1 14977.6 -44540.1 7522.57 -1.8745e+06 740673 -1.00514e+06 183.257 -25.7124 19.1122
1010101 FRAC0_S 0 1 14951.4 -44267.1 7719.01 -959563 1.8099e+06 -1.10832e+06 455.275 -50.094 19.5977
1010101 FRAC0_S 0 1 14936.1 -44068.9 7988.27 -22397.9 2.82321e+06 -1.0843e+06 866.623 -64.4488 19.0087
1010101 FRAC0_S 0 1 14928.7 -43962.8 8302.4 -227450 2.53548e+06 -356411 589.752 -67.5476 8.48134