
Step FractureNumber TipNr TipActive TipX TipY TipZ KI KII KIII G Phi Psi Extension
1010000 FRAC0_S 0 1 44523.2 -44135 8500 59289.4 93757.2 -18385.4 1.14151 -55.6294 7.98562
1010000 FRAC0_S 0 1 44279.2 -44324.7 8500 64545.7 94854.7 -212.754 1.17301 -58.4773 0.10391
1010000 FRAC0_S 0 1 44105.9 -44580.5 8500 59320.4 -58098.7 -115447 2.38699 30.5718 30.5589
1010000 FRAC0_S 0 1 44020 -44877.3 8500 54017.1 63672.8 35046 0.784635 -46.1981 -16.16
1010000 FRAC0_S 0 1 44030 -45186.2 8500 72581 221185 -78209.2 5.64247 -58.4969 14.941
1010000 FRAC0_S 0 1 44135 -45476.8 8500 66690.8 18258.7 79539.8 1.26747 -14.6778 -30.0011
1010000 FRAC0_S 0 1 44324.7 -45720.8 8500 30781.7 -156055 -22548.5 2.32216 65.459 8.01707
1010000 FRAC0_S 0 1 44580.5 -45894.1 8500 42725.6 -21517.3 38955.1 0.405753 26.1475 -24.7412
1010000 FRAC0_S 0 1 44877.3 -45980 8500 60617.5 -36975.4 49055.7 0.769322 30.8489 -22.3993
1010000 FRAC0_S 0 1 45186.2 -45970 8500 16702.2 -244602 -104055 6.79636 62.3531 19.5378
1010000 FRAC0_S 0 1 45476.8 -45865 8500 61199.4 -66736.6 19550.8 0.781462 49.0165 -9.75977
1010000 FRAC0_S 0 1 45720.8 -45675.3 8500 50291.4 -85327.2 -2454.53 0.874966 59.7845 1.37618
1010000 FRAC0_S 0 1 45894.1 -45419.5 8500 50005.4 -69969.5 -18093.3 0.702621 52.971 9.65487
1010000 FRAC0_S 0 1 45980 -45122.7 8500 51082.2 -69883.9 -32135.4 0.805063 49.3191 14.918
1010000 FRAC0_S 0 1 45970 -44813.8 8500 49645 -43807.1 -42455.5 0.630358 37.8534 21.1457
1010000 FRAC0_S 0 1 45865 -44523.2 8500 51951 -22614 -49480.7 0.611699 23.1961 25.8627
1010000 FRAC0_S 0 1 45675.3 -44279.2 8500 28412.3 214212 -147687 7.06184 -55.7508 24.7891
1010000 FRAC0_S 0 1 45419.5 -44105.9 8500 52316.8 23874.4 -52074.3 0.65535 -23.6334 26.2278
1010000 FRAC0_S 0 1 45122.7 -44020 8500 52076.3 50696.4 -44030.4 0.728529 -39.999 20.4258
1010000 FRAC0_S 0 1 44813.8 -44030 8500 54168.9 185016 -101566 4.68378 -55.3784 20.3173
Step FractureNumber TipNr TipActive TipX TipY TipZ KI KII KIII G Phi Psi Extension
1010101 FRAC0_S 0 1 44497.3 -44087.4 8416.84 451514 -85037.7 1814.57 18.8113 20.3672 -0.262524
1010101 FRAC0_S 0 1 44233.9 -44285.3 8449.46 199158 117515 101756 6.14219 -33.7974 -17.0169
1010101 FRAC0_S 0 1 44057.3 -44553.3 8504.12 -160215 71544.7 90875 1.55447 -27.603 -19.3518
1010101 FRAC0_S 0 1 43987.6 -44870.6 8491.4 212116 20069.7 47773.6 4.34877 -9.67657 -12.3494
1010101 FRAC0_S 0 1 43983.2 -45202.7 8451.03 151732 81174.1 27965.2 2.74272 -36.7855 -7.98232
1010101 FRAC0_S 0 1 44072.8 -45510.2 8488.76 71414.6 9135.01 134188 2.85675 -5.82897 -35.8554
1010101 FRAC0_S 0 1 44289.3 -45747.6 8539.15 65651.9 -13190.8 -953.882 0.399705 21.2299 0.927691
1010101 FRAC0_S 0 1 44570.6 -45923 8535.56 284716 -28016 23282.6 7.36558 11.1862 -5.24621
1010101 FRAC0_S 0 1 44874.2 -46034 8547.79 184674 -141527 32273.8 4.96246 44.3615 -6.75492
1010101 FRAC0_S 0 1 45187.9 -46014.1 8557.11 214616 -113801 -25650.5 5.34594 37.7661 5.47754
1010101 FRAC0_S 0 1 45479 -45876.4 8522.15 123774 -32439.2 -52386.2 1.82393 20.0785 17.5071
1010101 FRAC0_S 0 1 45720.8 -45675.3 8500 53911.2 -98303.5 -32918.1 1.26423 54.602 12.8257
1010101 FRAC0_S 0 1 45894.1 -45419.5 8500 53606.1 -80713 -38212.8 1.03079 50.1745 15.6568
1010101 FRAC0_S 0 1 45980 -45122.7 8500 54095.6 -76659.4 -47330.6 1.08238 47.294 18.3994
1010101 FRAC0_S 0 1 45990.2 -44802.7 8509.84 -2601.62 -51995.7 -90091.8 1.32041 41.2708 35.7731
1010101 FRAC0_S 0 1 45914.9 -44490.8 8499.02 203209 -24761.3 -85555.2 4.70785 10.6202 18.8274
1010101 FRAC0_S 0 1 45724.4 -44226.9 8458.49 108185 78936.4 -62016 2.10971 -37.3303 17.3712
1010101 FRAC0_S 0 1 45451 -44035.1 8443.23 202138 182669 -72343.3 7.31049 -44.7648 11.517
1010101 FRAC0_S 0 1 45134.5 -43947.3 8437.27 344352 109697 -7967.64 11.6473 -29.2942 1.33532
1010101 FRAC0_S 0 1 44804 -43970.8 8422.15 300600 160114 18457.9 10.3818 -38.9648 -2.95563