
Step FractureNumber TipNr TipActive TipX TipY TipZ KI KII KIII G Phi Psi Extension
1010000 FRAC0_S 0 1 268.801 -14049.6 8500 -245419 1.8898e+06 -405877 340.153 -65.4015 11.6167
1010000 FRAC0_S 0 1 -38.0465 -14013.1 8500 -266656 2.14158e+06 80400.7 409.553 -68.6386 -2.48551
1010000 FRAC0_S 0 1 -341.17 -14073.1 8500 -378627 2.31795e+06 592326 525.441 -63.8991 -12.9773
1010000 FRAC0_S 0 1 -610.898 -14223.9 8500 -1.53664e+07 1.66711e+06 964033 371.263 -12.3676 -4.08337
1010000 FRAC0_S 0 1 -820.827 -14450.7 8500 -1.03007e+07 1.15828e+06 1.28784e+06 340.135 -12.1436 -7.54366
1010000 FRAC0_S 0 1 -950.407 -14731.2 8500 -152540 808262 1.51154e+06 362.088 -38.2876 -35.3527
1010000 FRAC0_S 0 1 -986.955 -15038.1 8500 -253248 -68039.9 1.48236e+06 292.665 5.18168 -41.8153
1010000 FRAC0_S 0 1 -926.893 -15341.2 8500 -294665 -578947 1.29967e+06 254.523 32.3275 -34.8439
1010000 FRAC0_S 0 1 -776.1 -15610.9 8500 -535082 -1.58854e+06 1.31697e+06 455.542 49.7167 -25.0214
1010000 FRAC0_S 0 1 -549.337 -15820.8 8500 221244 -2.1913e+06 833082 524.557 62.6133 -17.8467
1010000 FRAC0_S 0 1 -268.801 -15950.4 8500 -187518 -1.82048e+06 321283 309.054 66.66 -10.1309
1010000 FRAC0_S 0 1 38.0465 -15986.9 8500 -260935 -2.17883e+06 -84335 423.979 68.6902 2.56928
1010000 FRAC0_S 0 1 341.17 -15926.9 8500 1.53784e+07 -1.78083e+06 -526920 21393.6 13.387 2.29455
1010000 FRAC0_S 0 1 610.898 -15776.1 8500 -3.83929e+06 -1.35987e+06 -1.17086e+06 347.116 26.697 13.2221
1010000 FRAC0_S 0 1 820.827 -15549.3 8500 2.04105e+07 -1.07526e+06 -1.00766e+06 37360.2 6.5325 3.428
1010000 FRAC0_S 0 1 941.446 -15300.5 8500 8.88379e+06 -337613 -1.43199e+06 7315.6 4.36639 9.88825
1010000 FRAC0_S 0 1 986.955 -14961.9 8500 -233422 103100 -1.46265e+06 285.481 -7.79272 41.601
1010000 FRAC0_S 0 1 926.893 -14658.8 8500 -200709 629169 -1.14507e+06 209.661 -37.4962 34.1307
1010000 FRAC0_S 0 1 776.1 -14389.1 8500 -179192 1.15602e+06 -956915 240.872 -52.8028 26.8118
1010000 FRAC0_S 0 1 549.337 -14179.2 8500 -240470 1.49278e+06 -589233 244.749 -61.0662 17.6651
Step FractureNumber TipNr TipActive TipX TipY TipZ KI KII KIII G Phi Psi Extension
1010101 FRAC0_S 0 1 280.843 -14010.4 8409.38 2.29422e+06 1.05113e+06 134353 569.883 -35.9029 -2.96242
1010101 FRAC0_S 0 1 -39.715 -13974.5 8408.25 7.65965e+06 1.43213e+07 445215 23530.9 -60.8572 -1.53549
1010101 FRAC0_S 0 1 -364.224 -14024.2 8426.46 1.72174e+06 1.11974e+06 324135 389.86 -40.7625 -7.64061
1010101 FRAC0_S 0 1 -665.216 -14161.6 8461.58 740054 1.44723e+06 854516 332.56 -50.7636 -19.3078
1010101 FRAC0_S 0 1 -895.436 -14398.9 8468.63 549541 3.26278e+06 3.37573e+06 2491.16 -49.1256 -29.3529
1010101 FRAC0_S 0 1 -1033.36 -14707.9 8466.02 205072 557383 1.25483e+06 240.852 -33.3385 -35.7503
1010101 FRAC0_S 0 1 -1075.42 -15041.9 8502.39 341290 -308790 1.64264e+06 377.748 17.5858 -38.9445
1010101 FRAC0_S 0 1 -1004.12 -15366.7 8548.07 925204 -1.00127e+06 1.27316e+06 381.2 36.9556 -25.812
1010101 FRAC0_S 0 1 -827.724 -15647.8 8573.71 1.54326e+07 5.76953e+06 4.86396e+06 27335.7 -27.5585 -13.4058
1010101 FRAC0_S 0 1 -577.527 -15859.5 8586.42 2.23791e+06 -1.01302e+06 519594 573.636 32.5608 -10.1221
1010101 FRAC0_S 0 1 -280.239 -15988.1 8591.39 2.1531e+06 -692582 3332.51 455.846 29.8966 -0.0911919
1010101 FRAC0_S 0 1 44.452 -16037.5 8575.32 1.6448e+06 -741256 -102797 291.442 35.4871 3.16535
1010101 FRAC0_S 0 1 372.136 -15999.2 8546.1 1.97704e+06 -5.04005e+06 -1.39901e+06 2872.19 58.7359 12.0541
1010101 FRAC0_S 0 1 667.569 -15847.9 8531.1 -4.52496e+06 2.25155e+06 1.40264e+06 713.409 -33.2346 -12.4057
1010101 FRAC0_S 0 1 899.91 -15601.3 8518.83 142886 -1.04917e+06 -1.06854e+06 251.764 49.8978 29.496
1010101 FRAC0_S 0 1 1043.77 -15295.2 8503.26 8011.62 -454217 -1.28245e+06 237.132 31.7037 39.5045
1010101 FRAC0_S 0 1 1079.06 -14959.9 8479.91 198592 307939 -1.5947e+06 350.193 -19.0138 40.1895
1010101 FRAC0_S 0 1 1000.75 -14634.8 8446.27 712552 857487 -1.15003e+06 286.666 -37.1777 27.079
1010101 FRAC0_S 0 1 825.194 -14353.5 8423.08 -9.70348e+06 1.03321e+07 1.38761e+06 9768.84 -51.2381 -4.9137
1010101 FRAC0_S 0 1 577.5 -14139.7 8413.6 1.85998e+06 950265 -546260 428.432 -34.025 11.8202