
Step FractureNumber TipNr TipActive TipX TipY TipZ KI KII KIII G Phi Psi Extension
1010000 FRAC0_S 0 1 -22500 29251.8 7855.26 4.13118e+06 -7.35866e+06 1.9277e+06 6840.33 55.7263 -10.5251
1010000 FRAC0_S 0 1 -22500 29487.6 7655.6 6.52779e+06 -7.84838e+06 1.20558e+06 9479.38 52.7574 -5.83741
1010000 FRAC0_S 0 1 -22500 29773.6 7538.6 8.08511e+06 -8.36787e+06 227695 12071.5 52.6154 -1.05857
1010000 FRAC0_S 0 1 -22500 30081.8 7515.7 8.64849e+06 -7.09192e+06 -1.26112e+06 11358.4 46.2187 5.60423
1010000 FRAC0_S 0 1 -22500 30382 7589.16 7.60615e+06 -5.05203e+06 -3.71164e+06 9261.94 36.5394 15.989
1010000 FRAC0_S 0 1 -22500 30644.7 7751.78 4.7233e+06 6.47588e+06 1.50706e+06 6027.09 -53.1698 -8.78716
1010000 FRAC0_S 0 1 -22500 30844.5 7987.64 1.92433e+06 4.4542e+06 -6.10668e+06 7057.68 -41.0368 30.2562
1010000 FRAC0_S 0 1 -22500 30961.5 8273.65 -5.33819e+06 1.60256e+07 603878 22933.8 -64.8784 -2.11923
1010000 FRAC0_S 0 1 -22500 30984.3 8581.81 -5.41345e+06 1.53401e+07 -1.76232e+06 21382.2 -62.8902 5.9029
1010000 FRAC0_S 0 1 -22500 30910.8 8881.97 -7.35146e+06 1.50635e+07 2.21929e+06 20875 -59.434 -6.75915
1010000 FRAC0_S 0 1 -22500 30748.2 9144.74 -1.83749e+07 2.53125e+07 1.05809e+07 71984.7 -50.0714 -13.9535
1010000 FRAC0_S 0 1 -22500 30512.4 9344.4 -1.43168e+07 1.58958e+07 1.21427e+07 42126.3 -42.6822 -19.6493
1010000 FRAC0_S 0 1 -22500 30226.4 9461.4 -1.62318e+07 1.14823e+07 1.66523e+07 48629.2 -31.5443 -24.6272
1010000 FRAC0_S 0 1 -22500 29918.2 9484.3 -1.53337e+07 3.25769e+06 1.70838e+07 39762.5 -12.2005 -29.7844
1010000 FRAC0_S 0 1 -22500 29618 9410.84 -1.47223e+07 -3.08629e+06 1.74097e+07 41160.7 11.7311 -30.4941
1010000 FRAC0_S 0 1 -22500 29355.3 9248.22 -1.1719e+07 -8.70269e+06 1.37546e+07 31910.9 31.1108 -26.0467
1010000 FRAC0_S 0 1 -22500 29155.5 9012.36 -9.07931e+06 -1.19534e+07 1.09355e+07 28637.3 42.5613 -22.8203
1010000 FRAC0_S 0 1 -22500 29038.5 8726.35 3.15303e+06 -1.8792e+06 -582129 1245.64 39.0175 7.73272
1010000 FRAC0_S 0 1 -22500 29015.7 8418.19 -2.36286e+06 -1.22594e+07 4.95722e+06 16661 60.2158 -17.633
1010000 FRAC0_S 0 1 -22500 29089.2 8118.03 996536 -9.47396e+06 2.81031e+06 9137.06 64.2485 -15.0277
Step FractureNumber TipNr TipActive TipX TipY TipZ KI KII KIII G Phi Psi Extension
1010101 FRAC0_S 0 1 -22416.2 29212.6 7819.74 8.0535e+06 1.58951e+06 3.18934e+06 7357.57 -16.2674 -17.3476
1010101 FRAC0_S 0 1 -22419.7 29457.8 7605.77 6.85952e+06 3.99547e+06 2.94829e+06 6771.51 -34.6591 -15.1548
1010101 FRAC0_S 0 1 -22422.4 29760.2 7478.87 1.29087e+07 3.79703e+06 2.56239e+06 17006.8 -24.8704 -9.7893
1010101 FRAC0_S 0 1 -22429.2 30088.9 7447.93 1.54287e+07 2.73152e+06 2.06608e+06 22444.7 -17.6301 -7.62322
1010101 FRAC0_S 0 1 -22472.2 30408.7 7523.53 1.21156e+07 -2.56873e+06 -782442 13749.6 21.3206 3.86147
1010101 FRAC0_S 0 1 -22541.5 30688.2 7700.77 5.81403e+06 -5.46712e+06 -3.53895e+06 7341.34 42.1198 16.7442
1010101 FRAC0_S 0 1 -22575.7 30905.6 7969.71 5.53275e+06 1.55973e+06 -3.66433e+06 4730.38 -18.8281 22.7414
1010101 FRAC0_S 0 1 -22584 31009.6 8259.94 9.22522e+06 1.65468e+06 -7.19587e+06 14714.5 -12.2292 25.8216
1010101 FRAC0_S 0 1 -22588.7 31029 8586.19 6.67767e+06 5.21954e+06 1.52488e+06 6710.47 -43.857 -8.43564
1010101 FRAC0_S 0 1 -22584.5 30957.8 8903.22 7.39369e+06 1.16666e+07 1.03262e+06 17141.9 -57.6892 -3.92145
1010101 FRAC0_S 0 1 -22576.8 30793.8 9186.32 -1.06463e+06 7.02996e+06 7.69395e+06 12277 -48.4582 -30.1738
1010101 FRAC0_S 0 1 -22566.1 30548.5 9407.03 846455 1.49332e+07 8.38795e+06 29293 -59.78 -23.0966
1010101 FRAC0_S 0 1 -22548.4 30243.7 9542.94 -6.27179e+06 1.58265e+07 1.47097e+07 51098.3 -47.255 -25.9011
1010101 FRAC0_S 0 1 -22518.6 29909.6 9576.31 -1.20121e+07 6.37767e+06 1.70494e+07 42285.1 -22.9275 -29.8872
1010101 FRAC0_S 0 1 -22482.2 29583.1 9496.55 -1.09657e+07 -5.99354e+06 1.66747e+07 40181.1 22.725 -30.559
1010101 FRAC0_S 0 1 -22452.1 29302.1 9312.78 -2.26158e+06 -1.53807e+07 1.15091e+07 38697.4 54.3797 -25.651
1010101 FRAC0_S 0 1 -22437.5 29091.3 9052.14 1.68307e+06 -1.49698e+07 7.21456e+06 27144.1 60.2717 -20.5623
1010101 FRAC0_S 0 1 -22429.9 28972.7 8743.78 4.78929e+06 -1.07141e+07 5.84605e+06 16818.5 52.6289 -18.8841
1010101 FRAC0_S 0 1 -22418.4 28962 8416.38 4.81648e+06 -1.70359e+06 3.32179e+06 3793.39 22.1362 -22.567
1010101 FRAC0_S 0 1 -22412.6 29046.1 8099.41 7.70414e+06 -500715 3.50865e+06 6948.67 5.85664 -20.4031