
Step FractureNumber TipNr TipActive TipX TipY TipZ KI KII KIII G Phi Psi Extension
1010000 FRAC0_S 0 1 44306.8 -14296.5 8489.7 406375 3.33781e+06 -139242 1010.07 -68.6182 2.7543
1010000 FRAC0_S 0 1 44213.3 -14452.8 8739.39 404454 3.5664e+06 580118 1192.75 -66.7237 -9.40653
1010000 FRAC0_S 0 1 44196.9 -14662.6 8965.65 259632 3.27556e+06 1.33151e+06 1197.9 -62.5175 -18.8703
1010000 FRAC0_S 0 1 44259.2 -14905.4 9146.32 192683 2.69731e+06 2.10529e+06 1241.11 -55.1862 -27.0119
1010000 FRAC0_S 0 1 44393.9 -15157.6 9263.73 226183 1.46109e+06 2.41417e+06 969.94 -40.9899 -34.4786
1010000 FRAC0_S 0 1 44587.9 -15394.3 9306.38 156528 310208 2.54886e+06 874.815 -13.6608 -42.3522
1010000 FRAC0_S 0 1 44822.3 -15592.4 9270.1 111930 -403101 1.4686e+06 302.45 25.5591 -39.6597
1010000 FRAC0_S 0 1 45074 -15732.4 9158.43 234334 -1.94776e+06 2.17431e+06 971.732 48.6013 -30.7098
1010000 FRAC0_S 0 1 45331 -15802.5 8971.47 229847 -2.81455e+06 1.61796e+06 1058.77 59.0049 -23.0939
1010000 FRAC0_S 0 1 45531.9 -15790.9 8758.98 243330 -3.20102e+06 869474 1018.89 65.3419 -14.3807
1010000 FRAC0_S 0 1 45693.2 -15703.5 8510.3 313978 -3.34037e+06 125976 1005.19 69.0519 -2.56264
1010000 FRAC0_S 0 1 45786.7 -15547.2 8260.61 277456 -2.57357e+06 -489780 628.963 66.3081 10.7259
1010000 FRAC0_S 0 1 45803.1 -15337.4 8034.35 609192 -3.01672e+06 -1.45889e+06 1127.1 58.4206 19.6627
1010000 FRAC0_S 0 1 45740.8 -15094.6 7853.68 407080 -2.20096e+06 -1.92016e+06 936.809 51.5103 27.1417
1010000 FRAC0_S 0 1 45606.1 -14842.4 7736.27 488761 -1.01848e+06 -1.94076e+06 614.672 35.246 33.4485
1010000 FRAC0_S 0 1 45412.1 -14605.7 7693.62 544021 -8733.5 -1.7348e+06 426.649 0.533475 40.1736
1010000 FRAC0_S 0 1 45177.7 -14407.6 7729.9 388822 648602 -1.38343e+06 305.506 -32.4844 33.7974
1010000 FRAC0_S 0 1 44926 -14267.6 7841.57 84923.9 674171 -809621 128.323 -47.2378 31.4661
1010000 FRAC0_S 0 1 44681.4 -14199.1 8017.69 949870 2.32631e+06 -975613 689.231 -55.644 16.1603
1010000 FRAC0_S 0 1 44468.1 -14209.1 8241.02 457641 2.96715e+06 -761774 880.366 -64.0614 13.1001
Step FractureNumber TipNr TipActive TipX TipY TipZ KI KII KIII G Phi Psi Extension
1010101 FRAC0_S 0 1 44227.1 -14322.4 8435.92 1.0599e+06 -327469 397396 130.664 23.3307 -15.7315
1010101 FRAC0_S 0 1 44129.1 -14484.1 8696.76 3.4596e+06 307210 1.13989e+06 1247.77 -8.49104 -16.3394
1010101 FRAC0_S 0 1 44108.9 -14698.6 8937.54 1.50281e+06 1.04928e+06 592854 346.104 -38.9176 -13.5311
1010101 FRAC0_S 0 1 44170.8 -14947.8 9139.06 1.99029e+06 296704 1.56233e+06 685.469 -10.3752 -26.2219
1010101 FRAC0_S 0 1 44315.6 -15206.1 9287.89 1.37779e+06 365973 1.87295e+06 647.647 -13.4498 -31.5432
1010101 FRAC0_S 0 1 44541.9 -15440.2 9368.16 1.03591e+06 -6784.18 2.22991e+06 756.97 0.289922 -37.8267
1010101 FRAC0_S 0 1 44825.1 -15621.5 9355.99 1.29537e+06 -723815 2.0695e+06 765.828 22.5903 -31.0257
1010101 FRAC0_S 0 1 45116.9 -15740.7 9244.59 2.68166e+06 -1.08677e+06 1.89434e+06 1223.33 24.29 -22.4
1010101 FRAC0_S 0 1 45382.4 -15793.7 9057.33 2.86234e+06 -842072 979030 920.746 22.9088 -14.8631
1010101 FRAC0_S 0 1 45605.7 -15772.3 8822.92 2.82343e+06 -454418 204080 734.305 17.0788 -4.45831
1010101 FRAC0_S 0 1 45772.7 -15676.9 8564.08 2.54236e+06 -241502 -351174 597.57 10.3693 8.32317
1010101 FRAC0_S 0 1 45871.7 -15517 8301.87 2.45564e+06 -250284 -757376 619.22 9.75186 15.4794
1010101 FRAC0_S 0 1 45893.1 -15304.3 8058.5 1.515e+06 -148302 -852878 303.232 8.00834 22.6472
1010101 FRAC0_S 0 1 45830.6 -15055.5 7854.58 1.38613e+06 -193447 -1.14216e+06 348.051 9.59684 26.9209
1010101 FRAC0_S 0 1 45681.4 -14799.3 7702.2 1.31247e+06 -55314.6 -1.6022e+06 495.19 2.58315 32.4745
1010101 FRAC0_S 0 1 45450.1 -14569.1 7621.42 1.21319e+06 199482 -1.70663e+06 522.075 -8.66684 32.7971
1010101 FRAC0_S 0 1 45168.5 -14385.8 7639.33 1.86871e+06 762629 -2.15312e+06 979.584 -20.5371 28.4186
1010101 FRAC0_S 0 1 44881.8 -14259.1 7754.75 1.30751e+06 443036 -864237 269.17 -21.7113 22.1755
1010101 FRAC0_S 0 1 44617.7 -14202.3 7942.32 1.99024e+06 409604 -471065 397.433 -18.5494 11.91
1010101 FRAC0_S 0 1 44394 -14224.9 8176.99 2.73166e+06 310204 -44463.5 673.772 -13.3641 1.11687