
Step FractureNumber TipNr TipActive TipX TipY TipZ KI KII KIII G Phi Psi Extension
1010000 FRAC0_S 0 1 14635.6 805.231 8059.1 -4.36529e+06 6.34918e+06 4.56902e+06 6368.71 -46.0792 -20.3689
1010000 FRAC0_S 0 1 14431.2 779.483 8289.33 1.32843e+06 -203249 741433 234.049 11.9584 -21.9308
1010000 FRAC0_S 0 1 14282.4 677.432 8540.2 8.40753e+06 -5.18644e+06 -3.36074e+06 10198 36.2757 14.1645
1010000 FRAC0_S 0 1 14203.8 509.071 8787.13 -1.36432e+06 -242846 -849670 101.273 13.1544 23.0285
1010000 FRAC0_S 0 1 14203.2 290.878 9005.95 -2.65284e+06 693194 -1.40883e+06 306.797 -18.9223 20.2138
1010000 FRAC0_S 0 1 14280.5 44.2111 9175.24 -3.5544e+06 2.09401e+06 -1.3435e+06 630.8 -35.65 13.7694
1010000 FRAC0_S 0 1 14428.3 -206.783 9278.45 -3.93529e+06 2.76524e+06 -848609 777.162 -41.8896 8.35109
1010000 FRAC0_S 0 1 14632.1 -437.535 9305.44 -3.55398e+06 2.51277e+06 -113308 564.351 -45.3508 1.41899
1010000 FRAC0_S 0 1 14871.9 -625.459 9253.59 -3.68084e+06 2.4947e+06 498471 587.623 -42.5505 -5.64162
1010000 FRAC0_S 0 1 15124.2 -752.158 9127.99 -3.06051e+06 2.0725e+06 904155 491.478 -39.8113 -10.9415
1010000 FRAC0_S 0 1 15358.8 -804.889 8946.14 -2.12828e+06 934971 862969 176.944 -29.3693 -15.5499
1010000 FRAC0_S 0 1 15568.8 -779.483 8710.67 -1.02244e+06 237381 467904 34.1395 -17.9139 -18.7037
1010000 FRAC0_S 0 1 15717.6 -677.432 8459.8 405258 92454 -280553 25.865 -15.6435 23.8295
1010000 FRAC0_S 0 1 15796.2 -509.071 8212.87 1.27985e+07 6.60499e+06 3.61968e+06 20226.5 -34.4026 -11.4474
1010000 FRAC0_S 0 1 15796.8 -290.878 7994.05 3.01267e+06 1.55675e+06 -1.22313e+06 1223.71 -32.5692 14.9988
1010000 FRAC0_S 0 1 15719.5 -44.2111 7824.76 1.18098e+07 7.26618e+06 2.75385e+06 18141.6 -38.8443 -9.31461
1010000 FRAC0_S 0 1 15571.7 206.783 7721.55 -7.54515e+06 9.76033e+06 -5.60247e+06 12663.5 -46.9421 17.1022
1010000 FRAC0_S 0 1 15367.9 437.535 7694.56 4.25324e+06 3.17016e+06 248016 2515.73 -45.9002 -2.48724
1010000 FRAC0_S 0 1 15128.1 625.459 7746.41 4.14865e+06 2.8603e+06 945501 2381.64 -41.2908 -8.80517
1010000 FRAC0_S 0 1 14875.8 752.158 7872.01 3.93145e+06 2.09308e+06 1.52289e+06 2076.15 -33.4417 -14.395
Step FractureNumber TipNr TipActive TipX TipY TipZ KI KII KIII G Phi Psi Extension
1010101 FRAC0_S 0 1 14580.4 842.939 7999.38 3.42269e+06 -482390 1.12883e+06 1234.12 12.7731 -15.8317
1010101 FRAC0_S 0 1 14386 850.172 8276.11 1.3608e+06 -114442 330740 180.729 8.59047 -13.1778
1010101 FRAC0_S 0 1 14242.7 760.284 8567.05 -3.09028e+06 664413 -715200 107.368 -19.2633 11.6355
1010101 FRAC0_S 0 1 14141.3 565.383 8824.64 -1.4515e+06 3.27927e+06 -3.03377e+06 2182.35 -46.6416 25.4384
1010101 FRAC0_S 0 1 14116.1 303.774 9036.66 2.59452e+06 -1.87372e+06 -3.54202e+06 2581.3 28.9179 28.038
1010101 FRAC0_S 0 1 14189.9 17.955 9198.66 380644 6.25904e+06 -1.89192e+06 3979.9 -65.0333 15.674
1010101 FRAC0_S 0 1 14347.5 -259.405 9298.04 -999778 4.21032e+06 -882149 1683.13 -63.3204 10.6024
1010101 FRAC0_S 0 1 14565.9 -508.596 9322.88 -694666 4.46559e+06 -122190 1778.97 -68.3261 1.78659
1010101 FRAC0_S 0 1 14823.9 -710.223 9269.21 -735281 3.95423e+06 537125 1431.69 -65.8514 -7.6673
1010101 FRAC0_S 0 1 15099.3 -846.155 9140.86 -3.09936e+06 3.25644e+06 1.61432e+06 1291.56 -45.5156 -14.4448
1010101 FRAC0_S 0 1 15368.7 -901.993 8949.8 -965625 1.22449e+06 791517 216.934 -45.689 -18.3807
1010101 FRAC0_S 0 1 15601.9 -871.153 8709.7 -674510 436230 439379 42.6335 -33.8547 -19.4577
1010101 FRAC0_S 0 1 15757.8 -766.357 8448.34 267239 -449522 -300062 36.3453 48.2112 20.1439
1010101 FRAC0_S 0 1 15835.9 -581.023 8161.14 9.60472e+06 537346 1.33613e+06 8483.63 -6.40061 -8.63253
1010101 FRAC0_S 0 1 15828.9 -347.539 7920.41 3.36821e+06 -258278 -845392 1111.94 7.85233 13.5662
1010101 FRAC0_S 0 1 15738.3 -85.0079 7737.46 1.33742e+07 152042 2.07197e+06 16512.1 -1.35798 -9.77874
1010101 FRAC0_S 0 1 15571.6 180.255 7626.64 6.66412e+06 -440510 -434706 3999.84 7.94098 4.38765
1010101 FRAC0_S 0 1 15352.4 427.617 7597.6 5.52366e+06 -736741 47273.9 2767.48 15.3971 -0.58273
1010101 FRAC0_S 0 1 15099.5 635.475 7652.92 6.86986e+06 -303165 802507 4299.39 5.22052 -7.51434
1010101 FRAC0_S 0 1 14830.8 774.135 7787.59 7.3585e+06 1.54509e+06 5.23693e+06 8685.41 -14.4616 -24.361