
Step FractureNumber TipNr TipActive TipX TipY TipZ KI KII KIII G Phi Psi Extension
1010000 FRAC0_S 0 1 44337.7 -29270.4 8432.65 2.10692e+06 -2.19297e+06 1.30167e+06 1049.46 44.0803 -16.3434
1010000 FRAC0_S 0 1 44227.9 -29412.2 8684.28 2.13317e+06 -2.84863e+06 807415 1215.29 51.9397 -10.2367
1010000 FRAC0_S 0 1 44193.7 -29611.7 8917.88 2.14643e+06 -3.0699e+06 170288 1254.2 57.0517 -2.43284
1010000 FRAC0_S 0 1 44238.4 -29849 9110.57 2.11158e+06 -3.03655e+06 -497116 1251.84 55.0522 6.61272
1010000 FRAC0_S 0 1 44357.7 -30101.2 9243.49 2.16497e+06 -2.7902e+06 -1.1658e+06 1292.17 49.2725 13.6588
1010000 FRAC0_S 0 1 44539.9 -30343.5 9303.63 2.10769e+06 -1.98328e+06 -1.62186e+06 1096.21 40.1662 19.4843
1010000 FRAC0_S 0 1 44767.1 -30552.1 9285.1 2.21931e+06 -1.24984e+06 -2.12957e+06 1181.26 27.7647 24.8943
1010000 FRAC0_S 0 1 45017 -30706.8 9189.73 1.54509e+06 -142309 -1.50629e+06 516.302 6.09935 29.4476
1010000 FRAC0_S 0 1 45265.3 -30792.2 9026.84 2.15814e+06 765512 -2.04725e+06 1024.69 -19.8997 26.5267
1010000 FRAC0_S 0 1 45487.7 -30800.1 8812.38 2.28035e+06 1.77466e+06 -1.88757e+06 1217.88 -35.5661 21.4461
1010000 FRAC0_S 0 1 45662.3 -30729.6 8567.35 1.61473e+06 1.75426e+06 -1.01176e+06 642.715 -44.8376 16.2543
1010000 FRAC0_S 0 1 45772.1 -30587.8 8315.72 2.0968e+06 2.7905e+06 -752904 1161.06 -52.1307 9.8241
1010000 FRAC0_S 0 1 45806.3 -30388.3 8082.12 2.11491e+06 2.99015e+06 -141303 1197.96 -57.0538 2.07688
1010000 FRAC0_S 0 1 45761.6 -30151 7889.43 2.17309e+06 2.99898e+06 467118 1251.27 -54.6559 -6.23463
1010000 FRAC0_S 0 1 45642.3 -29898.8 7756.51 2.29984e+06 2.86691e+06 1.17965e+06 1388.81 -48.9587 -13.3582
1010000 FRAC0_S 0 1 45460.1 -29656.5 7696.37 2.12562e+06 1.95784e+06 1.54811e+06 1062.94 -40.2112 -18.9483
1010000 FRAC0_S 0 1 45232.9 -29447.9 7714.9 2.32653e+06 1.31172e+06 2.09126e+06 1217.31 -28.3828 -24.0735
1010000 FRAC0_S 0 1 44983 -29293.2 7810.27 1.53025e+06 179119 1.45567e+06 493.35 -7.69881 -28.8935
1010000 FRAC0_S 0 1 44734.7 -29207.8 7973.16 2.14216e+06 -696315 2.00606e+06 987.345 18.6764 -26.6403
1010000 FRAC0_S 0 1 44512.3 -29199.9 8187.62 2.11745e+06 -1.54066e+06 1.7458e+06 1016.41 34.2243 -21.7547
Step FractureNumber TipNr TipActive TipX TipY TipZ KI KII KIII G Phi Psi Extension
1010101 FRAC0_S 0 1 44315.5 -29191.1 8496.46 3.69781e+06 -222864 1.48153e+06 1514.82 5.65646 -18.9092
1010101 FRAC0_S 0 1 44225.6 -29330.4 8739.45 3.04911e+06 -279171 589147 881.569 9.62145 -10.9841
1010101 FRAC0_S 0 1 44195.8 -29542.1 8988.53 4.77133e+06 -409798 -4104.31 2043.61 10.6272 0.0617194
1010101 FRAC0_S 0 1 44241.3 -29794.2 9193.01 4.34225e+06 -165739 -626669 1734.86 4.44605 9.0281
1010101 FRAC0_S 0 1 44359.6 -30066 9335.45 3.78635e+06 -55213.7 -716854 1346.14 1.68548 11.4501
1010101 FRAC0_S 0 1 44542.5 -30334.5 9400.86 3.55281e+06 -233367 -1.80502e+06 1562.97 5.72143 21.7416
1010101 FRAC0_S 0 1 44772.5 -30577 9377.47 2.02396e+06 62795.5 -1.47214e+06 653.619 -2.44846 26.6182
1010101 FRAC0_S 0 1 45023.9 -30768.7 9259.46 2.77221e+06 85457.3 -2.16552e+06 1309.17 -2.3615 27.4931
1010101 FRAC0_S 0 1 45271.8 -30880.9 9059.03 2.35416e+06 142905 -1.73971e+06 898.209 -4.64252 26.4644
1010101 FRAC0_S 0 1 45494.1 -30896.9 8807.12 3.2382e+06 323507 -1.89696e+06 1422.32 -8.05122 23.1208
1010101 FRAC0_S 0 1 45668 -30821.5 8533.19 3.45044e+06 235086 -1.32605e+06 1299.69 -6.41318 18.3282
1010101 FRAC0_S 0 1 45774 -30669.5 8260.36 4.04747e+06 91913.2 -779987 1541.47 -2.59131 11.5376
1010101 FRAC0_S 0 1 45804.2 -30457.8 8011.42 4.0604e+06 -19796.3 -54294.2 1469.57 0.668727 1.01861
1010101 FRAC0_S 0 1 45759 -30205.6 7806.9 4.49803e+06 264176 793887 1892.94 -6.49835 -10.4714
1010101 FRAC0_S 0 1 45640.8 -29933.9 7664.46 3.54034e+06 169111 1.17823e+06 1304.09 -4.76013 -16.8851
1010101 FRAC0_S 0 1 45457.4 -29665.6 7599.08 3.19385e+06 125042 1.66973e+06 1281.18 -3.46518 -22.4102
1010101 FRAC0_S 0 1 45226.8 -29423.8 7622.11 2.71828e+06 80057 1.88964e+06 1133.92 -2.37038 -26.0787
1010101 FRAC0_S 0 1 44974.9 -29232.6 7739.44 2.58383e+06 -131203 2.27492e+06 1284.76 3.63267 -28.7014
1010101 FRAC0_S 0 1 44726.8 -29119.9 7939.48 2.73346e+06 -165932 2.05452e+06 1229.67 4.61078 -26.6728
1010101 FRAC0_S 0 1 44504.4 -29103.3 8191.58 2.88235e+06 -88501.1 1.82182e+06 1182.45 2.56136 -24.8815