
Step FractureNumber TipNr TipActive TipX TipY TipZ KI KII KIII G Phi Psi Extension
1010000 FRAC0_S 0 1 -15000 15987.2 8471.27 2.12525e+06 7.12541e+06 -1.99468e+06 5455.9 -60.6042 12.7972
1010000 FRAC0_S 0 1 -15000 15947.8 8777.76 6.44023e+06 8.48707e+06 -210854 10120.5 -56.4875 1.08003
1010000 FRAC0_S 0 1 -15000 15815.6 9057.06 1.0234e+07 7.92774e+06 1.84325e+06 15385.3 -44.4872 -6.90673
1010000 FRAC0_S 0 1 -15000 15603.5 9281.83 1.11968e+07 6.13719e+06 3.29363e+06 15970.7 -35.4568 -11.613
1010000 FRAC0_S 0 1 -15000 15332.4 9430.08 1.63471e+07 5.73263e+06 5.66471e+06 31008.9 -25.9387 -14.55
1010000 FRAC0_S 0 1 -15000 15028.7 9487.27 1.73518e+07 2.83459e+06 6.91911e+06 33913 -13.8751 -17.7604
1010000 FRAC0_S 0 1 -15000 14722.2 9447.82 1.38549e+07 -477567 5.49432e+06 21140.8 3.33155 -19.0808
1010000 FRAC0_S 0 1 -15000 14442.9 9315.6 1.74742e+07 -3.74225e+06 7.60651e+06 36152.6 16.997 -18.2863
1010000 FRAC0_S 0 1 -15000 14218.2 9103.54 1.20674e+07 -5.36895e+06 5.25946e+06 19224 29.2013 -16.3033
1010000 FRAC0_S 0 1 -15000 14070 8832.4 3.52674e+07 1.42123e+07 -9.56291e+06 140996 -29.6438 11.7677
1010000 FRAC0_S 0 1 -15000 14012.8 8528.73 3.42351e+06 -6.87266e+06 2.56644e+06 6129.4 54.8195 -14.2494
1010000 FRAC0_S 0 1 -15000 14052.2 8222.24 6.83768e+06 3.81623e+06 -5.79569e+06 9931.48 -28.7118 23.3852
1010000 FRAC0_S 0 1 -15000 14184.4 7942.94 1.64608e+07 8.83268e+06 8.31427e+06 40291 -31.9593 -17.2768
1010000 FRAC0_S 0 1 -15000 14396.5 7718.17 -8.25717e+06 -5.25233e+06 -1.43301e+06 2731.39 40.5616 7.1768
1010000 FRAC0_S 0 1 -15000 14675.1 7567.23 -1.06119e+07 -4.04817e+06 -2.32244e+06 2177.68 29.3946 10.0497
1010000 FRAC0_S 0 1 -15000 14971.3 7512.73 -1.23008e+07 -2.98869e+06 -3.51517e+06 2439.35 20.4825 13.4274
1010000 FRAC0_S 0 1 -15000 15277.8 7552.18 -3.49566e+07 1.67374e+07 -1.56638e+07 57595.4 -30.4657 16.354
1010000 FRAC0_S 0 1 -15000 15557.1 7684.4 -8.81316e+06 884828 -3.5667e+06 1761.7 -9.0273 18.5872
1010000 FRAC0_S 0 1 -15000 15781.8 7896.46 -5.55092e+06 2.02999e+06 -2.64308e+06 1296.33 -25.0377 17.9589
1010000 FRAC0_S 0 1 -15000 15930 8167.6 -1.852e+06 4.85397e+06 -3.01917e+06 3311.87 -52.4381 21.0346
Step FractureNumber TipNr TipActive TipX TipY TipZ KI KII KIII G Phi Psi Extension
1010101 FRAC0_S 0 1 -15084.2 16039.4 8469.31 7.70047e+06 -127188 -1.25371e+07 26190.1 0.871642 35.512
1010101 FRAC0_S 0 1 -15081 16001.3 8795.23 1.00556e+07 -2.14461e+06 -276949 9430.35 21.9956 1.71507
1010101 FRAC0_S 0 1 -15070.3 15870.8 9097.19 1.62281e+07 -3.08251e+06 813438 24402 19.8021 -3.09893
1010101 FRAC0_S 0 1 -15057.5 15650.7 9345.31 3.39547e+06 2.47337e+07 1.99337e+07 108389 -53.5078 -26.6736
1010101 FRAC0_S 0 1 -15042.4 15360.7 9512.8 1.99244e+07 -2.84017e+06 5.67426e+06 40376.2 13.2835 -14.2492
1010101 FRAC0_S 0 1 -15021.5 15030.7 9580.91 4.74497e+07 2.01199e+07 -1.07253e+07 252000 -31.3541 10.0656
1010101 FRAC0_S 0 1 -14995.8 14695.4 9539.73 2.07651e+07 485704 6.67005e+06 44361.4 -2.41422 -16.7503
1010101 FRAC0_S 0 1 -14971.7 14391.7 9392.38 1.79668e+07 1.76904e+06 6.17773e+06 34120.1 -9.23112 -16.7195
1010101 FRAC0_S 0 1 -14980.7 14149.6 9157.27 1.59911e+07 -3.77574e+06 5.66233e+06 28321.3 19.2441 -15.7321
1010101 FRAC0_S 0 1 -14992.1 13997.3 8860.78 1.0495e+07 -4.90267e+06 3.50195e+06 13588 31.6063 -13.3198
1010101 FRAC0_S 0 1 -14983.6 13942.4 8530.71 5.52636e+06 -5.87432e+06 2.36961e+06 6543.25 46.9844 -12.4452
1010101 FRAC0_S 0 1 -15016.9 13978.2 8198.36 -2.14797e+06 -6.99429e+06 592071 4405.89 64.4537 -4.62212
1010101 FRAC0_S 0 1 -15023.1 14113.7 7902.06 568321 -9.45614e+06 8.30261e+06 17165 53.5998 -28.5633
1010101 FRAC0_S 0 1 -14968.5 14348.4 7655.62 -7.23876e+06 -8.92146e+06 -754546 7168.21 54.3678 3.41381
1010101 FRAC0_S 0 1 -14950.5 14640.7 7490.46 -7.76413e+06 -8.58667e+06 -1.30297e+06 6795.95 51.5345 5.57719
1010101 FRAC0_S 0 1 -14982.9 14968.7 7424.72 -9.20637e+06 -2.42439e+06 -857905 621.645 24.5398 5.20246
1010101 FRAC0_S 0 1 -15020.5 15303.2 7467.01 -1.10151e+07 1.14745e+06 -2.88847e+06 1226.98 -10.2664 13.7537
1010101 FRAC0_S 0 1 -15031.1 15609 7609.1 -8.64203e+06 3.1695e+06 -2.73817e+06 1892.35 -27.1757 13.5104
1010101 FRAC0_S 0 1 -15044.9 15846 7843.26 -8.56765e+06 1.00559e+07 -9.48857e+06 20985.3 -41.1222 22.5675
1010101 FRAC0_S 0 1 -15072 15989 8143.14 1.68404e+06 2.64689e+06 -1.99192e+06 1404.73 -46.3401 21.2976