
Step FractureNumber TipNr TipActive TipX TipY TipZ KI KII KIII G Phi Psi Extension
1010000 FRAC0_S 0 1 -45000 44049 8233.09 -2.06149e+06 20678.8 -44419.2 0.300522 -1.35473 1.61483
1010000 FRAC0_S 0 1 -45000 44178.1 7952.3 -2.01301e+06 -11721.3 -34105 0.166942 0.794773 1.28303
1010000 FRAC0_S 0 1 -45000 44387.6 7725.12 -1.92565e+06 -523605 -457178 52.2292 22.9497 11.4528
1010000 FRAC0_S 0 1 -45000 44657 7573.79 -1.60192e+06 21939.9 -28399.5 0.150163 -1.84668 1.33094
1010000 FRAC0_S 0 1 -45000 44960 7513.12 -1.83013e+06 104304 -556509 42.1598 -5.73953 15.7791
1010000 FRAC0_S 0 1 -45000 45266.9 7549.06 -1.78937e+06 77945.2 -19520.7 0.592065 -5.66396 0.803436
1010000 FRAC0_S 0 1 -45000 45547.7 7678.08 -1.97256e+06 67125.5 -9775.76 0.414225 -4.5103 0.371303
1010000 FRAC0_S 0 1 -45000 45774.9 7887.55 -1.9558e+06 66117.8 -2980.43 0.390732 -4.49672 0.114736
1010000 FRAC0_S 0 1 -45000 45926.2 8156.97 -2.32144e+06 59146.6 -4367.38 0.314272 -3.42893 0.142725
1010000 FRAC0_S 0 1 -45000 45986.8 8459.98 -1.98251e+06 54338.7 21141.8 0.322562 -3.64772 -0.797815
1010000 FRAC0_S 0 1 -45000 45951 8766.91 -2.07574e+06 22700.1 23099.9 0.116888 -1.48997 -0.845375
1010000 FRAC0_S 0 1 -45000 45821.9 9047.7 -2.04235e+06 22455.9 28170 0.150477 -1.49402 -1.04385
1010000 FRAC0_S 0 1 -45000 45612.4 9274.88 -2.0511e+06 17100.4 32375.4 0.165464 -1.13508 -1.19434
1010000 FRAC0_S 0 1 -45000 45343 9426.21 -2.06743e+06 -23092.6 9457.2 0.0594148 1.53105 -0.350601
1010000 FRAC0_S 0 1 -45000 45040 9486.88 -1.76568e+06 -614.27 28339.1 0.106846 0.0479112 -1.22347
1010000 FRAC0_S 0 1 -45000 44733.1 9450.94 -1.93203e+06 -317610 771816 88.2172 13.9431 -17.7714
1010000 FRAC0_S 0 1 -45000 44452.3 9321.92 -2.04399e+06 -41445.3 11247.9 0.169892 2.74005 -0.417492
1010000 FRAC0_S 0 1 -45000 44225.1 9112.45 -2.04627e+06 -35156.5 4189.79 0.112473 2.34004 -0.156561
1010000 FRAC0_S 0 1 -45000 44073.8 8843.03 -2.12191e+06 16833.4 -13148.8 0.0482451 -1.09088 0.475377
1010000 FRAC0_S 0 1 -45000 44013.2 8540.02 -2.00623e+06 -10845 -23220.8 0.0821952 0.742181 0.883454
Step FractureNumber TipNr TipActive TipX TipY TipZ KI KII KIII G Phi Psi Extension
1010101 FRAC0_S 0 1 -45000 44049 8233.09 -2.31891e+06 84658.2 -57978.7 1.08574 -4.73212 1.81888
1010101 FRAC0_S 0 1 -44990.2 44163.8 7934.24 -1.17669e+06 -482942 -127712 22.9527 32.7176 5.4049
1010101 FRAC0_S 0 1 -44980.5 44359 7689 -1.96918e+06 -953513 -121163 82.9702 36.987 3.05257
1010101 FRAC0_S 0 1 -44992.7 44641.7 7530.88 -2.07685e+06 -285389 -200579 12.6086 14.722 5.90255
1010101 FRAC0_S 0 1 -45005 44958 7463.42 -2.01584e+06 240756 -28461.8 5.27288 -13.9735 0.966416
1010101 FRAC0_S 0 1 -45002.5 45265.9 7524.21 -2.13863e+06 224131 -83139.7 5.39572 -12.2411 2.6132
1010101 FRAC0_S 0 1 -45000 45547.7 7678.08 -2.16673e+06 62368.2 -9821.73 0.35945 -3.84557 0.341536
1010101 FRAC0_S 0 1 -45000 45774.9 7887.55 -2.35703e+06 91406.9 -12088.9 0.76397 -5.10431 0.382428
1010101 FRAC0_S 0 1 -45000 45926.2 8156.97 -2.23717e+06 43213 14628.5 0.194862 -2.61126 -0.495834
1010101 FRAC0_S 0 1 -45000 45986.8 8459.98 -2.15543e+06 40452 21563.1 0.207657 -2.53067 -0.755373
1010101 FRAC0_S 0 1 -45000 45951 8766.91 -2.33605e+06 38769 29560.6 0.250154 -2.23921 -0.953982
1010101 FRAC0_S 0 1 -45000 45821.9 9047.7 -1.62691e+06 31323.8 25003.2 0.170579 -2.58105 -1.15135
1010101 FRAC0_S 0 1 -45000 45612.4 9274.88 -2.21974e+06 38934.1 24953 0.217892 -2.36654 -0.848359
1010101 FRAC0_S 0 1 -45000 45343 9426.21 -2.27792e+06 5357.67 33606 0.152763 -0.323368 -1.12443
1010101 FRAC0_S 0 1 -44995.9 45086 9500.66 -1.77033e+06 -685354 241564 49.6168 31.0536 -6.72095
1010101 FRAC0_S 0 1 -44988 44720 9497.67 -2.07672e+06 -532363 45011.3 25.5242 25.2652 -1.31333
1010101 FRAC0_S 0 1 -44994 44445.8 9345.29 -2.05684e+06 -521182 116518 26.0107 24.4602 -3.3112
1010101 FRAC0_S 0 1 -45000 44225.1 9112.45 -2.141e+06 1.24301e+06 -685921 200.257 -36.2285 12.2083
1010101 FRAC0_S 0 1 -45000 44073.8 8843.03 -2.23381e+06 254187 -180048 10.069 -12.7026 5.11341
1010101 FRAC0_S 0 1 -45000 44013.2 8540.02 -1.83806e+06 -44694.9 -23584.8 0.251989 3.24388 0.959947