
Step FractureNumber TipNr TipActive TipX TipY TipZ KI KII KIII G Phi Psi Extension
1010000 FRAC0_S 0 1 29401.8 -14232.6 8330.75 5.11274e+06 -5.9553e+06 -1.34544e+06 5730.45 51.0534 8.0664
1010000 FRAC0_S 0 1 29263.9 -14346.6 8582.7 4.6982e+06 -6.6508e+06 -2.02465e+06 6453.75 52.3109 11.0521
1010000 FRAC0_S 0 1 29198.1 -14524.7 8826.54 6.19669e+06 -8.47232e+06 -4.49811e+06 12509.1 48.2063 16.4875
1010000 FRAC0_S 0 1 29210.9 -14749.3 9038.42 6.23306e+06 -7.28578e+06 -6.30975e+06 13487.3 41.9906 21.4791
1010000 FRAC0_S 0 1 29300.8 -14998.4 9197.59 6.47394e+06 -5.09341e+06 -8.09948e+06 14771.6 31.5627 26.526
1010000 FRAC0_S 0 1 29459.2 -15247.7 9288.48 7.11331e+06 -1.7123e+06 -9.59559e+06 17016.2 12.4086 31.676
1010000 FRAC0_S 0 1 29670.5 -15472.7 9302.19 6.13342e+06 1.62364e+06 -7.89555e+06 11878.3 -13.769 30.9484
1010000 FRAC0_S 0 1 29914.1 -15651.5 9237.38 1.99874e+07 2.04924e+07 1.71337e+06 73410.6 -51.4833 -3.11299
1010000 FRAC0_S 0 1 30166.1 -15766.5 9100.38 7.49931e+06 9.04477e+06 -6.29699e+06 17575.1 -44.4618 18.9955
1010000 FRAC0_S 0 1 30401.9 -15806.4 8904.62 7.28359e+06 1.08873e+07 -3.5617e+06 16977 -52.5675 11.8969
1010000 FRAC0_S 0 1 30598.2 -15767.4 8669.25 4.97518e+06 7.83322e+06 -664408 7732.13 -57.7347 3.7663
1010000 FRAC0_S 0 1 30736.1 -15653.4 8417.3 6.17481e+06 8.34375e+06 2.25495e+06 10277.6 -52.3201 -9.88956
1010000 FRAC0_S 0 1 30801.9 -15475.3 8173.46 4.75032e+06 4.33627e+06 3.35002e+06 5178.98 -40.3038 -18.6162
1010000 FRAC0_S 0 1 30789.1 -15250.7 7961.58 4.60757e+06 764103 3.96973e+06 4039.72 -10.9833 -27.1874
1010000 FRAC0_S 0 1 30699.2 -15001.6 7802.41 4.76994e+06 -2.02245e+06 3.42724e+06 3954.16 24.9644 -22.4466
1010000 FRAC0_S 0 1 30540.8 -14752.3 7711.52 4.28566e+06 -4.04969e+06 1.73522e+06 3498.54 44.9787 -12.4601
1010000 FRAC0_S 0 1 30329.5 -14527.3 7697.81 4.15428e+06 -4.40054e+06 494507 3295.98 51.5267 -4.16383
1010000 FRAC0_S 0 1 30085.9 -14348.5 7762.62 4.89279e+06 -4.82789e+06 -12641.6 4210.28 52.22 0.101251
1010000 FRAC0_S 0 1 29833.9 -14233.5 7899.62 5.67509e+06 -5.53641e+06 -132028 5603.63 51.6548 0.903376
1010000 FRAC0_S 0 1 29598.1 -14193.6 8095.38 -1.79436e+07 1.1697e+07 1.36431e+07 36947.7 -32.7215 -21.3071
Step FractureNumber TipNr TipActive TipX TipY TipZ KI KII KIII G Phi Psi Extension
1010101 FRAC0_S 0 1 29388.9 -14154.7 8344.11 1.0094e+07 -2.18805e+06 -4.16301e+06 11811 17.388 17.6307
1010101 FRAC0_S 0 1 29263 -14261.3 8632.9 9.39528e+06 1.0346e+06 -3.11412e+06 9251.04 -10.2859 16.1897
1010101 FRAC0_S 0 1 29187.4 -14451.2 8891.57 7.00619e+06 -253311 -3.08073e+06 5642.12 3.38766 20.3098
1010101 FRAC0_S 0 1 29190.2 -14694.1 9116.86 7.73914e+06 -384187 -5.84152e+06 9888.73 3.79857 26.8533
1010101 FRAC0_S 0 1 29270.3 -14971.8 9285.17 9.10642e+06 -699376 -8.12235e+06 16207.5 5.35487 28.5645
1010101 FRAC0_S 0 1 29408 -15242.7 9369.94 8.92023e+06 -225378 -9.35327e+06 18730.4 1.69528 31.0015
1010101 FRAC0_S 0 1 29624.5 -15527.4 9357.69 7.90694e+06 -89101.6 -7.45053e+06 12954.7 0.805243 29.9451
1010101 FRAC0_S 0 1 29870.1 -15733.6 9255.06 1.13414e+07 295320 -8.15762e+06 20320.4 -2.07314 26.5405
1010101 FRAC0_S 0 1 30133.9 -15859.8 9096.94 1.26695e+07 851027 -6.36772e+06 19761 -5.86249 21.5908
1010101 FRAC0_S 0 1 30380 -15900.7 8884.96 1.46457e+07 1.05294e+06 -2.82319e+06 20272.5 -7.73262 11.1225
1010101 FRAC0_S 0 1 30584.7 -15858 8631.47 8.34125e+06 -3.5054e+06 2.98876e+06 8482.97 29.1719 -14.3746
1010101 FRAC0_S 0 1 30738.1 -15737.5 8366.34 9.35679e+06 8.03934e+06 -4.62724e+06 16408.5 -41.7775 14.9315
1010101 FRAC0_S 0 1 30831 -15542.8 8113.34 3.88981e+06 -1.5326e+06 2.13887e+06 2166.04 25.5009 -19.4234
1010101 FRAC0_S 0 1 30851.1 -15281.2 7903.76 9.06716e+06 9.37474e+06 6.19614e+06 20263.7 -43.1353 -17.5289
1010101 FRAC0_S 0 1 30780.2 -14983.9 7762.53 43206.9 7.85504e+06 5.4417e+06 9436.8 -58.1661 -26.3269
1010101 FRAC0_S 0 1 30619.2 -14698.2 7692.44 6.06109e+06 127990 1.02711e+06 3415.38 -2.4611 -10.4335
1010101 FRAC0_S 0 1 30395.1 -14453.6 7691.2 6.00132e+06 1.06723e+06 103867 3312.3 -19.2817 -1.12263
1010101 FRAC0_S 0 1 30136.6 -14263.4 7763.13 8.28373e+06 1.0699e+06 527941 6253.82 -14.3375 -4.07309
1010101 FRAC0_S 0 1 29847.7 -14156 7886.96 8.01877e+06 -1.29531e+06 563561 5921.58 17.1552 -4.34281
1010101 FRAC0_S 0 1 29575.8 -14128 8072.98 5.33477e+06 5.69345e+06 -1.12096e+07 22136.7 -31.2551 30.933