
Step FractureNumber TipNr TipActive TipX TipY TipZ KI KII KIII G Phi Psi Extension
1010000 FRAC0_S 0 1 -29032.6 44801 8500 30847.8 -588512 -489058 62.7584 54.5993 27.991
1010000 FRAC0_S 0 1 -29018.4 45109.8 8500 -65900.4 -425746 -601510 64.2733 43.9073 32.9279
1010000 FRAC0_S 0 1 -29100.4 45407.7 8500 -66984.1 -142719 -727188 72.1457 19.7022 40.6608
1010000 FRAC0_S 0 1 -29270.4 45665.8 8500 -60831.8 208309 -807235 90.5332 -24.4722 39.9363
1010000 FRAC0_S 0 1 -29511.8 45858.6 8500 -51847 526464 -672265 84.8062 -46.5313 32.3938
1010000 FRAC0_S 0 1 -29801 45967.4 8500 -39202.5 791060 -518327 91.4951 -58.0361 25.1043
1010000 FRAC0_S 0 1 -30109.8 45981.6 8500 -44731.4 1.02275e+06 -347508 109.271 -64.6211 17.1657
1010000 FRAC0_S 0 1 -30407.7 45899.6 8500 -35451.6 1.04759e+06 -109079 99.3762 -68.9711 6.86068
1010000 FRAC0_S 0 1 -30665.8 45729.6 8500 -135649 1.24527e+06 182497 142.613 -67.1013 -8.65524
1010000 FRAC0_S 0 1 -30858.6 45488.2 8500 -33728.4 979084 332037 100.084 -64.8221 -17.2463
1010000 FRAC0_S 0 1 -30967.4 45199 8500 -32587 597505 398093 52.891 -57.7181 -25.2531
1010000 FRAC0_S 0 1 -30981.6 44890.2 8500 -49264.2 575870 728795 100.193 -46.883 -32.4243
1010000 FRAC0_S 0 1 -30899.6 44592.3 8500 -152293 196444 807686 90.2022 -21.7622 -38.3801
1010000 FRAC0_S 0 1 -30729.6 44334.2 8500 -150575 -28821.5 771634 79.2647 4.17849 -41.5622
1010000 FRAC0_S 0 1 -30488.2 44141.4 8500 -91840.7 -536495 733073 97.1219 44.2997 -32.4322
1010000 FRAC0_S 0 1 -30199 44032.6 8500 -80459.8 -630295 453661 62.7734 55.2714 -25.38
1010000 FRAC0_S 0 1 -29890.2 44018.4 8500 -34885.1 -1.18901e+06 400943 147.359 64.9637 -17.2378
1010000 FRAC0_S 0 1 -29592.3 44100.4 8500 -106229 -1.23836e+06 129484 138.884 68.2101 -6.59694
1010000 FRAC0_S 0 1 -29334.2 44270.4 8500 -104289 -1.22799e+06 -139866 136.975 68.0746 7.11277
1010000 FRAC0_S 0 1 -29141.4 44511.8 8500 -113242 -1.22038e+06 -450912 159.755 63.0041 17.602
Step FractureNumber TipNr TipActive TipX TipY TipZ KI KII KIII G Phi Psi Extension
1010101 FRAC0_S 0 1 -28976.4 44791.7 8580.37 687105 -356905 -211368 59.363 34.1442 12.1974
1010101 FRAC0_S 0 1 -28947 45120.6 8563.48 362685 -273459 -230166 25.431 37.2175 18.394
1010101 FRAC0_S 0 1 -29022.8 45444.5 8523.83 330217 3316.76 -870022 110.391 -0.38528 39.1402
1010101 FRAC0_S 0 1 -29206.9 45721.1 8469.57 187154 53308.5 -472569 33.0762 -10.0756 37.2
1010101 FRAC0_S 0 1 -29475.4 45916.9 8432.14 243209 128618 -298991 18.6346 -24.2693 28.2097
1010101 FRAC0_S 0 1 -29788.5 46019 8416.85 313859 159992 -184530 15.5878 -29.8874 19.2694
1010101 FRAC0_S 0 1 -30113.2 46024 8410.28 329600 34809.2 -98890.8 11.0892 -10.1235 15.1455
1010101 FRAC0_S 0 1 -30422.9 45933.8 8407.71 333096 1456.73 -204453 15.4468 -0.377857 24.8385
1010101 FRAC0_S 0 1 -30691.8 45757.4 8407.98 553280 67682 -180327 32.0113 -11.3259 15.8823
1010101 FRAC0_S 0 1 -30896.7 45508.5 8410.59 761815 212032 -36554.4 55.9 -26.2963 2.7787
1010101 FRAC0_S 0 1 -31019.9 45207.6 8416.86 595416 282269 157451 41.9884 -32.9712 -11.1008
1010101 FRAC0_S 0 1 -31049.7 44879.6 8433.1 483346 341688 429088 55.7094 -32.9472 -22.8241
1010101 FRAC0_S 0 1 -30977.3 44554.4 8465.03 218323 211522 523371 44.6653 -27.6196 -32.8782
1010101 FRAC0_S 0 1 -30814.1 44293.7 8507.84 143683 13811.2 493841 34.2926 -2.93714 -40.1689
1010101 FRAC0_S 0 1 -30527.1 44079.5 8557.28 251266 -170029 370555 26.4645 26.8339 -29.2744
1010101 FRAC0_S 0 1 -30212.4 43978.5 8581.2 324363 -148630 235864 18.7429 26.2771 -22.3
1010101 FRAC0_S 0 1 -29886.9 43975 8589.06 91298.5 1469.75 116084 2.5352 -0.98175 -33.159
1010101 FRAC0_S 0 1 -29577.1 44066.1 8592.27 466961 -50857.8 203480 25.1679 9.5232 -19.3778
1010101 FRAC0_S 0 1 -29308 44242.6 8591.88 413337 -81354.4 175684 19.919 15.959 -18.1749
1010101 FRAC0_S 0 1 -29101.2 44490.9 8588.13 628666 -247051 177009 44.824 28.9997 -12.1822