
Step FractureNumber TipNr TipActive TipX TipY TipZ KI KII KIII G Phi Psi Extension
1010000 FRAC0_S 0 1 -14307.7 15012.1 7795.63 1.00224e+07 2.40313e+06 -5.45925e+06 13429.5 -17.5476 20.7343
1010000 FRAC0_S 0 1 -14469.4 15260.6 7708.75 1.36227e+07 6.46166e+06 -6.59885e+06 26048.9 -29.7977 17.2714
1010000 FRAC0_S 0 1 -14683.1 15483.7 7699.32 1.30703e+07 8.95291e+06 -4.49188e+06 25048.9 -39.2908 12.2668
1010000 FRAC0_S 0 1 -14927.7 15659.4 7768.28 9.94364e+06 7.60049e+06 -1.50373e+06 14259.2 -44.7177 5.95201
1010000 FRAC0_S 0 1 -15179.4 15770.6 7908.85 9.48255e+06 9.04577e+06 -1.08757e+06 15461.5 -49.6745 4.22314
1010000 FRAC0_S 0 1 -15413.6 15806.3 8107.29 5.56496e+06 4.07043e+06 2.26045e+06 4915.62 -39.7084 -13.63
1010000 FRAC0_S 0 1 -15607.4 15763.2 8344.17 2.97397e+06 7.28122e+06 -361332 5529.77 -63.0912 2.6165
1010000 FRAC0_S 0 1 -15741.6 15645.2 8596.31 -629408 7.29879e+06 -555397 4788.12 -68.6347 4.96501
1010000 FRAC0_S 0 1 -15803.2 15464.2 8839.02 -4.80362e+06 8.47425e+06 -487602 6430.87 -59.6575 2.72152
1010000 FRAC0_S 0 1 -15786.2 15237.7 9048.54 -7.61489e+06 9.89401e+06 73770.3 8723.83 -56.6146 -0.326678
1010000 FRAC0_S 0 1 -15692.3 14987.9 9204.37 -7.95316e+06 8.3122e+06 892899 6262.88 -51.3941 -3.96968
1010000 FRAC0_S 0 1 -15530.6 14739.4 9291.25 -1.0442e+07 9.3602e+06 3.03447e+06 9031.9 -45.6227 -9.78174
1010000 FRAC0_S 0 1 -15316.9 14516.3 9300.68 -9.83904e+06 6.69625e+06 4.39859e+06 6568.91 -37.6202 -14.9323
1010000 FRAC0_S 0 1 -15072.3 14340.6 9231.72 -9.58256e+06 3.56625e+06 6.15788e+06 6176.61 -23.4718 -21.5211
1010000 FRAC0_S 0 1 -14820.6 14229.4 9091.15 -8.46835e+06 -129700 7.1812e+06 6860.25 1.14602 -28.6632
1010000 FRAC0_S 0 1 -14586.4 14193.7 8892.71 -5.66143e+06 -4.74293e+06 5.6207e+06 6206.33 35.3039 -23.2984
1010000 FRAC0_S 0 1 -14392.6 14236.8 8655.83 1.67433e+07 -3.99462e+07 2.48439e+07 249264 51.7885 -20.7033
1010000 FRAC0_S 0 1 -14258.4 14354.8 8403.69 1.99646e+06 -8.3985e+06 -1.01109e+06 6776.5 65.1331 6.655
1010000 FRAC0_S 0 1 -14196.8 14535.8 8160.98 5.88937e+06 -6.34285e+06 -4.21109e+06 9034.33 43.588 17.8113
1010000 FRAC0_S 0 1 -14213.8 14762.3 7951.46 9.75142e+06 -2.83995e+06 -6.80696e+06 15354.7 18.9959 23.3071
Step FractureNumber TipNr TipActive TipX TipY TipZ KI KII KIII G Phi Psi Extension
1010101 FRAC0_S 0 1 -14255 15001.5 7719.95 1.79433e+07 513659 409949 28735.9 -3.75967 -1.67924
1010101 FRAC0_S 0 1 -14451 15254 7613.48 1.6823e+07 -281305 -5.42724e+06 29143.8 1.73698 16.8735
1010101 FRAC0_S 0 1 -14693.3 15484.6 7601.81 1.85056e+07 -1.07873e+06 -4.0825e+06 32836.8 6.23573 12.4729
1010101 FRAC0_S 0 1 -14962.3 15664.8 7676.13 3.15995e+07 2.38889e+07 -2.11538e+07 199348 -36.8365 19.0146
1010101 FRAC0_S 0 1 -15233.5 15782 7827.29 1.98675e+07 1.43786e+06 -3.45463e+06 36944.8 -7.89402 10.2405
1010101 FRAC0_S 0 1 -15482 15816.8 8038.21 1.26308e+07 -200056 -65299.4 14220.5 2.15496 0.394105
1010101 FRAC0_S 0 1 -15684.6 15753.8 8285.44 1.53011e+07 7.05198e+06 1.82896e+06 25739.3 -34.8738 -5.71058
1010101 FRAC0_S 0 1 -15824.7 15619.6 8548.42 7.24455e+06 2.79836e+06 774296 5454.35 -31.5327 -5.41416
1010101 FRAC0_S 0 1 -15892 15434.9 8805.81 8.23313e+06 3.20781e+06 -4.13678e+06 9233.23 -25.8609 18.3863
1010101 FRAC0_S 0 1 -15877.1 15202.2 9031.44 1.93955e+07 1.38157e+07 2.74517e+06 51532.9 -43.4583 -5.76273
1010101 FRAC0_S 0 1 -15779.4 14941.3 9203.33 3.14261e+06 1.1909e+07 -1.36008e+06 13764 -64.7309 6.23744
1010101 FRAC0_S 0 1 -15607.4 14679.5 9305.71 2.93017e+06 1.51198e+07 4.95524e+06 24402.2 -61.7758 -15.2699
1010101 FRAC0_S 0 1 -15374.4 14443.3 9330.08 -3.49874e+06 1.31424e+07 8.98235e+06 26122 -53.3916 -23.2878
1010101 FRAC0_S 0 1 -15097.5 14260.7 9276.69 -6.84792e+06 7.8129e+06 7.71611e+06 13358 -40.3476 -22.9725
1010101 FRAC0_S 0 1 -14801.4 14161.6 9149.34 -3.03142e+07 -2.55703e+07 -2.17393e+06 58892.1 48.0812 2.87435
1010101 FRAC0_S 0 1 -14526.9 14157.2 8954.64 -1.22247e+07 -4.48327e+07 -1.00887e+07 192646 62.2698 10.9745
1010101 FRAC0_S 0 1 -14313.1 14233.5 8711.91 3.95714e+06 -5.40769e+06 2.01059e+06 4538.88 50.7344 -12.7555
1010101 FRAC0_S 0 1 -14171 14368 8445.35 8.22615e+06 -2.16566e+06 -639918 6502.44 24.786 4.41351
1010101 FRAC0_S 0 1 -14103 14543.9 8172.1 1.09576e+07 -41013.8 -3.8708e+06 12692.2 0.385625 18.0687
1010101 FRAC0_S 0 1 -14129.8 14757.7 7916.98 1.17157e+07 4.18221e+06 -4.71856e+06 16750.8 -25.5195 16.1235