
Step FractureNumber TipNr TipActive TipX TipY TipZ KI KII KIII G Phi Psi Extension
1010000 FRAC0_S 0 1 45000 -44020.2 8624.9 -6.32096e+06 -239244 33589.9 5.25051 4.9875 -0.396489
1010000 FRAC0_S 0 1 45000 -44106.8 8921.55 -5.62092e+06 -153001 60628.7 2.57488 3.62311 -0.80696
1010000 FRAC0_S 0 1 45000 -44280.8 9176.94 -5.8466e+06 -146567 52312.9 2.27823 3.35303 -0.672481
1010000 FRAC0_S 0 1 45000 -44525.1 9366.05 -5.71388e+06 -120305 -11632.2 1.3077 2.8515 0.155076
1010000 FRAC0_S 0 1 45000 -44816 9470.4 -4.74959e+06 -30003.6 -27841.5 0.183313 0.871024 0.450617
1010000 FRAC0_S 0 1 45000 -45124.9 9479.76 -5.2707e+06 -166051 -212868 8.4836 4.05434 2.89205
1010000 FRAC0_S 0 1 45000 -45421.5 9393.21 -5.4741e+06 44887.2 -299480 12.108 -1.07588 3.92728
1010000 FRAC0_S 0 1 45000 -45676.9 9219.22 -6.78369e+06 -74125.7 -208910 6.29422 1.46081 2.27704
1010000 FRAC0_S 0 1 45000 -45866 8974.84 -5.69818e+06 -41130 -100098 1.48337 0.982621 1.32737
1010000 FRAC0_S 0 1 45000 -45970.4 8683.98 -5.68206e+06 11543.5 -96644.4 1.25411 -0.278826 1.2927
1010000 FRAC0_S 0 1 45000 -45979.8 8375.1 -6.27109e+06 1228.05 -153480 3.13311 -0.0267531 1.84421
1010000 FRAC0_S 0 1 45000 -45893.2 8078.45 -5.60426e+06 112645 -76975.5 1.91877 -2.69544 1.03046
1010000 FRAC0_S 0 1 45000 -45719.2 7823.06 -5.95565e+06 70309.4 -98773.3 1.73808 -1.59792 1.24932
1010000 FRAC0_S 0 1 45000 -45474.9 7633.95 -5.70701e+06 181672 -24214.6 3.01903 -4.23538 0.318873
1010000 FRAC0_S 0 1 45000 -45184 7529.6 -4.8939e+06 109914 128160 3.26106 -2.96633 -1.9273
1010000 FRAC0_S 0 1 45000 -44875.1 7520.24 -5.53442e+06 163403 53438.8 2.7591 -3.92113 -0.721901
1010000 FRAC0_S 0 1 45000 -44578.5 7606.79 -5.09995e+06 657713 -472944 68.2966 -13.9986 5.73058
1010000 FRAC0_S 0 1 45000 -44323.1 7780.78 -5.9064e+06 103031 97529.4 2.21104 -2.34204 -1.23726
1010000 FRAC0_S 0 1 45000 -44134 8025.16 -5.57504e+06 39508.4 138396 2.68652 -0.958151 -1.85732
1010000 FRAC0_S 0 1 45000 -44029.6 8316.02 -6.11646e+06 7876.53 100431 1.34701 -0.177037 -1.24987
Step FractureNumber TipNr TipActive TipX TipY TipZ KI KII KIII G Phi Psi Extension
1010101 FRAC0_S 0 1 45005.9 -43923.7 8637.19 -5.59683e+06 -415654 117818 17.2416 9.17064 -1.48689
1010101 FRAC0_S 0 1 45006.8 -44018.8 8963.1 -4.66668e+06 -428367 18719.4 16.3981 11.2363 -0.285084
1010101 FRAC0_S 0 1 45004.5 -44221.8 9221.8 -5.82625e+06 -425508 29450.8 16.2494 9.16279 -0.364994
1010101 FRAC0_S 0 1 45001.4 -44506.9 9383.16 -5.78402e+06 -436815 126968 19.1469 9.30243 -1.54694
1010101 FRAC0_S 0 1 45001.8 -44819.1 9495.14 -5.16521e+06 -173171 -940289 120.263 3.80806 10.9411
1010101 FRAC0_S 0 1 45003.1 -45141.9 9551.84 -5.76301e+06 -319203 -82345.7 9.9813 7.06156 1.03603
1010101 FRAC0_S 0 1 45001.4 -45463.2 9481.35 -5.69647e+06 -173969 -58821.1 3.1571 4.04745 0.770549
1010101 FRAC0_S 0 1 45001.2 -45743.8 9290.25 -6.04081e+06 -157236 -63400.1 2.73768 3.47151 0.786404
1010101 FRAC0_S 0 1 45001.4 -45951.6 9021.74 -5.77706e+06 -141147 -81977.5 2.66908 3.25459 1.05952
1010101 FRAC0_S 0 1 45000.2 -46066.3 8702.15 -5.78315e+06 -61816.7 -92356.8 1.47498 1.45003 1.20533
1010101 FRAC0_S 0 1 44998.7 -46076.5 8362.78 -5.00225e+06 -3787.46 -101587 1.37381 0.103776 1.5383
1010101 FRAC0_S 0 1 44997 -45981.3 8036.85 -6.10901e+06 -278198 -448070 33.5985 5.5821 4.97129
1010101 FRAC0_S 0 1 44995.6 -45790.2 7756.29 -5.22379e+06 -316774 -532121 46.6011 7.11246 6.5814
1010101 FRAC0_S 0 1 44994.3 -45521.7 7548.56 -5.2208e+06 595486 224348 38.2929 -13.121 -2.85139
1010101 FRAC0_S 0 1 44993.9 -45202.1 7433.94 -6.10732e+06 688230 -101617 43.5812 -13.2728 1.14202
1010101 FRAC0_S 0 1 44989.3 -44863.1 7424.3 -3.9081e+06 540207 -47913.9 26.3097 -15.8101 0.827458
1010101 FRAC0_S 0 1 44985.2 -44537.4 7519.98 -5.7506e+06 1.07878e+06 98815.2 105.002 -20.1021 -1.10578
1010101 FRAC0_S 0 1 44991.5 -44256.6 7710.44 -5.67197e+06 599382 252774 40.5116 -12.2712 -2.97253
1010101 FRAC0_S 0 1 44998 -44048.4 7978.28 -5.83076e+06 255056 151426 8.84659 -5.60788 -1.87422
1010101 FRAC0_S 0 1 45001.6 -43933.9 8297.85 -4.39514e+06 -105025 141023 3.62795 3.13221 -2.33957