
Step FractureNumber TipNr TipActive TipX TipY TipZ KI KII KIII G Phi Psi Extension
1010000 FRAC0_S 0 1 -15000 44049 8233.09 980387 671737 858483 223.878 -32.4472 -22.813
1010000 FRAC0_S 0 1 -15000 44178.1 7952.3 856558 704269 1.01929e+06 247.759 -32.9989 -25.6641
1010000 FRAC0_S 0 1 -15000 44387.6 7725.12 887199 153799 1.26039e+06 283.529 -9.04339 -32.82
1010000 FRAC0_S 0 1 -15000 44657 7573.79 609166 -369984 897309 152.352 24.8826 -29.753
1010000 FRAC0_S 0 1 -15000 44960 7513.12 914676 -1.1384e+06 1.11699e+06 355.974 41.248 -23.3867
1010000 FRAC0_S 0 1 -15000 45266.9 7549.06 720495 -1.3127e+06 706708 266.237 51.0068 -17.9232
1010000 FRAC0_S 0 1 -15000 45547.7 7678.08 698658 -1.52819e+06 418252 274.866 57.5189 -11.5085
1010000 FRAC0_S 0 1 -15000 45774.9 7887.55 758519 -1.72941e+06 134465 320.191 61.8831 -3.91272
1010000 FRAC0_S 0 1 -15000 45926.2 8156.97 837443 -1.79776e+06 -192505 355.421 60.7133 5.15715
1010000 FRAC0_S 0 1 -15000 45986.8 8459.98 812098 -1.55546e+06 -474725 304.338 55.6516 12.1072
1010000 FRAC0_S 0 1 -15000 45951 8766.91 982625 -1.41204e+06 -807477 350.432 48.1238 17.5707
1010000 FRAC0_S 0 1 -15000 45821.9 9047.7 987515 -1.0295e+06 -996576 313.434 39.6574 22.1853
1010000 FRAC0_S 0 1 -15000 45638.3 9254.46 1.1342e+06 -653398 -1.23725e+06 356.27 26.9752 26.3831
1010000 FRAC0_S 0 1 -15000 45343 9426.21 1.19742e+06 -154610 -1.39323e+06 388.061 7.66261 31.0859
1010000 FRAC0_S 0 1 -15000 45040 9486.88 1.24669e+06 660984 -1.48215e+06 469.602 -24.6372 27.7956
1010000 FRAC0_S 0 1 -15000 44733.1 9450.94 1.03148e+06 969170 80306.7 179.367 -50.019 -2.96096
1010000 FRAC0_S 0 1 -15000 44452.3 9321.92 1.31294e+06 1.68647e+06 -898201 514.354 -47.4714 16.2225
1010000 FRAC0_S 0 1 -15000 44225.1 9112.45 1.31225e+06 2.05461e+06 -480443 560.321 -54.8016 9.22583
1010000 FRAC0_S 0 1 -15000 44073.8 8843.03 899679 275386 926505 193.054 -17.1434 -27.9734
1010000 FRAC0_S 0 1 -15000 44013.2 8540.02 1.22469e+06 1.84789e+06 514572 473.152 -53.5438 -10.5099
Step FractureNumber TipNr TipActive TipX TipY TipZ KI KII KIII G Phi Psi Extension
1010101 FRAC0_S 0 1 -15060.5 43976.1 8210.67 1.30368e+06 20445.5 1.20653e+06 345.097 -1.12651 -29.6866
1010101 FRAC0_S 0 1 -15044.6 44107.6 7903.98 1.74164e+06 637774 1.55183e+06 626.83 -20.8702 -25.6478
1010101 FRAC0_S 0 1 -15010.9 44331.6 7653.49 1.31888e+06 -357714 1.23259e+06 368.469 16.1561 -27.1239
1010101 FRAC0_S 0 1 -14966.4 44625.2 7493.1 1.40021e+06 -440781 1.08618e+06 348.933 19.4943 -24.3995
1010101 FRAC0_S 0 1 -14937.1 44954.9 7439.14 1.63745e+06 -128720 1.41056e+06 505.027 5.55782 -28.1279
1010101 FRAC0_S 0 1 -14923.6 45282.1 7488.81 1.78263e+06 -226022 1.07842e+06 442.4 9.87496 -23.221
1010101 FRAC0_S 0 1 -14916.3 45576.1 7633.28 2.70625e+06 -687870 1.20178e+06 886.878 19.3857 -18.1398
1010101 FRAC0_S 0 1 -14913 45812.3 7857.52 3.46143e+06 -772388 650137 1177.05 20.39 -9.79837
1010101 FRAC0_S 0 1 -14913.7 45972.5 8140.6 2.83477e+06 -702447 -7432.95 760.06 24.9949 0.163417
1010101 FRAC0_S 0 1 -14918.3 46042.6 8459.1 3.26114e+06 -573627 -625286 1029.01 16.8481 10.2867
1010101 FRAC0_S 0 1 -14926.2 46013.2 8786.02 2.83664e+06 -767643 -1.12572e+06 938.079 20.8772 16.6944
1010101 FRAC0_S 0 1 -14938.2 45883.8 9091.03 2.23446e+06 -619486 -1.4379e+06 754.091 18.7493 22.4283
1010101 FRAC0_S 0 1 -14958 45664.7 9343.74 1.78476e+06 -319720 -1.54923e+06 612.17 11.7148 27.1402
1010101 FRAC0_S 0 1 -14992.4 45375 9512.86 1.93515e+06 -148131 -1.74125e+06 738.902 5.31746 28.6718
1010101 FRAC0_S 0 1 -15036.7 45046.2 9570.99 2.1019e+06 -254914 -1.76647e+06 814.492 8.38768 27.3595
1010101 FRAC0_S 0 1 -15067.2 44716 9518.65 1.71067e+06 -96730.7 -1.29658e+06 485.194 4.2949 26.8237
1010101 FRAC0_S 0 1 -15057.1 44421.7 9352.92 3.30655e+06 197447 -1.77122e+06 1394.99 -5.14203 22.4691
1010101 FRAC0_S 0 1 -15066.6 44170.8 9152.67 4.71414e+06 2.01724e+06 -1.68222e+06 2719.28 -29.5424 14.2761
1010101 FRAC0_S 0 1 -15055.3 44002.9 8869.15 3.95757e+06 2.31686e+06 -180847 1878.35 -41.2302 2.1593
1010101 FRAC0_S 0 1 -15061 43940.8 8543.81 3.18109e+06 1.52508e+06 794241 1192.89 -33.436 -10.5749