
Step FractureNumber TipNr TipActive TipX TipY TipZ KI KII KIII G Phi Psi Extension
1010000 FRAC0_S 0 1 -15000 -14017.8 8603.45 -8.25055e+06 -7.51973e+06 767147 5117.11 49.1861 -3.54729
1010000 FRAC0_S 0 1 -15000 -14097.8 8901.92 -1.12271e+07 -8.91794e+06 1.27508e+06 7303.12 46.1534 -4.52618
1010000 FRAC0_S 0 1 -15000 -14266.1 9161.05 -9.50274e+06 -3.91394e+06 -1.16512e+06 1545.61 32.5346 6.02168
1010000 FRAC0_S 0 1 -15000 -14506.3 9355.47 -1.30749e+07 -4.00375e+06 -2.38591e+06 2185.54 25.8355 9.06519
1010000 FRAC0_S 0 1 -15000 -14794.9 9466.15 -1.16327e+07 -2.07343e+06 -2.37846e+06 1135.49 16.8839 10.8124
1010000 FRAC0_S 0 1 -15000 -15103.5 9482.25 -7.85735e+06 7.15497e+06 1.69119e+06 4942.26 -47.1253 -7.55903
1010000 FRAC0_S 0 1 -15000 -15401.9 9402.21 -1.38935e+07 754235 -3.46461e+06 1647.16 -5.7085 13.7127
1010000 FRAC0_S 0 1 -15000 -15661 9233.85 -1.99816e+07 8.0641e+06 -7.22219e+06 12732.1 -28.3516 14.5891
1010000 FRAC0_S 0 1 -15000 -15855.5 8993.66 -1.08915e+07 4.23291e+06 -2.80956e+06 2646.49 -29.1442 11.4097
1010000 FRAC0_S 0 1 -15000 -15966.1 8705.15 -8.44353e+06 5.83253e+06 -1.89068e+06 3506.8 -41.3972 8.67065
1010000 FRAC0_S 0 1 -15000 -15982.2 8396.55 -6.85463e+06 7.24679e+06 -719067 4748.46 -51.7195 3.70675
1010000 FRAC0_S 0 1 -15000 -15902.2 8098.08 -5.02988e+06 7.87889e+06 1.06534e+06 5682.63 -56.6823 -5.75464
1010000 FRAC0_S 0 1 -15000 -15733.9 7838.95 -1.18604e+06 5.18546e+06 2.1621e+06 3017.81 -59.2244 -17.644
1010000 FRAC0_S 0 1 -15000 -15493.7 7644.53 -1.21578e+06 5.67814e+06 4.50226e+06 5568.97 -52.3772 -25.6647
1010000 FRAC0_S 0 1 -15000 -15205.1 7533.85 -1.3249e+07 1.43847e+07 1.2537e+07 39343.2 -41.1566 -21.129
1010000 FRAC0_S 0 1 -15000 -14896.5 7517.75 161839 1.16574e+06 7.26233e+06 7138.05 -17.7102 -42.3572
1010000 FRAC0_S 0 1 -15000 -14598.1 7597.79 -624046 -1.89964e+06 5.61416e+06 4513.56 28.8663 -38.1049
1010000 FRAC0_S 0 1 -15000 -14339 7766.15 -2.14764e+06 7.66032e+06 1.16414e+07 23253.5 -41.0707 -32.613
1010000 FRAC0_S 0 1 -15000 -14144.5 8006.34 8.96328e+06 3.48999e+06 -2.43755e+06 9034.73 -28.967 11.8839
1010000 FRAC0_S 0 1 -15000 -14033.9 8294.85 667557 1.05594e+06 7.00146e+06 6658.8 -15.9182 -41.3419
Step FractureNumber TipNr TipActive TipX TipY TipZ KI KII KIII G Phi Psi Extension
1010101 FRAC0_S 0 1 -14951 -13945.9 8608.93 -2.46635e+06 -8.70372e+06 1.35303e+06 6993.98 63.4888 -8.0421
1010101 FRAC0_S 0 1 -14931.5 -14034.2 8931.84 -5.66084e+06 -4.91383e+06 -4.47438e+06 4814.29 38.2498 20.2738
1010101 FRAC0_S 0 1 -14944.1 -14207.7 9215.8 -6.47386e+06 -7.8819e+06 -570390 5579.17 54.4091 2.93251
1010101 FRAC0_S 0 1 -14957.5 -14463.2 9431.95 -8.84648e+06 -7.16771e+06 -1.29994e+06 4802.87 45.9607 5.67021
1010101 FRAC0_S 0 1 -14992.9 -14775.4 9549.35 -4.4087e+06 1.0953e+07 3.79841e+06 12609.3 -57.1565 -14.1662
1010101 FRAC0_S 0 1 -15031.8 -15112.1 9562.21 -1.36452e+07 6.31464e+06 -3.33682e+06 5034.1 -32.8045 10.4951
1010101 FRAC0_S 0 1 -15035.2 -15438.7 9480.92 -1.339e+07 5.84525e+06 -2.40534e+06 3814.11 -32.7078 8.26196
1010101 FRAC0_S 0 1 -15038.4 -15719.6 9300.18 -1.07626e+07 6.40621e+06 -3.07442e+06 4914.16 -37.2943 11.085
1010101 FRAC0_S 0 1 -15052.8 -15926.4 9035.73 -9.22386e+06 6.06774e+06 -6.14861e+06 8308.92 -34.0145 19.6548
1010101 FRAC0_S 0 1 -15064.9 -16037.1 8722.23 -3.05596e+06 5.88349e+06 -1.36071e+06 3330.83 -57.1294 9.72831
1010101 FRAC0_S 0 1 -15076.7 -16043.9 8391.61 55667.2 7.29529e+06 988194 4872.71 -68.9032 -8.77964
1010101 FRAC0_S 0 1 -15082.8 -15952.2 8076.72 3.19141e+06 5.74315e+06 454094 3874.2 -59.4462 -3.69537
1010101 FRAC0_S 0 1 -15083.7 -15773 7803.02 4.21925e+06 2.82764e+06 1.73635e+06 2699.8 -37.816 -14.1301
1010101 FRAC0_S 0 1 -15077.6 -15522.3 7591.12 5.4531e+06 911338 5.53201e+06 6794.03 -10.314 -29.1352
1010101 FRAC0_S 0 1 -15060.3 -15218.1 7460.12 3.79992e+06 2.02046e+06 5.43779e+06 5583.21 -22.8707 -29.9758
1010101 FRAC0_S 0 1 -15019.6 -14886.6 7431.96 2.44228e+06 440573 5.95814e+06 5270.24 -6.80278 -37.5783
1010101 FRAC0_S 0 1 -14999.9 -14565.2 7520.1 -1.17847e+07 -1.01873e+07 1.09866e+07 25301.6 36.5854 -22.334
1010101 FRAC0_S 0 1 -15032.9 -14285.8 7707.21 -3.91277e+06 -3.57142e+06 4.58543e+06 3933.09 35.2972 -24.8703
1010101 FRAC0_S 0 1 -15047.5 -14070.5 7965.48 -8.51495e+06 -7.48664e+06 -1.21596e+06 5191.25 47.6405 5.34403
1010101 FRAC0_S 0 1 -15006.9 -13951.6 8275.65 -1.69951e+07 -1.61263e+07 -6.56633e+06 28908.1 45.3288 12.0018