
Step FractureNumber TipNr TipActive TipX TipY TipZ KI KII KIII G Phi Psi Extension
1010000 FRAC0_S 0 1 14965.3 -6512.92 8500 40388.6 1303.65 -579.205 0.145555 -4.25104 1.06256
1010000 FRAC0_S 0 1 14662 -6571.93 8500 36605.4 1575.46 -590.697 0.119671 -5.57323 1.18069
1010000 FRAC0_S 0 1 14391.7 -6721.79 8500 34770.3 4408.07 -1301.81 0.109689 -14.4152 2.47429
1010000 FRAC0_S 0 1 14181.1 -6947.82 8500 34481.8 -953.469 576.652 0.106076 3.65764 -1.24054
1010000 FRAC0_S 0 1 14050.5 -7227.91 8500 38882.5 -487.853 1239.28 0.134946 1.67175 -2.3496
1010000 FRAC0_S 0 1 14012.9 -7534.63 8500 42818.4 140.046 826.334 0.163469 -0.447074 -1.46031
1010000 FRAC0_S 0 1 14072 -7837.96 8500 35283.2 -1826.21 238.105 0.111238 6.67833 -0.49594
1010000 FRAC0_S 0 1 14221.8 -8108.21 8500 37083.5 -3594.72 212.979 0.1237 11.7664 -0.405363
1010000 FRAC0_S 0 1 14447.8 -8318.92 8500 35131 38.0385 1010.32 0.110114 -0.147117 -2.15245
1010000 FRAC0_S 0 1 14727.9 -8449.47 8500 25620.3 112861 -67402.9 1.79777 -55.7099 21.999
1010000 FRAC0_S 0 1 15034.7 -8487.08 8500 39478.2 -3142.9 1951.93 0.140267 9.52354 -3.35246
1010000 FRAC0_S 0 1 15338 -8428.07 8500 35989.7 -193088 -61639.2 3.94303 62.1057 15.0544
1010000 FRAC0_S 0 1 15608.3 -8278.21 8500 24139.8 33189.6 -70216.7 0.805828 -31.6904 32.9392
1010000 FRAC0_S 0 1 15818.9 -8052.18 8500 31483.5 107507 80241.7 1.9746 -51.8201 -24.1281
1010000 FRAC0_S 0 1 15949.5 -7772.09 8500 32521.2 30345.4 -118734 2.05131 -21.4394 36.8911
1010000 FRAC0_S 0 1 15987.1 -7465.37 8500 42949 777.927 -871.124 0.164529 -2.42073 1.51097
1010000 FRAC0_S 0 1 15928 -7162.04 8500 24429.5 87285.7 40201.1 0.947036 -57.3303 -18.33
1010000 FRAC0_S 0 1 15778.2 -6891.79 8500 39774.9 121987 -111131 3.10958 -48.5945 26.2915
1010000 FRAC0_S 0 1 15552.2 -6681.08 8500 52565 -1891.92 4192.09 0.248874 4.44332 -5.40666
1010000 FRAC0_S 0 1 15272.1 -6550.53 8500 29994.9 1092.46 571.411 0.0803215 -4.74769 -1.39708
Step FractureNumber TipNr TipActive TipX TipY TipZ KI KII KIII G Phi Psi Extension
1010101 FRAC0_S 0 1 14965.3 -6512.92 8500 41584.6 -4275.53 20873 0.213671 8.68234 -21.1686
1010101 FRAC0_S 0 1 14662 -6571.93 8500 42788.7 -7913 11546.7 0.186461 16.6656 -13.3331
1010101 FRAC0_S 0 1 14391.7 -6721.79 8500 38040.1 -4777.21 8310.4 0.140165 12.47 -11.8064
1010101 FRAC0_S 0 1 14181.1 -6947.82 8500 48363.5 -10384.1 4148.59 0.220328 21.2059 -5.00126
1010101 FRAC0_S 0 1 14050.5 -7227.91 8500 49270.3 90149 82726 1.8507 -45.2858 -24.4705
1010101 FRAC0_S 0 1 14012.9 -7534.63 8500 44421 61213 -145279 3.31682 -29.9884 34.0991
1010101 FRAC0_S 0 1 14072 -7837.96 8500 42315.9 -7629.67 907.035 0.16486 19.4292 -1.38075
1010101 FRAC0_S 0 1 14221.8 -8108.21 8500 40116.4 -8287.5 10.1162 0.149527 21.914 -0.0162968
1010101 FRAC0_S 0 1 14443.9 -8332.46 8479.34 -9657.17 -41457.3 -4414.76 0.155747 65.5047 5.99267
1010101 FRAC0_S 0 1 14720.1 -8476.56 8458.69 253525 118753 52613.6 7.35234 -33.6606 -9.15262
1010101 FRAC0_S 0 1 15034.8 -8511.61 8501.44 44354.2 -152280 66051.6 2.82195 57.6346 -17.5264
1010101 FRAC0_S 0 1 15359.1 -8466.81 8531.06 24960.1 47596.9 -52774.1 0.62781 -43.072 26.9929
1010101 FRAC0_S 0 1 15651.2 -8331.36 8476.17 187540 243417 -129343 10.639 -47.61 16.2474
1010101 FRAC0_S 0 1 15880 -8092.63 8438.43 -38825.1 -15945.5 -466233 28.9333 4.21918 43.3738
1010101 FRAC0_S 0 1 16007 -7793.55 8462.07 99832.6 86616.9 -108107 3.11105 -35.1153 24.1821
1010101 FRAC0_S 0 1 16009.4 -7471.78 8490.86 89788.3 66912 -166534 4.80593 -25.9814 31.4269
1010101 FRAC0_S 0 1 15941.1 -7151.86 8481.25 78886.2 4952.84 29707.1 0.674094 -5.97356 -18.1483
1010101 FRAC0_S 0 1 15804.2 -6871.42 8462.5 130826 68324.1 89339.8 3.0027 -29.2304 -20.9903
1010101 FRAC0_S 0 1 15565.2 -6670.9 8481.25 84123.5 58347.2 84876.3 1.89211 -31.3195 -24.5206
1010101 FRAC0_S 0 1 15272.1 -6550.53 8500 43418.5 4133.42 40377.6 0.386347 -6.42648 -28.8593