
Step FractureNumber TipNr TipActive TipX TipY TipZ KI KII KIII G Phi Psi Extension
1010000 FRAC0_S 0 1 44264.2 653.733 8582.09 2.1409e+06 -404204 1.02249e+06 562.041 14.9632 -19.6445
1010000 FRAC0_S 0 1 44198.2 475.814 8825.98 2.60506e+06 -967425 1.09861e+06 848.653 25.9927 -16.5196
1010000 FRAC0_S 0 1 44210.7 251.32 9037.97 2.57699e+06 -1.3359e+06 870852 851.659 33.6372 -13.1058
1010000 FRAC0_S 0 1 44300.5 2.2245 9197.29 2.57766e+06 -1.65976e+06 557802 878.939 40.0715 -8.62678
1010000 FRAC0_S 0 1 44458.7 -247.088 9288.36 2.50308e+06 -1.81137e+06 205321 856.293 44.8642 -3.47523
1010000 FRAC0_S 0 1 44669.9 -472.214 9302.26 2.48124e+06 -1.80576e+06 -178426 843.411 45.1672 3.06397
1010000 FRAC0_S 0 1 44913.5 -651.116 9237.63 2.01574e+06 -1.25177e+06 -446581 528.227 39.2332 8.90158
1010000 FRAC0_S 0 1 45165.5 -766.284 9100.79 2.39907e+06 -1.17414e+06 -826463 726.568 32.3763 13.4876
1010000 FRAC0_S 0 1 45401.3 -806.441 8905.15 2.55284e+06 -763088 -1.10743e+06 795.728 22.0686 17.4596
1010000 FRAC0_S 0 1 45597.8 -767.659 8669.84 2.11995e+06 111406 -1.14821e+06 576.927 -4.53899 22.6913
1010000 FRAC0_S 0 1 45735.8 -653.733 8417.91 2.57454e+06 441426 -1.22092e+06 806.262 -13.8263 19.7365
1010000 FRAC0_S 0 1 45801.8 -475.814 8174.02 2.47946e+06 902738 -1.02889e+06 761.237 -25.7195 16.3981
1010000 FRAC0_S 0 1 45789.3 -251.32 7962.03 2.68553e+06 1.59981e+06 -830998 962.581 -36.932 11.7982
1010000 FRAC0_S 0 1 45699.5 -2.2245 7802.71 2.7611e+06 1.93029e+06 -418929 1034.71 -42.894 6.17245
1010000 FRAC0_S 0 1 45541.3 247.088 7711.64 2.62899e+06 1.92609e+06 -18330.6 946.522 -46.5453 0.312099
1010000 FRAC0_S 0 1 45330.1 472.214 7697.74 2.3951e+06 1.67451e+06 361472 778.421 -42.9095 -6.14336
1010000 FRAC0_S 0 1 45086.5 651.116 7762.37 2.71181e+06 1.68537e+06 793806 992.231 -38.0753 -11.1561
1010000 FRAC0_S 0 1 44834.5 766.284 7899.21 1.94194e+06 844122 769703 478.334 -29.2904 -15.3381
1010000 FRAC0_S 0 1 44598.7 806.441 8094.85 2.67979e+06 662020 1.27312e+06 894.547 -18.6428 -19.0064
1010000 FRAC0_S 0 1 44402.2 767.659 8330.16 2.24121e+06 41010.2 1.12439e+06 615.897 -1.67523 -22.1497
Step FractureNumber TipNr TipActive TipX TipY TipZ KI KII KIII G Phi Psi Extension
1010101 FRAC0_S 0 1 44208.1 729.309 8602.58 2.96808e+06 298608 1.19068e+06 981.517 -9.06473 -18.4811
1010101 FRAC0_S 0 1 44151.4 543.12 8878.53 3.28878e+06 455013 1.18884e+06 1170.24 -12.3187 -16.8823
1010101 FRAC0_S 0 1 44177.2 304.389 9113.16 3.17649e+06 457958 866163 1017.6 -13.5209 -13.7892
1010101 FRAC0_S 0 1 44283.8 39.9348 9286.54 2.96671e+06 485075 561893 847.25 -15.8973 -10.2728
1010101 FRAC0_S 0 1 44459.8 -224.446 9384.35 3.02352e+06 484599 283798 846.255 -16.7484 -5.65289
1010101 FRAC0_S 0 1 44686.6 -466.484 9399.27 3.52423e+06 366494 -13705.6 1118.76 -12.5245 0.273394
1010101 FRAC0_S 0 1 44965.3 -678.883 9321.09 3.43695e+06 226017 -285119 1067.99 -7.78522 5.46081
1010101 FRAC0_S 0 1 45210.3 -800.718 9180.45 3.20711e+06 -8501.6 -594717 963.593 0.312019 11.3703
1010101 FRAC0_S 0 1 45456.2 -862.593 8958.72 2.75087e+06 -151928 -865376 775.979 5.53082 16.1726
1010101 FRAC0_S 0 1 45655.2 -841.693 8685.59 2.9316e+06 -290918 -1.15059e+06 949.452 9.00361 18.2379
1010101 FRAC0_S 0 1 45791.1 -730.392 8396.42 3.14983e+06 -173161 -1.28751e+06 1107.25 5.15936 19.2085
1010101 FRAC0_S 0 1 45847.7 -543.317 8121.6 3.2635e+06 -190250 -1.01668e+06 1089.76 5.83125 16.0322
1010101 FRAC0_S 0 1 45819 -305.815 7886.47 3.04273e+06 -652094 -790880 946.084 18.8727 12.7264
1010101 FRAC0_S 0 1 45712 -41.8896 7713.44 3.33433e+06 -522393 -392037 1035.47 16.155 6.91617
1010101 FRAC0_S 0 1 45538.6 223.798 7615.78 3.73581e+06 -662052 -64974.8 1283.27 19.2282 1.12861
1010101 FRAC0_S 0 1 45319.6 463.116 7599.96 1.86767e+06 -291335 172406 322.348 16.4015 -5.58758
1010101 FRAC0_S 0 1 45057.7 668.044 7670.15 3.52211e+06 -311071 655677 1171.23 9.36562 -10.6892
1010101 FRAC0_S 0 1 44791.7 804.793 7820.63 3.63051e+06 -261103 1.12395e+06 1348.61 7.09851 -15.822
1010101 FRAC0_S 0 1 44543.9 864.751 8041.14 3.14041e+06 -128425 1.18095e+06 1065.77 3.98224 -18.3765
1010101 FRAC0_S 0 1 44342.5 840.099 8312.12 3.26788e+06 105076 1.30587e+06 1179.4 -3.10879 -19.1993