
Step FractureNumber TipNr TipActive TipX TipY TipZ KI KII KIII G Phi Psi Extension
1010000 FRAC0_S 0 1 -7500 -44020.2 8624.9 3.12279e+06 160560 55742.8 871.694 -6.57003 -1.29294
1010000 FRAC0_S 0 1 -7500 -44106.8 8921.55 2.92523e+06 186851 52081.4 765.984 -8.02323 -1.27492
1010000 FRAC0_S 0 1 -7500 -44280.8 9176.94 2.95763e+06 155241 111325 783.291 -6.57853 -2.65383
1010000 FRAC0_S 0 1 -7500 -44525.1 9366.05 3.07191e+06 59202.5 86555.2 842.204 -2.5522 -2.07432
1010000 FRAC0_S 0 1 -7500 -44816 9470.4 2.44878e+06 19840.3 107855 535.931 -1.07393 -3.20736
1010000 FRAC0_S 0 1 -7500 -45124.9 9479.76 2.64542e+06 -137126 383058 644.807 5.93308 -8.95528
1010000 FRAC0_S 0 1 -7500 -45421.5 9393.21 3.39146e+06 -40986.8 169918 1028.94 1.58382 -3.60572
1010000 FRAC0_S 0 1 -7500 -45676.9 9219.22 2.69328e+06 648099 -364271 701.458 -22.3441 7.34864
1010000 FRAC0_S 0 1 -7500 -45866 8974.84 2.88165e+06 93761.1 -36835.7 740.924 -4.28991 0.948899
1010000 FRAC0_S 0 1 -7500 -45970.4 8683.98 2.82445e+06 -150813 24493.8 712.985 6.86156 -0.634689
1010000 FRAC0_S 0 1 -7500 -45979.8 8375.1 3.02891e+06 -179734 16815.8 820.438 7.58393 -0.405753
1010000 FRAC0_S 0 1 -7500 -45893.2 8078.45 2.90022e+06 -175260 -57763.3 752.711 7.61198 1.42676
1010000 FRAC0_S 0 1 -7500 -45719.2 7823.06 2.10779e+06 -116483 -59329.2 397.573 6.95904 2.00421
1010000 FRAC0_S 0 1 -7500 -45474.9 7633.95 2.85509e+06 -82692.7 -112095 728.664 3.74442 2.82224
1010000 FRAC0_S 0 1 -7500 -45184 7529.6 2.3784e+06 41887.4 381796 523.621 -2.07717 -10.0152
1010000 FRAC0_S 0 1 -7500 -44875.1 7520.24 2.82283e+06 40148.1 -126654 712.338 -1.86745 3.24521
1010000 FRAC0_S 0 1 -7500 -44578.5 7606.79 3.02774e+06 84589.9 -101057 818.884 -3.63689 2.42036
1010000 FRAC0_S 0 1 -7500 -44323.1 7780.78 2.78653e+06 19208.5 15877 691.982 -0.949823 -0.437856
1010000 FRAC0_S 0 1 -7500 -44134 8025.16 2.92037e+06 166373 -64335.8 762.997 -7.19667 1.57878
1010000 FRAC0_S 0 1 -7500 -44029.6 8316.02 2.61713e+06 805146 -37954.7 668.303 -28.786 0.851599
Step FractureNumber TipNr TipActive TipX TipY TipZ KI KII KIII G Phi Psi Extension
1010101 FRAC0_S 0 1 -7521.25 -43927 8637.66 3.49674e+06 -512261 -106392 1114.45 16.3419 1.99442
1010101 FRAC0_S 0 1 -7512.7 -44019.3 8962.84 3.34814e+06 -254330 6509.65 1004.7 9.51837 -0.140584
1010101 FRAC0_S 0 1 -7510.33 -44210.2 9243.44 2.79109e+06 -131153 72964.1 696.426 5.99603 -1.88052
1010101 FRAC0_S 0 1 -7505.55 -44478.4 9451.43 3.58904e+06 -94913.9 126582 1150.78 3.44373 -2.55466
1010101 FRAC0_S 0 1 -7499.47 -44797.9 9566.08 2.61093e+06 -2315.43 86238.5 608.447 0.120031 -2.45813
1010101 FRAC0_S 0 1 -7494.61 -45137.2 9576.25 3.76892e+06 231113 212507 1276.55 -7.47014 -3.85084
1010101 FRAC0_S 0 1 -7505.54 -45461.8 9479.91 3.85295e+06 -354278 390701 1354.34 10.3717 -6.38963
1010101 FRAC0_S 0 1 -7520.19 -45741.1 9287.49 3.44976e+06 -979379 171355 1149.86 26.6316 -2.85949
1010101 FRAC0_S 0 1 -7510.26 -45950.1 9020.28 3.50052e+06 -625707 -95213.4 1128.01 19.2131 1.74248
1010101 FRAC0_S 0 1 -7492.6 -46065.7 8702.08 4.2027e+06 -125305 -13103.4 1575.35 3.98275 0.235139
1010101 FRAC0_S 0 1 -7487.1 -46075.8 8362.88 3.2174e+06 339926 31592.1 932.868 -12.6322 -0.684051
1010101 FRAC0_S 0 1 -7487.05 -45980.7 8037.16 3.20997e+06 667179 132761 960.191 -21.3557 -2.54627
1010101 FRAC0_S 0 1 -7489 -45789.8 7756.6 3.51554e+06 190733 -95725.9 1105.77 -6.84715 1.94295
1010101 FRAC0_S 0 1 -7494.61 -45521.5 7548.64 3.79837e+06 26407 -92070.6 1286.83 -0.940687 1.81526
1010101 FRAC0_S 0 1 -7500.99 -45202.1 7433.84 3.78381e+06 -75463.8 -109369 1277.91 2.63679 2.12449
1010101 FRAC0_S 0 1 -7504.12 -44862.8 7423.55 3.52643e+06 -112851 -170490 1113.15 4.08559 3.42447
1010101 FRAC0_S 0 1 -7504.4 -44536.8 7518.68 3.54472e+06 -65781.5 -168762 1123.84 2.41562 3.41726
1010101 FRAC0_S 0 1 -7505.55 -44256.4 7709.88 3.54252e+06 -18315.5 -115529 1120.09 0.695737 2.41854
1010101 FRAC0_S 0 1 -7519.71 -44045 7992 3.55786e+06 -414288 107901 1144.83 13.4939 -2.03971
1010101 FRAC0_S 0 1 -7530.07 -43940.1 8299.08 3.41223e+06 -862562 -24752.5 1103.92 25.2691 0.447953