
Step FractureNumber TipNr TipActive TipX TipY TipZ KI KII KIII G Phi Psi Extension
1010000 FRAC0_S 0 1 -14499.2 -14148.7 8500 -540652 4.41495e+06 440175 1762.68 -67.687 -6.14345
1010000 FRAC0_S 0 1 -14786.8 -14035.6 8500 -3.65087e+07 3.04194e+06 1.57711e+06 1155.38 -9.9719 -2.94251
1010000 FRAC0_S 0 1 -15095.2 -14016.9 8500 -509340 3.01483e+06 2.15265e+06 1426.25 -54.6078 -24.8325
1010000 FRAC0_S 0 1 -15394.4 -14094.5 8500 -539724 1.94813e+06 2.77118e+06 1359.56 -42.2554 -31.9382
1010000 FRAC0_S 0 1 -15679.6 -14282.5 8500 -327176 484118 1.94577e+06 524.425 -22.4246 -38.6114
1010000 FRAC0_S 0 1 -15851.3 -14499.2 8500 -590048 -798873 3.08718e+06 1324.45 22.7568 -38.0991
1010000 FRAC0_S 0 1 -15964.4 -14786.8 8500 -546693 -2.15371e+06 2.77679e+06 1438.84 44.2268 -31.0622
1010000 FRAC0_S 0 1 -15983.1 -15095.2 8500 -627358 -3.56364e+06 2.47845e+06 1948.64 54.8201 -24.4286
1010000 FRAC0_S 0 1 -15905.5 -15394.4 8500 -552181 -4.1139e+06 1.40151e+06 1769.36 62.7426 -16.256
1010000 FRAC0_S 0 1 -15739.4 -15654.9 8500 -475365 -4.53508e+06 528616 1869.88 67.7003 -7.14332
1010000 FRAC0_S 0 1 -15500.8 -15851.3 8500 -513114 -4.73419e+06 -506948 2031.36 67.8002 6.61564
1010000 FRAC0_S 0 1 -15213.2 -15964.4 8500 -9.23104e+06 -2.4511e+06 -1.23369e+06 737.787 24.0474 7.14931
1010000 FRAC0_S 0 1 -14904.8 -15983.1 8500 -295767 -4.00257e+06 -2.42825e+06 2211.82 58.5203 23.857
1010000 FRAC0_S 0 1 -14605.6 -15905.5 8500 2.12566e+07 -2.68062e+06 -2.76904e+06 41923.7 13.3472 7.73267
1010000 FRAC0_S 0 1 -14345.1 -15739.4 8500 -512846 -701575 -3.03045e+06 1265.28 21.2265 38.8659
1010000 FRAC0_S 0 1 -14148.7 -15500.8 8500 -497678 608293 -2.66907e+06 980.453 -20.7415 38.6519
1010000 FRAC0_S 0 1 -14035.6 -15213.2 8500 2.58426e+07 1.41327e+06 -2.75638e+06 60699.9 -6.43732 6.88531
1010000 FRAC0_S 0 1 -14016.9 -14904.8 8500 -207994 3.24004e+06 -2.50442e+06 1769.66 -55.4649 26.9759
1010000 FRAC0_S 0 1 -14094.5 -14605.6 8500 -5.84804e+06 4.01824e+06 -1.37992e+06 1692.05 -41.0854 9.07383
1010000 FRAC0_S 0 1 -14260.6 -14345.1 8500 -549238 3.82031e+06 -391216 1320.9 -67.2684 6.18681
Step FractureNumber TipNr TipActive TipX TipY TipZ KI KII KIII G Phi Psi Extension
1010101 FRAC0_S 0 1 -14477.1 -14101.9 8426.36 -7.91558e+06 1.15825e+07 948433 12074.2 -56.8441 -3.5471
1010101 FRAC0_S 0 1 -14772.8 -13964.9 8447.83 -3.43594e+07 2.31332e+07 289932 47698.1 -44.8294 -0.390545
1010101 FRAC0_S 0 1 -15100.1 -13947 8438.1 141896 5.34853e+06 2.29801e+06 3253.29 -63.1302 -20.1413
1010101 FRAC0_S 0 1 -15425.8 -14028.8 8436.46 1.92603e+06 1.99708e+06 2.93125e+06 1828.73 -34.8479 -27.3214
1010101 FRAC0_S 0 1 -15712.8 -14197.4 8473.79 -2.17351e+07 8.14333e+06 9.70155e+06 18427.2 -25.841 -17.1361
1010101 FRAC0_S 0 1 -15923.9 -14454.7 8527.24 1.37535e+06 -3.4687e+06 8.39826e+06 10621.3 31.8688 -36.1947
1010101 FRAC0_S 0 1 -16033.6 -14768.8 8564.98 1.38766e+06 -1.13052e+06 2.02419e+06 830.425 30.5076 -28.2055
1010101 FRAC0_S 0 1 -16039.7 -15098.7 8580.53 3.62732e+06 1.34622e+06 1.53858e+06 1648.8 -25.95 -16.5865
1010101 FRAC0_S 0 1 -15948 -15411.2 8588.01 -1.49597e+06 3.28553e+06 44567.7 962.183 -62.8673 -0.717497
1010101 FRAC0_S 0 1 -15768.8 -15680.2 8591.63 4.38031e+06 -1.53763e+06 778140 2000.98 28.4572 -8.61861
1010101 FRAC0_S 0 1 -15522.4 -15896.2 8579.61 3.04704e+06 -1.01597e+07 -244641 10033.1 65.8082 1.40768
1010101 FRAC0_S 0 1 -15226.6 -16030.1 8564.85 3.29809e+07 1.80921e+07 -2.23072e+06 126758 -39.454 3.20644
1010101 FRAC0_S 0 1 -14897.4 -16053.6 8558.6 2.74651e+06 -3.10241e+06 -2.26494e+06 2212.15 43.2964 19.2019
1010101 FRAC0_S 0 1 -14569.5 -15980.6 8541.92 326689 -2.77847e+06 -2.54709e+06 1560.29 51.9048 28.4481
1010101 FRAC0_S 0 1 -14284.3 -15808.4 8515.02 2.69225e+07 4.10617e+06 2.26371e+06 66772.6 -16.2023 -5.15103
1010101 FRAC0_S 0 1 -14068.7 -15547.3 8488.54 318902 -3.32786e+06 9.75308e+06 13647.2 30.4516 -39.2901
1010101 FRAC0_S 0 1 -13952.9 -15234.4 8464.95 -1.1073e+06 -143301 319314 15.3907 12.1958 -14.4996
1010101 FRAC0_S 0 1 -13947.2 -14899.9 8439.58 2.09566e+06 2.33046e+06 -2.2335e+06 1538.79 -40.4195 22.4478
1010101 FRAC0_S 0 1 -14038.5 -14582.8 8423.48 3.32813e+06 2.46848e+06 -1.49709e+06 1828.1 -39.3637 14.6198
1010101 FRAC0_S 0 1 -14224.1 -14316.6 8414.32 4.12595e+06 1.72151e+06 -613496 1831.1 -32.3331 7.10891