
Step FractureNumber TipNr TipActive TipX TipY TipZ KI KII KIII G Phi Psi Extension
1010000 FRAC0_S 0 1 -37500 -14017.8 8603.45 2.22466e+06 466180 49919.7 460.714 -21.7876 -1.40973
1010000 FRAC0_S 0 1 -37500 -14097.8 8901.92 2.26131e+06 1.17907e+06 396964 600.504 -36.4079 -7.71578
1010000 FRAC0_S 0 1 -37500 -14266.1 9161.05 2.51885e+06 278782 154504 575.468 -12.5965 -3.99186
1010000 FRAC0_S 0 1 -37500 -14506.3 9355.47 2.25572e+06 131098 150331 457.952 -7.04712 -4.50581
1010000 FRAC0_S 0 1 -37500 -14794.9 9466.15 1.80251e+06 55946.4 140916 292.441 -3.86267 -5.33352
1010000 FRAC0_S 0 1 -37500 -15103.5 9482.25 2.10103e+06 -96520.2 355824 411.029 5.19213 -10.2288
1010000 FRAC0_S 0 1 -37500 -15401.9 9402.21 2.28019e+06 -102192 156119 467.48 5.52251 -4.67221
1010000 FRAC0_S 0 1 -37500 -15661 9233.85 2.04557e+06 303237 -199500 386.354 -15.6682 5.90416
1010000 FRAC0_S 0 1 -37500 -15855.5 8993.66 2.03988e+06 70840.5 -7920.59 371.254 -4.60287 0.291143
1010000 FRAC0_S 0 1 -37500 -15966.1 8705.15 2.43822e+06 -148896 78313.8 532.543 7.60221 -2.26325
1010000 FRAC0_S 0 1 -37500 -15982.2 8396.55 2.24622e+06 -263711 -12196.4 455.823 13.873 0.376417
1010000 FRAC0_S 0 1 -37500 -15902.2 8098.08 2.50039e+06 -298767 -34910 565.225 13.9809 0.955797
1010000 FRAC0_S 0 1 -37500 -15733.9 7838.95 2.04433e+06 356616 242379 391.562 -17.6136 -6.87472
1010000 FRAC0_S 0 1 -37500 -15493.7 7644.53 2.19874e+06 -95988.6 -147629 434.517 5.39411 4.59415
1010000 FRAC0_S 0 1 -37500 -15205.1 7533.85 1.91499e+06 73900.6 318887 340.795 -4.41135 -10.1479
1010000 FRAC0_S 0 1 -37500 -14896.5 7517.75 2.40306e+06 12309.1 -175148 518.676 -0.663643 5.12283
1010000 FRAC0_S 0 1 -37500 -14598.1 7597.79 1.78329e+06 94036 -125943 286.278 -6.41754 4.77335
1010000 FRAC0_S 0 1 -37500 -14339 7766.15 2.00892e+06 272262 -211922 372.205 -14.454 6.39182
1010000 FRAC0_S 0 1 -37500 -14144.5 8006.34 1.89719e+06 193605 -70297.9 324.732 -11.9804 2.50234
1010000 FRAC0_S 0 1 -37500 -14033.9 8294.85 2.143e+06 -194834 27132.9 412.713 11.0586 -0.89054
Step FractureNumber TipNr TipActive TipX TipY TipZ KI KII KIII G Phi Psi Extension
1010101 FRAC0_S 0 1 -37528.6 -13929.2 8611.4 2.45633e+06 -501707 238241 567.628 20.2506 -5.63056
1010101 FRAC0_S 0 1 -37544.4 -14019.8 8937.05 2.17705e+06 -920830 23240.8 497.973 35.2114 -0.57898
1010101 FRAC0_S 0 1 -37528.8 -14199.1 9223.38 2.34235e+06 -581129 -42341.8 519.244 24.7443 1.10685
1010101 FRAC0_S 0 1 -37513.3 -14458.3 9439.18 2.4506e+06 -232620 83127.1 540.888 11.2775 -2.31405
1010101 FRAC0_S 0 1 -37504.2 -14774.7 9561.2 2.76673e+06 -90286.8 124383 684.905 4.17547 -3.19669
1010101 FRAC0_S 0 1 -37494.8 -15113.6 9578.9 2.46375e+06 99060.2 108056 543.331 -5.09619 -3.10166
1010101 FRAC0_S 0 1 -37499.7 -15440.9 9490.31 2.44233e+06 -97486.8 221772 538.928 4.8549 -6.05104
1010101 FRAC0_S 0 1 -37513.1 -15725 9304.8 2.21653e+06 282929 -330802 459.487 -13.2957 8.66585
1010101 FRAC0_S 0 1 -37507.4 -15939 9041.6 2.21402e+06 47695.3 -145647 439.831 -2.74624 4.59827
1010101 FRAC0_S 0 1 -37489.4 -16060.4 8725.35 2.366e+06 61664.1 -43707 499.427 -3.44961 1.36913
1010101 FRAC0_S 0 1 -37478.6 -16077 8386.74 2.53971e+06 414283 -33568.8 590.215 -18.0676 0.872256
1010101 FRAC0_S 0 1 -37489.5 -15988.4 8059.84 1.82848e+06 24886.7 43526.1 298.232 -1.82471 -1.77241
1010101 FRAC0_S 0 1 -37506.7 -15803.8 7775.62 2.33136e+06 -355215 -71694.7 496.263 16.8685 2.00513
1010101 FRAC0_S 0 1 -37504.9 -15545.8 7563.66 1.55677e+06 -137774 -111535 219.308 10.2723 4.69105
1010101 FRAC0_S 0 1 -37501.8 -15225.3 7438.67 2.35808e+06 -92093.8 -109656 497.856 4.94611 3.28075
1010101 FRAC0_S 0 1 -37505.3 -14886.4 7420.94 2.636e+06 -135867 -137174 623.33 6.386 3.60465
1010101 FRAC0_S 0 1 -37512.2 -14559 7509.56 2.20841e+06 237625 -615339 489.987 -10.4451 14.3448
1010101 FRAC0_S 0 1 -37520.5 -14275.3 7695.26 2.17033e+06 -217447 -145098 426.749 11.5031 4.36002
1010101 FRAC0_S 0 1 -37511.8 -14062 7958.81 2.18565e+06 370096 -293049 449.312 -17.0064 7.67447
1010101 FRAC0_S 0 1 -37504.9 -13941.6 8274.87 2.38365e+06 126826 6295.11 507.745 -6.87714 -0.194892