
Step FractureNumber TipNr TipActive TipX TipY TipZ KI KII KIII G Phi Psi Extension
1010000 FRAC0_S 0 1 -15000 -29019.2 8617.02 1.28939e+07 5.09091e+06 -3.57082e+06 18820.1 -29.1601 12.0156
1010000 FRAC0_S 0 1 -15000 -29103.5 8914.36 7.85544e+06 1.73144e+06 -2.64236e+06 6694.55 -18.4183 15.3128
1010000 FRAC0_S 0 1 -15000 -29275.4 9171.13 9.71285e+06 2.46846e+06 -3.34394e+06 10436.8 -20.4899 15.2693
1010000 FRAC0_S 0 1 -15000 -29518.2 9362.22 8.6089e+06 2.38721e+06 -3.81015e+06 9042.83 -20.7525 17.8868
1010000 FRAC0_S 0 1 -15000 -29808.3 9468.89 6.08426e+06 2.53825e+06 -3.63089e+06 5626.19 -25.9969 20.2152
1010000 FRAC0_S 0 1 -15000 -30117.1 9480.74 5.90173e+06 3.83876e+06 -3.13035e+06 5720.15 -35.5286 17.0185
1010000 FRAC0_S 0 1 -15000 -30414.4 9396.57 7.21217e+06 5.02484e+06 -1.78729e+06 7309.89 -41.175 9.40454
1010000 FRAC0_S 0 1 -15000 -30671.2 9224.65 6.78341e+06 3.97949e+06 -83343.8 5512.47 -41.9429 0.597413
1010000 FRAC0_S 0 1 -15000 -30862.2 8981.79 1.10242e+07 -81794 2.43189e+06 11617 0.843304 -12.9467
1010000 FRAC0_S 0 1 -15000 -30968.9 8691.77 1.18744e+07 -2.84436e+06 2.58932e+06 14177.2 21.1167 -10.9304
1010000 FRAC0_S 0 1 -15000 -30980.8 8382.98 1.42252e+07 -7.22216e+06 1.60342e+06 23021.9 36.9924 -5.26602
1010000 FRAC0_S 0 1 -15000 -30896.5 8085.64 1.68747e+07 -1.08277e+07 -980314 35949.5 42.8746 2.62732
1010000 FRAC0_S 0 1 -15000 -30724.6 7828.87 2.89056e+07 -3.1866e+07 -1.5704e+07 197740 46.1818 14.6255
1010000 FRAC0_S 0 1 -15000 -30481.8 7637.78 2.09755e+07 -1.08128e+07 -8.05027e+06 58243.6 32.8414 14.4141
1010000 FRAC0_S 0 1 -15000 -30191.7 7531.11 2.81205e+07 -2.7944e+07 -2.29788e+07 210275 40.7452 19.8866
1010000 FRAC0_S 0 1 -15000 -29882.9 7519.26 1.9136e+07 -2.11807e+06 -1.14418e+07 50442.5 8.77554 23.2545
1010000 FRAC0_S 0 1 -15000 -29585.6 7603.43 9.03437e+06 -9.43274e+06 -1.41517e+06 15468.2 50.6643 5.38466
1010000 FRAC0_S 0 1 -15000 -29328.8 7775.35 1.74003e+07 -1.23343e+07 -2.33741e+07 113201 28.7388 27.937
1010000 FRAC0_S 0 1 -15000 -29137.8 8018.21 2.53574e+07 2.20374e+07 -1.7674e+07 142119 -39.3857 18.7517
1010000 FRAC0_S 0 1 -15000 -29031.1 8308.23 8.92263e+06 -3.6129e+06 -1.29529e+07 30571.8 18.4381 31.1162
Step FractureNumber TipNr TipActive TipX TipY TipZ KI KII KIII G Phi Psi Extension
1010101 FRAC0_S 0 1 -15024.3 -28931.1 8627.54 1.52871e+07 3.60838e+06 -3.52088e+06 23633.7 -20.7221 11.4371
1010101 FRAC0_S 0 1 -15036.7 -29021.5 8952.76 1.31977e+07 1.75493e+06 -4.59517e+06 18604 -12.0045 16.5121
1010101 FRAC0_S 0 1 -15034.2 -29208 9233.32 1.06308e+07 287616 -3.534e+06 11739.2 -2.75839 17.0999
1010101 FRAC0_S 0 1 -15037.4 -29473.8 9440.99 9.40837e+06 155503 -3.90061e+06 9913.51 -1.60754 19.8268
1010101 FRAC0_S 0 1 -15045.3 -29790.5 9553.59 2.6193e+07 1.6823e+07 9.1509e+06 97492.7 -37.868 -12.667
1010101 FRAC0_S 0 1 -15056.5 -30125.4 9560.26 8.67735e+06 156524 -2.83269e+06 7779.05 -1.8657 16.9932
1010101 FRAC0_S 0 1 -15064.1 -30445.2 9464.57 9.0011e+06 -199192 -1.06044e+06 7372.78 2.69145 7.70877
1010101 FRAC0_S 0 1 -15049.5 -30726.1 9281.2 9.18317e+06 -1.22145e+06 248544 7655.87 15.1317 -1.80182
1010101 FRAC0_S 0 1 -15007 -30941.3 9024.35 -734304 1.48756e+07 -9.72343e+06 32293 -58.0714 25.0765
1010101 FRAC0_S 0 1 -14966.6 -31056.3 8710.65 8.7456e+06 3.26992e+06 -1.77843e+06 8189.08 -29.254 9.50786
1010101 FRAC0_S 0 1 -14943.9 -31059.9 8375.09 1.90914e+07 -1.57994e+06 1.35849e+06 32946.8 9.6805 -4.68446
1010101 FRAC0_S 0 1 -14932.9 -30962.4 8056.14 2.36051e+07 -1.11796e+06 -2.24467e+06 50433.7 5.68347 6.26372
1010101 FRAC0_S 0 1 -14933.3 -30776.9 7779.32 2.42385e+07 -182174 -6.29833e+06 57631.6 0.827783 14.6051
1010101 FRAC0_S 0 1 -14938.5 -30518.6 7570.78 2.44462e+07 3.04132e+06 -1.06058e+07 69038.1 -10.7312 19.1584
1010101 FRAC0_S 0 1 -14949.9 -30206.4 7451.08 2.35168e+07 -1.91423e+06 -8.96622e+06 60300.3 7.5743 18.0897
1010101 FRAC0_S 0 1 -14956.7 -29874.2 7437.24 8.23696e+06 1.9811e+07 -3.64825e+06 42789.5 -60.1577 8.54066
1010101 FRAC0_S 0 1 -14945.5 -29554.6 7534.05 1.39421e+07 -3.55773e+06 -1.83406e+06 18896.7 23.3918 7.10232
1010101 FRAC0_S 0 1 -14972.5 -29275.6 7719.38 1.57606e+07 9.32612e+06 -7.17656e+06 36735.1 -34.6198 15.7173
1010101 FRAC0_S 0 1 -15011.8 -29065.9 7978.68 1.25924e+07 -7.44382e+06 -1.93721e+07 68979.7 23.947 30.3685
1010101 FRAC0_S 0 1 -15012.2 -28946 8292.19 1.59019e+07 6.10483e+06 -6.34286e+06 31205.1 -26.9017 15.7996