
Step FractureNumber TipNr TipActive TipX TipY TipZ KI KII KIII G Phi Psi Extension
1010000 FRAC0_S 0 1 29401.8 -14232.6 8330.75 1.74672e+06 4.79592e+06 1.94372e+06 2823.97 -56.7623 -16.134
1010000 FRAC0_S 0 1 29263.9 -14346.6 8582.7 1.39788e+06 4.6055e+06 2.4609e+06 2869.66 -55.4515 -19.8882
1010000 FRAC0_S 0 1 29198.1 -14524.7 8826.54 1.72707e+06 5.01205e+06 4.42238e+06 5105.43 -48.7516 -25.7244
1010000 FRAC0_S 0 1 29210.9 -14749.3 9038.42 1.54032e+06 3.39567e+06 5.42519e+06 5153.46 -38.3637 -31.794
1010000 FRAC0_S 0 1 29300.8 -14998.4 9197.59 1.49424e+06 1.31002e+06 6.2516e+06 5549.85 -18.7876 -38.1196
1010000 FRAC0_S 0 1 29459.2 -15247.7 9288.48 1.37824e+06 -1.50008e+06 6.71013e+06 6358.23 20.1892 -38.4241
1010000 FRAC0_S 0 1 29670.5 -15472.7 9302.19 600088 -3.12488e+06 4.98891e+06 4212.5 41.2033 -33.84
1010000 FRAC0_S 0 1 29914.1 -15651.5 9237.38 -7.60611e+06 -1.60255e+07 -1.55791e+06 23207.8 60.7354 4.69786
1010000 FRAC0_S 0 1 30157.7 -15763.8 9106.11 4.4219e+06 -6.12606e+06 1.38906e+07 30748.6 30.6955 -33.6731
1010000 FRAC0_S 0 1 30401.9 -15806.4 8904.62 863845 -8.16264e+06 1.02782e+06 6144.28 67.5221 -7.62883
1010000 FRAC0_S 0 1 30598.2 -15767.4 8669.25 715586 -5.43741e+06 -612880 2730.17 67.3013 6.79477
1010000 FRAC0_S 0 1 30736.1 -15653.4 8417.3 1.79976e+06 -5.47698e+06 -2.80711e+06 4009.72 55.3897 19.1561
1010000 FRAC0_S 0 1 30801.9 -15475.3 8173.46 2.12999e+06 -2.41178e+06 -3.3062e+06 2376.42 36.4129 27.0032
1010000 FRAC0_S 0 1 30789.1 -15250.7 7961.58 3.04126e+06 361555 -3.72538e+06 2681.68 -6.92097 31.7513
1010000 FRAC0_S 0 1 30699.2 -15001.6 7802.41 3.28342e+06 2.46794e+06 -3.28737e+06 2940.73 -33.0071 24.0033
1010000 FRAC0_S 0 1 30540.8 -14752.3 7711.52 3.29838e+06 4.09819e+06 -1.94541e+06 2969.43 -47.9448 14.812
1010000 FRAC0_S 0 1 30329.5 -14527.3 7697.81 3.02231e+06 4.50343e+06 -821491 2710.95 -55.1565 7.35673
1010000 FRAC0_S 0 1 30085.9 -14348.5 7762.62 2.95503e+06 5.15335e+06 -123737 3146.66 -60.209 1.16496
1010000 FRAC0_S 0 1 29833.9 -14233.5 7899.62 2.56659e+06 5.64029e+06 429267 3446.36 -61.5764 -3.79552
1010000 FRAC0_S 0 1 29598.1 -14193.6 8095.38 1.6449e+07 -8.61901e+06 -7.90536e+06 39041.9 31.8122 16.8037
Step FractureNumber TipNr TipActive TipX TipY TipZ KI KII KIII G Phi Psi Extension
1010101 FRAC0_S 0 1 29337.6 -14212.9 8290.12 6.31617e+06 8.58234e+06 1.76812e+06 10534.3 -53.5303 -7.9034
1010101 FRAC0_S 0 1 29174.4 -14356 8541.47 4.69113e+06 216103 2.2409e+06 2633.05 -4.16852 -21.2094
1010101 FRAC0_S 0 1 29102.6 -14537.1 8806.76 5.26118e+06 1.66932e+06 3.54707e+06 4388.25 -20.5284 -22.624
1010101 FRAC0_S 0 1 29116 -14764.8 9048.54 5.02387e+06 -1.84751e+06 1.84011e+06 3003.56 26.5424 -15.0034
1010101 FRAC0_S 0 1 29225.5 -15012.5 9247.17 3.68359e+06 158524 5.08899e+06 4655.77 -2.4629 -33.7304
1010101 FRAC0_S 0 1 29425.3 -15253.5 9372.76 3.68605e+06 -962322 5.25443e+06 4965.26 12.9437 -32.0961
1010101 FRAC0_S 0 1 29680.6 -15468 9397.2 4.98534e+06 -2.14068e+06 4.23462e+06 5008 23.8948 -24.4891
1010101 FRAC0_S 0 1 29932.6 -15639.4 9333.83 3.42193e+06 -1.4934e+06 2.22815e+06 1902.48 26.2087 -21.1187
1010101 FRAC0_S 0 1 30216.8 -15775.1 9180.22 5.44897e+06 -884837 878977 2818.31 16.1212 -9.0153
1010101 FRAC0_S 0 1 30466.4 -15798.9 8974.53 4.8438e+06 2.42001e+06 -129732 2614.84 -38.3245 1.35848
1010101 FRAC0_S 0 1 30676.2 -15747.8 8727.13 4.46781e+06 363472 -853042 1887.31 -8.66579 10.9622
1010101 FRAC0_S 0 1 30825 -15643.7 8455.57 2.51664e+06 4.6081e+06 -1.30447e+06 2682.9 -55.6152 11.2806
1010101 FRAC0_S 0 1 30892.2 -15483.1 8172.71 1.51068e+07 -9.08359e+06 5.56566e+06 31808.7 36.2144 -13.4348
1010101 FRAC0_S 0 1 30857.2 -15275.8 7910.29 5.19618e+06 2.67749e+06 -2.66259e+06 3987.71 -31.0566 17.6038
1010101 FRAC0_S 0 1 30729.7 -15031.9 7717.71 5.44379e+06 805151 -1.79866e+06 3128.8 -13.3061 15.7848
1010101 FRAC0_S 0 1 30537.6 -14778.2 7617.22 6.82809e+06 1.92e+06 -805253 4569.29 -25.3093 6.34018
1010101 FRAC0_S 0 1 30302.3 -14548.1 7605.03 -4.95084e+06 -1.57702e+07 -9.66694e+06 34590.5 53.8022 21.4736
1010101 FRAC0_S 0 1 30041.2 -14365.7 7675.65 8.25105e+06 1.25406e+06 6.22471e+06 11360.1 -10.7165 -25.6989
1010101 FRAC0_S 0 1 29792.1 -14219.8 7836.87 5.3556e+06 848890 510882 2654.82 -16.5788 -5.74297
1010101 FRAC0_S 0 1 29561.1 -14148.5 8058.84 4.0908e+06 4.42218e+06 1.30936e+06 3461.86 -48.8417 -9.81134