
Step FractureNumber TipNr TipActive TipX TipY TipZ KI KII KIII G Phi Psi Extension
1010000 FRAC0_S 0 1 0 -29019.2 8617.02 -4.94664e+06 264366 14479.7 6.25572 -6.90366 -0.215882
1010000 FRAC0_S 0 1 0 -29103.5 8914.36 -7.11377e+06 139849 19348 1.79258 -2.66612 -0.207267
1010000 FRAC0_S 0 1 0 -29275.4 9171.13 -9.11652e+06 160124 -60661.3 2.77417 -2.38025 0.505347
1010000 FRAC0_S 0 1 0 -29518.2 9362.22 -1.0015e+07 54341.8 -5133.66 0.26665 -0.753123 0.0397379
1010000 FRAC0_S 0 1 0 -29808.3 9468.89 -1.22157e+07 -272884 14708.2 6.66441 3.02216 -0.0917097
1010000 FRAC0_S 0 1 0 -30117.1 9480.74 -9.99781e+06 35738.4 -1344.52 0.114055 -0.49771 0.0104502
1010000 FRAC0_S 0 1 0 -30414.4 9396.57 -9.73169e+06 6.56099e+06 4.01367e+06 5978.45 -37.9265 -14.1279
1010000 FRAC0_S 0 1 0 -30671.2 9224.65 -7.36e+06 2.5872e+07 -1.66067e+07 96326 -53.8124 22.3264
1010000 FRAC0_S 0 1 0 -30862.2 8981.79 -6.84969e+06 -264342 77924.4 7.03432 5.05117 -0.841252
1010000 FRAC0_S 0 1 0 -30968.9 8691.77 -4.94082e+06 -232927 25873.3 4.92371 6.13111 -0.387312
1010000 FRAC0_S 0 1 0 -30980.8 8382.98 -3.52897e+06 -321201 -30071.2 9.31374 11.1093 0.602505
1010000 FRAC0_S 0 1 0 -30896.5 8085.64 -1.97976e+06 -420554 -134431 18.164 21.3012 4.04393
1010000 FRAC0_S 0 1 0 -30724.6 7828.87 311599 -271591 -161150 18.6789 41.7631 15.3403
1010000 FRAC0_S 0 1 0 -30481.8 7637.78 858826 -483240 -557419 127.86 31.0863 20.0478
1010000 FRAC0_S 0 1 0 -30191.7 7531.11 1.79985e+06 -250711 -438000 319.784 13.3939 12.7062
1010000 FRAC0_S 0 1 0 -29882.9 7519.26 1.97942e+06 61570.8 -398372 370.589 -3.48907 11.858
1010000 FRAC0_S 0 1 0 -29585.6 7603.43 1.69196e+06 2.01063e+07 -1.29533e+07 58594.8 -57.568 24.4888
1010000 FRAC0_S 0 1 0 -29328.8 7775.35 925058 2.67292e+07 1.55609e+07 95946 -59.8128 -23.8075
1010000 FRAC0_S 0 1 0 -29137.8 8018.21 -256183 285404 -163786 10.8263 -45.1861 16.3322
1010000 FRAC0_S 0 1 0 -29031.1 8308.23 -2.67616e+06 1.65575e+07 1.02988e+07 38536.4 -56.4883 -23.1877
Step FractureNumber TipNr TipActive TipX TipY TipZ KI KII KIII G Phi Psi Extension
1010101 FRAC0_S 0 1 -28.0172 -28933.8 8630.7 126476 1.09324e+07 8.03708e+06 19242.7 -57.207 -26.9829
1010101 FRAC0_S 0 1 -6.36909 -29015.2 8955.22 -7.08086e+06 1.10107e+06 239551 115.665 -17.1077 -2.19203
1010101 FRAC0_S 0 1 -3.23946 -29216.1 9215.56 -8.78458e+06 1.10099e+06 199072 113.287 -14.4501 -1.52687
1010101 FRAC0_S 0 1 0.27977 -29495.1 9403.68 -1.06654e+07 353146 404833 32.9105 -4.2611 -2.7228
1010101 FRAC0_S 0 1 2.63611 -29798.5 9517.87 -1.14023e+07 -382450 325500 27.1253 4.35147 -2.07264
1010101 FRAC0_S 0 1 -14.0482 -30120.4 9523.13 -2.3997e+07 -2.70055e+07 2.1313e+07 125402 42.5196 -20.1219
1010101 FRAC0_S 0 1 -50.9097 -30441 9443.2 -7.6678e+06 4.91178e+06 2.70598e+06 3123.7 -37.7589 -12.774
1010101 FRAC0_S 0 1 -53.5196 -30721.2 9276.35 -6.08165e+06 4.86031e+06 126924 2107.15 -47.9771 -0.890064
1010101 FRAC0_S 0 1 -13.1049 -30940.1 9021.74 -5.16329e+06 1.9409e+07 -8.55538e+06 43303.4 -57.9956 17.9429
1010101 FRAC0_S 0 1 12.3584 -31063.8 8710.66 -5.24208e+06 -1.48856e+06 146819 200.317 27.0224 -1.65009
1010101 FRAC0_S 0 1 21.386 -31075 8372.22 -3.07074e+06 -1.7951e+06 5678.98 287.152 42.0836 -0.0908838
1010101 FRAC0_S 0 1 39.6319 -30976.9 8050.52 -1.11703e+06 -1.39786e+06 -282187 184.712 52.483 7.53326
1010101 FRAC0_S 0 1 55.2926 -30783.6 7775.06 395230 -388775 -443896 53.5951 37.3092 23.8849
1010101 FRAC0_S 0 1 48.2588 -30521.1 7563.88 1.07319e+06 1.47388e+06 -332117 310.876 -53.3237 8.55828
1010101 FRAC0_S 0 1 22.9689 -30208.7 7439.93 2.49863e+06 395268 -586299 615.968 -14.9977 12.2039
1010101 FRAC0_S 0 1 -18.3525 -29876.2 7433.68 2.99039e+06 -438069 -594366 860.948 14.4153 10.804
1010101 FRAC0_S 0 1 -65.3325 -29562.9 7545.09 2.40099e+06 -1.32254e+06 -710743 736.747 35.5287 11.6543
1010101 FRAC0_S 0 1 -82.0551 -29290.8 7736.15 2.17751e+06 -292153 -1.02197e+06 569.031 11.2241 20.0028
1010101 FRAC0_S 0 1 -77.924 -29084.9 7989.13 1.55475e+06 1.41593e+06 -545314 433.605 -45.0273 11.3036
1010101 FRAC0_S 0 1 -62.4286 -28964 8297.22 -450946 2.70176e+06 32572.5 650.598 -68.387 -0.794175