
Step FractureNumber TipNr TipActive TipX TipY TipZ KI KII KIII G Phi Psi Extension
1010000 FRAC0_S 0 1 0 -29019.2 8617.02 -6.78124e+06 279784 38488.5 7.17245 -5.40853 -0.421891
1010000 FRAC0_S 0 1 0 -29103.5 8914.36 -8.96507e+06 115011 36337.4 1.35433 -1.75508 -0.310378
1010000 FRAC0_S 0 1 0 -29275.4 9171.13 -1.10518e+07 146308 -48519.9 2.22061 -1.80942 0.335891
1010000 FRAC0_S 0 1 0 -29518.2 9362.22 -1.19024e+07 32037.6 6805.68 0.0976234 -0.375109 -0.044444
1010000 FRAC0_S 0 1 0 -29808.3 9468.89 -1.43933e+07 -338292 23550.6 10.2716 3.17299 -0.124412
1010000 FRAC0_S 0 1 0 -30117.1 9480.74 -1.18487e+07 6554.79 2046.01 0.0043854 -0.0773712 -0.0134581
1010000 FRAC0_S 0 1 0 -30414.4 9396.57 -1.15921e+07 7.49924e+06 4.72615e+06 7982.18 -37.1411 -14.1783
1010000 FRAC0_S 0 1 0 -30671.2 9224.65 -9.12794e+06 2.753e+07 -1.7945e+07 110366 -52.7917 22.0701
1010000 FRAC0_S 0 1 0 -30862.2 8981.79 -8.73794e+06 -309305 60103.6 9.00559 4.67396 -0.513321
1010000 FRAC0_S 0 1 0 -30968.9 8691.77 -6.81701e+06 -214493 -9226.71 4.11101 4.20007 0.102161
1010000 FRAC0_S 0 1 0 -30980.8 8382.98 -5.45091e+06 -264696 -42402.7 6.48252 6.28787 0.572611
1010000 FRAC0_S 0 1 0 -30896.5 8085.64 -3.92953e+06 -441979 -164478 21.0052 12.9768 2.78494
1010000 FRAC0_S 0 1 0 -30724.6 7828.87 -1.16825e+06 -274383 -174882 10.7764 21.7343 8.04742
1010000 FRAC0_S 0 1 0 -30481.8 7637.78 -1.34721e+06 -454842 -635072 72.0762 23.6901 18.0846
1010000 FRAC0_S 0 1 0 -30191.7 7531.11 -196436 -201260 -448933 30.4144 29.3249 32.0815
1010000 FRAC0_S 0 1 0 -29882.9 7519.26 130827 83701.5 -397411 23.1549 -17.8397 36.7374
1010000 FRAC0_S 0 1 0 -29585.6 7603.43 -59107 2.08456e+07 -1.35547e+07 63157.7 -59.0745 25.5756
1010000 FRAC0_S 0 1 0 -29328.8 7775.35 -715684 2.77768e+07 1.68109e+07 106340 -59.5232 -24.3998
1010000 FRAC0_S 0 1 0 -29137.8 8018.21 -1.73633e+06 300603 -149696 11.0326 -17.9233 5.18519
1010000 FRAC0_S 0 1 0 -29031.1 8308.23 -4.36023e+06 1.70758e+07 1.08961e+07 41773.6 -54.4142 -22.5386
Step FractureNumber TipNr TipActive TipX TipY TipZ KI KII KIII G Phi Psi Extension
1010101 FRAC0_S 0 1 -25.044 -28955.6 8620.1 -6.18765e+06 3.26136e+06 458425 975.766 -38.5003 -3.53847
1010101 FRAC0_S 0 1 -3.14579 -29060.4 8934.28 -9.48321e+06 1.01888e+06 245697 100.536 -12.6428 -1.76585
1010101 FRAC0_S 0 1 -1.57876 -29238.7 9205.09 -1.19513e+07 700450 24455.4 43.7996 -7.52224 -0.150357
1010101 FRAC0_S 0 1 0.59439 -29495.1 9403.68 -1.27606e+07 -1267.5 268344 9.57729 0.0136176 -1.59233
1010101 FRAC0_S 0 1 2.76754 -29798.5 9517.86 -1.47442e+07 -959095 210604 87.8681 8.18325 -1.02647
1010101 FRAC0_S 0 1 -13.7107 -30120.5 9523.31 -7.07558e+06 2.25553e+07 7.03808e+06 51922.1 -59.63 -13.7553
1010101 FRAC0_S 0 1 -50.1 -30441.3 9443.84 -8.57484e+06 9.71545e+06 -347661 8427.16 -53.9574 1.44348
1010101 FRAC0_S 0 1 -52.8795 -30721.8 9277.07 -8.06276e+06 5.42144e+06 152144 2622.2 -44.5957 -0.866155
1010101 FRAC0_S 0 1 -14.0058 -30940.4 9022.02 -8.96573e+06 1.16355e+06 789899 203.625 -14.1235 -5.46986
1010101 FRAC0_S 0 1 8.43721 -31064.2 8710.65 -7.32031e+06 -1.15155e+06 -109534 119.761 17.5263 0.990224
1010101 FRAC0_S 0 1 12.9211 -31076.7 8371.7 -5.63009e+06 -1.40178e+06 95357.3 176.309 24.8273 -1.03768
1010101 FRAC0_S 0 1 23.2235 -30982.5 8046.47 -3.39805e+06 -1.0747e+06 -161376 106.384 28.7027 2.6762
1010101 FRAC0_S 0 1 34.1737 -30792 7767.1 -1.39072e+07 3.09779e+07 -2.32645e+07 157497 -49.1744 22.7815
1010101 FRAC0_S 0 1 41.591 -30525.4 7560.65 -896707 1.15369e+06 -813274 206.575 -45.0407 19.4901
1010101 FRAC0_S 0 1 26.8739 -30208.6 7444.73 1.22671e+06 461498 31469.9 153.205 -32.5295 -1.41634
1010101 FRAC0_S 0 1 -24.5196 -29876.2 7438.97 1.2743e+06 39436.9 -111460 146.49 -3.82038 5.89832
1010101 FRAC0_S 0 1 -72.0965 -29563.4 7547.18 3.12245e+06 1.28294e+06 -1.73254e+06 1414.69 -26.2044 19.3877
1010101 FRAC0_S 0 1 -72.2312 -29285.5 7733.49 586974 468342 -247510 58.3953 -41.2815 13.6274
1010101 FRAC0_S 0 1 -57.2641 -29073.4 7982.88 -1.74563e+06 1.08447e+06 696449 169.311 -36.4327 -14.117
1010101 FRAC0_S 0 1 -50.7123 -28957.1 8293.93 -1.75078e+07 -1.75885e+07 -1.6026e+07 61725.4 39.8809 21.2088