
Step FractureNumber TipNr TipActive TipX TipY TipZ KI KII KIII G Phi Psi Extension
1010000 FRAC0_S 0 1 -45000 -29019.2 8617.02 240399 -407630 152830 23.063 53.1237 -13.6832
1010000 FRAC0_S 0 1 -45000 -29103.5 8914.36 158705 -339248 26833 12.5958 61.2502 -3.90197
1010000 FRAC0_S 0 1 -45000 -29275.4 9171.13 214650 -444844 -70513.7 22.4006 59.3185 7.22638
1010000 FRAC0_S 0 1 -45000 -29518.2 9362.22 250183 -434509 -185961 27.0007 52.4342 15.1544
1010000 FRAC0_S 0 1 -45000 -29808.3 9468.89 184577 -199900 -115784 8.37967 44.7656 16.2851
1010000 FRAC0_S 0 1 -45000 -30117.1 9480.74 201214 -116268 -230632 11.8868 26.5476 26.9777
1010000 FRAC0_S 0 1 -45000 -30414.4 9396.57 282577 -39448.6 -338693 22.5109 8.10924 31.3123
1010000 FRAC0_S 0 1 -45000 -30671.2 9224.65 243348 -188052 -62136.5 8.94168 43.1814 9.29716
1010000 FRAC0_S 0 1 -45000 -30862.2 8981.79 293742 209911 -254557 20.2336 -33.3939 22.4676
1010000 FRAC0_S 0 1 -45000 -30968.9 8691.77 312921 314897 -215209 23.7216 -42.5276 17.7614
1010000 FRAC0_S 0 1 -45000 -30980.8 8382.98 319630 375890 -152481 24.7867 -48.3033 12.9584
1010000 FRAC0_S 0 1 -45000 -30896.5 8085.64 342064 433297 -84101.4 28.0974 -52.7892 7.31658
1010000 FRAC0_S 0 1 -45000 -30724.6 7828.87 265988 341677 -7878.44 16.7157 -56.1434 0.992929
1010000 FRAC0_S 0 1 -45000 -30481.8 7637.78 350735 446452 85064.7 29.6857 -52.92 -7.2138
1010000 FRAC0_S 0 1 -45000 -30191.7 7531.11 329388 294023 -113274 19.0781 -44.7257 11.2132
1010000 FRAC0_S 0 1 -45000 -29882.9 7519.26 331583 300508 248124 26.0327 -39.6375 -19.3652
1010000 FRAC0_S 0 1 -45000 -29585.6 7603.43 350852 168724 321543 27.2568 -25.2666 -24.9953
1010000 FRAC0_S 0 1 -45000 -29328.8 7775.35 301726 64663.8 291578 19.7924 -13.0828 -28.085
1010000 FRAC0_S 0 1 -45000 -29137.8 8018.21 312957 -164256 342618 26.7443 25.2395 -26.8337
1010000 FRAC0_S 0 1 -45000 -29031.1 8308.23 231526 -377561 254454 26.0909 47.8299 -20.1185
Step FractureNumber TipNr TipActive TipX TipY TipZ KI KII KIII G Phi Psi Extension
1010101 FRAC0_S 0 1 -44919.5 -28962.1 8622.37 911484 -255575 35747.4 80.0234 26.5871 -2.28901
1010101 FRAC0_S 0 1 -44914.7 -29057.4 8934.89 681746 8039.9 -19146.7 41.4709 -1.57872 2.08253
1010101 FRAC0_S 0 1 -44915.3 -29238.3 9206.82 721953 -73594.8 -217919 53.2442 9.79724 15.2461
1010101 FRAC0_S 0 1 -44921.3 -29490.5 9414.91 611256 13380.3 -190421 38.133 -2.27943 16.4218
1010101 FRAC0_S 0 1 -44933.8 -29796.5 9539.23 390557 66619.7 -150889 17.016 -14.4982 17.3233
1010101 FRAC0_S 0 1 -44956.5 -30129.3 9565.02 436183 10864.8 -215972 23.1679 -2.27537 21.9062
1010101 FRAC0_S 0 1 -44964.6 -30450.2 9477.08 264128 61113.4 -177153 10.7234 -15.9944 23.401
1010101 FRAC0_S 0 1 -44976.6 -30728.7 9280.02 391916 166965 -237219 23.6555 -26.283 20.3121
1010101 FRAC0_S 0 1 -45027.3 -30929.1 9019.1 399344 61426.2 -138894 17.1129 -13.6063 16.296
1010101 FRAC0_S 0 1 -45066.2 -31039.7 8707.13 577142 -15409.8 -182554 34.1354 2.75565 16.5401
1010101 FRAC0_S 0 1 -45074.2 -31045.5 8376.27 321760 -230582 -97161.3 15.2189 40.8794 10.9298
1010101 FRAC0_S 0 1 -45079.2 -30950.7 8061.52 640830 -64143.3 -21942.5 37.0248 11.8086 2.32442
1010101 FRAC0_S 0 1 -45081.3 -30766.1 7790.44 723766 -74691.1 66618.4 47.7665 11.5659 -5.81098
1010101 FRAC0_S 0 1 -45078.3 -30510.2 7584.58 603817 -106774 70116.2 34.1589 17.8379 -6.73909
1010101 FRAC0_S 0 1 -45071.1 -30203.7 7463.98 553227 -69345.9 125908 29.81 12.37 -12.1872
1010101 FRAC0_S 0 1 -45060.2 -29872.3 7443.09 561460 -24306.1 181012 32.5012 4.36752 -16.5743
1010101 FRAC0_S 0 1 -45043 -29547.8 7525.4 499559 -21568.9 246614 30.3685 3.87791 -21.6501
1010101 FRAC0_S 0 1 -45011.3 -29266.5 7708.07 463111 -8228.17 270122 28.8221 1.54499 -24.0364
1010101 FRAC0_S 0 1 -44965.8 -29065.3 7975.03 483136 -21358.2 264666 30.1572 3.83357 -22.9323
1010101 FRAC0_S 0 1 -44932.2 -28963.5 8292.47 566258 -34746.1 212263 34.6729 5.85361 -18.11