
Step FractureNumber TipNr TipActive TipX TipY TipZ KI KII KIII G Phi Psi Extension
1010000 FRAC0_S 0 1 36818 714.388 8500 -1.72234e+07 -3.40474e+06 4.07017e+06 3236.3 17.9692 -11.9578
1010000 FRAC0_S 0 1 36630.6 468.661 8500 -3.01585e+06 -7.33625e+06 3.31316e+06 6255.89 54.9847 -16.9714
1010000 FRAC0_S 0 1 36528.3 177.059 8500 -2.1452e+06 -6.10533e+06 1.07999e+06 3476.71 61.6363 -8.58627
1010000 FRAC0_S 0 1 36521.2 -131.875 8500 -9.57235e+06 -7.27985e+06 -234925 4729.83 46.9401 1.06616
1010000 FRAC0_S 0 1 36609.8 -427.901 8500 -3.0337e+06 -7.13379e+06 -2.2149e+06 5187.37 57.4231 12.8964
1010000 FRAC0_S 0 1 36785.6 -682.04 8500 -2.95142e+06 -5.09703e+06 -3.16032e+06 3643.41 49.1881 19.3688
1010000 FRAC0_S 0 1 37031.3 -869.416 8500 -4.85216e+06 -3.35548e+06 -4.27183e+06 3430.37 32.5824 22.8333
1010000 FRAC0_S 0 1 37322.9 -971.689 8500 -4.90925e+06 -1.49455e+06 -4.41592e+06 2792.59 18.0029 26.3376
1010000 FRAC0_S 0 1 37631.8 -978.845 8500 4.44605e+06 1.13436e+06 -3.95558e+06 3957.13 -15.6633 26.6767
1010000 FRAC0_S 0 1 37927.9 -890.185 8500 -6.51389e+06 1.52384e+06 -3.28724e+06 1644.11 -17.5704 19.8603
1010000 FRAC0_S 0 1 38182 -714.388 8500 -6.1537e+06 1.81414e+06 -2.34796e+06 1026.49 -22.4556 16.0438
1010000 FRAC0_S 0 1 38369.4 -468.661 8500 -7.99022e+06 2.45869e+06 -1.67469e+06 911.695 -25.5133 10.1448
1010000 FRAC0_S 0 1 38471.7 -177.059 8500 -7.74073e+06 2.40099e+06 -1.15302e+06 690.515 -26.5975 7.61869
1010000 FRAC0_S 0 1 38478.8 131.875 8500 -9.44952e+06 2.74273e+06 -805048 756.535 -26.4261 4.70469
1010000 FRAC0_S 0 1 38390.2 427.901 8500 -8.00646e+06 3.33697e+06 -10737.3 992.287 -35.0994 0.0737329
1010000 FRAC0_S 0 1 38214.4 682.04 8500 -6.77675e+06 3.89882e+06 891080 1460.15 -39.2371 -5.81317
1010000 FRAC0_S 0 1 37968.7 869.416 8500 -83851.9 3.35573e+06 2.81145e+06 2054.73 -54.9831 -28.4058
1010000 FRAC0_S 0 1 37677.1 971.689 8500 -7.66265e+06 3.04754e+06 4.4093e+06 3413.38 -25.3749 -19.9406
1010000 FRAC0_S 0 1 37368.2 978.845 8500 -5.22544e+06 435470 4.76505e+06 3036.75 -5.72538 -28.7558
1010000 FRAC0_S 0 1 37072.1 890.185 8500 -4.30876e+06 -2.21442e+06 5.0601e+06 3842.37 24.206 -27.7764
Step FractureNumber TipNr TipActive TipX TipY TipZ KI KII KIII G Phi Psi Extension
1010101 FRAC0_S 0 1 36762.6 776.146 8546.15 1.34667e+06 -5.72678e+06 4.22356e+06 5456.57 52.9817 -24.5489
1010101 FRAC0_S 0 1 36577.2 501.604 8570.66 5.12822e+06 -5.33174e+06 2.2273e+06 5536.44 46.4718 -12.6762
1010101 FRAC0_S 0 1 36475.4 185.845 8582.74 6.00974e+06 -5.20092e+06 633223 5682.1 47.9792 -4.07588
1010101 FRAC0_S 0 1 36463.5 -140.136 8579.6 9.72638e+06 -9.5649e+06 -2.0603e+06 17147 48.6685 7.21927
1010101 FRAC0_S 0 1 36556.8 -453.127 8579.32 4.86202e+06 -4.73792e+06 -2.82975e+06 5171.82 43.1942 16.0471
1010101 FRAC0_S 0 1 36739.8 -728.981 8572.37 1.28073e+07 1.98901e+06 -5.99395e+06 19747.4 -12.7531 19.7448
1010101 FRAC0_S 0 1 36995.2 -941.175 8553.57 -64682.6 -3.31377e+06 -4.16472e+06 3285.39 47.9937 33.0057
1010101 FRAC0_S 0 1 37307.6 -1060.87 8522.16 -3.17309e+06 -1.81101e+06 -5.99088e+06 5065.71 21.1957 32.7446
1010101 FRAC0_S 0 1 37644.4 -1071.43 8486.68 -4.435e+06 2.35585e+06 -4.95237e+06 3756.51 -25.2687 27.0252
1010101 FRAC0_S 0 1 37967.8 -973.713 8468.61 -5.01709e+06 4.56632e+06 -3.4259e+06 3419.05 -40.5163 18.2522
1010101 FRAC0_S 0 1 38244.1 -779.996 8462.59 -4.17015e+06 4.81787e+06 -1.81911e+06 2508.53 -48.5007 12.1944
1010101 FRAC0_S 0 1 38447.1 -510.791 8457.72 -4.87426e+06 6.07062e+06 -1.2337e+06 3486.35 -52.3925 7.56284
1010101 FRAC0_S 0 1 38557.7 -192.79 8455.72 -4.75324e+06 7.08427e+06 -816652 4560.86 -56.438 4.89638
1010101 FRAC0_S 0 1 38563.7 142.708 8452.18 -4.50308e+06 6.21044e+06 33139.5 3437.08 -57.5279 -0.240215
1010101 FRAC0_S 0 1 38463.2 461.984 8444.31 -5.49449e+06 6.69344e+06 218181 3998.65 -55.1576 -1.36155
1010101 FRAC0_S 0 1 38267.6 730.272 8433.52 -2.41741e+06 6.92117e+06 1.66271e+06 4636.3 -60.3715 -11.0349
1010101 FRAC0_S 0 1 38000.4 930.263 8432.52 -336548 7.84886e+06 5.32339e+06 9258.6 -57.7118 -25.6128
1010101 FRAC0_S 0 1 37688.7 1053.41 8455.6 -2.6927e+06 3.84e+06 4.50872e+06 4017.68 -40.2228 -26.3483
1010101 FRAC0_S 0 1 37355.7 1070.92 8494.54 -4.15288e+06 -157164 5.86372e+06 4575.18 2.14601 -33.9937
1010101 FRAC0_S 0 1 37032.6 973.137 8525.72 -1.92485e+06 -3.70011e+06 5.14513e+06 4740.81 39.8356 -29.7312