
Step FractureNumber TipNr TipActive TipX TipY TipZ KI KII KIII G Phi Psi Extension
1010000 FRAC0_S 0 1 14902.5 -44017.1 8500 -156823 -2.49078e+06 460830 581.081 67.2362 -10.8383
1010000 FRAC0_S 0 1 14603.6 -44095.3 8500 -234451 -2.4982e+06 -230362 563.192 68.2774 5.86471
1010000 FRAC0_S 0 1 14343.5 -44262.1 8500 -179133 -1.79266e+06 -586298 332.085 63.7328 16.1436
1010000 FRAC0_S 0 1 14147.6 -44501.1 8500 -267226 -1.82458e+06 -1.20509e+06 489.804 56.0399 24.1017
1010000 FRAC0_S 0 1 14035.1 -44788.9 8500 -232896 -1.23667e+06 -1.53933e+06 451.429 45.7159 31.2673
1010000 FRAC0_S 0 1 14017.2 -45097.5 8500 -233941 -521646 -1.80155e+06 455.909 25.6465 38.573
1010000 FRAC0_S 0 1 14095.3 -45396.4 8500 -182902 336711 -1.67652e+06 383.927 -19.8193 40.3134
1010000 FRAC0_S 0 1 14262.1 -45656.6 8500 -135994 1.05749e+06 -1.13852e+06 272.048 -49.0912 30.2151
1010000 FRAC0_S 0 1 14501.1 -45852.5 8500 -150930 1.6648e+06 -1.18218e+06 432.849 -56.1582 25.6266
1010000 FRAC0_S 0 1 14788.9 -45964.9 8500 -132585 2.06726e+06 -762485 458.142 -63.6094 17.8904
1010000 FRAC0_S 0 1 15097.5 -45982.9 8500 -113979 2.47068e+06 -324348 557.942 -68.4107 8.28659
1010000 FRAC0_S 0 1 15396.4 -45904.7 8500 -117572 2.2581e+06 186181 458.983 -69.0159 -5.4943
1010000 FRAC0_S 0 1 15656.5 -45737.9 8500 -93539.1 1.50287e+06 618743 252.185 -62.7624 -19.2125
1010000 FRAC0_S 0 1 15852.4 -45498.9 8500 -80873.8 1.40539e+06 884320 280.012 -58.3958 -24.5048
1010000 FRAC0_S 0 1 15964.9 -45211.1 8500 -160775 870175 1.06835e+06 219.278 -46.0038 -31.1483
1010000 FRAC0_S 0 1 15982.8 -44902.5 8500 -199426 564456 1.74557e+06 433.644 -27.9489 -38.2894
1010000 FRAC0_S 0 1 15904.7 -44603.6 8500 -190593 -70377.3 1.72578e+06 396.558 4.87143 -42.8543
1010000 FRAC0_S 0 1 15737.9 -44343.4 8500 -180475 -842891 1.26836e+06 277.273 42.0223 -33.0611
1010000 FRAC0_S 0 1 15498.9 -44147.5 8500 -214468 -1.42067e+06 1.09296e+06 338.727 53.9227 -25.9525
1010000 FRAC0_S 0 1 15211.1 -44035.1 8500 -230168 -2.08378e+06 800386 472.129 62.335 -17.8664
Step FractureNumber TipNr TipActive TipX TipY TipZ KI KII KIII G Phi Psi Extension
1010101 FRAC0_S 0 1 14899.4 -43978.1 8591.47 960681 -336404 23205.5 92.3963 31.1269 -1.36073
1010101 FRAC0_S 0 1 14587.9 -44060.5 8591.92 206079 46804.1 -101347 5.34564 -17.276 19.615
1010101 FRAC0_S 0 1 14313 -44230.1 8588.8 848967 -171602 -363552 84.4282 16.2811 18.2107
1010101 FRAC0_S 0 1 14099.1 -44475.1 8581.79 772914 -270554 -761895 136.961 19.4085 27.0401
1010101 FRAC0_S 0 1 13966.5 -44776.7 8567.35 455826 -302131 -980391 154.484 22.2179 33.494
1010101 FRAC0_S 0 1 13933.7 -45107.7 8531.06 330124 -104725 -1.17555e+06 194.483 8.80822 39.3535
1010101 FRAC0_S 0 1 14017.6 -45428.4 8474.97 592324 370429 -1.66288e+06 411.261 -18.3581 36.1631
1010101 FRAC0_S 0 1 14209.1 -45699.7 8432.97 598584 388604 -1.03102e+06 186.763 -24.3616 31.2347
1010101 FRAC0_S 0 1 14472.5 -45898.2 8417.18 831657 395554 -715795 143.72 -25.5999 24.2563
1010101 FRAC0_S 0 1 14778.1 -46007.7 8411.2 886894 269479 -147930 79.4738 -25.937 8.42201
1010101 FRAC0_S 0 1 15100.5 -46020.2 8407.77 909701 225090 -30881.7 78.3851 -24.4237 2.04326
1010101 FRAC0_S 0 1 15412.1 -45938.7 8407.84 810164 143766 246842 68.4344 -15.7585 -14.6399
1010101 FRAC0_S 0 1 15686.7 -45769.8 8410.91 848439 185592 457220 95.0188 -16.3394 -20.8128
1010101 FRAC0_S 0 1 15911.4 -45505.7 8417.77 194820 -52706.4 457146 31.4244 10.0798 -36.7131
1010101 FRAC0_S 0 1 16032.1 -45222.9 8431.02 461581 237399 795897 108.257 -20.4678 -32.1741
1010101 FRAC0_S 0 1 16066.6 -44891.9 8460.7 288387 115702 1.15403e+06 185.731 -10.0101 -39.6683
1010101 FRAC0_S 0 1 15986.1 -44569.1 8509.26 336924 -29884.3 1.31184e+06 239.078 2.47018 -40.8021
1010101 FRAC0_S 0 1 15795.8 -44296.1 8555.8 540438 -491625 972848 173.44 30.1205 -30.0783
1010101 FRAC0_S 0 1 15530.1 -44098.5 8579.29 1.06468e+06 -568551 711949 197.23 29.8265 -20.6379
1010101 FRAC0_S 0 1 15222.5 -43990.1 8587.55 936487 -384217 257326 100.112 29.9373 -11.8418