
Step FractureNumber TipNr TipActive TipX TipY TipZ KI KII KIII G Phi Psi Extension
1010000 FRAC0_S 0 1 -14627.4 -29085.3 8500 -1.52197e+06 1.24037e+07 853654 13806.8 -68.1914 -4.39517
1010000 FRAC0_S 0 1 -14928.3 -29015 8500 -1.68773e+06 1.29496e+07 3.97279e+06 17042.2 -63.5239 -15.1472
1010000 FRAC0_S 0 1 -15236.2 -29041 8500 -1.65336e+06 1.07813e+07 6.58333e+06 16122.1 -56.8698 -23.0464
1010000 FRAC0_S 0 1 -15521 -29160.9 8500 -1.56256e+06 7.81018e+06 9.1481e+06 16566.1 -46.5896 -30.4759
1010000 FRAC0_S 0 1 -15754.8 -29363 8500 -1.36284e+06 2.28761e+06 7.76586e+06 8487.37 -25.2426 -37.7888
1010000 FRAC0_S 0 1 -15914.7 -29627.4 8500 -2.02611e+07 -1.91737e+06 8.90528e+06 10875 8.36942 -19.6379
1010000 FRAC0_S 0 1 -15985.1 -29928.3 8500 -2.41644e+06 -7.54824e+06 1.10709e+07 21378.3 41.2232 -31.9104
1010000 FRAC0_S 0 1 -15959 -30236.2 8500 -3.73193e+06 -9.45398e+06 6.81707e+06 14145.3 50.5316 -22.7498
1010000 FRAC0_S 0 1 -15839.1 -30521 8500 2.61383e+07 -1.45255e+07 6.28795e+06 84940.9 36.6122 -9.85417
1010000 FRAC0_S 0 1 -15637 -30754.8 8500 1.57434e+07 -1.45126e+07 2.32756e+06 41574.8 48.4691 -5.40344
1010000 FRAC0_S 0 1 -15372.6 -30914.7 8500 -1.59802e+06 -1.54882e+07 -1.09039e+06 21534.3 68.4687 4.56036
1010000 FRAC0_S 0 1 -15071.7 -30985 8500 -2.32702e+06 -1.49483e+07 -4.56132e+06 22678.9 63.0344 14.8531
1010000 FRAC0_S 0 1 -14763.8 -30959 8500 -1.65215e+06 -1.15819e+07 -6.92337e+06 18328.4 57.3309 22.8973
1010000 FRAC0_S 0 1 -14479 -30839.1 8500 -1.41096e+06 -8.13208e+06 -9.4941e+06 17881.3 47.0305 30.6921
1010000 FRAC0_S 0 1 -14245.2 -30637 8500 -1.34823e+06 -2.79582e+06 -8.30477e+06 9869.45 27.9112 37.3485
1010000 FRAC0_S 0 1 -14085.3 -30372.6 8500 -1.66169e+06 1.36775e+06 -1.00409e+07 13575.8 -13.8837 40.4458
1010000 FRAC0_S 0 1 -14014.9 -30071.7 8500 -1.94444e+06 6.41911e+06 -9.92604e+06 16775.8 -40.5133 32.612
1010000 FRAC0_S 0 1 -14041 -29763.8 8500 -1.2848e+06 7.7749e+06 -6.06039e+06 10271.5 -53.4805 25.9621
1010000 FRAC0_S 0 1 -14160.9 -29479 8500 -1.60371e+06 1.23387e+07 -4.99882e+06 16889.8 -61.4944 18.2867
1010000 FRAC0_S 0 1 -14363 -29245.2 8500 -1.78494e+06 1.23333e+07 -1.90284e+06 14036.2 -66.2911 8.79859
Step FractureNumber TipNr TipActive TipX TipY TipZ KI KII KIII G Phi Psi Extension
1010101 FRAC0_S 0 1 -14613.1 -29049.3 8408.31 1.09089e+06 3.87521e+06 789423 1527.12 -62.5288 -10.0776
1010101 FRAC0_S 0 1 -14926.4 -28970.8 8411.1 -4.37243e+06 2.42403e+07 2.3133e+06 53071.9 -66.7285 -5.64985
1010101 FRAC0_S 0 1 -15251 -28988.7 8417.59 7.92728e+06 4.48956e+06 4.68756e+06 10318.4 -31.9245 -18.8978
1010101 FRAC0_S 0 1 -15559.7 -29103.9 8432.08 6.57626e+06 5.38756e+06 8.57046e+06 16209.5 -31.9131 -26.8065
1010101 FRAC0_S 0 1 -15821.3 -29309.9 8464.15 2.17804e+07 -2.36232e+06 1.34485e+07 66824.7 8.52146 -23.6814
1010101 FRAC0_S 0 1 -15999.6 -29600.8 8514.47 24366.1 -2.98348e+06 1.61085e+07 35304.4 20.1448 -42.2949
1010101 FRAC0_S 0 1 -16060.9 -29920.1 8555.89 5.68493e+06 -5.14672e+06 9.67887e+06 17699.8 30.7227 -29.4593
1010101 FRAC0_S 0 1 -16025.7 -30253.1 8569.98 8.57082e+06 -7.60642e+06 8.17535e+06 20590.9 36.8992 -22.4661
1010101 FRAC0_S 0 1 -15899.3 -30558.7 8567.83 1.59898e+07 -1.56078e+07 9.58813e+06 56717.5 43.0017 -16.3701
1010101 FRAC0_S 0 1 -15678.9 -30799.2 8575.6 1.35199e+07 -9.46342e+06 2.36723e+06 25013.8 42.5076 -6.9959
1010101 FRAC0_S 0 1 -15391 -30955.7 8587.5 2.48986e+07 -1.03586e+07 -1.28804e+06 65025.1 34.0586 2.70812
1010101 FRAC0_S 0 1 -15073.6 -31029.3 8588.86 2.90634e+07 -7.00094e+06 -6.2545e+06 84839.7 21.2449 10.8072
1010101 FRAC0_S 0 1 -14749.2 -31011.1 8582.66 9.85531e+06 -4.79204e+06 -5.17792e+06 14267.1 29.7502 18.1208
1010101 FRAC0_S 0 1 -14441 -30895.4 8569.33 7.6096e+06 -6.05426e+06 -8.79289e+06 18709.1 32.6558 25.4815
1010101 FRAC0_S 0 1 -14180 -30689.2 8535.7 3.96029e+06 -3.76591e+06 -1.10925e+07 19026.2 25.2129 34.5108
1010101 FRAC0_S 0 1 -14004.5 -30406.6 8483.46 2.63961e+06 1.03269e+06 -1.12011e+07 17402.6 -9.38307 40.0254
1010101 FRAC0_S 0 1 -13940.1 -30080.1 8441.43 5.28899e+06 4.64374e+06 -9.72166e+06 16984.2 -29.1701 30.5074
1010101 FRAC0_S 0 1 -13983 -29751.8 8421.61 1.42299e+07 9.48804e+06 -1.27597e+07 47719.4 -31.679 23.2462
1010101 FRAC0_S 0 1 -14119.7 -29455.2 8413.08 1.2051e+07 4.83838e+06 -4.82879e+06 18128.3 -27.7151 15.7111
1010101 FRAC0_S 0 1 -14336.4 -29215 8409.04 1.24832e+07 5.00856e+06 -2.14532e+06 16733.6 -31.1541 8.12751