
Step FractureNumber TipNr TipActive TipX TipY TipZ KI KII KIII G Phi Psi Extension
1010000 FRAC0_S 0 1 -15000 15987.2 8471.27 2.40029e+06 -6.60603e+06 -804452 4488.19 62.5307 6.17388
1010000 FRAC0_S 0 1 -15000 15947.8 8777.76 4.60349e+06 -4.66957e+06 -1.81645e+06 4270.3 46.5396 11.8909
1010000 FRAC0_S 0 1 -15000 15815.6 9057.06 6.2435e+06 -2.82358e+06 -2.24009e+06 4851.45 30.5951 14.1576
1010000 FRAC0_S 0 1 -15000 15603.5 9281.83 6.52068e+06 -1.42841e+06 -2.18839e+06 4607.65 18.3368 15.3001
1010000 FRAC0_S 0 1 -15000 15332.4 9430.08 9.2202e+06 -181212 -2.89297e+06 8691.46 2.04831 16.5268
1010000 FRAC0_S 0 1 -15000 15028.7 9487.27 9.70195e+06 1.07947e+06 -2.78015e+06 9519.56 -10.7001 14.6033
1010000 FRAC0_S 0 1 -15000 14722.2 9447.82 7.64501e+06 1.79904e+06 -1.90425e+06 5978.83 -20.4349 12.1593
1010000 FRAC0_S 0 1 -15000 14442.9 9315.6 9.67658e+06 3.94003e+06 -1.79862e+06 10157.5 -31.2101 8.65165
1010000 FRAC0_S 0 1 -15000 14218.2 9103.54 7.02337e+06 4.75689e+06 -1.18955e+06 6600.18 -41.931 6.87634
1010000 FRAC0_S 0 1 -15000 14070 8832.4 1.73393e+07 1.39907e+07 -6.21717e+06 49374.2 -42.4473 12.0107
1010000 FRAC0_S 0 1 -15000 14012.8 8528.73 2.6592e+06 6.3396e+06 1.05823e+06 4360.44 -60.4359 -7.84199
1010000 FRAC0_S 0 1 -15000 14052.2 8222.24 4.27556e+06 9.47164e+06 -1.72341e+06 10018.2 -59.4747 8.27958
1010000 FRAC0_S 0 1 -15000 14184.4 7942.94 8.66168e+06 1.20457e+07 8.44036e+06 29090 -45.9018 -19.8195
1010000 FRAC0_S 0 1 -15000 14396.5 7718.17 -2.67247e+06 3.15861e+06 4.24993e+06 3291.27 -36.9932 -27.018
1010000 FRAC0_S 0 1 -15000 14675.1 7567.23 -3.64842e+06 1.2772e+06 4.99407e+06 3462.47 -16.8651 -30.9049
1010000 FRAC0_S 0 1 -15000 14971.3 7512.73 -3.94413e+06 -1.17681e+06 5.38001e+06 3973.03 14.8102 -31.3001
1010000 FRAC0_S 0 1 -15000 15277.8 7552.18 -1.45769e+07 7.93532e+06 -3.40834e+06 7156.24 -36.2991 9.68579
1010000 FRAC0_S 0 1 -15000 15557.1 7684.4 -2.61071e+06 -4.98087e+06 3.53545e+06 3873.16 48.6427 -21.4518
1010000 FRAC0_S 0 1 -15000 15781.8 7896.46 -1.32404e+06 -4.73483e+06 1.6944e+06 2379.56 59.3906 -15.47
1010000 FRAC0_S 0 1 -15000 15930 8167.6 697716 -6.27706e+06 608774 3603.73 67.9224 -6.04884
Step FractureNumber TipNr TipActive TipX TipY TipZ KI KII KIII G Phi Psi Extension
1010101 FRAC0_S 0 1 -14914.3 16035.7 8472.28 9.50089e+06 -1.1745e+06 -339528 8181.95 14.1321 2.37295
1010101 FRAC0_S 0 1 -14928.8 16010.2 8799.24 6.81388e+06 -1.03113e+06 -3.28411e+06 5666.49 12.3703 20.1435
1010101 FRAC0_S 0 1 -14948.5 15882.2 9104.96 8.04588e+06 -84985.7 -2.49507e+06 6597.27 1.11523 16.4957
1010101 FRAC0_S 0 1 -14970.6 15658.7 9355.07 8.89347e+06 -57253.4 -3.16801e+06 8383.17 0.65985 18.1352
1010101 FRAC0_S 0 1 -14995 15364.4 9520.47 9.90538e+06 -47646 -2.99722e+06 9938.15 0.514134 16.2848
1010101 FRAC0_S 0 1 -15017.1 15032 9582.39 1.1234e+07 -701742 -3.32964e+06 12764.3 6.28781 15.4432
1010101 FRAC0_S 0 1 -15035.1 14697.7 9535 1.16937e+07 -238413 -3.22011e+06 13569.4 2.1855 15.0859
1010101 FRAC0_S 0 1 -15051.4 14397.5 9384.77 1.31166e+07 6.77908e+06 355233 19442.9 -39.0214 -1.35809
1010101 FRAC0_S 0 1 -15063.2 14159.3 9150.14 1.05527e+07 119820 -2.32774e+06 10645.1 -1.2844 12.9082
1010101 FRAC0_S 0 1 -15072.2 14008.1 8856.54 9.49454e+06 1.23854e+06 -794870 8253.66 -14.2333 5.22133
1010101 FRAC0_S 0 1 -15081.9 13958.5 8532.08 2.72343e+07 -334428 2.05983e+06 66668 1.57131 -5.26319
1010101 FRAC0_S 0 1 -15082.8 14001.1 8205.64 7.05972e+06 2.68505e+06 2.16355e+06 5706.22 -28.008 -13.082
1010101 FRAC0_S 0 1 -15072.5 14131.3 7903.93 4.38182e+06 4.24932e+06 3.97463e+06 5421.07 -39.2388 -21.3129
1010101 FRAC0_S 0 1 -15055.3 14349.7 7654.21 841123 3.97805e+06 4.64902e+06 4347.78 -46.4641 -30.343
1010101 FRAC0_S 0 1 -15023.1 14638.6 7484.9 -2.14903e+06 2.01701e+06 5.5252e+06 4422.73 -26.1056 -33.7433
1010101 FRAC0_S 0 1 -15009.2 14967.5 7422.54 -4.66192e+06 -622955 5.43243e+06 3959.58 7.90115 -31.0582
1010101 FRAC0_S 0 1 -15004.5 15297.8 7475.7 -3.09935e+06 -2.34581e+06 4.50426e+06 3188.7 29.117 -28.5484
1010101 FRAC0_S 0 1 -14955.8 15591.4 7630 2.29305e+06 -6.01198e+06 4.09032e+06 5914.51 51.4356 -22.1456
1010101 FRAC0_S 0 1 -14915 15820.1 7864.1 -5.90047e+06 -2.12723e+06 4.95565e+06 3669.51 21.0589 -24.9643
1010101 FRAC0_S 0 1 -14910 15969.4 8153.16 1.2124e+07 -2.12584e+06 2.03664e+06 14052.8 17.0813 -9.23791