
Step FractureNumber TipNr TipActive TipX TipY TipZ KI KII KIII G Phi Psi Extension
1010000 FRAC0_S 0 1 -14202.7 44496.5 8206.19 -2.61916e+06 -1.49548e+06 1.7899e+06 625.39 30.9683 -20.6124
1010000 FRAC0_S 0 1 -14203.9 44713.5 7990.44 -2.39687e+06 -2.99881e+06 1.12059e+06 968.366 49.6034 -12.4376
1010000 FRAC0_S 0 1 -14283.8 44963 7820.86 -2.02548e+06 -2.92496e+06 280617 772.847 56.3958 -4.0893
1010000 FRAC0_S 0 1 -14433.4 45213.7 7719.72 -1.37516e+06 -2.39897e+06 -505544 546.825 56.4818 8.75341
1010000 FRAC0_S 0 1 -14638.5 45443.6 7694.95 -1.60392e+06 -2.15879e+06 -896960 522.288 49.8361 13.7918
1010000 FRAC0_S 0 1 -14878.9 45629.9 7748.98 -1.87646e+06 -1.91992e+06 -1.48336e+06 621.114 41.6531 19.3095
1010000 FRAC0_S 0 1 -15131.2 45754.7 7876.54 -1.89852e+06 -1.17696e+06 -1.78295e+06 546.234 29.8071 24.1802
1010000 FRAC0_S 0 1 -15370.7 45805.6 8065.11 -2.07031e+06 -357981 -2.02699e+06 557.877 10.797 28.6565
1010000 FRAC0_S 0 1 -15573.9 45777.6 8296.27 -1.98705e+06 401672 -1.88198e+06 485.443 -12.5482 27.9641
1010000 FRAC0_S 0 1 -15720.9 45673.5 8547.35 -2.76696e+06 832893 -2.04422e+06 617.603 -19.1354 23.9218
1010000 FRAC0_S 0 1 -15797.3 45503.5 8793.81 -2.20143e+06 1.7393e+06 -1.47574e+06 559.222 -37.7379 18.8018
1010000 FRAC0_S 0 1 -15795.7 45284.1 9011.51 -2.37647e+06 2.3753e+06 -1.05144e+06 649.795 -45.5758 13.0489
1010000 FRAC0_S 0 1 -15716.2 45037 9179.14 -2.41756e+06 2.66506e+06 -695778 697.293 -49.6794 8.91354
1010000 FRAC0_S 0 1 -15566.6 44786.3 9280.28 -2.50822e+06 2.91019e+06 -200303 760.027 -53.7337 2.73871
1010000 FRAC0_S 0 1 -15361.5 44556.4 9305.05 -2.53336e+06 2.79239e+06 366412 712.685 -51.8335 -4.88422
1010000 FRAC0_S 0 1 -15121.1 44370.1 9251.02 -2.5655e+06 2.51109e+06 934328 677.994 -46.2693 -11.3269
1010000 FRAC0_S 0 1 -14868.8 44245.3 9123.46 -2.55147e+06 2.01655e+06 1.4592e+06 645.555 -39.0045 -16.9497
1010000 FRAC0_S 0 1 -14629.3 44194.4 8934.89 -2.5946e+06 1.26468e+06 1.96375e+06 655.416 -27.1041 -22.5515
1010000 FRAC0_S 0 1 -14426.1 44222.4 8703.73 -2.45874e+06 147134 2.02917e+06 549.56 -4.37359 -27.8227
1010000 FRAC0_S 0 1 -14279.1 44326.5 8452.65 -2.33231e+06 -1.1897e+06 1.91598e+06 614.368 27.2782 -23.3854
Step FractureNumber TipNr TipActive TipX TipY TipZ KI KII KIII G Phi Psi Extension
1010101 FRAC0_S 0 1 -14106.3 44487.3 8216.44 -430903 -1.69943e+06 1.35061e+06 499.967 51.665 -25.2961
1010101 FRAC0_S 0 1 -14109.4 44736.5 7997.25 466513 -1.83344e+06 1.01161e+06 455.042 56.0539 -20.7479
1010101 FRAC0_S 0 1 -14195.7 45007.3 7829.61 1.16631e+06 -1.9926e+06 260281 484.033 57.8144 -5.74642
1010101 FRAC0_S 0 1 -14354.5 45273.5 7722.37 1.11859e+06 -1.87166e+06 -223337 430.294 57.7939 5.26144
1010101 FRAC0_S 0 1 -14572.8 45516.6 7687.24 855477 -2.04995e+06 -1.15704e+06 617.734 52.821 19.5384
1010101 FRAC0_S 0 1 -14834 45715 7731.13 -87026.3 -2.05034e+06 -1.67448e+06 747.527 55.0516 27.8961
1010101 FRAC0_S 0 1 -15117.3 45846.5 7850.77 -1.27174e+06 -1.47998e+06 -2.15527e+06 812.995 35.8573 27.8932
1010101 FRAC0_S 0 1 -15430.1 45890.5 8060.34 -1.44947e+06 -538331 -2.01649e+06 566.633 17.5562 30.9108
1010101 FRAC0_S 0 1 -15637 45843.9 8268.21 -1.5781e+06 702524 -1.93337e+06 541.124 -21.3942 28.8399
1010101 FRAC0_S 0 1 -15806.9 45713.6 8529.03 -815749 1.72675e+06 -1.51815e+06 572.232 -46.8755 24.5491
1010101 FRAC0_S 0 1 -15893.3 45512.1 8783.06 -962389 2.16472e+06 -1.91355e+06 904.572 -47.2132 24.8548
1010101 FRAC0_S 0 1 -15892.1 45264.5 9006.18 -71177.7 2.47523e+06 -1.31256e+06 775.088 -60.9996 22.7126
1010101 FRAC0_S 0 1 -15806.2 44996.2 9178.17 459992 2.79264e+06 -887239 818.506 -62.5868 15.2009
1010101 FRAC0_S 0 1 -15650.2 44732.9 9280.46 865483 3.02739e+06 -296133 895.112 -64.6173 5.34914
1010101 FRAC0_S 0 1 -15428.1 44483.6 9310.3 695359 3.00307e+06 491692 878.871 -64.382 -8.69854
1010101 FRAC0_S 0 1 -15169.6 44284.9 9260.86 72682.1 2.84956e+06 1.2549e+06 933.486 -62.9293 -20.4545
1010101 FRAC0_S 0 1 -14892.5 44151.2 9135.76 -822402 2.59211e+06 1.82668e+06 1042.52 -52.1175 -23.1764
1010101 FRAC0_S 0 1 -14618.8 44100.3 8948.55 -1.59951e+06 1.53173e+06 2.06315e+06 775.196 -35.1966 -25.7746
1010101 FRAC0_S 0 1 -14374.7 44147.7 8720.6 -2.11502e+06 744840 2.57667e+06 932.457 -17.867 -29.5556
1010101 FRAC0_S 0 1 -14195.3 44285.2 8468.84 -1.78221e+06 -652684 1.95661e+06 547.126 19.2612 -28.2016