
Step FractureNumber TipNr TipActive TipX TipY TipZ KI KII KIII G Phi Psi Extension
1010000 FRAC0_S 0 1 -14307.7 15012.1 7795.63 5.94258e+06 1.16463e+06 -3.96485e+06 5358.48 -13.9516 23.6998
1010000 FRAC0_S 0 1 -14469.4 15260.6 7708.75 7.96032e+06 3.86611e+06 -4.95928e+06 10249.6 -28.5317 20.1643
1010000 FRAC0_S 0 1 -14683.1 15483.7 7699.32 7.61813e+06 5.83715e+06 -3.56965e+06 9902.51 -39.7716 14.9037
1010000 FRAC0_S 0 1 -14927.7 15659.4 7768.28 5.89089e+06 5.16931e+06 -1.3579e+06 5718.76 -46.1483 8.13459
1010000 FRAC0_S 0 1 -15179.4 15770.6 7908.85 5.02407e+06 6.3446e+06 -1.33003e+06 6071.55 -52.4738 7.80751
1010000 FRAC0_S 0 1 -15413.6 15806.3 8107.29 2.10086e+06 2.99485e+06 1.0762e+06 1346.58 -51.4515 -12.5975
1010000 FRAC0_S 0 1 -15607.4 15763.2 8344.17 407829 5.71672e+06 -835108 3019.77 -67.7674 8.88429
1010000 FRAC0_S 0 1 -15741.6 15645.2 8596.31 -2.17955e+06 6.11485e+06 -869499 3432.5 -62.2506 7.10379
1010000 FRAC0_S 0 1 -15803.2 15464.2 8839.02 -5.26309e+06 7.30843e+06 -605610 4808.43 -56.1152 3.51511
1010000 FRAC0_S 0 1 -15786.2 15237.7 9048.54 -7.22774e+06 8.50593e+06 80306.9 6448.05 -55.0508 -0.39525
1010000 FRAC0_S 0 1 -15692.3 14987.9 9204.37 -7.00331e+06 7.02007e+06 912945 4502.31 -50.337 -4.64426
1010000 FRAC0_S 0 1 -15530.6 14739.4 9291.25 -8.99125e+06 7.75521e+06 2.77027e+06 6380.06 -44.578 -10.4067
1010000 FRAC0_S 0 1 -15316.9 14516.3 9300.68 -8.38258e+06 5.41619e+06 3.87116e+06 4607.17 -36.336 -15.5045
1010000 FRAC0_S 0 1 -15072.3 14340.6 9231.72 -8.35118e+06 2.81167e+06 5.28888e+06 4424.76 -21.882 -21.6648
1010000 FRAC0_S 0 1 -14820.6 14229.4 9091.15 -7.76002e+06 -184764 6.14937e+06 5032.41 1.82327 -27.7499
1010000 FRAC0_S 0 1 -14586.4 14193.7 8892.71 -5.75864e+06 -3.89789e+06 4.9063e+06 4555.45 32.4575 -22.533
1010000 FRAC0_S 0 1 -14392.6 14236.8 8655.83 1.2005e+07 -2.99777e+07 1.84864e+07 138375 52.2014 -20.7616
1010000 FRAC0_S 0 1 -14258.4 14354.8 8403.69 -262073 -6.98966e+06 -264445 4362.8 69.6565 2.70346
1010000 FRAC0_S 0 1 -14196.8 14535.8 8160.98 2.54401e+06 -5.53226e+06 -2.77041e+06 4324.81 53.1959 17.7696
1010000 FRAC0_S 0 1 -14213.8 14762.3 7951.46 5.15771e+06 -3.02253e+06 -4.81716e+06 6270.85 28.7713 24.3758
Step FractureNumber TipNr TipActive TipX TipY TipZ KI KII KIII G Phi Psi Extension
1010101 FRAC0_S 0 1 -14251.4 15006.3 7724.35 1.3092e+07 2.0725e+06 5.97962e+06 20411.8 -13.05 -19.4194
1010101 FRAC0_S 0 1 -14449.2 15255.4 7614.18 1.28772e+07 -1.26014e+07 4.34688e+06 31439.9 46.6549 -10.667
1010101 FRAC0_S 0 1 -14693.4 15484.1 7601.97 1.26087e+07 -286126 -3.45051e+06 15757.5 2.42925 14.9952
1010101 FRAC0_S 0 1 -14963.3 15662.4 7676.42 1.1763e+07 26312.8 -1.97724e+06 12850.1 -0.267334 10.5221
1010101 FRAC0_S 0 1 -15234.9 15774.1 7827.01 9.62491e+06 -693054 -806318 8384.32 8.45045 5.48028
1010101 FRAC0_S 0 1 -15482.7 15803.6 8036.91 8.24371e+06 -346062 -657776 6124.02 5.14106 5.38116
1010101 FRAC0_S 0 1 -15685 15747.3 8285.35 9.83994e+06 4.76791e+06 587804 10699.7 -37.036 -2.96785
1010101 FRAC0_S 0 1 -15827.1 15623.4 8550.98 5.65885e+06 1.71777e+06 -2.245e+06 3786.79 -22.7633 16.403
1010101 FRAC0_S 0 1 -15894.5 15439.7 8809.1 3.91832e+06 4.98444e+06 -2.27727e+06 4271.76 -48.503 14.5187
1010101 FRAC0_S 0 1 -15878.3 15204.1 9033.86 1.89374e+06 7.78346e+06 -410344 5740.45 -66.3481 3.1183
1010101 FRAC0_S 0 1 -15779.8 14942 9205.16 2.01261e+06 1.08637e+07 -1.1325e+06 11048.2 -66.4717 6.09
1010101 FRAC0_S 0 1 -15607.2 14679.9 9307.56 -227103 1.15446e+07 2.44534e+06 12671.7 -67.5266 -12.4397
1010101 FRAC0_S 0 1 -15373.7 14443.8 9332.16 -2.31719e+06 1.11309e+07 5.55538e+06 15145.2 -57.9867 -19.9819
1010101 FRAC0_S 0 1 -15096.5 14261.3 9278.52 -2.45813e+07 -1.61077e+06 -977826 358.369 8.05386 2.76442
1010101 FRAC0_S 0 1 -14801 14160.9 9149.92 -6.04184e+06 -5.0575e+06 1.02697e+07 16306.4 29.2134 -29.864
1010101 FRAC0_S 0 1 -14527.3 14155.2 8954.21 -2.01591e+06 -4.28696e+06 4.47665e+06 4303.04 44.606 -26.7014
1010101 FRAC0_S 0 1 -14314.4 14234.3 8712.29 1.80683e+07 -1.42977e+07 4.94554e+06 50560.5 43.3689 -9.75889
1010101 FRAC0_S 0 1 -14173.8 14374.5 8449.3 5.26144e+06 -1.636e+06 642513 2760.22 27.0813 -6.4071
1010101 FRAC0_S 0 1 -14104.9 14554.4 8181.28 6.6067e+06 -734869 -2.57276e+06 4817.98 9.99248 18.0187
1010101 FRAC0_S 0 1 -14127.8 14767 7926.65 1.99711e+07 -1.77325e+07 -1.81518e+07 107383 37.3908 21.8632