
Step FractureNumber TipNr TipActive TipX TipY TipZ KI KII KIII G Phi Psi Extension
1010000 FRAC0_S 0 1 44523.2 -44135 8500 41955.2 -51220.6 11842.2 0.409291 51.6307 -8.37592
1010000 FRAC0_S 0 1 44279.2 -44324.7 8500 61193.9 -61299.1 -2393.65 0.66929 51.8528 1.48287
1010000 FRAC0_S 0 1 44105.9 -44580.5 8500 57139.2 -56868.6 121209 2.53312 29.7562 -31.4311
1010000 FRAC0_S 0 1 44020 -44877.3 8500 42343.7 -46593.6 -23937.4 0.429437 45.863 15.0574
1010000 FRAC0_S 0 1 44030 -45186.2 8500 58658.2 85303.3 45116.1 1.22575 -48.9139 -16.7328
1010000 FRAC0_S 0 1 44135 -45476.8 8500 51004.1 -19349.7 -41624 0.495606 22.1018 24.4342
1010000 FRAC0_S 0 1 44324.7 -45720.8 8500 30991.6 -188740 -115946 5.04792 56.5873 23.0047
1010000 FRAC0_S 0 1 44580.5 -45894.1 8500 34125.4 11698.5 -30489.6 0.239607 -19.8164 25.8958
1010000 FRAC0_S 0 1 44877.3 -45980 8500 46267.5 44355.5 -19961.6 0.419068 -44.8923 13.0045
1010000 FRAC0_S 0 1 45186.2 -45970 8500 13583.4 152478 -94900.9 3.28602 -57.903 24.0012
1010000 FRAC0_S 0 1 45476.8 -45865 8500 50993.3 49469.6 -6164.4 0.454842 -49.8854 4.39909
1010000 FRAC0_S 0 1 45720.8 -45675.3 8500 44825.8 48396.4 3008.79 0.388971 -52.7038 -2.40651
1010000 FRAC0_S 0 1 45894.1 -45419.5 8500 42714.2 48866.7 10813.6 0.390925 -50.8705 -7.86932
1010000 FRAC0_S 0 1 45980 -45122.7 8500 47198.9 47023 21948.4 0.45962 -45.1996 -13.5588
1010000 FRAC0_S 0 1 45970 -44813.8 8500 42440.2 30771.9 28524.9 0.3531 -35.9412 -19.2753
1010000 FRAC0_S 0 1 45865 -44523.2 8500 42480.8 17587.5 35528.7 0.356257 -23.3873 -24.4306
1010000 FRAC0_S 0 1 45675.3 -44279.2 8500 13982.9 -121347 99275.4 2.64038 53.686 -27.0973
1010000 FRAC0_S 0 1 45419.5 -44105.9 8500 40520.8 -17523.7 35457.7 0.340891 23.7794 -24.8334
1010000 FRAC0_S 0 1 45122.7 -44020 8500 37142.1 -29980.2 36955.4 0.384662 34.5195 -23.5353
1010000 FRAC0_S 0 1 44813.8 -44030 8500 31510.8 -128404 -116436 3.36081 49.9375 27.0058
Step FractureNumber TipNr TipActive TipX TipY TipZ KI KII KIII G Phi Psi Extension
1010101 FRAC0_S 0 1 44520.2 -44119.2 8519.13 62382.3 -8296.75 12666.6 0.374248 13.2428 -11.092
1010101 FRAC0_S 0 1 44259.6 -44315.5 8512.41 90350.4 -63061.3 35283.2 1.24736 38.9694 -13.4311
1010101 FRAC0_S 0 1 44066.5 -44562 8524.82 13778.9 48882.9 -46129.7 0.512867 -48.7731 27.1403
1010101 FRAC0_S 0 1 43984.2 -44871.2 8493.56 55015.7 23287.5 -38048 0.510574 -25.2166 21.9779
1010101 FRAC0_S 0 1 43997.8 -45192.3 8462.31 146447 77666.7 -17716.4 2.49038 -37.7426 5.53714
1010101 FRAC0_S 0 1 44109.4 -45489.9 8502.02 35262.3 32657.3 -21410.2 0.266805 -41.8259 16.799
1010101 FRAC0_S 0 1 44305.9 -45740.8 8541.74 177189 -74684.2 -137363 5.80423 24.2853 23.4166
1010101 FRAC0_S 0 1 44571.1 -45904.2 8520.87 137822 -32929.8 -114642 3.53726 15.2218 26.0075
1010101 FRAC0_S 0 1 44879.8 -45993.1 8478.82 48578.1 19295 -158612 3.58944 -11.419 38.4402
1010101 FRAC0_S 0 1 45191.1 -45996.1 8457.64 70307.7 3439.14 -18175.2 0.485475 -5.13993 14.1323
1010101 FRAC0_S 0 1 45479.3 -45878 8478.82 23743.5 -39995 33658.7 0.343454 45.6857 -23.0143
1010101 FRAC0_S 0 1 45720.8 -45675.3 8500 49589.6 36041.1 34513.9 0.493314 -35.6981 -19.6837
1010101 FRAC0_S 0 1 45894.1 -45419.5 8500 45015.2 45106.3 15951.5 0.395713 -46.8754 -10.9835
1010101 FRAC0_S 0 1 45980 -45122.7 8500 45502.7 30040.5 23119.2 0.336006 -36.1374 -16.4654
1010101 FRAC0_S 0 1 45970 -44813.8 8500 45054.4 15189.4 27988.7 0.305631 -22.0267 -21.4221
1010101 FRAC0_S 0 1 45875.1 -44512.4 8520.15 70566.1 -1956.17 -3753.32 0.445944 3.54441 3.75827
1010101 FRAC0_S 0 1 45695.5 -44257.6 8540.29 203258 -106987 -74822.5 5.44603 33.4938 13.9102
1010101 FRAC0_S 0 1 45429.6 -44095.1 8520.15 101267 -105400 12529.7 1.92463 51.1336 -4.35082
1010101 FRAC0_S 0 1 45119.7 -44004.2 8519.13 32243 612.787 14784.7 0.121746 -1.7892 -21.0282
1010101 FRAC0_S 0 1 44807.8 -43998.4 8538.27 96707.3 54013.1 30512.9 1.21718 -35.5067 -12.1969