
Step FractureNumber TipNr TipActive TipX TipY TipZ KI KII KIII G Phi Psi Extension
1010000 FRAC0_S 0 1 14635.6 805.231 8059.1 -1.02325e+07 1.37759e+07 9.34903e+06 28535.7 -45.8784 -19.2688
1010000 FRAC0_S 0 1 14431.2 779.483 8289.33 3.05788e+06 -4060.03 808353 920.142 0.146786 -14.8516
1010000 FRAC0_S 0 1 14282.4 677.432 8540.2 1.95953e+07 -1.02153e+07 -8.19464e+06 52446 32.5728 15.2841
1010000 FRAC0_S 0 1 14203.8 509.071 8787.13 -3.1478e+06 609715 -2.54943e+06 897.574 -12.8801 26.1375
1010000 FRAC0_S 0 1 14203.2 290.878 9005.95 -6.12496e+06 2.88047e+06 -3.58898e+06 2452.49 -28.3578 19.5476
1010000 FRAC0_S 0 1 14280.5 44.2111 9175.24 -8.17811e+06 6.19684e+06 -3.19149e+06 4776.58 -40.6762 13.0819
1010000 FRAC0_S 0 1 14428.3 -206.783 9278.45 -9.09712e+06 7.56471e+06 -1.81299e+06 5536.47 -45.5884 7.33659
1010000 FRAC0_S 0 1 14632.1 -437.535 9305.44 -8.23213e+06 6.61475e+06 13445.6 3899.02 -48.4482 -0.0705471
1010000 FRAC0_S 0 1 14871.9 -625.459 9253.59 -8.54386e+06 6.54731e+06 1.67193e+06 4191.68 -44.0024 -7.45135
1010000 FRAC0_S 0 1 15124.2 -752.158 9127.99 -7.15142e+06 5.361e+06 2.85418e+06 3644.51 -40.3224 -13.3492
1010000 FRAC0_S 0 1 15358.8 -804.889 8946.14 -4.99663e+06 2.33939e+06 2.87894e+06 1590.02 -28.3909 -19.3619
1010000 FRAC0_S 0 1 15568.8 -779.483 8710.67 -2.43106e+06 398100 1.718e+06 406.677 -11.7204 -24.7592
1010000 FRAC0_S 0 1 15717.6 -677.432 8459.8 866626 -620463 262477 110.393 40.8456 -10.9591
1010000 FRAC0_S 0 1 15796.2 -509.071 8212.87 2.96675e+07 1.33557e+07 8.40401e+06 103720 -31.6371 -11.8652
1010000 FRAC0_S 0 1 15796.8 -290.878 7994.05 6.88441e+06 1.85672e+06 -2.40329e+06 5298.75 -21.3817 15.286
1010000 FRAC0_S 0 1 15719.5 -44.2111 7824.76 2.72698e+07 1.48493e+07 5.97178e+06 90657.8 -36.5546 -9.17695
1010000 FRAC0_S 0 1 15571.7 206.783 7721.55 -1.7602e+07 2.04351e+07 -1.24771e+07 57916.8 -45.18 17.2528
1010000 FRAC0_S 0 1 15367.9 437.535 7694.56 9.79418e+06 5.84414e+06 -214516 11597.5 -42.0978 1.04943
1010000 FRAC0_S 0 1 15128.1 625.459 7746.41 9.55082e+06 5.51658e+06 1.06536e+06 10991.2 -39.6878 -5.00696
1010000 FRAC0_S 0 1 14875.8 752.158 7872.01 8.98076e+06 4.29727e+06 2.16556e+06 9456.36 -33.536 -10.2886
Step FractureNumber TipNr TipActive TipX TipY TipZ KI KII KIII G Phi Psi Extension
1010101 FRAC0_S 0 1 14577.1 840.549 7996.32 7.18682e+06 -1.46982e+06 1.48828e+06 5089.66 18.8142 -10.7326
1010101 FRAC0_S 0 1 14378.1 845.064 8269.25 3.55536e+06 473999 -1.77865e+06 1567.18 -10.9594 20.7919
1010101 FRAC0_S 0 1 14230 750.984 8556.03 -686349 -642668 -1.12821e+06 206.095 31.8276 28.8562
1010101 FRAC0_S 0 1 14125.9 549.602 8807.9 -2.41429e+06 679888 -2.95296e+06 1200.95 -14.8555 30.2201
1010101 FRAC0_S 0 1 14107.9 290.909 9022.2 -1.55307e+07 2.62507e+07 3.26927e+06 62827.1 -57.8098 -5.48658
1010101 FRAC0_S 0 1 14189.1 12.7435 9190.25 -2.41722e+06 1.0224e+07 -4.17548e+06 11633.4 -59.2417 17.3325
1010101 FRAC0_S 0 1 14347.3 -261.435 9291.68 -936767 1.01578e+07 -2.07371e+06 9766.36 -66.3414 11.4649
1010101 FRAC0_S 0 1 14565.4 -509.218 9318.06 -392170 1.07288e+07 -110004 10258.9 -69.8601 0.760821
1010101 FRAC0_S 0 1 14823.2 -710.291 9266.49 -949600 9.72916e+06 1.97155e+06 8951.82 -66.2675 -11.3547
1010101 FRAC0_S 0 1 15099.2 -846.077 9140.2 -2.27165e+06 7.12496e+06 3.04506e+06 5756.89 -57.2172 -17.1135
1010101 FRAC0_S 0 1 15371.1 -900.924 8951.88 -1.372e+06 4.09895e+06 -1.04927e+06 1643.6 -60.3471 11.6976
1010101 FRAC0_S 0 1 15615.6 -852.309 8726.87 -1.49534e+06 162178 1.99539e+06 531.896 -6.07759 -32.7606
1010101 FRAC0_S 0 1 15784.8 -725.287 8465.67 3.37461e+06 -2.78162e+06 3.59594e+06 3424.06 34.2374 -24.2743
1010101 FRAC0_S 0 1 15852.1 -561.803 8176.83 5.13382e+06 -1.4025e+06 -1.29468e+06 2746.81 22.8281 11.9936
1010101 FRAC0_S 0 1 15839.5 -343.151 7923.59 1.78465e+06 8.48134e+06 -9.97773e+06 19934.6 -46.3676 30.4279
1010101 FRAC0_S 0 1 15745 -81.8695 7738.79 2.10201e+07 76756.9 1.49057e+06 39668.6 -0.474942 -5.00362
1010101 FRAC0_S 0 1 15574.8 182.731 7626.17 1.21792e+07 -2.14458e+06 -1.73958e+06 14030.3 17.4433 8.06
1010101 FRAC0_S 0 1 15355.6 431.034 7596.93 1.20808e+07 -1.50315e+06 -474390 13236.6 14.1688 2.59448
1010101 FRAC0_S 0 1 15101.3 637.826 7652.59 1.36748e+07 -445212 370319 16699.6 4.23537 -1.97183
1010101 FRAC0_S 0 1 14831.2 774.742 7787.54 1.31361e+07 1.71946e+06 7.00871e+06 22173.3 -10.577 -21.6124