
Step FractureNumber TipNr TipActive TipX TipY TipZ KI KII KIII G Phi Psi Extension
1010000 FRAC0_S 0 1 -29262.7 14914.2 7848.46 7.49937e+06 4.79434e+06 2.08785e+06 7639.61 -38.8921 -10.6282
1010000 FRAC0_S 0 1 -29399.7 15166.2 7733.5 -4.33846e+06 1.08805e+07 -1.19035e+07 29394.6 -44.8975 27.8763
1010000 FRAC0_S 0 1 -29595.5 15402 7693.56 4.89865e+06 3.50932e+06 -2.25707e+06 3913.32 -38.4878 15.0293
1010000 FRAC0_S 0 1 -29830.9 15598.3 7732.56 5.53556e+06 3.19305e+06 -2.91631e+06 4770.22 -33.1251 17.4643
1010000 FRAC0_S 0 1 -30082.7 15736.1 7846.69 5.42068e+06 4.41712e+06 -2.07418e+06 4929.2 -42.2887 12.5813
1010000 FRAC0_S 0 1 -30326.6 15801.9 8024.77 2.98275e+06 8.9152e+06 -3.56308e+06 9563.83 -57.4527 16.2229
1010000 FRAC0_S 0 1 -30538.5 15789.2 8249.36 4.17735e+06 5.01239e+06 -270051 3803.5 -54.528 2.19979
1010000 FRAC0_S 0 1 -30697.7 15699.2 8498.49 4.31479e+06 6.02723e+06 629810 4948.89 -55.7832 -4.36866
1010000 FRAC0_S 0 1 -30788.5 15540.8 8747.77 6.50354e+06 1.30541e+07 -6.19297e+06 24055.2 -52.9827 16.8501
1010000 FRAC0_S 0 1 -30802.2 15329.4 8972.8 3.25942e+06 5.96793e+06 3.19389e+06 5477.17 -51.1056 -17.8744
1010000 FRAC0_S 0 1 -30737.3 15085.8 9151.54 2.95455e+06 4.84283e+06 4.54841e+06 5619.28 -44.1461 -24.2575
1010000 FRAC0_S 0 1 -30600.3 14833.8 9266.5 5.20502e+06 6.6397e+06 3.07319e+06 7598.78 -48.4447 -14.6681
1010000 FRAC0_S 0 1 -30404.5 14598 9306.44 2.01943e+06 147512 4.87743e+06 3529.32 -2.90096 -38.186
1010000 FRAC0_S 0 1 -30169.1 14401.7 9267.44 2.86006e+06 -2.84459e+06 6.09944e+06 6397.98 29.6726 -31.4933
1010000 FRAC0_S 0 1 -29917.3 14263.9 9153.31 3.06195e+06 -4.8592e+06 4.62651e+06 5786.31 43.7185 -24.2734
1010000 FRAC0_S 0 1 -29673.4 14198.1 8975.23 3.44643e+06 -6.2457e+06 3.07075e+06 5788.63 51.7476 -16.8565
1010000 FRAC0_S 0 1 -29461.5 14210.8 8750.64 3.78305e+06 -6.84197e+06 1.38826e+06 5703.09 57.0289 -8.573
1010000 FRAC0_S 0 1 -29315.6 14287.7 8527.99 9.25389e+06 -4.01283e+06 8.25531e+06 18129.8 23.6698 -25.0636
1010000 FRAC0_S 0 1 -29211.5 14459.2 8252.23 9.87537e+06 2.36729e+06 4.38448e+06 11746.4 -18.5136 -18.2735
1010000 FRAC0_S 0 1 -29197.8 14670.6 8027.2 -655436 2.68308e+06 -8.65108e+06 10595.4 -27.8242 39.0999
Step FractureNumber TipNr TipActive TipX TipY TipZ KI KII KIII G Phi Psi Extension
1010101 FRAC0_S 0 1 -29240 14871.4 7763.41 936073 2.59523e+06 -9.25428e+06 12068.6 -25.5333 39.1683
1010101 FRAC0_S 0 1 -29394.1 15140 7638.77 3.98636e+06 -3.47829e+06 -2.82406e+06 3554.87 39.3293 18.9233
1010101 FRAC0_S 0 1 -29601.2 15397.4 7595.55 4.42041e+06 -2.19755e+06 -3.16608e+06 3504.75 27.9135 21.7849
1010101 FRAC0_S 0 1 -29851.7 15610.9 7637.34 7.46149e+06 -1.44851e+06 -3.70036e+06 6969.19 15.1577 20.0467
1010101 FRAC0_S 0 1 -30126.2 15747.8 7760 9.11267e+06 155398 -3.43502e+06 8971.22 -1.70216 18.6788
1010101 FRAC0_S 0 1 -30390.8 15803.3 7950.1 1.16051e+07 882533 -2.3625e+06 12812.8 -8.07289 11.5738
1010101 FRAC0_S 0 1 -30616.3 15785.6 8187.89 1.04822e+07 767223 -422371 9867.19 -8.9002 2.77941
1010101 FRAC0_S 0 1 -30784.5 15691.8 8451.4 9.20342e+06 -429130 1.60719e+06 7907.84 5.24311 -10.4786
1010101 FRAC0_S 0 1 -30881.4 15526.2 8716.6 6.65632e+06 621816 2.42986e+06 4767.88 -8.68008 -17.4556
1010101 FRAC0_S 0 1 -30897.1 15305.6 8959.38 6.93981e+06 -225048 3.77569e+06 6192.16 2.85019 -22.9882
1010101 FRAC0_S 0 1 -30829.1 15049.2 9153.45 5.35086e+06 352498 4.68993e+06 5487.83 -4.66771 -28.4776
1010101 FRAC0_S 0 1 -30676.5 14787.2 9292.08 4.44579e+06 -859416 5.06147e+06 5234.33 11.1252 -30.2164
1010101 FRAC0_S 0 1 -30443.9 14556.7 9371.84 7.68125e+06 3.98868e+06 3.47436e+06 8280.8 -32.0172 -16.1577
1010101 FRAC0_S 0 1 -30161.8 14375.3 9357.07 6.11988e+06 -1.05866e+06 5.35259e+06 7247.79 11.3279 -27.2963
1010101 FRAC0_S 0 1 -29874.3 14249.7 9239.97 4.42731e+06 7.59971e+06 -1.26143e+06 7104.88 -57.1713 7.10691
1010101 FRAC0_S 0 1 -29609.4 14193.4 9050.29 1.0409e+07 -3.35915e+06 3.46546e+06 12257.7 24.629 -14.3504
1010101 FRAC0_S 0 1 -29384 14201.7 8806.38 8.02494e+06 -2.41462e+06 1.56377e+06 6583.43 25.3301 -9.60162
1010101 FRAC0_S 0 1 -29224.6 14263.7 8518.2 8.74389e+06 -7.18771e+06 1.97357e+06 11934.7 44.9201 -8.19651
1010101 FRAC0_S 0 1 -29149.7 14399.6 8219.68 4.26461e+06 -6.01416e+06 -1.18841e+06 5031.6 54.1708 7.72918
1010101 FRAC0_S 0 1 -29155.6 14614.1 7960.14 2.8427e+06 -5.46875e+06 -1.6781e+06 3759.65 55.6637 12.1716