
Step FractureNumber TipNr TipActive TipX TipY TipZ KI KII KIII G Phi Psi Extension
1010000 FRAC0_S 0 1 -45000 44049 8233.09 1.08316e+06 -310354 -37786.9 113.321 27.0655 2.03622
1010000 FRAC0_S 0 1 -45000 44178.1 7952.3 1.05007e+06 -261233 -98148.9 105.62 23.5434 5.2716
1010000 FRAC0_S 0 1 -45000 44387.6 7725.12 1.03632e+06 -320170 -305859 117.277 24.3675 13.2342
1010000 FRAC0_S 0 1 -45000 44657 7573.79 839726 -99773.9 -143826 66.4732 12.3002 9.77391
1010000 FRAC0_S 0 1 -45000 44960 7513.12 999614 176957 -438799 117.44 -14.4964 18.7529
1010000 FRAC0_S 0 1 -45000 45266.9 7549.06 937260 25702.3 -170308 82.1957 -3.13916 10.9766
1010000 FRAC0_S 0 1 -45000 45547.7 7678.08 1.02996e+06 135898 -173813 100.192 -13.4815 9.56447
1010000 FRAC0_S 0 1 -45000 45774.9 7887.55 1.02047e+06 201153 -129234 98.6231 -19.2949 7.16008
1010000 FRAC0_S 0 1 -45000 45926.2 8156.97 1.20428e+06 279856 -81909.5 137.106 -22.7829 3.98939
1010000 FRAC0_S 0 1 -45000 45986.8 8459.98 1.03257e+06 283818 -23219.2 102.259 -26.5192 1.34205
1010000 FRAC0_S 0 1 -45000 45951 8766.91 1.08259e+06 285212 39730.9 111.896 -25.4944 -2.17544
1010000 FRAC0_S 0 1 -45000 45821.9 9047.7 1.05637e+06 250655 98175 106.319 -22.7456 -5.28844
1010000 FRAC0_S 0 1 -45000 45612.4 9274.88 1.05705e+06 187212 143024 105.411 -17.618 -7.69077
1010000 FRAC0_S 0 1 -45000 45343 9426.21 1.06461e+06 84553.7 179433 105.915 -8.62629 -9.93234
1010000 FRAC0_S 0 1 -45000 45040 9486.88 907274 17380 160339 76.7966 -2.22463 -10.8061
1010000 FRAC0_S 0 1 -45000 44733.1 9450.94 1.03553e+06 40808 384216 115.337 -3.85696 -18.2352
1010000 FRAC0_S 0 1 -45000 44452.3 9321.92 1.05087e+06 -148617 169956 104.217 14.3689 -9.17198
1010000 FRAC0_S 0 1 -45000 44225.1 9112.45 1.05404e+06 -211235 125357 105.068 19.6506 -6.76307
1010000 FRAC0_S 0 1 -45000 44073.8 8843.03 1.09393e+06 -301871 80747.8 115.624 25.6963 -4.16688
1010000 FRAC0_S 0 1 -45000 44013.2 8540.02 1.04281e+06 -293900 23972.6 104.676 26.9736 -1.36397
Step FractureNumber TipNr TipActive TipX TipY TipZ KI KII KIII G Phi Psi Extension
1010101 FRAC0_S 0 1 -44955.9 43964.8 8209.26 1.2463e+06 -207514 -131395 144.545 17.1274 6.23854
1010101 FRAC0_S 0 1 -44958.3 44104.4 7903 1.27757e+06 -174161 -319842 161.754 13.0867 13.0065
1010101 FRAC0_S 0 1 -44963.8 44325.8 7658.53 1.04246e+06 -3854.28 -215338 103.006 0.42704 12.3517
1010101 FRAC0_S 0 1 -44985.3 44624.9 7485.93 1.09145e+06 -58855.7 -292119 117.811 5.59592 14.443
1010101 FRAC0_S 0 1 -45008.6 44956.2 7417.82 887044 -99534.1 -277679 81.2538 10.5882 15.5398
1010101 FRAC0_S 0 1 -45014.9 45292.9 7456.58 835554 -36703.5 -281615 72.8801 4.38243 17.071
1010101 FRAC0_S 0 1 -45021.3 45599.9 7598.95 1.08972e+06 59938.7 -329026 120.535 -5.55991 15.7221
1010101 FRAC0_S 0 1 -45032.1 45847 7830.05 1.15531e+06 108523 -292331 131.354 -9.42282 13.488
1010101 FRAC0_S 0 1 -45038.8 46010.3 8125.43 929886 149316 -158237 82.3693 -15.874 9.43461
1010101 FRAC0_S 0 1 -45042.7 46074.9 8456.26 1.06726e+06 234862 -37028.8 106.597 -22.4004 2.13155
1010101 FRAC0_S 0 1 -45042.3 46035.9 8790.98 1.24889e+06 234339 137532 146.396 -18.7787 -6.38118
1010101 FRAC0_S 0 1 -45037.7 45896.8 9098.06 1.03169e+06 -23667.5 192435 99.8223 2.63027 -11.2443
1010101 FRAC0_S 0 1 -45028.6 45669.8 9348.23 1.12445e+06 35231.8 302724 124.968 -3.33221 -14.7323
1010101 FRAC0_S 0 1 -45016 45376 9516.22 960161 -402816 404498 118.372 28.2708 -16.1224
1010101 FRAC0_S 0 1 -45007.4 45043.9 9584 1.08316e+06 -46953.1 318873 118.267 4.46307 -15.567
1010101 FRAC0_S 0 1 -44998.2 44707.2 9544.09 1.05849e+06 -614878 480737 164.267 34.2587 -15.7638
1010101 FRAC0_S 0 1 -44980.9 44400.2 9400.84 1.17788e+06 -88927.3 303446 136.582 7.70405 -13.8409
1010101 FRAC0_S 0 1 -44966.1 44153.6 9169.63 1.25177e+06 -59522.7 306146 152.409 5.05729 -13.5815
1010101 FRAC0_S 0 1 -44958.5 43990.8 8874.18 1.22068e+06 -208209 179077 140.908 16.9543 -8.27744
1010101 FRAC0_S 0 1 -44955.1 43926 8543.64 1.33397e+06 -220798 32622.9 163.055 18.119 -1.58906