
Step FractureNumber TipNr TipActive TipX TipY TipZ KI KII KIII G Phi Psi Extension
1010000 FRAC0_S 0 1 22500 -21518.6 8611.28 3.01224e+06 -2.06029e+06 -4.7233e+06 4153.98 26.3487 29.9374
1010000 FRAC0_S 0 1 22500 -21601 8909.1 5.58238e+06 -6.25565e+06 -2.08523e+06 6842.4 48.7707 10.9415
1010000 FRAC0_S 0 1 22500 -21771.5 9166.88 -1.11121e+07 8.42319e+06 1.81082e+06 6758.48 -44.3444 -6.37937
1010000 FRAC0_S 0 1 22500 -22013.2 9359.38 4.23315e+06 11051.9 -5.97383e+06 6343.15 -0.151343 34.3223
1010000 FRAC0_S 0 1 22500 -22302.5 9467.75 5.93732e+06 2.90469e+06 -8.13501e+06 12694.9 -21.9042 29.7987
1010000 FRAC0_S 0 1 22500 -22611.3 9481.4 2.03689e+07 1.91262e+07 -1.50733e+07 99786.4 -40.4704 19.0278
1010000 FRAC0_S 0 1 22500 -22909.1 9398.98 5.5876e+06 7.73284e+06 -4.5808e+06 10901.5 -47.4141 17.7988
1010000 FRAC0_S 0 1 22500 -23166.9 9228.56 4.45676e+06 7.35654e+06 -1.94912e+06 7097.75 -54.8342 10.3849
1010000 FRAC0_S 0 1 22500 -23359.4 8986.83 4.76076e+06 8.12748e+06 444055 7932.13 -59.3316 -2.56132
1010000 FRAC0_S 0 1 22500 -23467.8 8697.44 3.43479e+06 4.73789e+06 2.3705e+06 3798.97 -48.7772 -15.8691
1010000 FRAC0_S 0 1 22500 -23481.4 8388.72 2.22475e+06 1.28806e+06 3.10616e+06 1872.11 -24.5933 -29.3365
1010000 FRAC0_S 0 1 22500 -23399 8090.9 792704 -2.29409e+06 2.43936e+06 1316.38 46.0551 -28.0007
1010000 FRAC0_S 0 1 22500 -23228.5 7833.12 -382029 -3.97287e+06 339119 1421.78 68.3478 -5.46287
1010000 FRAC0_S 0 1 22500 -22986.8 7640.62 -526967 -5.79066e+06 -979653 3115.65 67.0161 9.87668
1010000 FRAC0_S 0 1 22500 -22697.5 7532.25 -763344 -3.97242e+06 -2.21094e+06 2056.3 57.1677 21.4824
1010000 FRAC0_S 0 1 22500 -22388.7 7518.6 -565390 -3.98393e+06 -3.46717e+06 3013.16 52.287 27.5624
1010000 FRAC0_S 0 1 22500 -22090.9 7601.02 -423574 -2.0798e+06 -3.46439e+06 1981.72 40.2888 34.1594
1010000 FRAC0_S 0 1 22500 -21833.1 7771.44 1.64772e+06 9.11268e+06 3.43443e+06 9210.49 -61.0271 -16.9403
1010000 FRAC0_S 0 1 22500 -21640.6 8013.17 1.01223e+07 -8.11535e+06 326489 15013.1 47.8242 -1.36159
1010000 FRAC0_S 0 1 22500 -21532.2 8302.56 2.24101e+06 -2.48423e+06 -4.01092e+06 3137.09 34.1503 28.8551
Step FractureNumber TipNr TipActive TipX TipY TipZ KI KII KIII G Phi Psi Extension
1010101 FRAC0_S 0 1 22555.1 -21438.8 8619.02 4.20724e+06 -1.14433e+06 -4.67723e+06 4603.59 15.0632 29.1998
1010101 FRAC0_S 0 1 22531.2 -21535.5 8937.35 2.92653e+07 -4.78451e+06 -1.46376e+07 106856 13.0818 20.4675
1010101 FRAC0_S 0 1 22483.8 -21717.7 9219.6 5.24454e+06 -2.965e+06 -6.50303e+06 8858.87 25.371 28.0292
1010101 FRAC0_S 0 1 22473 -21970.7 9437.68 4.42476e+06 -1.66571e+06 -7.60512e+06 9684.31 15.9919 33.1375
1010101 FRAC0_S 0 1 22465 -22283.2 9553.86 6.41875e+06 -368906 -6.3392e+06 9028.15 3.87916 29.9717
1010101 FRAC0_S 0 1 22439.8 -22618 9557.32 8.16059e+06 -19270.8 -6.19693e+06 11041.8 0.187532 27.4897
1010101 FRAC0_S 0 1 22426.5 -22935 9459.29 1.09032e+07 746334 -4.94628e+06 13896.9 -6.15442 20.3161
1010101 FRAC0_S 0 1 22419.2 -23204.4 9271.48 1.21183e+07 903986 -2.61117e+06 14065.7 -7.86128 12.1073
1010101 FRAC0_S 0 1 22417.7 -23407.5 9013.31 1.04306e+07 612947 -101792 9729.81 -7.48769 0.709634
1010101 FRAC0_S 0 1 22430.5 -23533.8 8707.75 1.75976e+06 1.7176e+06 4.03428e+06 2703.47 -28.3522 -32.3728
1010101 FRAC0_S 0 1 22478.4 -23558.5 8379.71 3.56386e+06 735228 2.59712e+06 2077.05 -14.1302 -24.6945
1010101 FRAC0_S 0 1 22548.8 -23460 8067.74 3.19714e+06 -752687 1.94262e+06 1463.25 16.7411 -22.1283
1010101 FRAC0_S 0 1 22587.5 -23262.8 7804.99 -347398 2.32677e+06 -2.42137e+06 1262.21 -49.3323 29.6135
1010101 FRAC0_S 0 1 22590.3 -23006 7604.13 -30519.5 -571036 -4.28051e+06 2465.98 15.4176 43.0204
1010101 FRAC0_S 0 1 22584.8 -22706 7482 1.98455e+06 -4.10372e+06 -4.86259e+06 4996.36 42.6335 28.1283
1010101 FRAC0_S 0 1 22576.7 -22380 7457.57 2.58706e+06 -2.09702e+06 -2.95958e+06 2153.22 33.14 25.2538
1010101 FRAC0_S 0 1 22530.2 -22065.2 7542.18 2.18712e+06 1.00976e+07 4.05122e+06 11694.9 -59.7918 -17.314
1010101 FRAC0_S 0 1 22491 -21794.3 7727.94 308439 -2.00705e+06 -4.2542e+06 2774.5 36.237 36.6713
1010101 FRAC0_S 0 1 22529.2 -21583 7983.56 427834 -579264 -3.44805e+06 1627.45 17.0196 40.6011
1010101 FRAC0_S 0 1 22557.7 -21454.9 8288.54 -7.29437e+06 2.12743e+06 2.16788e+06 1028.37 -23.3401 -13.4355