
Step FractureNumber TipNr TipActive TipX TipY TipZ KI KII KIII G Phi Psi Extension
1010000 FRAC0_S 0 1 -44474.7 -14732.7 7707.43 -2.2339e+06 -805390 -2.27285e+06 744.861 19.6168 27.332
1010000 FRAC0_S 0 1 -44689.5 -14510.6 7700.19 -2.04702e+06 347576 -2.2349e+06 675.068 -10.1164 29.964
1010000 FRAC0_S 0 1 -44934.7 -14336.5 7771.25 -1.51613e+06 1.73614e+06 -2.25974e+06 947.75 -37.1517 26.431
1010000 FRAC0_S 0 1 -45186.3 -14227.4 7913.64 -1.84054e+06 2.21701e+06 -1.66642e+06 807.322 -43.7236 19.9112
1010000 FRAC0_S 0 1 -45419.6 -14193.8 8113.43 -2.0605e+06 3.18276e+06 -1.31671e+06 1133.27 -51.4472 14.3265
1010000 FRAC0_S 0 1 -45611.9 -14239.2 8351.05 -1.73526e+06 3.20162e+06 -553761 954.198 -57.8339 7.53105
1010000 FRAC0_S 0 1 -45744.3 -14359 8603.26 -1.16811e+06 2.36308e+06 58815.2 498.061 -61.8239 -1.26902
1010000 FRAC0_S 0 1 -45803.8 -14541.6 8845.36 -1.77825e+06 3.52044e+06 853015 1201.16 -57.1933 -10.1812
1010000 FRAC0_S 0 1 -45784.6 -14769 9053.65 -1.65461e+06 2.72934e+06 1.35802e+06 909.085 -50.7306 -16.6017
1010000 FRAC0_S 0 1 -45688.6 -15019.1 9207.75 -1.28415e+06 1.58204e+06 1.45394e+06 504.182 -41.8809 -22.5131
1010000 FRAC0_S 0 1 -45525.3 -15267.3 9292.57 -1.95447e+06 1.301e+06 2.48172e+06 969.968 -28.1477 -27.5655
1010000 FRAC0_S 0 1 -45310.5 -15489.4 9299.81 -1.83379e+06 249993 2.35553e+06 743.521 -7.66189 -32.0964
1010000 FRAC0_S 0 1 -45065.3 -15663.5 9228.75 -2.09304e+06 -936666 2.48982e+06 902.674 21.7422 -28.4703
1010000 FRAC0_S 0 1 -44813.7 -15772.6 9086.36 -2.05494e+06 -1.91456e+06 1.95256e+06 833.695 37.9447 -22.13
1010000 FRAC0_S 0 1 -44595.6 -15806.6 8902.29 -2.1663e+06 -2.75643e+06 1.44506e+06 954.779 47.4855 -16.0013
1010000 FRAC0_S 0 1 -44388.1 -15760.8 8648.95 -2.20455e+06 -3.27621e+06 730796 1027.5 54.3679 -8.72
1010000 FRAC0_S 0 1 -44255.7 -15641 8396.74 -1.53614e+06 -3.50144e+06 -303012 1104.71 61.6985 4.31929
1010000 FRAC0_S 0 1 -44196.2 -15458.4 8154.64 -2.46625e+06 -2.56143e+06 -597093 632.06 49.2375 7.90816
1010000 FRAC0_S 0 1 -44215.4 -15231 7946.35 -2.26056e+06 -2.62261e+06 -1.45668e+06 895.12 45.9352 16.1796
1010000 FRAC0_S 0 1 -44311.4 -14980.9 7792.25 -1.61131e+06 -1.20764e+06 -1.42309e+06 399.306 34.1827 22.453
Step FractureNumber TipNr TipActive TipX TipY TipZ KI KII KIII G Phi Psi Extension
1010101 FRAC0_S 0 1 -44412.3 -14692.1 7650.15 -1.33204e+06 -1.16176e+06 -2.37452e+06 870.173 29.4228 30.1938
1010101 FRAC0_S 0 1 -44669.2 -14475.4 7617.8 587009 1.43727e+06 -2.49873e+06 1045.19 -37.4192 33.0194
1010101 FRAC0_S 0 1 -44957.7 -14313.4 7681.24 -260141 1.69702e+06 -1.80398e+06 689.453 -48.9171 29.82
1010101 FRAC0_S 0 1 -45238.4 -14213 7831.43 570150 1.86153e+06 -1.16346e+06 517.794 -53.7233 21.7862
1010101 FRAC0_S 0 1 -45489.3 -14188.8 8043.73 1.59429e+06 2.8828e+06 -1.01183e+06 1103.21 -54.2198 13.2572
1010101 FRAC0_S 0 1 -45692.4 -14246.7 8293.73 2.18179e+06 2.65304e+06 -323061 1065.28 -53.4911 4.75601
1010101 FRAC0_S 0 1 -45831.1 -14376.9 8558.66 2.04587e+06 2.34099e+06 277568 871.569 -52.6315 -4.52472
1010101 FRAC0_S 0 1 -45895.4 -14565.8 8816.78 1.96292e+06 2.27384e+06 841080 898.161 -48.655 -12.0143
1010101 FRAC0_S 0 1 -45877.9 -14799.8 9045.35 1.13428e+06 2.96568e+06 1.15714e+06 1076.48 -56.7012 -15.5698
1010101 FRAC0_S 0 1 -45776.2 -15059.3 9223.73 407223 2.24088e+06 1.74064e+06 865.213 -53.234 -25.7449
1010101 FRAC0_S 0 1 -45594.7 -15317 9336.17 -622460 1.73034e+06 2.38814e+06 1025.33 -41.7723 -30.9173
1010101 FRAC0_S 0 1 -45344.7 -15540.8 9369.44 -1.26048e+06 241498 2.55443e+06 873.037 -8.08679 -36.0323
1010101 FRAC0_S 0 1 -45054.8 -15704.8 9312.43 -911444 -1.47369e+06 2.44406e+06 987.994 36.204 -31.0234
1010101 FRAC0_S 0 1 -44766.9 -15799.2 9167.26 31122.9 -2.71016e+06 2.02643e+06 1200.75 56.9629 -27.191
1010101 FRAC0_S 0 1 -44511.4 -15818.6 8955.59 1.34284e+06 -2.52534e+06 918717 841.226 54.3755 -13.7545
1010101 FRAC0_S 0 1 -44307.1 -15758 8705.53 1.90274e+06 -2.66319e+06 480001 985.278 54.3912 -7.12124
1010101 FRAC0_S 0 1 -44167.4 -15627.1 8438.83 1.45414e+06 -2.12738e+06 -91808.1 592.836 57.6015 1.92885
1010101 FRAC0_S 0 1 -44102 -15440.4 8177.19 1.27176e+06 -3.06727e+06 -850064 1078.59 58.296 11.8922
1010101 FRAC0_S 0 1 -44120.2 -15206.5 7946.12 360495 -3.08388e+06 -1.42986e+06 1130.96 60.5559 20.0415
1010101 FRAC0_S 0 1 -44224.7 -14946.4 7765.4 -490755 -2.39443e+06 -1.96092e+06 1022.31 52.0842 26.1586