
Step FractureNumber TipNr TipActive TipX TipY TipZ KI KII KIII G Phi Psi Extension
1010000 FRAC0_S 0 1 -7633.96 -29244.3 7878.28 1.13267e+06 -121354 1.07962e+06 270.658 7.09096 -29.0224
1010000 FRAC0_S 0 1 -7873.14 -29194.3 8067.43 765189 -747415 822067 191.835 37.6451 -23.3733
1010000 FRAC0_S 0 1 -8075.8 -29223.2 8298.92 1.10562e+06 -965732 818115 281.053 38.9721 -19.4392
1010000 FRAC0_S 0 1 -8222.1 -29328 8550.1 841226 -1.44395e+06 396242 269.736 55.0914 -10.8057
1010000 FRAC0_S 0 1 -8297.71 -29498.6 8796.37 833092 -1.56537e+06 84839.6 281.156 60.4355 -2.62628
1010000 FRAC0_S 0 1 -8295.24 -29718.4 9013.63 920809 -1.70883e+06 -313539 348.841 57.6877 7.93489
1010000 FRAC0_S 0 1 -8214.92 -29965.7 9180.62 839566 -1.33787e+06 -566093 264.929 51.6245 14.6894
1010000 FRAC0_S 0 1 -8064.62 -30216.4 9280.97 961600 -1.17947e+06 -959593 328.831 43.126 20.9788
1010000 FRAC0_S 0 1 -7859.06 -30445.9 9304.88 700812 -433842 -1.26582e+06 273.644 23.016 31.9548
1010000 FRAC0_S 0 1 -7618.34 -30631.7 9250.01 926368 -61779.5 -1.2137e+06 272.729 3.87302 32.9683
1010000 FRAC0_S 0 1 -7366.04 -30755.7 9121.72 988439 456283 -1.18068e+06 291.016 -22.217 28.4037
1010000 FRAC0_S 0 1 -7126.86 -30805.7 8932.57 985489 929253 -1.00133e+06 296.845 -37.5049 22.8928
1010000 FRAC0_S 0 1 -6924.2 -30776.8 8701.08 1.03726e+06 1.46164e+06 -799898 371.347 -48.2891 16.9732
1010000 FRAC0_S 0 1 -6777.9 -30672 8449.9 995793 1.68728e+06 -441523 367.978 -55.188 10.3629
1010000 FRAC0_S 0 1 -6702.29 -30501.4 8203.63 871954 1.53802e+06 -53765.4 278.927 -60.1175 1.68645
1010000 FRAC0_S 0 1 -6704.76 -30281.6 7986.37 864610 1.47379e+06 260240 269.173 -56.8842 -7.48033
1010000 FRAC0_S 0 1 -6785.08 -30034.3 7819.38 999359 1.52044e+06 659693 352.877 -50.9409 -14.7631
1010000 FRAC0_S 0 1 -6935.38 -29783.6 7719.03 849540 973452 808887 235.775 -42.2055 -20.8555
1010000 FRAC0_S 0 1 -7140.94 -29554.1 7695.12 855711 563613 996686 225.677 -28.8501 -26.5616
1010000 FRAC0_S 0 1 -7381.66 -29368.3 7749.99 983206 103132 1.22245e+06 285.842 -6.11402 -32.0478
Step FractureNumber TipNr TipActive TipX TipY TipZ KI KII KIII G Phi Psi Extension
1010101 FRAC0_S 0 1 -7634.34 -29163.5 7830.34 1.5694e+06 -381203 1.47662e+06 522.422 14.7059 -27.4804
1010101 FRAC0_S 0 1 -7874.3 -29099.3 8059 1.70058e+06 -313271 1.1423e+06 439.993 13.2064 -23.9076
1010101 FRAC0_S 0 1 -8077.6 -29127.9 8321.87 2.09181e+06 -458335 890894 514.195 17.4057 -17.9824
1010101 FRAC0_S 0 1 -8219 -29241.7 8596.6 2.57211e+06 -471365 557698 650.693 17.1256 -11.2881
1010101 FRAC0_S 0 1 -8289.71 -29423.4 8860.6 2.37602e+06 -86422.2 119252 505.627 4.60805 -3.5325
1010101 FRAC0_S 0 1 -8289.69 -29655.7 9090.2 2.1526e+06 -120882 -262503 423.376 6.51428 7.72029
1010101 FRAC0_S 0 1 -8213.89 -29920.2 9268.08 2.238e+06 -413821 -854887 558.783 15.5464 17.0541
1010101 FRAC0_S 0 1 -8068.4 -30197.5 9375.97 1.35697e+06 -176570 -722912 236.368 10.5266 21.6022
1010101 FRAC0_S 0 1 -7867.08 -30464.4 9397.88 1.59336e+06 -225190 -1.24978e+06 438.489 9.89782 26.2957
1010101 FRAC0_S 0 1 -7627.41 -30689.5 9323.34 1.42987e+06 -142536 -1.2997e+06 408.665 6.77546 28.5392
1010101 FRAC0_S 0 1 -7373.99 -30841.9 9159.75 1.455e+06 22913.2 -1.27008e+06 403.239 -1.16247 29.0011
1010101 FRAC0_S 0 1 -7132.84 -30902.7 8934.09 1.69887e+06 89117.8 -1.09557e+06 417.529 -4.25991 24.8715
1010101 FRAC0_S 0 1 -6929.06 -30871.2 8673.63 1.89681e+06 95647 -823571 411.634 -4.67437 19.9892
1010101 FRAC0_S 0 1 -6784.26 -30757.8 8401.12 2.48387e+06 98350 -527352 587.621 -4.35792 12.2789
1010101 FRAC0_S 0 1 -6709.7 -30576.6 8139.36 2.87831e+06 -124408 -162843 743.151 5.39395 3.92516
1010101 FRAC0_S 0 1 -6709.21 -30344.2 7909.67 2.38255e+06 77689.4 317229 519.758 -3.86122 -8.4783
1010101 FRAC0_S 0 1 -6784.89 -30079.5 7731.73 1.53814e+06 494065 1.10712e+06 395.594 -20.2994 -23.4034
1010101 FRAC0_S 0 1 -6932.4 -29803.8 7623.48 1.88065e+06 191217 1.04251e+06 462.975 -8.33186 -22.412
1010101 FRAC0_S 0 1 -7136.62 -29539.6 7600.74 1.06421e+06 -8905.94 1.32517e+06 334.485 0.51892 -33.0236
1010101 FRAC0_S 0 1 -7379.37 -29316 7670.52 1.35405e+06 -84812.6 1.3468e+06 405.265 4.19757 -29.9974