
Step FractureNumber TipNr TipActive TipX TipY TipZ KI KII KIII G Phi Psi Extension
1010000 FRAC0_S 0 1 -36694.6 44561.7 8132.9 733703 1.19858e+06 46003.3 176.265 -59.1262 -1.79598
1010000 FRAC0_S 0 1 -36721.3 44792.3 7928.98 714676 1.20554e+06 337947 190.211 -54.7899 -10.934
1010000 FRAC0_S 0 1 -36824.3 45043.4 7780.95 717260 1.04365e+06 592506 189.594 -48.3186 -17.5459
1010000 FRAC0_S 0 1 -36993.4 45290.1 7703.31 710988 699776 763240 166.159 -37.8111 -23.3165
1010000 FRAC0_S 0 1 -37212 45508.4 7703.65 496278 220831 632109 79.4343 -21.0391 -29.2998
1010000 FRAC0_S 0 1 -37458.9 45677 7781.95 725025 -78090.5 929596 162.317 6.16739 -32.3484
1010000 FRAC0_S 0 1 -37709.8 45779.2 7930.54 741019 -522114 877426 175.616 29.9835 -26.4279
1010000 FRAC0_S 0 1 -37919.1 45806.6 8112.42 558351 -894320 625708 151.122 47.2807 -20.4914
1010000 FRAC0_S 0 1 -38127.4 45752.5 8374.94 703159 -1.15957e+06 502900 197.513 51.8054 -15.0904
1010000 FRAC0_S 0 1 -38253.3 45626 8627.25 717193 -1.40561e+06 254262 230.49 58.3087 -7.96568
1010000 FRAC0_S 0 1 -38305.4 45438.3 8867.1 733534 -1.45077e+06 -51947.2 235.86 61.3637 1.7941
1010000 FRAC0_S 0 1 -38278.7 45207.7 9071.02 567335 -1.08446e+06 -288769 144.57 56.3762 10.8762
1010000 FRAC0_S 0 1 -38175.7 44956.6 9219.05 821836 -999996 -371764 167.677 49.2746 12.2714
1010000 FRAC0_S 0 1 -38006.6 44709.9 9296.69 782075 -774710 -636782 161.915 40.7131 19.8621
1010000 FRAC0_S 0 1 -37788 44491.6 9296.35 792777 -323895 -957339 187.248 20.1564 28.9728
1010000 FRAC0_S 0 1 -37541.1 44323 9218.05 709674 83794.6 -931386 160.88 -6.63609 32.4963
1010000 FRAC0_S 0 1 -37290.2 44220.8 9069.46 1.06657e+06 -166862 -650651 160.156 11.8499 23.001
1010000 FRAC0_S 0 1 -37059.9 44194.7 8865.13 754266 909262 -734646 196.149 -43.018 20.7974
1010000 FRAC0_S 0 1 -36872.6 44247.5 8625.06 639916 1.02789e+06 -440052 156.395 -51.6246 14.8456
1010000 FRAC0_S 0 1 -36746.7 44374 8372.75 727533 1.32246e+06 -224741 209.728 -57.7323 7.38419
Step FractureNumber TipNr TipActive TipX TipY TipZ KI KII KIII G Phi Psi Extension
1010101 FRAC0_S 0 1 -36700.9 44490 8064.53 1.70215e+06 -1524.86 -13700.8 258.205 0.124251 0.620163
1010101 FRAC0_S 0 1 -36723.5 44734.6 7848.68 1.98674e+06 -74263.9 157260 355.51 4.60852 -5.36381
1010101 FRAC0_S 0 1 -36822.2 45005.3 7690.28 1.68421e+06 168921 611544 305.048 -9.26637 -17.322
1010101 FRAC0_S 0 1 -36988.5 45280.7 7606.87 813571 229485 1.22259e+06 262.473 -13.4623 -32.4811
1010101 FRAC0_S 0 1 -37204.9 45537.6 7614.37 1.17086e+06 100995 958801 245.337 -6.19515 -27.4298
1010101 FRAC0_S 0 1 -37449.5 45745.3 7719.66 1.09979e+06 63842 994026 239.561 -4.08111 -28.9304
1010101 FRAC0_S 0 1 -37698.9 45870.9 7907.82 1.15045e+06 -411971 1.00363e+06 267.03 20.6723 -25.4591
1010101 FRAC0_S 0 1 -37929.9 45901.6 8147.66 1.37985e+06 -343008 775935 260.225 17.8987 -21.0388
1010101 FRAC0_S 0 1 -38119.1 45843.8 8412.02 1.5186e+06 -16964.2 590697 251.934 1.11252 -19.1223
1010101 FRAC0_S 0 1 -38244.3 45708.3 8681.71 1.67122e+06 -1538.54 327050 263.108 0.107666 -11.8736
1010101 FRAC0_S 0 1 -38296.2 45509.8 8935.35 1.57955e+06 -31416.7 49585.5 222.742 2.62366 -2.29972
1010101 FRAC0_S 0 1 -38273.8 45265.7 9151.01 1.66719e+06 -111673 -260693 257.833 7.45566 9.43069
1010101 FRAC0_S 0 1 -38175.4 44995.9 9309.4 1.70265e+06 -189934 -658161 319.158 10.0366 17.929
1010101 FRAC0_S 0 1 -38009.4 44720.8 9392.8 1.38958e+06 -157222 -856069 271.738 8.86063 23.6004
1010101 FRAC0_S 0 1 -37794.7 44462.6 9385.22 1.44615e+06 -212496 -920124 302.985 11.061 23.6297
1010101 FRAC0_S 0 1 -37540.2 44262.2 9291.78 906299 113797 -1.03526e+06 216.891 -7.53666 30.9155
1010101 FRAC0_S 0 1 -37278.3 44144.7 9116.89 1.0988e+06 391457 -966725 245.54 -20.5285 25.5811
1010101 FRAC0_S 0 1 -37056.6 44105.8 8866.68 1.26114e+06 229293 -613349 196.446 -14.4272 19.9356
1010101 FRAC0_S 0 1 -36879.2 44155.8 8589.35 1.69521e+06 67317.6 -588237 302.505 -3.95169 17.4517
1010101 FRAC0_S 0 1 -36754.2 44291.4 8318.39 2.03811e+06 88956.9 -327716 385.143 -4.98142 9.82493