
Step FractureNumber TipNr TipActive TipX TipY TipZ KI KII KIII G Phi Psi Extension
1010000 FRAC0_S 0 1 14943.8 -14013.9 8500 -207696 3.37976e+06 -735752 1089.88 -66.6663 12.3188
1010000 FRAC0_S 0 1 14641.8 -14079.6 8500 -2.24566e+06 3.11423e+06 30857.8 864.352 -57.5163 -0.445408
1010000 FRAC0_S 0 1 14374.9 -14235.3 8500 -124577 2.69374e+06 613458 696.655 -66.7625 -12.8886
1010000 FRAC0_S 0 1 14169.2 -14465.9 8500 -8.24583e+06 2.6781e+06 1.33981e+06 877.867 -27.2344 -8.12763
1010000 FRAC0_S 0 1 14044.8 -14748.8 8500 -155038 1.83481e+06 1.7504e+06 707.491 -51.8328 -29.2758
1010000 FRAC0_S 0 1 14013.9 -15056.2 8500 -151322 855823 1.82759e+06 509.499 -35.8865 -36.571
1010000 FRAC0_S 0 1 14079.6 -15358.2 8500 -7.4889e+06 62168.5 2.67117e+06 949.316 -0.848848 -18.1288
1010000 FRAC0_S 0 1 14235.3 -15625.1 8500 -174156 -1.14675e+06 2.3796e+06 870.298 36.6624 -36.5119
1010000 FRAC0_S 0 1 14465.9 -15830.8 8500 -5.23843e+06 -2.41908e+06 2.28334e+06 1214.88 29.9234 -16.175
1010000 FRAC0_S 0 1 14748.8 -15955.2 8500 -170916 -3.38665e+06 1.59767e+06 1361.53 61.7614 -21.0037
1010000 FRAC0_S 0 1 15056.2 -15986.1 8500 -180172 -3.53324e+06 771709 1191.63 66.8471 -12.4437
1010000 FRAC0_S 0 1 15358.2 -15920.4 8500 -203588 -3.68981e+06 4259.78 1213.21 69.8009 -0.0852073
1010000 FRAC0_S 0 1 15625.1 -15764.7 8500 1.17591e+07 -2.48982e+06 -605727 12923 21.4992 3.12573
1010000 FRAC0_S 0 1 15830.8 -15534.1 8500 1.01808e+07 -2.77771e+06 -1.46884e+06 10210.7 24.3595 7.59908
1010000 FRAC0_S 0 1 15955.2 -15251.2 8500 -5.01361e+06 -2.65511e+06 -2.55444e+06 1496.04 31.6385 17.4294
1010000 FRAC0_S 0 1 15986.1 -14943.8 8500 -186240 -1.15645e+06 -2.35719e+06 858.168 36.9203 36.2992
1010000 FRAC0_S 0 1 15920.4 -14641.8 8500 1.09531e+07 39879.7 -1.87403e+06 11157.9 -0.43324 10.6604
1010000 FRAC0_S 0 1 15764.7 -14374.9 8500 9.06553e+06 1.39206e+06 -2.40866e+06 8267.7 -14.3278 13.4457
1010000 FRAC0_S 0 1 15534.1 -14169.2 8500 8.24187e+06 1.31367e+06 -1.26486e+06 6419.66 -15.9652 8.66694
1010000 FRAC0_S 0 1 15251.2 -14044.8 8500 9.98271e+06 2.68644e+06 -1.2785e+06 9740.71 -24.3683 6.87253
Step FractureNumber TipNr TipActive TipX TipY TipZ KI KII KIII G Phi Psi Extension
1010101 FRAC0_S 0 1 14943.6 -13959.6 8422.69 2.04155e+06 -99053.6 816941 461.041 4.61034 -19.0275
1010101 FRAC0_S 0 1 14625.3 -14037 8411.89 372382 2.31333e+06 930023 604.266 -60.9177 -17.8795
1010101 FRAC0_S 0 1 14338.9 -14195.5 8421.52 1.97462e+06 834223 776921 489.746 -28.782 -15.3509
1010101 FRAC0_S 0 1 14110.6 -14430.3 8434.49 1.18645e+07 -5.26986e+06 638335 15072.6 35.3575 -2.75892
1010101 FRAC0_S 0 1 13976 -14730.1 8434.59 1.11479e+06 2.81938e+06 2.26366e+06 1500.58 -49.2005 -24.0862
1010101 FRAC0_S 0 1 13935.3 -15063.7 8450.66 795840 465016 1.73196e+06 474.665 -20.0629 -34.0873
1010101 FRAC0_S 0 1 13997.2 -15390.2 8499.53 630445 -234605 2.03294e+06 589.993 10.8749 -38.4776
1010101 FRAC0_S 0 1 14169.2 -15677.8 8541.95 -275457 -1.01775e+06 1.00377e+07 13492.7 12.0102 -43.2006
1010101 FRAC0_S 0 1 14423.9 -15891.3 8561.89 -4.069e+06 -8.07909e+06 5.08408e+06 9254.13 50.2506 -20.1402
1010101 FRAC0_S 0 1 14731.5 -16006.1 8579.51 -4.75315e+06 -9.73172e+06 180679 8443.63 62.0774 -0.95595
1010101 FRAC0_S 0 1 15057.5 -16025.2 8591.46 2.56841e+06 -547009 24039.8 614.575 22.268 -0.595334
1010101 FRAC0_S 0 1 15379.8 -15964.4 8579.07 6.19839e+06 8.87667e+06 4981.13 10445.1 -58.1546 -0.0257608
1010101 FRAC0_S 0 1 15676.9 -15821.1 8552.1 1.82933e+06 -1.99998e+06 -782864 736.147 47.5458 12.2888
1010101 FRAC0_S 0 1 15904.5 -15582.2 8542.9 819234 -1.47988e+06 -1.03563e+06 397.608 48.343 21.0408
1010101 FRAC0_S 0 1 16035.5 -15273.3 8551.55 477845 -499239 -1.38904e+06 299.172 26.4229 34.4173
1010101 FRAC0_S 0 1 16069.9 -14937.9 8542.96 -1.21787e+06 2.11056e+06 48605.4 397.253 -60.1549 -1.11581
1010101 FRAC0_S 0 1 16005.7 -14607.2 8508.45 1.20362e+07 1.0417e+06 -948351 13125.6 -10.0114 5.12293
1010101 FRAC0_S 0 1 15838.5 -14314.9 8480.56 308211 1.40998e+06 -1.32832e+06 420.287 -49.8005 27.7355
1010101 FRAC0_S 0 1 15584.7 -14091.4 8469.74 753911 1.64817e+06 -1.37329e+06 543.538 -47.7774 24.0061
1010101 FRAC0_S 0 1 15275.3 -13970.7 8449.54 1.96704e+06 2.13808e+06 -794060 836.005 -47.7662 11.7753