
Step FractureNumber TipNr TipActive TipX TipY TipZ KI KII KIII G Phi Psi Extension
1010000 FRAC0_S 0 1 21905.4 23269.1 8325.49 -1.17344e+07 -1.76795e+06 -3.48363e+06 1892.57 13.8133 14.6088
1010000 FRAC0_S 0 1 21766.1 23156.5 8577.33 -1.1991e+07 -678650 -2.26285e+06 722.066 6.21813 11.0622
1010000 FRAC0_S 0 1 21698.8 22979.7 8821.6 6.45731e+06 670242 -2.67814e+06 4709.57 -9.24228 18.8418
1010000 FRAC0_S 0 1 21709.8 22755.9 9034.4 6.81795e+06 916659 -1.6323e+06 4571.47 -13.0302 12.5904
1010000 FRAC0_S 0 1 21798.1 22507 9194.88 7.62759e+06 973517 -1.10456e+06 5431.15 -13.3383 8.44941
1010000 FRAC0_S 0 1 21955.2 22257.5 9287.34 8.0421e+06 963232 -912019 5956.53 -12.9373 6.89395
1010000 FRAC0_S 0 1 22165.6 22031.6 9302.73 8.23485e+06 1.37048e+06 -735024 6282.02 -17.3255 5.37774
1010000 FRAC0_S 0 1 22408.7 21851.7 9239.54 2.81557e+07 2.24939e+06 -456424 71119.9 -9.83226 1.14636
1010000 FRAC0_S 0 1 22660.8 21735.2 9103.96 6.39327e+06 2.57069e+06 305617 4243.58 -33.4419 -2.53578
1010000 FRAC0_S 0 1 22897.1 21693.6 8909.27 5.94958e+06 2.97572e+06 1.55043e+06 4263.04 -34.12 -10.8213
1010000 FRAC0_S 0 1 23094.6 21730.9 8674.51 2.9621e+07 3.0672e+06 2.28476e+06 79717.9 -11.7399 -4.95486
1010000 FRAC0_S 0 1 23233.9 21843.5 8422.67 3.4347e+06 1.18223e+06 3.92343e+06 3223.1 -18.0387 -28.8685
1010000 FRAC0_S 0 1 23301.2 22020.3 8178.4 1.75035e+06 -1.10362e+06 4.66687e+06 3278.24 19.0365 -35.6943
1010000 FRAC0_S 0 1 23290.2 22244.1 7965.6 71646.4 -4.07097e+06 4.87772e+06 4641.62 48.9258 -32.5288
1010000 FRAC0_S 0 1 23201.9 22493 7805.12 2.30302e+07 -6.73972e+06 4.2856e+06 53753.4 24.9649 -9.29305
1010000 FRAC0_S 0 1 23044.8 22742.5 7712.66 -1.93535e+06 -7.43507e+06 2.00037e+06 5458.22 61.6138 -12.7006
1010000 FRAC0_S 0 1 22834.4 22968.4 7697.27 6.00681e+06 -9.78808e+06 199905 11757.9 59.4594 -0.969701
1010000 FRAC0_S 0 1 22591.3 23148.3 7760.46 -1.78069e+06 -6.93785e+06 -1.33047e+06 4524.63 63.2904 9.74856
1010000 FRAC0_S 0 1 22339.2 23264.8 7896.04 -386882 -7.15876e+06 -3.25235e+06 5973.55 62.0488 20.4998
1010000 FRAC0_S 0 1 22102.9 23306.4 8090.73 849169 -4.38598e+06 -3.80166e+06 3700.65 51.4592 26.9733
Step FractureNumber TipNr TipActive TipX TipY TipZ KI KII KIII G Phi Psi Extension
1010101 FRAC0_S 0 1 21871.2 23355.9 8332.15 4.73577e+06 -661007 -3.63702e+06 3796.76 9.86909 26.054
1010101 FRAC0_S 0 1 21698.9 23224.7 8589.23 5.82351e+06 3083.91 -2.99681e+06 4216.47 -0.0489236 22.6854
1010101 FRAC0_S 0 1 21614.4 23020.1 8846.48 -1.8149e+07 1.71578e+06 -1.95282e+06 769.53 -10.577 6.71716
1010101 FRAC0_S 0 1 21621.3 22768.5 9073.74 1.18063e+07 1.09798e+06 -4.35401e+06 15049.6 -8.62356 17.5779
1010101 FRAC0_S 0 1 21717.5 22494.5 9248.56 1.30229e+07 -1.37495e+06 -1.16116e+06 15460.4 11.8252 5.6373
1010101 FRAC0_S 0 1 21888.9 22220.2 9348.6 7.71748e+06 -1.51442e+06 -618629 5562.62 19.8691 4.76837
1010101 FRAC0_S 0 1 22119.4 21972.6 9365.09 7.68586e+06 -1.2811e+06 -777156 5490.52 17.1964 6.01109
1010101 FRAC0_S 0 1 22382.4 21774.7 9291.4 8.95149e+06 -1.05051e+06 -288613 7249.72 13.5624 2.16165
1010101 FRAC0_S 0 1 22647.2 21643.4 9130.03 8.47994e+06 -1.68981e+06 508259 6696.66 20.4021 -3.63793
1010101 FRAC0_S 0 1 22904.9 21597.5 8916.42 7.45533e+06 -1.00228e+06 869782 5143.05 14.2355 -6.98657
1010101 FRAC0_S 0 1 23131.7 21641.7 8671.43 6.55057e+06 569898 2.37668e+06 4603.9 -8.14897 -17.453
1010101 FRAC0_S 0 1 23296 21774.2 8408.4 -3.92695e+06 1.78442e+06 1.18067e+06 469.14 -31.555 -12.3937
1010101 FRAC0_S 0 1 23386.3 21993.2 8168.08 2.61022e+06 -424692 3.65786e+06 2402.73 8.60189 -32.7728
1010101 FRAC0_S 0 1 23384.4 22256.6 7956.75 2.34766e+06 -2.43592e+06 3.72164e+06 2862.02 34.3545 -27.8121
1010101 FRAC0_S 0 1 23289.6 22527.1 7790.63 870972 -405787 1.38143e+06 336.082 19.7405 -31.6232
1010101 FRAC0_S 0 1 23122.2 22798.1 7711.36 6.37762e+06 -5.59607e+06 1.88435e+06 6887.29 45.1194 -9.9959
1010101 FRAC0_S 0 1 22901 23041.1 7709.19 6.48272e+06 -6.16544e+06 512641 7167.17 50.2233 -2.9882
1010101 FRAC0_S 0 1 22646.7 23229.1 7777.11 6.13626e+06 -622862 -761644 3467.05 11.1145 7.56078
1010101 FRAC0_S 0 1 22379.9 23352.7 7916.52 8.8548e+06 -5.20258e+06 -4.25048e+06 11801.7 34.1313 16.3303
1010101 FRAC0_S 0 1 22112.6 23398.6 8105.15 5.37888e+06 -1.83405e+06 -3.10299e+06 4158.49 22.6778 20.4763