
Step FractureNumber TipNr TipActive TipX TipY TipZ KI KII KIII G Phi Psi Extension
1010000 FRAC0_S 0 1 -29354.2 -14252.7 8500 -1.63076e+06 1.1906e+07 3.5882e+06 14343.9 -63.4986 -14.8946
1010000 FRAC0_S 0 1 -29616.7 -14089.7 8500 -551013 1.04219e+07 6.38335e+06 15098.1 -58.8262 -24.2234
1010000 FRAC0_S 0 1 -29916.8 -14015.8 8500 -1.12982e+06 8.41419e+06 9.66739e+06 18738.8 -47.8893 -30.8942
1010000 FRAC0_S 0 1 -30225 -14038.2 8500 -1.23288e+06 2.70062e+06 8.40989e+06 10056.5 -27.2799 -37.8247
1010000 FRAC0_S 0 1 -30511.2 -14154.9 8500 -1.80123e+07 -1.6128e+06 9.77487e+06 12939.7 7.46938 -22.2855
1010000 FRAC0_S 0 1 -30747.3 -14354.2 8500 -1.47884e+06 -4.92186e+06 7.89455e+06 10447.7 39.904 -33.0112
1010000 FRAC0_S 0 1 -30910.3 -14616.7 8500 -2.79258e+07 -9.48568e+06 7.11464e+06 14750.2 26.6482 -11.6207
1010000 FRAC0_S 0 1 -30984.2 -14916.7 8500 -2.95622e+06 -1.50466e+07 6.20014e+06 25287.3 59.9814 -17.8158
1010000 FRAC0_S 0 1 -30961.7 -15224.9 8500 -1.63605e+06 -1.567e+07 2.43368e+06 22668.7 67.0246 -9.11487
1010000 FRAC0_S 0 1 -30845.1 -15511.1 8500 -1.58567e+06 -1.5964e+07 -934453 22825.7 68.6988 3.85891
1010000 FRAC0_S 0 1 -30661.5 -15733.8 8500 -2.13984e+07 -1.39922e+07 -4.15224e+06 19739.2 40.7743 7.82661
1010000 FRAC0_S 0 1 -30383.3 -15910.3 8500 -1.6105e+06 -1.18846e+07 -7.09282e+06 19277.2 57.4904 22.9553
1010000 FRAC0_S 0 1 -30083.2 -15984.2 8500 -668795 -8.45583e+06 -9.42009e+06 18173.6 49.2822 31.1064
1010000 FRAC0_S 0 1 -29775 -15961.8 8500 -1.60877e+06 -3.3297e+06 -1.02341e+07 14917.8 27.3526 37.5981
1010000 FRAC0_S 0 1 -29488.8 -15845.1 8500 -1.53876e+06 1.38509e+06 -1.04321e+07 14645.2 -13.766 40.7915
1010000 FRAC0_S 0 1 -29273.8 -15670.3 8500 -1.02651e+06 3.92129e+06 -6.16234e+06 6420.79 -40.6925 33.1111
1010000 FRAC0_S 0 1 -29089.7 -15383.3 8500 3.94939e+06 9.59798e+06 -7.47821e+06 17036.7 -49.3218 23.5678
1010000 FRAC0_S 0 1 -29015.8 -15083.3 8500 -8.86447e+06 1.1058e+07 -4.48791e+06 13575.1 -49.0557 13.225
1010000 FRAC0_S 0 1 -29038.3 -14775.1 8500 -1.32459e+06 1.16079e+07 -1.74197e+06 12410.7 -66.9432 8.79414
1010000 FRAC0_S 0 1 -29154.9 -14488.9 8500 -1.32042e+06 1.40405e+07 1.01838e+06 17704.8 -68.5728 -4.72206
Step FractureNumber TipNr TipActive TipX TipY TipZ KI KII KIII G Phi Psi Extension
1010101 FRAC0_S 0 1 -29326.8 -14219.2 8410.59 1.1808e+07 3.88108e+06 3.10607e+06 15050 -25.9243 -11.9889
1010101 FRAC0_S 0 1 -29598 -14040.7 8416.3 8.67448e+06 4.23885e+06 4.98472e+06 11611 -29.2303 -19.1638
1010101 FRAC0_S 0 1 -29914 -13948.8 8430.06 6.35765e+06 4.9009e+06 8.28724e+06 14876.3 -30.7026 -27.1389
1010101 FRAC0_S 0 1 -30246.5 -13957.1 8461.79 3.06635e+06 2.62675e+06 9.90041e+06 14489.1 -21.5969 -36.2202
1010101 FRAC0_S 0 1 -30556.4 -14078.3 8511.07 3.37942e+06 -1.26559e+06 1.05297e+07 15906.8 11.1892 -38.2347
1010101 FRAC0_S 0 1 -30809.8 -14299.2 8546.53 3.4883e+06 -1.13364e+07 1.62364e+07 47598 41.7716 -31.7556
1010101 FRAC0_S 0 1 -30978.5 -14585.7 8560.11 5.9895e+06 -5.7006e+06 5.74201e+06 10477.6 38.2966 -22.1121
1010101 FRAC0_S 0 1 -31039.2 -14908.2 8577.53 -2.75833e+06 -1.35025e+07 2.15558e+06 16864.4 65.0164 -8.67753
1010101 FRAC0_S 0 1 -31000.9 -15233 8590.98 2.52021e+07 793826 3.02009e+06 57867.1 -3.77775 -7.761
1010101 FRAC0_S 0 1 -30882.6 -15537 8585.93 2.8418e+07 -176812 -37655.3 71966.8 0.861864 0.102523
1010101 FRAC0_S 0 1 -30683.6 -15793 8577.03 1.21459e+07 -7.89121e+06 -3.64596e+06 20462.8 38.8764 11.2258
1010101 FRAC0_S 0 1 -30407.5 -15965.7 8577.44 1.0224e+07 -7.11407e+06 -6.80805e+06 19989 35.1713 19.3689
1010101 FRAC0_S 0 1 -30086.2 -16050.7 8570.47 6.87066e+06 -5.27534e+06 -8.15169e+06 15524.3 31.6575 26.0028
1010101 FRAC0_S 0 1 -29753.8 -16042 8535.98 2.44142e+06 1.31372e+06 497537 717.856 -36.5682 -8.67384
1010101 FRAC0_S 0 1 -29444.3 -15920.7 8483.29 2.87586e+06 1.10397e+06 -1.06718e+07 15992.5 -10.1513 39.3056
1010101 FRAC0_S 0 1 -29196.4 -15697.7 8442.49 9.79414e+06 -6.22261e+06 35267.9 11998.5 43.7522 -0.171214
1010101 FRAC0_S 0 1 -29029 -15409.7 8426.9 7.43579e+06 5.36127e+06 -6.64539e+06 13361.7 -33.2824 22.805
1010101 FRAC0_S 0 1 -28958.6 -15090.1 8420.27 1.13901e+07 6.57887e+06 -4.84824e+06 18543.6 -34.5468 15.0837
1010101 FRAC0_S 0 1 -28995.1 -14767.3 8411.84 1.13273e+07 4.00291e+06 -1.37398e+06 13112.5 -29.5291 6.19249
1010101 FRAC0_S 0 1 -29122.4 -14468.8 8408.08 1.11379e+07 3.00366e+06 392870 11878.8 -25.9427 -2.08425