
Step FractureNumber TipNr TipActive TipX TipY TipZ KI KII KIII G Phi Psi Extension
1010000 FRAC0_S 0 1 -15000 -44020.2 8624.9 -1.49946e+06 -1.24357e+06 -107622 139.347 47.7523 2.89774
1010000 FRAC0_S 0 1 -15000 -44106.8 8921.55 -1.44152e+06 -1.02554e+06 -294643 105.266 42.3354 7.94611
1010000 FRAC0_S 0 1 -15000 -44280.8 9176.94 -1.46854e+06 -846740 -492426 96.1394 35.8544 12.6649
1010000 FRAC0_S 0 1 -15000 -44525.1 9366.05 -1.55906e+06 -584110 -663870 89.0191 26.1012 16.6014
1010000 FRAC0_S 0 1 -15000 -44816 9470.4 -1.28282e+06 -224573 -618932 55.4434 14.0054 19.9083
1010000 FRAC0_S 0 1 -15000 -45124.9 9479.76 -1.26122e+06 67026.5 -638707 54.6573 -4.6894 21.8485
1010000 FRAC0_S 0 1 -15000 -45421.5 9393.21 -1.74686e+06 533003 -846350 120.584 -21.8344 18.698
1010000 FRAC0_S 0 1 -15000 -45676.9 9219.22 -1.308e+06 359994 -146979 14.4214 -25.0146 6.10015
1010000 FRAC0_S 0 1 -15000 -45866 8974.84 -1.41896e+06 876336 -402787 90.0109 -38.0873 10.9089
1010000 FRAC0_S 0 1 -15000 -45970.4 8683.98 -1.46972e+06 1.09166e+06 -251051 114.578 -43.7953 6.69969
1010000 FRAC0_S 0 1 -15000 -45979.8 8375.1 -1.37751e+06 1.05483e+06 -12008.7 99.1693 -47.3796 0.382404
1010000 FRAC0_S 0 1 -15000 -45893.2 8078.45 -1.33545e+06 983113 196149 91.243 -44.0336 -5.88327
1010000 FRAC0_S 0 1 -15000 -45719.2 7823.06 -1.4868e+06 984128 421827 109.969 -39.5269 -10.6724
1010000 FRAC0_S 0 1 -15000 -45474.9 7633.95 -1.48629e+06 672787 601868 88.5137 -29.9586 -15.4353
1010000 FRAC0_S 0 1 -15000 -45184 7529.6 -967174 262780 499589 39.3488 -19.6552 -19.7773
1010000 FRAC0_S 0 1 -15000 -44875.1 7520.24 -1.31869e+06 17356.9 716960 68.3931 -1.17861 -23.2149
1010000 FRAC0_S 0 1 -15000 -44578.5 7606.79 -1.25259e+06 -443218 1.0305e+06 158.743 20.9098 -24.768
1010000 FRAC0_S 0 1 -15000 -44323.1 7780.78 -1.2242e+06 -530856 451184 52.1863 29.6335 -14.5712
1010000 FRAC0_S 0 1 -15000 -44134 8025.16 -1.39597e+06 -948045 408003 102.231 39.9215 -10.8386
1010000 FRAC0_S 0 1 -15000 -44029.6 8316.02 -1.27347e+06 -245560 -69601.3 6.01762 19.9677 3.35399
Step FractureNumber TipNr TipActive TipX TipY TipZ KI KII KIII G Phi Psi Extension
1010101 FRAC0_S 0 1 -14937.6 -43947.1 8632.66 5678.58 -1.5126e+06 36641.4 204.06 69.9481 -1.81973
1010101 FRAC0_S 0 1 -14933.1 -44041.9 8953.33 -287244 -1.48581e+06 -238711 204.301 65.2155 8.79066
1010101 FRAC0_S 0 1 -14942.8 -44223.7 9232.28 -664783 -1.18187e+06 -367933 142.475 54.7779 12.0481
1010101 FRAC0_S 0 1 -14957.3 -44484.3 9443.14 -882934 -1.14464e+06 -633516 170.13 47.2681 16.6989
1010101 FRAC0_S 0 1 -14978.9 -44799.3 9562.47 -1.15008e+06 -536471 -712852 93.2309 27.8026 20.2607
1010101 FRAC0_S 0 1 -15007.4 -45136.6 9574.01 -1.18936e+06 212539 -378852 23.1147 -15.7123 15.1007
1010101 FRAC0_S 0 1 -15031.2 -45460.1 9476.4 -1.03973e+06 733315 -647394 103.662 -35.9902 18.5018
1010101 FRAC0_S 0 1 -15045.9 -45735.2 9282.67 -832580 1.21489e+06 -632576 184.743 -49.0791 16.572
1010101 FRAC0_S 0 1 -15058.7 -45933.8 9013.62 -454786 1.27208e+06 -356144 161.066 -59.3908 12.3714
1010101 FRAC0_S 0 1 -15068.4 -46039.9 8698.02 -237953 1.19263e+06 -136263 129.216 -66.0071 6.53382
1010101 FRAC0_S 0 1 -15071.5 -46047.3 8366.51 -218826 953380 27326.6 81.0944 -67.0523 -1.7598
1010101 FRAC0_S 0 1 -15069 -45956.5 8047.76 -651675 555598 52024.8 27.8673 -48.1417 -3.16606
1010101 FRAC0_S 0 1 -15061.7 -45774 7769.98 -373497 1.28397e+06 320076 160.531 -61.3895 -11.7602
1010101 FRAC0_S 0 1 -15049.3 -45514.1 7559.62 -679382 894716 413151 94.0362 -48.8426 -14.7899
1010101 FRAC0_S 0 1 -15029.8 -45200 7439.55 -877833 618035 606016 82.882 -35.1133 -19.7457
1010101 FRAC0_S 0 1 -15000.5 -44863.2 7426.4 -994655 -70196.8 359423 17.6207 6.73 -17.5822
1010101 FRAC0_S 0 1 -14970.3 -44540.5 7523.93 -930643 -680270 683890 103.442 35.3502 -20.3145
1010101 FRAC0_S 0 1 -14950.3 -44266.5 7718.78 -534942 -860576 418045 89.2374 50.6711 -16.2264
1010101 FRAC0_S 0 1 -14947 -44062.3 7986.52 -513045 -1.07964e+06 246665 111.96 58.0583 -9.86668
1010101 FRAC0_S 0 1 -14948.3 -43949.9 8300.18 -351509 -1.40086e+06 230975 181.966 63.9623 -8.6361