
Step FractureNumber TipNr TipActive TipX TipY TipZ KI KII KIII G Phi Psi Extension
1010000 FRAC0_S 0 1 29701.1 -44058.7 8500 -13824 -340716 69866.4 10.9938 67.278 -11.9462
1010000 FRAC0_S 0 1 29424.8 -44197.1 8500 -12715.5 -473152 -10765.2 19.9647 69.8435 1.67525
1010000 FRAC0_S 0 1 29204.9 -44414.1 8500 -10006.5 -367619 -96711.2 13.2866 66.4568 14.5314
1010000 FRAC0_S 0 1 29062.8 -44688.4 8500 -10703.6 -330012 -180412 14.0338 60.5854 23.0482
1010000 FRAC0_S 0 1 29012.4 -44993.3 8500 -1505.88 -246743 -260574 14.4558 51.4291 31.2902
1010000 FRAC0_S 0 1 29058.7 -45298.9 8500 14744.9 -184827 -248158 11.2539 45.8644 33.0945
1010000 FRAC0_S 0 1 29197.1 -45575.2 8500 4978.48 17484 -318961 13.5603 -6.98573 44.0677
1010000 FRAC0_S 0 1 29414.1 -45795.1 8500 8497.78 149307 -272620 11.8777 -40.1407 36.1648
1010000 FRAC0_S 0 1 29688.4 -45937.2 8500 68280.4 78775.7 -182551 5.40063 -29.4614 33.0773
1010000 FRAC0_S 0 1 29993.3 -45987.6 8500 12441.7 341360 -154372 13.567 -62.4571 20.6494
1010000 FRAC0_S 0 1 30298.9 -45941.3 8500 16137.4 387125 -74599.3 14.1179 -67.4762 11.3724
1010000 FRAC0_S 0 1 30575.2 -45802.9 8500 7755.88 450727 16853.9 18.1463 -69.8124 -2.72415
1010000 FRAC0_S 0 1 30795.1 -45585.9 8500 -45842.5 431276 139771 19.1727 -63.6627 -15.9786
1010000 FRAC0_S 0 1 30937.2 -45311.6 8500 -26709.8 320514 221697 15.6911 -56.6549 -25.384
1010000 FRAC0_S 0 1 30987.6 -45006.7 8500 -10471.8 317992 209592 14.8533 -58.2904 -25.3764
1010000 FRAC0_S 0 1 30941.3 -44701.1 8500 -39018 -60190.5 334557 15.2093 18.0789 -40.5292
1010000 FRAC0_S 0 1 30799.2 -44419.6 8500 28149.4 -5667.29 348337 16.2115 2.06079 -43.6797
1010000 FRAC0_S 0 1 30585.9 -44204.9 8500 -8008.81 -277194 236144 14.2635 54.6479 -28.5597
1010000 FRAC0_S 0 1 30311.6 -44062.8 8500 -27568.9 -321456 253388 17.7475 54.7739 -26.9701
1010000 FRAC0_S 0 1 30006.7 -44012.4 8500 -6671.56 -383985 183625 17.6233 62.3138 -21.5664
Step FractureNumber TipNr TipActive TipX TipY TipZ KI KII KIII G Phi Psi Extension
1010101 FRAC0_S 0 1 29690.3 -44021.5 8591.73 372783 -70057 110110 14.4332 16.6139 -14.2237
1010101 FRAC0_S 0 1 29403.8 -44167.9 8592.92 394579 -83539 120010 16.4112 18.188 -14.3216
1010101 FRAC0_S 0 1 29172.1 -44391.3 8591.09 567191 -210410 3781.29 32.6142 32.6233 -0.376687
1010101 FRAC0_S 0 1 29015.8 -44674.7 8586.02 589451 -280433 6917.86 37.9757 37.6164 -0.613356
1010101 FRAC0_S 0 1 28952.9 -44994.6 8578.82 429816 -263857 -87276.1 23.6793 39.3106 8.30485
1010101 FRAC0_S 0 1 28989.6 -45323.8 8552.39 278368 -178490 -396454 30.6484 26.2215 29.1159
1010101 FRAC0_S 0 1 29128.8 -45624.7 8495.74 147946 -198071 -273442 15.3909 37.608 28.0007
1010101 FRAC0_S 0 1 29364.4 -45861 8452.43 128731 111814 -198224 7.81672 -31.1311 28.5031
1010101 FRAC0_S 0 1 29663.3 -46005.5 8437.12 213920 157397 -171234 10.1852 -34.7235 21.3304
1010101 FRAC0_S 0 1 29989.2 -46040.6 8420.28 285616 123589 -76555.1 9.40985 -31.0881 11.4731
1010101 FRAC0_S 0 1 30309.6 -45978.2 8408.19 538120 126320 4276.99 27.2282 -23.9481 -0.497523
1010101 FRAC0_S 0 1 30597 -45832.7 8407.58 429451 76989.3 -131333 19.2566 -15.8802 14.6627
1010101 FRAC0_S 0 1 30831.1 -45610.4 8410.84 516307 172225 -122456 28.3918 -26.5741 11.0253
1010101 FRAC0_S 0 1 30985.5 -45326.8 8414.56 471342 211842 -9822.5 23.8088 -36.2549 1.09892
1010101 FRAC0_S 0 1 31049.7 -45003.9 8444.34 321153 211885 197922 18.4014 -34.7003 -18.7006
1010101 FRAC0_S 0 1 31020.1 -44672.2 8495.15 89957.6 91484.5 214974 7.61333 -28.581 -32.5942
1010101 FRAC0_S 0 1 30874.8 -44376.9 8529.94 97533.1 -61226.5 247124 9.30406 19.5258 -35.2574
1010101 FRAC0_S 0 1 30627.9 -44153.4 8562.1 231134 -149100 159150 10.1102 33.3509 -20.1416
1010101 FRAC0_S 0 1 30329.2 -44012.1 8583.37 279600 -155568 41245.7 9.3491 38.2515 -6.50554
1010101 FRAC0_S 0 1 30008.4 -43966.2 8587.75 255699 -74805.2 72771.4 7.02915 23.5606 -13.0006