
Step FractureNumber TipNr TipActive TipX TipY TipZ KI KII KIII G Phi Psi Extension
1010000 FRAC0_S 0 1 -44369.9 -29239.4 8500 88452.5 249765 53291.3 6.63382 -60.8247 -10.0058
1010000 FRAC0_S 0 1 -44635.8 -29081.9 8500 64737 147766 77081.7 3.10939 -53.2115 -18.4239
1010000 FRAC0_S 0 1 -44937.4 -29014.3 8500 82045.1 135626 132214 4.56389 -43.7502 -24.7624
1010000 FRAC0_S 0 1 -45245.1 -29043.2 8500 88900.6 -34210.3 53329.1 1.1868 24.5133 -20.5608
1010000 FRAC0_S 0 1 -45528.7 -29165.8 8500 71874.5 -195458 92253.3 4.99662 55.4167 -17.8392
1010000 FRAC0_S 0 1 -45760.6 -29369.9 8500 87136.8 -157901 -126591 5.02973 46.8473 22.7407
1010000 FRAC0_S 0 1 -45918.1 -29635.8 8500 56162.3 -100043 90039.1 2.25118 45.3244 -24.1085
1010000 FRAC0_S 0 1 -45985.7 -29937.4 8500 67807.9 -166118 81461.6 3.75132 54.3198 -17.9451
1010000 FRAC0_S 0 1 -45956.8 -30245.1 8500 58393.5 -40101.4 -173529 4.45207 19.1174 36.3286
1010000 FRAC0_S 0 1 -45836.2 -30525.6 8500 66145.3 -200135 2195.95 3.95972 65.4642 -0.635779
1010000 FRAC0_S 0 1 -45630.1 -30760.6 8500 49740 -140890 -28350.2 2.09618 61.0981 9.54514
1010000 FRAC0_S 0 1 -45364.2 -30918.1 8500 79522.6 -171612 -85481.7 4.15973 53.1803 17.6795
1010000 FRAC0_S 0 1 -45062.6 -30985.7 8500 69441.2 -128572 -110362 3.52264 46.2023 23.6882
1010000 FRAC0_S 0 1 -44754.9 -30956.8 8500 72943.2 -72626.5 -134709 3.35764 31.577 29.8658
1010000 FRAC0_S 0 1 -44471.3 -30834.2 8500 76408.2 -8669.99 -149261 3.49004 5.08384 36.2936
1010000 FRAC0_S 0 1 -44255.9 -30649.9 8500 72595.3 238520 103115 6.95341 -57.4047 -17.3718
1010000 FRAC0_S 0 1 -44081.9 -30364.2 8500 82929.8 138760 -135109 4.75643 -43.8593 24.8043
1010000 FRAC0_S 0 1 -44014.3 -30062.6 8500 73439.9 159106 -84504.2 3.68616 -52.6281 18.4452
1010000 FRAC0_S 0 1 -44043.2 -29754.9 8500 71461.3 184922 -46668.4 3.79194 -59.3639 11.229
1010000 FRAC0_S 0 1 -44165.8 -29471.3 8500 86116.2 249384 952.472 6.20292 -65.3121 -0.220548
Step FractureNumber TipNr TipActive TipX TipY TipZ KI KII KIII G Phi Psi Extension
1010101 FRAC0_S 0 1 -44340 -29201.1 8413.61 575831 127432 -67317.6 31.597 -21.2377 6.56219
1010101 FRAC0_S 0 1 -44615.8 -29026.6 8420.84 462345 193953 63392.8 22.935 -32.6453 -6.61447
1010101 FRAC0_S 0 1 -44935.2 -28942.3 8455.78 297879 273690 58978.3 15.0444 -47.5792 -7.00702
1010101 FRAC0_S 0 1 -45262.8 -28969.1 8524.04 144231 86768.5 192241 7.43986 -25.7593 -28.6204
1010101 FRAC0_S 0 1 -45562.7 -29108.8 8569.78 210050 -70213.5 104388 5.82022 23.2229 -18.7375
1010101 FRAC0_S 0 1 -45810.9 -29329.6 8574.83 240539 -104031 49480.5 6.44581 32.0816 -9.27407
1010101 FRAC0_S 0 1 -45978.5 -29611 8574.1 245835 -96936.3 60215 6.70493 29.6259 -10.9181
1010101 FRAC0_S 0 1 -46054 -29934.8 8566.58 196875 -280539 359699 27.675 39.0561 -27.4229
1010101 FRAC0_S 0 1 -46025.9 -30261.3 8559.42 274280 -184488 131905 12.0507 36.8983 -15.7727
1010101 FRAC0_S 0 1 -45882.4 -30555 8575.56 388152 -168881 113271 17.6734 30.8291 -12.2384
1010101 FRAC0_S 0 1 -45659.8 -30798.8 8586.53 491930 -168326 71477.5 24.7685 28.501 -7.30435
1010101 FRAC0_S 0 1 -45384 -30972.5 8579.96 553356 -274595 5482.51 34.0088 38.5277 -0.511673
1010101 FRAC0_S 0 1 -45065.1 -31054.8 8569.2 454649 -323222 -107768 29.2737 41.7706 9.00271
1010101 FRAC0_S 0 1 -44732.2 -31036.3 8546.44 206169 -139275 -154631 8.69632 33.5615 20.9635
1010101 FRAC0_S 0 1 -44429 -30905.5 8496.46 148863 -70595.6 -201123 7.79871 21.5271 29.7534
1010101 FRAC0_S 0 1 -44188.5 -30674.9 8442.77 191998 60563.1 -143689 6.35771 -19.7625 23.9451
1010101 FRAC0_S 0 1 -44022.9 -30387 8424.43 262855 94169.5 -109486 8.54137 -25.408 16.4883
1010101 FRAC0_S 0 1 -43954.9 -30068 8421.43 343264 127730 -88945.1 13.0059 -28.2935 11.5574
1010101 FRAC0_S 0 1 -43994.5 -29744 8414.4 393617 116899 -213370 21.079 -20.7828 20.1239
1010101 FRAC0_S 0 1 -44128 -29447.6 8411.23 504641 181047 -132802 27.9594 -27.5425 11.787