
Step FractureNumber TipNr TipActive TipX TipY TipZ KI KII KIII G Phi Psi Extension
1010000 FRAC0_S 0 1 30000 -44020.2 8624.9 5.65801e+06 -432433 148444 2872.28 9.36746 -1.8372
1010000 FRAC0_S 0 1 30000 -44106.8 8921.55 4.88028e+06 412997 428930 2162.02 -9.73977 -5.66136
1010000 FRAC0_S 0 1 30000 -44280.8 9176.94 5.76807e+06 -493528 -111329 2988.1 10.422 1.35252
1010000 FRAC0_S 0 1 30000 -44525.1 9366.05 5.74312e+06 -520729 -211987 2969.3 10.8049 2.51797
1010000 FRAC0_S 0 1 30000 -44816 9470.4 4.69623e+06 -246893 -249100 1978.97 6.4988 3.66615
1010000 FRAC0_S 0 1 30000 -45124.9 9479.76 5.14723e+06 -238376 -106567 2367.45 5.94454 1.50104
1010000 FRAC0_S 0 1 30000 -45421.5 9393.21 6.23427e+06 -219028 -202667 3473.1 4.53118 2.34443
1010000 FRAC0_S 0 1 30000 -45676.9 9219.22 5.2783e+06 909698 -616479 2606.93 -17.4656 6.79586
1010000 FRAC0_S 0 1 30000 -45866 8974.84 5.48337e+06 272483 -259317 2694.86 -6.19825 3.3013
1010000 FRAC0_S 0 1 30000 -45970.4 8683.98 5.96093e+06 359546 -133399 3180.2 -7.58216 1.59813
1010000 FRAC0_S 0 1 30000 -45979.8 8375.1 5.98535e+06 503111 -116168 3216.66 -10.2584 1.36172
1010000 FRAC0_S 0 1 30000 -45893.2 8078.45 5.31788e+06 467690 -74420.8 2540.24 -10.7276 0.985264
1010000 FRAC0_S 0 1 30000 -45719.2 7823.06 5.58141e+06 442343 65941.6 2793.99 -9.79997 -0.840744
1010000 FRAC0_S 0 1 30000 -45474.9 7633.95 4.68886e+06 220540 -152712 1966.55 -5.96649 2.32305
1010000 FRAC0_S 0 1 30000 -45184 7529.6 5.3013e+06 425396 212804 2526.48 -9.66794 -2.75227
1010000 FRAC0_S 0 1 30000 -44875.1 7520.24 5.28751e+06 318804 289164 2511.49 -7.36595 -3.74639
1010000 FRAC0_S 0 1 30000 -44578.5 7606.79 5.18449e+06 547079 -79947.7 2422.7 -12.5589 1.06678
1010000 FRAC0_S 0 1 30000 -44323.1 7780.78 4.84805e+06 -21869.2 274791 2104.49 0.593848 -4.07202
1010000 FRAC0_S 0 1 30000 -44134 8025.16 5.47065e+06 -250757 352306 2689 5.66066 -4.41336
1010000 FRAC0_S 0 1 30000 -44029.6 8316.02 5.97742e+06 -481678 294225 3216.05 9.62934 -3.33562
Step FractureNumber TipNr TipActive TipX TipY TipZ KI KII KIII G Phi Psi Extension
1010101 FRAC0_S 0 1 30008.1 -43924.8 8637.07 5.66493e+06 301296 491367 2899.87 -6.37968 -5.74406
1010101 FRAC0_S 0 1 30000.2 -44019.9 8962.55 5.10084e+06 -520657 3521.09 2342.67 12.3588 -0.0488127
1010101 FRAC0_S 0 1 30009.5 -44210.9 9242.68 5.64693e+06 464054 82302 2861.62 -10.097 -1.03071
1010101 FRAC0_S 0 1 30016.7 -44479.1 9450.38 5.61215e+06 646234 244637 2851.8 -13.2212 -2.88758
1010101 FRAC0_S 0 1 30012.9 -44798.2 9565.41 6.13665e+06 469332 -270279 3385.09 -9.22945 3.01489
1010101 FRAC0_S 0 1 30010 -45137.2 9576.03 6.36703e+06 414708 -292182 3639.12 -7.9669 3.16542
1010101 FRAC0_S 0 1 29999 -45462.3 9480.32 6.09339e+06 -127260 -111315 3311.69 2.78544 1.36103
1010101 FRAC0_S 0 1 29984.2 -45742.1 9288.44 5.95301e+06 -800160 -246933 3223.07 15.0883 2.71043
1010101 FRAC0_S 0 1 29983.8 -45950.3 9020.72 5.80895e+06 -706614 -398967 3072.58 13.5759 4.39072
1010101 FRAC0_S 0 1 29986.3 -46065.2 8702.05 6.79512e+06 -528645 -238471 4147 9.44474 2.42687
1010101 FRAC0_S 0 1 29983.1 -46075.1 8363.01 6.1481e+06 -775712 -117371 3423.74 14.5739 1.29103
1010101 FRAC0_S 0 1 29982 -45979.9 8037.49 4.88121e+06 -329998 68838.5 2133.49 8.47643 -1.01131
1010101 FRAC0_S 0 1 29984.2 -45789.2 7757.02 6.26198e+06 -479674 70730.9 3515.38 9.51064 -0.806293
1010101 FRAC0_S 0 1 29986.4 -45521.3 7549.24 5.1244e+06 -401559 -110372 2355.97 9.61896 1.51476
1010101 FRAC0_S 0 1 29985.8 -45202 7434.77 5.85812e+06 -298266 250242 3074.3 6.3661 -2.99632
1010101 FRAC0_S 0 1 29983.9 -44863 7424.77 5.76617e+06 -523158 314772 3000.36 10.6511 -3.64275
1010101 FRAC0_S 0 1 29986.1 -44537.4 7519.86 6.20701e+06 -600619 408759 3487.5 11.1673 -4.31229
1010101 FRAC0_S 0 1 29997.5 -44256.6 7710.34 6.86289e+06 59315.8 385856 4217.12 -1.1317 -4.02631
1010101 FRAC0_S 0 1 30009.4 -44049 7978.44 5.95353e+06 368528 307364 3183.13 -7.56626 -3.54543
1010101 FRAC0_S 0 1 30014.9 -43934.9 8298 5.24968e+06 337591 240828 2473.66 -7.8746 -3.16676