
Step FractureNumber TipNr TipActive TipX TipY TipZ KI KII KIII G Phi Psi Extension
1010000 FRAC0_S 0 1 0 -44020.2 8624.9 -6.77735e+06 291848 5728.21 7.59435 -5.65604 -0.063131
1010000 FRAC0_S 0 1 0 -44106.8 8921.55 -6.7109e+06 296017 91400.5 8.91946 -5.71661 -0.998885
1010000 FRAC0_S 0 1 0 -44280.8 9176.94 -7.04355e+06 352751 192047 15.9936 -6.35676 -1.9529
1010000 FRAC0_S 0 1 0 -44525.1 9366.05 -6.83836e+06 191167 200716 8.61469 -3.65266 -2.1399
1010000 FRAC0_S 0 1 0 -44816 9470.4 -5.80891e+06 -11670.1 194364 5.03655 0.271363 -2.486
1010000 FRAC0_S 0 1 0 -45124.9 9479.76 -5.66991e+06 -28968 209179 5.89433 0.684756 -2.72028
1010000 FRAC0_S 0 1 0 -45421.5 9393.21 -6.13378e+06 -134948 205791 7.25532 2.8876 -2.44587
1010000 FRAC0_S 0 1 0 -45676.9 9219.22 -6.13048e+06 -1.3773e+06 544140 208.416 21.8992 -5.12045
1010000 FRAC0_S 0 1 0 -45866 8974.84 -6.35119e+06 -223983 159722 7.86349 4.57857 -1.83126
1010000 FRAC0_S 0 1 0 -45970.4 8683.98 -6.09747e+06 -302845 50150.4 8.50723 6.41861 -0.604431
1010000 FRAC0_S 0 1 0 -45979.8 8375.1 -6.00404e+06 -416266 -11271.8 15.4577 8.76789 0.136599
1010000 FRAC0_S 0 1 0 -45893.2 8078.45 -5.83111e+06 -263029 -85777.4 7.14361 5.83187 1.07628
1010000 FRAC0_S 0 1 0 -45719.2 7823.06 -6.38796e+06 -146621 -238740 9.49621 2.99776 2.70827
1010000 FRAC0_S 0 1 0 -45474.9 7633.95 -5.75534e+06 -167945 -172079 6.45168 3.80428 2.17572
1010000 FRAC0_S 0 1 0 -45184 7529.6 -4.04016e+06 -66705.2 -157631 3.70121 2.17275 2.83806
1010000 FRAC0_S 0 1 0 -44875.1 7520.24 -5.58644e+06 8705.39 -224128 6.68782 -0.209277 2.95521
1010000 FRAC0_S 0 1 0 -44578.5 7606.79 -5.24613e+06 -840336 741017 135.957 16.171 -8.07696
1010000 FRAC0_S 0 1 0 -44323.1 7780.78 -5.69027e+06 284148 -33892.5 7.34752 -6.46439 0.438943
1010000 FRAC0_S 0 1 0 -44134 8025.16 -6.20287e+06 281799 -130678 9.34748 -5.83667 1.52792
1010000 FRAC0_S 0 1 0 -44029.6 8316.02 -5.9986e+06 2.42964e+06 -257248 534.829 -33.6853 2.28127
Step FractureNumber TipNr TipActive TipX TipY TipZ KI KII KIII G Phi Psi Extension
1010101 FRAC0_S 0 1 -21.2838 -43927.9 8637.93 -6.75837e+06 1.1087e+06 462134 137.941 -17.3952 -4.22613
1010101 FRAC0_S 0 1 -10.2123 -44019.1 8962.95 -6.0508e+06 294282 8845.11 7.72748 -6.33393 -0.108517
1010101 FRAC0_S 0 1 -9.61887 -44210.1 9243.48 -6.93224e+06 1.33499e+06 812221 246.553 -19.0715 -6.71356
1010101 FRAC0_S 0 1 -5.83496 -44478.4 9451.4 -7.33051e+06 383576 39046 13.3136 -6.75498 -0.391983
1010101 FRAC0_S 0 1 -1.05711 -44797.9 9566.2 -6.69446e+06 -246214 945603 124.326 4.30265 -8.87813
1010101 FRAC0_S 0 1 1.97537 -45137.2 9576.49 -7.04239e+06 -167708 16855.1 2.54408 3.21112 -0.181737
1010101 FRAC0_S 0 1 12.142 -45461.9 9480.06 -6.78854e+06 -635967 106626 37.553 11.3231 -1.09771
1010101 FRAC0_S 0 1 21.9038 -45741.2 9287.58 -6.66586e+06 -1.57478e+06 -89988.2 222.063 23.9635 0.838713
1010101 FRAC0_S 0 1 16.1104 -45950.1 9020.33 -6.34461e+06 -1.06797e+06 -262308 110.786 18.1257 2.62729
1010101 FRAC0_S 0 1 11.396 -46065.6 8702.09 -6.75737e+06 -667522 -194760 44.751 11.7275 1.97214
1010101 FRAC0_S 0 1 12.9566 -46075.7 8362.87 -5.12486e+06 -494041 -73843.6 22.4749 11.6226 1.00623
1010101 FRAC0_S 0 1 10.1987 -45980.9 8036.99 -5.32227e+06 -1.49792e+06 -605505 248.705 25.3926 6.14085
1010101 FRAC0_S 0 1 6.81379 -45790.1 7756.35 -6.66217e+06 -682027 -163562 45.0085 12.1403 1.68363
1010101 FRAC0_S 0 1 5.57266 -45521.7 7548.54 -5.84924e+06 -382224 -82751.8 13.9293 8.21823 1.01657
1010101 FRAC0_S 0 1 3.46303 -45202.1 7433.83 -5.85583e+06 -188257 -129484 5.38799 4.20406 1.62144
1010101 FRAC0_S 0 1 7.7278 -44863.2 7424.39 -5.90223e+06 -457737 45689.8 18.9483 9.64672 -0.554675
1010101 FRAC0_S 0 1 11.0193 -44537.8 7520.48 -6.20284e+06 -732703 -704.174 47.8391 14.0077 0.00791829
1010101 FRAC0_S 0 1 -1.20897 -44257 7710.92 -5.15327e+06 -129348 -388712 21.5868 3.15661 5.19108
1010101 FRAC0_S 0 1 -21.7651 -44052.9 7979.28 -6.23931e+06 1.1605e+06 20330.3 120.065 -20.1836 -0.213463
1010101 FRAC0_S 0 1 -32.7378 -43942.2 8299.46 -7.12381e+06 1.87394e+06 212234 318.913 -25.5876 -1.7799