
Step FractureNumber TipNr TipActive TipX TipY TipZ KI KII KIII G Phi Psi Extension
1010000 FRAC0_S 0 1 -29946.5 -44329.9 7776.37 -287615 41219.2 287528 11.1469 -9.04944 -29.2051
1010000 FRAC0_S 0 1 -30197.8 -44224.1 7921.78 -334055 -121734 328795 15.6987 20.0369 -26.892
1010000 FRAC0_S 0 1 -30419.1 -44193.7 8112.75 -328520 -286741 292658 18.7179 37.233 -21.7137
1010000 FRAC0_S 0 1 -30619.5 -44243.1 8362.64 -296017 -375976 193929 17.5984 47.5903 -15.8135
1010000 FRAC0_S 0 1 -30748.8 -44366.2 8614.93 -174478 -308011 70985.6 9.12414 56.2318 -9.46102
1010000 FRAC0_S 0 1 -30804.7 -44551.3 8855.97 -241566 -473891 -3313.14 20.0131 61.875 0.358836
1010000 FRAC0_S 0 1 -30781.8 -44780.3 9062.16 -223476 -457956 -107567 20.2274 57.6771 10.0207
1010000 FRAC0_S 0 1 -30696.7 -45004.2 9200.89 -188528 -365218 -197361 17.0664 51.5235 18.2169
1010000 FRAC0_S 0 1 -30516.3 -45278.4 9294.67 -208082 -176413 -340928 18.2321 29.9064 29.369
1010000 FRAC0_S 0 1 -30299.6 -45498.6 9298.22 -115239 -94763.6 -230937 7.89337 26.8547 31.7997
1010000 FRAC0_S 0 1 -30049.1 -45672.6 9221.64 -160942 19545.9 -325161 14.0961 -5.30711 36.5122
1010000 FRAC0_S 0 1 -29802.2 -45775.9 9078.22 -142283 143020 -267746 11.3572 -31.5231 30.0274
1010000 FRAC0_S 0 1 -29570.3 -45805.9 8876.2 -182145 294599 -262151 16.8739 -44.6909 23.5196
1010000 FRAC0_S 0 1 -29380.5 -45756.9 8637.36 -214211 401917 -196240 19.5164 -52.1304 16.9164
1010000 FRAC0_S 0 1 -29251.2 -45633.8 8385.07 -242489 481968 -111868 22.3641 -57.433 9.84295
1010000 FRAC0_S 0 1 -29195.3 -45448.7 8144.03 -438492 582644 134538 32.6579 -52.7899 -8.63317
1010000 FRAC0_S 0 1 -29218.2 -45219.7 7937.84 -317917 549945 96509.9 28.1891 -57.0728 -7.47539
1010000 FRAC0_S 0 1 -29317.5 -44969.1 7786.67 -323873 446248 187662 22.429 -50.0329 -14.016
1010000 FRAC0_S 0 1 -29483.7 -44721.6 7705.33 -200452 406957 81362.4 15.6383 -58.2814 -8.75341
1010000 FRAC0_S 0 1 -29700.4 -44501.4 7701.78 -224392 368084 247329 20.209 -47.9143 -20.1093
Step FractureNumber TipNr TipActive TipX TipY TipZ KI KII KIII G Phi Psi Extension
1010101 FRAC0_S 0 1 -29953.7 -44279.8 7702.6 -229368 58732.6 409944 22.6586 -11.2839 -34.426
1010101 FRAC0_S 0 1 -30198.1 -44137.8 7884.97 -194884 -272005 394345 27.2755 37.234 -28.7962
1010101 FRAC0_S 0 1 -30429.2 -44097.2 8125.61 415.817 -387762 308145 26.0273 56.2546 -28.0549
1010101 FRAC0_S 0 1 -30617.8 -44150.1 8394.03 214956 -496457 200054 31.4032 55.4878 -15.5301
1010101 FRAC0_S 0 1 -30742.6 -44282.7 8667.45 353019 -416305 71372.7 27.2263 52.1617 -6.38413
1010101 FRAC0_S 0 1 -30795.3 -44479 8923.34 558024 -568912 -194370 61.6142 47.3023 10.76
1010101 FRAC0_S 0 1 -30774.9 -44721.1 9141.28 387047 -351672 -152269 27.4533 44.3528 12.3663
1010101 FRAC0_S 0 1 -30683.9 -44993 9302.83 251430 -347623 -266411 25.8411 44.9393 20.8834
1010101 FRAC0_S 0 1 -30524.3 -45270.1 9391 57580.5 -237029 -280333 15.7539 45.8198 30.1862
1010101 FRAC0_S 0 1 -30306.9 -45525.3 9388.84 15597 -175072 -318224 16.2213 39.8789 35.8713
1010101 FRAC0_S 0 1 -30062.4 -45735.6 9286.91 -17543.6 150788 -394876 22.7643 -32.4647 38.4656
1010101 FRAC0_S 0 1 -29813.9 -45867.4 9101.59 34610.2 182117 -250963 11.4389 -43.9015 32.3528
1010101 FRAC0_S 0 1 -29580.2 -45902.6 8865.11 180909 318272 -261568 21.0425 -46.3192 22.9175
1010101 FRAC0_S 0 1 -29388.4 -45848.6 8601.73 326452 501121 -204783 37.4515 -51.4642 14.1739
1010101 FRAC0_S 0 1 -29256.2 -45716.9 8331.4 460050 609514 -61529.4 52.4683 -55.1152 4.14541
1010101 FRAC0_S 0 1 -29197 -45521.4 8076.56 409413 510739 13543.9 38.2056 -55.6359 -1.1245
1010101 FRAC0_S 0 1 -29220 -45278.9 7858.53 327212 580508 160655 43.0027 -55.4033 -10.9829
1010101 FRAC0_S 0 1 -29324.2 -45014 7698.65 252166 507195 224399 35.2868 -53.5728 -16.075
1010101 FRAC0_S 0 1 -29500.1 -44751.6 7612.72 -47049.7 471930 384611 39.5205 -54.0251 -27.2217
1010101 FRAC0_S 0 1 -29718 -44500 7610.07 -22637 343420 394998 31.2605 -48.9205 -31.5937