
Step FractureNumber TipNr TipActive TipX TipY TipZ KI KII KIII G Phi Psi Extension
1010000 FRAC0_S 0 1 29119.2 29553 8500 3.97605e+06 1.37675e+07 -3.15139e+06 19619.8 -61.8551 11.0134
1010000 FRAC0_S 0 1 29300.5 29302.7 8500 3.6195e+06 1.49526e+07 -22942.2 21090.6 -67.3141 0.0961848
1010000 FRAC0_S 0 1 29550.2 29120.6 8500 3.95301e+06 1.37356e+07 3.08605e+06 19471.1 -61.9636 -10.8586
1010000 FRAC0_S 0 1 29843.9 29024.7 8500 3.71547e+06 1.17355e+07 6.11377e+06 18473.9 -55.4572 -19.4611
1010000 FRAC0_S 0 1 30153 29024.2 8500 3.02662e+06 6.54879e+06 6.56007e+06 10361.5 -45.29 -26.2572
1010000 FRAC0_S 0 1 30447 29119.2 8500 3.60388e+06 3.69368e+06 8.58141e+06 12167.3 -28.7784 -32.5152
1010000 FRAC0_S 0 1 30697.3 29300.5 8500 2.86682e+06 -259549 7.47924e+06 8178.25 3.38427 -38.5949
1010000 FRAC0_S 0 1 30879.4 29550.2 8500 3.26047e+06 -4.19101e+06 8.10878e+06 11257.5 32.6296 -31.6857
1010000 FRAC0_S 0 1 30975.3 29843.9 8500 3.39179e+06 -7.96844e+06 7.22946e+06 13634.5 47.149 -25.343
1010000 FRAC0_S 0 1 30975.8 30153 8500 3.22737e+06 -1.06187e+07 5.19511e+06 14565.5 56.3042 -18.8246
1010000 FRAC0_S 0 1 30880.8 30447 8500 2.81141e+06 -1.10707e+07 2.40572e+06 12395.4 62.8182 -10.8007
1010000 FRAC0_S 0 1 30698.5 30698.4 8500 1.94923e+06 -1.1215e+07 160982 11550 68.2445 -0.937497
1010000 FRAC0_S 0 1 30449.8 30879.4 8500 2.84765e+06 -1.11579e+07 -2.36827e+06 12562.7 62.8967 10.5914
1010000 FRAC0_S 0 1 30156.1 30975.3 8500 2.84954e+06 -1.03796e+07 -4.65789e+06 13209.6 57.6689 18.0739
1010000 FRAC0_S 0 1 29847 30975.8 8500 3.21903e+06 -8.37731e+06 -7.18212e+06 14037.6 48.5246 25.0051
1010000 FRAC0_S 0 1 29553 30880.8 8500 3.24274e+06 -4.30949e+06 -8.09892e+06 11315.8 33.2414 31.5258
1010000 FRAC0_S 0 1 29302.7 30699.5 8500 3.38766e+06 -528873 -8.99137e+06 11799.9 5.61868 38.3208
1010000 FRAC0_S 0 1 29120.6 30449.8 8500 3.31194e+06 3.68393e+06 -8.96616e+06 12878.9 -28.5825 33.4016
1010000 FRAC0_S 0 1 29024.7 30156.1 8500 3.70075e+06 7.97501e+06 -8.07361e+06 15557.3 -45.1191 26.3717
1010000 FRAC0_S 0 1 29024.2 29847 8500 3.78052e+06 1.1633e+07 -6.13659e+06 18341 -55.1759 19.5353
Step FractureNumber TipNr TipActive TipX TipY TipZ KI KII KIII G Phi Psi Extension
1010101 FRAC0_S 0 1 29077.3 29533.3 8412.32 1.68145e+07 1.78389e+06 -3.35593e+06 26975.4 -10.9135 11.152
1010101 FRAC0_S 0 1 29271 29273.3 8409.76 2.01939e+07 2.24115e+06 54461 36786.6 -13.2563 -0.188693
1010101 FRAC0_S 0 1 29530.5 29079 8412.21 1.58339e+07 1.89353e+06 2.66376e+06 23604.2 -12.3968 -9.62623
1010101 FRAC0_S 0 1 29836.8 28968.9 8418.98 1.63345e+07 2.69618e+06 6.50867e+06 30058 -13.9996 -17.7349
1010101 FRAC0_S 0 1 30166.1 28955.9 8431.84 1.2003e+07 2.57583e+06 8.07648e+06 22105 -15.0126 -23.6126
1010101 FRAC0_S 0 1 30487.2 29045.1 8459.64 7.59237e+06 1.63511e+06 8.05061e+06 13994.9 -12.622 -29.1792
1010101 FRAC0_S 0 1 30761.2 29236 8504.4 6.18394e+06 -221168 8.10689e+06 12153 2.11739 -33.2751
1010101 FRAC0_S 0 1 30951.2 29510.6 8546.77 7.32709e+06 -1.71442e+06 7.50749e+06 12542.1 13.7522 -28.5935
1010101 FRAC0_S 0 1 31041.3 29831.1 8570.94 1.05838e+07 -2.88255e+06 6.87494e+06 17008.4 18.4336 -22.5928
1010101 FRAC0_S 0 1 31030.1 30159.7 8582.17 1.07988e+07 -2.51484e+06 4.17642e+06 13274.9 18.6829 -16.7438
1010101 FRAC0_S 0 1 30921.4 30466 8588.5 1.16473e+07 -2.09586e+06 2.03727e+06 13032 17.3592 -9.51989
1010101 FRAC0_S 0 1 30728.1 30725.7 8590.94 1.24558e+07 -1.51416e+06 572479 14073 13.818 -3.01943
1010101 FRAC0_S 0 1 30468.9 30919.3 8588.85 1.1659e+07 -1.82451e+06 -1.82771e+06 12853.9 15.6886 8.84068
1010101 FRAC0_S 0 1 30162.9 31028.1 8583.23 1.36536e+07 -2.49701e+06 -4.93654e+06 20408.7 15.5964 16.4514
1010101 FRAC0_S 0 1 29834.6 31040.4 8572.29 1.12091e+07 -3.45668e+06 -7.13654e+06 19034.7 20.4369 21.9959
1010101 FRAC0_S 0 1 29495.3 30943.6 8546.62 7.39381e+06 -2.17262e+06 -8.0918e+06 14000.6 16.1656 28.8135
1010101 FRAC0_S 0 1 29238.6 30763.4 8506.63 5.52198e+06 -405292 -7.67354e+06 10563.3 4.10972 33.5029
1010101 FRAC0_S 0 1 29046.6 30490.2 8460.81 8.16436e+06 1.34794e+06 -8.68248e+06 16127.9 -9.98756 29.7067
1010101 FRAC0_S 0 1 28956.2 30169.5 8432.09 1.01343e+07 2.12043e+06 -7.35922e+06 16755.6 -14.3171 24.6202
1010101 FRAC0_S 0 1 28968.1 29840.1 8419.2 1.4187e+07 2.38707e+06 -6.20048e+06 23556.4 -13.9048 18.7898