
Step FractureNumber TipNr TipActive TipX TipY TipZ KI KII KIII G Phi Psi Extension
1010000 FRAC0_S 0 1 -29574.6 -44108.7 8500 84704 371087 32750.7 13.0529 -65.9539 -5.08064
1010000 FRAC0_S 0 1 -29870.8 -44020.8 8500 69324.8 270430 91991.1 8.07058 -60.2277 -15.1212
1010000 FRAC0_S 0 1 -30179.8 -44028.8 8500 71950.7 190557 122794 5.70252 -52.1176 -21.5066
1010000 FRAC0_S 0 1 -30471 -44131.9 8500 69525 138718 184809 6.68797 -40.6906 -29.3792
1010000 FRAC0_S 0 1 -30716.2 -44320 8500 58688.5 46012.4 187628 5.17774 -20.3017 -36.4688
1010000 FRAC0_S 0 1 -30891.3 -44574.6 8500 58734.7 -915.02 159228 3.67952 0.584047 -39.2788
1010000 FRAC0_S 0 1 -30979.2 -44870.8 8500 68879.8 -150937 204841 8.0335 40.9172 -29.9463
1010000 FRAC0_S 0 1 -30971.2 -45179.8 8500 51624.3 -178472 125135 5.15845 52.6683 -23.3816
1010000 FRAC0_S 0 1 -30868.1 -45471 8500 65532.9 -297671 107333 9.81074 60.5522 -16.0754
1010000 FRAC0_S 0 1 -30680 -45716.2 8500 47585 -242415 29050.7 5.55058 65.9613 -6.82858
1010000 FRAC0_S 0 1 -30425.4 -45891.3 8500 65330.4 -335680 -31309.1 10.5517 66.5022 5.47579
1010000 FRAC0_S 0 1 -30129.2 -45979.2 8500 67145.7 -305152 -96880.6 9.9478 61.4444 14.6992
1010000 FRAC0_S 0 1 -29820.2 -45971.2 8500 67046.4 -246995 -154415 9.0081 54.3557 22.1252
1010000 FRAC0_S 0 1 -29529 -45868.1 8500 66733.2 -184015 -215030 9.56384 44.3842 28.9761
1010000 FRAC0_S 0 1 -29283.8 -45680 8500 73642.8 -71846.6 -234065 8.22981 23.9927 35.5515
1010000 FRAC0_S 0 1 -29108.7 -45425.4 8500 72192.7 42180.8 -248158 8.8134 -15.3415 37.9296
1010000 FRAC0_S 0 1 -29020.8 -45129.2 8500 71120.1 112878 -257270 10.3891 -31.2321 34.2586
1010000 FRAC0_S 0 1 -29028.8 -44820.2 8500 82192.5 251349 -187904 10.9276 -51.219 23.8223
1010000 FRAC0_S 0 1 -29131.9 -44529 8500 84020.1 327635 -124032 12.2406 -59.4411 16.2908
1010000 FRAC0_S 0 1 -29320 -44283.8 8500 90711.2 361844 -49052 12.7205 -64.5655 7.31202
Step FractureNumber TipNr TipActive TipX TipY TipZ KI KII KIII G Phi Psi Extension
1010101 FRAC0_S 0 1 -29556.7 -44070.2 8410.07 757357 185852 57184.7 54.6255 -23.5931 -4.35082
1010101 FRAC0_S 0 1 -29866 -43971.9 8414.04 776317 273913 217944 66.7069 -26.973 -12.4302
1010101 FRAC0_S 0 1 -30192.7 -43969.6 8422.54 578383 202893 273329 43.4142 -24.3434 -17.9991
1010101 FRAC0_S 0 1 -30508.9 -44067.3 8439 358728 187610 332114 29.2736 -26.7068 -24.7724
1010101 FRAC0_S 0 1 -30781.8 -44260.2 8466.6 229704 -17693.1 277761 14.9908 4.63727 -32.0234
1010101 FRAC0_S 0 1 -30972.2 -44534.4 8508.21 242104 -156424 259129 16.3342 29.339 -25.6101
1010101 FRAC0_S 0 1 -31054.1 -44857.9 8552.89 348829 -202314 292451 25.8655 29.5492 -23.0745
1010101 FRAC0_S 0 1 -31030.5 -45188.7 8577.9 656755 -289132 265648 55.2707 29.4242 -15.5162
1010101 FRAC0_S 0 1 -30911.6 -45492.9 8586.25 632302 -211405 117340 41.4405 27.4091 -9.03154
1010101 FRAC0_S 0 1 -30709.1 -45745.8 8590.36 687613 -195758 36883.4 45.7279 26.6134 -3.0732
1010101 FRAC0_S 0 1 -30442.6 -45928.5 8590.64 707461 -214100 -31366.5 48.8152 27.9211 2.53169
1010101 FRAC0_S 0 1 -30133.9 -46026.2 8587.16 604318 -194085 -156416 39.1536 25.5654 11.8922
1010101 FRAC0_S 0 1 -29808 -46027.4 8580.08 548723 -249334 -235071 39.7199 29.7103 16.0391
1010101 FRAC0_S 0 1 -29479.9 -45923.4 8564.59 349391 -173141 -290743 24.792 26.6324 23.6672
1010101 FRAC0_S 0 1 -29220.3 -45737.6 8531.2 237912 -97348 -372132 24.3064 17.9405 31.9004
1010101 FRAC0_S 0 1 -29027.4 -45464.7 8483.97 204272 71423.7 -364140 21.8084 -14.7557 33.7025
1010101 FRAC0_S 0 1 -28941.3 -45142.3 8447.97 258214 183819 -455846 36.5891 -25.7277 31.0942
1010101 FRAC0_S 0 1 -28965.6 -44811.3 8426.54 549760 241238 -249353 40.3876 -28.6996 16.7994
1010101 FRAC0_S 0 1 -29086.7 -44506.2 8414.88 800319 195192 -150621 63.4882 -21.8124 9.6806
1010101 FRAC0_S 0 1 -29289.6 -44252.9 8410.49 849557 226137 -81890.9 69.7637 -24.678 5.35279