
Step FractureNumber TipNr TipActive TipX TipY TipZ KI KII KIII G Phi Psi Extension
1010000 FRAC0_S 0 1 -29032.6 44801 8500 14480.9 -413078 -317149 28.6015 56.1186 27.2328
1010000 FRAC0_S 0 1 -29018.4 45109.8 8500 -46853.8 -320397 -452782 36.414 44.0138 33.007
1010000 FRAC0_S 0 1 -29100.4 45407.7 8500 -46654.8 -107283 -546260 40.7129 19.8073 40.7668
1010000 FRAC0_S 0 1 -29270.4 45665.8 8500 -41450.3 152651 -603248 50.4763 -24.237 40.1232
1010000 FRAC0_S 0 1 -29511.8 45858.6 8500 -33342.3 394794 -503796 47.6457 -46.7458 32.5223
1010000 FRAC0_S 0 1 -29801 45967.4 8500 -23423.1 591887 -387883 51.2282 -58.2332 25.2252
1010000 FRAC0_S 0 1 -30109.8 45981.6 8500 -25469.3 769198 -259280 61.6644 -64.8904 17.1915
1010000 FRAC0_S 0 1 -30407.7 45899.6 8500 -20561.4 784271 -81269.5 55.6883 -69.0755 6.87624
1010000 FRAC0_S 0 1 -30665.8 45729.6 8500 -94081.5 907970 132314 75.7915 -67.2118 -8.64904
1010000 FRAC0_S 0 1 -30858.6 45488.2 8500 -20338.3 733967 247906 56.1781 -64.9854 -17.2748
1010000 FRAC0_S 0 1 -30967.4 45199 8500 -20012.1 449719 298391 29.8641 -57.972 -25.3206
1010000 FRAC0_S 0 1 -30981.6 44890.2 8500 -31017.4 436263 549048 57.0532 -47.1974 -32.5068
1010000 FRAC0_S 0 1 -30899.6 44592.3 8500 -106469 142002 619479 52.8361 -21.0311 -38.8603
1010000 FRAC0_S 0 1 -30729.6 44334.2 8500 -96683.7 -88353.1 662463 59.0636 13.8344 -40.8069
1010000 FRAC0_S 0 1 -30488.2 44141.4 8500 -66486.6 -404073 555320 55.564 44.2833 -32.5527
1010000 FRAC0_S 0 1 -30199 44032.6 8500 -59253.7 -476583 344744 36.0466 55.2661 -25.4788
1010000 FRAC0_S 0 1 -29890.2 44018.4 8500 -21556 -898200 305444 84.2991 65.0137 -17.3945
1010000 FRAC0_S 0 1 -29592.3 44100.4 8500 -78313.8 -939727 99006.3 79.9955 68.2361 -6.65407
1010000 FRAC0_S 0 1 -29334.2 44270.4 8500 -77363.6 -931033 -105621 78.7262 68.1114 7.09858
1010000 FRAC0_S 0 1 -29141.4 44511.8 8500 -81842.9 -919904 -337198 90.5294 63.1438 17.5505
Step FractureNumber TipNr TipActive TipX TipY TipZ KI KII KIII G Phi Psi Extension
1010101 FRAC0_S 0 1 -28977.5 44791.9 8581.18 583288 -281112 -190133 42.1673 32.3462 12.9907
1010101 FRAC0_S 0 1 -28947.6 45120.7 8563.96 334412 -243516 -282570 25.869 34.0132 22.0551
1010101 FRAC0_S 0 1 -29022.8 45444.5 8524.05 154364 -195228 -604036 54.046 25.7272 36.1661
1010101 FRAC0_S 0 1 -29206.8 45721.1 8469.74 254309 198780 -529909 46.631 -25.4481 32.458
1010101 FRAC0_S 0 1 -29475.4 45916.7 8432.07 331813 197195 -302302 25.4306 -29.2706 24.0005
1010101 FRAC0_S 0 1 -29788.5 46018.7 8416.65 426647 155954 -209903 24.2476 -24.8394 18.3441
1010101 FRAC0_S 0 1 -30113.2 46023.7 8410.12 835552 153119 -110577 65.9273 -18.143 7.51235
1010101 FRAC0_S 0 1 -30422.8 45933.6 8407.61 672931 124236 -11212.3 41.7443 -19.8626 1.07552
1010101 FRAC0_S 0 1 -30691.7 45757.3 8407.89 455711 67892 -55419.4 19.3249 -15.453 7.16323
1010101 FRAC0_S 0 1 -30896.5 45508.4 8410.45 587522 142789 -481.537 32.5761 -24.6821 0.0513818
1010101 FRAC0_S 0 1 -31019.5 45207.6 8416.61 509882 223343 113581 29.3276 -32.0553 -9.86833
1010101 FRAC0_S 0 1 -31049.6 44879.5 8433.15 399079 398038 207102 34.0146 -44.4938 -14.6826
1010101 FRAC0_S 0 1 -30977 44554.8 8469.69 190739 157631 448349 32.1913 -24.9589 -33.4436
1010101 FRAC0_S 0 1 -30795.6 44276.3 8520.44 152309 -62650.4 445752 28.8434 12.6458 -37.6028
1010101 FRAC0_S 0 1 -30526.7 44079.9 8561.43 197175 -239699 360543 25.8731 35.7582 -28.5207
1010101 FRAC0_S 0 1 -30212.4 43978.6 8581.2 275401 -191123 225657 16.7861 33.3196 -21.9214
1010101 FRAC0_S 0 1 -29886.9 43975.1 8589.09 220259 -124344 75629.9 6.46158 35.2963 -12.9689
1010101 FRAC0_S 0 1 -29577.2 44066.1 8592.3 716000 -71092.2 80832.9 47.0022 10.9978 -6.97818
1010101 FRAC0_S 0 1 -29308 44242.6 8591.92 447837 -142301 127943 21.8533 24.9947 -12.8499
1010101 FRAC0_S 0 1 -29101.8 44491 8588.56 614877 -201183 -35501.1 37.4644 29.1682 3.19442