
Step FractureNumber TipNr TipActive TipX TipY TipZ KI KII KIII G Phi Psi Extension
1010000 FRAC0_S 0 1 -44400.5 -7332.5 7733.07 663112 840711 718936 170.909 -42.938 -21.7762
1010000 FRAC0_S 0 1 -44596.6 -7096.93 7693.56 680978 460241 863958 159.473 -28.4459 -27.4811
1010000 FRAC0_S 0 1 -44832.2 -6900.81 7732.98 626881 63454.1 886058 139.795 -5.52196 -33.4164
1010000 FRAC0_S 0 1 -45084.2 -6763.34 7847.48 617050 -331491 861695 142.476 23.2895 -29.6516
1010000 FRAC0_S 0 1 -45327.9 -6697.99 8025.85 754306 -371281 685008 125.394 25.7649 -24.7865
1010000 FRAC0_S 0 1 -45539.5 -6711.14 8250.63 398880 -1.20276e+06 486076 174.512 57.4224 -16.3716
1010000 FRAC0_S 0 1 -45698.3 -6801.51 8499.83 847350 -725485 451679 138.016 41.18 -15.7596
1010000 FRAC0_S 0 1 -45788.8 -6960.26 8749.04 506706 -1.10021e+06 42343.3 130.981 62.2421 -1.98083
1010000 FRAC0_S 0 1 -45802 -7171.83 8973.88 483524 -1.04029e+06 -176767 121.424 59.4471 7.75117
1010000 FRAC0_S 0 1 -45736.8 -7415.53 9152.33 352533 -1.05074e+06 -617259 160.131 53.8741 20.7487
1010000 FRAC0_S 0 1 -45599.5 -7667.5 9266.93 595315 -851252 -685663 158.68 44.7354 21.6701
1010000 FRAC0_S 0 1 -45403.4 -7903.07 9306.44 442262 -335872 -623461 79.1796 29.5292 28.1665
1010000 FRAC0_S 0 1 -45167.8 -8099.19 9267.02 604775 -72652.5 -890941 138.635 6.3351 33.6602
1010000 FRAC0_S 0 1 -44915.8 -8236.66 9152.52 385397 614467 -891511 152.588 -38.0948 29.4339
1010000 FRAC0_S 0 1 -44672.1 -8302.01 8974.15 547341 613596 -644235 115.446 -39.4997 23.6338
1010000 FRAC0_S 0 1 -44460.5 -8288.86 8749.37 469657 1.15884e+06 -495432 171.968 -55.5472 16.3988
1010000 FRAC0_S 0 1 -44301.7 -8198.49 8500.17 564067 1.06015e+06 -278309 138.806 -56.277 10.704
1010000 FRAC0_S 0 1 -44211.2 -8039.74 8250.96 511965 1.02869e+06 -42166.2 117.89 -61.4206 2.05449
1010000 FRAC0_S 0 1 -44198 -7828.17 8026.12 498275 978560 185491 112.03 -58.1565 -8.29276
1010000 FRAC0_S 0 1 -44263.2 -7584.47 7847.67 870925 1.06661e+06 240704 176.674 -51.7692 -8.21634
Step FractureNumber TipNr TipActive TipX TipY TipZ KI KII KIII G Phi Psi Extension
1010101 FRAC0_S 0 1 -44395.8 -7356.52 7638.62 1.13264e+06 156155 626638 168.716 -10.9482 -21.9859
1010101 FRAC0_S 0 1 -44588.3 -7085.75 7599.16 1.06083e+06 122133 828193 192.836 -8.24372 -26.5243
1010101 FRAC0_S 0 1 -44820.6 -6848.46 7657.26 845213 37265.1 819607 153.126 -3.03158 -29.9076
1010101 FRAC0_S 0 1 -45075 -6679.42 7803.29 826046 -80158.2 812302 149.135 6.37788 -29.4959
1010101 FRAC0_S 0 1 -45321.7 -6603.13 8016.07 1.10349e+06 -348375 800126 204.47 19.9823 -23.5474
1010101 FRAC0_S 0 1 -45534.8 -6617.94 8273.13 1.3021e+06 -334704 662008 219.353 18.8999 -19.7256
1010101 FRAC0_S 0 1 -45697.7 -6713.84 8543.31 1.34508e+06 -224091 352794 182.25 15.3717 -13.2057
1010101 FRAC0_S 0 1 -45783.5 -6882.52 8808.49 1.61169e+06 -64409.6 126366 233.96 4.91341 -5.30617
1010101 FRAC0_S 0 1 -45793.7 -7106.48 9048.04 1.30768e+06 -68378.7 -134932 155.22 6.19222 6.70226
1010101 FRAC0_S 0 1 -45734 -7365.9 9237.59 1.43987e+06 -163669 -412116 209.721 10.9063 14.5682
1010101 FRAC0_S 0 1 -45601.8 -7642.06 9361.09 1.21976e+06 -176892 -660425 193.377 11.5213 21.6405
1010101 FRAC0_S 0 1 -45410.2 -7912.94 9401.03 920043 -97657.5 -774236 156.005 7.42185 27.5407
1010101 FRAC0_S 0 1 -45182.1 -8151.49 9337.78 889306 -92029.2 -826051 161.983 6.94708 28.756
1010101 FRAC0_S 0 1 -44935.7 -8322.14 9181.68 995643 -275586 -853888 192.076 16.978 26.0132
1010101 FRAC0_S 0 1 -44689.1 -8398.47 8970.07 704297 -2527.75 -509033 78.6644 0.290755 26.8715
1010101 FRAC0_S 0 1 -44473.8 -8381.91 8720.78 1.25279e+06 25881.9 -526844 176.833 -1.9925 19.9504
1010101 FRAC0_S 0 1 -44313.3 -8284.53 8452.15 1.34289e+06 39771.9 -347365 176.886 -3.18149 14.3309
1010101 FRAC0_S 0 1 -44221.2 -8116.63 8188.99 1.56811e+06 87359.3 -62025.8 220.311 -6.9399 2.77386
1010101 FRAC0_S 0 1 -44204 -7893.32 7951.69 1.38294e+06 69217.4 158510 174.193 -5.88714 -7.3566
1010101 FRAC0_S 0 1 -44263.1 -7633.16 7761.93 1.4229e+06 166892 462540 211.352 -10.9217 -15.903