
Step FractureNumber TipNr TipActive TipX TipY TipZ KI KII KIII G Phi Psi Extension
1010000 FRAC0_S 0 1 15000 29248.7 7858.8 1.98679e+07 -2.27262e+06 -2.74041e+07 135516 6.27454 33.0473
1010000 FRAC0_S 0 1 15000 29487.6 7655.6 1.24583e+07 -623695 -8.33552e+06 23106.4 4.01754 25.3584
1010000 FRAC0_S 0 1 15000 29773.6 7538.6 1.40952e+07 2.201e+06 -9.40524e+06 29900.7 -11.4758 24.1243
1010000 FRAC0_S 0 1 15000 30081.8 7515.7 1.37323e+07 6.27291e+06 -8.35943e+06 29604.5 -27.5378 20.1214
1010000 FRAC0_S 0 1 15000 30382 7589.16 1.39289e+07 9.03419e+06 -6.42428e+06 30050.7 -36.423 15.4743
1010000 FRAC0_S 0 1 15000 30644.7 7751.78 1.23331e+07 2.99909e+07 8.71322e+06 103802 -58.0965 -12.3545
1010000 FRAC0_S 0 1 15000 30844.5 7987.64 1.89194e+07 2.06358e+07 -7.30431e+06 76938.5 -48.0775 11.3566
1010000 FRAC0_S 0 1 15000 30961.5 8273.65 1.42815e+07 2.02411e+07 1.29204e+07 76886.1 -46.9881 -18.7946
1010000 FRAC0_S 0 1 15000 30984.3 8581.81 7.66656e+06 700783 3.3004e+06 6730.03 -8.1561 -19.4231
1010000 FRAC0_S 0 1 15000 30910.8 8881.97 4.76771e+06 -3.17004e+06 2.01069e+06 3458.75 37.5031 -14.4166
1010000 FRAC0_S 0 1 15000 30748.2 9144.74 1.33868e+07 8.82694e+06 9.8753e+06 35882.4 -33.214 -20.8789
1010000 FRAC0_S 0 1 15000 30512.4 9344.4 2.62305e+06 -8.20354e+06 -2.7181e+06 7592.66 59.115 14.3238
1010000 FRAC0_S 0 1 15000 30226.4 9461.4 1.33665e+06 -5.20268e+06 -4.46965e+06 5228.27 50.5283 26.2284
1010000 FRAC0_S 0 1 15000 29918.2 9484.3 2.61717e+06 -4.46048e+06 -6.30395e+06 7668.67 38.8885 29.4215
1010000 FRAC0_S 0 1 15000 29618 9410.84 2.45272e+06 -1.47408e+06 -5.18574e+06 4306.31 20.8152 33.701
1010000 FRAC0_S 0 1 15000 29355.3 9248.22 4.48318e+06 -660490 -5.8285e+06 6348.09 8.17389 32.1222
1010000 FRAC0_S 0 1 15000 29155.5 9012.36 5.75872e+06 -225402 -5.08866e+06 6403.63 2.82089 28.8764
1010000 FRAC0_S 0 1 15000 29038.5 8726.35 -3.94386e+06 1.66395e+07 -1.65492e+07 61097.6 -48.6793 28.2081
1010000 FRAC0_S 0 1 15000 29015.7 8418.19 7.03172e+06 -2.21637e+06 -3.90265e+06 6869.47 21.6067 20.2412
1010000 FRAC0_S 0 1 15000 29089.2 8118.03 9.88037e+06 -2.73714e+06 -5.58416e+06 13514 19.47 20.8239
Step FractureNumber TipNr TipActive TipX TipY TipZ KI KII KIII G Phi Psi Extension
1010101 FRAC0_S 0 1 15015.5 29179.4 7792.38 1.31794e+07 -1.10972e+06 -7.67508e+06 23422.5 6.89464 23.2265
1010101 FRAC0_S 0 1 15001.3 29437.3 7572.89 -2.84309e+06 1.91317e+07 5.97683e+06 37367.3 -63.0303 -15.1697
1010101 FRAC0_S 0 1 14980.3 29751.3 7447.49 1.61268e+07 -783635 -9.75383e+06 35883 4.054 24.1168
1010101 FRAC0_S 0 1 14957.1 30087.6 7429.13 1.96653e+07 2.20343e+06 -9.1308e+06 45982.1 -9.59747 20.1116
1010101 FRAC0_S 0 1 14937.6 30407.9 7519.96 2.12658e+07 -2.60589e+06 -8.3517e+06 50180.7 10.8639 17.9993
1010101 FRAC0_S 0 1 14924.2 30684 7704.54 1.86075e+07 -3.18968e+06 -4.8846e+06 34933.3 15.736 13.1734
1010101 FRAC0_S 0 1 14923.3 30898.2 7956.39 1.7758e+07 -3.62708e+06 -1.83309e+06 29719.7 20.1622 5.95247
1010101 FRAC0_S 0 1 14941.2 31033.5 8259.22 9.06201e+06 -1.05392e+06 1.05671e+06 7565.21 12.5834 -7.08206
1010101 FRAC0_S 0 1 14989.8 31068.5 8589.68 9.24174e+06 -722078 1.89397e+06 8134.41 8.2657 -11.6166
1010101 FRAC0_S 0 1 15013.2 30987.9 8913.01 6.71636e+06 -3.47969e+06 2.07435e+06 5670.96 34.0724 -12.243
1010101 FRAC0_S 0 1 15009.3 30804.9 9190.69 4.6414e+06 -6.29446e+06 -566060 5492.83 55.6514 3.7588
1010101 FRAC0_S 0 1 15048.5 30545.2 9395.47 -1.16516e+06 3.04981e+06 -8.42762e+06 10275.1 -29.6991 37.3313
1010101 FRAC0_S 0 1 15075.7 30238.7 9522.71 7.93592e+06 -1.57956e+06 -4.34813e+06 8348.9 15.0423 21.2175
1010101 FRAC0_S 0 1 15059.6 29909.6 9560.1 9.97802e+06 -1.09682e+07 -1.33167e+07 43177.5 37.6433 25.3307
1010101 FRAC0_S 0 1 15037 29582.2 9492.08 5.50948e+06 493571 -7.14026e+06 9507.37 -5.15871 32.635
1010101 FRAC0_S 0 1 15017.2 29292.6 9320.22 5.79371e+06 1.22879e+06 -6.30418e+06 8411.48 -12.3136 29.5132
1010101 FRAC0_S 0 1 14987.2 29080.7 9060.8 7.77606e+06 -557320 -5.54554e+06 9506.05 5.50894 25.8976
1010101 FRAC0_S 0 1 14972.9 28962 8744.95 7.02249e+06 -1.10249e+06 -6.71669e+06 10503 10.0134 28.5407
1010101 FRAC0_S 0 1 15008 28931.6 8409 8.70989e+06 -792081 -9.80554e+06 19603.7 5.62562 31.1017
1010101 FRAC0_S 0 1 15028.6 29003.7 8081.65 1.0957e+07 395377 -3.57453e+06 12411.6 -3.65914 16.7861