
Step FractureNumber TipNr TipActive TipX TipY TipZ KI KII KIII G Phi Psi Extension
1010000 FRAC0_S 0 1 -45000 15987.2 8471.27 573962 -331754 -846290 134.419 24 29.9773
1010000 FRAC0_S 0 1 -45000 15947.8 8777.76 733445 -11059.4 -805122 134.16 0.995592 31.6175
1010000 FRAC0_S 0 1 -45000 15815.6 9057.06 903897 283657 -509776 114.538 -21.4417 20.4498
1010000 FRAC0_S 0 1 -45000 15603.5 9281.83 1.02697e+06 345869 -516972 140.186 -23.2779 18.868
1010000 FRAC0_S 0 1 -45000 15332.4 9430.08 1.03731e+06 670221 -480733 166.649 -36.3126 15.5429
1010000 FRAC0_S 0 1 -45000 15028.7 9487.27 1.04223e+06 787914 -300711 164.141 -42.1963 10.3503
1010000 FRAC0_S 0 1 -45000 14722.2 9447.82 1.03724e+06 844789 -100824 160.817 -46.9406 3.88082
1010000 FRAC0_S 0 1 -45000 14442.9 9315.6 1.21397e+06 1.08202e+06 153385 238.779 -48.1853 -4.75513
1010000 FRAC0_S 0 1 -45000 14218.2 9103.54 1.01147e+06 826368 349134 168.229 -42.906 -11.6111
1010000 FRAC0_S 0 1 -45000 14070 8832.4 1.03821e+06 1.41216e+06 611862 323.543 -49.6751 -14.2677
1010000 FRAC0_S 0 1 -45000 14012.8 8528.73 911725 351621 893830 191.347 -20.9603 -26.6537
1010000 FRAC0_S 0 1 -45000 14052.2 8222.24 584017 -818843 916312 201.812 40.7042 -25.6665
1010000 FRAC0_S 0 1 -45000 14184.4 7942.94 314204 -533153 1.30233e+06 259.704 30.4162 -35.1425
1010000 FRAC0_S 0 1 -45000 14396.5 7718.17 333669 -852150 577056 118.917 51.3177 -21.9964
1010000 FRAC0_S 0 1 -45000 14667.6 7569.92 -35713.2 -1.82082e+06 304462 307.764 68.2654 -10.3343
1010000 FRAC0_S 0 1 -45000 14971.3 7512.73 307224 -1.76548e+06 163689 289.723 66.8963 -5.53229
1010000 FRAC0_S 0 1 -45000 15277.8 7552.18 411312 -462220 -656369 91.4126 35.9079 27.39
1010000 FRAC0_S 0 1 -45000 15557.1 7684.4 336110 -1.38697e+06 -465690 210.33 60.6065 15.1017
1010000 FRAC0_S 0 1 -45000 15781.8 7896.46 574365 -412931 -263654 53.8366 38.5858 14.9736
1010000 FRAC0_S 0 1 -45000 15930 8167.6 468296 -654145 -760163 134.526 40.1941 26.1147
Step FractureNumber TipNr TipActive TipX TipY TipZ KI KII KIII G Phi Psi Extension
1010101 FRAC0_S 0 1 -44963.1 16074.9 8470.55 888410 -358970 -715891 149.977 23.2578 24.0543
1010101 FRAC0_S 0 1 -44998.1 16037.8 8804.28 644353 -148451 -603353 87.3781 14.0945 27.545
1010101 FRAC0_S 0 1 -45027.7 15892 9108.52 942086 -9521.94 -119848 81.0058 1.23864 8.31181
1010101 FRAC0_S 0 1 -45043.7 15657.6 9350.28 811082 21306.9 -380944 77.9626 -2.43691 21.2363
1010101 FRAC0_S 0 1 -45056.3 15360.5 9504.7 1.25697e+06 -46611.4 -472359 170.661 3.62623 18.4116
1010101 FRAC0_S 0 1 -45066.6 15031.7 9559.65 1.38296e+06 -141454 -397596 193.238 9.9244 14.7233
1010101 FRAC0_S 0 1 -45071.9 14703.7 9512.86 730313 -876212 415392 138.891 47.5241 -14.6318
1010101 FRAC0_S 0 1 -45072.6 14404.9 9370.7 1.88382e+06 -32415.8 -87297.1 317.34 2.24678 3.33593
1010101 FRAC0_S 0 1 -45071.7 14164.6 9145.13 1.75281e+06 106046 141191 277.43 -7.22629 -5.34185
1010101 FRAC0_S 0 1 -45064.1 14001.6 8855.16 1.73231e+06 258093 467791 302.451 -13.9274 -13.6482
1010101 FRAC0_S 0 1 -45020.6 13932.6 8530.19 932935 -126645 1.01397e+06 215.731 8.28954 -30.2511
1010101 FRAC0_S 0 1 -44963.7 13974.7 8200.09 555780 344761 1.24021e+06 242.686 -20.731 -34.1123
1010101 FRAC0_S 0 1 -44938.9 14121.1 7900.92 1.25193e+06 -427535 918469 268.15 21.1436 -23.4513
1010101 FRAC0_S 0 1 -44925.1 14356.4 7672.55 1.39323e+06 -314601 591801 228.37 17.8426 -17.8875
1010101 FRAC0_S 0 1 -44911 14651.5 7530.32 1.46093e+06 -251859 468471 225.031 15.2318 -15.2299
1010101 FRAC0_S 0 1 -44916.1 14973.3 7464.97 1.27602e+06 -380827 218405 164.358 25.5444 -8.6368
1010101 FRAC0_S 0 1 -44925.9 15295.8 7493.37 1.2449e+06 -991898 86927 226.777 47.0055 -2.87168
1010101 FRAC0_S 0 1 -44926.2 15592.1 7632.76 1.58678e+06 -821702 -93759.2 285.704 38.4254 2.87633
1010101 FRAC0_S 0 1 -44930.9 15837.6 7856.02 1.2951e+06 -773584 -316158 216.083 38.0472 9.76048
1010101 FRAC0_S 0 1 -44941.9 16004.3 8142.14 1.60643e+06 -1.36452e+06 -433212 420.835 44.8705 9.3918