
Step FractureNumber TipNr TipActive TipX TipY TipZ KI KII KIII G Phi Psi Extension
1010000 FRAC0_S 0 1 -44264.7 -14340.5 8500 428634 1.55571e+06 460507 260.244 -60.7416 -13.5211
1010000 FRAC0_S 0 1 -44504.5 -14145.6 8500 436553 1.22848e+06 749864 226.25 -53.1044 -21.0384
1010000 FRAC0_S 0 1 -44792.8 -14034.3 8500 399349 545923 733714 112.368 -38.1205 -27.7839
1010000 FRAC0_S 0 1 -45101.4 -14017.5 8500 321251 398810 899706 131.029 -30.2265 -33.1439
1010000 FRAC0_S 0 1 -45400.1 -14096.9 8500 340377 -163393 991258 143.388 14.4646 -37.2095
1010000 FRAC0_S 0 1 -45659.6 -14264.7 8500 277958 -464653 1.07814e+06 180.72 31.169 -34.6161
1010000 FRAC0_S 0 1 -45854.5 -14504.6 8500 295371 -934838 692095 149.356 51.5287 -23.805
1010000 FRAC0_S 0 1 -45965.7 -14792.8 8500 269131 -1.16199e+06 452788 154.04 59.7209 -16.8406
1010000 FRAC0_S 0 1 -45982.4 -15101.4 8500 286122 -1.42834e+06 226236 195.901 65.121 -8.64436
1010000 FRAC0_S 0 1 -45903.1 -15400.1 8500 268659 -1.29536e+06 -74549 156.695 66.929 3.4804
1010000 FRAC0_S 0 1 -45735.3 -15659.5 8500 314318 -1.34885e+06 -375646 189.697 61.9833 13.2511
1010000 FRAC0_S 0 1 -45495.5 -15854.4 8500 259607 -1.13513e+06 -640482 175.384 56.3086 21.2784
1010000 FRAC0_S 0 1 -45207.2 -15965.7 8500 307183 -500719 -750131 105.589 37.7632 29.9044
1010000 FRAC0_S 0 1 -44898.6 -15982.5 8500 337986 -408913 -1.05332e+06 172.64 28.1888 34.3407
1010000 FRAC0_S 0 1 -44599.9 -15903.1 8500 321926 -27207.3 -1.10075e+06 170.45 2.60248 40.1969
1010000 FRAC0_S 0 1 -44340.4 -15735.3 8500 310231 464372 -821473 117.543 -34.807 31.4036
1010000 FRAC0_S 0 1 -44145.5 -15495.4 8500 415035 1.07518e+06 -888708 223.405 -48.9757 24.5335
1010000 FRAC0_S 0 1 -44025.9 -15168 8500 347245 1.11838e+06 -488408 153.927 -57.1977 17.4344
1010000 FRAC0_S 0 1 -44017.6 -14898.6 8500 446108 1.81786e+06 -295731 323.841 -64.1205 8.57113
1010000 FRAC0_S 0 1 -44096.9 -14599.9 8500 434113 1.71771e+06 98592.1 281.009 -66.0777 -3.35388
Step FractureNumber TipNr TipActive TipX TipY TipZ KI KII KIII G Phi Psi Extension
1010101 FRAC0_S 0 1 -44229.8 -14307.1 8413.53 2.1806e+06 494239 409730 467.814 -20.635 -9.77866
1010101 FRAC0_S 0 1 -44476.3 -14092.2 8422.77 1.75996e+06 585784 689626 369.845 -24.411 -16.0179
1010101 FRAC0_S 0 1 -44779.3 -13961.3 8436.55 1.30399e+06 587922 982994 310.837 -25.7028 -22.8119
1010101 FRAC0_S 0 1 -45111.5 -13933.1 8465.64 949883 269181 1.18129e+06 272.454 -14.8196 -30.3939
1010101 FRAC0_S 0 1 -45436.1 -14015.2 8512.84 712500 -104777 1.0733e+06 199.427 7.54391 -33.6456
1010101 FRAC0_S 0 1 -45711.3 -14203 8551.69 946662 -407674 645775 150.132 25.6274 -21.7437
1010101 FRAC0_S 0 1 -45907.9 -14470.4 8573.67 904307 -292997 545214 120.057 21.5613 -21.1746
1010101 FRAC0_S 0 1 -46014.3 -14780.9 8585.43 957229 -186256 274395 94.7557 17.1828 -13.859
1010101 FRAC0_S 0 1 -46024.7 -15104.9 8589.95 1.74473e+06 -357234 346576 298.606 18.9355 -10.3793
1010101 FRAC0_S 0 1 -45940.2 -15416.9 8590.75 1.65393e+06 -348192 185970 259.161 20.5057 -6.39099
1010101 FRAC0_S 0 1 -45768.7 -15691.2 8587.94 1.60152e+06 -458108 -134168 249.651 26.1823 4.64688
1010101 FRAC0_S 0 1 -45522.3 -15905.6 8578.98 1.43302e+06 -531593 -491158 240.259 27.0253 14.2801
1010101 FRAC0_S 0 1 -45220.1 -16038.2 8563.23 1.23736e+06 -711843 -866682 281.489 30.918 20.881
1010101 FRAC0_S 0 1 -44888.1 -16068.5 8540.07 802359 -405770 -1.06514e+06 222.929 22.7593 29.302
1010101 FRAC0_S 0 1 -44563.7 -15985.9 8499.81 734738 18538 -1.17695e+06 232.369 -1.33811 35.2912
1010101 FRAC0_S 0 1 -44288.7 -15796.8 8453.73 917737 317595 -907113 193.48 -19.2153 27.1094
1010101 FRAC0_S 0 1 -44090.2 -15530 8427 1.40715e+06 409550 -918653 303.632 -19.3922 22.4738
1010101 FRAC0_S 0 1 -43982.7 -15220 8416.62 1.94435e+06 490603 -754361 434.012 -19.8794 16.603
1010101 FRAC0_S 0 1 -43973.3 -14895.1 8411.15 2.08863e+06 289057 -338106 411.379 -14.108 9.19924
1010101 FRAC0_S 0 1 -44058.5 -14582.5 8409.99 2.1234e+06 312731 -57641.1 410.94 -16.4558 1.78526