
Step FractureNumber TipNr TipActive TipX TipY TipZ KI KII KIII G Phi Psi Extension
1010000 FRAC0_S 0 1 29229.7 30178.4 9091.89 8.97704e+06 -1.17891e+07 1.04023e+07 33957.5 42.9389 -22.3563
1010000 FRAC0_S 0 1 29341.1 29926.6 9232.18 1.16995e+07 -1.83764e+07 8.32212e+06 51500.2 50.9683 -15.3551
1010000 FRAC0_S 0 1 29517.1 29682 9300.8 1.19153e+07 -2.15968e+07 3.97707e+06 56317.8 57.4205 -7.90331
1010000 FRAC0_S 0 1 29740.4 29468.6 9291.03 1.10624e+07 -2.0887e+07 -916490 49892.4 60.701 2.14943
1010000 FRAC0_S 0 1 29989 29307.2 9203.83 1.05855e+07 -1.89785e+07 -5.34512e+06 45880.8 55.4225 11.1693
1010000 FRAC0_S 0 1 30238.7 29213.5 9047.74 8.51814e+06 -1.43136e+07 -8.34553e+06 33985.7 49.5202 18.5145
1010000 FRAC0_S 0 1 30465 29196.9 8838.02 6.78224e+06 -9.28423e+06 -1.01208e+07 25403.3 40.836 25.2163
1010000 FRAC0_S 0 1 30645.9 29258.9 8595.21 4.13356e+06 -3.14385e+06 -8.36091e+06 11700.6 25.3158 32.2693
1010000 FRAC0_S 0 1 30763.5 29393.4 8343.1 5.17166e+06 727396 -9.44561e+06 14296.7 -6.47924 35.5096
1010000 FRAC0_S 0 1 30806.3 29587.3 8106.34 2.87962e+06 4.37046e+06 -8.29299e+06 11587.9 -33.8312 32.2226
1010000 FRAC0_S 0 1 30770.3 29821.6 7908.11 1.09362e+06 7.0428e+06 -6.47171e+06 10097 -51.2257 28.0788
1010000 FRAC0_S 0 1 30658.9 30073.4 7767.82 365280 1.03389e+07 -5.22258e+06 13164.7 -61.3834 22.0288
1010000 FRAC0_S 0 1 30482.9 30318 7699.2 -974773 9.01856e+06 -2.22412e+06 7905.62 -65.2012 13.1058
1010000 FRAC0_S 0 1 30259.6 30531.4 7708.97 1.67889e+06 1.0393e+07 -471636 9905.89 -67.9425 2.88614
1010000 FRAC0_S 0 1 30011 30692.8 7796.17 907785 1.14347e+07 2.11188e+06 12317.9 -66.9449 -10.6919
1010000 FRAC0_S 0 1 29761.3 30786.5 7952.26 1.24144e+06 1.01174e+07 4.57798e+06 12046.3 -60.6663 -19.683
1010000 FRAC0_S 0 1 29538.6 30803.5 8157.89 -176251 6.02845e+06 5.52299e+06 7295.41 -53.4687 -29.4142
1010000 FRAC0_S 0 1 29354.1 30741.1 8404.79 3.68328e+06 4.974e+06 9.53823e+06 15513.6 -33.04 -31.82
1010000 FRAC0_S 0 1 29236.5 30606.6 8656.9 4.59237e+06 -33820.3 8.59724e+06 11709.8 0.357607 -36.7628
1010000 FRAC0_S 0 1 29193.7 30412.7 8893.66 8.04781e+06 -6.37528e+06 1.26835e+07 30789.2 29.0549 -29.2721
Step FractureNumber TipNr TipActive TipX TipY TipZ KI KII KIII G Phi Psi Extension
1010101 FRAC0_S 0 1 29210.7 30230.9 9172.11 1.74741e+07 -2.35952e+06 1.00791e+07 41216.4 10.6077 -22.5354
1010101 FRAC0_S 0 1 29343.8 29967.7 9321.83 2.29208e+07 -718142 7.11834e+06 53600.3 3.23065 -16.2844
1010101 FRAC0_S 0 1 29538.3 29713.7 9392.22 2.39323e+07 323561 2.91094e+06 52174.6 -1.65749 -7.97887
1010101 FRAC0_S 0 1 29776.4 29490.4 9380.88 2.40885e+07 -41740.6 -1.03788e+06 51850 0.231993 3.16043
1010101 FRAC0_S 0 1 30036.8 29315.1 9290.19 2.39072e+07 -1.1129e+06 -5.40317e+06 54924.4 5.02759 12.8119
1010101 FRAC0_S 0 1 30298.6 29205.7 9125.6 1.91159e+07 -3.07598e+06 -9.07404e+06 44356.6 13.0958 19.8577
1010101 FRAC0_S 0 1 30537.6 29172.3 8898.18 1.36267e+07 -2.66135e+06 -1.01872e+07 30980.2 13.3658 25.1271
1010101 FRAC0_S 0 1 30723.7 29214.5 8622.26 6.16317e+06 -1.18389e+06 -7.59732e+06 11186.4 10.6515 31.1245
1010101 FRAC0_S 0 1 30828.5 29332.2 8323.98 5.0298e+06 421139 -7.51013e+06 9771.67 -4.47506 34.1164
1010101 FRAC0_S 0 1 30842.7 29522.9 8047.5 4.18035e+06 3.42953e+06 -7.83457e+06 10768.9 -27.6362 31.0756
1010101 FRAC0_S 0 1 30776.4 29764.9 7828.98 7.3855e+06 3.43112e+06 -6.09495e+06 10850.4 -25.5227 23.825
1010101 FRAC0_S 0 1 30642.4 30026 7682.48 8.59662e+06 3.49796e+06 -4.05805e+06 9865.93 -27.0351 17.5132
1010101 FRAC0_S 0 1 30451.3 30278.4 7613.54 1.01716e+07 3.45629e+06 -2.11099e+06 10876.6 -27.3685 9.86818
1010101 FRAC0_S 0 1 30216.7 30498.6 7625.31 1.10236e+07 3.1623e+06 -148254 11722.6 -27.4789 0.803202
1010101 FRAC0_S 0 1 29958.1 30668.9 7715.39 1.14046e+07 3.40381e+06 2.09192e+06 13204.5 -25.3572 -9.14924
1010101 FRAC0_S 0 1 29698.4 30774.9 7876.57 1.12052e+07 2.82327e+06 4.81176e+06 14978 -19.4076 -17.7685
1010101 FRAC0_S 0 1 29460.6 30809.2 8099.34 1.07439e+07 3.17867e+06 7.60579e+06 18880.2 -19.145 -23.4379
1010101 FRAC0_S 0 1 29273.1 30772.8 8372.38 8.52129e+06 1.46445e+06 9.34489e+06 18276.1 -10.2044 -29.995
1010101 FRAC0_S 0 1 29165.6 30661.5 8670.86 7.36403e+06 -653308 1.07352e+07 20197.9 4.79241 -33.8377
1010101 FRAC0_S 0 1 29148.2 30473.5 8949.97 1.10116e+07 -1.754e+06 9.83019e+06 23931.3 10.4457 -27.6878