
Step FractureNumber TipNr TipActive TipX TipY TipZ KI KII KIII G Phi Psi Extension
1010000 FRAC0_S 0 1 -30000 -14017.8 8603.45 7.16316e+06 1.31617e+07 -7.46707e+06 27424.6 -50.6018 18.5746
1010000 FRAC0_S 0 1 -30000 -14097.8 8901.92 -2.69898e+07 1.97491e+06 -1.13805e+07 17573.2 -6.68531 19.3764
1010000 FRAC0_S 0 1 -30000 -14266.1 9161.05 -2.74846e+06 1.297e+07 -3.22593e+06 16374.3 -63.0382 12.3253
1010000 FRAC0_S 0 1 -30000 -14506.3 9355.47 -6.36799e+06 1.16001e+07 -1.44044e+06 12266.9 -58.6698 5.60714
1010000 FRAC0_S 0 1 -30000 -14794.9 9466.15 -7.53394e+06 8.32201e+06 -120013 6173.31 -53.933 0.584082
1010000 FRAC0_S 0 1 -30000 -15103.5 9482.25 -1.77841e+07 3.13373e+06 -2.28585e+06 1570.02 -17.6307 7.36372
1010000 FRAC0_S 0 1 -30000 -15401.9 9402.21 -7.9891e+06 7.88248e+06 4.55491e+06 8296.09 -43.6013 -15.7523
1010000 FRAC0_S 0 1 -30000 -15661 9233.85 7.39799e+06 -570548 9.56871e+06 17083.5 4.4806 -32.7343
1010000 FRAC0_S 0 1 -30000 -15855.5 8993.66 -425307 -1.44998e+06 8.51221e+06 9824.23 18.1785 -41.7581
1010000 FRAC0_S 0 1 -30000 -15966.1 8705.15 5.38317e+06 -8.69753e+06 8.29652e+06 18477.9 43.84 -24.3829
1010000 FRAC0_S 0 1 -30000 -15982.2 8396.55 1.25951e+07 -1.66638e+07 6.10056e+06 43830.3 50.431 -12.475
1010000 FRAC0_S 0 1 -30000 -15902.2 8098.08 1.71547e+07 -2.20972e+07 1.66934e+06 70105.3 55.1876 -3.12702
1010000 FRAC0_S 0 1 -30000 -15719.7 7823.19 2.19563e+07 -2.30476e+07 -4.87445e+06 93452.9 49.7447 7.30751
1010000 FRAC0_S 0 1 -30000 -15493.7 7644.53 2.52786e+07 -2.03082e+07 -1.04356e+07 108177 41.5516 13.3845
1010000 FRAC0_S 0 1 -30000 -15205.1 7533.85 4.64883e+07 -2.52776e+07 -1.97948e+07 301633 33.3153 15.3206
1010000 FRAC0_S 0 1 -30000 -14896.5 7517.75 2.61365e+07 -8.13519e+06 -1.90701e+07 115138 19.7233 23.6678
1010000 FRAC0_S 0 1 -30000 -14598.1 7597.79 2.54748e+07 -78523.7 -1.7425e+07 98212.6 0.255554 26.1996
1010000 FRAC0_S 0 1 -30000 -14339 7766.15 1.80359e+07 4.45811e+06 -1.29096e+07 52923.3 -16.5192 24.0542
1010000 FRAC0_S 0 1 -30000 -14144.5 8006.34 1.21124e+06 4.72259e+06 -8.01895e+06 10670.5 -39.3664 33.9282
1010000 FRAC0_S 0 1 -30000 -14033.9 8294.85 1.97265e+06 6.53854e+06 -1.46582e+07 32733.2 -33.934 36.1387
Step FractureNumber TipNr TipActive TipX TipY TipZ KI KII KIII G Phi Psi Extension
1010101 FRAC0_S 0 1 -30055.5 -13943.2 8612.58 1.52848e+07 7.19168e+06 -8.17205e+06 34309.1 -28.9968 18.4516
1010101 FRAC0_S 0 1 -30047.5 -14028.2 8931.38 2.76162e+07 1.07781e+07 -7.42309e+06 85640.2 -29.06 11.7709
1010101 FRAC0_S 0 1 -30068.8 -14220.1 9197.58 8.27011e+06 8.75671e+06 -2.34011e+06 13655.9 -48.99 8.94295
1010101 FRAC0_S 0 1 -30085.2 -14481.9 9399.97 1.14645e+07 1.46265e+07 -3.53901e+06 32441.7 -52.0518 8.84554
1010101 FRAC0_S 0 1 -30069.3 -14784.8 9529.9 -152506 9.16281e+06 -604211 7529.98 -69.5926 4.62864
1010101 FRAC0_S 0 1 -30052.6 -15112.8 9560.58 -2.85874e+06 1.21937e+07 1.35108e+06 13492.3 -65.3895 -6.20059
1010101 FRAC0_S 0 1 -30040.1 -15435.8 9477.5 -8.04483e+06 2.88192e+06 933126 855.904 -29.8863 -5.9327
1010101 FRAC0_S 0 1 -30005.5 -15722.4 9299.3 -3.29688e+06 5.08173e+06 7.5939e+06 9970.92 -37.4561 -29.6247
1010101 FRAC0_S 0 1 -29965.1 -15931 9039.66 -9.74699e+06 3.13462e+06 1.26953e+07 22311.3 -16.1065 -30.5857
1010101 FRAC0_S 0 1 -29938.3 -16037.9 8722.84 1.19808e+07 -3.53729e+06 6.80098e+06 20057.4 20.43 -20.7038
1010101 FRAC0_S 0 1 -29923.6 -16044.6 8391.15 1.97323e+07 -1.20635e+06 3.37721e+06 36342.9 6.77333 -10.1968
1010101 FRAC0_S 0 1 -29920.6 -15956.1 8073.98 3.1953e+07 905671 -600232 91101.7 -3.73826 1.38865
1010101 FRAC0_S 0 1 -29924.7 -15780.2 7795.31 3.08223e+07 2.56479e+06 -5.02202e+06 88596.3 -9.03646 9.6344
1010101 FRAC0_S 0 1 -29934 -15528.7 7580.88 3.76357e+07 2.74366e+06 -1.16842e+07 145047 -7.18337 15.8428
1010101 FRAC0_S 0 1 -29947.6 -15220.7 7453.37 3.53488e+07 2.06534e+06 -1.53727e+07 143157 -5.37049 19.9166
1010101 FRAC0_S 0 1 -29969.3 -14885.8 7427.66 3.33045e+07 1.72413e+06 -1.74989e+07 139831 -4.51985 22.3223
1010101 FRAC0_S 0 1 -29998.5 -14559.2 7510.9 3.03779e+07 1.41377e+06 -1.68066e+07 119978 -4.01348 23.0278
1010101 FRAC0_S 0 1 -30030 -14280 7698.04 3.10359e+07 -4.88997e+06 -1.83007e+07 132508 12.0555 22.5653
1010101 FRAC0_S 0 1 -30052.8 -14074.8 7964.91 2.40894e+07 -1.01685e+06 -1.32887e+07 75288.9 3.65865 23.0432
1010101 FRAC0_S 0 1 -30063.1 -13960.8 8278.25 2.14539e+07 2.77089e+06 -1.01662e+07 55444.3 -10.8254 20.1736