
Step FractureNumber TipNr TipActive TipX TipY TipZ KI KII KIII G Phi Psi Extension
1010000 FRAC0_S 0 1 167.108 -29026.6 8500 -1.34712e+06 1.06098e+07 -1.31735e+06 10261.7 -67.1797 7.41579
1010000 FRAC0_S 0 1 -141.884 -29022.6 8500 -1.6876e+06 1.15885e+07 1.12402e+06 12135 -67.3314 -5.88729
1010000 FRAC0_S 0 1 -436.986 -29114.3 8500 201343 9.33882e+06 3.14548e+06 9091.12 -65.1277 -17.3116
1010000 FRAC0_S 0 1 -698.651 -29301.7 8500 3.52553e+07 7.16774e+06 4.45272e+06 117973 -19.7706 -7.11145
1010000 FRAC0_S 0 1 -874.166 -29540.2 8500 -1.32265e+06 4.9757e+06 6.82193e+06 8395.81 -43.0258 -31.6347
1010000 FRAC0_S 0 1 -973.449 -29832.9 8500 -1.63514e+06 1.72891e+06 7.55362e+06 7854.96 -20.4148 -38.1693
1010000 FRAC0_S 0 1 -977.444 -30141.9 8500 -1.66867e+06 -1.9578e+06 8.23645e+06 9364.16 21.1984 -38.2477
1010000 FRAC0_S 0 1 -885.76 -30437 8500 -1.32936e+06 -5.26565e+06 7.03269e+06 9048.78 43.6441 -31.4641
1010000 FRAC0_S 0 1 -707.371 -30689.4 8500 -1.01764e+06 -6.30498e+06 4.50959e+06 6247.11 54.725 -24.9345
1010000 FRAC0_S 0 1 -459.741 -30874.2 8500 -1.39958e+06 -1.05813e+07 3.69694e+06 11794.8 62.6027 -16.558
1010000 FRAC0_S 0 1 -167.108 -30973.4 8500 -1.84624e+06 -1.29203e+07 1.40628e+06 15138.4 67.1688 -6.53286
1010000 FRAC0_S 0 1 141.884 -30977.4 8500 66973.5 -1.22701e+07 -1.20342e+06 13609 69.3838 6.67163
1010000 FRAC0_S 0 1 436.986 -30885.7 8500 -1.43812e+06 -1.09055e+07 -3.58887e+06 12310.9 63.0314 15.8955
1010000 FRAC0_S 0 1 689.314 -30707.4 8500 -942098 -9.9009e+06 -6.26008e+06 13947.3 57.587 24.1286
1010000 FRAC0_S 0 1 874.166 -30459.8 8500 -1.27748e+06 -5.61638e+06 -7.01512e+06 9356.05 45.1178 30.9455
1010000 FRAC0_S 0 1 973.449 -30167.1 8500 -1.38499e+06 -2.1054e+06 -7.61513e+06 8107.7 24.0255 37.9688
1010000 FRAC0_S 0 1 977.444 -29858.1 8500 -1.14839e+06 1.47657e+06 -7.73744e+06 8156.72 -18.5278 39.8426
1010000 FRAC0_S 0 1 885.76 -29563 8500 4.22825e+06 4.65901e+06 -6.83045e+06 9732.49 -35.3481 27.6644
1010000 FRAC0_S 0 1 707.371 -29310.6 8500 -940253 5.76689e+06 -4.10386e+06 5203.48 -54.7617 24.8536
1010000 FRAC0_S 0 1 459.741 -29125.8 8500 -1.41157e+06 9.85411e+06 -3.54127e+06 10320.8 -62.1679 16.7671
Step FractureNumber TipNr TipActive TipX TipY TipZ KI KII KIII G Phi Psi Extension
1010101 FRAC0_S 0 1 174.438 -28987.5 8408.74 -2.31666e+06 255425 638578 60.0488 -10.6947 -14.2082
1010101 FRAC0_S 0 1 -147.663 -28984.5 8408.14 1.30316e+07 3.88961e+06 1.31068e+06 16709.5 -26.6818 -5.43682
1010101 FRAC0_S 0 1 -464.094 -29069 8423.11 4.21649e+07 5.67901e+06 9.06469e+06 172229 -13.2737 -11.587
1010101 FRAC0_S 0 1 -742.98 -29241 8443.34 5.81949e+06 6.86395e+06 5.68331e+06 11512.1 -42.5438 -20.9762
1010101 FRAC0_S 0 1 -946.03 -29502.4 8448.7 2.89591e+06 5.13969e+06 7.55591e+06 10694.5 -38.5438 -30.05
1010101 FRAC0_S 0 1 -1058.88 -29819.8 8474.54 -1.99785e+07 1.22277e+07 2.49042e+07 95812.2 -26.7659 -27.7383
1010101 FRAC0_S 0 1 -1062.89 -30152.6 8526.62 -1.73472e+07 -9.94258e+06 1.48208e+07 38023.1 29.1527 -23.3644
1010101 FRAC0_S 0 1 -951.613 -30466.4 8563.96 8.40078e+06 -6.39773e+06 1.18595e+07 28642.4 29.5672 -28.1692
1010101 FRAC0_S 0 1 -749.631 -30727.7 8580.27 8.48422e+06 -4.99547e+06 5.67833e+06 12926.4 31.7458 -20.2197
1010101 FRAC0_S 0 1 -482.432 -30914.2 8587.84 1.37383e+07 -4.75766e+06 3.54855e+06 20510.5 26.9544 -11.7007
1010101 FRAC0_S 0 1 -174.48 -31011.5 8591.68 1.42844e+07 -4.18037e+06 1.11771e+06 19905.7 26.6965 -4.3445
1010101 FRAC0_S 0 1 147.788 -31014.6 8592.12 1.52334e+07 -3.69006e+06 -1.12112e+06 22059.2 23.4006 4.25942
1010101 FRAC0_S 0 1 457.636 -30924.4 8589.06 7.79777e+06 -2.45861e+06 -2.22942e+06 6618.05 24.8535 12.8753
1010101 FRAC0_S 0 1 728.648 -30745 8582.2 8.98783e+06 -4.90601e+06 -5.90413e+06 13979.4 30.394 20.3262
1010101 FRAC0_S 0 1 937.251 -30489.6 8566.71 5.64519e+06 -4.73927e+06 -7.61451e+06 12552.7 32.0099 27.092
1010101 FRAC0_S 0 1 1057.53 -30179.6 8530.13 2.13482e+06 -1.54082e+06 -6.88346e+06 6919.48 18.9388 36.824
1010101 FRAC0_S 0 1 1065.15 -29846.2 8479.83 2.21008e+06 1.99695e+06 -8.60622e+06 10641.5 -20.1188 37.5025
1010101 FRAC0_S 0 1 952.529 -29525.1 8442.16 -9.19624e+06 1.02464e+07 -2.93578e+06 10501.9 -49.4267 9.6647
1010101 FRAC0_S 0 1 751.753 -29271.2 8422.59 7.66478e+06 4.96534e+06 -5.30668e+06 11177.5 -33.3912 20.1882
1010101 FRAC0_S 0 1 482.578 -29085.5 8412.32 1.00126e+07 4.28474e+06 -3.23009e+06 11957.1 -30.041 13.2537