
Step FractureNumber TipNr TipActive TipX TipY TipZ KI KII KIII G Phi Psi Extension
1010000 FRAC0_S 0 1 15187.2 15969.8 8500 -388305 -2.47718e+06 -1.26972e+06 761.24 58.7465 20.8388
1010000 FRAC0_S 0 1 14878.4 15980.1 8500 -385965 -1.71671e+06 -1.68691e+06 641.088 49.056 28.1821
1010000 FRAC0_S 0 1 14581.4 15894.6 8500 1.47532e+07 -1.02641e+06 -1.95184e+06 19995.9 7.86956 8.18621
1010000 FRAC0_S 0 1 14325.5 15721.5 8500 -1.51353e+07 167028 -1.6754e+06 375.812 -1.37056 7.37585
1010000 FRAC0_S 0 1 14135.5 15477.8 8500 -380135 1.02292e+06 -1.89626e+06 571.484 -36.6768 33.9291
1010000 FRAC0_S 0 1 14030.2 15187.2 8500 -285980 1.37096e+06 -1.16205e+06 347.081 -51.53 26.5457
1010000 FRAC0_S 0 1 14019.9 14878.4 8500 -403855 2.35957e+06 -1.11861e+06 662.546 -59.2335 19.7357
1010000 FRAC0_S 0 1 14105.4 14581.4 8500 -2.7948e+06 2.60413e+06 -436372 629.626 -48.537 5.64841
1010000 FRAC0_S 0 1 14295.5 14307.2 8500 -379287 2.90187e+06 111939 752.049 -68.5329 -2.53732
1010000 FRAC0_S 0 1 14522.2 14135.5 8500 -424301 2.60391e+06 703060 669.936 -63.6098 -13.5255
1010000 FRAC0_S 0 1 14812.8 14030.2 8500 -268725 1.71592e+06 978758 389.784 -57.5953 -22.1621
1010000 FRAC0_S 0 1 15121.6 14019.9 8500 -272733 1.22618e+06 1.22571e+06 333.794 -48.8279 -28.4109
1010000 FRAC0_S 0 1 15418.6 14105.4 8500 -398723 760426 1.9482e+06 556.325 -30.0685 -35.9315
1010000 FRAC0_S 0 1 15678.9 14282.5 8500 -392104 -155151 2.25876e+06 680.713 7.52692 -41.4044
1010000 FRAC0_S 0 1 15864.5 14522.2 8500 -424708 -1.07091e+06 1.90844e+06 586.603 37.1157 -33.3573
1010000 FRAC0_S 0 1 15969.8 14812.8 8500 -388815 -1.93319e+06 1.58663e+06 667.836 52.1196 -26.2248
1010000 FRAC0_S 0 1 15980.1 15121.6 8500 -390625 -2.5933e+06 1.12182e+06 766.664 60.5011 -18.8485
1010000 FRAC0_S 0 1 15894.6 15418.6 8500 -390103 -2.99444e+06 577997 843.454 65.8218 -10.6754
1010000 FRAC0_S 0 1 15721.5 15674.5 8500 -2.17552e+07 -2.66465e+06 -316102 646.001 14.269 0.991378
1010000 FRAC0_S 0 1 15477.8 15864.5 8500 -420754 -2.85154e+06 -702811 790.271 64.4076 12.7591
Step FractureNumber TipNr TipActive TipX TipY TipZ KI KII KIII G Phi Psi Extension
1010101 FRAC0_S 0 1 15195.3 16021 8584.18 2.94588e+06 -1.65254e+06 -1.27322e+06 1232.27 33.8573 15.3621
1010101 FRAC0_S 0 1 14866.3 16047.9 8562.56 1.64754e+06 -1.21642e+06 -1.54756e+06 692.259 33.2811 23.3013
1010101 FRAC0_S 0 1 14541.3 15974 8525.13 3.09646e+07 6.08521e+06 -1.66326e+06 89107 -20.2767 3.29026
1010101 FRAC0_S 0 1 14263.3 15790.1 8487.3 365556 1.1035e+06 3.33537e+06 1600 -28.4628 -38.2454
1010101 FRAC0_S 0 1 14068.1 15518.3 8449.96 1.21772e+06 1.3474e+06 -2.42432e+06 1075.6 -32.7022 30.1085
1010101 FRAC0_S 0 1 13969.4 15201.2 8424.44 2.10786e+06 1.74494e+06 -1.71486e+06 1058.36 -37.0012 20.8937
1010101 FRAC0_S 0 1 13964.2 14871.2 8418.73 -6.22585e+06 -687872 4.03904e+06 2211.91 8.51639 -24.2763
1010101 FRAC0_S 0 1 14056 14559.6 8417.79 3.27883e+06 2.04184e+06 -652371 1386.11 -39.678 8.12545
1010101 FRAC0_S 0 1 14244.8 14296.3 8412.34 8.66571e+06 -1.04622e+07 326851 16459.7 55.0441 -1.30113
1010101 FRAC0_S 0 1 14502.3 14096.7 8410.84 3.34498e+06 1.32081e+06 746944 1226.7 -29.9945 -10.1354
1010101 FRAC0_S 0 1 14804.4 13977.9 8416.57 3.06802e+06 1.60017e+06 1.42137e+06 1335.64 -31.9547 -16.4082
1010101 FRAC0_S 0 1 15132.4 13954.4 8428.73 9.68365e+06 6.59656e+06 9.74959e+06 24876 -30.9836 -24.5857
1010101 FRAC0_S 0 1 15455.8 14031.7 8459.41 -2.15372e+07 1.05431e+07 2.53868e+06 10762.4 -36.1442 -5.54244
1010101 FRAC0_S 0 1 15734.9 14213.1 8509.11 467116 -233292 2.22132e+06 680.552 10.7323 -40.2269
1010101 FRAC0_S 0 1 15931.3 14482 8553.18 1.32402e+06 -1.302e+06 2.35165e+06 1042.8 31.8303 -29.4847
1010101 FRAC0_S 0 1 16029.6 14798.9 8576.31 1.69425e+06 -1.11091e+06 1.24428e+06 571.677 33.1389 -20.8515
1010101 FRAC0_S 0 1 16028.9 15126.1 8586.05 4.66717e+06 1.74562e+06 900215 2320.36 -29.4297 -9.10157
1010101 FRAC0_S 0 1 15943.1 15445.3 8573.53 -1.61144e+07 -1.84405e+07 -2.7871e+06 31335.2 52.0652 5.63785
1010101 FRAC0_S 0 1 15771.4 15721.4 8557.68 3.03882e+06 -3.18218e+06 -128702 1727.43 52.5807 1.56742
1010101 FRAC0_S 0 1 15508.3 15912.7 8572.63 3.25439e+06 -2.35993e+06 -1.00478e+06 1574.32 41.0166 11.08