
Step FractureNumber TipNr TipActive TipX TipY TipZ KI KII KIII G Phi Psi Extension
1010000 FRAC0_S 0 1 15000 23431.5 8171.35 -778572 -4.21349e+06 2.70949e+06 2558.41 55.6414 -23.3568
1010000 FRAC0_S 0 1 15000 23487.4 8475.25 1.31726e+06 -6.63636e+06 1.7011e+06 4464.01 63.1584 -12.7186
1010000 FRAC0_S 0 1 15000 23446.7 8781.58 3.02554e+06 -8.41939e+06 13047.4 7132.39 65.0771 -0.0887773
1010000 FRAC0_S 0 1 15000 23313.3 9060.35 1.25749e+07 395273 3.60406e+06 15832.2 -3.299 -15.4007
1010000 FRAC0_S 0 1 15000 23100.4 9284.26 4.93437e+06 -6.14214e+06 -3.50018e+06 7160.81 46.5629 16.8268
1010000 FRAC0_S 0 1 15000 22828.6 9431.41 7.54452e+06 -5.65512e+06 -6.0635e+06 12811.8 35.0672 21.2825
1010000 FRAC0_S 0 1 15000 22524.8 9487.38 8.09714e+06 -2.64007e+06 -7.17117e+06 13303.1 19.1176 25.9425
1010000 FRAC0_S 0 1 15000 22218.5 9446.7 7.33948e+06 339828 -6.51776e+06 10460.5 -3.311 28.8539
1010000 FRAC0_S 0 1 15000 21939.6 9313.35 4.15662e+06 -1.04103e+07 -1.626e+07 46360.2 39.2953 31.9608
1010000 FRAC0_S 0 1 15000 21715.7 9100.39 6.1629e+06 5.64359e+06 -5.41549e+06 10123.2 -38.3606 21.2642
1010000 FRAC0_S 0 1 15000 21568.5 8828.65 5.17443e+06 7.80965e+06 -4.35561e+06 10344 -48.8551 17.5108
1010000 FRAC0_S 0 1 15000 21512.6 8524.75 1.84973e+06 6.80473e+06 -2.28465e+06 5125.29 -60.001 14.851
1010000 FRAC0_S 0 1 15000 21553.3 8218.42 -4.59603e+06 1.5444e+07 -7.00832e+06 27786.7 -57.1157 17.9946
1010000 FRAC0_S 0 1 15000 21686.7 7939.65 9.7609e+06 -8.34977e+06 -8.48515e+06 24278.3 37.0535 21.5262
1010000 FRAC0_S 0 1 15000 21899.6 7715.74 -1.66109e+06 1.88086e+07 -8.13178e+06 40318.6 -61.7938 19.5089
1010000 FRAC0_S 0 1 15000 22171.4 7568.59 -4.33244e+06 2.45657e+06 790864 620.944 -38.0203 -7.77906
1010000 FRAC0_S 0 1 15000 22475.2 7512.62 -5.03993e+06 2.47378e+06 1.7656e+06 959.922 -32.3478 -13.6465
1010000 FRAC0_S 0 1 15000 22781.5 7553.3 -4.25787e+06 1.13909e+06 1.54656e+06 433.739 -21.0832 -15.7361
1010000 FRAC0_S 0 1 15000 23060.4 7686.65 -5.8173e+06 1.50247e+07 1.35319e+07 44469.9 -47.8197 -25.592
1010000 FRAC0_S 0 1 15000 23284.3 7899.61 1.41635e+07 1.59834e+07 -1.00337e+07 54030.6 -44.6138 17.42
Step FractureNumber TipNr TipActive TipX TipY TipZ KI KII KIII G Phi Psi Extension
1010101 FRAC0_S 0 1 15046 23483.4 8150.86 2.36564e+06 -1.92575e+06 1.56465e+06 1154.75 38.4689 -18.4846
1010101 FRAC0_S 0 1 15087.9 23533.4 8473 3.29012e+06 -127463 475590 996.136 4.50857 -9.03602
1010101 FRAC0_S 0 1 15066.2 23498.8 8801.46 6.48146e+06 -1.06603e+06 556910 3885.97 17.204 -5.2041
1010101 FRAC0_S 0 1 15038 23375 9105.32 6.73502e+06 -3.11544e+06 -1.34311e+06 5146.9 33.5429 8.88404
1010101 FRAC0_S 0 1 15049.2 23148.6 9345.01 1.03722e+07 -2.4561e+06 -4.78495e+06 13169.4 18.1613 18.7545
1010101 FRAC0_S 0 1 15055 22853.3 9507.26 1.211e+07 246240 -5.6099e+06 17259.2 -1.90566 21.1379
1010101 FRAC0_S 0 1 15029.3 22525.6 9577.83 1.09955e+07 2.10107e+06 -6.64186e+06 17034 -14.1093 22.51
1010101 FRAC0_S 0 1 15020.5 22206.7 9538.25 6.34979e+06 2.25559e+06 -5.99302e+06 8823.13 -19.9602 26.4595
1010101 FRAC0_S 0 1 15014.7 21895 9381.06 7.79649e+06 4.49973e+06 -5.54847e+06 11315.3 -30.8516 21.0622
1010101 FRAC0_S 0 1 14966 21658.1 9145.62 1.21618e+07 -8.47103e+06 817648 19663.5 44.3707 -2.92525
1010101 FRAC0_S 0 1 14925.2 21509.5 8851.82 1.12249e+07 7.86553e+06 5.65659e+06 20996.3 -37.4257 -16.1048
1010101 FRAC0_S 0 1 14916.9 21459.1 8526.98 5.15202e+06 -207789 -1.49801e+06 2667.58 4.17768 15.4636
1010101 FRAC0_S 0 1 14951.4 21498.3 8199.67 2.49397e+06 2.77781e+06 -1.30825e+06 1469.48 -46.6269 14.2036
1010101 FRAC0_S 0 1 14987.1 21633.6 7903.76 -902199 4.79857e+06 -350380 2068.2 -67.0006 4.4058
1010101 FRAC0_S 0 1 14955.6 21862.3 7667.08 -830622 4.60117e+06 -238264 1894.08 -67.5124 3.2194
1010101 FRAC0_S 0 1 14933.8 22150.6 7500.95 -4.32082e+06 -8.3781e+06 -6.38934e+06 11684.4 47.9627 22.4113
1010101 FRAC0_S 0 1 14948.9 22474.3 7429.46 -3.15748e+06 4.8554e+06 917317 2212.68 -55.4257 -7.66402
1010101 FRAC0_S 0 1 14950.1 22803.9 7473.65 -3.2392e+06 3.72459e+06 1.5378e+06 1550.7 -47.8992 -13.0292
1010101 FRAC0_S 0 1 14936.4 23100.2 7625.83 -5.95012e+06 -9.41609e+06 -9.0042e+06 18683.8 43.6424 24.314
1010101 FRAC0_S 0 1 14967 23335.4 7859.46 -1.7712e+06 -347608 3.06109e+06 1257.01 9.07977 -34.57