
Step FractureNumber TipNr TipActive TipX TipY TipZ KI KII KIII G Phi Psi Extension
1010000 FRAC0_S 0 1 -44335.5 63.5472 7772 2.03466e+06 567467 245359 405.602 -25.1201 -6.47602
1010000 FRAC0_S 0 1 -44509.2 308.867 7700.42 3.23378e+06 511546 -598303 1002.78 -15.5169 10.1178
1010000 FRAC0_S 0 1 -44731.1 523.953 7707.11 3.2389e+06 834821 -476349 1027.09 -23.33 7.80418
1010000 FRAC0_S 0 1 -44979.2 687.75 7791.42 2.47844e+06 689780 284377 600.527 -25.176 -6.20068
1010000 FRAC0_S 0 1 -45229.4 784.226 7945.08 3.1742e+06 1.2644e+06 39716 1040.5 -33.9473 -0.68915
1010000 FRAC0_S 0 1 -45457 803.937 8153.07 2.99305e+06 1.10764e+06 348540 923.762 -30.5148 -5.90778
1010000 FRAC0_S 0 1 -45640 744.952 8395.01 3.27622e+06 1.00474e+06 690392 1109.82 -25.4355 -10.1958
1010000 FRAC0_S 0 1 -45760.3 613.046 8647.23 2.25849e+06 466570 696103 538.373 -17.7909 -14.5045
1010000 FRAC0_S 0 1 -45806.2 421.131 8885.04 2.93201e+06 140500 982943 896.31 -4.76626 -16.9667
1010000 FRAC0_S 0 1 -45773.2 187.993 9085.16 2.32919e+06 -370066 823275 585.782 13.9354 -16.4273
1010000 FRAC0_S 0 1 -45664.5 -63.5472 9228 2.61465e+06 -616106 676979 703.97 20.3328 -12.5224
1010000 FRAC0_S 0 1 -45490.8 -308.867 9299.58 4.1356e+06 -1.39963e+06 1.27863e+06 1916.07 25.8038 -13.4748
1010000 FRAC0_S 0 1 -45268.9 -523.953 9292.89 2.62645e+06 -1.26655e+06 285344 768.476 36.0054 -5.17281
1010000 FRAC0_S 0 1 -45020.8 -687.75 9208.58 2.51733e+06 -1.07395e+06 -243525 675.348 33.7175 4.82022
1010000 FRAC0_S 0 1 -44770.6 -784.226 9054.92 3.38511e+06 -1.39571e+06 -364171 1212.34 32.8272 5.35564
1010000 FRAC0_S 0 1 -44543 -803.937 8846.93 3.41437e+06 -1.04449e+06 -554772 1176.98 26.1281 8.22688
1010000 FRAC0_S 0 1 -44360 -744.952 8604.99 2.55742e+06 -527891 -510789 642.347 19.0429 10.4133
1010000 FRAC0_S 0 1 -44239.7 -613.046 8352.77 3.31293e+06 -597417 -601733 1057.99 17.3094 9.81522
1010000 FRAC0_S 0 1 -44194 -429.322 8123.4 3.31967e+06 -227169 -647085 1042.3 7.37788 11.2491
1010000 FRAC0_S 0 1 -44226.8 -187.993 7914.84 3.33774e+06 -11622.8 -654455 1049.71 0.40582 11.868
Step FractureNumber TipNr TipActive TipX TipY TipZ KI KII KIII G Phi Psi Extension
1010101 FRAC0_S 0 1 -44289.5 53.2211 7688.3 3.3749e+06 -648030 -726667 1122.61 17.7983 11.1612
1010101 FRAC0_S 0 1 -44483.4 318.002 7606.74 2.54393e+06 -510902 -615896 650.393 18.1295 12.1583
1010101 FRAC0_S 0 1 -44727.5 550.163 7613.09 3.83011e+06 -297536 -662606 1373.5 8.42574 10.1579
1010101 FRAC0_S 0 1 -45002.8 721.847 7702.81 3.88998e+06 -215668 -364638 1370.24 6.59133 6.14283
1010101 FRAC0_S 0 1 -45278 820.855 7868.39 2.78226e+06 -215807 -17542.8 693.989 9.66037 0.452636
1010101 FRAC0_S 0 1 -45525.3 843.576 8094.96 3.93272e+06 -360878 364927 1407.52 10.4252 -5.90765
1010101 FRAC0_S 0 1 -45721.7 787.177 8362.05 4.05907e+06 -309380 782657 1558.18 8.15601 -11.0895
1010101 FRAC0_S 0 1 -45848.1 654.029 8645.43 3.78666e+06 -251751 1.04705e+06 1429.18 6.75902 -14.6606
1010101 FRAC0_S 0 1 -45887.5 458.438 8919.06 3.98944e+06 -23426.3 1.22e+06 1616.25 0.625344 -16.3913
1010101 FRAC0_S 0 1 -45836.5 217.112 9151.68 3.98836e+06 145851 1.13446e+06 1590.54 -3.82193 -15.2651
1010101 FRAC0_S 0 1 -45706.4 -49.1942 9314.95 4.12872e+06 281637 1.15146e+06 1702.41 -6.90975 -14.7339
1010101 FRAC0_S 0 1 -45508.3 -309.114 9395.61 4.03941e+06 245110 731678 1530.55 -6.67377 -10.6752
1010101 FRAC0_S 0 1 -45260.3 -535.663 9389.76 4.04971e+06 458029 407317 1502.18 -12.4386 -6.23732
1010101 FRAC0_S 0 1 -44990 -711.784 9298.79 4.55072e+06 531545 246291 1878.63 -13.269 -3.53474
1010101 FRAC0_S 0 1 -44721 -820.318 9131.34 4.57791e+06 221370 -132325 1874.2 -6.14327 2.06914
1010101 FRAC0_S 0 1 -44476.8 -849.733 8902.26 4.15645e+06 255660 -567420 1588.12 -7.00339 8.45965
1010101 FRAC0_S 0 1 -44280.5 -793.614 8634.4 3.26469e+06 138348 -388778 971.558 -5.01486 7.65049
1010101 FRAC0_S 0 1 -44152.2 -655.919 8353.64 4.47159e+06 643391 -975367 1945.18 -14.0085 11.6453
1010101 FRAC0_S 0 1 -44107.3 -453.743 8085.36 3.74051e+06 240611 -776866 1332.2 -6.90079 11.8558
1010101 FRAC0_S 0 1 -44156.3 -210.694 7854.8 3.88096e+06 -320260 -730402 1422.26 8.79641 10.8284