
Step FractureNumber TipNr TipActive TipX TipY TipZ KI KII KIII G Phi Psi Extension
1010000 FRAC0_S 0 1 -45000 -29019.2 8617.02 1.24752e+06 26587.2 54152.1 139.135 -2.77427 -3.12515
1010000 FRAC0_S 0 1 -45000 -29103.5 8914.36 913023 11292.6 38896.9 74.4957 -1.63172 -3.09601
1010000 FRAC0_S 0 1 -45000 -29275.4 9171.13 1.21753e+06 -3015.04 50333.5 132.434 0.331742 -3.03744
1010000 FRAC0_S 0 1 -45000 -29518.2 9362.22 1.4078e+06 -53922.8 66984.2 177.464 4.85118 -3.3544
1010000 FRAC0_S 0 1 -45000 -29808.3 9468.89 1.15064e+06 -176352 -123566 122.782 15.9859 6.40495
1010000 FRAC0_S 0 1 -45000 -30117.1 9480.74 1.04977e+06 -44270.3 25469.7 98.4612 5.42676 -1.75748
1010000 FRAC0_S 0 1 -45000 -30414.4 9396.57 1.49351e+06 -134568 56278.2 200.802 10.7382 -2.56931
1010000 FRAC0_S 0 1 -45000 -30671.2 9224.65 1.20205e+06 173343 -359643 148.636 -13.2884 14.7502
1010000 FRAC0_S 0 1 -45000 -30862.2 8981.79 1.28901e+06 -76969.4 -11902 148.607 7.60207 0.671293
1010000 FRAC0_S 0 1 -45000 -30968.9 8691.77 1.3179e+06 -74616.8 -26105.7 155.359 7.17005 1.42419
1010000 FRAC0_S 0 1 -45000 -30980.8 8382.98 1.26582e+06 -58982.8 -43029.2 143.338 5.90682 2.42106
1010000 FRAC0_S 0 1 -45000 -30896.5 8085.64 1.31443e+06 -40035.9 -57767.3 154.545 3.91265 3.13536
1010000 FRAC0_S 0 1 -45000 -30724.6 7828.87 976065 -8789.35 -51994.8 85.2619 1.18175 3.82847
1010000 FRAC0_S 0 1 -45000 -30481.8 7637.78 1.30197e+06 23529.8 -70775.3 151.768 -2.33938 3.86893
1010000 FRAC0_S 0 1 -45000 -30191.7 7531.11 1.09302e+06 328669 232456 123.272 -25.0536 -10.3096
1010000 FRAC0_S 0 1 -45000 -29882.9 7519.26 1.27754e+06 87776.6 -43751.6 146.377 -8.44956 2.39009
1010000 FRAC0_S 0 1 -45000 -29585.6 7603.43 1.36522e+06 87547.6 -14648.9 166.797 -8.10338 0.775369
1010000 FRAC0_S 0 1 -45000 -29328.8 7775.35 1.18877e+06 91627.2 15774.9 126.709 -9.54689 -0.944399
1010000 FRAC0_S 0 1 -45000 -29137.8 8018.21 1.35905e+06 114723 56720.5 166.187 -10.1008 -2.84539
1010000 FRAC0_S 0 1 -45000 -29031.1 8308.23 1.12295e+06 243553 -14910.9 117.686 -22.507 0.838077
Step FractureNumber TipNr TipActive TipX TipY TipZ KI KII KIII G Phi Psi Extension
1010101 FRAC0_S 0 1 -45012.7 -28924.3 8628.94 1.66623e+06 -48457.7 -6258.44 247.611 3.88657 0.283221
1010101 FRAC0_S 0 1 -45002.4 -29014.9 8955.27 1.23236e+06 79969.7 59180.8 136.368 -7.92511 -3.30427
1010101 FRAC0_S 0 1 -44998.3 -29203.8 9237.33 1.71542e+06 117694 87681.3 264.478 -8.31548 -3.49181
1010101 FRAC0_S 0 1 -44988.7 -29470.9 9446.27 1.67801e+06 237071 74956.9 256.663 -15.6847 -2.89114
1010101 FRAC0_S 0 1 -44981.8 -29789.7 9562.5 1.27763e+06 231160 94567.2 151.409 -18.7291 -4.48569
1010101 FRAC0_S 0 1 -44983.7 -30128.6 9576.03 1.5945e+06 262270 295122 244.269 -16.0232 -10.0766
1010101 FRAC0_S 0 1 -44994.1 -30454.5 9483.72 1.7881e+06 10637.1 176845 289.08 -0.751771 -6.71776
1010101 FRAC0_S 0 1 -45003.6 -30736.1 9294.73 1.84295e+06 -280342 92516.9 310.802 16.5921 -3.19921
1010101 FRAC0_S 0 1 -44996 -30946.3 9028.63 1.53128e+06 -182631 78647.2 212.741 13.537 -3.35867
1010101 FRAC0_S 0 1 -44987.8 -31063.8 8710.54 1.74329e+06 12805 4911.28 270.828 -1.0143 -0.217278
1010101 FRAC0_S 0 1 -44990 -31077.1 8371.44 1.74272e+06 -23232.4 -37668.8 270.872 1.79172 1.61464
1010101 FRAC0_S 0 1 -44993.5 -30984.9 8044.78 1.72937e+06 -54837.3 -73418.2 267.489 4.07181 3.03121
1010101 FRAC0_S 0 1 -44998.3 -30796.2 7762.62 1.83768e+06 -63561.3 -114082 303.022 4.34582 4.30963
1010101 FRAC0_S 0 1 -45012.1 -30528.9 7554.97 1.85915e+06 -295780 -76765.7 316.583 17.3254 2.64399
1010101 FRAC0_S 0 1 -45025.8 -30209.8 7440.31 1.63592e+06 -436392 -126217 257.569 25.031 4.36919
1010101 FRAC0_S 0 1 -45021.5 -29871.1 7425.47 1.84591e+06 -311063 -202666 317.719 17.2392 6.45586
1010101 FRAC0_S 0 1 -45014.9 -29545.2 7515.86 1.62276e+06 -114641 -96473.5 237.067 8.4783 4.01197
1010101 FRAC0_S 0 1 -45016.2 -29263.5 7704.71 1.63789e+06 -103465 -57671.3 240.451 7.82011 2.46653
1010101 FRAC0_S 0 1 -45022.5 -29055.4 7971.64 1.69512e+06 -208734 21349 259.996 14.3562 -0.860901
1010101 FRAC0_S 0 1 -45024.7 -28939.5 8290.22 1.64587e+06 -220953 -243.099 245.738 15.5876 0.0101553