
Step FractureNumber TipNr TipActive TipX TipY TipZ KI KII KIII G Phi Psi Extension
1010000 FRAC0_S 0 1 -21600.7 15408.5 8500 -414002 2.70339e+06 870719 752.079 -62.7359 -15.4566
1010000 FRAC0_S 0 1 -21771 15666.3 8500 -1.33485e+07 3.38586e+06 830080 1113.2 -24.3864 -3.61252
1010000 FRAC0_S 0 1 -22012.5 15859 8500 -617003 1.62635e+06 2.02264e+06 779.812 -43.1992 -29.5638
1010000 FRAC0_S 0 1 -22301.8 15967.6 8500 -456369 608638 2.21185e+06 683.685 -23.5884 -37.6141
1010000 FRAC0_S 0 1 -22610.5 15981.5 8500 -423357 -534954 2.23863e+06 692.027 21.4666 -38.4377
1010000 FRAC0_S 0 1 -22908.5 15899.3 8500 -412687 -1.47294e+06 1.99873e+06 724.653 43.0224 -31.3981
1010000 FRAC0_S 0 1 -23166.3 15729 8500 -335037 -1.83e+06 1.25754e+06 508.748 54.8438 -24.2041
1010000 FRAC0_S 0 1 -23359 15487.5 8500 -217700 -3.2067e+06 1.17768e+06 1100.77 63.5646 -17.7993
1010000 FRAC0_S 0 1 -23467.6 15198.2 8500 -365793 -3.55787e+06 388490 1148.07 67.8582 -6.75931
1010000 FRAC0_S 0 1 -23481.5 14889.5 8500 -395008 -3.26638e+06 -296210 962.405 67.8647 5.65312
1010000 FRAC0_S 0 1 -23399.3 14591.5 8500 1.11756e+07 -1.81515e+06 -1.72089e+06 11816.8 16.2078 8.67248
1010000 FRAC0_S 0 1 -23229 14333.7 8500 7.66996e+06 -957734 -2.20375e+06 5969.85 11.8317 14.5037
1010000 FRAC0_S 0 1 -22987.5 14141 8500 -466085 -1.70537e+06 -2.02407e+06 804.038 45.3409 29.9494
1010000 FRAC0_S 0 1 -22698.2 14032.4 8500 1.26318e+07 1.51042e+06 -1.97764e+06 14942.2 -12.5033 9.0726
1010000 FRAC0_S 0 1 -22389.5 14018.5 8500 -582881 273214 -2.38585e+06 763.725 -11.3013 39.53
1010000 FRAC0_S 0 1 -22091.5 14100.7 8500 -1.57996e+06 834076 -1.97249e+06 579.458 -24.0894 28.4016
1010000 FRAC0_S 0 1 -21833.7 14271 8500 -297433 1.51332e+06 -1.18287e+06 390.166 -52.8839 25.6679
1010000 FRAC0_S 0 1 -21641 14512.5 8500 -372033 2.36022e+06 -943336 614.753 -61.0352 17.845
1010000 FRAC0_S 0 1 -21532.4 14801.8 8500 -1.7618e+07 2.60783e+06 -2.18447e+06 1240.68 -15.3435 7.28958
1010000 FRAC0_S 0 1 -21518.5 15110.5 8500 -301349 3.21439e+06 345808 936.618 -68.034 -6.72038
Step FractureNumber TipNr TipActive TipX TipY TipZ KI KII KIII G Phi Psi Extension
1010101 FRAC0_S 0 1 -21553.8 15434.3 8422.04 3.31815e+06 -473413 125604 1003.18 15.8974 -2.46714
1010101 FRAC0_S 0 1 -21717.9 15717.7 8440.02 2.13811e+06 1.13567e+06 -407509 544.381 -36.5277 8.23003
1010101 FRAC0_S 0 1 -21973.1 15928.5 8445.45 1.92458e+06 640033 3.39279e+06 1897.53 -14.2329 -33.7185
1010101 FRAC0_S 0 1 -22286.3 16051.5 8472.03 594431 522585 2.19804e+06 698.396 -20.33 -37.2099
1010101 FRAC0_S 0 1 -22618.8 16066.8 8525.35 3.68014e+06 -6.73128e+06 6.08638e+06 10171.3 45.4684 -24.2844
1010101 FRAC0_S 0 1 -22935.9 15966.3 8563.7 2.99685e+06 -3.933e+06 1.96272e+06 2691.05 48.2263 -15.6082
1010101 FRAC0_S 0 1 -23203 15772.4 8580.32 3.72088e+06 -2.63948e+06 444899 1880.86 43.7699 -4.95827
1010101 FRAC0_S 0 1 -23397.3 15510.9 8588.36 3.84423e+06 -1.99686e+06 -596225 1719.48 36.6923 6.94129
1010101 FRAC0_S 0 1 -23505.1 15206.3 8591.85 676658 -859075 -374591 125.227 48.802 14.026
1010101 FRAC0_S 0 1 -23531.3 14879.2 8576.45 1.30213e+06 -1.4647e+06 -513163 377.284 48.559 11.3956
1010101 FRAC0_S 0 1 -23470.4 14554.1 8542.24 1.60622e+06 -2.45076e+06 -1.73235e+06 1164.25 46.7211 20.3853
1010101 FRAC0_S 0 1 -23295.7 14275.4 8535.02 -1.13253e+07 -7.51359e+06 1.50763e+06 5332.93 42.1535 -5.59841
1010101 FRAC0_S 0 1 -23027.8 14070 8535.28 699935 -1.58412e+06 -1.78154e+06 689.399 43.9222 27.8429
1010101 FRAC0_S 0 1 -22713.9 13945 8502.06 292000 -64352.7 -2.42363e+06 789.205 3.20329 42.9195
1010101 FRAC0_S 0 1 -22379.4 13925.1 8474.58 310687 1.60082e+06 -2.37211e+06 985.336 -42.5431 33.0739
1010101 FRAC0_S 0 1 -22059.7 14023.7 8454.76 -1.82326e+07 6.17294e+06 -2.29466e+06 4095.87 -28.6257 6.45973
1010101 FRAC0_S 0 1 -21793.4 14222 8428.05 2.13202e+06 3.27105e+06 -810125 1445.79 -54.3037 9.60922
1010101 FRAC0_S 0 1 -21586.2 14484.7 8429.7 2.78622e+06 2.30751e+06 312282 1179.21 -47.0042 -4.39561
1010101 FRAC0_S 0 1 -21465.4 14787.3 8441.71 1.91739e+06 2.15243e+06 246765 748.544 -52.4048 -4.35117
1010101 FRAC0_S 0 1 -21465.9 15112.6 8424.79 2.46243e+06 4.73243e+06 1.54716e+06 2854.38 -55.2744 -12.7708