
Step FractureNumber TipNr TipActive TipX TipY TipZ KI KII KIII G Phi Psi Extension
1010000 FRAC0_S 0 1 -43.2215 -6780.99 7824.21 1.09666e+07 8.63009e+06 -4689.59 17353.7 -48.07 0.0186595
1010000 FRAC0_S 0 1 -289.953 -6703.32 7993.28 5.08197e+06 3.31806e+06 2.36575e+06 4026.82 -36.4993 -15.5468
1010000 FRAC0_S 0 1 -508.302 -6703.64 8211.94 3.33374e+06 1.65923e+06 2.02118e+06 1779 -29.2005 -19.7361
1010000 FRAC0_S 0 1 -676.894 -6781.91 8458.81 894758 566060 1.03291e+06 241.791 -28.1723 -26.6462
1010000 FRAC0_S 0 1 -779.228 -6930.48 8709.7 -1.39093e+06 535821 -21460.3 25.6451 -33.2095 0.855195
1010000 FRAC0_S 0 1 -805.285 -7134.79 8940.07 -3.55832e+06 1.5632e+06 -760598 294.69 -32.2618 9.53416
1010000 FRAC0_S 0 1 -752.515 -7374.85 9127.37 -5.45492e+06 3.15324e+06 -748350 960.496 -39.2311 6.02747
1010000 FRAC0_S 0 1 -626.084 -7627.16 9253.25 -6.34235e+06 3.85007e+06 -251878 1329.32 -42.096 1.86188
1010000 FRAC0_S 0 1 -438.367 -7867.02 9305.4 -6.83874e+06 4.42444e+06 737890 1816.8 -42.0996 -4.6711
1010000 FRAC0_S 0 1 -207.74 -8070.96 9278.71 -9.66825e+06 5.71814e+06 284368 2924.39 -41.7647 -1.40455
1010000 FRAC0_S 0 1 43.2215 -8219.01 9175.79 -8.84777e+06 3.65091e+06 881864 1291.19 -32.9879 -4.99736
1010000 FRAC0_S 0 1 289.953 -8296.68 9006.72 -1.73555e+06 2.98002e+06 4.24932e+06 3192.89 -38.8027 -29.5575
1010000 FRAC0_S 0 1 508.302 -8296.36 8788.06 -9.09296e+06 2.38439e+06 -1.56612e+06 832.834 -23.2533 8.88966
1010000 FRAC0_S 0 1 676.894 -8218.09 8541.19 -1.02665e+06 2.44423e+06 2.29237e+06 1231.28 -46.7843 -25.804
1010000 FRAC0_S 0 1 779.228 -8069.52 8290.3 2.70266e+06 -1.50903e+06 -2.44239e+06 1647.19 28.1494 24.184
1010000 FRAC0_S 0 1 805.285 -7865.21 8059.93 -3.13586e+06 6.47965e+06 -7.05105e+06 10353.8 -43.8488 27.0926
1010000 FRAC0_S 0 1 752.515 -7625.15 7872.63 6.96758e+06 3.58318e+06 -3.27322e+06 6895.09 -31.5851 16.6186
1010000 FRAC0_S 0 1 626.084 -7372.84 7746.75 6.74505e+06 5.00506e+06 -1.81129e+06 6722.73 -42.1346 9.82915
1010000 FRAC0_S 0 1 438.367 -7132.98 7694.6 8.67776e+06 8.06023e+06 -1.63883e+06 12856.7 -47.9388 6.69355
1010000 FRAC0_S 0 1 207.74 -6929.04 7721.29 9.18903e+06 7.73629e+06 1.1817e+06 13043.3 -47.0373 -4.94987
Step FractureNumber TipNr TipActive TipX TipY TipZ KI KII KIII G Phi Psi Extension
1010101 FRAC0_S 0 1 -87.6242 -6771.23 7736.99 1.11246e+07 -1.21288e+06 1.61128e+06 11504.4 11.6441 -8.56975
1010101 FRAC0_S 0 1 -348.665 -6676.1 7919.92 8.34971e+06 -333047 2.31607e+06 6935.86 4.17505 -14.9615
1010101 FRAC0_S 0 1 -581.25 -6665.7 8158.51 5.14548e+06 -156623 2.44715e+06 3157.94 2.801 -21.3408
1010101 FRAC0_S 0 1 -763.41 -6748.79 8426.48 1.68652e+06 -113381 1.49378e+06 551.378 4.73637 -28.5876
1010101 FRAC0_S 0 1 -874.902 -6912.85 8696.76 -1.04559e+06 1.01612e+06 164959 95.6248 -49.3105 -5.59739
1010101 FRAC0_S 0 1 -903.457 -7137.08 8943.21 -3.36272e+06 3.53625e+06 -1.09051e+06 1272.49 -48.2524 10.0317
1010101 FRAC0_S 0 1 -846.657 -7400.15 9139.9 -2.28619e+06 5.16197e+06 -1.36444e+06 2622.02 -57.9877 11.2855
1010101 FRAC0_S 0 1 -710.747 -7674.53 9270.81 -1.01486e+06 7.66631e+06 -1.16867e+06 5418.86 -66.56 8.79006
1010101 FRAC0_S 0 1 -509.158 -7932.62 9325.85 -2.03837e+06 7.5217e+06 708785 5108.3 -64.9902 -5.22656
1010101 FRAC0_S 0 1 -259.663 -8151.44 9300.82 -2.53834e+06 6.83124e+06 1.94593e+06 4662.02 -59.0066 -12.4377
1010101 FRAC0_S 0 1 12.4785 -8310.41 9194.8 -3.44766e+06 4.90772e+06 2.56334e+06 3020.18 -48.7847 -16.4929
1010101 FRAC0_S 0 1 282.484 -8393.53 9016.11 -4.59544e+06 -67868.7 2.11447e+06 595.053 1.39486 -21.122
1010101 FRAC0_S 0 1 518.435 -8392.52 8781.2 -2.39594e+06 1.18671e+06 1.20077e+06 317.256 -30.4239 -17.5006
1010101 FRAC0_S 0 1 709.643 -8294.14 8524.71 -1.8787e+06 -1.00332e+07 -5.98258e+06 13730.5 56.4902 22.3889
1010101 FRAC0_S 0 1 833.541 -8120.96 8266.72 3.1824e+06 -1.1506e+06 -2.55537e+06 1888.92 21.4318 24.3942
1010101 FRAC0_S 0 1 847.552 -7914.7 8004.9 7.81537e+06 -224533 -4.75164e+06 8450.22 2.43588 24.4209
1010101 FRAC0_S 0 1 776.616 -7669.63 7788.6 9.06208e+06 -4.63678e+06 -1.3529e+06 9477.11 36.4849 6.74428
1010101 FRAC0_S 0 1 635.605 -7402.19 7653.65 1.37814e+07 -1.06221e+06 -1.99991e+06 17556.9 8.55045 8.79608
1010101 FRAC0_S 0 1 426.892 -7149.97 7598.04 1.202e+07 -385656 -468172 12917.1 4.1311 2.79292
1010101 FRAC0_S 0 1 179.031 -6933.54 7626.77 1.38332e+07 -6.23755e+06 -920166 20631.4 35.4206 3.35583