
Step FractureNumber TipNr TipActive TipX TipY TipZ KI KII KIII G Phi Psi Extension
1010000 FRAC0_S 0 1 44208.4 590.716 8500 -901939 -2.47781e+06 1.19585e+06 737.294 55.2862 -18.1315
1010000 FRAC0_S 0 1 44064.6 317.195 8500 -1.07785e+06 -3.29107e+06 1.1035e+06 1127.12 58.8778 -14.3867
1010000 FRAC0_S 0 1 44012.4 12.6255 8500 -1.07283e+06 -3.67501e+06 339676 1218.84 64.6041 -5.06069
1010000 FRAC0_S 0 1 44056.8 -293.18 8500 -848329 -2.81626e+06 -355765 723.596 63.721 6.64387
1010000 FRAC0_S 0 1 44193.6 -570.287 8500 -1.07784e+06 -3.33742e+06 -1.23729e+06 1196.15 58.2575 15.4923
1010000 FRAC0_S 0 1 44409.3 -791.57 8500 -1.00713e+06 -2.34068e+06 -1.74405e+06 892.764 49.5645 22.8449
1010000 FRAC0_S 0 1 44682.8 -935.369 8500 -736329 -1.02792e+06 -1.59273e+06 431.547 36.3053 29.5788
1010000 FRAC0_S 0 1 44987.4 -987.607 8500 -853502 -314320 -2.16393e+06 631.591 12.5847 36.7395
1010000 FRAC0_S 0 1 45293.2 -943.172 8500 -651536 543644 -1.6886e+06 405.569 -23.9047 34.3583
1010000 FRAC0_S 0 1 45570.3 -806.413 8500 -646307 1.2575e+06 -996942 273.099 -47.5362 22.9094
1010000 FRAC0_S 0 1 45791.6 -590.716 8500 -640875 2.2296e+06 -845684 538.094 -58.7985 16.0414
1010000 FRAC0_S 0 1 45935.4 -317.195 8500 -532759 1.56304e+06 -494586 250.238 -58.9896 13.6896
1010000 FRAC0_S 0 1 45987.6 -12.6255 8500 -647356 3.01256e+06 -209069 814.535 -66.5701 4.11853
1010000 FRAC0_S 0 1 45943.2 293.18 8500 -627715 2.9568e+06 317184 792.44 -65.8945 -6.12283
1010000 FRAC0_S 0 1 45806.4 570.287 8500 -541189 2.11474e+06 786759 480.837 -59.5849 -16.1019
1010000 FRAC0_S 0 1 45590.7 791.57 8500 -553213 1.65324e+06 1.1666e+06 424.562 -51.8024 -23.0296
1010000 FRAC0_S 0 1 45317.2 935.369 8500 -742008 1.34867e+06 1.89667e+06 640.533 -39.3449 -29.6357
1010000 FRAC0_S 0 1 45012.6 987.607 8500 -811941 519257 2.34251e+06 753.846 -18.3897 -36.3187
1010000 FRAC0_S 0 1 44706.8 943.172 8500 -696020 -421186 1.75822e+06 426.955 19.005 -35.3559
1010000 FRAC0_S 0 1 44429.7 806.413 8500 -981852 -1.64754e+06 2.1774e+06 872.443 39.7618 -28.5613
Step FractureNumber TipNr TipActive TipX TipY TipZ KI KII KIII G Phi Psi Extension
1010101 FRAC0_S 0 1 44162.3 627.586 8578.49 949455 -1.24704e+06 907307 328.392 44.9492 -19.9811
1010101 FRAC0_S 0 1 44018 334.147 8585.93 1.18524e+06 -1.36062e+06 120696 292.086 53.2104 -3.46289
1010101 FRAC0_S 0 1 43968.2 13.764 8588.99 1.46912e+06 -1.0352e+06 135416 290.261 44.1372 -3.91449
1010101 FRAC0_S 0 1 44014.2 -307.208 8588.67 1.02913e+06 -977844 -393013 200.125 45.4209 11.8881
1010101 FRAC0_S 0 1 44151.8 -601.756 8583.96 1.10768e+06 -1.07534e+06 -504862 246.276 44.8059 13.4865
1010101 FRAC0_S 0 1 44329.6 -809.34 8576.27 351491 -714628 -816787 145.247 43.0516 27.6259
1010101 FRAC0_S 0 1 44659.9 -1010.92 8554.08 307640 -879165 -1.29955e+06 301.923 40.7514 31.7533
1010101 FRAC0_S 0 1 44987 -1077.31 8515.57 -101753 -273861 -1.40075e+06 267.642 19.92 40.9871
1010101 FRAC0_S 0 1 45316.1 -1025 8466.74 17756.5 696508 -845205 138.269 -48.5648 32.581
1010101 FRAC0_S 0 1 45607 -863.545 8431.6 219752 236566 -1.11468e+06 174.546 -19.4944 38.7303
1010101 FRAC0_S 0 1 45834.3 -624.124 8417.36 865982 835433 -557542 170.363 -42.2021 17.2412
1010101 FRAC0_S 0 1 45980.1 -333.341 8412.83 889019 636459 -219188 112.915 -41.7567 9.27853
1010101 FRAC0_S 0 1 46029.5 -13.985 8409.88 324959 296539 -105645 18.7302 -45.4521 10.6359
1010101 FRAC0_S 0 1 45982.9 306.423 8409.86 988938 647635 183800 129.018 -40.9478 -7.53911
1010101 FRAC0_S 0 1 45846 600.323 8414.41 902230 706657 325687 131.143 -41.799 -12.1961
1010101 FRAC0_S 0 1 45625.8 841.967 8423.3 917007 1.05753e+06 913584 285.597 -41.8777 -21.3713
1010101 FRAC0_S 0 1 45339.2 1008.1 8440.77 725718 1.08797e+06 1.30897e+06 380.29 -40.2803 -26.8977
1010101 FRAC0_S 0 1 45012.5 1075.93 8476.52 -63096.3 354468 1.33946e+06 249.82 -25.395 -40.2843
1010101 FRAC0_S 0 1 44682 1027.73 8524.38 -60142.8 -474488 1.72333e+06 415.053 26.3285 -40.3086
1010101 FRAC0_S 0 1 44389.1 868.881 8560.67 259344 -945300 1.41006e+06 350.061 41.4651 -32.4667