
Step FractureNumber TipNr TipActive TipX TipY TipZ KI KII KIII G Phi Psi Extension
1010000 FRAC0_S 0 1 15000 -29019.2 8617.02 2.8356e+06 -1.57269e+06 -3.16753e+06 2271.32 26.0464 26.8437
1010000 FRAC0_S 0 1 15000 -29103.5 8914.36 -8.11317e+06 1.42429e+07 8.20579e+06 27032.5 -50.0417 -18.5638
1010000 FRAC0_S 0 1 15000 -29275.4 9171.13 3.9766e+06 -1.76079e+06 -4.88287e+06 4856.45 21.2871 28.8862
1010000 FRAC0_S 0 1 15000 -29518.2 9362.22 4.95565e+06 -435854 -6.00919e+06 7008.02 5.24995 31.9448
1010000 FRAC0_S 0 1 15000 -29808.3 9468.89 4.21372e+06 1.2723e+06 -5.24585e+06 5386.45 -15.6137 30.2423
1010000 FRAC0_S 0 1 15000 -30117.1 9480.74 1.4509e+06 1.32384e+07 249008 15812.8 -69.0935 -1.29102
1010000 FRAC0_S 0 1 15000 -30414.4 9396.57 5.4455e+06 6.21299e+06 -4.16489e+06 8389.24 -44.1785 18.2442
1010000 FRAC0_S 0 1 15000 -30671.2 9224.65 4.65444e+06 6.40777e+06 -1.96169e+06 6101.09 -51.9356 10.9999
1010000 FRAC0_S 0 1 15000 -30862.2 8981.79 4.91442e+06 7.09585e+06 89367.9 6640 -58.0284 -0.574307
1010000 FRAC0_S 0 1 15000 -30968.9 8691.77 3.28084e+06 3.53244e+06 1.65872e+06 2437.03 -46.204 -14.0065
1010000 FRAC0_S 0 1 15000 -30980.8 8382.98 2.20007e+06 416581 2.10884e+06 1038.26 -11.7979 -28.2368
1010000 FRAC0_S 0 1 15000 -30896.5 8085.64 1.07417e+06 -2.63096e+06 1.4638e+06 1004.61 53.1239 -19.4425
1010000 FRAC0_S 0 1 15000 -30724.6 7828.87 -107982 -3.67152e+06 -440544 1227.02 68.8173 7.78302
1010000 FRAC0_S 0 1 15000 -30481.8 7637.78 -156050 -5.23427e+06 -1.84916e+06 2896.18 64.6297 17.7703
1010000 FRAC0_S 0 1 15000 -30191.7 7531.11 8.84482e+06 1.10237e+07 6.84739e+06 24035.9 -45.8495 -17.8239
1010000 FRAC0_S 0 1 15000 -29882.9 7519.26 139989 -2.75558e+06 -3.86149e+06 2661.55 45.4516 33.7978
1010000 FRAC0_S 0 1 15000 -29585.6 7603.43 -6.23381e+06 9.26196e+06 -1.05528e+07 22455.2 -40.9293 26.1833
1010000 FRAC0_S 0 1 15000 -29328.8 7775.35 1.84025e+06 1.40571e+07 6.35092e+06 23274.5 -60.5115 -19.5766
1010000 FRAC0_S 0 1 15000 -29137.8 8018.21 1.79154e+06 -386840 -3.70799e+06 2127.99 8.8982 36.0397
1010000 FRAC0_S 0 1 15000 -29031.1 8308.23 -1.00895e+06 7.48382e+06 3.14852e+06 6309.28 -61.072 -18.6821
Step FractureNumber TipNr TipActive TipX TipY TipZ KI KII KIII G Phi Psi Extension
1010101 FRAC0_S 0 1 14980.9 -28948.2 8626.73 2.65549e+06 -4.06956e+06 -4.24072e+06 4495.98 42.3153 25.2291
1010101 FRAC0_S 0 1 14981.7 -29034.9 8946.32 2.85e+06 -3.40674e+06 -4.05574e+06 3945.72 38.6099 25.572
1010101 FRAC0_S 0 1 15001.3 -29214.5 9231.26 3.04751e+06 -1.80533e+06 -5.55672e+06 5224.69 22.1747 32.2337
1010101 FRAC0_S 0 1 15006.9 -29472.1 9445.12 8.23717e+06 1.42368e+07 -1.5491e+07 56024 -42.6561 26.3324
1010101 FRAC0_S 0 1 14965.4 -29787.8 9546.72 4.83201e+06 7.26475e+06 -1.87865e+06 7252.9 -53.8602 9.88887
1010101 FRAC0_S 0 1 14929.1 -30122 9538.34 7.47576e+06 -2.04829e+06 -6.63949e+06 11217 16.6171 26.4719
1010101 FRAC0_S 0 1 14922.1 -30441 9449.29 9.16053e+06 -255503 -6.04129e+06 12337.6 2.29502 25.4444
1010101 FRAC0_S 0 1 14922 -30711.2 9270 8.47151e+06 -1.259e+06 -5.45159e+06 10489.1 11.1283 23.7533
1010101 FRAC0_S 0 1 14919.9 -30912.8 9009.37 1.04481e+07 571545 -1.3401e+06 9995.41 -6.32426 8.06921
1010101 FRAC0_S 0 1 14937.6 -31038.7 8702.05 6.9064e+06 1.71715e+06 1.10274e+06 4674.88 -22.5348 -8.41922
1010101 FRAC0_S 0 1 14991.8 -31059.9 8374.25 3.35415e+06 1.00157e+06 1.63873e+06 1449.07 -21.4374 -18.857
1010101 FRAC0_S 0 1 15052.6 -30971 8092.42 2.74931e+06 4.42838e+06 4.38824e+06 4982.18 -43.3416 -24.8436
1010101 FRAC0_S 0 1 15089.2 -30756.7 7800.94 -896527 4.19423e+06 756987 1643.8 -64.4032 -9.54406
1010101 FRAC0_S 0 1 15050.6 -30502.2 7595.86 3.9505e+06 -2.51376e+06 -1.12888e+06 2123.27 38.676 10.8669
1010101 FRAC0_S 0 1 15004.6 -30201.6 7470.17 572704 -3.66529e+06 -3.44365e+06 2803.57 50.8639 28.3351
1010101 FRAC0_S 0 1 15001.4 -29874.2 7450.21 97549.2 -2.61884e+06 -4.23937e+06 3002.31 42.7873 35.2809
1010101 FRAC0_S 0 1 14963.3 -29559.3 7542.69 1.98315e+06 4.02133e+06 -5.95064e+06 6501.01 -39.1716 30.6485
1010101 FRAC0_S 0 1 14943.9 -29282.6 7728.1 2.06368e+06 2.08715e+06 -2.81035e+06 1818.12 -35.6831 26.1114
1010101 FRAC0_S 0 1 14964.1 -29074.4 7982.74 1.82152e+06 -517028 -2.23452e+06 983.562 14.9335 30.2339
1010101 FRAC0_S 0 1 14971.1 -28963.5 8294.15 1.7101e+06 -1.45802e+06 -2.21965e+06 1105.3 32.76 26.5334