
Step FractureNumber TipNr TipActive TipX TipY TipZ KI KII KIII G Phi Psi Extension
1010000 FRAC0_S 0 1 757.049 15634.3 8500 -2.30255e+07 388411 -443518 39.6056 -2.26072 1.43864
1010000 FRAC0_S 0 1 523.97 15837.2 8500 195054 -1.0831e+06 317750 121.355 62.7725 -14.2219
1010000 FRAC0_S 0 1 239.601 15958.1 8500 -2.60871e+07 1.07286e+06 -99926.5 103.897 -5.40152 0.28548
1010000 FRAC0_S 0 1 -68.2213 15985.3 8500 -357187 -1.23967e+06 -320461 150.601 61.2558 12.1151
1010000 FRAC0_S 0 1 -369.366 15916 8500 1.75143e+07 -2.15978e+06 -487315 27782 14.1941 1.86603
1010000 FRAC0_S 0 1 -634.354 15757 8500 -2.40423e+06 -784696 -237525 62.3728 28.3904 5.24846
1010000 FRAC0_S 0 1 -837.248 15524 8500 -1.76992e+07 341023 -147135 13.2424 -2.60046 0.628855
1010000 FRAC0_S 0 1 -958.186 15239.6 8500 1.07502e+07 -587755 -1.22956e+06 10530 6.39439 7.31536
1010000 FRAC0_S 0 1 -985.33 14931.8 8500 -309736 329012 -930567 124.818 -26.2747 34.6487
1010000 FRAC0_S 0 1 -916.022 14630.7 8500 5.6151e+06 1.08116e+06 -693448 2977.7 -18.9845 7.0289
1010000 FRAC0_S 0 1 -757.049 14365.7 8500 2.68056e+07 2.06498e+06 -1.53734e+06 64723.5 -9.18449 3.8591
1010000 FRAC0_S 0 1 -523.97 14162.8 8500 -262911 726256 -122270 48.9892 -61.5926 8.18148
1010000 FRAC0_S 0 1 -239.601 14041.9 8500 -217614 799570 -29750.8 57.0869 -66.0922 2.18988
1010000 FRAC0_S 0 1 68.2213 14014.7 8500 -261208 886982 214726 76.2384 -61.464 -11.4697
1010000 FRAC0_S 0 1 369.366 14084 8500 -9.67112e+06 65376.4 297722 12.1698 -0.909178 -2.28526
1010000 FRAC0_S 0 1 634.354 14243 8500 -815792 920509 378701 94.5802 -47.6723 -12.9083
1010000 FRAC0_S 0 1 837.248 14476 8500 -1.28571e+07 -95528.9 20036 0.866589 1.02714 -0.12039
1010000 FRAC0_S 0 1 958.186 14760.4 8500 -195287 -51429.5 551465 40.6828 8.73007 -38.138
1010000 FRAC0_S 0 1 985.33 15068.2 8500 -356524 -288006 712426 74.8956 26.5609 -31.8551
1010000 FRAC0_S 0 1 916.022 15369.3 8500 -334784 -634503 662338 94.2211 43.8571 -26.2252
Step FractureNumber TipNr TipActive TipX TipY TipZ KI KII KIII G Phi Psi Extension
1010101 FRAC0_S 0 1 818.129 15682.9 8537.58 -1.35228e+06 376928 -691200 76.202 -20.1044 19.5834
1010101 FRAC0_S 0 1 561.29 15896.8 8541.12 719726 -1.88208e+06 637562 415.87 57.7109 -14.0734
1010101 FRAC0_S 0 1 256.914 16028.2 8539.44 1.91483e+07 3.09555e+06 1.45446e+06 33808.1 -17.0929 -4.66287
1010101 FRAC0_S 0 1 -72.9085 16056 8547.61 621023 514760 -198396 63.2142 -43.5953 10.8691
1010101 FRAC0_S 0 1 -402.45 15989.8 8546.06 1.1007e+06 -1.9015e+06 -747194 504.409 52.9968 14.2336
1010101 FRAC0_S 0 1 -692.84 15826.5 8528.77 238458 -1.27817e+06 -984056 279.441 53.2704 25.5839
1010101 FRAC0_S 0 1 -917.815 15573.3 8512.41 -43806.3 -783030 -1.11808e+06 220.901 45.0182 33.9343
1010101 FRAC0_S 0 1 -1049.92 15263.3 8493.36 -1925.79 1.76375e+06 3.44401e+06 1854.74 -39.374 -37.1423
1010101 FRAC0_S 0 1 -1076.08 14925.8 8472.51 -48327 426874 -1.00975e+06 151.844 -34.4608 37.7804
1010101 FRAC0_S 0 1 -1001.15 14595.5 8468.67 2.7683e+07 -8.75806e+06 -2.08379e+06 75701.8 28.2093 4.12243
1010101 FRAC0_S 0 1 -823.116 14315 8461.89 -729236 1.09772e+06 -391193 127.73 -52.1398 12.7297
1010101 FRAC0_S 0 1 -533.847 14104.4 8426.12 1.91995e+06 1.47793e+06 -854885 620.318 -40.1991 14.346
1010101 FRAC0_S 0 1 -250.001 14000.2 8410.34 2.83392e+06 1.42645e+06 -389793 917.177 -36.3586 6.30636
1010101 FRAC0_S 0 1 76.7614 13957.8 8432.82 1.88496e+06 1.77727e+06 204984 603.676 -49.5557 -4.04172
1010101 FRAC0_S 0 1 399.699 14012.8 8458.76 4.27607e+06 6.7451e+06 2.55124e+06 6549.21 -52.2874 -13.4959
1010101 FRAC0_S 0 1 665.326 14193.9 8462.64 1.70008e+06 6.47576e+06 3.98492e+06 6106.4 -54.7019 -22.0161
1010101 FRAC0_S 0 1 872.032 14457.1 8485.31 334563 572995 1.23453e+06 241.931 -32.4405 -33.9922
1010101 FRAC0_S 0 1 1028.44 14750 8518.77 -176172 -230292 1.00437e+06 138.892 20.9872 -38.8037
1010101 FRAC0_S 0 1 1070.64 15072.1 8543.47 128391 -427096 1.14103e+06 190.884 30.8084 -37.533
1010101 FRAC0_S 0 1 990.916 15400.5 8544.83 6.74566e+06 1.26122e+06 2.95022e+06 5354.21 -15.1872 -18.6093