
Step FractureNumber TipNr TipActive TipX TipY TipZ KI KII KIII G Phi Psi Extension
1010000 FRAC0_S 0 1 -15000 15987.2 8471.27 -1.48112e+06 2.19845e+06 1.74438e+06 835.386 -45.2451 -21.6721
1010000 FRAC0_S 0 1 -15000 15947.8 8777.76 -5.77883e+06 -291221 1.71791e+06 400.068 5.13724 -15.5999
1010000 FRAC0_S 0 1 -15000 15815.6 9057.06 -9.34963e+06 -1.61936e+06 1.02645e+06 373.805 17.624 -6.43285
1010000 FRAC0_S 0 1 -15000 15603.5 9281.83 -1.03105e+07 -1.93496e+06 226841 340.478 20.0349 -1.40772
1010000 FRAC0_S 0 1 -15000 15332.4 9430.08 -1.50216e+07 -2.80939e+06 -379021 722.422 19.9327 1.60919
1010000 FRAC0_S 0 1 -15000 15028.7 9487.27 -1.59608e+07 -2.44549e+06 -1.11949e+06 699.599 16.4362 4.36355
1010000 FRAC0_S 0 1 -15000 14722.2 9447.82 -1.26922e+07 -1.35672e+06 -1.16823e+06 345.538 11.9256 5.79363
1010000 FRAC0_S 0 1 -15000 14442.9 9315.6 -1.58214e+07 -1.58721e+06 -2.31805e+06 939.147 10.8113 8.70998
1010000 FRAC0_S 0 1 -15000 14218.2 9103.54 -1.08508e+07 -1.41837e+06 -1.68184e+06 555.474 13.51 8.92359
1010000 FRAC0_S 0 1 -15000 14070 8832.4 -3.2922e+07 -2.01916e+07 1.09878e+07 52387.3 37.1537 -12.4006
1010000 FRAC0_S 0 1 -15000 14012.8 8528.73 -2.37932e+06 -2.10284e+06 -2.24311e+06 1063.23 36.9312 22.3446
1010000 FRAC0_S 0 1 -15000 14052.2 8222.24 -5.87624e+06 -1.11631e+07 4.43275e+06 13717.9 53.8646 -14.6961
1010000 FRAC0_S 0 1 -15000 14184.4 7942.94 -1.52585e+07 -1.52316e+07 -1.12743e+07 37579.4 41.7478 18.6513
1010000 FRAC0_S 0 1 -15000 14396.5 7718.17 8.31314e+06 -53103.9 -2.98565e+06 7344.07 0.653385 18.232
1010000 FRAC0_S 0 1 -15000 14675.1 7567.23 1.04651e+07 974367 -3.16057e+06 11172.3 -9.03148 15.3388
1010000 FRAC0_S 0 1 -15000 14971.3 7512.73 1.18067e+07 2.55966e+06 -2.87294e+06 14103.3 -19.2438 12.0823
1010000 FRAC0_S 0 1 -15000 15277.8 7552.18 3.35734e+07 -1.48709e+07 1.07359e+07 135478 30.7595 -13.064
1010000 FRAC0_S 0 1 -15000 15557.1 7684.4 8.64741e+06 3.89576e+06 -1.26279e+06 8227.95 -33.9313 6.85836
1010000 FRAC0_S 0 1 -15000 15781.8 7896.46 5.42871e+06 3.0752e+06 -119830 3470.76 -41.0223 1.07746
1010000 FRAC0_S 0 1 -15000 15930 8167.6 2.0332e+06 3.033e+06 1.02604e+06 1328.12 -52.3489 -12.2005
Step FractureNumber TipNr TipActive TipX TipY TipZ KI KII KIII G Phi Psi Extension
1010101 FRAC0_S 0 1 -15053.1 16060.7 8472.11 -1.46647e+06 579626 -5.75101e+06 4428.8 -10.0206 39.5785
1010101 FRAC0_S 0 1 -15005.7 16032.9 8804.69 -6.39629e+06 198242 2.40952e+06 775.674 -3.04844 -18.5099
1010101 FRAC0_S 0 1 -14974.1 15893.2 9109.53 1.93111e+07 -1.63121e+07 -1.08584e+07 72623.1 40.5102 16.4205
1010101 FRAC0_S 0 1 -14966.8 15659.8 9354.58 -1.26219e+07 -7.15407e+06 696193 4625.18 40.3753 -2.61437
1010101 FRAC0_S 0 1 -14967.3 15363.2 9516.89 -1.49578e+07 -1.00921e+07 -422160 9099.57 44.48 1.28367
1010101 FRAC0_S 0 1 -14972.2 15031.2 9580.81 -1.7232e+07 -1.08937e+07 -1.71934e+06 10968 41.775 4.38398
1010101 FRAC0_S 0 1 -14977.9 14695.4 9539.02 -1.71436e+07 -3.77683e+06 -1.7314e+06 1669.8 21.3968 5.76916
1010101 FRAC0_S 0 1 -14979.7 14401.2 9402.75 -1.5428e+07 -5.51711e+06 -2.17434e+06 3341.17 29.4226 7.04388
1010101 FRAC0_S 0 1 -14968.5 14147.1 9160.24 -3.04631e+07 -2.87007e+07 1.37741e+07 98635.9 44.2506 -13.5532
1010101 FRAC0_S 0 1 -14948.9 13993.2 8861.25 -6.3519e+06 -4.81816e+06 -1.67365e+06 2441.2 42.6683 9.60375
1010101 FRAC0_S 0 1 -14934.7 13939.8 8532.45 -1.24907e+06 -2.79269e+06 -1.77868e+06 1115.75 51.0579 20.7544
1010101 FRAC0_S 0 1 -14928 13988.5 8204.01 2.33831e+06 109037 -2.30714e+06 1196.23 -3.17386 30.0793
1010101 FRAC0_S 0 1 -14946.2 14124.2 7897.96 6.42886e+06 1.98253e+06 -2.63542e+06 4956.92 -22.8707 16.7301
1010101 FRAC0_S 0 1 -14986.7 14342.2 7644.82 9.92041e+06 1.07497e+06 -2.70029e+06 9842.47 -10.5574 14.0959
1010101 FRAC0_S 0 1 -15015.8 14635 7480.04 1.18541e+07 -1.26092e+06 -3.04098e+06 13893.3 10.5001 13.5125
1010101 FRAC0_S 0 1 -15007.6 14967.6 7421.68 1.17429e+07 1.23188e+06 -3.85401e+06 14398.7 -9.87299 16.1322
1010101 FRAC0_S 0 1 -14996.6 15300.9 7470.22 1.17202e+07 4.34639e+06 -2.50354e+06 14757.3 -28.9328 9.91582
1010101 FRAC0_S 0 1 -15031.5 15601.5 7618 1.08569e+07 695677 -683627 10609 -7.73327 4.25478
1010101 FRAC0_S 0 1 -15066.5 15837.8 7851.14 1.40967e+07 -1.51146e+06 8.13342e+06 26709.6 8.6291 -22.8484
1010101 FRAC0_S 0 1 -15074 16000.7 8171.89 4.63253e+06 -1.30985e+06 3.76191e+06 3947.43 17.6214 -25.2779