
Step FractureNumber TipNr TipActive TipX TipY TipZ KI KII KIII G Phi Psi Extension
1010000 FRAC0_S 0 1 44238.2 8110.07 8651.71 2.61279e+06 -259742 2.39274e+06 1375.79 6.73601 -28.6312
1010000 FRAC0_S 0 1 44193.7 7917.24 8889.04 2.21851e+06 -1.19546e+06 2.38967e+06 1325.43 25.8677 -26.522
1010000 FRAC0_S 0 1 44228.2 7683.55 9088.29 3.11386e+06 -2.76151e+06 1.81002e+06 1979.3 41.267 -16.5397
1010000 FRAC0_S 0 1 44338.2 7431.91 9229.95 3.62425e+06 -3.66468e+06 1.1824e+06 2553.16 47.4638 -10.2441
1010000 FRAC0_S 0 1 44512.9 7186.93 9300.16 3.29309e+06 -3.84573e+06 251584 2292.67 53.8967 -2.61703
1010000 FRAC0_S 0 1 44735.4 6972.59 9292.04 3.28694e+06 -4.04953e+06 -542579 2463.19 53.4637 5.21486
1010000 FRAC0_S 0 1 44983.7 6809.88 9206.4 3.32383e+06 -2.93704e+06 -1.36088e+06 1999.47 43.5543 12.875
1010000 FRAC0_S 0 1 45233.7 6714.73 9051.6 3.09216e+06 -2.54562e+06 -1.8243e+06 1872.11 39.6133 17.0968
1010000 FRAC0_S 0 1 45460.7 6696.43 8842.82 2.81975e+06 -1.72424e+06 -2.08042e+06 1549.08 31.6976 21.2414
1010000 FRAC0_S 0 1 45642.8 6756.81 8600.47 2.20827e+06 -526789 -1.786e+06 883.512 15.3623 25.6632
1010000 FRAC0_S 0 1 45761.8 6889.93 8348.29 2.76012e+06 127048 -2.44415e+06 1474.83 -3.29652 28.8234
1010000 FRAC0_S 0 1 45806.3 7082.76 8110.96 2.10362e+06 1.0636e+06 -1.8055e+06 928.694 -26.7419 23.97
1010000 FRAC0_S 0 1 45771.8 7316.45 7911.71 2.53948e+06 1.80887e+06 -1.79698e+06 1295.71 -35.144 19.9866
1010000 FRAC0_S 0 1 45661.8 7568.09 7770.05 2.39696e+06 2.39075e+06 -1.32728e+06 1255.6 -44.0354 15.3754
1010000 FRAC0_S 0 1 45487.1 7813.07 7699.84 1.95642e+06 2.60985e+06 -959092 1070.37 -50.5103 12.5449
1010000 FRAC0_S 0 1 45264.6 8027.41 7707.96 2.27661e+06 2.82735e+06 -173025 1178.17 -54.9156 2.52204
1010000 FRAC0_S 0 1 45016.3 8190.12 7793.6 2.64853e+06 3.2673e+06 499362 1609.52 -53.1454 -5.8716
1010000 FRAC0_S 0 1 44766.3 8285.27 7948.4 2.41675e+06 2.69935e+06 1.17278e+06 1352.69 -47.1952 -13.3982
1010000 FRAC0_S 0 1 44528.8 8302.49 8168.68 1.90847e+06 1.53913e+06 1.35111e+06 778.451 -37.7022 -19.3454
1010000 FRAC0_S 0 1 44357.2 8243.19 8399.53 2.63382e+06 958387 2.23722e+06 1365.69 -21.1247 -25.0744
Step FractureNumber TipNr TipActive TipX TipY TipZ KI KII KIII G Phi Psi Extension
1010101 FRAC0_S 0 1 44170.9 8172.28 8670.31 3.81771e+06 -204443 2.49987e+06 2133.66 4.31974 -25.0489
1010101 FRAC0_S 0 1 44147 7978.88 8945.58 3.6852e+06 -401915 1.89569e+06 1702.52 9.08907 -21.4016
1010101 FRAC0_S 0 1 44205.1 7734.85 9168 4.41744e+06 -605760 1.76918e+06 2187.86 11.9288 -18.0775
1010101 FRAC0_S 0 1 44336 7470.85 9320.51 5.69098e+06 12181.9 800109 2971.19 -0.262001 -9.09696
1010101 FRAC0_S 0 1 44519.5 7224.21 9392.67 5.9069e+06 386623 -179252 3126.77 -8.11254 2.13476
1010101 FRAC0_S 0 1 44764.6 6984.17 9385.61 5.27738e+06 -48664.8 -460663 2510.21 1.17242 6.00023
1010101 FRAC0_S 0 1 45024.3 6801.99 9295.7 5.56444e+06 -59140.1 -1.26214e+06 2971.3 1.19727 13.1885
1010101 FRAC0_S 0 1 45288.3 6690.07 9129.39 4.53249e+06 -26128.3 -1.75918e+06 2242.29 0.577795 19.1604
1010101 FRAC0_S 0 1 45529 6656.57 8898.98 4.19525e+06 30962.8 -2.11403e+06 2162.83 -0.682024 22.3388
1010101 FRAC0_S 0 1 45717.6 6702.21 8623.32 3.55911e+06 540054 -2.01078e+06 1692.52 -11.8276 22.0957
1010101 FRAC0_S 0 1 45829.9 6827.19 8329.95 3.47985e+06 22858 -2.29811e+06 1781.53 -0.550581 25.7219
1010101 FRAC0_S 0 1 45855.9 7022.56 8055.23 3.33449e+06 1406.18 -2.00872e+06 1527.45 -0.0368294 24.6541
1010101 FRAC0_S 0 1 45800.9 7267.5 7832.14 3.47684e+06 292378 -1.56825e+06 1411.92 -7.45893 20.069
1010101 FRAC0_S 0 1 45670.2 7532.29 7678.91 4.11113e+06 247372 -1.21469e+06 1707.77 -6.07615 15.4327
1010101 FRAC0_S 0 1 45474.5 7787.94 7605.15 4.36566e+06 176807 -501286 1734.55 -4.82163 7.42626
1010101 FRAC0_S 0 1 45234.1 8011.96 7614.99 3.90668e+06 177933 -137762 1365.36 -5.77535 2.50974
1010101 FRAC0_S 0 1 44971.2 8186.75 7705.64 4.59561e+06 55476.3 531220 1919.77 -1.49067 -7.64877
1010101 FRAC0_S 0 1 44707.8 8297.3 7870.28 3.99403e+06 884562 821614 1581.02 -20.0396 -10.5571
1010101 FRAC0_S 0 1 44468.2 8333.35 8098.15 4.04939e+06 285245 1.7361e+06 1869.3 -6.42362 -19.6075
1010101 FRAC0_S 0 1 44281.1 8292.18 8374.2 3.65958e+06 79748.6 2.24464e+06 1864.08 -1.85335 -24.6152