
Step FractureNumber TipNr TipActive TipX TipY TipZ KI KII KIII G Phi Psi Extension
1010000 FRAC0_S 0 1 15000 984.872 8574.53 -871835 6.1935e+06 1.24522e+06 3624.44 -65.4574 -10.9463
1010000 FRAC0_S 0 1 15000 913.64 8875.22 1.32395e+06 4.68452e+06 1.98235e+06 2634.34 -58.0161 -17.3192
1010000 FRAC0_S 0 1 15000 752.975 9139.18 3.73762e+06 4.35292e+06 3.38029e+06 4453.01 -43.0466 -20.1198
1010000 FRAC0_S 0 1 15000 518.603 9340.58 5.21554e+06 2.40021e+06 3.90908e+06 4969.68 -26.1208 -22.66
1010000 FRAC0_S 0 1 15000 233.466 9459.7 -1.71962e+06 1.51536e+06 2.15764e+06 823.795 -33.8133 -25.9257
1010000 FRAC0_S 0 1 15000 -74.5244 9484.87 6.3022e+06 -1.47268e+06 4.12404e+06 5994.53 16.2549 -23.0699
1010000 FRAC0_S 0 1 15000 -375.22 9413.64 314076 -2.60805e+06 3.42441e+06 2174.54 45.7107 -32.479
1010000 FRAC0_S 0 1 15000 -639.186 9252.98 3.41942e+06 -3.69839e+06 2.09111e+06 2842.34 44.935 -16.0102
1010000 FRAC0_S 0 1 15000 -840.583 9018.61 -258871 -5.79553e+06 1.72478e+06 3388.7 65.4484 -15.6717
1010000 FRAC0_S 0 1 15000 -959.699 8733.46 159682 -6.23418e+06 225749 3472.31 69.7627 -2.62166
1010000 FRAC0_S 0 1 15000 -984.872 8425.47 -2.39586e+06 -6.33169e+06 -1.10131e+06 3733.76 61.1381 8.32552
1010000 FRAC0_S 0 1 15000 -913.64 8124.78 -4.47343e+06 -5.1987e+06 -2.23774e+06 3074.33 47.773 13.4904
1010000 FRAC0_S 0 1 15000 -752.975 7860.82 -7.19158e+06 -4.66525e+06 -3.51664e+06 3584.22 36.0383 16.1155
1010000 FRAC0_S 0 1 15000 -518.603 7659.42 -8.17328e+06 -2.4593e+06 -3.92723e+06 2590.23 21.6503 18.6381
1010000 FRAC0_S 0 1 15000 -233.466 7540.3 -2.05976e+07 387479 -3.7894e+06 1923.2 -2.17251 11.1585
1010000 FRAC0_S 0 1 15000 74.5244 7515.13 -8.8965e+06 1.49349e+06 -4.01241e+06 2339.98 -13.7649 19.169
1010000 FRAC0_S 0 1 15000 375.22 7586.36 -8.97541e+06 3.16589e+06 -3.59002e+06 2607.27 -25.3396 16.0817
1010000 FRAC0_S 0 1 15000 639.186 7747.02 -7.60947e+06 5.31516e+06 -2.96836e+06 3689.32 -38.9916 13.417
1010000 FRAC0_S 0 1 15000 840.583 7981.39 -4.8502e+06 4.46502e+06 -1.17769e+06 1961 -46.8987 8.33878
1010000 FRAC0_S 0 1 15000 959.699 8266.54 2.98897e+06 7.26905e+06 355022 5521.36 -63.0506 -2.57229
Step FractureNumber TipNr TipActive TipX TipY TipZ KI KII KIII G Phi Psi Extension
1010101 FRAC0_S 0 1 14911 1028.84 8578.45 6.16841e+06 3.27923e+06 688544 4411.85 -37.966 -5.14622
1010101 FRAC0_S 0 1 14917.8 962.424 8897.89 7.65088e+06 1.74473e+06 1.90714e+06 5971.14 -19.9429 -12.2216
1010101 FRAC0_S 0 1 14933.7 804.867 9186.97 7.54243e+06 359849 3.54101e+06 6748.51 -4.33326 -20.9764
1010101 FRAC0_S 0 1 14947 561.013 9410.8 7.37634e+06 -753502 4.85571e+06 8034.97 7.88797 -24.5524
1010101 FRAC0_S 0 1 14968.2 253.261 9543.1 2.02025e+07 -6.11784e+06 2.99978e+06 40901.6 26.1643 -7.63483
1010101 FRAC0_S 0 1 15018 -79.868 9569.07 9.39723e+06 5.1224e+06 5.18018e+06 13776.2 -31.6704 -18.2287
1010101 FRAC0_S 0 1 15060.4 -401.747 9483.36 8.25335e+06 1.6241e+06 4.46058e+06 8951.29 -14.96 -21.072
1010101 FRAC0_S 0 1 15075.9 -677.564 9301.56 7.99767e+06 787141 3.55328e+06 7434.16 -8.64676 -19.7264
1010101 FRAC0_S 0 1 15086.6 -878.12 9045.05 7.47953e+06 114166 1.99112e+06 5513.56 -1.65762 -14.7794
1010101 FRAC0_S 0 1 15091.5 -997.379 8742.1 7.03941e+06 -1.30696e+06 1.57745e+06 4898.86 17.2238 -11.5648
1010101 FRAC0_S 0 1 15085.7 -1032.88 8419.32 4.87243e+06 -3.92428e+06 -569608 3530.96 46.3689 4.62148
1010101 FRAC0_S 0 1 15073.6 -972.169 8098.02 1.82433e+06 -5.11259e+06 -1.70294e+06 3011.48 58.3329 14.092
1010101 FRAC0_S 0 1 15057.2 -811.541 7808.49 3.06402e+06 -372796 -4.17913e+06 3171.83 6.68519 32.8647
1010101 FRAC0_S 0 1 15032.3 -564.32 7582.51 -6.41112e+06 -5.1174e+06 -4.28895e+06 4780.14 37.967 18.7236
1010101 FRAC0_S 0 1 14999.3 -233.212 7442.17 -1.65426e+06 -1.0654e+06 -4.46223e+06 2749.38 19.2279 35.7236
1010101 FRAC0_S 0 1 14976.5 80.8669 7421.52 -8.68242e+06 3.91818e+06 -4.64221e+06 4234.2 -28.1985 18.6077
1010101 FRAC0_S 0 1 14956.9 406.793 7505.53 -6.21722e+06 6.7025e+06 -3.72247e+06 5846.09 -45.0298 15.7957
1010101 FRAC0_S 0 1 14937.8 716.563 7713.84 -1.9008e+06 6.84534e+06 -2.58702e+06 5065.71 -59.0234 16.0855
1010101 FRAC0_S 0 1 14925.5 893.243 7945.97 -1.01643e+06 8.25671e+06 -1.9476e+06 6579.41 -65.1155 12.5444
1010101 FRAC0_S 0 1 14914.4 1006.61 8252.99 4.32927e+06 4.87692e+06 -546132 3829.24 -52.5055 4.26453