
Step FractureNumber TipNr TipActive TipX TipY TipZ KI KII KIII G Phi Psi Extension
1010000 FRAC0_S 0 1 0 15987.2 8471.27 6.57486e+06 773105 5769.05 3905.38 -13.9447 -0.0611712
1010000 FRAC0_S 0 1 0 15947.8 8777.76 1.11491e+07 845495 144931 11143.1 -9.41118 -0.926521
1010000 FRAC0_S 0 1 0 15815.6 9057.06 1.47155e+07 640928 288537 19344.1 -5.6179 -1.42731
1010000 FRAC0_S 0 1 0 15603.5 9281.83 1.928e+07 545967 466226 33179.3 -3.71607 -1.77468
1010000 FRAC0_S 0 1 0 15332.4 9430.08 2.16757e+07 244176 583551 41917.6 -1.51085 -2.00048
1010000 FRAC0_S 0 1 0 15028.7 9487.27 2.55291e+07 -7675.3 1.25214e+06 58284.8 0.0401056 -3.5737
1010000 FRAC0_S 0 1 0 14722.2 9447.82 2.22089e+07 -322505 561108 44003.2 1.94156 -1.87579
1010000 FRAC0_S 0 1 0 14442.9 9315.6 2.28578e+07 -263100 920932 46677.1 1.5237 -2.9394
1010000 FRAC0_S 0 1 0 14218.2 9103.54 1.68212e+07 -674778 373848 25273.1 5.18669 -1.61737
1010000 FRAC0_S 0 1 0 14070 8832.4 1.15999e+07 1.8116e+07 -1.1843e+07 59889.5 -47.7263 19.5478
1010000 FRAC0_S 0 1 0 14012.8 8528.73 7.25361e+06 -1.0204e+06 80634.7 4782.16 16.0548 -0.749742
1010000 FRAC0_S 0 1 0 14052.2 8222.24 2.74504e+06 8.90664e+06 -6.76259e+06 13822.8 -51.3391 24.1946
1010000 FRAC0_S 0 1 0 14184.4 7942.94 -2.53016e+06 -524660 -208228 30.2959 20.7007 4.8431
1010000 FRAC0_S 0 1 0 14396.5 7718.17 -4.56849e+06 1.42042e+07 -1.01844e+07 31773.9 -51.8305 23.3511
1010000 FRAC0_S 0 1 0 14667.6 7569.92 -7.15528e+06 1.74414e+07 1.04815e+07 41719.2 -52.3046 -20.3603
1010000 FRAC0_S 0 1 0 14971.3 7512.73 -9.59931e+06 -137735 -1.10067e+06 162.817 1.76794 7.58126
1010000 FRAC0_S 0 1 0 15277.8 7552.18 -6.86951e+06 1.7164e+07 -1.26117e+07 47406.2 -50.2168 22.9356
1010000 FRAC0_S 0 1 0 15557.1 7684.4 -5.42665e+06 524603 -495320 57.1543 -10.9292 5.79828
1010000 FRAC0_S 0 1 0 15781.8 7896.46 -2.19537e+06 1.75741e+07 -1.22599e+07 47512.1 -55.7422 25.0211
1010000 FRAC0_S 0 1 0 15930 8167.6 2.31858e+06 999365 -65793.4 568.612 -35.2421 1.50415
Step FractureNumber TipNr TipActive TipX TipY TipZ KI KII KIII G Phi Psi Extension
1010101 FRAC0_S 0 1 -30.563 16078.7 8469.92 7.82698e+06 -869802 -272964 5536.34 12.9177 2.34311
1010101 FRAC0_S 0 1 -16.6478 16040 8804.96 1.29351e+07 -1.01063e+06 26040.6 15000.8 9.76044 -0.145261
1010101 FRAC0_S 0 1 -10.6029 15895.7 9111.81 1.79901e+07 -1.06087e+06 439460 28965.9 7.41287 -1.74192
1010101 FRAC0_S 0 1 -6.34711 15663 9358.9 1.82638e+07 -2.13398e+07 -1.55356e+07 102404 43.6976 19.3569
1010101 FRAC0_S 0 1 -2.92112 15365.2 9521.88 3.02601e+07 -2.86784e+06 1.3065e+06 82555.6 11.1742 -2.91194
1010101 FRAC0_S 0 1 0.222845 15031.6 9584.76 2.85251e+07 -812800 634233 72619.3 3.74512 -1.63576
1010101 FRAC0_S 0 1 2.37626 14694.9 9541.41 2.28498e+07 639867 403933 46583.8 -3.69897 -1.30919
1010101 FRAC0_S 0 1 4.43656 14388 9396.07 1.88588e+07 2.51916e+07 -1.39675e+07 114190 -47.5912 16.8655
1010101 FRAC0_S 0 1 -13.3137 14148.8 9160.26 1.82699e+07 -3.39731e+06 1.54659e+06 31090.6 18.9895 -5.05018
1010101 FRAC0_S 0 1 -27.823 13994.6 8859.64 1.8022e+07 1.59866e+07 1.26652e+07 73050.3 -39.7401 -18.7358
1010101 FRAC0_S 0 1 -24.1921 13933.9 8531.39 7.68798e+06 -2.45233e+06 -51759.9 5803.11 29.633 0.395268
1010101 FRAC0_S 0 1 -23.2918 13978.9 8200.96 2.57392e+06 -1.69395e+06 -93818.4 847.227 43.8136 1.66249
1010101 FRAC0_S 0 1 -21.4916 14114.2 7910.37 -1.91668e+06 -513794 -369210 41.6537 23.3351 9.7124
1010101 FRAC0_S 0 1 -50.254 14353.1 7666.12 -4.50796e+06 2.92293e+06 -1.14549e+06 935.83 -39.5829 9.82926
1010101 FRAC0_S 0 1 -58.447 14647.1 7503.92 -6.50888e+06 4.99071e+06 -113286 2221.19 -47.2376 0.757767
1010101 FRAC0_S 0 1 -37.451 14969.2 7433.02 -9.75376e+06 3.24878e+06 -507562 974.779 -29.618 2.88381
1010101 FRAC0_S 0 1 -42.3922 15299.9 7476.22 -6.97062e+06 3.97317e+06 -646082 1462.21 -39.7674 4.2456
1010101 FRAC0_S 0 1 -49.3544 15600.4 7619.91 -4.86162e+06 3.41607e+06 -1.19673e+06 1230.35 -41.3779 9.32583
1010101 FRAC0_S 0 1 -60.4914 15837.2 7852.12 -915719 1.38625e+06 -277836 181.508 -55.0166 8.01759
1010101 FRAC0_S 0 1 -55.5391 16004 8144.55 2.28261e+06 -314972 -405963 495.051 13.9115 9.9397