
Step FractureNumber TipNr TipActive TipX TipY TipZ KI KII KIII G Phi Psi Extension
1010000 FRAC0_S 0 1 44296.8 44306.4 8500 13479.9 -282187 4807.79 7.11507 69.7407 -1.2396
1010000 FRAC0_S 0 1 44545.6 44123 8500 15790.9 -270693 -54681 6.94941 67.0132 11.6539
1010000 FRAC0_S 0 1 44838.9 44025.5 8500 17035.3 -229371 -109429 6.30667 61.1583 20.8662
1010000 FRAC0_S 0 1 45147.9 44023.4 8500 12670.6 -163014 -150931 5.41207 52.437 28.9974
1010000 FRAC0_S 0 1 45442.4 44116.9 8500 20703.5 -88113.5 -174568 4.78308 36.763 35.5263
1010000 FRAC0_S 0 1 45693.6 44296.8 8500 64818.6 -131584 -214055 8.01126 37.6871 31.7024
1010000 FRAC0_S 0 1 45877 44545.6 8500 56611.7 174007 -213951 9.07176 -44.0728 29.8949
1010000 FRAC0_S 0 1 45974.5 44838.9 8500 30122.4 156901 -145060 5.07318 -50.5202 27.7751
1010000 FRAC0_S 0 1 45976.6 45147.9 8500 36357 228467 -117118 6.59339 -58.6974 20.8149
1010000 FRAC0_S 0 1 45883.1 45442.4 8500 29848.4 234708 -56367.8 5.41087 -64.9479 12.682
1010000 FRAC0_S 0 1 45703.2 45693.6 8500 36335.4 299285 131.055 8.09938 -69.1742 -0.030441
1010000 FRAC0_S 0 1 45454.4 45877 8500 28960.1 240512 44839.8 5.4968 -66.1409 -10.4559
1010000 FRAC0_S 0 1 45161.1 45974.5 8500 47298.1 331271 -36917 10.1596 -67.1242 6.66998
1010000 FRAC0_S 0 1 44852.1 45976.6 8500 41152.6 180005 165377 6.67571 -50.0159 -27.3312
1010000 FRAC0_S 0 1 44557.6 45883.1 8500 -21831.7 -8435.93 108072 1.55973 8.27686 -40.7948
1010000 FRAC0_S 0 1 44306.4 45703.2 8500 -9699.33 127386 114718 3.19631 -52.9102 -28.6863
1010000 FRAC0_S 0 1 44123 45454.4 8500 31729.3 -64520.3 192223 5.37495 27.811 -37.3225
1010000 FRAC0_S 0 1 44025.5 45161.1 8500 -5379.46 -307084 41559.1 8.63281 68.7695 -8.70175
1010000 FRAC0_S 0 1 44023.4 44852.1 8500 34882.1 -227265 131448 7.00895 57.4991 -22.3689
1010000 FRAC0_S 0 1 44116.9 44557.6 8500 14242.8 -265625 64916.4 6.86588 66.3102 -13.5161
Step FractureNumber TipNr TipActive TipX TipY TipZ KI KII KIII G Phi Psi Extension
1010101 FRAC0_S 0 1 44271 44281.1 8592.82 474393 -112474 -372051 39.5915 15.4579 25.2955
1010101 FRAC0_S 0 1 44528.5 44087.7 8591.38 293806 -53326 -388235 27.9922 9.78415 31.9819
1010101 FRAC0_S 0 1 44832.7 43978 8586.63 260168 -121943 -190071 12.1616 26.6573 22.2691
1010101 FRAC0_S 0 1 45159.4 43963.5 8576.49 -18708.2 93734.3 -78579.5 1.60417 -51.8429 26.5021
1010101 FRAC0_S 0 1 45476.5 44052 8565.02 73171.2 -19.2763 -98873 1.77729 0.0156833 33.9246
1010101 FRAC0_S 0 1 45746.4 44242.5 8528.14 107630 148355 -286772 13.9312 -33.0372 31.9997
1010101 FRAC0_S 0 1 45938.5 44512.4 8461.21 308116 348941 -203684 24.8275 -45.2512 16.6099
1010101 FRAC0_S 0 1 46034.6 44827.3 8422.66 598546 368436 -672354 104.145 -27.9288 26.4397
1010101 FRAC0_S 0 1 46027.4 45153.9 8415.33 722761 334180 63265.7 57.0335 -35.5352 -4.29993
1010101 FRAC0_S 0 1 45921.2 45460 8409.97 589818 261796 -94709.4 38.3004 -33.373 7.47581
1010101 FRAC0_S 0 1 45729.9 45719.8 8407.75 293124 5997.09 553517 48.4083 -0.981238 -36.7288
1010101 FRAC0_S 0 1 45471.6 45910.7 8407.88 254497 40237.5 337192 21.0377 -8.6306 -32.2245
1010101 FRAC0_S 0 1 45166.6 46018.5 8411.91 -509283 -374948 246738 20.6246 38.7202 -15.4462
1010101 FRAC0_S 0 1 44837.8 46040 8442.26 127500 -3742.22 212379 7.44879 1.51637 -35.6028
1010101 FRAC0_S 0 1 44522.4 45953.9 8468.1 27312.3 -27468.8 153467 3.26613 17.2487 -39.5597
1010101 FRAC0_S 0 1 44254.5 45756.9 8475.37 50477.6 -28123.3 180904 4.6501 14.3501 -38.3379
1010101 FRAC0_S 0 1 44064.3 45487 8526.68 224641 -193889 187780 12.5365 37.6115 -20.992
1010101 FRAC0_S 0 1 43974.7 45172.3 8579.36 829286 -407160 147395 78.9444 35.1317 -7.93354
1010101 FRAC0_S 0 1 43979 44845.1 8588.37 820897 -328829 -86732 70.6846 32.2813 5.30897
1010101 FRAC0_S 0 1 44079.5 44540.5 8590.33 637238 -217319 -273715 50.3579 24.3687 16.9804