
Step FractureNumber TipNr TipActive TipX TipY TipZ KI KII KIII G Phi Psi Extension
1010000 FRAC0_S 0 1 29421.9 -29224 8302.08 -28050.5 4.84193e+06 -470685 2118.59 -69.3896 6.618
1010000 FRAC0_S 0 1 29276.5 -29329.8 8553.35 -183916 5.09175e+06 569655 2353.42 -68.8366 -7.28806
1010000 FRAC0_S 0 1 29201.8 -29501.2 8799.39 -38943.5 4.13662e+06 1.3421e+06 1764.38 -65.6147 -17.02
1010000 FRAC0_S 0 1 29205.3 -29721.4 9016.14 -11184.5 3.35043e+06 2.05553e+06 1562.24 -59.8113 -24.8457
1010000 FRAC0_S 0 1 29286.5 -29968.9 9182.36 -36228.8 2.39983e+06 2.73926e+06 1511.17 -49.8673 -32.0399
1010000 FRAC0_S 0 1 29437.7 -30219.5 9281.78 -2658.89 1.00917e+06 3.05048e+06 1328.37 -30.4593 -39.9638
1010000 FRAC0_S 0 1 29643.9 -30448.6 9304.68 -30663.7 -282566 2.55448e+06 874.991 13.1151 -43.2956
1010000 FRAC0_S 0 1 29884.9 -30633.7 9248.81 -372558 -1.00099e+06 2.58439e+06 977.603 30.9297 -36.8612
1010000 FRAC0_S 0 1 30137.2 -30756.8 9119.64 -593591 -1.18318e+06 1.91278e+06 611.358 37.6971 -31.5682
1010000 FRAC0_S 0 1 30376 -30805.9 8929.82 -147039 -3.92346e+06 1.63023e+06 1725.19 63.1963 -19.6069
1010000 FRAC0_S 0 1 30578.1 -30776 8697.92 -176821 -4.71012e+06 763300 2054.41 68.0621 -9.93491
1010000 FRAC0_S 0 1 30723.5 -30670.2 8446.65 -345632 -5.16146e+06 -250057 2382.26 69.2506 3.32562
1010000 FRAC0_S 0 1 30798.2 -30498.8 8200.61 -84086.8 -4.48347e+06 -1.45997e+06 2074.74 65.4065 16.9568
1010000 FRAC0_S 0 1 30794.7 -30278.6 7983.86 -209910 -3.19322e+06 -1.90111e+06 1389.32 58.9124 23.717
1010000 FRAC0_S 0 1 30713.5 -30031.1 7817.64 -216345 -2.58604e+06 -3.02997e+06 1816.97 48.3134 31.6154
1010000 FRAC0_S 0 1 30562.3 -29780.5 7718.22 827833 244845 -4.47644e+06 2731.54 -6.04097 41.4472
1010000 FRAC0_S 0 1 30356.1 -29551.4 7695.32 -148807 643814 -3.62599e+06 1785.59 -18.9126 41.7855
1010000 FRAC0_S 0 1 30115.1 -29366.3 7751.19 -672954 910875 -2.80661e+06 1121.58 -26.0325 36.3765
1010000 FRAC0_S 0 1 29862.8 -29243.2 7880.36 368678 4.60879e+06 -2.46454e+06 2712.73 -59.8544 22.2118
1010000 FRAC0_S 0 1 29624 -29194.1 8070.18 2493.11 3.56274e+06 -1.22445e+06 1330.49 -65.4066 17.7835
Step FractureNumber TipNr TipActive TipX TipY TipZ KI KII KIII G Phi Psi Extension
1010101 FRAC0_S 0 1 29347.4 -29249.2 8240.9 6.34671e+06 1.63251e+06 -617088 3877.55 -24.0625 5.4292
1010101 FRAC0_S 0 1 29196.1 -29359 8502.1 5.5625e+06 1.43097e+06 800963 3024.98 -23.3431 -7.66688
1010101 FRAC0_S 0 1 29116.1 -29533.3 8760.48 5.27765e+06 1.69635e+06 1.92801e+06 3232.85 -24.1362 -15.3454
1010101 FRAC0_S 0 1 29116 -29757.7 8994.41 3.03019e+06 1.07026e+06 2.04616e+06 1477.13 -22.2549 -22.3086
1010101 FRAC0_S 0 1 29199 -30011 9186.39 2.54286e+06 1.22769e+06 3.17698e+06 2052.9 -22.5534 -28.7675
1010101 FRAC0_S 0 1 29370.3 -30262 9324.47 1.6358e+06 620690 3.60148e+06 1997.88 -14.048 -35.4811
1010101 FRAC0_S 0 1 29618.2 -30482.6 9384.32 1.13826e+06 -435006 3.85747e+06 2111.37 10.765 -38.7542
1010101 FRAC0_S 0 1 29900.8 -30660.5 9340.52 1.60725e+06 -1.68076e+06 3.49678e+06 2108.18 30.3858 -31.4345
1010101 FRAC0_S 0 1 30182.4 -30772.1 9203.58 3.43105e+06 -2.70753e+06 3.10934e+06 2988.09 34.988 -22.4947
1010101 FRAC0_S 0 1 30440.8 -30798.8 9001.89 3.66426e+06 -1.5326e+06 1.39877e+06 1665.99 28.7517 -15.0577
1010101 FRAC0_S 0 1 30652.9 -30752.7 8759.25 6.33397e+06 -1.54581e+06 960220 3910.58 22.3407 -8.08317
1010101 FRAC0_S 0 1 30803.9 -30641.3 8497.93 4.70418e+06 -1.02491e+06 -397058 2086.51 21.4628 4.91684
1010101 FRAC0_S 0 1 30884 -30466.8 8239.18 4.27645e+06 -1.07828e+06 -1.28591e+06 1953.18 20.887 13.8667
1010101 FRAC0_S 0 1 30884.5 -30243 8004.36 3.99698e+06 -1.72578e+06 -2.55572e+06 2557.72 26.1432 20.9349
1010101 FRAC0_S 0 1 30794.4 -29997.8 7800.65 2.90691e+06 -1.12768e+06 -3.26788e+06 2286.62 19.9501 28.2967
1010101 FRAC0_S 0 1 30614.2 -29756.2 7651.17 1.3218e+06 -1.06023e+06 -3.99284e+06 2376.24 21.3478 35.9085
1010101 FRAC0_S 0 1 30350.8 -29529.8 7643.31 354795 46214.1 -4.06521e+06 2209.35 -1.44115 43.6565
1010101 FRAC0_S 0 1 30097.3 -29347 7660.16 2.1278e+06 1.48984e+06 -3.48037e+06 2212.26 -26.3014 30.3118
1010101 FRAC0_S 0 1 29813.6 -29245.5 7798.62 3.74468e+06 1.42448e+06 -2.63678e+06 2355.07 -23.217 22.5823
1010101 FRAC0_S 0 1 29556.9 -29212.9 7999.24 4.73931e+06 1.31753e+06 -1.62357e+06 2506.77 -21.9562 15.0139