
Step FractureNumber TipNr TipActive TipX TipY TipZ KI KII KIII G Phi Psi Extension
1010000 FRAC0_S 0 1 103.378 -44017.8 8500 473185 1.79162e+06 -179447 310.268 -65.0095 5.54859
1010000 FRAC0_S 0 1 -193.121 -44031.3 8500 503782 1.5796e+06 216366 251.183 -63.1359 -7.04633
1010000 FRAC0_S 0 1 -493.726 -44144.6 8500 461146 2.03293e+06 817933 476.204 -59.5598 -17.2502
1010000 FRAC0_S 0 1 -733.904 -44339 8500 501965 1.0633e+06 844522 218.06 -48.1454 -23.2824
1010000 FRAC0_S 0 1 -902.243 -44598.1 8500 409795 838806 1.24779e+06 284.739 -39.138 -30.7427
1010000 FRAC0_S 0 1 -982.264 -44896.6 8500 376705 194396 1.45625e+06 298.059 -12.7806 -39.0009
1010000 FRAC0_S 0 1 -966.133 -45205.2 8500 426770 -244319 926274 135.661 19.7756 -34.1339
1010000 FRAC0_S 0 1 -855.431 -45493.7 8500 298154 -833216 1.13048e+06 239.757 42.0738 -30.7411
1010000 FRAC0_S 0 1 -660.994 -45733.9 8500 306817 -1.47608e+06 900959 310.503 55.8241 -22.4654
1010000 FRAC0_S 0 1 -401.854 -45902.2 8500 288009 -1.76972e+06 534175 324.427 62.9563 -14.6736
1010000 FRAC0_S 0 1 -103.378 -45982.2 8500 278689 -2.07733e+06 159712 394.851 67.8743 -4.81886
1010000 FRAC0_S 0 1 205.218 -45966.1 8500 319047 -2.08755e+06 -280607 407.874 66.5142 7.78518
1010000 FRAC0_S 0 1 493.726 -45855.4 8500 295799 -1.7259e+06 -643438 328.294 61.3062 16.9079
1010000 FRAC0_S 0 1 733.904 -45661 8500 288734 -1.315e+06 -804910 247.689 55.5688 22.3804
1010000 FRAC0_S 0 1 902.243 -45401.9 8500 327006 -867097 -1.25958e+06 287.537 40.7323 31.3445
1010000 FRAC0_S 0 1 982.264 -45103.4 8500 355024 -297564 -1.42246e+06 288.233 18.6367 37.9622
1010000 FRAC0_S 0 1 966.133 -44794.8 8500 382873 418171 -1.47741e+06 318.948 -23.3367 36.7022
1010000 FRAC0_S 0 1 855.431 -44506.3 8500 411902 1.04371e+06 -1.32259e+06 344.839 -42.7156 29.6538
1010000 FRAC0_S 0 1 660.994 -44266.1 8500 406985 1.63398e+06 -1.05951e+06 401.974 -54.3396 22.801
1010000 FRAC0_S 0 1 401.854 -44097.8 8500 458584 2.05422e+06 -660084 452.716 -61.2985 14.7988
Step FractureNumber TipNr TipActive TipX TipY TipZ KI KII KIII G Phi Psi Extension
1010101 FRAC0_S 0 1 108.127 -43974.7 8410.45 3.47378e+06 742645 -147798 1127.35 -21.7964 2.60369
1010101 FRAC0_S 0 1 -215.138 -43990.3 8411.19 3.56117e+06 653246 443510 1194.28 -18.2574 -7.12767
1010101 FRAC0_S 0 1 -521.13 -44100.4 8415.97 2.75983e+06 825238 943328 857.759 -23.1884 -14.8165
1010101 FRAC0_S 0 1 -782.738 -44297.8 8425.42 2.31541e+06 744926 1.54176e+06 843.325 -20.8273 -22.4273
1010101 FRAC0_S 0 1 -974.31 -44568.6 8444.29 1.46837e+06 600581 1.76461e+06 638.417 -20.2149 -28.9118
1010101 FRAC0_S 0 1 -1071.48 -44888.5 8481.62 1.16659e+06 118659 1.97864e+06 643.223 -4.99721 -35.1576
1010101 FRAC0_S 0 1 -1052.48 -45221.7 8528.14 1.1909e+06 -579268 1.90872e+06 640.827 20.3085 -31.5857
1010101 FRAC0_S 0 1 -919.987 -45527.6 8562.65 1.2246e+06 -593803 1.13907e+06 337.618 25.2874 -25.1464
1010101 FRAC0_S 0 1 -700.488 -45774.4 8580.39 2.03971e+06 -746717 1.06331e+06 570.797 24.5216 -19.0263
1010101 FRAC0_S 0 1 -421.488 -45942.8 8588.38 2.20904e+06 -606515 545264 507.166 22.9855 -11.7862
1010101 FRAC0_S 0 1 -107.904 -46021.1 8591.51 2.27626e+06 -505636 94249.1 485.676 22.449 -2.52056
1010101 FRAC0_S 0 1 214.373 -46005.4 8590.95 2.66201e+06 -564100 -352153 676.309 20.3308 7.35672
1010101 FRAC0_S 0 1 518.299 -45895.4 8587.41 2.44073e+06 -682445 -795008 656.403 22.2608 14.4678
1010101 FRAC0_S 0 1 778.216 -45698 8579.48 2.23195e+06 -1.12961e+06 -1.46972e+06 844.909 28.9068 20.6744
1010101 FRAC0_S 0 1 970.916 -45429.2 8561.24 1.48945e+06 -625136 -1.60083e+06 573.343 21.574 27.481
1010101 FRAC0_S 0 1 1069.14 -45111.3 8522.39 1.08644e+06 -286345 -1.83476e+06 560.209 11.9403 33.8195
1010101 FRAC0_S 0 1 1050.51 -44778.6 8471.22 1.00729e+06 567026 -2.2085e+06 767.765 -19.4126 34.2902
1010101 FRAC0_S 0 1 919.459 -44472.4 8435.87 1.53949e+06 757882 -1.61583e+06 609.627 -24.4886 26.581
1010101 FRAC0_S 0 1 671.799 -44199.6 8419.34 2.81847e+06 1.05949e+06 -1.3168e+06 1038.51 -25.6417 17.6515
1010101 FRAC0_S 0 1 422.484 -44054.5 8413.17 2.69642e+06 739479 -685049 759.035 -22.8681 12.0545