
Step FractureNumber TipNr TipActive TipX TipY TipZ KI KII KIII G Phi Psi Extension
1010000 FRAC0_S 0 1 -14068.5 44671.4 8500 849174 1.75791e+06 1.33946e+06 578.254 -48.4717 -22.6719
1010000 FRAC0_S 0 1 -14012.6 44975.3 8500 857281 1.29545e+06 2.70952e+06 1191.46 -32.3312 -33.2184
1010000 FRAC0_S 0 1 -14053.3 45281.6 8500 697972 123474 2.21598e+06 697.878 -5.57546 -39.3411
1010000 FRAC0_S 0 1 -14186.7 45560.4 8500 723751 -1.52596e+06 2.98706e+06 1440.87 34.8514 -33.7545
1010000 FRAC0_S 0 1 -14399.6 45784.3 8500 559883 -1.87339e+06 1.84013e+06 791.023 47.9211 -27.4681
1010000 FRAC0_S 0 1 -14671.4 45931.4 8500 716702 -2.98937e+06 1.49387e+06 1138.9 57.3494 -19.6847
1010000 FRAC0_S 0 1 -14975.3 45987.4 8500 581208 -3.27634e+06 761817 1063.83 64.083 -11.9661
1010000 FRAC0_S 0 1 -15281.6 45946.7 8500 578972 -3.47174e+06 46066.7 1104.19 68.3706 -0.872908
1010000 FRAC0_S 0 1 -15560.4 45813.3 8500 447387 -2.78622e+06 -451189 736.673 65.8372 9.05604
1010000 FRAC0_S 0 1 -15784.3 45600.3 8500 455216 -2.23515e+06 -1.02864e+06 604.38 58.8563 19.0495
1010000 FRAC0_S 0 1 -15931.5 45328.6 8500 635025 -2.24206e+06 -1.92152e+06 974.944 50.131 25.9424
1010000 FRAC0_S 0 1 -15987.4 45024.7 8500 695516 -1.35515e+06 -2.35683e+06 945.52 36.4277 32.2731
1010000 FRAC0_S 0 1 -15946.7 44718.4 8500 770256 -174926 -2.62709e+06 973.51 6.68761 39.5147
1010000 FRAC0_S 0 1 -15813.3 44439.6 8500 950490 1.22134e+06 -2.89431e+06 1327.57 -29.6827 33.7909
1010000 FRAC0_S 0 1 -15564.4 44241.5 8500 780388 1.96704e+06 -2.04739e+06 956.571 -45.6531 27.2892
1010000 FRAC0_S 0 1 -15328.6 44068.6 8500 930440 3.29422e+06 -1.77369e+06 1462.57 -55.7738 20.1789
1010000 FRAC0_S 0 1 -15024.7 44012.6 8500 901443 3.9741e+06 -983764 1608.49 -62.7536 12.1658
1010000 FRAC0_S 0 1 -14718.4 44053.3 8500 968132 4.15084e+06 -60147.2 1619.32 -67.2406 0.901393
1010000 FRAC0_S 0 1 -14439.6 44186.7 8500 931657 3.7982e+06 673475 1423.2 -63.8227 -9.20931
1010000 FRAC0_S 0 1 -14215.7 44399.7 8500 954927 3.57182e+06 1.71953e+06 1611.37 -57.167 -18.9717
Step FractureNumber TipNr TipActive TipX TipY TipZ KI KII KIII G Phi Psi Extension
1010101 FRAC0_S 0 1 -14005.4 44651.6 8428.19 3.77004e+06 913030 3.09031e+06 2610.98 -15.4781 -25.7934
1010101 FRAC0_S 0 1 -13930.9 44975.8 8452.11 2.27163e+06 587320 3.24176e+06 1888.27 -12.8291 -32.1294
1010101 FRAC0_S 0 1 -13967.6 45306.9 8496.05 2.45465e+06 84186.3 3.09359e+06 1810.39 -2.0769 -32.886
1010101 FRAC0_S 0 1 -14118.8 45604 8544.69 1.74974e+06 -631904 2.22162e+06 964.834 17.8992 -29.9578
1010101 FRAC0_S 0 1 -14357.9 45835.2 8572.44 3.38795e+06 -1.39428e+06 2.62226e+06 2110.6 23.8802 -23.4845
1010101 FRAC0_S 0 1 -14652 45981.1 8583.14 4.44234e+06 -1.35057e+06 1.83756e+06 2370.16 22.5866 -16.87
1010101 FRAC0_S 0 1 -14972.9 46030.8 8589.26 4.81405e+06 -1.007e+06 731968 2226.75 19.8607 -8.30083
1010101 FRAC0_S 0 1 -15292.4 45983.7 8591.77 5.48866e+06 -1.38528e+06 -50341.3 2855.81 25.2069 0.565335
1010101 FRAC0_S 0 1 -15584.9 45846.9 8590.25 4.84488e+06 -1.12208e+06 -952402 2324.5 20.8623 10.111
1010101 FRAC0_S 0 1 -15825.7 45629.8 8584.79 4.06476e+06 -1.06483e+06 -1.7977e+06 2003.16 19.8662 18.0194
1010101 FRAC0_S 0 1 -15992 45347.6 8574.62 2.98327e+06 -1.14481e+06 -2.46795e+06 1719.93 22.1898 24.5645
1010101 FRAC0_S 0 1 -16066.5 45023.9 8551.79 2.26225e+06 -767811 -2.98242e+06 1691.59 16.7368 30.5712
1010101 FRAC0_S 0 1 -16032.3 44692.3 8508.29 1.89271e+06 161790 -3.41033e+06 1868.39 -4.08344 35.8245
1010101 FRAC0_S 0 1 -15883.5 44394 8460.27 2.4192e+06 815818 -3.3969e+06 2115.5 -16.1627 31.2943
1010101 FRAC0_S 0 1 -15644.1 44162.4 8431.19 3.64811e+06 1.29587e+06 -2.96283e+06 2503.1 -21.0648 24.5944
1010101 FRAC0_S 0 1 -15378.5 44026 8419.37 5.01674e+06 1.33865e+06 -2.04455e+06 2958.34 -20.5333 17.0302
1010101 FRAC0_S 0 1 -15027.2 43967.2 8411.82 7.31065e+06 1.62554e+06 -1.38659e+06 5253.7 -20.3102 9.88179
1010101 FRAC0_S 0 1 -14706.9 44014.3 8409.23 6.38132e+06 1.09256e+06 157431 3738.34 -18.6087 -1.59507
1010101 FRAC0_S 0 1 -14413.5 44151 8411.07 6.08479e+06 1.22176e+06 1.3668e+06 3680.75 -18.332 -11.4722
1010101 FRAC0_S 0 1 -14172.2 44368.6 8416.84 3.81787e+06 908219 1.86814e+06 1836.55 -17.9543 -19.4488