
Step FractureNumber TipNr TipActive TipX TipY TipZ KI KII KIII G Phi Psi Extension
1010000 FRAC0_S 0 1 14902.5 -44017.1 8500 436926 2.22926e+06 -378675 478.922 -64.9775 9.19011
1010000 FRAC0_S 0 1 14603.6 -44095.3 8500 508144 2.17821e+06 158338 449.133 -66.1576 -4.23931
1010000 FRAC0_S 0 1 14343.5 -44262.1 8500 385805 1.57299e+06 482065 264.656 -61.1505 -14.1177
1010000 FRAC0_S 0 1 14147.6 -44501.1 8500 520484 1.59605e+06 1.00646e+06 385.862 -53.2658 -21.71
1010000 FRAC0_S 0 1 14035.1 -44788.9 8500 470489 1.07943e+06 1.28143e+06 341.948 -43.1996 -28.5422
1010000 FRAC0_S 0 1 14017.2 -45097.5 8500 473825 459570 1.48737e+06 333.059 -24.0554 -35.4669
1010000 FRAC0_S 0 1 14095.3 -45396.4 8500 404621 -241422 1.36803e+06 268.694 15.7757 -37.7555
1010000 FRAC0_S 0 1 14262.1 -45656.6 8500 323651 -854472 1.01864e+06 212.399 43.8649 -29.073
1010000 FRAC0_S 0 1 14501.1 -45852.5 8500 355993 -1.29468e+06 951214 280.997 52.331 -24.1052
1010000 FRAC0_S 0 1 14788.9 -45964.9 8500 325529 -1.60363e+06 620621 289.829 60.3614 -17.0302
1010000 FRAC0_S 0 1 15097.5 -45982.9 8500 334108 -1.90696e+06 290309 345.204 65.7407 -8.51135
1010000 FRAC0_S 0 1 15396.4 -45904.7 8500 310611 -1.77185e+06 -114173 290.088 67.3823 3.96501
1010000 FRAC0_S 0 1 15656.5 -45737.9 8500 262033 -1.32879e+06 -479785 194.074 61.0154 16.3018
1010000 FRAC0_S 0 1 15852.4 -45498.9 8500 244837 -1.13194e+06 -673946 179.926 55.9489 22.0697
1010000 FRAC0_S 0 1 15964.9 -45211.1 8500 311033 -812657 -1.10613e+06 230.199 41.7253 30.5723
1010000 FRAC0_S 0 1 15982.8 -44902.5 8500 419941 -533918 -1.40771e+06 304.674 28.0741 34.7694
1010000 FRAC0_S 0 1 15904.7 -44603.6 8500 408930 59492.6 -1.41403e+06 281.149 -4.3546 39.9706
1010000 FRAC0_S 0 1 15737.9 -44343.4 8500 373724 654555 -1.09067e+06 208.835 -36.5672 31.4053
1010000 FRAC0_S 0 1 15498.9 -44147.5 8500 424125 1.16677e+06 -966566 261.594 -49.3013 24.7657
1010000 FRAC0_S 0 1 15211.1 -44035.1 8500 473931 1.76734e+06 -734742 370.149 -58.4536 17.2458
Step FractureNumber TipNr TipActive TipX TipY TipZ KI KII KIII G Phi Psi Extension
1010101 FRAC0_S 0 1 14899.2 -43974 8410.52 3.37152e+06 622179 -347001 1063.43 -18.6289 6.02453
1010101 FRAC0_S 0 1 14586.5 -44057.3 8409.71 3.58448e+06 405563 190510 1164.41 -12.9228 -3.48597
1010101 FRAC0_S 0 1 14310.4 -44227.3 8413.3 2.72283e+06 603269 704235 759.034 -19.3872 -12.6217
1010101 FRAC0_S 0 1 14095.9 -44473.1 8420.92 2.2698e+06 688771 1.17865e+06 686.137 -21.3672 -19.543
1010101 FRAC0_S 0 1 13963.9 -44775.9 8435.55 1.77688e+06 506088 1.37026e+06 553.892 -18.0511 -24.6138
1010101 FRAC0_S 0 1 13931.9 -45107.7 8469.3 1.09824e+06 244792 1.59497e+06 451.161 -11.1787 -32.6188
1010101 FRAC0_S 0 1 14015.1 -45430 8520.72 1.30935e+06 -208062 1.66528e+06 525.457 8.85305 -31.7775
1010101 FRAC0_S 0 1 14205.5 -45703.4 8561.24 1.57673e+06 -492905 1.38142e+06 496.992 18.5678 -25.9349
1010101 FRAC0_S 0 1 14469.6 -45902.9 8578.64 1.56347e+06 -538695 866630 343.573 23.0986 -19.9572
1010101 FRAC0_S 0 1 14777 -46012.4 8586.04 2.21463e+06 -544325 653016 520.166 20.5532 -13.7196
1010101 FRAC0_S 0 1 15100.7 -46024.2 8590.39 2.30717e+06 -509824 248399 505.703 21.348 -6.10392
1010101 FRAC0_S 0 1 15413.2 -45941.5 8590.81 2.91134e+06 -584003 -202436 791.131 20.3647 4.17124
1010101 FRAC0_S 0 1 15688.6 -45771.9 8587.53 2.55403e+06 -692990 -638307 678.253 22.7436 11.9237
1010101 FRAC0_S 0 1 15902.9 -45526 8579.93 2.05265e+06 -845634 -922500 552.36 27.5565 16.9088
1010101 FRAC0_S 0 1 16035.4 -45223.9 8565.76 1.43373e+06 -634336 -1.17964e+06 404.105 24.6741 23.9777
1010101 FRAC0_S 0 1 16067.9 -44892.2 8538.27 938576 -423023 -1.60233e+06 435.919 18.5554 32.523
1010101 FRAC0_S 0 1 15987.3 -44568 8493.08 1.0036e+06 152238 -1.62529e+06 443.146 -7.45378 34.3129
1010101 FRAC0_S 0 1 15798.9 -44292.6 8449.36 1.2656e+06 446170 -1.51165e+06 464.386 -18.037 29.3214
1010101 FRAC0_S 0 1 15533.1 -44093.3 8425.89 2.1419e+06 745769 -1.26791e+06 672.183 -22.8703 20.7265
1010101 FRAC0_S 0 1 15223.8 -43985 8415.78 3.17863e+06 808630 -870538 1059.4 -21.3648 12.9182