
Step FractureNumber TipNr TipActive TipX TipY TipZ KI KII KIII G Phi Psi Extension
1010000 FRAC0_S 0 1 -14718.8 -44053.2 8500 141645 1.71416e+06 464.891 263.623 -69.5897 -0.0195326
1010000 FRAC0_S 0 1 -15025.1 -44012.6 8500 130979 1.74986e+06 406178 296.326 -66.1384 -12.812
1010000 FRAC0_S 0 1 -15329 -44068.7 8500 83240.1 1.68114e+06 829718 344.025 -61.3299 -21.5722
1010000 FRAC0_S 0 1 -15600.7 -44216 8500 129148 950178 926613 196.134 -50.6093 -28.9893
1010000 FRAC0_S 0 1 -15813.6 -44439.9 8500 147868 537367 1.2103e+06 222.501 -34.0631 -36.3495
1010000 FRAC0_S 0 1 -15946.8 -44718.8 8500 156354 -11888.5 1.2719e+06 217.349 1.15095 -43.1477
1010000 FRAC0_S 0 1 -15987.3 -45025.1 8500 133049 -597863 1.14028e+06 206.362 37.5852 -35.2776
1010000 FRAC0_S 0 1 -15931.3 -45329 8500 123137 -1.08407e+06 971775 231.671 52.3254 -28.2227
1010000 FRAC0_S 0 1 -15784.1 -45600.7 8500 85977.3 -817398 221121 66.6996 64.7792 -14.0619
1010000 FRAC0_S 0 1 -15560.1 -45813.6 8500 48765.6 -1.35568e+06 212609 169.995 68.1712 -9.68492
1010000 FRAC0_S 0 1 -15281.2 -45946.8 8500 117779 -1.81469e+06 -13789.1 294.709 69.6801 0.550968
1010000 FRAC0_S 0 1 -14974.9 -45987.4 8500 98002.9 -1.62784e+06 -376385 255.827 66.4354 12.9074
1010000 FRAC0_S 0 1 -14671 -45931.3 8500 122846 -2.06526e+06 -843986 476.164 62.8827 19.1545
1010000 FRAC0_S 0 1 -14399.3 -45784 8500 110911 -1.10885e+06 -1.00388e+06 244.696 52.4065 28.4878
1010000 FRAC0_S 0 1 -14186.4 -45560.1 8500 116505 -464880 -980103 148.228 35.4758 35.9573
1010000 FRAC0_S 0 1 -14053.2 -45281.2 8500 122867 -88629.4 -1.43896e+06 277.436 7.31614 42.9204
1010000 FRAC0_S 0 1 -14012.7 -44974.9 8500 132969 547462 -1.20653e+06 221.894 -34.7257 36.3819
1010000 FRAC0_S 0 1 -14068.7 -44671 8500 181490 1.12569e+06 -1.06299e+06 266.137 -50.7018 28.3444
1010000 FRAC0_S 0 1 -14215.9 -44399.3 8500 142163 1.29409e+06 -662688 209.439 -59.7073 21.337
1010000 FRAC0_S 0 1 -14439.9 -44186.4 8500 149676 1.47766e+06 -322150 210.368 -65.8996 11.9883
Step FractureNumber TipNr TipActive TipX TipY TipZ KI KII KIII G Phi Psi Extension
1010101 FRAC0_S 0 1 -14708.3 -44018 8407.45 2.64073e+06 490017 213128 648.842 -19.0126 -4.83741
1010101 FRAC0_S 0 1 -15027.1 -43972.8 8408.9 3.49192e+06 830085 826661 1238.85 -20.7518 -11.6728
1010101 FRAC0_S 0 1 -15346.9 -44023.4 8413.94 1.93385e+06 509482 891629 462.116 -19.7541 -18.4951
1010101 FRAC0_S 0 1 -15641 -44167.7 8425.42 1.46741e+06 544805 1.0678e+06 369.974 -22.5736 -23.0752
1010101 FRAC0_S 0 1 -15863.7 -44373.8 8449.79 1.11223e+06 468220 1.50095e+06 429.4 -19.6568 -30.1641
1010101 FRAC0_S 0 1 -16031.6 -44693.3 8502.25 860314 -181005 1.75424e+06 478.164 8.77114 -35.9514
1010101 FRAC0_S 0 1 -16065.4 -45024.1 8550.79 1.14166e+06 -694683 1.44121e+06 435.399 26.5286 -27.9175
1010101 FRAC0_S 0 1 -15988.3 -45346.2 8577.44 1.81708e+06 -808283 1.10651e+06 515.279 27.0387 -20.2261
1010101 FRAC0_S 0 1 -15820.6 -45626.4 8588.23 2.18582e+06 -670702 694161 529.925 23.9474 -13.9878
1010101 FRAC0_S 0 1 -15581.5 -45843.7 8592.47 2.63276e+06 -640073 319769 667.765 22.721 -6.68116
1010101 FRAC0_S 0 1 -15291.2 -45981.1 8593.01 2.14282e+06 -357191 -230756 427.616 17.1147 6.35553
1010101 FRAC0_S 0 1 -14973 -46026.4 8591.52 2.68604e+06 -659561 -599491 729.475 21.4494 11.0908
1010101 FRAC0_S 0 1 -14653.9 -45974.9 8587.22 2.39276e+06 -702448 -890314 659.574 22.5005 15.7774
1010101 FRAC0_S 0 1 -14360.2 -45830.5 8576.38 1.55707e+06 -622575 -1.13392e+06 421.589 23.8331 22.8276
1010101 FRAC0_S 0 1 -14119.9 -45602.3 8552.01 822311 -376888 -1.15239e+06 249.539 20.6396 30.2989
1010101 FRAC0_S 0 1 -13968.4 -45306.3 8506.63 668789 71573.3 -1.40449e+06 302.667 -4.59383 36.9259
1010101 FRAC0_S 0 1 -13932.8 -44975.6 8455.35 1.1319e+06 692954 -1.91037e+06 642.341 -23.5634 31.2608
1010101 FRAC0_S 0 1 -14008.3 -44652.3 8425.47 1.52643e+06 665838 -988647 377.13 -26.238 21.055
1010101 FRAC0_S 0 1 -14175.2 -44370.3 8414.66 2.75953e+06 865286 -832862 837.549 -24.538 13.4214
1010101 FRAC0_S 0 1 -14415.9 -44153.6 8409.34 2.87896e+06 596166 -356977 787.197 -20.0859 6.97969