
Step FractureNumber TipNr TipActive TipX TipY TipZ KI KII KIII G Phi Psi Extension
1010000 FRAC0_S 0 1 0 29251.8 7855.26 398244 -326903 -199384 28.9428 40.7506 15.2866
1010000 FRAC0_S 0 1 0 29487.6 7655.6 903945 -309146 -325604 95.43 25.3024 15.0279
1010000 FRAC0_S 0 1 0 29773.6 7538.6 1.03967e+06 214367 -334823 115.326 -17.6144 14.9716
1010000 FRAC0_S 0 1 0 30081.8 7515.7 968640 36574.2 -387710 103.72 -3.62774 19.1541
1010000 FRAC0_S 0 1 0 30382 7589.16 631164 188343 -367330 56.6054 -20.4542 20.9801
1010000 FRAC0_S 0 1 0 30644.7 7751.78 227488 -1.27999e+07 -7.96241e+06 23036.3 59.3429 24.8402
1010000 FRAC0_S 0 1 0 30844.5 7987.64 -562924 304540 -95337.4 9.47332 -37.2794 7.40006
1010000 FRAC0_S 0 1 0 30961.5 8273.65 -1.09623e+06 371186 -56407 12.7007 -29.9489 2.84209
1010000 FRAC0_S 0 1 0 30984.3 8581.81 -1.71889e+06 476660 21664.4 20.3087 -26.8623 -0.758989
1010000 FRAC0_S 0 1 0 30910.8 8881.97 -2.24517e+06 -7.59771e+06 5.81808e+06 9645.96 51.4441 -24.4227
1010000 FRAC0_S 0 1 0 30748.2 9144.74 -2.72278e+06 -8.62644e+06 -5.97017e+06 11371.7 52.3653 22.9662
1010000 FRAC0_S 0 1 0 30512.4 9344.4 -3.54677e+06 220583 228387 11.2732 -7.51531 -4.35048
1010000 FRAC0_S 0 1 0 30226.4 9461.4 -4.02929e+06 -1.23514e+07 8.22245e+06 22586.4 52.6415 -22.382
1010000 FRAC0_S 0 1 0 29918.2 9484.3 -4.14178e+06 -81695.1 297183 12.341 2.50715 -4.98502
1010000 FRAC0_S 0 1 0 29618 9410.84 -4.04294e+06 -156548 266476 11.6281 4.82148 -4.53662
1010000 FRAC0_S 0 1 0 29355.3 9248.22 -3.79325e+06 -314818 211315 14.7708 9.83205 -3.73698
1010000 FRAC0_S 0 1 0 29155.5 9012.36 -3.03016e+06 -394886 150945 16.9257 14.6062 -3.23363
1010000 FRAC0_S 0 1 0 29038.5 8726.35 -1.98078e+06 -1.0457e+07 7.09586e+06 16440.8 54.8859 -23.9799
1010000 FRAC0_S 0 1 0 29015.7 8418.19 -815717 -401260 -26851 14.4434 37.8791 1.66844
1010000 FRAC0_S 0 1 0 29089.2 8118.03 -322817 -470639 -151682 22.798 52.3568 11.668
Step FractureNumber TipNr TipActive TipX TipY TipZ KI KII KIII G Phi Psi Extension
1010101 FRAC0_S 0 1 63.119 29197.3 7805.31 324668 736147 490788 89.7189 -50.6653 -21.3705
1010101 FRAC0_S 0 1 30.1238 29444.4 7581.4 895851 881756 -3069.38 140.799 -52.161 0.134352
1010101 FRAC0_S 0 1 -6.02739 29753.1 7448.03 1.26556e+06 -1.05178e+07 -6.59335e+06 15782.3 57.1978 23.7374
1010101 FRAC0_S 0 1 -19.4654 30089.6 7421.18 1.27379e+06 -180310 -303503 159.733 13.6257 12.485
1010101 FRAC0_S 0 1 2.4511 30410.5 7511.44 482523 -3.23084e+06 -2.04213e+06 1505.56 56.531 23.521
1010101 FRAC0_S 0 1 19.1327 30687.4 7700.55 273144 476433 -299541 38.8086 -49.1416 19.5802
1010101 FRAC0_S 0 1 -21.26 30907.8 7952.38 -264066 60945.5 -38371 0.526806 -21.5114 7.86837
1010101 FRAC0_S 0 1 -51.4002 31042.8 8255.25 -998777 91430.4 199398 6.03294 -9.57386 -11.2714
1010101 FRAC0_S 0 1 -15.523 31064.2 8586.57 -1.09838e+06 336402 111293 11.7316 -27.1478 -5.44374
1010101 FRAC0_S 0 1 47.6019 30973.4 8905.84 -1.40518e+06 -242176 -290163 16.4241 16.4054 10.9412
1010101 FRAC0_S 0 1 55.8763 30798.6 9191.89 -1.82506e+06 -1.17491e+06 -604066 171.539 38.2004 12.1464
1010101 FRAC0_S 0 1 33.1299 30553.1 9411.51 -3.62489e+06 -1.46273e+06 197760 195.858 33.3836 -2.87229
1010101 FRAC0_S 0 1 37.5666 30244.1 9537.02 -2.30704e+06 -1.09655e+06 107859 108.694 36.8927 -2.36474
1010101 FRAC0_S 0 1 24.1598 29907.9 9571.82 -4.09761e+06 -2.19264e+06 -1.25398e+06 637.549 34.7764 12.0532
1010101 FRAC0_S 0 1 9.56519 29580.6 9500.33 -4.3337e+06 -189111 457872 31.0698 5.21472 -6.89161
1010101 FRAC0_S 0 1 16.9436 29292.7 9321.06 -4.16041e+06 -1.19577e+06 -1.07504e+06 281.125 23.6105 12.1164
1010101 FRAC0_S 0 1 37.3279 29084.1 9059.42 1.27672e+06 -8.13921e+06 6.11463e+06 11021.2 54.1448 -25.5945
1010101 FRAC0_S 0 1 62.5547 28970.2 8743.86 1.39624e+06 -4.85433e+06 -99597.5 2274.87 66.1158 1.21525
1010101 FRAC0_S 0 1 70.9458 28948.3 8412.31 921671 -2.53636e+06 -4.25212e+06 3053.67 38.4797 32.9798
1010101 FRAC0_S 0 1 71.2606 29027 8092.22 9.16736e+06 -8.78858e+06 1.02068e+07 28227.3 36.8721 -23.9344