
Step FractureNumber TipNr TipActive TipX TipY TipZ KI KII KIII G Phi Psi Extension
1010000 FRAC0_S 0 1 -29200.9 29694.3 8006.53 -495378 -3.06828e+06 -3.22496e+06 2222.16 48.9767 29.6069
1010000 FRAC0_S 0 1 -29273.5 29939.9 7833.58 -359990 -865545 -3.17249e+06 1405.36 24.8412 39.0937
1010000 FRAC0_S 0 1 -29417.2 30191.4 7725.86 -612232 761425 -4.41254e+06 2641.24 -17.2109 40.2913
1010000 FRAC0_S 0 1 -29618 30424.1 7693.92 -379448 2.19322e+06 -3.2343e+06 1819.91 -42.8909 33.2065
1010000 FRAC0_S 0 1 -29856.2 30615.3 7740.88 -326627 2.7748e+06 -2.02794e+06 1233.08 -55.25 25.6798
1010000 FRAC0_S 0 1 -30108.5 30746.3 7862.16 -414389 4.49314e+06 -1.84386e+06 2251.16 -62.1683 18.841
1010000 FRAC0_S 0 1 -30350.1 30804.2 8045.87 -372526 4.30978e+06 -750931 1730.14 -67.0071 10.1501
1010000 FRAC0_S 0 1 -30557.4 30783.4 8274.03 -443729 5.06242e+06 19902.9 2283.77 -69.5073 -0.2805
1010000 FRAC0_S 0 1 -30710.2 30685.9 8524.31 -539683 4.38653e+06 830805 1806.42 -66.0331 -10.5691
1010000 FRAC0_S 0 1 -30793.5 30521.4 8772.21 -377080 2.63731e+06 1.09998e+06 780.722 -60.9783 -18.4947
1010000 FRAC0_S 0 1 -30799.1 30305.7 8993.47 -761370 3.09047e+06 2.1438e+06 1462.34 -53.565 -23.6706
1010000 FRAC0_S 0 1 -30726.5 30060.1 9166.42 -902101 2.06674e+06 2.60911e+06 1286.01 -42.2628 -29.2646
1010000 FRAC0_S 0 1 -30582.8 29808.6 9274.14 -1.15173e+06 990082 2.98825e+06 1274.99 -24.4121 -34.2378
1010000 FRAC0_S 0 1 -30382 29575.9 9306.08 -1.43946e+06 -398076 3.29491e+06 1458.02 10.4374 -36.4738
1010000 FRAC0_S 0 1 -30143.8 29384.7 9259.12 -1.40654e+06 -1.88519e+06 3.10436e+06 1598.42 35.1826 -30.0838
1010000 FRAC0_S 0 1 -29891.5 29253.7 9137.84 -1.5221e+06 -3.78609e+06 2.78047e+06 2305.57 50.1938 -22.913
1010000 FRAC0_S 0 1 -29649.9 29195.8 8954.13 -1.34405e+06 -5.20808e+06 1.87895e+06 2886.58 59.7706 -15.7441
1010000 FRAC0_S 0 1 -29442.6 29216.6 8725.97 -1.37853e+06 -6.54502e+06 558684 3858.74 66.3488 -4.99432
1010000 FRAC0_S 0 1 -29289.8 29314.1 8475.69 -987250 -4.70324e+06 -1.34327e+06 2211.14 62.3153 13.6925
1010000 FRAC0_S 0 1 -29206.5 29478.6 8227.79 -650254 -3.15498e+06 -1.88997e+06 1362.07 56.0741 22.2503
Step FractureNumber TipNr TipActive TipX TipY TipZ KI KII KIII G Phi Psi Extension
1010101 FRAC0_S 0 1 -29106.6 29715.2 8010.8 3.60143e+06 -2.85772e+06 -3.31229e+06 3342.69 34.9568 22.6483
1010101 FRAC0_S 0 1 -29194 29955.4 7794.8 1.56372e+06 -1.29778e+06 -3.72243e+06 2210.89 24.8761 33.5511
1010101 FRAC0_S 0 1 -29377.6 30194.8 7645.87 1.1321e+06 287815 -3.80112e+06 2043.25 -7.50493 39.2957
1010101 FRAC0_S 0 1 -29623.5 30417.5 7598.58 1.82536e+06 1.24238e+06 -2.88631e+06 1542.44 -26.1649 30.0567
1010101 FRAC0_S 0 1 -29892.6 30603.4 7650.19 2.59412e+06 1.40376e+06 -2.02817e+06 1322.35 -28.8143 22.5141
1010101 FRAC0_S 0 1 -30163.1 30730 7780.97 3.32635e+06 1.33101e+06 -1.50621e+06 1445.56 -26.9684 17.0904
1010101 FRAC0_S 0 1 -30416.1 30783 7974.49 3.0081e+06 897391 -798739 962.94 -24.1594 12.2924
1010101 FRAC0_S 0 1 -30631.6 30758.8 8212.27 3.60526e+06 826458 -363840 1236.71 -22.0483 5.72792
1010101 FRAC0_S 0 1 -30792.1 30660.9 8473.63 3.73776e+06 1.10465e+06 36015.1 1353.85 -28.1118 -0.574038
1010101 FRAC0_S 0 1 -30882.4 30495.7 8736.52 3.88506e+06 1.58864e+06 263943 1579.16 -33.3969 -3.51833
1010101 FRAC0_S 0 1 -30891.6 30273.2 8982.01 3.0847e+06 2.38558e+06 1.66989e+06 1725.92 -38.9611 -16.4371
1010101 FRAC0_S 0 1 -30816.1 30025.5 9179.66 1.0027e+06 1.6579e+06 1.70692e+06 722.026 -43.0571 -25.4436
1010101 FRAC0_S 0 1 -30651.8 29771.4 9323.34 -5869.12 1.44595e+06 2.40162e+06 953.423 -42.677 -35.7946
1010101 FRAC0_S 0 1 -30409.9 29545.2 9387.33 -575964 -90166.3 2.28149e+06 693.017 4.21703 -40.6028
1010101 FRAC0_S 0 1 -30127.2 29366.9 9351.26 273807 -706035 3.20173e+06 1414.5 21.6426 -40.3762
1010101 FRAC0_S 0 1 -29843.6 29249.5 9222.97 708930 -1.78287e+06 1.6733e+06 700.421 47.1011 -26.0098
1010101 FRAC0_S 0 1 -29584.3 29204.5 9027.59 1.60351e+06 -2.11347e+06 1.08076e+06 782.505 48.0883 -15.896
1010101 FRAC0_S 0 1 -29366.7 29234.1 8787.76 4.06225e+06 -2.13108e+06 1.18248e+06 2061.15 34.6064 -11.6567
1010101 FRAC0_S 0 1 -29205.4 29333.4 8524.33 6.0414e+06 -3.23404e+06 90850.6 4185.48 39.9944 -0.753475
1010101 FRAC0_S 0 1 -29114.8 29498.4 8259.24 5.36375e+06 -3.43307e+06 -1.90802e+06 4098.11 37.6989 12.8542