
Step FractureNumber TipNr TipActive TipX TipY TipZ KI KII KIII G Phi Psi Extension
1010000 FRAC0_S 0 1 44360.4 -44254.8 8394.46 -2.12593e+06 2.92346e+06 -1.48933e+06 1056.6 -48.6011 16.0541
1010000 FRAC0_S 0 1 44239.9 -44386.6 8646.69 -2.27907e+06 3.67946e+06 -833371 1298.78 -55.3 9.07383
1010000 FRAC0_S 0 1 44193.8 -44578.4 8884.55 -2.09813e+06 3.635e+06 -45496.4 1177.71 -60.3673 0.612066
1010000 FRAC0_S 0 1 44226.7 -44811.5 9084.78 -2.06838e+06 3.53861e+06 725204 1185.76 -56.3758 -8.50023
1010000 FRAC0_S 0 1 44335.2 -45063 9227.76 -2.11244e+06 3.0292e+06 1.41303e+06 1083.23 -49.7497 -15.2813
1010000 FRAC0_S 0 1 44508.8 -45308.4 9299.51 -2.12703e+06 2.19683e+06 1.98678e+06 955.04 -40.2533 -21.2858
1010000 FRAC0_S 0 1 44730.5 -45523.6 9292.99 -2.20284e+06 1.19311e+06 2.39246e+06 888.126 -25.8828 -26.6014
1010000 FRAC0_S 0 1 44978.6 -45687.4 9208.86 -1.61728e+06 15416.3 1.80686e+06 434.233 -0.626083 -31.8681
1010000 FRAC0_S 0 1 45228.8 -45784.1 9055.33 -2.21e+06 -1.08244e+06 2.36493e+06 848.262 24.2239 -26.8394
1010000 FRAC0_S 0 1 45456.6 -45804 8847.44 -2.28129e+06 -2.32308e+06 2.12748e+06 1082.88 39.9764 -21.3546
1010000 FRAC0_S 0 1 45639.6 -45745.2 8605.54 -2.18578e+06 -2.89945e+06 1.46868e+06 1036.01 48.2357 -15.822
1010000 FRAC0_S 0 1 45760.1 -45613.4 8353.31 -2.31424e+06 -3.69736e+06 773256 1297.7 55.5046 -8.46087
1010000 FRAC0_S 0 1 45806.2 -45421.6 8115.45 -2.18925e+06 -3.60323e+06 26221.6 1157.03 59.852 -0.350831
1010000 FRAC0_S 0 1 45773.3 -45188.5 7915.22 -2.11204e+06 -3.46354e+06 -736184 1141.06 55.7457 8.64873
1010000 FRAC0_S 0 1 45664.8 -44937 7772.24 -2.31424e+06 -3.22362e+06 -1.58374e+06 1259.6 49.0288 15.714
1010000 FRAC0_S 0 1 45491.2 -44691.6 7700.49 -2.21073e+06 -2.23865e+06 -2.03542e+06 997.588 39.988 21.2312
1010000 FRAC0_S 0 1 45269.5 -44476.4 7707.01 -2.11693e+06 -1.16605e+06 -2.3629e+06 863.741 25.9286 26.8642
1010000 FRAC0_S 0 1 45021.4 -44312.6 7791.14 -1.53254e+06 -35954.1 -1.81094e+06 436.29 1.48155 32.3218
1010000 FRAC0_S 0 1 44771.2 -44215.9 7944.67 -2.14391e+06 1.10888e+06 -2.41373e+06 884.441 -24.716 27.2374
1010000 FRAC0_S 0 1 44543.4 -44196 8152.56 -2.6351e+06 2.38045e+06 -2.47483e+06 1319.54 -37.4223 22.1688
Step FractureNumber TipNr TipActive TipX TipY TipZ KI KII KIII G Phi Psi Extension
1010101 FRAC0_S 0 1 44276.6 -44247.1 8343.76 838955 3.10915e+06 -1.36443e+06 1171.73 -57.9587 17.8561
1010101 FRAC0_S 0 1 44150.1 -44398.2 8606.85 2.20032e+06 2.43803e+06 -482752 992.084 -50.7852 7.05959
1010101 FRAC0_S 0 1 44102.9 -44605.3 8855.51 1.79148e+06 2.2284e+06 -29856.3 728.606 -55.8413 0.573255
1010101 FRAC0_S 0 1 44136.5 -44849.5 9070.29 1.43084e+06 2.17323e+06 470786 632.774 -54.7552 -8.57118
1010101 FRAC0_S 0 1 44249.7 -45111.8 9231.83 1.01347e+06 2.68135e+06 1.02942e+06 873.132 -56.9105 -15.4294
1010101 FRAC0_S 0 1 44436.8 -45369.2 9324.39 -16705.2 2.72282e+06 1.60819e+06 1004.61 -60.2225 -24.3366
1010101 FRAC0_S 0 1 44686.1 -45592.8 9340.41 -738062 1.3499e+06 1.87064e+06 627.786 -39.6008 -29.4899
1010101 FRAC0_S 0 1 44976 -45752.9 9274.91 -1.54584e+06 94498.4 2.55406e+06 868.383 -3.11862 -35.2599
1010101 FRAC0_S 0 1 45268.6 -45832.4 9126.6 -174073 -1.4861e+06 1.98868e+06 722.796 45.4077 -32.7088
1010101 FRAC0_S 0 1 45525.5 -45830.6 8910.75 -130117 -2.53724e+06 1.76574e+06 988.324 57.1975 -25.8326
1010101 FRAC0_S 0 1 45723.6 -45752 8656.44 300399 -3.05655e+06 1.28421e+06 1059.9 61.84 -19.0561
1010101 FRAC0_S 0 1 45849.9 -45601.9 8393.04 1.37331e+06 -2.43412e+06 544319 735.437 56.4075 -9.23999
1010101 FRAC0_S 0 1 45897.3 -45395 8144.03 1.56741e+06 -2.67543e+06 24377 856.842 60.2596 -0.444509
1010101 FRAC0_S 0 1 45863.9 -45151 7928.83 1.55649e+06 -2.82893e+06 -612848 978.972 56.814 9.06762
1010101 FRAC0_S 0 1 45750.4 -44888.7 7767.25 892619 -2.80051e+06 -1.15972e+06 948.754 57.4801 16.7556
1010101 FRAC0_S 0 1 45563.1 -44631 7675.12 48922.9 -2.59309e+06 -1.7963e+06 1028.55 57.9007 26.1631
1010101 FRAC0_S 0 1 45314.1 -44407 7659.74 -786604 -1.27546e+06 -2.00518e+06 679.721 37.0192 30.4337
1010101 FRAC0_S 0 1 45024.4 -44246.7 7725.47 -1.64557e+06 -143064 -2.67963e+06 956.817 4.41073 34.9086
1010101 FRAC0_S 0 1 44701.1 -44162.5 7894.18 -868589 1.78709e+06 -2.48544e+06 1106.18 -40.2069 29.9959
1010101 FRAC0_S 0 1 44474.8 -44167.6 8089.65 -43043.6 2.50638e+06 -1.84816e+06 1014.07 -57.0537 26.9522