
Step FractureNumber TipNr TipActive TipX TipY TipZ KI KII KIII G Phi Psi Extension
1010000 FRAC0_S 0 1 22225.1 948.641 8500 35070.4 1489.1 556.31 0.109838 -5.50417 -1.16169
1010000 FRAC0_S 0 1 21945.3 817.243 8500 53131.5 45337.7 -68096.5 1.05146 -32.9206 26.3729
1010000 FRAC0_S 0 1 21720 605.846 8500 35355.4 -82.7032 -284.719 0.111399 0.323744 0.619581
1010000 FRAC0_S 0 1 21570.9 335.145 8500 40516.6 -2716.35 728.208 0.147011 8.3833 -1.283
1010000 FRAC0_S 0 1 21512.8 31.6375 8500 44351.5 -2450.88 53.9917 0.17582 7.13134 -0.0898341
1010000 FRAC0_S 0 1 21551.4 -274.967 8500 43689.6 -733.543 -405.13 0.170161 2.27213 0.70222
1010000 FRAC0_S 0 1 21682.7 -554.656 8500 34592.2 -312.346 14.3027 0.106639 1.24669 -0.0319432
1010000 FRAC0_S 0 1 21894.1 -780.05 8500 26040.2 -131712 -21926.5 1.67026 65.0113 9.02702
1010000 FRAC0_S 0 1 22164.8 -929.089 8500 35898 -820.248 -639.914 0.114948 3.04014 1.32639
1010000 FRAC0_S 0 1 22468.3 -987.181 8500 48507.4 1435.94 7534.84 0.217407 -3.45385 -9.65797
1010000 FRAC0_S 0 1 22774.9 -948.641 8500 41043.7 -528.613 -1248.62 0.150346 1.71759 2.24635
1010000 FRAC0_S 0 1 23054.7 -817.243 8500 34693.4 -744.877 -253.879 0.107314 2.89124 0.553145
1010000 FRAC0_S 0 1 23280 -605.846 8500 46357.6 -140126 -80968.9 2.81315 54.135 20.5893
1010000 FRAC0_S 0 1 23429.1 -335.145 8500 30642.1 43098.4 -97952.3 1.52528 -30.732 33.7588
1010000 FRAC0_S 0 1 23487.2 -31.6375 8500 53664.3 -626.81 4018.94 0.258807 1.49686 -5.21928
1010000 FRAC0_S 0 1 23448.6 274.967 8500 55958.9 -114767 -54138.1 1.84256 53.2193 16.8664
1010000 FRAC0_S 0 1 23317.3 554.656 8500 43826.4 -1312.38 562.805 0.171354 3.96255 -0.955547
1010000 FRAC0_S 0 1 23105.9 780.05 8500 53879 -133532 -23357.5 1.92015 60.5999 8.2387
1010000 FRAC0_S 0 1 22835.2 929.089 8500 40041 -75466 56685.8 1.07773 47.9117 -22.1013
1010000 FRAC0_S 0 1 22531.7 987.181 8500 41533 1602.68 248.203 0.153951 -5.07631 -0.445164
Step FractureNumber TipNr TipActive TipX TipY TipZ KI KII KIII G Phi Psi Extension
1010101 FRAC0_S 0 1 22213.2 966.006 8486.42 20774.2 26454.4 -112385 1.78067 -21.2808 38.56
1010101 FRAC0_S 0 1 21921.7 851.971 8472.83 58405.9 32630.9 -92969.4 1.54842 -22.6257 30.9854
1010101 FRAC0_S 0 1 21708.2 623.21 8486.42 -4980.16 -60154.1 -25287.1 0.407491 62.1567 19.2324
1010101 FRAC0_S 0 1 21570.9 335.145 8500 46046.9 6401.49 -12787.1 0.21434 -13.064 14.0212
1010101 FRAC0_S 0 1 21512.8 31.6375 8500 48437.7 65846.9 -103827 2.02918 -35.8855 29.6522
1010101 FRAC0_S 0 1 21551.4 -274.967 8500 51510.5 70700.6 13396.4 0.70573 -53.9634 -7.38343
1010101 FRAC0_S 0 1 21676.3 -562.997 8522.66 120095 -33700.8 48915.1 1.70464 21.3404 -16.9003
1010101 FRAC0_S 0 1 21881.2 -796.733 8545.32 111512 -16782 -142910 3.84946 8.3951 31.9386
1010101 FRAC0_S 0 1 22158.3 -937.43 8522.66 -98708.1 60472.7 -113413 2.03658 -27.6129 26.7397
1010101 FRAC0_S 0 1 22468.3 -987.181 8500 4243.4 -581971 -17845.3 30.2246 69.9064 2.2755
1010101 FRAC0_S 0 1 22774.9 -948.641 8500 32607.9 -5195.01 41196.1 0.32287 8.90375 -31.7012
1010101 FRAC0_S 0 1 23066.2 -826.227 8520.26 80363.9 -44423 87936.3 1.77982 26.1835 -26.6047
1010101 FRAC0_S 0 1 23323.4 -631.106 8527.74 100311 -77244.8 -7192.34 1.43523 46.2981 2.98656
1010101 FRAC0_S 0 1 23481.1 -358.712 8494.71 34468 164389 284888 13.3084 -39.4919 -34.4906
1010101 FRAC0_S 0 1 23521.7 -34.762 8507.25 60889.5 -75371.5 -21056.9 0.895571 51.0067 9.84904
1010101 FRAC0_S 0 1 23477.3 283.301 8540.05 226972 -128044 8566.92 6.06135 40.6224 -1.81955
1010101 FRAC0_S 0 1 23339.1 568.515 8541.8 139078 -55515.8 -167369 5.72393 19.8257 29.011
1010101 FRAC0_S 0 1 23126.6 815.199 8562.12 77022.6 36747.1 -268571 10.2423 -12.8089 38.5074
1010101 FRAC0_S 0 1 22854.1 970.309 8558.89 134316 -58827.2 -190380 6.73654 19.8272 30.5875
1010101 FRAC0_S 0 1 22537.4 1002.95 8518.56 19787.4 -13443.7 -121693 2.02062 11.6215 40.9077