
Step FractureNumber TipNr TipActive TipX TipY TipZ KI KII KIII G Phi Psi Extension
1010000 FRAC0_S 0 1 29119.2 29553 8500 -1.47661e+06 -3.25198e+06 515311 977.687 59.8997 -7.34628
1010000 FRAC0_S 0 1 29300.5 29302.7 8500 -1.39457e+06 -3.42562e+06 -238578 1053.26 62.7044 3.60518
1010000 FRAC0_S 0 1 29550.2 29120.6 8500 -1.46492e+06 -3.0275e+06 -939984 934.275 56.2814 12.5085
1010000 FRAC0_S 0 1 29843.9 29024.7 8500 -1.39452e+06 -2.42207e+06 -1.58539e+06 857.046 48.6991 20.0493
1010000 FRAC0_S 0 1 30153 29024.2 8500 -1.08263e+06 -1.21333e+06 -1.57204e+06 459.868 37.0279 26.25
1010000 FRAC0_S 0 1 30447 29119.2 8500 -1.1967e+06 -499003 -1.99205e+06 549.968 17.6622 32.5048
1010000 FRAC0_S 0 1 30697.3 29300.5 8500 -973949 315708 -1.58273e+06 342.051 -14.542 32.9598
1010000 FRAC0_S 0 1 30879.4 29550.2 8500 -1.07956e+06 1.12824e+06 -1.60935e+06 457.904 -35.2646 27.0197
1010000 FRAC0_S 0 1 30975.3 29843.9 8500 -1.08851e+06 1.83057e+06 -1.35363e+06 542.307 -47.1318 21.3989
1010000 FRAC0_S 0 1 30975.8 30153 8500 -1.02722e+06 2.23234e+06 -876024 546.134 -55.1744 15.0417
1010000 FRAC0_S 0 1 30880.8 30447 8500 -898787 2.20743e+06 -327868 448.509 -61.0686 7.1462
1010000 FRAC0_S 0 1 30698.5 30698.4 8500 -812264 1.57866e+06 204151 227.62 -59.2616 -5.93192
1010000 FRAC0_S 0 1 30449.8 30879.4 8500 -915411 2.08994e+06 573907 433.025 -57.8804 -11.6583
1010000 FRAC0_S 0 1 30156.1 30975.3 8500 -964376 1.87965e+06 1.00456e+06 449.047 -51.6786 -18.1112
1010000 FRAC0_S 0 1 29847 30975.8 8500 -1.09115e+06 1.50638e+06 1.51212e+06 506.313 -41.9117 -24.232
1010000 FRAC0_S 0 1 29553 30880.8 8500 -1.09255e+06 688359 1.67298e+06 414.473 -25.1215 -30.0388
1010000 FRAC0_S 0 1 29302.7 30699.5 8500 -1.17351e+06 -104197 1.85729e+06 459.754 4.57582 -34.6277
1010000 FRAC0_S 0 1 29120.6 30449.8 8500 -1.21757e+06 -1.05896e+06 1.79469e+06 528.306 31.6792 -27.9715
1010000 FRAC0_S 0 1 29024.7 30156.1 8500 -1.20329e+06 -1.9017e+06 1.44908e+06 601.54 46.2553 -21.478
1010000 FRAC0_S 0 1 29024.2 29847 8500 -1.37465e+06 -2.75274e+06 1.18067e+06 860.639 53.7775 -15.7168
Step FractureNumber TipNr TipActive TipX TipY TipZ KI KII KIII G Phi Psi Extension
1010101 FRAC0_S 0 1 29074.2 29531.3 8585.64 3.32929e+06 -3.0677e+06 697305 1890.98 47.4495 -7.34787
1010101 FRAC0_S 0 1 29266.7 29268.5 8586.85 3.06995e+06 -2.64652e+06 -92269 1465.09 49.2547 1.23067
1010101 FRAC0_S 0 1 29526.8 29071.5 8582.58 2.73971e+06 -2.79805e+06 -896692 1473.45 47.6427 10.229
1010101 FRAC0_S 0 1 29835.5 28960 8573.41 1.71072e+06 -2.76029e+06 -1.57445e+06 1269.43 49.3294 18.0757
1010101 FRAC0_S 0 1 30167.3 28947.3 8556.47 564284 -2.33125e+06 -2.26403e+06 1194.39 48.9657 27.8725
1010101 FRAC0_S 0 1 30488.7 29039.9 8523.95 -470017 -986231 -2.39016e+06 846.484 31.2944 35.7267
1010101 FRAC0_S 0 1 30760.4 29235.6 8480.6 -684194 744191 -2.35045e+06 784.125 -24.8563 35.749
1010101 FRAC0_S 0 1 30949.5 29511.7 8446.54 249031 1.44049e+06 -1.73279e+06 589.772 -46.5259 31.0332
1010101 FRAC0_S 0 1 31041.1 29831.4 8428.4 1.11515e+06 1.61068e+06 -1.44878e+06 621.153 -43.5954 23.0951
1010101 FRAC0_S 0 1 31031.6 30160.2 8418.75 1.51657e+06 1.51671e+06 -889192 515.102 -43.668 15.9861
1010101 FRAC0_S 0 1 30925.5 30469.2 8414.23 2.32497e+06 1.82324e+06 -478965 808.414 -44.2959 7.7203
1010101 FRAC0_S 0 1 30734.4 30732.6 8413.97 2.06385e+06 1.66272e+06 44446.7 626.18 -48.1201 -0.914757
1010101 FRAC0_S 0 1 30473.4 30927.3 8416.56 1.81024e+06 1.67832e+06 512063 577.885 -46.4125 -9.44304
1010101 FRAC0_S 0 1 30164.1 31036.1 8422.9 1.34661e+06 1.81439e+06 1.00404e+06 589.016 -47.7035 -16.8853
1010101 FRAC0_S 0 1 29833.5 31048 8436.37 967513 2.11442e+06 1.69419e+06 863.552 -48.2597 -23.5159
1010101 FRAC0_S 0 1 29512 30957.1 8464.06 -363147 815567 1.59999e+06 399.745 -35.0607 -33.9715
1010101 FRAC0_S 0 1 29238.3 30764.7 8506.5 -588468 -170888 2.26488e+06 684.852 7.68734 -39.9064
1010101 FRAC0_S 0 1 29048.1 30489.6 8546.32 103501 -1.44014e+06 1.99422e+06 714.698 45.39 -33.4818
1010101 FRAC0_S 0 1 28957 30168.9 8569.42 1.05727e+06 -2.14911e+06 1.62052e+06 860.452 48.4566 -22.4672
1010101 FRAC0_S 0 1 28966.8 29839.5 8580.03 2.05116e+06 -2.5413e+06 1.28589e+06 1170.32 47.4414 -15.4834