
Step FractureNumber TipNr TipActive TipX TipY TipZ KI KII KIII G Phi Psi Extension
1010000 FRAC0_S 0 1 -29214.5 598.84 8500 468969 -3.70626e+06 -270969 1253.41 68.0613 4.63106
1010000 FRAC0_S 0 1 -29438 812.246 8500 397548 -3.57828e+06 -1.13337e+06 1325.9 63.7151 15.6788
1010000 FRAC0_S 0 1 -29716.5 946.143 8500 7.36157e+06 -2.95401e+06 -1.76277e+06 6019.98 30.0528 10.6808
1010000 FRAC0_S 0 1 -30022.8 987.425 8500 483898 -2.13256e+06 -2.66112e+06 1367.97 45.1416 30.9398
1010000 FRAC0_S 0 1 -30326.8 932.051 8500 380685 -718129 -3.21123e+06 1430.36 21.3832 39.7958
1010000 FRAC0_S 0 1 -30598.8 785.442 8500 1.2217e+07 -1.27657e+06 -3.31067e+06 14903.1 10.2314 14.0862
1010000 FRAC0_S 0 1 -30812.2 561.948 8500 3.46258e+06 2.39726e+06 -2.51038e+06 2418.65 -34.3546 20.4252
1010000 FRAC0_S 0 1 -30946.1 283.447 8500 1.12593e+07 1.56392e+06 -3.55383e+06 13194.3 -12.7309 15.3721
1010000 FRAC0_S 0 1 -30987.4 -22.8005 8500 658187 4.47425e+06 -1.68053e+06 2198.11 -61.7514 17.2321
1010000 FRAC0_S 0 1 -30932.1 -326.815 8500 269411 4.93668e+06 -620469 2229.35 -68.3672 7.93198
1010000 FRAC0_S 0 1 -30785.5 -598.84 8500 344876 3.49134e+06 361181 1114.15 -68.0193 -6.46747
1010000 FRAC0_S 0 1 -30562 -812.246 8500 471916 4.0241e+06 1.28924e+06 1683.9 -63.513 -15.7434
1010000 FRAC0_S 0 1 -30283.5 -946.143 8500 453688 3.15759e+06 2.06186e+06 1472.22 -56.2369 -23.9896
1010000 FRAC0_S 0 1 -29977.2 -987.425 8500 451783 2.10675e+06 2.63301e+06 1335.75 -45.2852 -31.0711
1010000 FRAC0_S 0 1 -29673.2 -932.051 8500 4.52992e+06 2.53447e+06 2.95866e+06 3565.19 -30.9252 -20.149
1010000 FRAC0_S 0 1 -29401.2 -785.442 8500 -1.09214e+07 -2.06722e+06 2.27937e+06 1071.81 17.6722 -10.9092
1010000 FRAC0_S 0 1 -29187.8 -561.948 8500 395650 -1.37396e+06 2.18774e+06 818.73 40.1689 -33.0352
1010000 FRAC0_S 0 1 -29053.9 -283.447 8500 450266 -2.54238e+06 2.01453e+06 1133.8 53.0381 -26.04
1010000 FRAC0_S 0 1 -29012.6 22.8005 8500 515508 -3.52025e+06 1.45732e+06 1410.41 60.9709 -18.3708
1010000 FRAC0_S 0 1 -29067.9 326.815 8500 474541 -3.83644e+06 572683 1375.23 66.7813 -8.69288
Step FractureNumber TipNr TipActive TipX TipY TipZ KI KII KIII G Phi Psi Extension
1010101 FRAC0_S 0 1 -29184.2 622.532 8591.77 5.0807e+06 -1.03811e+06 610298 2445.81 19.9321 -6.80278
1010101 FRAC0_S 0 1 -29411.8 856.847 8580.54 3.38333e+06 -1.209e+06 -262106 1159.42 30.5252 4.11526
1010101 FRAC0_S 0 1 -29698.2 1014.33 8565.17 2.80594e+06 -2.53722e+06 -2.1703e+06 1901.69 39.2942 19.7773
1010101 FRAC0_S 0 1 -30025.1 1065.38 8557.07 2.07103e+06 -2.41285e+06 -906711 1010.33 48.6401 12.1862
1010101 FRAC0_S 0 1 -30357.6 1013.18 8540.39 1.7155e+06 -411776 -3.69756e+06 2095.72 9.54721 36.2161
1010101 FRAC0_S 0 1 -30653.3 858.282 8503.89 1.59745e+06 225650 -3.45342e+06 1818.1 -5.85907 36.9143
1010101 FRAC0_S 0 1 -30884.4 611.996 8470.72 1.36878e+06 943745 -2.96558e+06 1416.01 -22.7946 33.4076
1010101 FRAC0_S 0 1 -31021.7 308.912 8452.85 2.41485e+06 1.5827e+06 -2.99657e+06 1937.12 -28.0961 27.3609
1010101 FRAC0_S 0 1 -31043.2 -19.3985 8427.21 6.00967e+06 -5.06712e+06 -2.03752e+06 6058.42 43.643 11.322
1010101 FRAC0_S 0 1 -30968.8 -338.861 8408.32 4.64268e+06 990860 -1.18381e+06 2194.59 -18.8694 12.5494
1010101 FRAC0_S 0 1 -30815.4 -622.406 8408.02 382569 -596013 -3.32581e+06 1515.81 18.0432 40.5662
1010101 FRAC0_S 0 1 -30586.1 -849.567 8411.28 3.5212e+06 -678303 -2.02466e+06 1691.06 14.4257 21.8808
1010101 FRAC0_S 0 1 -30297.4 -999.519 8418.29 3.16162e+06 1.03032e+06 1.77218e+06 1403.03 -22.0963 -20.2633
1010101 FRAC0_S 0 1 -29973.3 -1056.15 8430.83 3.09908e+06 1.39512e+06 2.78537e+06 2061.13 -24.2598 -25.0136
1010101 FRAC0_S 0 1 -29644.2 -1009.05 8464.13 1.87221e+06 711823 2.84634e+06 1435.02 -17.1487 -31.8176
1010101 FRAC0_S 0 1 -29349.5 -854.434 8518.45 1.66616e+06 500094 3.24965e+06 1674.17 -12.3305 -34.9208
1010101 FRAC0_S 0 1 -29127.5 -606.943 8559.81 1.4956e+06 231223 3.0325e+06 1427.17 -6.63641 -36.3017
1010101 FRAC0_S 0 1 -28997.2 -302.664 8577.94 6.47931e+06 -1.28956e+06 3.87897e+06 5890.32 14.6417 -22.3158
1010101 FRAC0_S 0 1 -28964.6 22.308 8586.67 1.02473e+07 2.7626e+06 3.73129e+06 11889 -21.1964 -15.7454
1010101 FRAC0_S 0 1 -29029.8 339.282 8591 4.32614e+06 -783195 1.79383e+06 2150.37 14.9826 -18.0404