
Step FractureNumber TipNr TipActive TipX TipY TipZ KI KII KIII G Phi Psi Extension
1010000 FRAC0_S 0 1 15000 44049 8233.09 2.41371e+06 -2.08538e+06 -1.30191e+06 1132.1 41.2819 15.8433
1010000 FRAC0_S 0 1 15000 44178.1 7952.3 2.6276e+06 -2.12143e+06 -1.82916e+06 1461.27 37.869 19.1375
1010000 FRAC0_S 0 1 15000 44387.6 7725.12 2.44441e+06 -664313 -2.20667e+06 1219.4 16.4037 26.694
1010000 FRAC0_S 0 1 15000 44657 7573.79 2.40104e+06 -509394 -2.75377e+06 1545.41 12.0244 30.1213
1010000 FRAC0_S 0 1 15000 44960 7513.12 2.47743e+06 1.78125e+06 -1.86894e+06 1294.22 -34.7817 20.7204
1010000 FRAC0_S 0 1 15000 45266.9 7549.06 2.13578e+06 1.98457e+06 -1.12732e+06 926.462 -42.9339 15.2333
1010000 FRAC0_S 0 1 15000 45547.7 7678.08 2.10513e+06 2.34756e+06 -700452 951.237 -49.2509 9.99262
1010000 FRAC0_S 0 1 15000 45774.9 7887.55 2.3667e+06 2.90671e+06 -255423 1260.69 -54.2552 3.53304
1010000 FRAC0_S 0 1 15000 45926.2 8156.97 2.1891e+06 2.5038e+06 233753 992.927 -53.0704 -3.62656
1010000 FRAC0_S 0 1 15000 45986.8 8459.98 2.27241e+06 2.46282e+06 696656 1065.19 -49.086 -9.46094
1010000 FRAC0_S 0 1 15000 45951 8766.91 2.69114e+06 2.44209e+06 1.26761e+06 1390.5 -43.2244 -14.1527
1010000 FRAC0_S 0 1 15000 45821.9 9047.7 2.53605e+06 1.68165e+06 1.54116e+06 1141.01 -34.9126 -18.5106
1010000 FRAC0_S 0 1 15000 45638.3 9254.46 2.76514e+06 1.07897e+06 1.98656e+06 1309.95 -23.5101 -22.7446
1010000 FRAC0_S 0 1 15000 45343 9426.21 2.80808e+06 76780 1.99412e+06 1232.06 -2.18583 -26.3673
1010000 FRAC0_S 0 1 15000 45040 9486.88 2.68482e+06 -292281 1.75626e+06 1060.17 8.37797 -24.3979
1010000 FRAC0_S 0 1 15000 44733.1 9450.94 2.50514e+06 -1.41505e+06 1.58105e+06 1070.12 31.3799 -19.6914
1010000 FRAC0_S 0 1 15000 44452.3 9321.92 3.08029e+06 -2.63776e+06 1.41991e+06 1733.65 42.1764 -14.2102
1010000 FRAC0_S 0 1 15000 44225.1 9112.45 3.13441e+06 -3.36423e+06 771531 1963.19 49.795 -7.90593
1010000 FRAC0_S 0 1 15000 44073.8 8843.03 2.64415e+06 -1.5349e+06 -1.07821e+06 987.57 34.9073 14.609
1010000 FRAC0_S 0 1 15000 44013.2 8540.02 2.93535e+06 -3.02206e+06 -833941 1674.12 48.4372 9.08038
Step FractureNumber TipNr TipActive TipX TipY TipZ KI KII KIII G Phi Psi Extension
1010101 FRAC0_S 0 1 15067 43979.9 8212.67 5.03389e+06 -900044 -2.17784e+06 2961.06 14.672 18.5627
1010101 FRAC0_S 0 1 15052.7 44127.4 7882.33 3.53601e+06 -47353.3 -2.48957e+06 1938.7 1.08739 26.4299
1010101 FRAC0_S 0 1 15034.6 44332.9 7653.62 2.96857e+06 358116 -2.50569e+06 1631.74 -8.33227 27.4193
1010101 FRAC0_S 0 1 15003.2 44624.3 7488.6 3.14508e+06 576167 -2.55635e+06 1780.16 -12.2597 26.2907
1010101 FRAC0_S 0 1 14959.6 44954.8 7431.54 3.4539e+06 381527 -2.12191e+06 1674.83 -8.67894 23.5957
1010101 FRAC0_S 0 1 14932.7 45285 7479.72 3.53032e+06 150414 -1.82207e+06 1554.16 -3.77447 22.209
1010101 FRAC0_S 0 1 14924.8 45582.2 7624.24 4.78867e+06 516645 -1.71189e+06 2456.96 -9.92811 17.0646
1010101 FRAC0_S 0 1 14920.4 45821 7850.65 6.23571e+06 1.67764e+06 -1.06248e+06 3865.9 -23.7215 8.77058
1010101 FRAC0_S 0 1 14920.8 45982.2 8136.82 4.94964e+06 772291 71708 2236.93 -17.4182 -0.960353
1010101 FRAC0_S 0 1 14925.1 46051.2 8458.36 5.07358e+06 862024 880316 2463.08 -16.5864 -9.52368
1010101 FRAC0_S 0 1 14932.6 46019.4 8787.45 5.71625e+06 1.54763e+06 1.72679e+06 3521.72 -22.0251 -13.7637
1010101 FRAC0_S 0 1 14944.3 45887.8 9093.34 3.76978e+06 575910 1.99705e+06 1826.35 -12.1347 -21.2873
1010101 FRAC0_S 0 1 14964.8 45666.6 9345.64 3.05338e+06 -166456 1.89979e+06 1313.28 4.47786 -24.4001
1010101 FRAC0_S 0 1 14991.8 45375.6 9515.76 2.9322e+06 -1.01385e+06 1.66165e+06 1224.97 23.0233 -20.2152
1010101 FRAC0_S 0 1 15018.4 45056.4 9580.05 4.25686e+06 -15584.8 2.97138e+06 2789.04 0.30088 -26.4426
1010101 FRAC0_S 0 1 15046.4 44712.3 9532.17 4.60556e+06 -241121 2.67907e+06 2849.91 4.41367 -23.585
1010101 FRAC0_S 0 1 15065.7 44413.3 9383.31 5.67e+06 -459243 2.50288e+06 3716.75 7.2501 -19.8417
1010101 FRAC0_S 0 1 15069.3 44170.3 9155 5.88711e+06 -899295 1.60557e+06 3503.3 14.1987 -13.7152
1010101 FRAC0_S 0 1 15066.4 44006.1 8867.94 6.48357e+06 -1.59398e+06 264504 3981.6 24.1951 -2.44
1010101 FRAC0_S 0 1 15068.2 43942.7 8543.41 7.14937e+06 -1.67635e+06 -1.39393e+06 5063.56 21.081 10.025