
Step FractureNumber TipNr TipActive TipX TipY TipZ KI KII KIII G Phi Psi Extension
1010000 FRAC0_S 0 1 -45000 15987.2 8471.27 -3.84049e+06 2.69718e+06 1.66095e+06 1015.17 -38.4812 -14.4475
1010000 FRAC0_S 0 1 -45000 15947.8 8777.76 -4.17382e+06 1.79582e+06 1.96704e+06 801.989 -28.0938 -17.3046
1010000 FRAC0_S 0 1 -45000 15815.6 9057.06 -4.41725e+06 1.24423e+06 2.16416e+06 760.866 -20.4896 -19.0469
1010000 FRAC0_S 0 1 -45000 15603.5 9281.83 -4.65026e+06 380711 2.29623e+06 714.18 -7.08521 -21.203
1010000 FRAC0_S 0 1 -45000 15332.4 9430.08 -4.49472e+06 -721365 2.03269e+06 595.905 13.2389 -19.2777
1010000 FRAC0_S 0 1 -45000 15028.7 9487.27 -4.33676e+06 -1.44745e+06 1.68467e+06 564.163 24.5026 -15.9146
1010000 FRAC0_S 0 1 -45000 14722.2 9447.82 -4.08053e+06 -2.0521e+06 1.16602e+06 556.08 33.829 -11.6189
1010000 FRAC0_S 0 1 -45000 14442.9 9315.6 -4.83602e+06 -3.09963e+06 745763 930.113 41.0624 -6.45695
1010000 FRAC0_S 0 1 -45000 14218.2 9103.54 -3.98521e+06 -2.74885e+06 -12907.3 673.351 45.4194 0.149098
1010000 FRAC0_S 0 1 -45000 14070 8832.4 -4.24906e+06 -2.80024e+06 -976983 825.689 40.3233 9.00544
1010000 FRAC0_S 0 1 -45000 14012.8 8528.73 -4.11323e+06 -2.49088e+06 -1.66796e+06 922.9 35.8096 14.386
1010000 FRAC0_S 0 1 -45000 14052.2 8222.24 -3.45317e+06 -1.21959e+06 -2.13452e+06 738.516 22.8355 21.2134
1010000 FRAC0_S 0 1 -45000 14184.4 7942.94 -3.00368e+06 475881 -2.13908e+06 628.746 -11.3554 24.9124
1010000 FRAC0_S 0 1 -45000 14396.5 7718.17 -2.69146e+06 730801 -1.9796e+06 568.793 -17.659 24.1525
1010000 FRAC0_S 0 1 -45000 14667.6 7569.92 -2.22485e+06 2.30871e+06 -1.40715e+06 738.318 -43.8355 16.624
1010000 FRAC0_S 0 1 -45000 14971.3 7512.73 -3.56598e+06 3.50292e+06 -1.844e+06 1545.67 -44.21 14.725
1010000 FRAC0_S 0 1 -45000 15277.8 7552.18 -3.16594e+06 3.19041e+06 -1.41369e+06 1172.83 -45.6828 13.099
1010000 FRAC0_S 0 1 -45000 15557.1 7684.4 -3.54365e+06 3.68673e+06 -256286 1219.92 -51.9668 2.63146
1010000 FRAC0_S 0 1 -45000 15781.8 7896.46 -3.53931e+06 3.8118e+06 -61736.2 1295.26 -53.4809 0.647316
1010000 FRAC0_S 0 1 -45000 15930 8167.6 -3.64857e+06 3.09513e+06 1.12997e+06 1023.47 -44.217 -10.5143
Step FractureNumber TipNr TipActive TipX TipY TipZ KI KII KIII G Phi Psi Extension
1010101 FRAC0_S 0 1 -45060.4 16064.5 8470.31 -1.41238e+06 3.63523e+06 1.58689e+06 1512.51 -55.6942 -16.7687
1010101 FRAC0_S 0 1 -45047.9 16029.1 8802.81 -2.48978e+06 3.30932e+06 1.86224e+06 1437.13 -47.4124 -17.0097
1010101 FRAC0_S 0 1 -45032.4 15890.6 9109.33 -3.79615e+06 2.35534e+06 2.26315e+06 1175.55 -33.7029 -18.5913
1010101 FRAC0_S 0 1 -45009.2 15661.4 9357.23 -4.47534e+06 519275 2.44123e+06 816.654 -9.43538 -22.0509
1010101 FRAC0_S 0 1 -44981.2 15364.6 9518.28 -4.81972e+06 -1.91638e+06 2.6343e+06 1250.22 25.7042 -19.32
1010101 FRAC0_S 0 1 -44959.6 15032.4 9575.6 -3.6547e+06 -3.61944e+06 1.99076e+06 1694.47 44.0095 -15.2364
1010101 FRAC0_S 0 1 -44945.4 14700.6 9525.99 -2.13532e+06 -4.17635e+06 668047 1613.6 58.7077 -7.16328
1010101 FRAC0_S 0 1 -44935.4 14402 9377.38 -1.24224e+06 -3.86198e+06 553891 1369.87 62.9461 -7.31944
1010101 FRAC0_S 0 1 -44931.8 14161.8 9146.97 -1.22535e+06 -5.60652e+06 -196857 2806.16 67.1341 2.1587
1010101 FRAC0_S 0 1 -44935.2 13999.9 8856.54 -1.60688e+06 -5.80028e+06 -1.17087e+06 3180.28 62.6598 10.0319
1010101 FRAC0_S 0 1 -44944.9 13932.1 8529.84 -1.92697e+06 -4.12275e+06 -1.67209e+06 1886.46 54.7932 15.3428
1010101 FRAC0_S 0 1 -44970.8 13967.4 8196.04 -2.72306e+06 -2.46821e+06 -2.39005e+06 1302.6 38.1596 21.3102
1010101 FRAC0_S 0 1 -45007.7 14107.3 7889.95 -2.42417e+06 17930.7 -2.32604e+06 719.617 -0.525484 30.1974
1010101 FRAC0_S 0 1 -45037.4 14341 7649.65 -2.2084e+06 2.06911e+06 -2.43278e+06 1168.65 -36.5133 23.941
1010101 FRAC0_S 0 1 -45059.6 14640.3 7499.2 -749916 2.98254e+06 -1.92086e+06 1283.41 -54.3769 22.6928
1010101 FRAC0_S 0 1 -45070.1 14969 7443.16 214664 2.59216e+06 -986751 732.36 -62.9792 18.056
1010101 FRAC0_S 0 1 -45072.9 15295.7 7488.02 635667 3.58675e+06 -668097 1241.75 -65.0251 10.0398
1010101 FRAC0_S 0 1 -45077.4 15591.1 7633.11 882704 3.35504e+06 5154.09 1072.49 -66.9348 -0.0947023
1010101 FRAC0_S 0 1 -45077.3 15831 7859.53 583228 3.7217e+06 537749 1303.04 -66.2492 -8.25449
1010101 FRAC0_S 0 1 -45070.6 15995.1 8145.88 -191812 3.9016e+06 1.05255e+06 1503.82 -65.9069 -14.5734