
Step FractureNumber TipNr TipActive TipX TipY TipZ KI KII KIII G Phi Psi Extension
1010000 FRAC0_S 0 1 -14124.7 15457.6 8500 403598 -1.7411e+06 -1.40704e+06 547.952 51.808 25.7211
1010000 FRAC0_S 0 1 -14309 15705.7 8500 1.89588e+07 -931482 -731928 32177.8 6.18084 2.72683
1010000 FRAC0_S 0 1 -14560.8 15884.7 8500 524571 -231213 -1.60946e+06 373.804 13.0167 37.7961
1010000 FRAC0_S 0 1 -14855.7 15977.1 8500 478927 554919 -1.60974e+06 392.515 -26.3033 35.26
1010000 FRAC0_S 0 1 -15164.7 15973.8 8500 506152 1.32033e+06 -1.43737e+06 452.957 -45.1792 27.9503
1010000 FRAC0_S 0 1 -15457.6 15875.3 8500 893735 2.41799e+06 -1.37706e+06 844.382 -53.5815 20.0616
1010000 FRAC0_S 0 1 -15705.7 15691 8500 433026 1.80688e+06 -549142 347.743 -61.3192 14.0783
1010000 FRAC0_S 0 1 -15884.7 15439.2 8500 566675 2.51167e+06 -152482 593.857 -66.5317 3.60777
1010000 FRAC0_S 0 1 -15977.1 15144.3 8500 473158 2.47158e+06 384417 583.951 -65.3551 -8.56665
1010000 FRAC0_S 0 1 -15973.8 14835.3 8500 577048 2.24957e+06 845840 575.775 -59.4919 -16.2144
1010000 FRAC0_S 0 1 -15875.3 14542.4 8500 539790 1.65955e+06 1.20912e+06 465.825 -51.5703 -23.5171
1010000 FRAC0_S 0 1 -15678.6 14282.1 8500 -77376.8 1.27862e+06 340179 161.073 -65.7578 -14.3161
1010000 FRAC0_S 0 1 -15439.2 14115.3 8500 509319 344915 1.59834e+06 373.49 -18.3043 -36.817
1010000 FRAC0_S 0 1 -15144.3 14022.9 8500 -3.49756e+06 -1.30474e+06 1.89779e+06 630.711 24.6083 -19.4458
1010000 FRAC0_S 0 1 -14835.3 14026.2 8500 493693 -1.01698e+06 1.39966e+06 374.434 40.3738 -29.8797
1010000 FRAC0_S 0 1 -14542.4 14124.7 8500 483628 -1.60575e+06 1.05453e+06 398.506 53.2444 -22.45
1010000 FRAC0_S 0 1 -14301.9 14301.2 8500 493657 -2.06511e+06 685201 464.184 60.7558 -15.0031
1010000 FRAC0_S 0 1 -14115.3 14560.8 8500 484915 -2.22563e+06 239736 469.997 65.7769 -6.12029
1010000 FRAC0_S 0 1 -14022.9 14855.7 8500 516691 -2.19074e+06 -320477 465.119 64.649 7.88593
1010000 FRAC0_S 0 1 -14026.2 15164.7 8500 7.09388e+06 -2.08816e+06 -1.37828e+06 5125.5 24.9462 9.61804
Step FractureNumber TipNr TipActive TipX TipY TipZ KI KII KIII G Phi Psi Extension
1010101 FRAC0_S 0 1 -14057.6 15493.5 8552.53 1.1008e+06 -1.32946e+06 -2.45711e+06 1068.45 32.903 30.8734
1010101 FRAC0_S 0 1 -14249.7 15770.2 8530.66 820962 -392258 -886923 178.391 23.7068 27.055
1010101 FRAC0_S 0 1 -14509.2 15963.8 8503.71 865184 -249747 -1.33913e+06 310.765 13.5227 32.7367
1010101 FRAC0_S 0 1 -14841.3 16060.6 8465.74 826422 -94639.8 -959746 184.166 6.86738 31.2093
1010101 FRAC0_S 0 1 -15174.2 16043.9 8433.34 1.4048e+07 -9.54294e+06 -938519 25817.8 43.8709 2.93604
1010101 FRAC0_S 0 1 -15482.8 15927.3 8420.1 -4.92425e+06 2.23449e+06 -312669 457.923 -35.609 3.20641
1010101 FRAC0_S 0 1 -15738.6 15725.4 8413.08 867986 -380130 -369189 98.1398 29.0384 16.0858
1010101 FRAC0_S 0 1 -15921.4 15457.9 8409.48 1.31259e+06 -508649 -275882 186.705 29.8384 9.68999
1010101 FRAC0_S 0 1 -16019.1 15149.6 8410.08 896632 -4.81883e+06 -1.28551e+06 2360.66 63.1994 13.2097
1010101 FRAC0_S 0 1 -16022.9 14825.3 8414.61 1.60659e+06 -5.89027e+06 -2.54339e+06 4182.06 58.0408 17.6413
1010101 FRAC0_S 0 1 -15922.5 14518.5 8416.49 1.46671e+06 -550121 339831 234.025 28.8662 -10.5614
1010101 FRAC0_S 0 1 -15729.7 14251.2 8426.97 1.31955e+06 -448131 1.12005e+06 339.906 20.04 -25.289
1010101 FRAC0_S 0 1 -15470.8 14043 8471.92 1.07759e+06 -106700 940137 222.042 6.85496 -28.0552
1010101 FRAC0_S 0 1 -15158.3 13937.9 8529.16 756755 169843 822057 143.48 -12.9375 -29.3754
1010101 FRAC0_S 0 1 -14825.3 13952.9 8562.83 -1.72505e+06 2.77609e+06 -1.0229e+06 825.901 -52.6778 13.3119
1010101 FRAC0_S 0 1 -14516.6 14070.9 8578.07 1.87186e+06 -1.32711e+06 898493 576.541 38.0009 -15.5171
1010101 FRAC0_S 0 1 -14260.7 14274.1 8586.46 1.43372e+06 -185409 375782 205.015 12.4071 -13.5219
1010101 FRAC0_S 0 1 -14077.6 14541.6 8590.01 697489 362997 287691 66.1008 -32.6203 -15.1419
1010101 FRAC0_S 0 1 -13970.2 14851.8 8578.52 -8.87619e+06 -1.84665e+06 3.31584e+06 1766.18 17.2044 -16.5821
1010101 FRAC0_S 0 1 -13957.1 15177.9 8563.33 1.19845e+06 -356105 -416034 162.307 23.0135 14.9966