
Step FractureNumber TipNr TipActive TipX TipY TipZ KI KII KIII G Phi Psi Extension
1010000 FRAC0_S 0 1 -14200 29687.6 8012.29 -222351 6.54329e+06 -1.19368e+06 4004.72 -67.7844 10.9556
1010000 FRAC0_S 0 1 -14270.4 29932.7 7837.69 394185 5.71549e+06 -852582 3021.47 -67.7553 9.05683
1010000 FRAC0_S 0 1 -14412.2 30184.4 7727.93 679219 5.54963e+06 -67049.1 2786.15 -69.0165 0.82693
1010000 FRAC0_S 0 1 -14611.6 30417.9 7693.74 1.27522e+06 7.39986e+06 2.15055e+06 5639.49 -62.9901 -14.1927
1010000 FRAC0_S 0 1 -14849 30610.5 7738.47 1.44733e+06 6.40888e+06 3.99021e+06 5964.34 -55.2521 -22.5287
1010000 FRAC0_S 0 1 -15101.2 30743.5 7857.74 1.16484e+06 2.52207e+06 5.15434e+06 4221.16 -34.2405 -34.2572
1010000 FRAC0_S 0 1 -15343.6 30803.6 8039.89 8.06181e+06 8.33641e+06 -1.00693e+06 12119.1 -50.9964 4.40203
1010000 FRAC0_S 0 1 -15552.2 30785.1 8267.07 -498569 -5.78103e+06 4.31036e+06 5449.12 55.5653 -26.2808
1010000 FRAC0_S 0 1 -15706.8 30689.7 8517.05 -1.19289e+06 -1.05867e+07 2.9255e+06 11125.6 64.5094 -14.2116
1010000 FRAC0_S 0 1 -15792.2 30526.8 8765.37 -2.96574e+07 -3.53714e+07 1.67755e+07 148917 47.4473 -14.6076
1010000 FRAC0_S 0 1 -15800 30312.4 8987.71 -3.21608e+06 -1.43498e+07 -4.66981e+06 21249.6 61.1956 14.9256
1010000 FRAC0_S 0 1 -15729.6 30067.3 9162.31 -2.92702e+06 -1.07503e+07 -6.80733e+06 16461.6 54.1929 22.2762
1010000 FRAC0_S 0 1 -15587.8 29815.6 9272.07 -2.483e+06 -6.90632e+06 -8.61866e+06 14129.7 43.3962 29.772
1010000 FRAC0_S 0 1 -15388.4 29582.1 9306.26 -2.26603e+06 -3.44999e+06 -1.03525e+07 15314.7 26.8319 36.5553
1010000 FRAC0_S 0 1 -15151 29389.5 9261.53 -2.19674e+06 983383 -1.06641e+07 15211.4 -9.59127 40.5023
1010000 FRAC0_S 0 1 -14898.8 29256.5 9142.26 -1.3659e+06 4.75462e+06 -9.23172e+06 13349.3 -36.6442 34.9709
1010000 FRAC0_S 0 1 -14656.4 29196.4 8960.11 -1.55039e+06 8.34101e+06 -8.36656e+06 15509.5 -49.3486 28.8133
1010000 FRAC0_S 0 1 -14447.8 29214.9 8732.93 -875534 9.12823e+06 -5.81773e+06 11926.6 -57.4721 24.2195
1010000 FRAC0_S 0 1 -14293.2 29310.3 8482.95 -681414 8.00785e+06 -3.24593e+06 7115.54 -62.4206 18.7723
1010000 FRAC0_S 0 1 -14207.8 29473.2 8234.63 -1.85052e+06 2.71281e+07 1.1203e+07 82271.3 -62.6125 -19.1819
Step FractureNumber TipNr TipActive TipX TipY TipZ KI KII KIII G Phi Psi Extension
1010101 FRAC0_S 0 1 -14221.3 29622 7940.62 8.4303e+06 -1.38856e+06 4.06042e+06 8697.62 13.3057 -19.9947
1010101 FRAC0_S 0 1 -14296.9 29876.5 7759.78 6.60296e+06 1.12763e+06 -475573 4028.5 -17.916 4.40951
1010101 FRAC0_S 0 1 -14443.3 30138.6 7645.14 6.96562e+06 1.01174e+06 -293581 4426.28 -16.078 2.72707
1010101 FRAC0_S 0 1 -14646.3 30386.9 7606.16 8.83016e+06 2.05671e+06 -1.50667e+06 7626.91 -21.3052 8.99466
1010101 FRAC0_S 0 1 -14887 30603.9 7649.09 1.19786e+06 -8.67213e+06 1.92188e+06 7320.71 65.1003 -11.8361
1010101 FRAC0_S 0 1 -15148.1 30756.9 7773.23 -4.98309e+06 -7.82455e+06 7.59238e+06 13122.3 43.3998 -24.4587
1010101 FRAC0_S 0 1 -15383.1 30837.3 7989.8 -1.93312e+06 1.41865e+07 1.48397e+07 47222.9 -49.454 -29.8057
1010101 FRAC0_S 0 1 -15555.6 30853.5 8278.87 1.38251e+07 -7.95989e+06 -3.43594e+06 24248.2 37.2123 10.0137
1010101 FRAC0_S 0 1 -15695.1 30773.6 8567.22 7.34952e+06 -3.489e+06 2.00458e+06 6432.5 32.8668 -11.3705
1010101 FRAC0_S 0 1 -15789.8 30603.1 8827.52 -8.52178e+06 7.52934e+06 1.39135e+07 30798.4 -30.7587 -29.1029
1010101 FRAC0_S 0 1 -15796.3 30377.6 9061.59 7.23928e+06 -4.00347e+06 -1.74933e+06 6505.24 36.4938 9.90412
1010101 FRAC0_S 0 1 -15725.8 30115.7 9248.04 1.46527e+07 -1.96024e+07 -1.45905e+07 81686.4 44.9101 20.3547
1010101 FRAC0_S 0 1 -15590.9 29838.5 9366.54 4.79146e+06 -4.49157e+06 -5.51768e+06 7892.66 36.0392 24.492
1010101 FRAC0_S 0 1 -15399.9 29565.1 9396.43 5.1229e+06 -6.6687e+06 -3.00572e+06 7503.04 48.8765 14.4822
1010101 FRAC0_S 0 1 -15172.1 29327.5 9323.89 2.3705e+06 -485539 -9.14703e+06 11649.6 5.54863 40.2763
1010101 FRAC0_S 0 1 -14923.3 29167.3 9164.35 3.58895e+06 1.96073e+06 -7.87734e+06 9743.34 -18.9513 34.4026
1010101 FRAC0_S 0 1 -14678.3 29101.4 8948.82 926004 -642398 -7.17966e+06 6969.01 9.90317 41.7878
1010101 FRAC0_S 0 1 -14467 29124.1 8698.58 6.36536e+06 2.74416e+06 -4.28892e+06 6728.09 -25.7373 21.5868
1010101 FRAC0_S 0 1 -14310.5 29226.7 8432.06 7.01278e+06 3.02631e+06 -2.78095e+06 6227.04 -29.1478 15.3671
1010101 FRAC0_S 0 1 -14225.2 29398 8171.8 9.27626e+06 3.08768e+07 -2.0878e+07 150597 -52.9119 22.8211