
Step FractureNumber TipNr TipActive TipX TipY TipZ KI KII KIII G Phi Psi Extension
1010000 FRAC0_S 0 1 44264.2 653.733 8582.09 164196 2.84096e+06 871195 822.559 -65.0059 -15.8633
1010000 FRAC0_S 0 1 44198.2 475.814 8825.98 394208 2.72961e+06 1.84422e+06 1130.13 -55.7893 -24.4075
1010000 FRAC0_S 0 1 44210.7 251.32 9037.97 578349 1.52341e+06 2.32819e+06 957.534 -39.8662 -31.8785
1010000 FRAC0_S 0 1 44300.5 2.2245 9197.29 654358 228382 2.48554e+06 864.465 -9.17072 -39.5886
1010000 FRAC0_S 0 1 44458.7 -247.088 9288.36 739523 -988199 2.29685e+06 837.398 30.1555 -33.7668
1010000 FRAC0_S 0 1 44669.9 -472.214 9302.26 697137 -1.95696e+06 1.95656e+06 893.711 46.8114 -27.1572
1010000 FRAC0_S 0 1 44913.5 -651.116 9237.63 508899 -2.14794e+06 1.16335e+06 614.198 56.5868 -20.6928
1010000 FRAC0_S 0 1 45165.5 -766.284 9100.79 1.14599e+06 -3.72857e+06 916463 1467.56 61.1212 -11.5175
1010000 FRAC0_S 0 1 45401.3 -806.441 8905.15 394607 -3.56454e+06 328956 1160.5 68.0069 -5.78946
1010000 FRAC0_S 0 1 45597.8 -767.659 8669.84 -868485 -3.16825e+06 -294980 906.039 64.9501 5.1586
1010000 FRAC0_S 0 1 45735.8 -653.733 8417.91 155178 -3.5311e+06 -1.02158e+06 1252.03 65.6266 15.3717
1010000 FRAC0_S 0 1 45801.8 -475.814 8174.02 490936 -2.97521e+06 -1.81362e+06 1247.73 56.6635 22.8994
1010000 FRAC0_S 0 1 45789.3 -251.32 7962.03 -41617 -2.41926e+06 -2.28343e+06 1215.02 53.1881 29.8969
1010000 FRAC0_S 0 1 45699.5 -2.2245 7802.71 -145198 -1.41754e+06 -2.80921e+06 1228.65 38.034 36.4943
1010000 FRAC0_S 0 1 45541.3 247.088 7711.64 -112113 -128465 -2.85044e+06 1082.1 5.69756 43.8661
1010000 FRAC0_S 0 1 45330.1 472.214 7697.74 -134754 1.04929e+06 -2.5644e+06 972.736 -33.7045 37.9168
1010000 FRAC0_S 0 1 45086.5 651.116 7762.37 -148135 2.43934e+06 -2.45791e+06 1333.73 -51.3245 30.1667
1010000 FRAC0_S 0 1 44834.5 766.284 7899.21 -94851.2 2.38354e+06 -1.30023e+06 731.105 -60.4582 22.9326
1010000 FRAC0_S 0 1 44598.7 806.441 8094.85 -45307.6 4.003e+06 -878313 1530.5 -67.5397 12.8569
1010000 FRAC0_S 0 1 44402.2 767.659 8330.16 -33846.4 3.39805e+06 89836.3 1030 -69.9137 -1.96824
Step FractureNumber TipNr TipActive TipX TipY TipZ KI KII KIII G Phi Psi Extension
1010101 FRAC0_S 0 1 44180.1 629.504 8535.35 3.52293e+06 858138 901239 1279.59 -20.8963 -12.3473
1010101 FRAC0_S 0 1 44105.9 455.024 8800.38 2.91155e+06 833527 1.6929e+06 1198.47 -19.8144 -21.0841
1010101 FRAC0_S 0 1 44118.4 235.171 9048.18 2.22938e+06 601522 2.1399e+06 1084.16 -15.9165 -27.4628
1010101 FRAC0_S 0 1 44231.8 -4.7915 9253.23 1.79444e+06 -66762.4 2.44187e+06 1080.37 2.15526 -33.636
1010101 FRAC0_S 0 1 44434.6 -243.304 9376.91 2.18661e+06 -517625 2.27209e+06 1136.53 13.8051 -28.7339
1010101 FRAC0_S 0 1 44685.8 -462.712 9397.94 2.55943e+06 -607137 1.76085e+06 1028.96 16.1875 -23.6597
1010101 FRAC0_S 0 1 44954.7 -639.557 9326.69 2.96933e+06 -631860 1.25911e+06 1032.1 17.0175 -17.992
1010101 FRAC0_S 0 1 45222.9 -751.029 9180.31 3.72226e+06 -740996 784549 1365.43 18.3725 -10.9235
1010101 FRAC0_S 0 1 45469.8 -786.843 8974.48 3.98236e+06 -554282 242487 1448.41 15.2956 -3.87266
1010101 FRAC0_S 0 1 45674.8 -745.903 8729.15 3.72608e+06 -70250.1 -300499 1249.62 2.38006 5.54369
1010101 FRAC0_S 0 1 45820.2 -630.806 8464.92 4.09668e+06 -1.06956e+06 -1.21034e+06 1792.29 21.5132 13.6163
1010101 FRAC0_S 0 1 45892.6 -450.871 8204.76 4.08173e+06 -1.36527e+06 -2.30466e+06 2357.14 22.4862 20.2733
1010101 FRAC0_S 0 1 45882.4 -221.543 7971.35 2.13898e+06 -1.06859e+06 -2.13926e+06 1118.12 25.1837 25.9251
1010101 FRAC0_S 0 1 45783.8 30.8731 7777.67 1.62143e+06 -884109 -2.92427e+06 1441.26 20.9397 32.4361
1010101 FRAC0_S 0 1 45593.2 273.184 7644.89 978001 -43099.6 -2.95929e+06 1250.13 1.50771 39.7499
1010101 FRAC0_S 0 1 45333.1 482.77 7606.58 2.39636e+06 734358 -2.39677e+06 1323.79 -17.3642 27.6169
1010101 FRAC0_S 0 1 45051 648.119 7671.55 3.04165e+06 1.80895e+06 -2.78762e+06 2149.53 -29.2298 24.0713
1010101 FRAC0_S 0 1 44778.2 753.786 7818.9 3.32335e+06 1.28873e+06 -1.60285e+06 1473.88 -26.0206 17.9215
1010101 FRAC0_S 0 1 44530.9 785.484 8025.25 4.21767e+06 1.05588e+06 -772533 1763.87 -22.3146 9.42761
1010101 FRAC0_S 0 1 44326.5 742.262 8270.63 3.76438e+06 768841 113890 1317.14 -21.2462 -1.89179