
Step FractureNumber TipNr TipActive TipX TipY TipZ KI KII KIII G Phi Psi Extension
1010000 FRAC0_S 0 1 -45000 984.872 8574.53 -46858.5 -226879 595641 51.7738 31.7681 -37.95
1010000 FRAC0_S 0 1 -45000 913.64 8875.22 -227556 -575595 338932 44.8013 52.778 -20.2415
1010000 FRAC0_S 0 1 -45000 752.975 9139.18 -322388 -798019 106438 58.2551 61.4477 -6.51872
1010000 FRAC0_S 0 1 -45000 518.603 9340.58 -281666 -517229 114487 25.5825 56.832 -9.25837
1010000 FRAC0_S 0 1 -45000 233.466 9459.7 -359460 -568612 -2468.36 28.8118 59.4106 0.206672
1010000 FRAC0_S 0 1 -45000 -74.5244 9484.87 -399062 -577880 -134103 32.1497 53.8803 8.93383
1010000 FRAC0_S 0 1 -45000 -375.22 9413.64 -415321 -517091 -263656 33.072 47.4422 15.5904
1010000 FRAC0_S 0 1 -45000 -639.186 9252.98 -297039 -297505 -288625 18.9666 39.2172 21.9664
1010000 FRAC0_S 0 1 -45000 -840.583 9018.61 -282683 -299142 -437595 33.4422 35.0545 27.4015
1010000 FRAC0_S 0 1 -45000 -959.699 8733.46 -195691 -25828.8 -538614 38.6434 4.67629 38.7004
1010000 FRAC0_S 0 1 -45000 -984.872 8425.47 -94183.4 257601 -589905 52.1955 -33.0591 35.912
1010000 FRAC0_S 0 1 -45000 -913.64 8124.78 38716.5 484494 -495745 53.7372 -50.7416 30.1375
1010000 FRAC0_S 0 1 -45000 -752.975 7860.82 169793 801751 -414414 82.6906 -57.5626 20.3723
1010000 FRAC0_S 0 1 -45000 -518.603 7659.42 254892 817582 -215186 71.5128 -60.671 12.1133
1010000 FRAC0_S 0 1 -45000 -233.466 7540.3 268930 667342 -31678 46.2629 -63.2486 2.51735
1010000 FRAC0_S 0 1 -45000 74.5244 7515.13 333169 840705 146734 75.7365 -60.7561 -8.25927
1010000 FRAC0_S 0 1 -45000 375.22 7586.36 322191 721121 316050 68.8739 -54.5689 -16.3511
1010000 FRAC0_S 0 1 -45000 639.186 7747.02 403933 607938 307881 60.0806 -49.6368 -16.4004
1010000 FRAC0_S 0 1 -45000 840.583 7981.39 378657 552762 378265 59.034 -46.6188 -19.7753
1010000 FRAC0_S 0 1 -45000 959.699 8266.54 109823 -11763.9 518046 36.7806 2.55115 -41.5265
Step FractureNumber TipNr TipActive TipX TipY TipZ KI KII KIII G Phi Psi Extension
1010101 FRAC0_S 0 1 -44952.7 1065.52 8577.58 234027 -127306 313276 19.3775 23.9266 -29.1053
1010101 FRAC0_S 0 1 -44925.1 971.924 8896.05 418096 -346119 300036 38.2249 38.1274 -19.3671
1010101 FRAC0_S 0 1 -44915.2 791.171 9173.42 419040 -419386 150369 34.3275 46.7868 -11.0985
1010101 FRAC0_S 0 1 -44914.6 545.082 9383.96 407868 -485372 34648 35.9767 54.0792 -2.86657
1010101 FRAC0_S 0 1 -44915.8 245.549 9510.76 439463 -579055 44353.2 47.3503 55.4957 -3.19745
1010101 FRAC0_S 0 1 -44919.7 -80.1647 9542.26 256447 -540488 26390.8 31.9844 61.739 -2.4663
1010101 FRAC0_S 0 1 -44927.2 -401.713 9474.38 141163 -491475 -52780.9 23.6705 64.3955 5.81073
1010101 FRAC0_S 0 1 -44935.7 -688.095 9308.89 100445 -652094 -252462 47.2681 61.3685 17.5116
1010101 FRAC0_S 0 1 -44953.5 -912.164 9060.75 323920 -695603 -150304 55.4715 58.4967 9.47697
1010101 FRAC0_S 0 1 -44995.2 -1046.43 8754.41 -26932.5 -122372 -520730 37.3986 23.2341 40.6874
1010101 FRAC0_S 0 1 -45044.6 -1065.5 8422.19 213074 219848 -490811 40.3917 -29.3549 32.1276
1010101 FRAC0_S 0 1 -45073.4 -974.023 8102.5 512301 233191 -404201 49.9621 -25.5163 23.3438
1010101 FRAC0_S 0 1 -45083.3 -794.484 7827.03 679996 178267 -149006 46.9887 -22.5847 10.8164
1010101 FRAC0_S 0 1 -45087 -544.344 7618.97 912662 95588 -90679.1 76.1322 -11.648 6.21154
1010101 FRAC0_S 0 1 -45088.2 -244.293 7495.84 906763 33645.7 77451.6 74.1667 -4.55126 -5.74415
1010101 FRAC0_S 0 1 -45086.3 79.2135 7466.43 899648 -35626.1 71069.6 72.9075 4.86849 -5.3439
1010101 FRAC0_S 0 1 -45081.6 397.631 7535.03 996840 52084 81859.5 89.6807 -6.29991 -5.47362
1010101 FRAC0_S 0 1 -45076.6 680.26 7699.91 860375 121811 161014 70.7336 -14.1226 -10.3313
1010101 FRAC0_S 0 1 -45054.2 904.554 7945.11 536357 226889 382537 49.6848 -24.9781 -22.3631
1010101 FRAC0_S 0 1 -45002.8 1044.04 8247.32 335006 100921 479810 41.5273 -14.5789 -31.8093