
Step FractureNumber TipNr TipActive TipX TipY TipZ KI KII KIII G Phi Psi Extension
1010000 FRAC0_S 0 1 15846.5 29491.1 8500 -958202 -198114 6.54665e+06 5703.7 3.55438 -42.455
1010000 FRAC0_S 0 1 15962.3 29777.6 8500 -1.24398e+06 -3.298e+06 6.48273e+06 6558.66 35.6163 -34.4551
1010000 FRAC0_S 0 1 15984 30085.8 8500 -1.04257e+06 -6.04447e+06 5.40444e+06 7140.35 51.354 -27.5696
1010000 FRAC0_S 0 1 15909.3 30385.7 8500 -901278 -8.26091e+06 3.97172e+06 8179.11 60.3639 -20.5696
1010000 FRAC0_S 0 1 15745.6 30647.8 8500 -636980 -7.327e+06 1.5037e+06 5084.59 66.4214 -11.5559
1010000 FRAC0_S 0 1 15508.9 30846.5 8500 -785519 -1.0432e+07 -265425 9706.92 69.4137 1.78532
1010000 FRAC0_S 0 1 15222.4 30962.3 8500 -1.18711e+07 -5.98002e+06 -2.15817e+06 3806.1 35.5884 8.02905
1010000 FRAC0_S 0 1 14914.1 30984 8500 -1.05111e+06 -7.77094e+06 -4.22043e+06 7750.13 58.5646 21.7846
1010000 FRAC0_S 0 1 14614.3 30909.3 8500 -1.56531e+07 -2.7945e+06 -4.7521e+06 3699.34 15.8479 14.5925
1010000 FRAC0_S 0 1 14352.2 30745.6 8500 -948186 -2.02274e+06 -5.17683e+06 3928.93 30.4418 36.2369
1010000 FRAC0_S 0 1 14153.5 30508.9 8500 -942389 279997 -5.62242e+06 4211.33 -5.60977 41.8045
1010000 FRAC0_S 0 1 14037.7 30222.4 8500 1.30575e+07 2.04326e+06 -6.36522e+06 20953.9 -12.6918 20.2274
1010000 FRAC0_S 0 1 14016 29914.2 8500 -1.05094e+06 5.38935e+06 -4.74657e+06 5584.69 -51.1997 27.1543
1010000 FRAC0_S 0 1 14090.7 29614.3 8500 -664397 6.67415e+06 -3.28119e+06 5401.24 -60.3374 20.9494
1010000 FRAC0_S 0 1 14254.4 29352.2 8500 -1.02535e+06 7.6869e+06 -1.48641e+06 5559.22 -65.7541 10.6672
1010000 FRAC0_S 0 1 14491.1 29153.5 8500 -641014 6.15399e+06 97077.1 3375.99 -69.1972 -1.09211
1010000 FRAC0_S 0 1 14777.6 29037.7 8500 -715358 8.68421e+06 2.0782e+06 7294.69 -65.8533 -13.0411
1010000 FRAC0_S 0 1 15085.9 29016 8500 -947705 7.26014e+06 3.76148e+06 6578.75 -59.1645 -21.2532
1010000 FRAC0_S 0 1 15385.7 29090.7 8500 -4.2085e+06 4.68277e+06 4.91787e+06 5170.69 -39.4254 -23.5929
1010000 FRAC0_S 0 1 15670.2 29273.9 8500 -1.18609e+06 2.95716e+06 6.34835e+06 6139.36 -33.8992 -35.1146
Step FractureNumber TipNr TipActive TipX TipY TipZ KI KII KIII G Phi Psi Extension
1010101 FRAC0_S 0 1 15922.7 29445.2 8503.71 2.28262e+06 -296912 1.36341e+07 25195.2 2.54028 -42.2555
1010101 FRAC0_S 0 1 16038.9 29757 8550.19 5.33452e+06 -5.68676e+06 1.34691e+07 29545.8 28.7343 -32.9164
1010101 FRAC0_S 0 1 16046.3 30088.8 8575.34 5.8804e+06 -3.55381e+06 5.96558e+06 8939.99 28.58 -25.2636
1010101 FRAC0_S 0 1 15955.1 30403.3 8585.9 9.82598e+06 -3.84114e+06 5.04185e+06 13299.2 25.7927 -18.6235
1010101 FRAC0_S 0 1 15776.6 30673.3 8590.95 1.16936e+07 -3.57094e+06 2.98541e+06 14506.7 24.7135 -11.8765
1010101 FRAC0_S 0 1 15530.1 30888 8584.27 1.18932e+07 -4.96921e+06 903204 14913.4 33.6827 -3.88022
1010101 FRAC0_S 0 1 15235 31022.5 8573.83 1.09153e+07 -8.73863e+06 -2.44173e+06 18214.6 44.4198 8.21658
1010101 FRAC0_S 0 1 14907.1 31051.9 8564.04 1.11434e+07 -5.70952e+06 -5.1096e+06 17442.4 31.6646 16.3606
1010101 FRAC0_S 0 1 14580.2 30982.8 8547.66 3.50687e+06 -4.08698e+06 -5.25759e+06 6260.75 37.443 26.3871
1010101 FRAC0_S 0 1 14293.2 30813.1 8529.72 1.45009e+06 -2.94573e+06 -7.44509e+06 8332.72 30.4963 35.9971
1010101 FRAC0_S 0 1 14072.9 30556.3 8502.29 1.0387e+06 503282 -7.6296e+06 7860.76 -7.47158 42.0497
1010101 FRAC0_S 0 1 13953.2 30244.9 8467.09 2.22479e+06 3.06693e+06 -6.92228e+06 7652.32 -30.7404 33.6067
1010101 FRAC0_S 0 1 13949.7 29912.1 8433.82 5.38708e+06 3.97645e+06 -5.47317e+06 7979.14 -32.4938 24.283
1010101 FRAC0_S 0 1 14044.6 29596.5 8414.27 6.02046e+06 2.55248e+06 -3.13417e+06 5116.9 -27.1964 18.5166
1010101 FRAC0_S 0 1 14222.9 29326.3 8409.31 1.88432e+07 -916359 -4.5489e+06 34466.7 5.17813 13.4407
1010101 FRAC0_S 0 1 14471.9 29121.6 8407.65 2.0118e+07 3.80148e+06 -1.0466e+06 37499.3 -19.6943 3.21184
1010101 FRAC0_S 0 1 14769.5 28997.4 8409.54 9.15552e+06 3.27906e+06 1.25412e+06 8636.84 -29.5195 -6.86916
1010101 FRAC0_S 0 1 15093.3 28962.8 8418.38 1.0951e+07 6.35096e+06 4.91827e+06 17497.9 -34.2961 -15.6479
1010101 FRAC0_S 0 1 15415.5 29026.8 8432.84 6.46853e+06 4.94204e+06 6.47191e+06 11475.7 -33.3444 -23.9069
1010101 FRAC0_S 0 1 15703.9 29192.4 8457.79 2.50194e+06 2.37466e+06 6.01441e+06 5871.33 -27.1975 -33.0106