
Step FractureNumber TipNr TipActive TipX TipY TipZ KI KII KIII G Phi Psi Extension
1010000 FRAC0_S 0 1 -30000 984.872 8574.53 -2.7076e+06 -2.54994e+06 8.65968e+06 10553.1 23.3011 -35.7572
1010000 FRAC0_S 0 1 -30000 913.64 8875.22 348644 -5.11049e+06 6.1984e+06 7448.02 47.9212 -32.1437
1010000 FRAC0_S 0 1 -30000 752.975 9139.18 -3.53352e+07 -7.07785e+06 5.08757e+06 7906.54 19.3066 -7.97566
1010000 FRAC0_S 0 1 -30000 518.603 9340.58 5.44292e+06 -1.01751e+07 3.09946e+06 13143.3 55.4198 -12.0113
1010000 FRAC0_S 0 1 -30000 233.466 9459.7 -1.87856e+07 -8.92247e+06 1.56303e+06 7419.02 36.1709 -4.07097
1010000 FRAC0_S 0 1 -30000 -74.5244 9484.87 6.93912e+06 -1.01896e+07 -1.23243e+06 13744.9 56.1354 5.0868
1010000 FRAC0_S 0 1 -30000 -375.22 9413.64 6.06461e+06 -9.58677e+06 -3.38282e+06 12989.2 52.7553 12.8201
1010000 FRAC0_S 0 1 -30000 -639.186 9252.98 3.68101e+06 -5.78566e+06 -4.02488e+06 6344.83 47.164 20.3325
1010000 FRAC0_S 0 1 -30000 -840.583 9018.61 2.15543e+06 -4.80349e+06 -6.69701e+06 8435.11 40.5842 30.3154
1010000 FRAC0_S 0 1 -30000 -959.699 8733.46 -1.19123e+06 -1.57048e+06 -7.78215e+06 8274.52 19.2997 39.5929
1010000 FRAC0_S 0 1 -30000 -984.872 8425.47 -3.98338e+06 2.57025e+06 -8.23669e+06 9611.81 -22.2151 33.2036
1010000 FRAC0_S 0 1 -30000 -913.64 8124.78 -7.30018e+06 6.09604e+06 -6.92246e+06 9684.9 -35.7021 22.7438
1010000 FRAC0_S 0 1 -30000 -752.975 7860.82 -6.66309e+07 9.27708e+06 -4.41964e+06 10267.1 -15.235 4.19168
1010000 FRAC0_S 0 1 -30000 -518.603 7659.42 -1.22163e+07 1.02703e+07 -2.81465e+06 10453 -45.295 8.26874
1010000 FRAC0_S 0 1 -30000 -233.466 7540.3 -5.45951e+07 9.76112e+06 -909772 8600.43 -19.3725 1.08087
1010000 FRAC0_S 0 1 -30000 74.5244 7515.13 -1.33987e+07 1.03751e+07 1.6493e+06 9953.82 -45.4755 -4.92127
1010000 FRAC0_S 0 1 -30000 375.22 7586.36 -1.29899e+07 9.59777e+06 3.65065e+06 9981.08 -41.8446 -10.2136
1010000 FRAC0_S 0 1 -30000 639.186 7747.02 -1.45765e+07 7.35602e+06 4.40575e+06 7403.45 -33.6404 -12.1241
1010000 FRAC0_S 0 1 -30000 840.583 7981.39 -5.10645e+07 5.94849e+06 6.33644e+06 8493.12 -12.5287 -7.47168
1010000 FRAC0_S 0 1 -30000 959.699 8266.54 1.3974e+07 765811 6.73298e+06 23482.4 -4.90395 -21.213
Step FractureNumber TipNr TipActive TipX TipY TipZ KI KII KIII G Phi Psi Extension
1010101 FRAC0_S 0 1 -29963.8 1070.36 8578.47 3.50383e+06 -2.51515e+06 1.35998e+07 26256.7 16.7977 -38.2124
1010101 FRAC0_S 0 1 -29944.7 985.521 8904.95 6.08057e+06 638926 4.12205e+06 5590.91 -8.00751 -24.8858
1010101 FRAC0_S 0 1 -29944.3 811.897 9188.16 8.57673e+06 -3.7399e+06 5.38438e+06 11657.2 26.4546 -20.673
1010101 FRAC0_S 0 1 -29935.8 556.26 9399.61 1.13836e+07 -2.84079e+06 2.91461e+06 13396.5 21.2819 -12.3101
1010101 FRAC0_S 0 1 -29929.2 249.405 9524.89 8.95893e+06 -531489 1.07416e+06 7330.81 6.86604 -7.58956
1010101 FRAC0_S 0 1 -29923.9 -77.6041 9546.26 1.4747e+07 -6.15756e+06 -1.84769e+06 23211.9 32.7619 6.11667
1010101 FRAC0_S 0 1 -29921.1 -398.767 9468.48 1.29814e+07 3.95278e+06 -3.14492e+06 17724.4 -24.8476 11.4073
1010101 FRAC0_S 0 1 -29927.1 -683.092 9302.85 9.26992e+06 -844969 -5.26658e+06 11410 7.47955 22.8382
1010101 FRAC0_S 0 1 -29940.9 -906.826 9057.08 4.18581e+06 -1.04511e+06 -4.89554e+06 4846.15 13.7032 29.9958
1010101 FRAC0_S 0 1 -29976.6 -1044.79 8752.85 1.97521e+06 -1.28344e+06 -8.0538e+06 9121.31 14.9825 38.805
1010101 FRAC0_S 0 1 -30025.2 -1072.73 8419.85 -1.45085e+06 3.26543e+06 -8.36232e+06 10250.7 -30.5911 36.3813
1010101 FRAC0_S 0 1 -30045.2 -992.664 8092 -6.60453e+06 1.39862e+07 -1.10668e+07 33720.1 -48.1886 23.2344
1010101 FRAC0_S 0 1 -30045.5 -817.766 7806.91 -4.40522e+06 1.25418e+07 -4.8011e+06 17082.5 -57.4563 15.611
1010101 FRAC0_S 0 1 -30050.4 -561.034 7590.95 -4.18025e+07 2.97085e+07 163754 78651.4 -46.0025 -0.178033
1010101 FRAC0_S 0 1 -30052.1 -252.527 7462.02 -5.94139e+06 1.51737e+07 180342 20521.2 -64.2154 -0.658182
1010101 FRAC0_S 0 1 -30060.6 78.6703 7440.02 -3.67099e+06 1.46489e+07 1.31028e+06 19350.5 -65.4926 -5.05935
1010101 FRAC0_S 0 1 -30065 404.162 7518.56 -2.58835e+06 1.29892e+07 2.7806e+06 16062.9 -64.0129 -11.0571
1010101 FRAC0_S 0 1 -30049.8 693.969 7685.25 -4.7422e+06 1.24295e+07 5.62424e+06 17973.9 -55.5242 -17.2355
1010101 FRAC0_S 0 1 -30026.8 919.797 7934.01 5.53555e+06 1.45624e+06 3.04025e+06 4148.84 -18.8473 -20.6074
1010101 FRAC0_S 0 1 -29999.8 1051.77 8243.68 -4.52287e+06 1.48605e+06 6.36862e+06 5591.18 -15.7994 -31.3969