
Step FractureNumber TipNr TipActive TipX TipY TipZ KI KII KIII G Phi Psi Extension
1010000 FRAC0_S 0 1 -45000 44049 8233.09 -694136 101106 103507 2.33584 -14.8636 -8.54539
1010000 FRAC0_S 0 1 -45000 44178.1 7952.3 -661460 15470.6 132607 2.36006 -2.6499 -11.8914
1010000 FRAC0_S 0 1 -45000 44387.6 7725.12 -631184 -419695 -220579 22.1673 38.5854 12.5386
1010000 FRAC0_S 0 1 -45000 44657 7573.79 -534018 -93860.9 86626.3 1.7831 17.1831 -8.97163
1010000 FRAC0_S 0 1 -45000 44960 7513.12 -606769 51750.7 -91286.6 1.34697 -9.32918 9.00712
1010000 FRAC0_S 0 1 -45000 45266.9 7549.06 -608252 -143379 32810.6 1.97507 23.2505 -3.20475
1010000 FRAC0_S 0 1 -45000 45547.7 7678.08 -679124 -170399 -2736.3 2.58839 25.1931 0.25009
1010000 FRAC0_S 0 1 -45000 45774.9 7887.55 -677371 -153982 -36187.3 2.28699 22.6437 3.19616
1010000 FRAC0_S 0 1 -45000 45926.2 8156.97 -812857 -159484 -73532.1 2.98566 19.7208 5.32081
1010000 FRAC0_S 0 1 -45000 45986.8 8459.98 -694829 -88220.9 -75434.5 1.45035 13.6477 6.59902
1010000 FRAC0_S 0 1 -45000 45951 8766.91 -730190 -67815.5 -90067.3 1.48872 10.2826 7.57124
1010000 FRAC0_S 0 1 -45000 45821.9 9047.7 -716141 -20597.7 -89944.1 1.11377 3.44479 8.09585
1010000 FRAC0_S 0 1 -45000 45612.4 9274.88 -716882 13511.6 -91712.6 1.13496 -2.28204 8.29084
1010000 FRAC0_S 0 1 -45000 45343 9426.21 -720169 924.558 -133773 2.38013 -0.151331 11.3977
1010000 FRAC0_S 0 1 -45000 45040 9486.88 -610393 76071.2 -64810.3 1.07431 -13.4582 6.48325
1010000 FRAC0_S 0 1 -45000 44733.1 9450.94 -635829 -153277 805975 88.4897 12.8067 -30.987
1010000 FRAC0_S 0 1 -45000 44452.3 9321.92 -690568 140944 -28849.1 1.88088 -21.0562 2.57835
1010000 FRAC0_S 0 1 -45000 44225.1 9112.45 -685677 164989 3966.21 2.42779 -24.4185 -0.361275
1010000 FRAC0_S 0 1 -45000 44073.8 8843.03 -703056 194144 41783.4 3.59091 -25.9539 -3.40554
1010000 FRAC0_S 0 1 -45000 44013.2 8540.02 -662731 138763 81835.4 2.60653 -20.2653 -6.94301
Step FractureNumber TipNr TipActive TipX TipY TipZ KI KII KIII G Phi Psi Extension
1010101 FRAC0_S 0 1 -45022.6 43958.3 8207.14 -709875 109020 138794 3.6212 -15.03 -10.6111
1010101 FRAC0_S 0 1 -44993.1 44101.1 7902.75 -674641 -328090 53539.2 9.97331 36.7321 -3.86881
1010101 FRAC0_S 0 1 -44962.6 44334.2 7658.22 -594406 -406089 63944.4 15.2388 43.2225 -4.56663
1010101 FRAC0_S 0 1 -44973.7 44627.3 7489.02 -261750 -976968 -816565 173.734 50.7316 25.7805
1010101 FRAC0_S 0 1 -44990.8 44958.1 7419.24 -738941 -227971 115359 6.40105 26.3839 -7.93909
1010101 FRAC0_S 0 1 -44973.7 45290.8 7461.35 -632682 -407340 219958 21.2204 37.9445 -12.611
1010101 FRAC0_S 0 1 -44959.2 45597.1 7604.01 -527516 -585234 163115 34.0587 49.4893 -9.43264
1010101 FRAC0_S 0 1 -44961.7 45845.7 7831.94 -568507 -707882 80990.2 45.5252 53.9731 -4.53651
1010101 FRAC0_S 0 1 -44967.6 46012.7 8125.34 -910524 263964 -371841 24.5983 -21.8588 16.8482
1010101 FRAC0_S 0 1 -44975.3 46081.1 8456.48 -607417 -429487 -64792.9 16.9955 43.9394 4.47318
1010101 FRAC0_S 0 1 -44983.7 46043.4 8793.05 -826128 -329844 -164672 13.3014 30.5998 9.21278
1010101 FRAC0_S 0 1 -44993.6 45902.7 9101.62 -624940 -1.09956e+06 -552033 148.267 51.2896 16.9737
1010101 FRAC0_S 0 1 -45000.5 45672.9 9351.35 -765771 -638934 -402525 57.9275 40.7466 15.7359
1010101 FRAC0_S 0 1 -45007 45376.9 9516.98 -797749 80613.9 -112632 2.26632 -10.9253 8.43884
1010101 FRAC0_S 0 1 -45006.2 45044.1 9582.38 -792924 108638 -59286 1.51917 -14.9342 4.6871
1010101 FRAC0_S 0 1 -45003.8 44707.9 9541.59 -771780 145094 -120836 3.81792 -18.2065 8.63522
1010101 FRAC0_S 0 1 -45022.7 44402 9398.34 -510281 265895 -138524 8.85221 -34.7816 11.0557
1010101 FRAC0_S 0 1 -45040.6 44155.4 9167.9 -218153 984562 -402474 107.924 -59.5358 17.4826
1010101 FRAC0_S 0 1 -45040.9 43990.3 8873.7 -445945 742105 -55931.4 49.4908 -58.6063 3.44029
1010101 FRAC0_S 0 1 -45034.6 43921.9 8543.19 -523610 669344 79083.7 40.755 -54.2858 -4.72178