
Step FractureNumber TipNr TipActive TipX TipY TipZ KI KII KIII G Phi Psi Extension
1010000 FRAC0_S 0 1 45000 -14017.8 8603.45 1.0409e+06 1.6864e+06 -1.28747e+06 570.432 -46.456 21.6197
1010000 FRAC0_S 0 1 45000 -14097.8 8901.92 686140 1.77103e+06 -631958 374.566 -57.2555 14.5758
1010000 FRAC0_S 0 1 45000 -14266.1 9161.05 436585 1.61785e+06 -115102 251.986 -65.4736 4.04531
1010000 FRAC0_S 0 1 45000 -14506.3 9355.47 513706 2.00504e+06 345692 397.649 -63.699 -8.93272
1010000 FRAC0_S 0 1 45000 -14794.9 9466.15 367998 1.30443e+06 639892 218.15 -56.7007 -19.0579
1010000 FRAC0_S 0 1 45000 -15103.5 9482.25 515029 991845 919691 223.795 -45.5292 -24.8224
1010000 FRAC0_S 0 1 45000 -15401.9 9402.21 683092 664958 1.25356e+06 289.979 -31.2103 -29.9219
1010000 FRAC0_S 0 1 45000 -15664.3 9230.91 883271 134286 1.42412e+06 340.869 -7.4879 -34.2678
1010000 FRAC0_S 0 1 45000 -15855.5 8993.66 987402 -391149 1.34357e+06 340.6 18.6717 -30.4595
1010000 FRAC0_S 0 1 45000 -15966.1 8705.15 1.1547e+06 -902396 1.2618e+06 403.133 32.8905 -24.8847
1010000 FRAC0_S 0 1 45000 -15982.2 8396.55 1.49063e+06 -1.42195e+06 1.1518e+06 554.618 40.4119 -19.4542
1010000 FRAC0_S 0 1 45000 -15902.2 8098.08 1.56599e+06 -1.78413e+06 834027 594.689 46.969 -14.2366
1010000 FRAC0_S 0 1 45000 -15733.9 7838.95 1.97437e+06 -2.39049e+06 570211 899.82 51.3901 -8.57177
1010000 FRAC0_S 0 1 45000 -15493.7 7644.53 1.84937e+06 -2.24991e+06 81532.2 756.739 55.0687 -1.50857
1010000 FRAC0_S 0 1 45000 -15205.1 7533.85 1.47601e+06 -1.69441e+06 -253032 458.489 52.1441 5.5848
1010000 FRAC0_S 0 1 45000 -14896.5 7517.75 1.88178e+06 -2.16746e+06 -871120 835.102 48.0878 12.7751
1010000 FRAC0_S 0 1 45000 -14598.1 7597.79 1.77891e+06 -1.51132e+06 -1.21973e+06 683.396 39.0542 18.6815
1010000 FRAC0_S 0 1 45000 -14339 7766.15 1.58151e+06 -801379 -1.28045e+06 498.167 27.2761 23.2317
1010000 FRAC0_S 0 1 45000 -14144.5 8006.34 1.58191e+06 -84651.5 -1.57944e+06 555.419 3.6034 30.1402
1010000 FRAC0_S 0 1 45000 -14033.9 8294.85 1.09491e+06 853408 -1.52039e+06 479.166 -30.2072 27.8487
Step FractureNumber TipNr TipActive TipX TipY TipZ KI KII KIII G Phi Psi Extension
1010101 FRAC0_S 0 1 44930.1 -13950 8608.07 2.09757e+06 184935 -921967 508.166 -7.84648 19.7099
1010101 FRAC0_S 0 1 44917.1 -14048.2 8921.68 2.33378e+06 105736 -511413 521.121 -4.92654 12.5267
1010101 FRAC0_S 0 1 44911.1 -14232.8 9190.04 2.14618e+06 1087.43 -85810.5 411.428 -0.0681588 2.94858
1010101 FRAC0_S 0 1 44911.5 -14484.8 9395.03 2.20672e+06 -8968.14 279865 444.357 0.502206 -8.3323
1010101 FRAC0_S 0 1 44918 -14785.4 9520.01 1.82767e+06 152395 629372 352.414 -7.93743 -16.8931
1010101 FRAC0_S 0 1 44930.5 -15112.9 9550.05 1.45305e+06 163613 979357 318.094 -8.5454 -24.7292
1010101 FRAC0_S 0 1 44953 -15437.7 9477.11 1.21394e+06 120009 1.22365e+06 331.743 -6.41505 -29.7643
1010101 FRAC0_S 0 1 44988.5 -15723.4 9302.05 1.34993e+06 -101955 1.23317e+06 365.565 5.21507 -28.8625
1010101 FRAC0_S 0 1 45026.4 -15933.7 9040.11 1.57288e+06 -94522.8 1.20862e+06 415.532 4.5256 -26.9509
1010101 FRAC0_S 0 1 45051.4 -16046.7 8723.7 1.91238e+06 -37234.4 1.12689e+06 494.91 1.68414 -24.143
1010101 FRAC0_S 0 1 45064.3 -16056.2 8389.97 2.07197e+06 89505.4 890724 488.788 -4.04529 -19.9523
1010101 FRAC0_S 0 1 45072.3 -15963.9 8071.76 2.36621e+06 206431 651827 559.229 -8.67593 -14.4192
1010101 FRAC0_S 0 1 45077.9 -15779.8 7798.73 2.95728e+06 382961 456742 820.124 -13.4082 -8.90519
1010101 FRAC0_S 0 1 45080.3 -15522.8 7594.29 2.58628e+06 369088 29282.7 608.298 -16.2422 -0.762087
1010101 FRAC0_S 0 1 45078.6 -15217 7474.83 2.56526e+06 393971 -251509 608.64 -16.1246 5.90753
1010101 FRAC0_S 0 1 45072.7 -14888.3 7451.79 2.97333e+06 304405 -705260 862.202 -10.2908 12.7766
1010101 FRAC0_S 0 1 45061.6 -14565.6 7529.21 2.47076e+06 210864 -1.00218e+06 681.531 -7.78434 18.7776
1010101 FRAC0_S 0 1 45040.2 -14279.7 7702.93 2.36596e+06 270179 -1.32121e+06 737.484 -9.2319 22.363
1010101 FRAC0_S 0 1 45002 -14065.4 7960.4 1.9965e+06 62347.4 -1.38876e+06 612.051 -2.5089 26.0651
1010101 FRAC0_S 0 1 44958.3 -13952.9 8275.22 1.72251e+06 99580.7 -1.10674e+06 428.184 -4.6791 24.7624