
Step FractureNumber TipNr TipActive TipX TipY TipZ KI KII KIII G Phi Psi Extension
1010000 FRAC0_S 0 1 29229.7 30178.4 9091.89 -4.43042e+06 8.72606e+06 -7.83677e+06 14953.4 -46.0983 24.5187
1010000 FRAC0_S 0 1 29341.1 29926.6 9232.18 -6.60486e+06 1.38562e+07 -6.31359e+06 22410.2 -53.7044 16.5578
1010000 FRAC0_S 0 1 29517.1 29682 9300.8 -6.83077e+06 1.63361e+07 -3.01917e+06 24993.1 -60.0957 8.55448
1010000 FRAC0_S 0 1 29740.4 29468.6 9291.03 -6.31451e+06 1.58133e+07 701408 22348.3 -63.3887 -2.36533
1010000 FRAC0_S 0 1 29989 29307.2 9203.83 -5.78147e+06 1.43287e+07 4.038e+06 20464 -58.4254 -12.1202
1010000 FRAC0_S 0 1 30238.7 29213.5 9047.74 -4.03327e+06 1.06385e+07 6.25106e+06 15282.4 -53.0875 -20.3582
1010000 FRAC0_S 0 1 30465 29196.9 8838.02 -2.43168e+06 6.73738e+06 7.43439e+06 11395.8 -45.2833 -28.3092
1010000 FRAC0_S 0 1 30645.9 29258.9 8595.21 -849278 2.19573e+06 6.01417e+06 5240.25 -29.8204 -37.2382
1010000 FRAC0_S 0 1 30763.5 29393.4 8343.1 -1.05733e+06 -454009 6.76354e+06 6102.51 7.4705 -41.7075
1010000 FRAC0_S 0 1 30806.3 29587.3 8106.34 1.14534e+06 -2.85915e+06 5.67363e+06 5126.63 35.2501 -34.3851
1010000 FRAC0_S 0 1 30770.3 29821.6 7908.11 2.71119e+06 -4.53782e+06 4.28689e+06 4934.15 44.2396 -24.4286
1010000 FRAC0_S 0 1 30658.9 30073.4 7767.82 3.89058e+06 -6.60861e+06 3.51315e+06 6882.11 50.4576 -17.4816
1010000 FRAC0_S 0 1 30482.9 30318 7699.2 4.2577e+06 -5.49822e+06 1.40871e+06 4573.16 51.9688 -9.31636
1010000 FRAC0_S 0 1 30259.6 30531.4 7708.97 2.04923e+06 -6.7532e+06 371628 4456.5 65.1257 -3.10551
1010000 FRAC0_S 0 1 30011 30692.8 7796.17 3.3761e+06 -7.34871e+06 -1.12372e+06 5995.88 59.9037 7.10074
1010000 FRAC0_S 0 1 29761.3 30786.5 7952.26 2.62857e+06 -6.83304e+06 -2.89448e+06 5890.56 56.014 16.461
1010000 FRAC0_S 0 1 29538.6 30803.5 8157.89 2.96405e+06 -4.40624e+06 -3.53481e+06 4174.77 45.1393 21.8159
1010000 FRAC0_S 0 1 29354.1 30741.1 8404.79 414454 -3.68101e+06 -6.67498e+06 7148.59 39.6713 35.6655
1010000 FRAC0_S 0 1 29236.5 30606.6 8656.9 -1.35583e+06 -84286.3 -6.27057e+06 5230.2 1.52199 41.6077
1010000 FRAC0_S 0 1 29193.7 30412.7 8893.66 -3.17068e+06 4.49097e+06 -9.35507e+06 13437.1 -32.0725 32.9074
Step FractureNumber TipNr TipActive TipX TipY TipZ KI KII KIII G Phi Psi Extension
1010101 FRAC0_S 0 1 29135.4 30152.3 9091.99 3.52903e+06 5.53383e+06 -5.99358e+06 8616.37 -41.9995 25.8205
1010101 FRAC0_S 0 1 29255.7 29877.3 9228.44 6.51382e+06 7.35217e+06 -4.23362e+06 10981.5 -45.3186 16.4392
1010101 FRAC0_S 0 1 29442.6 29617.3 9291.39 8.35039e+06 8.43457e+06 -1.98089e+06 13074.9 -48.7837 7.86583
1010101 FRAC0_S 0 1 29677.6 29392.7 9277.78 7.95045e+06 6.54456e+06 490532 9481.31 -47.7905 -2.51787
1010101 FRAC0_S 0 1 29940.4 29221.7 9190.74 6.6606e+06 5.78592e+06 2.43414e+06 7724.39 -43.8522 -11.8761
1010101 FRAC0_S 0 1 30208.5 29120.5 9034.1 5.66691e+06 6.25557e+06 4.69286e+06 9277.79 -42.7868 -19.3979
1010101 FRAC0_S 0 1 30460.3 29100.8 8821.24 4.15963e+06 3.85775e+06 5.97454e+06 7615.44 -33.2785 -27.2891
1010101 FRAC0_S 0 1 30679 29174 8578.74 3.9177e+06 724035 5.59154e+06 5572.69 -9.555 -32.7673
1010101 FRAC0_S 0 1 30837.6 29343 8334.08 5.06826e+06 -42252.7 4.10569e+06 4531.1 0.640374 -28.1988
1010101 FRAC0_S 0 1 30901.5 29580.4 8103.99 5.28363e+06 306708 3.55262e+06 4174.66 -4.61763 -25.3256
1010101 FRAC0_S 0 1 30865.2 29847.4 7906.3 4.955e+06 76610 2.87547e+06 3288.04 -1.34986 -24.0012
1010101 FRAC0_S 0 1 30745.3 30121.2 7764.69 6.16975e+06 533264 2.11651e+06 4013.18 -8.20904 -16.818
1010101 FRAC0_S 0 1 30558.3 30381.6 7700.96 5.78349e+06 1.18643e+06 1.05549e+06 3254.22 -19.1669 -9.68766
1010101 FRAC0_S 0 1 30322.9 30606.5 7720.75 5.75042e+06 1.54379e+06 367056 3176.93 -25.3685 -3.66128
1010101 FRAC0_S 0 1 30060.7 30777.3 7812.17 5.6365e+06 1.07847e+06 -266511 2944.13 -19.9563 2.92948
1010101 FRAC0_S 0 1 29793 30878.6 7968.46 6.86973e+06 -1.01352e+06 -1.92953e+06 4792.09 13.7133 14.0615
1010101 FRAC0_S 0 1 29544 30899 8181.95 5.96616e+06 -1.17664e+06 -3.48686e+06 4912.29 14.6394 22.0355
1010101 FRAC0_S 0 1 29330.3 30828.7 8428.05 3.77769e+06 -1.83248e+06 -5.27688e+06 5274.37 21.5813 30.0535
1010101 FRAC0_S 0 1 29170.3 30662.9 8673.75 4.95261e+06 397204 -4.82235e+06 5292.71 -5.36001 29.5611
1010101 FRAC0_S 0 1 29100.8 30423.5 8899.57 1.70745e+06 3.4657e+06 -7.68205e+06 9178.95 -32.6556 34.827