
Step FractureNumber TipNr TipActive TipX TipY TipZ KI KII KIII G Phi Psi Extension
1010000 FRAC0_S 0 1 22300.3 -44032.7 8500 -198959 -1.46468e+06 247405 199.308 66.1811 -9.54483
1010000 FRAC0_S 0 1 21980.1 -44159.5 8500 -220573 -1.89942e+06 -103380 322.913 68.5139 3.55543
1010000 FRAC0_S 0 1 21769.9 -44334.8 8500 -191311 -1.42846e+06 -416493 204.9 63.7633 14.5734
1010000 FRAC0_S 0 1 21600.1 -44593 8500 -218465 -1.39455e+06 -827075 264.278 57.1481 22.647
1010000 FRAC0_S 0 1 21518.4 -44891 8500 -198993 -1.02487e+06 -1.1764e+06 277.656 47.0155 30.3019
1010000 FRAC0_S 0 1 21532.7 -45199.7 8500 -116972 2445.61 -1.05725e+06 148.665 -0.290677 43.4422
1010000 FRAC0_S 0 1 21641.8 -45488.8 8500 -103452 368711 -1.30526e+06 238.707 -26.0295 39.4836
1010000 FRAC0_S 0 1 21834.9 -45730.1 8500 -96361.7 502664 -835756 115.414 -40.4561 34.2378
1010000 FRAC0_S 0 1 22093.1 -45900 8500 -113150 1.10388e+06 -865108 208.123 -54.5479 26.7114
1010000 FRAC0_S 0 1 22391 -45981.7 8500 -100041 1.40254e+06 -568728 218.309 -62.7027 18.9289
1010000 FRAC0_S 0 1 22699.7 -45967.3 8500 -94269.4 1.58266e+06 -256828 231.976 -67.6925 9.77732
1010000 FRAC0_S 0 1 22988.9 -45858.2 8500 -81871.1 1.57463e+06 78841.3 221.773 -69.3996 -3.47563
1010000 FRAC0_S 0 1 23230.1 -45665.2 8500 -169415 1.11513e+06 3465.16 110.811 -68.7389 -0.209607
1010000 FRAC0_S 0 1 23399.9 -45407 8500 -108588 1.24517e+06 721101 207.319 -58.8069 -23.1223
1010000 FRAC0_S 0 1 23481.6 -45109 8500 -214918 1.36827e+06 600936 214.857 -60.2328 -18.9627
1010000 FRAC0_S 0 1 23467.3 -44800.3 8500 -130801 447392 1.13859e+06 190.256 -31.73 -37.2155
1010000 FRAC0_S 0 1 23358.2 -44511.2 8500 -165256 -95914.6 1.18974e+06 189.079 8.949 -41.7707
1010000 FRAC0_S 0 1 23165.1 -44269.9 8500 -145144 -487100 859019 119.285 38.2607 -33.9808
1010000 FRAC0_S 0 1 22906.9 -44100 8500 -175180 -998178 842457 183.18 52.1605 -26.8343
1010000 FRAC0_S 0 1 22609 -44018.3 8500 -186152 -1.66956e+06 569763 291.565 63.2009 -16.5018
Step FractureNumber TipNr TipActive TipX TipY TipZ KI KII KIII G Phi Psi Extension
1010101 FRAC0_S 0 1 22292.9 -43993.8 8591.32 735142 -262488 -137914 56.8274 28.6215 8.98647
1010101 FRAC0_S 0 1 21991.9 -44108.5 8591.82 449413 -135401 -416188 42.6687 17.6564 26.7256
1010101 FRAC0_S 0 1 21736.7 -44306.4 8589.11 475953 -130302 -383230 41.2323 17.2222 25.2595
1010101 FRAC0_S 0 1 21550.3 -44572.5 8582.71 405838 -193953 -597009 65.4328 20.85 30.6977
1010101 FRAC0_S 0 1 21447.6 -44886.7 8557.45 338481 -213911 -700146 79.484 21.8678 33.2894
1010101 FRAC0_S 0 1 21447.3 -45219.1 8507.06 194853 -149646 -827829 96.5238 16.7302 38.624
1010101 FRAC0_S 0 1 21569.5 -45536.8 8460.98 156821 -32573.7 -1.19723e+06 192.924 3.25015 42.7453
1010101 FRAC0_S 0 1 21783.8 -45782.6 8436.23 413264 328486 -898107 132.111 -25.2351 32.8203
1010101 FRAC0_S 0 1 22067 -45951.8 8420.84 665175 355203 -631420 103.696 -26.8687 24.9944
1010101 FRAC0_S 0 1 22384.4 -46027 8412.08 1.00089e+06 358743 -184063 105.242 -28.7546 8.83123
1010101 FRAC0_S 0 1 22706.6 -46004.9 8408.12 -81660.3 -226883 580072 49.3394 31.1818 -36.8549
1010101 FRAC0_S 0 1 23006.2 -45888.9 8406.77 800518 120116 442140 84.3898 -11.7959 -21.8328
1010101 FRAC0_S 0 1 23259.7 -45690.4 8408.62 455785 26886.2 433139 43.5282 -4.04977 -29.5089
1010101 FRAC0_S 0 1 23442.6 -45425.1 8412.23 298234 269.087 521046 44.0337 -0.0459595 -36.2514
1010101 FRAC0_S 0 1 23538.9 -45112.7 8422.06 183745 28249.7 578579 47.6018 -4.91326 -39.4093
1010101 FRAC0_S 0 1 23542.7 -44780.8 8455.89 164210 -62267.2 619818 53.8435 9.92174 -39.4254
1010101 FRAC0_S 0 1 23439 -44474.5 8508.8 207512 -40751.1 879077 106.764 4.96926 -40.757
1010101 FRAC0_S 0 1 23219.4 -44214.6 8554.59 432154 -420600 810126 119.694 30.9325 -30.1678
1010101 FRAC0_S 0 1 22934 -44046.4 8577.29 680390 -460696 874733 161.931 28.3395 -27.633
1010101 FRAC0_S 0 1 22615.7 -43972 8587.25 965082 -437144 154419 103.196 33.7951 -7.41287