
Step FractureNumber TipNr TipActive TipX TipY TipZ KI KII KIII G Phi Psi Extension
1010000 FRAC0_S 0 1 -15000 984.872 8574.53 298330 -5.52778e+06 -921313 2843.7 67.7129 10.0351
1010000 FRAC0_S 0 1 -15000 913.64 8875.22 168095 -5.12025e+06 -2.43557e+06 3127.67 62.0459 21.3144
1010000 FRAC0_S 0 1 -15000 752.975 9139.18 5.2831e+06 -3.74954e+06 -2.96497e+06 4909.17 36.9164 17.2607
1010000 FRAC0_S 0 1 -15000 518.603 9340.58 7.14389e+06 -2.30888e+06 -3.57679e+06 6724.31 22.6104 18.9253
1010000 FRAC0_S 0 1 -15000 233.466 9459.7 1.49836e+07 476330 -5.00845e+06 23362.5 -3.2201 17.1101
1010000 FRAC0_S 0 1 -15000 -74.5244 9484.87 8.42449e+06 1.357e+06 -3.83414e+06 8443.59 -13.2578 19.3478
1010000 FRAC0_S 0 1 -15000 -375.22 9413.64 7.1599e+06 2.78461e+06 -2.99557e+06 6452.57 -26.8854 16.2882
1010000 FRAC0_S 0 1 -15000 -639.186 9252.98 4.9136e+06 3.34147e+06 -1.99316e+06 3674.74 -38.2057 13.9218
1010000 FRAC0_S 0 1 -15000 -840.583 9018.61 6.73461e+06 5.07094e+06 -1.31546e+06 6563.14 -43.6511 7.48827
1010000 FRAC0_S 0 1 -15000 -959.699 8733.46 1.33489e+06 5.6298e+06 -300081 2995.08 -66.4545 3.16558
1010000 FRAC0_S 0 1 -15000 -984.872 8425.47 -1.04554e+06 5.52871e+06 853659 2820.72 -65.4238 -8.52836
1010000 FRAC0_S 0 1 -15000 -913.64 8124.78 -3.91649e+06 4.81229e+06 2.03002e+06 2611.71 -48.6157 -13.5425
1010000 FRAC0_S 0 1 -15000 -752.975 7860.82 -7.16813e+06 4.39694e+06 3.07791e+06 2982.75 -35.7271 -14.9373
1010000 FRAC0_S 0 1 -15000 -518.603 7659.42 -8.11926e+06 2.27083e+06 3.5235e+06 2110.71 -20.9847 -17.6365
1010000 FRAC0_S 0 1 -15000 -233.466 7540.3 4.11323e+06 1.34271e+06 3.23112e+06 3056.81 -19.9667 -24.4465
1010000 FRAC0_S 0 1 -15000 74.5244 7515.13 -9.03074e+06 -1.23332e+06 3.72575e+06 1981.75 11.7982 -18.4323
1010000 FRAC0_S 0 1 -15000 375.22 7586.36 -8.44061e+06 -2.94815e+06 3.29438e+06 2217.95 25.2879 -15.8392
1010000 FRAC0_S 0 1 -15000 639.186 7747.02 -5.58062e+06 -3.21477e+06 1.95465e+06 1429.08 35.6065 -13.0915
1010000 FRAC0_S 0 1 -15000 840.583 7981.39 -5.83554e+06 -6.17428e+06 1.57346e+06 3726.3 49.1739 -8.59258
1010000 FRAC0_S 0 1 -15000 959.699 8266.54 -1.70489e+06 -4.72999e+06 251273 2002.04 64.0082 -2.88471
Step FractureNumber TipNr TipActive TipX TipY TipZ KI KII KIII G Phi Psi Extension
1010101 FRAC0_S 0 1 -14909.2 1025.27 8577.82 7.29077e+06 -1.61258e+06 -1.00188e+06 5101.89 20.9368 7.55183
1010101 FRAC0_S 0 1 -14917.7 960.014 8897.77 8.05692e+06 32274.8 -2.16595e+06 6408.52 -0.439912 15.002
1010101 FRAC0_S 0 1 -14938.2 806.408 9189.15 8.09598e+06 1.42028e+06 -3.99817e+06 8146.51 -13.9399 20.1876
1010101 FRAC0_S 0 1 -14967.2 563.976 9417.06 9.72465e+06 -83139.1 -4.01369e+06 10570.2 0.839596 19.868
1010101 FRAC0_S 0 1 -14999 255.548 9552.11 -2.77188e+06 -1.55299e+06 -4.94694e+06 3469.71 21.4855 32.2225
1010101 FRAC0_S 0 1 -15024.2 -80.7674 9578.28 1.03722e+07 -1.39571e+06 -4.26442e+06 12178.9 11.6573 18.4123
1010101 FRAC0_S 0 1 -15043.8 -406.711 9494.14 1.22872e+07 801670 -3.51506e+06 15153.9 -6.59631 15.0337
1010101 FRAC0_S 0 1 -15059.5 -688.478 9313.06 9.17697e+06 -368588 -3.41556e+06 9068.25 3.92471 18.2632
1010101 FRAC0_S 0 1 -15072.9 -893.79 9054.93 8.96051e+06 1.06653e+06 -1.43748e+06 7530.89 -12.4182 9.26124
1010101 FRAC0_S 0 1 -15085.8 -1004.87 8746.9 7.09283e+06 1.42788e+06 -1.22917e+06 4865.6 -19.0018 9.30901
1010101 FRAC0_S 0 1 -15087.1 -1030.6 8419.99 4.97874e+06 3.13937e+06 431122 3111.8 -41.9704 -3.84948
1010101 FRAC0_S 0 1 -15074.9 -970.056 8098.3 867687 7.31729e+06 3.73296e+06 6691.63 -59.5688 -21.1938
1010101 FRAC0_S 0 1 -15056.9 -811.463 7808.4 -1.12607e+07 1.33595e+07 2.82587e+06 16966 -51.5605 -7.68111
1010101 FRAC0_S 0 1 -15041 -564.14 7583.72 -6.55476e+06 5.83299e+06 3.69879e+06 4851.43 -41.5605 -16.1899
1010101 FRAC0_S 0 1 -15021 -254.983 7450.37 -1.57448e+07 4.37628e+06 3.72097e+06 3548.09 -23.339 -11.3695
1010101 FRAC0_S 0 1 -14987.7 81.2502 7422.58 -9.15868e+06 -2.5073e+06 4.48263e+06 3232.7 20.0495 -19.1089
1010101 FRAC0_S 0 1 -14959 407.394 7504.64 -6.59546e+06 -5.65574e+06 3.13261e+06 4155.56 42.0087 -14.5148
1010101 FRAC0_S 0 1 -14941.3 687.99 7686.54 -2.91692e+06 -7.16421e+06 2.62965e+06 5493.36 56.6709 -14.7245
1010101 FRAC0_S 0 1 -14925.1 892.203 7946.15 1.41473e+06 -6.41886e+06 1.65154e+06 4212.61 62.6847 -12.5808
1010101 FRAC0_S 0 1 -14913 1004.36 8253.49 4.72956e+06 -3.90235e+06 441308 3376.18 47.2646 -3.71573