
Step FractureNumber TipNr TipActive TipX TipY TipZ KI KII KIII G Phi Psi Extension
1010000 FRAC0_S 0 1 30000 -29019.2 8617.02 7.78882e+06 -3.20949e+06 5.48464e+06 10324.6 24.6062 -22.3004
1010000 FRAC0_S 0 1 30000 -29103.5 8914.36 5.69886e+06 -4.52459e+06 4.73801e+06 7703.96 35.9364 -21.3917
1010000 FRAC0_S 0 1 30000 -29275.4 9171.13 1.04884e+07 -8.71703e+06 1.59007e+06 16910.2 46.3852 -5.77109
1010000 FRAC0_S 0 1 30000 -29518.2 9362.22 1.18008e+07 -9.53489e+06 -869572 20611.2 47.209 3.00393
1010000 FRAC0_S 0 1 30000 -29808.3 9468.89 1.2198e+07 -6.26228e+06 -3.56601e+06 18444.7 34.145 11.7631
1010000 FRAC0_S 0 1 30000 -30117.1 9480.74 9.03078e+06 -4.70278e+06 -3.51759e+06 10883.8 32.963 14.5325
1010000 FRAC0_S 0 1 30000 -30414.4 9396.57 1.04356e+07 -4.79632e+06 -5.09524e+06 15207 29.1366 17.4782
1010000 FRAC0_S 0 1 30000 -30671.2 9224.65 7.7692e+06 -1.35558e+06 -4.2636e+06 7960.19 13.4574 21.4929
1010000 FRAC0_S 0 1 30000 -30862.2 8981.79 8.1567e+06 -383976 -4.99046e+06 9254.11 3.91644 24.2786
1010000 FRAC0_S 0 1 30000 -30968.9 8691.77 6.78123e+06 834380 -4.81511e+06 7243.42 -9.08176 25.2623
1010000 FRAC0_S 0 1 30000 -30980.8 8382.98 5.80185e+06 2.19193e+06 -4.59125e+06 6231.29 -22.2603 24.0638
1010000 FRAC0_S 0 1 30000 -30896.5 8085.64 4.91869e+06 3.40731e+06 -4.28259e+06 5629.73 -32.7212 22.6861
1010000 FRAC0_S 0 1 30000 -30724.6 7828.87 2.61955e+06 3.19256e+06 -2.90401e+06 2641.35 -41.8881 22.3246
1010000 FRAC0_S 0 1 30000 -30481.8 7637.78 3.18069e+06 5.67198e+06 -3.01155e+06 4974.54 -50.9316 17.6728
1010000 FRAC0_S 0 1 30000 -30191.7 7531.11 3.03234e+06 7.50267e+06 -2.05359e+06 6396.27 -58.5743 11.846
1010000 FRAC0_S 0 1 30000 -29882.9 7519.26 2.45403e+06 7.42175e+06 -608538 5494.28 -64.0271 4.41616
1010000 FRAC0_S 0 1 30000 -29585.6 7603.43 915497 7.4163e+06 391359 4996.24 -68.4289 -3.433
1010000 FRAC0_S 0 1 30000 -29328.8 7775.35 2.89942e+06 6.42287e+06 2.92802e+06 5565.45 -54.1598 -16.758
1010000 FRAC0_S 0 1 30000 -29137.8 8018.21 5.07434e+06 4.04557e+06 5.32805e+06 7528.54 -33.713 -24.2766
1010000 FRAC0_S 0 1 30000 -29031.1 8308.23 4.69651e+06 1.43656e+06 5.69858e+06 6468.43 -15.9664 -29.9126
Step FractureNumber TipNr TipActive TipX TipY TipZ KI KII KIII G Phi Psi Extension
1010101 FRAC0_S 0 1 30028.7 -28932.2 8626.24 1.09797e+07 -1.49347e+06 5.3781e+06 14788.2 11.2227 -20.504
1010101 FRAC0_S 0 1 30057.9 -29031.4 8945.76 1.61776e+07 -665790 3.76021e+06 25241.5 4.4509 -13.136
1010101 FRAC0_S 0 1 30069.2 -29223.4 9217.88 1.65833e+07 993459 592640 24640.6 -7.44557 -2.50905
1010101 FRAC0_S 0 1 30068.9 -29485 9423.88 1.77672e+07 1.59797e+06 -1.71435e+06 28748.2 -10.2107 6.12528
1010101 FRAC0_S 0 1 30060.1 -29794.4 9545.15 1.39625e+07 107602 -2.7967e+06 18413.4 -0.890286 12.026
1010101 FRAC0_S 0 1 30053.4 -30127.1 9562.51 1.51334e+07 1.0191e+06 -5.53781e+06 24579.2 -6.42328 17.7633
1010101 FRAC0_S 0 1 30043.8 -30451.6 9474.88 1.09941e+07 1.88129e+06 -4.57624e+06 13871.4 -14.2786 18.1844
1010101 FRAC0_S 0 1 30025.5 -30735.1 9292.3 1.11254e+07 1.9948e+06 -4.97278e+06 14673.1 -14.5844 18.9451
1010101 FRAC0_S 0 1 30005.3 -30946.5 9028.74 9.34599e+06 329959 -5.16888e+06 11346.6 -3.07722 23.1582
1010101 FRAC0_S 0 1 29984.3 -31062 8710.77 8.9422e+06 735919 -4.81771e+06 10260.7 -6.92705 22.2783
1010101 FRAC0_S 0 1 29963.6 -31070 8373.46 7.75999e+06 244753 -5.02201e+06 8725.65 -2.60568 25.1657
1010101 FRAC0_S 0 1 29946.8 -30971.4 8052.61 8.40415e+06 769758 -4.41167e+06 8935.17 -7.70767 21.8492
1010101 FRAC0_S 0 1 29933.7 -30778.7 7781 7.09377e+06 1.42562e+06 -3.5606e+06 6351.41 -15.5471 20.1237
1010101 FRAC0_S 0 1 29923.2 -30513.3 7584.84 9.68173e+06 1.44369e+06 -2.87567e+06 9638.37 -13.6915 14.6282
1010101 FRAC0_S 0 1 29915.4 -30203.3 7480.91 8.91816e+06 1.48278e+06 -1.41806e+06 7550.61 -16.4623 8.88351
1010101 FRAC0_S 0 1 29910.5 -29879 7476.4 8.45038e+06 806745 196230 6426.37 -11.4377 -1.60488
1010101 FRAC0_S 0 1 29910.8 -29566.7 7565.13 9.71368e+06 437217 2.33008e+06 9147.15 -4.81839 -13.4117
1010101 FRAC0_S 0 1 29922.3 -29287 7735.39 5.74444e+06 773286 2.22504e+06 3652.25 -11.8352 -17.7136
1010101 FRAC0_S 0 1 29945.1 -29068 7982.53 7.64605e+06 573012 4.92037e+06 8458.74 -5.97229 -24.5813
1010101 FRAC0_S 0 1 29982.8 -28943.2 8291.45 8.73741e+06 -554624 6.75321e+06 12895.8 4.75564 -26.9833