
Step FractureNumber TipNr TipActive TipX TipY TipZ KI KII KIII G Phi Psi Extension
1010000 FRAC0_S 0 1 -36985.1 -44156.4 8500 -9186.38 -446392 -55194.6 18.1618 68.8879 8.0434
1010000 FRAC0_S 0 1 -37304.8 -44031.8 8500 -7693.11 -306850 -120599 10.3247 63.9153 19.0828
1010000 FRAC0_S 0 1 -37613.5 -44018.9 8500 -8745.53 218001 69656.3 4.88023 -65.1024 -16.5079
1010000 FRAC0_S 0 1 -37911.1 -44102 8500 2066.13 -122530 -187383 6.00821 44.1874 34.9441
1010000 FRAC0_S 0 1 -38168.6 -44273 8500 47936.5 -320225 -567264 52.1403 39.723 35.1653
1010000 FRAC0_S 0 1 -38360.5 -44515.2 8500 3898.52 68901.1 -245084 8.41319 -27.0563 40.5211
1010000 FRAC0_S 0 1 -38468.2 -44804.8 8500 11424.9 200670 -243117 11.4611 -48.1128 32.2451
1010000 FRAC0_S 0 1 -38481.1 -45113.5 8500 12269 297381 -185809 12.4857 -58.8119 24.6107
1010000 FRAC0_S 0 1 -38398 -45411.1 8500 16220.4 363020 -117097 13.5903 -64.9497 16.5652
1010000 FRAC0_S 0 1 -38227 -45668.6 8500 101394 1.16831e+06 -372365 140.987 -64.1732 15.9908
1010000 FRAC0_S 0 1 -37984.8 -45860.5 8500 37390.6 437940 49447.2 17.5403 -68.0833 -7.05657
1010000 FRAC0_S 0 1 -37695.2 -45968.2 8500 54054.1 1.36537e+06 315943 179.659 -66.8179 -13.1069
1010000 FRAC0_S 0 1 -37386.5 -45981.1 8500 8663.2 310630 207609 14.3375 -58.2066 -25.6102
1010000 FRAC0_S 0 1 -37088.9 -45898 8500 8035.97 153418 204852 7.68442 -46.3565 -33.2999
1010000 FRAC0_S 0 1 -36831.4 -45727 8500 2476.11 46353.9 221349 6.70837 -21.959 -41.7533
1010000 FRAC0_S 0 1 -36639.5 -45484.8 8500 27211.8 -51584.9 337968 15.4947 16.256 -41.5516
1010000 FRAC0_S 0 1 -36531.8 -45195.2 8500 2164.48 -210936 292012 15.3063 46.257 -34.0637
1010000 FRAC0_S 0 1 -36518.9 -44886.5 8500 31845.1 -360442 235368 19.0353 57.3126 -24.6092
1010000 FRAC0_S 0 1 -36602 -44588.9 8500 -3828.27 -407344 135577 17.2307 65.4493 -17.3124
1010000 FRAC0_S 0 1 -36773 -44331.4 8500 -7374.37 -450238 41838.6 18.2967 69.3204 -6.30243
Step FractureNumber TipNr TipActive TipX TipY TipZ KI KII KIII G Phi Psi Extension
1010101 FRAC0_S 0 1 -36997.7 -44107.1 8592.48 291569 -80662.9 196812 13.307 18.4387 -23.0299
1010101 FRAC0_S 0 1 -37297.3 -43992 8545.55 233047 -165997 4367.06 7.29759 45.7553 -0.840509
1010101 FRAC0_S 0 1 -37621.3 -43970.9 8494.52 -13532.5 -272225 -109521 8.19892 63.2161 19.0783
1010101 FRAC0_S 0 1 -37940.4 -44044.8 8528.15 1447.71 -163608 -320959 16.0864 39.1959 37.1186
1010101 FRAC0_S 0 1 -38221.4 -44217.4 8538.01 286619 -423164 -304218 35.5861 46.234 20.431
1010101 FRAC0_S 0 1 -38428.6 -44475.8 8474.62 59418 -55229.1 -174292 4.62664 24.2027 35.0431
1010101 FRAC0_S 0 1 -38533.2 -44788.8 8430.01 -22565.1 -107124 -187654 5.70607 39.2827 34.5845
1010101 FRAC0_S 0 1 -38532.8 -45117.6 8415.96 273375 104889 -590809 54.0642 -14.3331 35.288
1010101 FRAC0_S 0 1 -38438.2 -45428.8 8410.82 39398 -30446 -242988 8.07365 12.9623 40.6759
1010101 FRAC0_S 0 1 -38257.3 -45695.8 8409.15 263004 91078.8 -413865 29.6838 -15.6194 32.4515
1010101 FRAC0_S 0 1 -38004 -45893.8 8408.13 403376 98710.7 -271672 25.1837 -16.721 23.3182
1010101 FRAC0_S 0 1 -37702.1 -46008.7 8409.6 460309 139779 -59082.9 21.0863 -26.5398 6.72619
1010101 FRAC0_S 0 1 -37378.2 -46032.7 8416.43 378031 168397 78894.1 16.0893 -32.6251 -9.31562
1010101 FRAC0_S 0 1 -37057.2 -45959.6 8433.22 261232 175328 142620 11.5255 -35.9658 -17.2061
1010101 FRAC0_S 0 1 -36771.9 -45788.6 8470.21 97790.6 -54573.7 134571 3.5261 24.0951 -29.323
1010101 FRAC0_S 0 1 -36565 -45528.9 8522.71 48279.7 78012.8 157391 4.04469 -33.2062 -33.1174
1010101 FRAC0_S 0 1 -36463.6 -45212.3 8564.16 51378.8 54551.1 -198650 5.74882 -22.829 36.8349
1010101 FRAC0_S 0 1 -36465.7 -44882.4 8582.88 -2680.63 79568.7 240931 8.28453 -30.2255 -39.8086
1010101 FRAC0_S 0 1 -36563.2 -44572.7 8589.91 825824 -304971 648496 124.992 21.9396 -24.0449
1010101 FRAC0_S 0 1 -36746.1 -44307.4 8592.84 659732 -203968 453838 69.8859 19.9958 -22.9523