
Step FractureNumber TipNr TipActive TipX TipY TipZ KI KII KIII G Phi Psi Extension
1010000 FRAC0_S 0 1 344.507 -6574.35 8500 -4.43828e+06 -1.05004e+06 338263 113.47 22.9568 -4.41708
1010000 FRAC0_S 0 1 41.602 -6513.19 8500 158085 -1.25456e+06 30458.3 142.603 68.8051 -1.63158
1010000 FRAC0_S 0 1 -265.376 -6548.63 8500 102711 -1.02238e+06 -157962 97.4025 67.1106 9.10272
1010000 FRAC0_S 0 1 -546.377 -6677.2 8500 139802 -886210 -360047 88.9672 60.8964 18.0348
1010000 FRAC0_S 0 1 -773.894 -6886.31 8500 106191 -670007 -621317 92.3498 51.0303 28.1551
1010000 FRAC0_S 0 1 -925.658 -7155.49 8500 3.55464e+06 -391485 -822243 1229.52 11.0222 12.4688
1010000 FRAC0_S 0 1 -986.812 -7458.4 8500 147760 -42547.7 -876543 104.294 5.47209 41.8093
1010000 FRAC0_S 0 1 -951.369 -7765.37 8500 156437 233471 -774582 86.835 -25.2551 37.2823
1010000 FRAC0_S 0 1 -822.8 -8046.38 8500 9.98129e+06 872412 -778151 9026.05 -10.1065 5.07038
1010000 FRAC0_S 0 1 -613.69 -8273.89 8500 2.40792e+06 1.07506e+06 -511394 654.439 -32.6095 9.44532
1010000 FRAC0_S 0 1 -344.507 -8425.65 8500 191801 973205 -218177 94.0077 -63.8502 11.4823
1010000 FRAC0_S 0 1 -41.602 -8486.81 8500 189880 1.23797e+06 -52784.4 140.15 -68.1197 2.73876
1010000 FRAC0_S 0 1 265.376 -8451.37 8500 9.01951e+06 1.34031e+06 370304 7427.56 -16.3953 -2.65253
1010000 FRAC0_S 0 1 546.377 -8322.8 8500 2.34881e+06 1.02061e+06 619856 635.535 -31.2357 -11.3229
1010000 FRAC0_S 0 1 773.894 -8113.69 8500 91997.1 529078 488831 57.4793 -50.83 -27.952
1010000 FRAC0_S 0 1 925.658 -7844.51 8500 -2.17905e+06 373425 824032 102.737 -14.6271 -17.0703
1010000 FRAC0_S 0 1 986.812 -7541.6 8500 123456 -30635.5 895958 108.206 4.02495 -42.5284
1010000 FRAC0_S 0 1 951.369 -7234.63 8500 161484 -403109 666573 75.8983 38.3346 -32.5571
1010000 FRAC0_S 0 1 822.8 -6953.62 8500 -7.15532e+06 -566299 681078 90.2714 9.11734 -6.10546
1010000 FRAC0_S 0 1 613.69 -6726.11 8500 111705 -879854 419011 93.4467 60.0909 -20.2581
Step FractureNumber TipNr TipActive TipX TipY TipZ KI KII KIII G Phi Psi Extension
1010101 FRAC0_S 0 1 368.692 -6512.4 8564.48 2.55302e+06 -1.4226e+06 671154 821.06 36.2998 -10.5775
1010101 FRAC0_S 0 1 47.7805 -6464.19 8579.4 -443538 1.17064e+06 29669 122.234 -64.1994 -1.39703
1010101 FRAC0_S 0 1 -276.947 -6510.74 8591.22 2.2212e+06 -1.39288e+06 -782490 693.965 37.3276 12.8369
1010101 FRAC0_S 0 1 -574.762 -6637.81 8586.15 1.46366e+06 -438085 -691577 271.614 21.6524 18.4539
1010101 FRAC0_S 0 1 -828.258 -6848.09 8565.49 -361478 -504837 105914 24.2026 53.8221 -8.10561
1010101 FRAC0_S 0 1 -1008.84 -7127.56 8531.38 656692 -346096 -1.05422e+06 196.915 21.5737 31.3074
1010101 FRAC0_S 0 1 -1081.32 -7453.82 8498.88 9.88644e+06 -82016.9 -474156 8740.27 1.09525 3.47362
1010101 FRAC0_S 0 1 -1040.3 -7790.09 8476.66 524391 386739 -1.07641e+06 191.934 -24.5911 32.564
1010101 FRAC0_S 0 1 -898.671 -8096.18 8467.08 1.63576e+07 -4.07866e+06 -1.30214e+06 25551.2 23.8032 4.55381
1010101 FRAC0_S 0 1 -664.206 -8330.84 8446.22 1.21619e+06 918117 -690495 270.331 -38.1081 17.0945
1010101 FRAC0_S 0 1 -365.671 -8472.12 8418.44 -1.30068e+06 569369 -729.585 28.8878 -36.1248 0.0304141
1010101 FRAC0_S 0 1 -39.786 -8538.85 8424.1 1.82097e+06 649932 -150952 336.156 -30.4031 4.38142
1010101 FRAC0_S 0 1 289.696 -8524.69 8449.72 -3.67803e+06 1.39713e+06 130122 176.192 -32.5339 -1.92923
1010101 FRAC0_S 0 1 588.843 -8391.33 8447.64 951159 990795 654303 225.034 -43.2328 -17.5615
1010101 FRAC0_S 0 1 833.136 -8159.56 8441.96 902374 570462 981104 229.58 -28.7626 -25.9101
1010101 FRAC0_S 0 1 1008.29 -7872.24 8469.74 662389 442801 1.71637e+06 448.377 -20.2469 -35.2366
1010101 FRAC0_S 0 1 1078.2 -7546.87 8512.7 183955 452757 2.23613e+06 686.318 -20.3252 -40.7194
1010101 FRAC0_S 0 1 1034.63 -7211.48 8536.73 475201 -302074 1.02675e+06 168.464 21.4796 -33.7037
1010101 FRAC0_S 0 1 890.562 -6911.28 8545.1 1.32778e+06 -247326 428624 186.988 16.2141 -15.1751
1010101 FRAC0_S 0 1 657.773 -6671.34 8557.05 1.01984e+06 -773477 650288 202.235 37.3009 -18.4202