
Step FractureNumber TipNr TipActive TipX TipY TipZ KI KII KIII G Phi Psi Extension
1010000 FRAC0_S 0 1 36894 -44236.2 8342.22 1.44838e+06 -1.95712e+06 1.0832e+06 684.307 47.7342 -16.901
1010000 FRAC0_S 0 1 36759.2 -44353.6 8594.33 1.57614e+06 -1.7716e+06 810290 588.37 46.9421 -13.9469
1010000 FRAC0_S 0 1 36696.9 -44534.2 8837.22 1.55839e+06 -2.72712e+06 101183 880.499 59.9812 -1.78159
1010000 FRAC0_S 0 1 36713.3 -44760.5 9047.08 1.57859e+06 -2.76956e+06 -464926 934.324 57.3815 7.22659
1010000 FRAC0_S 0 1 36806.7 -45010.1 9203.4 1.63135e+06 -2.59329e+06 -1.09408e+06 995.629 51.6196 14.6485
1010000 FRAC0_S 0 1 36967.9 -45258.8 9290.86 1.54578e+06 -1.73845e+06 -1.45539e+06 763.948 41.9333 20.8397
1010000 FRAC0_S 0 1 37181.2 -45482.2 9300.91 1.34736e+06 -733083 -1.8302e+06 655.159 23.7843 29.2765
1010000 FRAC0_S 0 1 37425.7 -45658.3 9232.56 1.22195e+06 -72124.4 -1.40514e+06 396.116 3.6909 31.6618
1010000 FRAC0_S 0 1 37677.5 -45770.1 9092.5 1.02951e+06 1.25105e+06 -1.65642e+06 598.833 -37.4192 26.9757
1010000 FRAC0_S 0 1 37911.9 -45806.4 8894.45 1.48021e+06 1.37438e+06 -1.41669e+06 630.495 -37.8005 22.2405
1010000 FRAC0_S 0 1 38106 -45763.8 8657.78 1.13908e+06 1.4905e+06 -827648 404.69 -47.3467 16.7817
1010000 FRAC0_S 0 1 38240.8 -45646.4 8405.67 1.5803e+06 2.49368e+06 -632874 829.936 -54.5236 9.89111
1010000 FRAC0_S 0 1 38303.1 -45465.8 8162.78 1.40538e+06 2.25591e+06 -55523.8 629.902 -59.1856 1.15784
1010000 FRAC0_S 0 1 38286.7 -45239.5 7952.92 1.66408e+06 2.74463e+06 503041 951.68 -56.3733 -7.64229
1010000 FRAC0_S 0 1 38193.3 -44989.9 7796.6 1.59034e+06 2.25071e+06 1.00448e+06 810.974 -49.9262 -14.7513
1010000 FRAC0_S 0 1 38032.1 -44741.2 7709.14 1.2517e+06 1.32596e+06 1.1295e+06 465.959 -41.1193 -20.7017
1010000 FRAC0_S 0 1 37818.8 -44517.8 7699.09 1.60353e+06 963959 1.74079e+06 714.969 -27.82 -26.1288
1010000 FRAC0_S 0 1 37574.3 -44341.7 7767.44 1.62181e+06 232277 1.99285e+06 767.392 -8.19796 -31.5509
1010000 FRAC0_S 0 1 37322.5 -44229.9 7907.5 1.65186e+06 -142601 1.53781e+06 559.485 5.86298 -28.9681
1010000 FRAC0_S 0 1 37088.1 -44193.6 8105.55 1.45066e+06 -1.1558e+06 1.39322e+06 564.725 34.611 -23.1658
Step FractureNumber TipNr TipActive TipX TipY TipZ KI KII KIII G Phi Psi Extension
1010101 FRAC0_S 0 1 36892.1 -44142.2 8370.38 2.91096e+06 -788753 1.13058e+06 980.533 20.9945 -16.4488
1010101 FRAC0_S 0 1 36757.4 -44268.1 8643.45 3.82673e+06 -208013 767187 1387.05 5.93325 -11.6194
1010101 FRAC0_S 0 1 36700.8 -44460.3 8902.55 4.18816e+06 -124202 151404 1567.47 3.84123 -2.60768
1010101 FRAC0_S 0 1 36718.9 -44700 9125.46 3.62297e+06 -96494.4 -428691 1194.92 3.2188 7.70846
1010101 FRAC0_S 0 1 36808.5 -44967.6 9292.29 3.12285e+06 -218951 -994925 1004.94 6.88984 16.1578
1010101 FRAC0_S 0 1 36966 -45243.4 9386.68 2.76487e+06 -324192 -1.57814e+06 1021.8 9.38691 22.6014
1010101 FRAC0_S 0 1 37176.8 -45503.7 9393.63 2.54467e+06 -283940 -1.67166e+06 955.862 8.55451 24.4203
1010101 FRAC0_S 0 1 37417.1 -45719.3 9298.94 2.68729e+06 -451995 -1.97178e+06 1178.81 11.8334 25.1799
1010101 FRAC0_S 0 1 37665.6 -45859.2 9117.26 2.07891e+06 438775 -1.66769e+06 772.175 -13.9076 25.8403
1010101 FRAC0_S 0 1 37905.3 -45904.3 8887.76 2.62379e+06 -3509.78 -1.6784e+06 988.126 0.114074 25.3907
1010101 FRAC0_S 0 1 38104.1 -45857.5 8627.86 3.08157e+06 164168 -1.22643e+06 1048.64 -5.0449 18.9086
1010101 FRAC0_S 0 1 38236.8 -45731.1 8354.71 3.6189e+06 34909.4 -783889 1248.86 -1.09699 12.7485
1010101 FRAC0_S 0 1 38297.2 -45539.3 8096.43 3.90959e+06 -79120.3 -183755 1367.09 2.62957 3.37111
1010101 FRAC0_S 0 1 38283 -45299.6 7874.27 3.33101e+06 63809.2 453020 1016.39 -2.30239 -8.72578
1010101 FRAC0_S 0 1 38193.5 -45031.6 7707.33 3.3117e+06 157830 1.18239e+06 1165.46 -4.66932 -17.6935
1010101 FRAC0_S 0 1 38034 -44757.2 7612.82 2.74004e+06 215085 1.46803e+06 959.776 -6.64226 -22.2528
1010101 FRAC0_S 0 1 37820 -44499.9 7604.78 2.47409e+06 137815 1.86799e+06 1011.24 -4.24056 -26.7862
1010101 FRAC0_S 0 1 37571.3 -44287.9 7688.51 2.17035e+06 -247460 2.20584e+06 1072.34 7.29236 -29.7012
1010101 FRAC0_S 0 1 37315.9 -44148.8 7860.18 2.30487e+06 -401094 1.88227e+06 958.94 11.7036 -26.4449
1010101 FRAC0_S 0 1 37084.7 -44099.1 8100.07 2.6342e+06 -327438 1.58986e+06 964.069 9.7094 -23.2193