
Step FractureNumber TipNr TipActive TipX TipY TipZ KI KII KIII G Phi Psi Extension
1010000 FRAC0_S 0 1 -21759.7 653.88 8500 -259717 3.36557e+06 -399508 1030.58 -68.1221 7.41726
1010000 FRAC0_S 0 1 -21998 850.626 8500 -240253 2.97323e+06 588619 833.822 -66.6732 -11.2846
1010000 FRAC0_S 0 1 -22285.5 964.107 8500 -245456 2.54302e+06 1.20083e+06 768.055 -60.7994 -20.4889
1010000 FRAC0_S 0 1 -22593.9 983.215 8500 -468247 2.20592e+06 1.99168e+06 961.199 -50.5428 -27.2823
1010000 FRAC0_S 0 1 -22893.1 906.079 8500 4.68037e+06 1.40874e+06 2.15548e+06 2746.81 -21.8778 -18.1369
1010000 FRAC0_S 0 1 -23153.8 740.249 8500 -311412 25388.4 2.16494e+06 623.421 -1.41355 -42.7864
1010000 FRAC0_S 0 1 -23350.6 501.959 8500 -338714 -993921 2.31162e+06 798.727 32.9761 -36.199
1010000 FRAC0_S 0 1 -23464.1 214.534 8500 -272888 -1.83166e+06 1.75417e+06 708.218 50.6827 -28.639
1010000 FRAC0_S 0 1 -23483.2 -93.892 8500 -250364 -2.598e+06 1.28785e+06 822.044 60.3189 -21.0868
1010000 FRAC0_S 0 1 -23406.1 -393.127 8500 -287380 -3.0097e+06 704906 873.269 65.6965 -12.715
1010000 FRAC0_S 0 1 -23240.3 -653.88 8500 329861 -4.03693e+06 441794 1487.86 68.1974 -6.88778
1010000 FRAC0_S 0 1 -23002 -850.626 8500 1.14435e+07 -1.8966e+06 -734538 12061.6 17.5943 3.98084
1010000 FRAC0_S 0 1 -22714.5 -964.107 8500 8.24694e+06 -634844 -1.07064e+06 6248.92 8.64547 8.00905
1010000 FRAC0_S 0 1 -22406.1 -983.215 8500 -266231 -1.93754e+06 -1.63923e+06 691.903 52.7909 27.2667
1010000 FRAC0_S 0 1 -22106.9 -906.079 8500 -286596 -1.24855e+06 -2.11429e+06 733.449 39.7038 34.1128
1010000 FRAC0_S 0 1 -21846.2 -740.249 8500 -180174 -104598 -1.60035e+06 341.605 7.55253 42.4342
1010000 FRAC0_S 0 1 -21649.4 -501.959 8500 -271809 781586 -2.03385e+06 604.598 -30.9567 37.0635
1010000 FRAC0_S 0 1 -21535.9 -214.534 8500 -293247 1.6098e+06 -1.72507e+06 626.716 -48.3372 29.6264
1010000 FRAC0_S 0 1 -21516.8 93.892 8500 -254294 2.34122e+06 -1.3692e+06 737.778 -58.2625 23.0013
1010000 FRAC0_S 0 1 -21593.9 393.127 8500 -276671 2.67847e+06 -676495 700.161 -65.178 13.3846
Step FractureNumber TipNr TipActive TipX TipY TipZ KI KII KIII G Phi Psi Extension
1010101 FRAC0_S 0 1 -21731.2 678.918 8407.95 5.6759e+06 -1.07316e+07 195556 13138.3 61.2458 -0.914133
1010101 FRAC0_S 0 1 -21978.4 885.751 8409.06 3.93627e+06 -3.97438e+06 -201044 2793.62 51.7899 1.91292
1010101 FRAC0_S 0 1 -22276.6 1012.26 8414.09 2.5397e+06 1.33057e+06 -30625.9 732.654 -39.609 0.610342
1010101 FRAC0_S 0 1 -22603.5 1048.04 8430.25 2.10161e+06 1.71934e+06 737144 729.271 -42.8489 -11.7512
1010101 FRAC0_S 0 1 -22929.7 983.191 8461.45 894189 1.42955e+06 1.34607e+06 494.342 -43.914 -24.1703
1010101 FRAC0_S 0 1 -23214.3 809.653 8503.06 1.30537e+07 -2.85541e+06 1.94196e+06 16412.4 20.603 -8.09482
1010101 FRAC0_S 0 1 -23418.8 545.448 8545.94 841370 -955899 1.48142e+06 436.388 34.8668 -28.5059
1010101 FRAC0_S 0 1 -23525.5 230.897 8574.01 1.3972e+07 3.19894e+06 -554008 18348.4 -22.9867 2.40572
1010101 FRAC0_S 0 1 -23532.8 -96.9001 8585.56 -841089 -88960.1 433188 25.6629 8.83783 -21.4535
1010101 FRAC0_S 0 1 -23444.3 -408.641 8590.5 1.88979e+06 -513661 8256.22 341.76 26.6427 -0.266638
1010101 FRAC0_S 0 1 -23275.7 -690.793 8576.77 1.96719e+06 -1.00308e+06 491463 466.625 34.6894 -10.4085
1010101 FRAC0_S 0 1 -23038.5 -921.947 8542.09 1.55234e+06 -5.18258e+06 -1.83165e+06 3054.36 59.077 15.1688
1010101 FRAC0_S 0 1 -22736 -1047.93 8534.98 1.06981e+06 -2.86406e+06 -683860 895.142 59.9043 10.8276
1010101 FRAC0_S 0 1 -22401 -1055.08 8559.55 1.26473e+06 -1.64276e+06 -800509 468.241 48.285 15.3012
1010101 FRAC0_S 0 1 -22073.7 -974.991 8555.13 2.49831e+06 50473.4 -2.63435e+06 1479.41 -1.35668 31.1192
1010101 FRAC0_S 0 1 -21787.1 -805.939 8509.68 3.1157e+06 -252482 -2.72934e+06 1861.48 5.677 28.3021
1010101 FRAC0_S 0 1 -21579.8 -545.935 8458.89 580213 512867 -1.07031e+06 205.797 -29.2553 30.5123
1010101 FRAC0_S 0 1 -21471.9 -231.399 8428.53 1.15287e+06 1.42418e+06 -1.0853e+06 455.835 -43.8564 20.2165
1010101 FRAC0_S 0 1 -21464.7 96.9599 8416.11 234391 -909511 -788802 161.362 50.3807 26.3375
1010101 FRAC0_S 0 1 -21554.6 408.899 8410.16 1.77325e+06 613365 -570020 356.939 -26.0309 13.8113