
Step FractureNumber TipNr TipActive TipX TipY TipZ KI KII KIII G Phi Psi Extension
1010000 FRAC0_S 0 1 -45000 15987.2 8471.27 -6.50121e+06 1.69511e+06 1.18054e+06 441.409 -23.021 -9.2971
1010000 FRAC0_S 0 1 -45000 15947.8 8777.76 -6.68394e+06 1.05919e+06 1.36516e+06 347.839 -15.3338 -10.9494
1010000 FRAC0_S 0 1 -45000 15815.6 9057.06 -6.77291e+06 809020 1.53701e+06 372.523 -11.8696 -12.2095
1010000 FRAC0_S 0 1 -45000 15603.5 9281.83 -6.94506e+06 221166 1.57265e+06 333.297 -3.49832 -12.9682
1010000 FRAC0_S 0 1 -45000 15332.4 9430.08 -6.64151e+06 -538563 1.31923e+06 257.317 8.59011 -11.3118
1010000 FRAC0_S 0 1 -45000 15028.7 9487.27 -6.3477e+06 -981304 1.06904e+06 237.808 15.4031 -9.39437
1010000 FRAC0_S 0 1 -45000 14722.2 9447.82 -5.9085e+06 -1.40545e+06 704647 242.055 22.3878 -6.59954
1010000 FRAC0_S 0 1 -45000 14442.9 9315.6 -7.11835e+06 -2.01844e+06 399557 384.276 26.4961 -3.21014
1010000 FRAC0_S 0 1 -45000 14218.2 9103.54 -5.92413e+06 -1.73966e+06 -67662.9 270.293 27.9574 0.680101
1010000 FRAC0_S 0 1 -45000 14070 8832.4 -6.43019e+06 -1.48267e+06 -821290 285.603 21.7486 7.04271
1010000 FRAC0_S 0 1 -45000 14012.8 8528.73 -6.50617e+06 -1.50061e+06 -1.17226e+06 383.428 21.0167 9.42318
1010000 FRAC0_S 0 1 -45000 14052.2 8222.24 -5.90582e+06 -775943 -1.48189e+06 345.72 12.6744 13.0714
1010000 FRAC0_S 0 1 -45000 14184.4 7942.94 -5.58325e+06 843081 -1.27268e+06 278.76 -14.4913 11.992
1010000 FRAC0_S 0 1 -45000 14396.5 7718.17 -4.89908e+06 624472 -1.31234e+06 263.808 -12.2051 13.7581
1010000 FRAC0_S 0 1 -45000 14667.6 7569.92 -4.82843e+06 1.76243e+06 -781311 357.979 -29.4685 7.89588
1010000 FRAC0_S 0 1 -45000 14971.3 7512.73 -6.66368e+06 2.5238e+06 -1.17176e+06 750.206 -29.9531 8.40055
1010000 FRAC0_S 0 1 -45000 15277.8 7552.18 -5.58072e+06 2.4486e+06 -1.30783e+06 761.758 -31.9 10.2779
1010000 FRAC0_S 0 1 -45000 15557.1 7684.4 -6.67646e+06 2.91127e+06 -95087.3 756.455 -35.765 0.762794
1010000 FRAC0_S 0 1 -45000 15781.8 7896.46 -5.85731e+06 2.89322e+06 -89716.7 746.985 -38.3212 0.788197
1010000 FRAC0_S 0 1 -45000 15930 8167.6 -6.31563e+06 1.996e+06 876337 457.154 -27.1101 -7.13934
Step FractureNumber TipNr TipActive TipX TipY TipZ KI KII KIII G Phi Psi Extension
1010101 FRAC0_S 0 1 -45037.6 16077.3 8469.23 -5.29957e+06 3.67024e+06 1.1887e+06 1388.3 -41.4441 -8.67532
1010101 FRAC0_S 0 1 -45028.1 16037.3 8804.45 -6.73299e+06 3.03566e+06 1.52694e+06 1131.27 -32.5689 -9.94104
1010101 FRAC0_S 0 1 -45018.4 15894.4 9111.19 -7.88419e+06 2.3665e+06 1.7321e+06 898.07 -24.9186 -10.5853
1010101 FRAC0_S 0 1 -45004.4 15662.6 9358.42 -7.36784e+06 429232 1.73413e+06 416.378 -6.16285 -13.0991
1010101 FRAC0_S 0 1 -44987.4 15365 9520.48 -7.81036e+06 -1.65721e+06 1.7108e+06 633.998 19.2167 -11.1646
1010101 FRAC0_S 0 1 -44973.5 15032 9580.91 -7.4956e+06 -3.8441e+06 1.41639e+06 1583.6 35.8326 -8.25397
1010101 FRAC0_S 0 1 -44963.2 14697.4 9534.76 -4.60396e+06 -3.14994e+06 703288 949.947 42.4333 -6.25817
1010101 FRAC0_S 0 1 -44956.4 14393.8 9388.23 -5.68979e+06 -4.98485e+06 488535 2246.01 48.5581 -3.35032
1010101 FRAC0_S 0 1 -44956.1 14148.7 9156.82 -4.17628e+06 -3.90789e+06 -89270.7 1361.91 50.9349 0.847983
1010101 FRAC0_S 0 1 -44960.7 13985.4 8862.2 -5.60665e+06 -4.57182e+06 -735726 1934.53 46.3616 5.10802
1010101 FRAC0_S 0 1 -44967.3 13920.8 8531.04 -5.18706e+06 -3.83453e+06 -938496 1427.38 43.5234 7.05661
1010101 FRAC0_S 0 1 -44986.3 13962 8195.54 -6.40481e+06 -1.75071e+06 -1.9518e+06 779.787 22.1495 13.8318
1010101 FRAC0_S 0 1 -45012.3 14106.1 7889.43 -7.03279e+06 746395 -2.18404e+06 684.057 -10.0952 15.5126
1010101 FRAC0_S 0 1 -45029.1 14339.3 7645.34 -5.356e+06 2.53883e+06 -1.68648e+06 952.653 -32.1819 12.707
1010101 FRAC0_S 0 1 -45042.4 14637.4 7487.94 -4.75634e+06 3.04819e+06 -2.19829e+06 1470.68 -36.1623 15.548
1010101 FRAC0_S 0 1 -45050.5 14968.7 7428.56 -3.93902e+06 4.39926e+06 -847728 1820.17 -50.9924 6.91716
1010101 FRAC0_S 0 1 -45053.5 15300.5 7473.04 -3.61458e+06 4.68491e+06 -760539 2032.75 -53.6763 6.31513
1010101 FRAC0_S 0 1 -45057.9 15601.4 7618.54 -3.1689e+06 4.34637e+06 17634.7 1683.41 -57.474 -0.182419
1010101 FRAC0_S 0 1 -45057 15845.3 7848.24 -3.24375e+06 4.47609e+06 298366 1797.19 -56.3394 -2.85677
1010101 FRAC0_S 0 1 -45048 16010.5 8139.97 -4.3527e+06 4.39558e+06 934713 1837.9 -49.1279 -7.22195