
Step FractureNumber TipNr TipActive TipX TipY TipZ KI KII KIII G Phi Psi Extension
1010000 FRAC0_S 0 1 15000 29248.7 7858.8 -1.37544e+07 1.51298e+06 2.6168e+07 91277.5 -5.01865 -36.0982
1010000 FRAC0_S 0 1 15000 29487.6 7655.6 -5.41167e+06 -180173 7.89881e+06 8300.92 1.85727 -34.3564
1010000 FRAC0_S 0 1 15000 29773.6 7538.6 -6.46119e+06 -3.03818e+06 8.87587e+06 11300.4 21.2341 -29.977
1010000 FRAC0_S 0 1 15000 30081.8 7515.7 -6.78617e+06 -6.62174e+06 7.58838e+06 11565.9 37.1903 -23.8799
1010000 FRAC0_S 0 1 15000 30382 7589.16 -6.93296e+06 -9.24082e+06 5.63848e+06 11837.7 46.7476 -17.9579
1010000 FRAC0_S 0 1 15000 30644.7 7751.78 -6.00855e+06 -2.90292e+07 -9.07314e+06 86041.2 61.8171 14.6476
1010000 FRAC0_S 0 1 15000 30844.5 7987.64 -1.24051e+07 -1.99284e+07 6.58901e+06 41163.5 53.3301 -12.2585
1010000 FRAC0_S 0 1 15000 30961.5 8273.65 -7.81645e+06 -1.92687e+07 -1.29801e+07 55493.2 51.1399 21.8063
1010000 FRAC0_S 0 1 15000 30984.3 8581.81 -1.20439e+06 -403695 -3.79435e+06 1929.33 10.0706 38.5042
1010000 FRAC0_S 0 1 15000 30910.8 8881.97 524051 3.43554e+06 -2.39573e+06 1839.59 -55.2251 24.7139
1010000 FRAC0_S 0 1 15000 30748.2 9144.74 -7.52912e+06 -8.13736e+06 -9.70837e+06 18436.1 37.6973 25.0121
1010000 FRAC0_S 0 1 15000 30512.4 9344.4 3.49661e+06 8.53068e+06 2.32784e+06 8294.94 -58.4763 -11.7808
1010000 FRAC0_S 0 1 15000 30226.4 9461.4 3.21769e+06 5.46404e+06 4.16162e+06 5886.49 -46.8914 -21.8095
1010000 FRAC0_S 0 1 15000 29918.2 9484.3 3.60974e+06 5.00532e+06 6.01767e+06 8209.86 -39.6984 -26.4962
1010000 FRAC0_S 0 1 15000 29618 9410.84 2.09434e+06 1.8372e+06 5.03147e+06 4058.61 -25.7556 -33.3869
1010000 FRAC0_S 0 1 15000 29355.3 9248.22 1.65754e+06 1.08423e+06 5.85847e+06 4914.37 -16.5372 -37.8204
1010000 FRAC0_S 0 1 15000 29155.5 9012.36 577897 432353 5.25925e+06 3725.16 -9.32169 -42.2095
1010000 FRAC0_S 0 1 15000 29038.5 8726.35 9.77851e+06 -1.59171e+07 1.6447e+07 67074 42.8916 -25.4149
1010000 FRAC0_S 0 1 15000 29015.7 8418.19 -1.68182e+06 1.78955e+06 4.06345e+06 2481.42 -29.302 -32.4671
1010000 FRAC0_S 0 1 15000 29089.2 8118.03 -3.07418e+06 2.06203e+06 5.64424e+06 4615.93 -24.2175 -31.792
Step FractureNumber TipNr TipActive TipX TipY TipZ KI KII KIII G Phi Psi Extension
1010101 FRAC0_S 0 1 14986.2 29180.1 7792.56 -3.02712e+06 3.60481e+06 5.9524e+06 5870.29 -34.3595 -29.511
1010101 FRAC0_S 0 1 15008.5 29437.5 7573.93 -3.96589e+06 -9788.57 7.71185e+06 7909.86 0.117204 -37.0995
1010101 FRAC0_S 0 1 15034 29751.6 7452.03 -3.52282e+06 -2.18225e+06 7.60834e+06 8123.31 21.0672 -33.798
1010101 FRAC0_S 0 1 15057.5 30086.4 7437.53 -1.32272e+06 -6.20237e+06 5.91151e+06 8075.83 49.709 -27.929
1010101 FRAC0_S 0 1 15073.5 30404.6 7528.78 -1.7577e+07 9.57965e+06 1.3139e+07 31137.8 -29.3266 -21.9246
1010101 FRAC0_S 0 1 15082.3 30679.6 7710.35 3.05262e+06 -6.88634e+06 1.02254e+06 5195.18 60.3251 -6.98902
1010101 FRAC0_S 0 1 15081.6 30892.9 7959.61 3.56864e+06 -7.15897e+06 -2.12276e+06 6301.1 56.2689 11.9844
1010101 FRAC0_S 0 1 15063.3 31029.2 8260.76 989391 -4.73091e+06 -3.43258e+06 3648.74 53.6614 24.6108
1010101 FRAC0_S 0 1 15007.7 31061.8 8587.82 1.7269e+06 1.56291e+07 8.2147e+06 31007.4 -59.419 -21.6521
1010101 FRAC0_S 0 1 14978.6 30976.7 8907.95 -5.01285e+06 -7.60729e+06 7.57697e+06 12792.5 42.8007 -24.6174
1010101 FRAC0_S 0 1 14988.8 30798.1 9187.26 -6.23772e+06 -4.05511e+06 -6.58404e+06 7230.81 29.5974 25.4071
1010101 FRAC0_S 0 1 14954.5 30544.8 9396.3 1.13321e+07 7.12654e+06 6.92809e+06 22352.6 -33.7845 -18.8287
1010101 FRAC0_S 0 1 14926.2 30239.3 9525 8.79642e+06 1.71187e+06 6.81054e+06 13325.2 -13.1543 -25.5699
1010101 FRAC0_S 0 1 14938.9 29910.2 9560.03 2.23154e+07 7.76582e+06 1.86026e+07 95774.5 -20.551 -24.9864
1010101 FRAC0_S 0 1 14955.1 29583.4 9489.69 3.07106e+06 -530070 7.72863e+06 8809.78 6.39677 -37.8519
1010101 FRAC0_S 0 1 14970.8 29294.2 9318.1 7.6171e+06 -1.64865e+07 1.63884e+07 65111.8 45.3973 -26.1635
1010101 FRAC0_S 0 1 15001.8 29079.9 9060.31 1.25887e+06 -1.05307e+06 4.94783e+06 3496.01 18.8349 -37.8318
1010101 FRAC0_S 0 1 15017.7 28960.1 8745.73 -946215 -790996 4.75179e+06 3058.83 16.0256 -39.4222
1010101 FRAC0_S 0 1 14982.3 28933.4 8409.95 -2.64506e+06 978560 4.16497e+06 2392.48 -16.4846 -32.274
1010101 FRAC0_S 0 1 14965.1 29006.6 8082.32 -1.61285e+06 -2.70417e+06 7.1213e+06 7396.44 29.1854 -35.7704