
Step FractureNumber TipNr TipActive TipX TipY TipZ KI KII KIII G Phi Psi Extension
1010000 FRAC0_S 0 1 15000 15987.2 8471.27 -1.09225e+07 -8.21042e+06 1.04606e+06 6152.53 45.3747 -3.95478
1010000 FRAC0_S 0 1 15000 15947.8 8777.76 -7.20356e+06 -8.52707e+06 -757010 6555.49 53.6819 3.51171
1010000 FRAC0_S 0 1 15000 15815.6 9057.06 -1.73598e+06 -5.85035e+06 -1.05536e+06 3198.06 62.6966 9.03355
1010000 FRAC0_S 0 1 15000 15603.5 9281.83 -2.23696e+06 -5.15719e+06 -3.44306e+06 3946.7 50.7707 21.4502
1010000 FRAC0_S 0 1 15000 15332.4 9430.08 -1.95443e+06 -4.53363e+06 -5.92953e+06 6507.74 41.7829 29.7213
1010000 FRAC0_S 0 1 15000 15028.7 9487.27 -1.14242e+06 -1.56905e+06 -6.28555e+06 5473.96 22.2865 38.3862
1010000 FRAC0_S 0 1 15000 14722.2 9447.82 -613971 1.16537e+06 -4.84068e+06 3237.5 -22.476 39.3906
1010000 FRAC0_S 0 1 15000 14442.9 9315.6 -2.43806e+06 4.07409e+06 -5.53372e+06 5551.8 -39.3428 28.868
1010000 FRAC0_S 0 1 15000 14218.2 9103.54 -4.08558e+06 6.24775e+06 -4.36781e+06 6015.7 -46.855 20.2613
1010000 FRAC0_S 0 1 15000 14070 8832.4 -3.96446e+06 5.4878e+06 -2.11552e+06 3278.87 -50.6624 13.161
1010000 FRAC0_S 0 1 15000 14012.8 8528.73 -9.62797e+06 9.12526e+06 -1.26402e+06 7632.73 -49.2746 4.79385
1010000 FRAC0_S 0 1 15000 14052.2 8222.24 -1.44914e+07 1.25424e+07 -2.83771e+06 15089.1 -46.4421 7.11196
1010000 FRAC0_S 0 1 15000 14184.4 7942.94 -1.13882e+07 5.19023e+06 1.52167e+06 2708.45 -34.3894 -6.32423
1010000 FRAC0_S 0 1 15000 14396.5 7718.17 -1.33713e+07 1.24023e+07 -1.46283e+06 13991.3 -49.2355 4.09407
1010000 FRAC0_S 0 1 15000 14667.6 7569.92 -2.73105e+07 1.28433e+07 9.17161e+06 25886.5 -31.7073 -13.3624
1010000 FRAC0_S 0 1 15000 14971.3 7512.73 -1.85783e+07 1.72833e+06 4.88257e+06 3436.84 -9.2764 -13.8793
1010000 FRAC0_S 0 1 15000 15277.8 7552.18 -2.79291e+06 7.37351e+06 -2.27179e+06 5531.2 -58.3938 13.1455
1010000 FRAC0_S 0 1 15000 15557.1 7684.4 -1.65656e+07 -3.17613e+06 4.64776e+06 3771.95 17.0444 -13.6656
1010000 FRAC0_S 0 1 15000 15781.8 7896.46 -1.01198e+06 3.36198e+06 -3.02894e+06 2227.41 -49.1429 26.3897
1010000 FRAC0_S 0 1 15000 15930 8167.6 -1.21949e+07 -6.70739e+06 2.51091e+06 4847.5 36.9848 -8.69251
Step FractureNumber TipNr TipActive TipX TipY TipZ KI KII KIII G Phi Psi Extension
1010101 FRAC0_S 0 1 15070.8 16055.3 8467.7 -1.15229e+06 -1.00417e+07 754940 9061.24 68.2166 -4.79636
1010101 FRAC0_S 0 1 15080.3 16003.2 8792.05 1.56522e+06 -9.91366e+06 -2.75809e+06 9987.83 63.545 13.8722
1010101 FRAC0_S 0 1 15084 15858.4 9086.68 3.71311e+06 -4.53975e+06 -2.06306e+06 3631.15 48.0537 14.2792
1010101 FRAC0_S 0 1 15077.6 15638.6 9330.89 3.99363e+06 -3.36505e+06 -3.43623e+06 4000.68 36.8395 21.4851
1010101 FRAC0_S 0 1 15062.1 15355.3 9500.83 2.9183e+06 -2.88616e+06 -5.28966e+06 5222.58 31.6838 29.6882
1010101 FRAC0_S 0 1 15026 15029.9 9573.24 2.0623e+06 -801049 -5.07769e+06 3865.31 13.4101 36.3826
1010101 FRAC0_S 0 1 14974.5 14699 9531.25 1.84539e+06 1.36792e+06 -6.07984e+06 5386.48 -19.0908 36.9053
1010101 FRAC0_S 0 1 14940.5 14401.1 9380.15 2.3572e+06 3.23037e+06 -4.92678e+06 4653.36 -36.4053 29.3034
1010101 FRAC0_S 0 1 14928.3 14165.3 9145.74 2.65351e+06 5.54344e+06 -3.68908e+06 5175.8 -50.0677 21.0301
1010101 FRAC0_S 0 1 14924.1 14010.3 8853.99 2.16099e+06 7.41055e+06 -2.31994e+06 6025.54 -60.0605 13.9612
1010101 FRAC0_S 0 1 14924.6 13948.7 8530.17 51029.9 9.33085e+06 -597929 7806.12 -69.704 4.55483
1010101 FRAC0_S 0 1 14930.7 13985.7 8201.39 -2.80341e+06 1.09343e+07 -663677 10712.4 -65.9428 3.5245
1010101 FRAC0_S 0 1 14934.7 14123.8 7901.9 -6.07329e+06 1.00196e+07 1.13139e+06 9116.15 -57.7525 -4.98113
1010101 FRAC0_S 0 1 14934.9 14352.3 7660.66 -7.30698e+06 1.06488e+07 1.79428e+06 10533.1 -55.1351 -6.81388
1010101 FRAC0_S 0 1 14950.8 14642.6 7492.29 -1.15469e+07 1.21521e+07 4.2761e+06 15591.1 -47.606 -11.1516
1010101 FRAC0_S 0 1 14957.6 14966.4 7430.8 -1.68912e+07 9.5095e+06 3.34897e+06 9549.94 -37.5987 -8.36241
1010101 FRAC0_S 0 1 14960.7 15297.9 7482.63 -1.64847e+07 1.06939e+07 6.21603e+06 15329.6 -37.6538 -13.3754
1010101 FRAC0_S 0 1 14974.4 15600.7 7622.36 -1.65626e+07 2.19623e+06 4.46197e+06 3077.74 -12.6151 -13.7696
1010101 FRAC0_S 0 1 14984.6 15840 7850.01 -2.78838e+07 -6.86051e+06 1.02222e+07 18091.8 19.7303 -16.0263
1010101 FRAC0_S 0 1 15029 15998.1 8143.65 -8.42643e+06 -9.87641e+06 3.75581e+06 10568.2 48.6502 -12.324