
Step FractureNumber TipNr TipActive TipX TipY TipZ KI KII KIII G Phi Psi Extension
1010000 FRAC0_S 0 1 36698.7 22979.8 8821.5 4.58938e+06 2.416e+06 3.27011e+06 3819.27 -29.0474 -21.4808
1010000 FRAC0_S 0 1 36709.7 22756 9034.31 4.31267e+06 455129 3.47133e+06 3278.49 -7.51999 -27.0052
1010000 FRAC0_S 0 1 36798.1 22507.1 9194.81 4.54559e+06 -1.19458e+06 3.6934e+06 3782.66 16.6058 -25.4799
1010000 FRAC0_S 0 1 36955.1 22257.6 9287.31 4.54654e+06 -2.84261e+06 3.26472e+06 3979.61 32.3708 -20.8031
1010000 FRAC0_S 0 1 37165.5 22031.8 9302.74 4.33077e+06 -3.9429e+06 2.42701e+06 3840.07 42.0821 -15.9935
1010000 FRAC0_S 0 1 37408.6 21851.8 9239.59 3.09457e+06 -3.55428e+06 1.10604e+06 2141.77 49.4614 -10.4535
1010000 FRAC0_S 0 1 37660.7 21735.3 9104.05 3.31817e+06 -4.36425e+06 458258 2706.3 54.936 -4.28624
1010000 FRAC0_S 0 1 37897.1 21693.6 8909.37 3.09698e+06 -3.80572e+06 -552732 2185.94 53.2247 5.6014
1010000 FRAC0_S 0 1 38094.5 21730.9 8674.62 3.29102e+06 -3.59609e+06 -1.48263e+06 2409.85 47.2293 12.7815
1010000 FRAC0_S 0 1 38233.8 21843.4 8422.78 3.8202e+06 -3.25567e+06 -2.568e+06 3122.06 39.2849 18.4301
1010000 FRAC0_S 0 1 38301.3 22020.2 8178.5 3.99016e+06 -2.05016e+06 -3.36606e+06 3300.23 27.1883 23.6863
1010000 FRAC0_S 0 1 38290.3 22244 7965.69 3.64242e+06 -361267 -3.44673e+06 2773.91 6.62395 29.0219
1010000 FRAC0_S 0 1 38201.9 22492.9 7805.19 3.5555e+06 1.26245e+06 -3.35724e+06 2767.56 -19.9502 26.4664
1010000 FRAC0_S 0 1 38044.9 22742.4 7712.69 3.28505e+06 2.29463e+06 -3.01828e+06 2642.46 -32.3775 23.3149
1010000 FRAC0_S 0 1 37834.5 22968.2 7697.26 3.63332e+06 4.10747e+06 -2.26594e+06 3362.63 -45.6719 15.9703
1010000 FRAC0_S 0 1 37591.4 23148.2 7760.41 3.63668e+06 4.81572e+06 -1.24379e+06 3450.84 -52.2655 9.46255
1010000 FRAC0_S 0 1 37339.3 23264.7 7895.95 3.86596e+06 5.39267e+06 -178369 3927.43 -57.1435 1.46249
1010000 FRAC0_S 0 1 37102.9 23306.4 8090.63 4.19078e+06 4.83297e+06 1.21402e+06 3842.42 -50.4905 -8.78541
1010000 FRAC0_S 0 1 36894.3 23264.1 8341.59 4.76501e+06 4.73128e+06 2.31394e+06 4730.12 -44.8511 -14.0155
1010000 FRAC0_S 0 1 36766.2 23156.6 8577.22 3.24424e+06 2.60689e+06 2.3736e+06 2292.79 -37.3417 -19.7618
Step FractureNumber TipNr TipActive TipX TipY TipZ KI KII KIII G Phi Psi Extension
1010101 FRAC0_S 0 1 36604 22996 8826.03 5.4612e+06 -213500 3.28821e+06 4099.77 3.29514 -24.1742
1010101 FRAC0_S 0 1 36628.6 22772.9 9078.43 5.38211e+06 -26810.8 3.50327e+06 4213.62 0.420532 -25.5617
1010101 FRAC0_S 0 1 36746.6 22522.8 9272.85 5.83712e+06 -212265 3.97519e+06 5141.86 2.93304 -25.7413
1010101 FRAC0_S 0 1 36937.8 22267.8 9382.16 5.11364e+06 -132643 2.79647e+06 3371.83 2.28988 -23.1311
1010101 FRAC0_S 0 1 37177.8 22036.3 9399.94 6.08292e+06 22161.4 2.46348e+06 4104.43 -0.361622 -19.6975
1010101 FRAC0_S 0 1 37445.1 21853.9 9331.21 6.81963e+06 99309.9 1.50395e+06 4445.97 -1.64094 -12.8752
1010101 FRAC0_S 0 1 37716.1 21736.3 9186.14 6.71546e+06 174326 487326 4052.92 -3.26921 -5.00862
1010101 FRAC0_S 0 1 37967.2 21690.3 8979.09 5.38401e+06 -38351.5 -402325 2604.74 0.918769 5.2302
1010101 FRAC0_S 0 1 38177.3 21721.2 8727.2 6.12517e+06 -353206 -1.53445e+06 3667.48 6.03519 13.7268
1010101 FRAC0_S 0 1 38326.3 21829.1 8450.99 6.71641e+06 -58221.3 -2.78115e+06 5048.79 0.850392 19.9061
1010101 FRAC0_S 0 1 38395.6 22003.4 8173.08 4.22133e+06 -232975 -2.7557e+06 2602.73 4.4507 24.9913
1010101 FRAC0_S 0 1 38369.7 22225.2 7920.06 5.03768e+06 -520939 -3.52537e+06 3938.6 7.79836 25.3006
1010101 FRAC0_S 0 1 38250.9 22475.3 7725.94 4.57786e+06 126394 -3.37313e+06 3382.16 -2.17357 26.818
1010101 FRAC0_S 0 1 38060.1 22730.2 7617.59 4.78603e+06 588723 -2.42525e+06 2854.33 -10.168 21.0621
1010101 FRAC0_S 0 1 37819.6 22960.3 7600.79 6.31532e+06 408368 -2.35462e+06 4306.25 -6.15596 18.0107
1010101 FRAC0_S 0 1 37552.6 23141.8 7669.73 6.40521e+06 93456.2 -1.26591e+06 3869.81 -1.67493 11.8397
1010101 FRAC0_S 0 1 37283.1 23262 7814.52 7.68029e+06 151030 -363376 5275.91 -2.55645 3.39385
1010101 FRAC0_S 0 1 37032.7 23312.1 8021.45 5.92093e+06 227247 660646 3186.62 -4.59457 -7.25751
1010101 FRAC0_S 0 1 36822.7 23282.7 8273.83 6.23525e+06 217400 2.1618e+06 4090.21 -3.48855 -17.4959
1010101 FRAC0_S 0 1 36681.1 23182.6 8530.9 6.56156e+06 32215 3.19276e+06 5192.4 -0.460089 -21.9344