
Step FractureNumber TipNr TipActive TipX TipY TipZ KI KII KIII G Phi Psi Extension
1010000 FRAC0_S 0 1 14840.5 15764.3 7895.16 4.80282e+06 5.79089e+06 1.40004e+06 5304.45 -51.2772 -8.65535
1010000 FRAC0_S 0 1 14604 15806.4 8089.6 3.96883e+06 3.63576e+06 1.99456e+06 3110.65 -42.9842 -14.7825
1010000 FRAC0_S 0 1 14406.6 15769.7 8323.7 1.88853e+07 3.64493e+06 3.17501e+06 34305.9 -18.4442 -9.13081
1010000 FRAC0_S 0 1 14266.6 15657.3 8576.03 -7.93588e+06 385276 4.39057e+06 2577.08 -4.17892 -23.004
1010000 FRAC0_S 0 1 14198.8 15480.7 8820.4 8.39653e+06 -2.00538e+06 6.01156e+06 11447.2 16.0601 -24.1413
1010000 FRAC0_S 0 1 14209.5 15257.1 9033.41 8.35119e+06 -4.16334e+06 5.06535e+06 11171.8 29.2294 -19.7347
1010000 FRAC0_S 0 1 14297.5 15008.3 9194.21 8.79702e+06 -6.59342e+06 4.10396e+06 13009.9 39.3434 -14.958
1010000 FRAC0_S 0 1 14454.3 14758.7 9287.05 9.30062e+06 -8.51962e+06 2.53514e+06 15030.9 46.3336 -9.20257
1010000 FRAC0_S 0 1 14664.5 14532.7 9302.85 9.46077e+06 -9.33108e+06 541371 15773.6 51.264 -2.15829
1010000 FRAC0_S 0 1 14907.5 14352.5 9240.07 9.35212e+06 -9.38696e+06 -1.53639e+06 15959.6 49.812 5.72104
1010000 FRAC0_S 0 1 15159.5 14235.7 9104.84 8.60492e+06 -7.51784e+06 -3.07662e+06 12893.4 44.0866 11.6518
1010000 FRAC0_S 0 1 15396 14193.6 8910.4 7.98384e+06 -5.42909e+06 -4.12509e+06 10569.7 36.6306 16.5206
1010000 FRAC0_S 0 1 15593.8 14230.5 8675.79 5.34777e+06 -2.36114e+06 -3.52024e+06 4693.36 26.3427 21.2092
1010000 FRAC0_S 0 1 15733.4 14342.7 8423.97 6.32993e+06 -1.07447e+06 -4.72442e+06 6641.91 11.853 25.3756
1010000 FRAC0_S 0 1 15801.2 14519.3 8179.6 5.44041e+06 896876 -4.28414e+06 5150.22 -11.3225 26.0924
1010000 FRAC0_S 0 1 15790.5 14742.9 7966.59 4.87387e+06 2.40536e+06 -3.69761e+06 4450.75 -27.317 22.5302
1010000 FRAC0_S 0 1 15702.5 14991.7 7805.79 3.02459e+06 2.49423e+06 -2.16417e+06 1992.49 -38.0725 19.3529
1010000 FRAC0_S 0 1 15545.7 15241.3 7712.95 1.54386e+07 4.11265e+06 -1.59562e+06 23085.3 -24.5796 5.69754
1010000 FRAC0_S 0 1 15335.5 15467.3 7697.15 3.65295e+06 4.7541e+06 -1.06797e+06 3354.8 -52.6224 8.37246
1010000 FRAC0_S 0 1 15092.5 15647.5 7759.93 4.28016e+06 5.72137e+06 25605.2 4549.49 -57.0924 -0.198965
Step FractureNumber TipNr TipActive TipX TipY TipZ KI KII KIII G Phi Psi Extension
1010101 FRAC0_S 0 1 14784.9 15767.9 7813.76 8.36503e+06 -171174 1.48176e+06 6529.98 2.3717 -10.815
1010101 FRAC0_S 0 1 14537 15831.3 8025.09 8.55169e+06 1.08383e+06 3.45922e+06 8212.92 -11.108 -18.3022
1010101 FRAC0_S 0 1 14331.9 15817.9 8290.07 8.88805e+06 1.37975e+06 3.90066e+06 9232.72 -12.9696 -18.9727
1010101 FRAC0_S 0 1 14193.3 15717.9 8580.76 2.63478e+07 1.17154e+06 3.61843e+06 63724.6 -5.16831 -8.61851
1010101 FRAC0_S 0 1 14137.9 15540.4 8863.67 798465 359527 2.83732e+06 1139.03 -12.0314 -38.7498
1010101 FRAC0_S 0 1 14168.6 15307.6 9105.6 1.11272e+07 -332664 5.12023e+06 14529.8 2.78079 -20.9406
1010101 FRAC0_S 0 1 14278.7 15045.9 9282.71 1.38908e+07 -296739 4.30989e+06 19672.6 2.22789 -16.3824
1010101 FRAC0_S 0 1 14457.4 14784.4 9382.16 1.42893e+07 1.01119e+06 2.11148e+06 18878.9 -7.89432 -8.97348
1010101 FRAC0_S 0 1 14686.8 14547.1 9398.11 1.45944e+07 1.42692e+06 560832 19203.3 -11.5289 -2.60033
1010101 FRAC0_S 0 1 14945.4 14353.4 9331.3 1.46339e+07 1.10621e+06 -1.05394e+06 19339.9 -8.91794 4.76507
1010101 FRAC0_S 0 1 15211.6 14220.6 9186.97 1.63612e+07 -3.22084e+06 -5.29822e+06 28511.6 16.9504 15.1136
1010101 FRAC0_S 0 1 15462.1 14163.2 8975.73 1.16378e+07 -458031 -3.80718e+06 14015.4 3.97414 16.7819
1010101 FRAC0_S 0 1 15671.2 14187.3 8714.6 6.50108e+06 -42136.8 -3.35963e+06 5267.49 0.594436 22.664
1010101 FRAC0_S 0 1 15812.5 14290.3 8425.75 -5.7549e+06 -2.53198e+06 -4.36033e+06 3099.93 25.2225 22.9693
1010101 FRAC0_S 0 1 15867.5 14464.1 8140.49 2.08381e+07 1.20693e+06 -8.66402e+06 48807.3 -5.39417 19.3796
1010101 FRAC0_S 0 1 15835 14694.3 7895.83 6.62239e+06 1.87517e+06 -4.70674e+06 7167.74 -18.4699 23.6105
1010101 FRAC0_S 0 1 15730.4 14960.7 7717.58 -5.54981e+06 6.0563e+06 -2.30555e+06 3975.42 -47.6811 12.0204
1010101 FRAC0_S 0 1 15557.6 15227.1 7618.17 3.85917e+06 1.65154e+06 -2.16955e+06 2196.21 -26.8683 19.4005
1010101 FRAC0_S 0 1 15318.7 15455 7603.12 -648956 1.20032e+06 -857848 226.262 -48.3132 21.4033
1010101 FRAC0_S 0 1 15050.7 15637.6 7670.71 1.33283e+07 391727 1.41848e+06 16111.2 -3.57579 -7.01886