
Step FractureNumber TipNr TipActive TipX TipY TipZ KI KII KIII G Phi Psi Extension
1010000 FRAC0_S 0 1 45000 984.872 8574.53 9.49527e+06 120877 3.65115e+06 9808.48 -1.26972 -18.9663
1010000 FRAC0_S 0 1 45000 913.64 8875.22 8.64853e+06 -1.66258e+06 2.81494e+06 7965.37 16.6097 -15.2097
1010000 FRAC0_S 0 1 45000 752.975 9139.18 8.21001e+06 -1.69162e+06 1.87945e+06 6731.19 18.6591 -11.6036
1010000 FRAC0_S 0 1 45000 518.603 9340.58 8.93385e+06 -2.61722e+06 1.43491e+06 7996.42 25.3725 -8.21584
1010000 FRAC0_S 0 1 45000 233.466 9459.7 9.62144e+06 -3.02431e+06 815006 9152.48 27.9211 -4.60168
1010000 FRAC0_S 0 1 45000 -74.5244 9484.87 1.05488e+07 -3.45228e+06 119712 10979.8 30.0436 -0.658888
1010000 FRAC0_S 0 1 45000 -375.22 9413.64 1.02618e+07 -3.52704e+06 -690708 10555.6 29.9489 3.6457
1010000 FRAC0_S 0 1 45000 -639.186 9252.98 7.80822e+06 -2.43019e+06 -1.14856e+06 6134.6 26.6903 7.5318
1010000 FRAC0_S 0 1 45000 -840.583 9018.61 9.73338e+06 -2.58703e+06 -2.09213e+06 9620.69 22.8744 10.6271
1010000 FRAC0_S 0 1 45000 -959.699 8733.46 8.88191e+06 -1.62231e+06 -2.95637e+06 8426.7 15.8564 15.5394
1010000 FRAC0_S 0 1 45000 -984.872 8425.47 8.71415e+06 -137228 -3.41673e+06 8321.02 1.55724 19.1637
1010000 FRAC0_S 0 1 45000 -913.64 8124.78 7.61736e+06 1.39803e+06 -3.2889e+06 6783.35 -15.0033 18.4914
1010000 FRAC0_S 0 1 45000 -752.975 7860.82 7.68817e+06 2.43161e+06 -2.41412e+06 6569.12 -24.5258 13.7992
1010000 FRAC0_S 0 1 45000 -518.603 7659.42 6.6066e+06 4.14449e+06 -2.19922e+06 6063.28 -37.6349 12.2943
1010000 FRAC0_S 0 1 45000 -233.466 7540.3 6.28258e+06 3.76775e+06 -1.14618e+06 4956.98 -39.1848 7.63899
1010000 FRAC0_S 0 1 45000 74.5244 7515.13 5.97191e+06 5.14172e+06 -77145.4 5534.61 -49.5472 0.536137
1010000 FRAC0_S 0 1 45000 375.22 7586.36 4.98281e+06 4.09615e+06 837856 3800.95 -45.8844 -6.35454
1010000 FRAC0_S 0 1 45000 639.186 7747.02 6.31616e+06 4.22738e+06 1.79569e+06 5576.26 -39.7475 -10.6522
1010000 FRAC0_S 0 1 45000 840.583 7981.39 7.99842e+06 3.11987e+06 2.69832e+06 7536.51 -28.0436 -13.9744
1010000 FRAC0_S 0 1 45000 959.699 8266.54 6.79972e+06 1.66952e+06 3.12013e+06 5663.27 -18.7152 -18.6075
Step FractureNumber TipNr TipActive TipX TipY TipZ KI KII KIII G Phi Psi Extension
1010101 FRAC0_S 0 1 44998 1079.89 8581.8 9.91824e+06 29565.3 2.85148e+06 9847.38 -0.323015 -15.7393
1010101 FRAC0_S 0 1 45021.7 1000.94 8910.63 9.92451e+06 382068 2.62794e+06 9708.48 -4.07434 -14.4853
1010101 FRAC0_S 0 1 45033.9 823.111 9198.16 1.04371e+07 936773 1.97262e+06 10302.8 -9.48157 -10.8076
1010101 FRAC0_S 0 1 45041.1 565.602 9415.82 1.0478e+07 441278 1.56836e+06 10127.8 -4.85979 -9.27572
1010101 FRAC0_S 0 1 45046.6 254.136 9543.43 1.21669e+07 1.55528e+06 1.25339e+06 13615.9 -13.7846 -6.29708
1010101 FRAC0_S 0 1 45049.2 -80.7978 9569.53 1.23577e+07 2.34936e+06 153960 14103.2 -20.383 -0.804535
1010101 FRAC0_S 0 1 45048.7 -407.765 9492.32 1.15539e+07 2.4591e+06 -341722 12449.9 -21.9291 1.83813
1010101 FRAC0_S 0 1 45044.7 -695.927 9319.16 1.07868e+07 1.67336e+06 -1.21515e+06 10814.3 -16.0828 6.67029
1010101 FRAC0_S 0 1 45037.5 -917.611 9065.5 1.09795e+07 1.16161e+06 -1.70965e+06 11251.2 -11.2489 9.12503
1010101 FRAC0_S 0 1 45024 -1050.96 8755.04 1.07151e+07 820596 -2.7885e+06 11325.3 -7.79048 13.9337
1010101 FRAC0_S 0 1 45001.7 -1080.42 8418.22 9.42349e+06 -90680 -2.99189e+06 9104.44 1.01144 16.7716
1010101 FRAC0_S 0 1 44977.3 -1000.57 8089.83 9.20448e+06 -443208 -3.24027e+06 8963.53 4.73172 17.5247
1010101 FRAC0_S 0 1 44957.5 -820.386 7805.36 8.29921e+06 -438596 -2.63418e+06 7077.63 5.29541 16.2971
1010101 FRAC0_S 0 1 44943.3 -561.313 7592.17 8.60793e+06 -116372 -1.95263e+06 7111.04 1.5176 13.1611
1010101 FRAC0_S 0 1 44934.1 -251.798 7469.62 9.0506e+06 -195340 -1.0214e+06 7441.45 2.63821 7.43287
1010101 FRAC0_S 0 1 44928.2 79.0028 7447.85 9.12742e+06 -606911 15176.6 7456.59 8.4438 -0.121339
1010101 FRAC0_S 0 1 44929.1 402.105 7523.33 8.86655e+06 -896803 788457 7159.8 11.393 -5.6441
1010101 FRAC0_S 0 1 44938.3 689.454 7690.03 8.80744e+06 -807754 1.65239e+06 7333.63 9.67662 -10.729
1010101 FRAC0_S 0 1 44952.5 913.585 7937.97 7.84276e+06 -19242.9 2.55231e+06 6347.49 0.258444 -17.134
1010101 FRAC0_S 0 1 44971.6 1049.41 8245.64 9.24436e+06 -843864 2.63074e+06 8599.1 8.98044 -14.7214