
Step FractureNumber TipNr TipActive TipX TipY TipZ KI KII KIII G Phi Psi Extension
1010000 FRAC0_S 0 1 537.333 15252.1 7710.55 -748117 3.03515e+06 -1.92589e+06 1314.2 -54.644 22.5568
1010000 FRAC0_S 0 1 325.205 15476.4 7698.3 6.24248e+06 -4.97177e+06 -2.03087e+06 6223.7 42.6883 11.1839
1010000 FRAC0_S 0 1 81.2449 15654.2 7764.52 -2.44056e+06 -1.95566e+06 308227 353.445 46.1019 -4.96876
1010000 FRAC0_S 0 1 -170.668 15767.9 7902.75 -3.37654e+06 -2.63103e+06 -382851 636.345 45.7745 4.55455
1010000 FRAC0_S 0 1 -405.875 15806.4 8099.44 -7.37222e+06 -3.72356e+06 -581758 1280.52 37.5239 3.80395
1010000 FRAC0_S 0 1 -601.353 15766 8335.33 -6.41817e+06 -1.84181e+06 -2.80012e+06 1345.09 21.3726 17.6323
1010000 FRAC0_S 0 1 -737.966 15650.7 8587.35 -1.9041e+06 8.81546e+06 1.50163e+06 7224.85 -64.5639 -9.08572
1010000 FRAC0_S 0 1 -802.341 15471.5 8830.81 -9.30217e+06 2.68286e+06 -4.3544e+06 3163.18 -21.1002 18.443
1010000 FRAC0_S 0 1 -788.178 15246.3 9041.89 -1.10019e+07 5.77939e+06 -4.23763e+06 5364.74 -33.2024 14.3843
1010000 FRAC0_S 0 1 -681.769 14967 9214.83 -1.18391e+07 8.04137e+06 -2.83876e+06 6833.96 -40.783 9.23086
1010000 FRAC0_S 0 1 -537.333 14747.9 9289.45 -1.25529e+07 9.86298e+06 -1.06228e+06 8818.56 -46.4594 3.4616
1010000 FRAC0_S 0 1 -325.205 14523.6 9301.7 -1.21072e+07 9.05469e+06 1.18301e+06 7492.03 -45.2369 -4.03708
1010000 FRAC0_S 0 1 -81.2449 14345.8 9235.48 -1.17272e+07 7.99358e+06 2.99058e+06 6883.38 -40.6034 -9.69866
1010000 FRAC0_S 0 1 170.668 14232.1 9097.25 -1.11767e+07 6.19481e+06 4.45453e+06 6058.75 -34.0967 -14.5446
1010000 FRAC0_S 0 1 405.875 14193.6 8900.56 -9.58196e+06 3.12875e+06 4.5608e+06 3638.82 -23.0641 -18.296
1010000 FRAC0_S 0 1 601.353 14234 8664.67 -6.21772e+06 684208 3.2675e+06 1461.7 -9.10245 -21.655
1010000 FRAC0_S 0 1 737.966 14349.3 8412.65 -6.55765e+06 -794062 3.28213e+06 1488.91 10.0639 -20.9309
1010000 FRAC0_S 0 1 802.341 14528.5 8169.19 -4.91717e+06 -1.48176e+06 2.24079e+06 863.463 21.9518 -18.0102
1010000 FRAC0_S 0 1 788.178 14753.7 7958.11 -3.56149e+06 -1.42075e+06 1.40986e+06 444.238 27.6592 -15.5985
1010000 FRAC0_S 0 1 696.863 15003.1 7800.07 -2.5476e+06 -1.21998e+06 978642 260.007 31.361 -14.6801
Step FractureNumber TipNr TipActive TipX TipY TipZ KI KII KIII G Phi Psi Extension
1010101 FRAC0_S 0 1 567.94 15262.2 7651.13 -1.89257e+06 -465337 924212 132.9 18.442 -19.3474
1010101 FRAC0_S 0 1 364.804 15527.6 7662.2 -470991 -1.11802e+06 797718 196.019 50.2204 -22.3836
1010101 FRAC0_S 0 1 128.065 15740.6 7754.18 1.4227e+07 -6.40904e+06 -1.73848e+06 22098.7 34.3587 5.86131
1010101 FRAC0_S 0 1 -143.538 15862.6 7900.59 2.37829e+06 -4.7213e+06 -1.31578e+06 2720.61 56.5116 11.3889
1010101 FRAC0_S 0 1 -412.334 15903.5 8107.59 -2.21379e+06 -5.72473e+06 -1.50842e+06 3222.98 59.1328 11.6131
1010101 FRAC0_S 0 1 -639.595 15831.6 8326.76 -3.58522e+06 -1.81778e+06 -4.29243e+06 2744.97 23.7877 28.0645
1010101 FRAC0_S 0 1 -813.138 15668 8567.17 -2.82955e+07 3.71761e+06 -1.01021e+06 1367.29 -14.8734 2.3552
1010101 FRAC0_S 0 1 -896.282 15474.8 8827.52 -7.12775e+06 5.99122e+06 -4.02773e+06 5356.19 -40.3713 16.5012
1010101 FRAC0_S 0 1 -884.299 15237.4 9055.64 -5.65097e+06 8.59993e+06 -4.66496e+06 9484.79 -49.1809 17.229
1010101 FRAC0_S 0 1 -786.859 14960.4 9214.78 -3.31096e+06 1.17723e+07 -3.46687e+06 13948.1 -60.6549 13.4249
1010101 FRAC0_S 0 1 -615.826 14689.9 9304.09 -1.04648e+06 1.15303e+07 -1.21122e+06 12042 -68.1231 6.59736
1010101 FRAC0_S 0 1 -388.083 14449.2 9317.82 -1.14403e+06 1.0698e+07 1.3202e+06 10430.2 -67.5464 -7.49154
1010101 FRAC0_S 0 1 -123.714 14258.9 9253.42 -2.88836e+06 1.41577e+07 3.45266e+06 19446.7 -63.3017 -12.2016
1010101 FRAC0_S 0 1 154.482 14137.3 9114.51 -5.65228e+06 9.6139e+06 4.79578e+06 11295.1 -51.0145 -16.76
1010101 FRAC0_S 0 1 421.703 14099 8914.17 -8.3606e+06 5.3088e+06 5.21513e+06 6128.7 -33.8247 -19.0237
1010101 FRAC0_S 0 1 651.556 14153 8672.36 -5.68699e+06 1.07205e+06 3.63185e+06 1856.73 -13.699 -23.2313
1010101 FRAC0_S 0 1 816.772 14294.9 8412.81 -5.90378e+06 -1.60339e+06 3.50969e+06 1867.37 18.8928 -21.4997
1010101 FRAC0_S 0 1 896.09 14504.6 8159.34 -3.82642e+06 -2.98557e+06 2.39313e+06 1555.99 38.0436 -18.0479
1010101 FRAC0_S 0 1 883.724 14758 7937.22 -1.97235e+06 -2.10619e+06 1.10738e+06 558.391 45.3128 -15.1511
1010101 FRAC0_S 0 1 762.479 15011.4 7756.06 -1.67262e+07 2.63891e+06 2.2744e+06 1308.54 -16.0318 -7.83356