
Step FractureNumber TipNr TipActive TipX TipY TipZ KI KII KIII G Phi Psi Extension
1010000 FRAC0_S 0 1 -29799.2 -29424 7723.21 -1.25959e+07 1.05853e+06 701748 165.343 -9.94208 -3.73388
1010000 FRAC0_S 0 1 -30050.4 -29277.8 7828.17 -1.24731e+07 -274106 491593 38.8364 2.86866 -2.85086
1010000 FRAC0_S 0 1 -30296.6 -29202.2 7998.91 -1.14026e+07 -259348 322599 19.835 2.99684 -2.07568
1010000 FRAC0_S 0 1 -30513.8 -29204.8 8218.7 -1.29098e+07 -1.08678e+06 -564264 147.593 10.0593 2.97311
1010000 FRAC0_S 0 1 -30692.7 -29295.6 8488.26 -1.23283e+07 -684276 -839363 135.427 6.74506 4.60525
1010000 FRAC0_S 0 1 -30781.1 -29435.6 8716.66 -1.43145e+07 240167 -1.43751e+06 279.976 -2.08671 6.74467
1010000 FRAC0_S 0 1 -30804.9 -29641.2 8946.1 -1.41156e+07 976580 -1.91841e+06 574.465 -7.80668 8.3769
1010000 FRAC0_S 0 1 -30749.9 -29882 9131.87 -1.44684e+07 2.33745e+06 -1.82898e+06 931.775 -16.4595 7.33771
1010000 FRAC0_S 0 1 -30621.5 -30134.2 9255.79 -1.45067e+07 3.45111e+06 -1.39186e+06 1318.97 -22.743 5.43997
1010000 FRAC0_S 0 1 -30432.3 -30373.4 9305.73 -1.72211e+07 4.76719e+06 -822246 2115.05 -26.2013 2.76877
1010000 FRAC0_S 0 1 -30200.8 -30576 9276.79 -1.46441e+07 4.16645e+06 246812 1554.99 -27.2619 -1.00464
1010000 FRAC0_S 0 1 -29973.9 -30711.4 9185.29 -1.48988e+07 3.86841e+06 819883 1422.9 -24.9194 -3.20713
1010000 FRAC0_S 0 1 -29703.4 -30797.8 9001.09 -1.56646e+07 2.95428e+06 1.4229e+06 1047.01 -19.1158 -5.37138
1010000 FRAC0_S 0 1 -29486.2 -30795.2 8781.3 -1.4259e+07 1.54638e+06 1.38247e+06 467.282 -12.0291 -6.0603
1010000 FRAC0_S 0 1 -29319.2 -30714.8 8533.98 -1.1277e+07 337103 361806 27.5365 -3.88532 -2.32636
1010000 FRAC0_S 0 1 -29218.9 -30564.4 8283.34 -1.34748e+07 596065 689238 94.8416 -5.53952 -3.57032
1010000 FRAC0_S 0 1 -29195.1 -30358.8 8053.9 -1.11038e+07 524517 -109210 26.102 -6.11644 0.722886
1010000 FRAC0_S 0 1 -29250.1 -30118 7868.13 -1.22008e+07 1.14362e+06 139833 119.145 -11.3701 -0.805315
1010000 FRAC0_S 0 1 -29378.5 -29865.8 7744.21 -1.1811e+07 1.42301e+06 223588 187.093 -14.021 -1.2868
1010000 FRAC0_S 0 1 -29567.7 -29626.6 7694.27 -1.17373e+07 1.43758e+06 539076 222.807 -13.9064 -3.01507
Step FractureNumber TipNr TipActive TipX TipY TipZ KI KII KIII G Phi Psi Extension
1010101 FRAC0_S 0 1 -29806.8 -29360.5 7646.01 -1.07409e+07 4.26952e+06 1.45765e+06 1906.96 -31.5913 -6.64553
1010101 FRAC0_S 0 1 -30055.7 -29207 7761.88 -1.05967e+07 1.6558e+06 1.64081e+06 602.381 -15.6909 -8.75159
1010101 FRAC0_S 0 1 -30321 -29119.1 7954.34 -1.09684e+07 -572274 1.30214e+06 254.695 6.09939 -7.56925
1010101 FRAC0_S 0 1 -30556.6 -29119.5 8198.65 -1.43907e+07 -2.81977e+06 377231 727.449 20.6463 -1.65781
1010101 FRAC0_S 0 1 -30742.2 -29209.8 8468.16 -1.40883e+07 -2.35318e+06 -553836 534.239 18.0425 2.50679
1010101 FRAC0_S 0 1 -30859.2 -29381.4 8736.64 -1.36929e+07 346327 -1.93653e+06 509.46 -3.00205 8.97001
1010101 FRAC0_S 0 1 -30891.7 -29614.6 8980.76 -1.72723e+07 3.04444e+06 -2.68834e+06 1787.14 -17.3014 8.66433
1010101 FRAC0_S 0 1 -30836.8 -29886.1 9175.66 -1.21019e+07 4.70575e+06 -1.85619e+06 2431.5 -30.8485 7.431
1010101 FRAC0_S 0 1 -30700.2 -30167.8 9303.09 -1.25131e+07 8.46818e+06 -1.52489e+06 6699.35 -42.7665 5.13335
1010101 FRAC0_S 0 1 -30495.9 -30431.4 9352.51 -9.63949e+06 8.91989e+06 -789935 7172.98 -49.663 3.12934
1010101 FRAC0_S 0 1 -30244.1 -30652.7 9319.8 -1.27808e+07 1.02741e+07 247569 9414.29 -48.1186 -0.824961
1010101 FRAC0_S 0 1 -29968.2 -30810.9 9208.63 -1.22996e+07 8.62925e+06 988092 6765.34 -44.2701 -3.44943
1010101 FRAC0_S 0 1 -29693.8 -30890.8 9028.9 -1.33073e+07 6.58137e+06 1.40333e+06 4121.67 -36.5861 -4.99753
1010101 FRAC0_S 0 1 -29448.1 -30883.5 8796.36 -1.28226e+07 3.43278e+06 1.14938e+06 1225.77 -24.8895 -5.00707
1010101 FRAC0_S 0 1 -29258.7 -30791.1 8530.85 -1.1044e+07 1.7066e+06 -134623 261.942 -17.3146 0.811332
1010101 FRAC0_S 0 1 -29147.4 -30625.2 8256.75 -1.36557e+07 2.06606e+06 -275508 390.471 -16.9135 1.33354
1010101 FRAC0_S 0 1 -29123.7 -30401.3 8002.99 -9.43365e+06 2.65584e+06 -735713 700.527 -25.9895 4.36585
1010101 FRAC0_S 0 1 -29188.1 -30140.4 7796.25 -1.12365e+07 4.73076e+06 -764749 2072.08 -33.9874 3.49611
1010101 FRAC0_S 0 1 -29332 -29866.2 7658.3 -1.05116e+07 6.01032e+06 -262337 3228.16 -41.157 1.21108
1010101 FRAC0_S 0 1 -29539.1 -29603.5 7603.82 -9.90856e+06 5.65822e+06 631086 2905.87 -40.363 -2.98887