
Step FractureNumber TipNr TipActive TipX TipY TipZ KI KII KIII G Phi Psi Extension
1010000 FRAC0_S 0 1 30000 15987.2 8471.27 590063 2.97331e+06 6.93308e+06 7211.8 -34.0407 -37.123
1010000 FRAC0_S 0 1 30000 15947.8 8777.76 -5.78985e+06 -3.79071e+06 6.376e+06 6687.37 29.3085 -25.8986
1010000 FRAC0_S 0 1 30000 15815.6 9057.06 -1.10467e+07 -9.82196e+06 4.51167e+06 11303.8 43.6954 -12.8227
1010000 FRAC0_S 0 1 30000 15603.5 9281.83 -1.21394e+07 -9.22135e+06 22832.4 7577.39 47.3554 -0.0832469
1010000 FRAC0_S 0 1 30000 15332.4 9430.08 -2.17964e+07 -1.36657e+07 -4.50553e+06 19341.3 39.6851 8.37354
1010000 FRAC0_S 0 1 30000 15028.7 9487.27 -1.88714e+07 -1.04438e+07 -5.94685e+06 14423.1 35.3243 12.2159
1010000 FRAC0_S 0 1 30000 14722.2 9447.82 -1.45155e+07 -5.80888e+06 -6.05787e+06 7887.65 27.4318 16.1703
1010000 FRAC0_S 0 1 30000 14442.9 9315.6 -1.87239e+07 -5.52012e+06 -9.79617e+06 15478.7 20.8622 19.714
1010000 FRAC0_S 0 1 30000 14218.2 9103.54 -1.16312e+07 -3.74296e+06 -8.11489e+06 10006.6 20.5314 23.0084
1010000 FRAC0_S 0 1 30000 14070 8832.4 -3.38203e+07 6.86492e+06 -1.388e+07 29822.7 -16.5056 17.7059
1010000 FRAC0_S 0 1 30000 14012.8 8528.73 -641568 -3.53142e+06 -9.16599e+06 12285.3 32.158 38.0162
1010000 FRAC0_S 0 1 30000 14052.2 8222.24 -3.96268e+06 3.07271e+06 -1.2242e+07 20773.5 -20.5368 36.2252
1010000 FRAC0_S 0 1 30000 14184.4 7942.94 3.63055e+07 -9.56669e+06 -1.67492e+07 162922 19.7541 18.5017
1010000 FRAC0_S 0 1 30000 14396.5 7718.17 1.51322e+07 1.06872e+07 -1.59995e+07 64628.2 -31.2065 25.0116
1010000 FRAC0_S 0 1 30000 14653.8 7574.86 -5.40133e+06 3.90601e+06 -1.93303e+06 1856.51 -40.1969 12.4379
1010000 FRAC0_S 0 1 30000 14971.3 7512.73 1.60898e+07 1.00282e+07 -9.60625e+06 44303.4 -33.7836 18.5881
1010000 FRAC0_S 0 1 30000 15277.8 7552.18 3.76823e+07 2.28613e+07 -1.22586e+07 193091 -37.0602 12.1982
1010000 FRAC0_S 0 1 30000 15557.1 7684.4 1.37348e+07 1.54319e+07 -2.66609e+06 38976.7 -51.4184 6.30124
1010000 FRAC0_S 0 1 30000 15781.8 7896.46 3.30393e+07 2.15908e+07 -4.11591e+06 141065 -41.9986 5.30291
1010000 FRAC0_S 0 1 30000 15930 8167.6 5.14134e+06 9.03633e+06 5.01811e+06 12980.9 -50.3923 -18.1354
Step FractureNumber TipNr TipActive TipX TipY TipZ KI KII KIII G Phi Psi Extension
1010101 FRAC0_S 0 1 29965 16064.7 8470.84 2.42762e+06 1.85019e+06 5.27661e+06 4533.26 -24.4858 -33.0119
1010101 FRAC0_S 0 1 30027.7 16025.3 8799.62 -1.1177e+06 -3.89326e+06 4.33716e+06 3852.54 46.1649 -29.0854
1010101 FRAC0_S 0 1 30065.2 15876.7 9097 1.2349e+06 -1.13579e+07 4.6544e+06 14512.5 61.8382 -18.6461
1010101 FRAC0_S 0 1 30070 15645.7 9336.96 -1.44014e+06 -1.61461e+07 -1.25198e+06 23439.3 68.5704 5.03808
1010101 FRAC0_S 0 1 30064.8 15356.3 9500.1 6.53975e+06 -4.5906e+06 1.51869e+06 5995.71 41.5891 -8.88926
1010101 FRAC0_S 0 1 30056.4 15030.1 9567.45 -9.65037e+06 -1.77048e+07 -7.44281e+06 35300.2 53.1098 15.1734
1010101 FRAC0_S 0 1 30046.4 14697.2 9530.09 -1.20701e+07 -1.24398e+07 -8.42443e+06 23228.9 42.8934 17.7928
1010101 FRAC0_S 0 1 30038 14391.8 9389.79 -1.28008e+07 -9.90973e+06 -8.87321e+06 19222.5 37.0353 19.3089
1010101 FRAC0_S 0 1 30019.3 14145.4 9159.51 -1.09863e+07 -2.80747e+06 -8.3207e+06 9910.49 16.645 24.6762
1010101 FRAC0_S 0 1 30007.8 13985.1 8863.46 -7.06746e+06 -2.61541e+06 -8.2799e+06 9727.6 18.9003 28.9423
1010101 FRAC0_S 0 1 30010.7 13925.4 8531.44 -1.16851e+06 -1.68123e+06 -8.6874e+06 10289.5 18.9148 40.0225
1010101 FRAC0_S 0 1 30004.2 13966.6 8196.41 4.86182e+06 -711472 -8.95807e+06 12824.3 6.68676 35.5433
1010101 FRAC0_S 0 1 29995.5 14103.7 7901.94 9.95082e+06 180741 -1.10646e+07 25109 -1.1887 31.7244
1010101 FRAC0_S 0 1 29966.4 14344.5 7653.06 2.1571e+07 2.57226e+06 -1.28789e+07 64113.3 -9.38914 23.1405
1010101 FRAC0_S 0 1 29940.8 14641 7496.27 1.60206e+07 -4.39135e+06 -9.49918e+06 36590.6 19.045 21.4429
1010101 FRAC0_S 0 1 29941 14969.2 7434.06 4.2634e+07 4.78122e+06 -1.4894e+07 193513 -10.3305 16.7591
1010101 FRAC0_S 0 1 29936.5 15297.2 7480.24 2.66888e+07 -3.16062e+06 -7.88143e+06 72624.1 11.2363 14.8532
1010101 FRAC0_S 0 1 29929.2 15595 7628.15 2.15763e+07 -970939 -4.05568e+06 43755.8 5.01639 11.1243
1010101 FRAC0_S 0 1 29927.7 15835.1 7855.51 1.83878e+07 866462 350.517 30195.9 -6.15829 -0.00141993
1010101 FRAC0_S 0 1 29930.7 15995.6 8144.91 9.98863e+06 1.82069e+06 2.67698e+06 10139.2 -16.49 -13.287