
Step FractureNumber TipNr TipActive TipX TipY TipZ KI KII KIII G Phi Psi Extension
1010000 FRAC0_S 0 1 -45000 15987.2 8471.27 -3.74199e+06 2.43617e+06 1.73735e+06 930.309 -36.4574 -15.5302
1010000 FRAC0_S 0 1 -45000 15947.8 8777.76 -4.08485e+06 1.53592e+06 1.98438e+06 733.938 -25.4191 -18.1055
1010000 FRAC0_S 0 1 -45000 15815.6 9057.06 -4.34791e+06 926534 2.06312e+06 642.61 -16.562 -19.3226
1010000 FRAC0_S 0 1 -45000 15603.5 9281.83 -4.59936e+06 139669 2.14851e+06 615.679 -2.81021 -21.1203
1010000 FRAC0_S 0 1 -45000 15332.4 9430.08 -4.46002e+06 -871218 1.91741e+06 556.604 15.8155 -18.3235
1010000 FRAC0_S 0 1 -45000 15028.7 9487.27 -4.31577e+06 -1.53501e+06 1.5517e+06 530.2 26.021 -14.9003
1010000 FRAC0_S 0 1 -45000 14722.2 9447.82 -4.08075e+06 -2.07747e+06 1.03304e+06 526.521 34.6024 -10.5238
1010000 FRAC0_S 0 1 -45000 14442.9 9315.6 -4.84e+06 -3.06273e+06 577289 880.201 41.4327 -5.15702
1010000 FRAC0_S 0 1 -45000 14218.2 9103.54 -3.99763e+06 -2.6628e+06 -145913 634.665 44.0573 1.65698
1010000 FRAC0_S 0 1 -45000 14070 8832.4 -4.27065e+06 -2.76868e+06 -1.09621e+06 842.904 39.5375 9.91087
1010000 FRAC0_S 0 1 -45000 14012.8 8528.73 -4.10118e+06 -2.25959e+06 -1.77165e+06 872.425 33.4949 15.4262
1010000 FRAC0_S 0 1 -45000 14052.2 8222.24 -3.38571e+06 -975735 -2.20207e+06 729.771 19.2655 22.4546
1010000 FRAC0_S 0 1 -45000 14184.4 7942.94 -2.91901e+06 556874 -2.27658e+06 716.949 -12.8969 25.7005
1010000 FRAC0_S 0 1 -45000 14396.5 7718.17 -2.61983e+06 954155 -1.91184e+06 567.262 -22.2327 23.1754
1010000 FRAC0_S 0 1 -45000 14667.6 7569.92 -2.08706e+06 2.48788e+06 -1.44994e+06 831.161 -45.8747 16.8602
1010000 FRAC0_S 0 1 -45000 14971.3 7512.73 -3.42131e+06 3.66307e+06 -1.63182e+06 1549.84 -46.4731 13.4463
1010000 FRAC0_S 0 1 -45000 15277.8 7552.18 -3.05394e+06 3.04857e+06 -1.02445e+06 967.751 -47.0773 10.5301
1010000 FRAC0_S 0 1 -45000 15557.1 7684.4 -3.44269e+06 3.65164e+06 -107889 1189.79 -52.9877 1.16103
1010000 FRAC0_S 0 1 -45000 15781.8 7896.46 -3.4534e+06 3.37146e+06 169241 1016.7 -51.2205 -1.8681
1010000 FRAC0_S 0 1 -45000 15930 8167.6 -3.53471e+06 2.89059e+06 1.25278e+06 953.3 -42.785 -11.8482
Step FractureNumber TipNr TipActive TipX TipY TipZ KI KII KIII G Phi Psi Extension
1010101 FRAC0_S 0 1 -45057.4 16066.4 8470.28 -1.46421e+06 3.61226e+06 1.72661e+06 1559.24 -54.601 -17.6707
1010101 FRAC0_S 0 1 -45043.4 16031.1 8803.4 -1.97799e+06 2.33389e+06 1.42598e+06 755.831 -45.364 -17.3465
1010101 FRAC0_S 0 1 -45026.2 15892.1 9110.21 -3.83293e+06 2.06684e+06 2.14884e+06 994.789 -31.3352 -18.4724
1010101 FRAC0_S 0 1 -45002.7 15662 9357.53 -4.3971e+06 882686 2.40707e+06 840.031 -15.1532 -21.1891
1010101 FRAC0_S 0 1 -44976.6 15364.5 9517.59 -4.54625e+06 -2.24575e+06 2.51854e+06 1293.04 29.6962 -18.6846
1010101 FRAC0_S 0 1 -44957.1 15032.4 9574.58 -3.8918e+06 -4.23459e+06 2.18645e+06 2233.72 45.6836 -15.0537
1010101 FRAC0_S 0 1 -44944.1 14700.7 9525.25 -2.55399e+06 -4.97302e+06 1.42546e+06 2474.02 56.1688 -11.5829
1010101 FRAC0_S 0 1 -44935.3 14401.8 9377.28 -1.74421e+06 -6.38982e+06 660210 3696.32 64.7673 -5.6697
1010101 FRAC0_S 0 1 -44932.8 14161 9147.47 -1.37241e+06 -5.0525e+06 -188502 2279.5 66.1006 2.19642
1010101 FRAC0_S 0 1 -44937 13998.6 8856.96 -1.44559e+06 -5.24844e+06 -1.15412e+06 2631.79 62.3191 10.7567
1010101 FRAC0_S 0 1 -44948.2 13930.3 8529.79 -1.923e+06 -4.83536e+06 -2.09471e+06 2667.04 55.5833 16.608
1010101 FRAC0_S 0 1 -44975.3 13965.9 8195.82 -2.88184e+06 -2.18996e+06 -2.54765e+06 1290.6 34.4558 22.3909
1010101 FRAC0_S 0 1 -45012.4 14107.4 7890.49 -2.31386e+06 202029 -2.12931e+06 606.656 -5.95646 28.8204
1010101 FRAC0_S 0 1 -45042.4 14342.2 7651.4 -1.96465e+06 2.33094e+06 -2.46103e+06 1289.7 -39.9669 24.0326
1010101 FRAC0_S 0 1 -45063.5 14641.2 7501.62 -402033 3.07433e+06 -1.89488e+06 1319.77 -57.1991 23.41
1010101 FRAC0_S 0 1 -45072.5 14969.2 7445.58 774039 3.33201e+06 -998764 1175.39 -61.5577 13.9976
1010101 FRAC0_S 0 1 -45074.7 15295.3 7489.86 844551 3.06161e+06 -525139 935.504 -63.3122 8.78009
1010101 FRAC0_S 0 1 -45077.7 15591.2 7633.64 976672 3.73685e+06 50308.3 1329.67 -66.7468 -0.820038
1010101 FRAC0_S 0 1 -45075.9 15832.4 7858.72 523935 3.7708e+06 603495 1339.95 -66.2915 -9.1092
1010101 FRAC0_S 0 1 -45068.3 15997.1 8145.1 -218413 3.9007e+06 1.13466e+06 1527.08 -65.357 -15.3064