
Step FractureNumber TipNr TipActive TipX TipY TipZ KI KII KIII G Phi Psi Extension
1010000 FRAC0_S 0 1 45000 29251.8 7855.26 -8.81232e+06 32781 892371 106.007 -0.470514 -6.87101
1010000 FRAC0_S 0 1 45000 29487.6 7655.6 -8.33339e+06 -199576 898265 110.864 2.93122 -7.12965
1010000 FRAC0_S 0 1 45000 29773.6 7538.6 -8.37209e+06 -587693 838295 124.241 8.14542 -6.43189
1010000 FRAC0_S 0 1 45000 30081.8 7515.7 -8.09566e+06 -968705 648881 139.619 13.266 -5.06342
1010000 FRAC0_S 0 1 45000 30382 7589.16 -8.19741e+06 -1.18424e+06 441046 150.841 15.8611 -3.43572
1010000 FRAC0_S 0 1 45000 30644.7 7751.78 -6.12444e+06 -929552 138793 79.5591 16.9236 -1.49282
1010000 FRAC0_S 0 1 45000 30844.5 7987.64 -8.41708e+06 -1.18489e+06 -49904.9 125.439 16.1318 0.402416
1010000 FRAC0_S 0 1 45000 30961.5 8273.65 -8.92179e+06 -1.32418e+06 -342063 171.811 16.414 2.48547
1010000 FRAC0_S 0 1 45000 30984.3 8581.81 -8.33911e+06 -904604 -481466 103.75 12.4167 3.78068
1010000 FRAC0_S 0 1 45000 30910.8 8881.97 -7.01212e+06 -537448 -526969 62.6731 9.00624 4.94878
1010000 FRAC0_S 0 1 45000 30748.2 9144.74 -7.91476e+06 310906 -471023 38.1214 -4.91552 4.12777
1010000 FRAC0_S 0 1 45000 30512.4 9344.4 -7.01493e+06 -95737.4 -692904 64.6722 1.70704 6.66569
1010000 FRAC0_S 0 1 45000 30226.4 9461.4 -8.92223e+06 -101920 -943066 119.212 1.42425 7.08469
1010000 FRAC0_S 0 1 45000 29918.2 9484.3 -8.7591e+06 466765 -794111 103.286 -6.36978 5.97445
1010000 FRAC0_S 0 1 45000 29618 9410.84 -7.70035e+06 1.03293e+06 -784410 176.91 -14.3694 6.2043
1010000 FRAC0_S 0 1 45000 29355.3 9248.22 -8.67983e+06 1.24719e+06 -377167 157.528 -15.9197 2.81085
1010000 FRAC0_S 0 1 45000 29155.5 9012.36 -8.67493e+06 1.35199e+06 -97914.7 164.157 -17.4463 0.751231
1010000 FRAC0_S 0 1 45000 29038.5 8726.35 -8.05861e+06 1.43902e+06 80333.6 185.385 -19.4539 -0.651891
1010000 FRAC0_S 0 1 45000 29015.7 8418.19 -6.9479e+06 824789 456936 88.3887 -13.328 -4.22909
1010000 FRAC0_S 0 1 45000 29089.2 8118.03 -8.50073e+06 691367 808354 129.501 -9.34414 -6.08926
Step FractureNumber TipNr TipActive TipX TipY TipZ KI KII KIII G Phi Psi Extension
1010101 FRAC0_S 0 1 44996.8 29178.2 7791.73 -8.88724e+06 1.0866e+06 987888 235.01 -13.1899 -6.76145
1010101 FRAC0_S 0 1 45005.9 29437.1 7572.5 -8.67542e+06 -610199 1.12439e+06 201.326 7.9658 -8.03985
1010101 FRAC0_S 0 1 45014.1 29751.4 7444.82 -8.20015e+06 -1.82558e+06 992702 428.045 21.2742 -6.75952
1010101 FRAC0_S 0 1 45022.5 30121.7 7423.74 -8.56194e+06 -2.84777e+06 756895 798.856 28.934 -4.72473
1010101 FRAC0_S 0 1 45026.7 30418.2 7502.44 -6.87659e+06 -2.62005e+06 -518015 647.4 31.8358 3.94631
1010101 FRAC0_S 0 1 45028.3 30705.8 7680.9 -7.74227e+06 -3.50103e+06 181510 1096.62 36.3283 -1.23089
1010101 FRAC0_S 0 1 45028.2 30924.4 7939.1 -6.51465e+06 -2.94121e+06 -54242.7 771.258 36.6027 0.443814
1010101 FRAC0_S 0 1 45026.4 31052.9 8252.22 -7.96482e+06 -2.6997e+06 -410919 671.924 29.9666 2.84852
1010101 FRAC0_S 0 1 45021.7 31079 8589.91 -8.14036e+06 -2.68443e+06 -565921 684.735 29.1058 3.79379
1010101 FRAC0_S 0 1 45011.1 30999.5 8919.36 -8.52204e+06 -1.81843e+06 -870411 395.421 20.8666 5.85699
1010101 FRAC0_S 0 1 45000.3 30821.7 9208.18 -9.23544e+06 -603815 -926694 146.704 7.63179 6.46946
1010101 FRAC0_S 0 1 44999.9 30562.9 9427.71 -8.86737e+06 -155461 -760668 79.1094 2.20694 5.86502
1010101 FRAC0_S 0 1 44999.2 30248.7 9556.18 -8.46729e+06 286229 -966524 131.545 -4.06192 7.42973
1010101 FRAC0_S 0 1 44988.9 29910.4 9580.47 -6.827e+06 1.04664e+06 -829743 189.183 -15.8236 7.13625
1010101 FRAC0_S 0 1 44978 29581.5 9498.47 -8.4786e+06 2.96204e+06 -813004 869.734 -29.7516 5.02987
1010101 FRAC0_S 0 1 44972.6 29294.1 9319.35 -7.7504e+06 2.82477e+06 420790 734.585 -31.3453 -2.93656
1010101 FRAC0_S 0 1 44969.9 29076.2 9060.72 -8.50616e+06 4.36923e+06 -247223 1709.26 -38.8535 1.45777
1010101 FRAC0_S 0 1 44970.1 28948.1 8747.52 -7.74068e+06 3.91116e+06 267580 1372.65 -38.4017 -1.7344
1010101 FRAC0_S 0 1 44976.1 28921.5 8410.02 -7.99926e+06 3.17165e+06 668660 955.854 -32.4806 -4.29993
1010101 FRAC0_S 0 1 44985.9 29000.5 8080.61 -8.42644e+06 2.02329e+06 943982 483.307 -22.6537 -6.23587