
Step FractureNumber TipNr TipActive TipX TipY TipZ KI KII KIII G Phi Psi Extension
1010000 FRAC0_S 0 1 44046 15255.6 8500 704982 2.46635e+06 -1.31829e+06 817.471 -55.7837 20.0579
1010000 FRAC0_S 0 1 44013.7 14948.3 8500 708079 2.88687e+06 -592745 834.052 -63.2456 10.3793
1010000 FRAC0_S 0 1 44077.9 14646.1 8500 676721 3.31594e+06 -412607 1043.25 -65.7197 7.01616
1010000 FRAC0_S 0 1 44232.4 14378.4 8500 722517 2.87768e+06 727576 854.846 -62.1411 -12.1805
1010000 FRAC0_S 0 1 44462.1 14171.6 8500 641990 2.04922e+06 1.16317e+06 590.871 -54.646 -20.5334
1010000 FRAC0_S 0 1 44744.4 14045.9 8500 695878 1.59724e+06 1.67615e+06 644.149 -45.0014 -27.0533
1010000 FRAC0_S 0 1 45051.7 14013.7 8500 622995 683244 1.85346e+06 533.08 -27.0001 -34.3993
1010000 FRAC0_S 0 1 45354 14077.9 8500 532021 -142779 1.65859e+06 392.912 8.30441 -38.7698
1010000 FRAC0_S 0 1 45621.6 14232.5 8500 456786 -776263 1.35708e+06 317.23 35.6706 -31.8085
1010000 FRAC0_S 0 1 45828.4 14462.1 8500 484191 -1.58108e+06 1.3033e+06 469.561 50.2896 -25.2384
1010000 FRAC0_S 0 1 45954 14744.4 8500 334924 -1.52986e+06 672802 278.759 58.9607 -18.3607
1010000 FRAC0_S 0 1 45986.3 15051.7 8500 434649 -2.1417e+06 219532 431.98 66.1677 -5.92111
1010000 FRAC0_S 0 1 45922.1 15353.9 8500 387203 -1.99183e+06 -41937.3 367.129 67.8005 1.34125
1010000 FRAC0_S 0 1 45767.6 15621.6 8500 378136 -1.38527e+06 -778249 264.295 55.5099 20.7895
1010000 FRAC0_S 0 1 45537.9 15828.4 8500 479895 -1.8971e+06 -1.00852e+06 476.503 56.4701 20.3072
1010000 FRAC0_S 0 1 45255.6 15954.1 8500 491203 -1.44508e+06 -1.40083e+06 468.575 47.4984 26.9274
1010000 FRAC0_S 0 1 44948.3 15986.3 8500 494849 -800696 -1.7815e+06 501.06 31.6903 34.0977
1010000 FRAC0_S 0 1 44646 15922.1 8500 551127 -393186 -1.95839e+06 550.936 17.6794 37.6036
1010000 FRAC0_S 0 1 44378.4 15767.5 8500 522899 740697 -1.52266e+06 381.615 -32.2706 32.7707
1010000 FRAC0_S 0 1 44171.6 15537.9 8500 578466 1.36539e+06 -1.28853e+06 416.766 -46.6473 25.8492
Step FractureNumber TipNr TipActive TipX TipY TipZ KI KII KIII G Phi Psi Extension
1010101 FRAC0_S 0 1 43993.2 15271.6 8418.15 2.21163e+06 486143 -1.01228e+06 593.212 -17.1429 18.8255
1010101 FRAC0_S 0 1 43968 14947.1 8411.89 3.63902e+06 626749 -778674 1295.68 -16.3138 11.254
1010101 FRAC0_S 0 1 44038.4 14630.7 8410 4.32412e+06 676607 -126788 1709.11 -17.255 1.90853
1010101 FRAC0_S 0 1 44196.8 14347.9 8412.62 3.93162e+06 820277 496050 1470.12 -20.1724 -7.07792
1010101 FRAC0_S 0 1 44432.7 14122.9 8419.44 3.409e+06 1.02067e+06 1.20397e+06 1321.19 -23.0666 -15.1623
1010101 FRAC0_S 0 1 44728.5 13977.4 8432.9 2.72749e+06 1.00135e+06 1.83458e+06 1199.89 -22.9307 -22.1326
1010101 FRAC0_S 0 1 45058.3 13929 8463.23 2.19494e+06 661538 2.38949e+06 1227.69 -16.5414 -28.6817
1010101 FRAC0_S 0 1 45385.7 13993.7 8510.45 1.37484e+06 39611.4 2.20245e+06 813.727 -1.52485 -35.2604
1010101 FRAC0_S 0 1 45669.4 14169 8552 1.97561e+06 -1.10225e+06 802361 541.685 34.1209 -14.718
1010101 FRAC0_S 0 1 45880.3 14425.6 8574.46 2.32099e+06 -801627 1.28358e+06 756.426 23.1535 -19.9219
1010101 FRAC0_S 0 1 46002.4 14729.6 8584.94 2.93733e+06 -759355 1.00512e+06 954.582 20.7846 -15.1662
1010101 FRAC0_S 0 1 46028.7 15041 8590.18 2.48933e+06 -439630 619686 620.491 16.2698 -12.6145
1010101 FRAC0_S 0 1 45960.9 15370.2 8589.77 2.99369e+06 -645301 236667 843.177 21.3695 -4.64001
1010101 FRAC0_S 0 1 45806 15654.4 8585.2 3.32725e+06 -1.08944e+06 -81589.7 1093.15 29.8008 1.40391
1010101 FRAC0_S 0 1 45568.4 15876.7 8580.72 2.74648e+06 -1.07393e+06 -905204 883.923 28.2008 13.7303
1010101 FRAC0_S 0 1 45270.7 16019.4 8570.84 2.41034e+06 -1.12701e+06 -1.4975e+06 929.142 27.8304 20.28
1010101 FRAC0_S 0 1 44941.9 16067.4 8552.29 1.70552e+06 -1.04615e+06 -2.05331e+06 917.469 27.1629 27.3056
1010101 FRAC0_S 0 1 44614.5 16004.2 8514.97 1.41909e+06 -117626 -2.22623e+06 839.843 4.30788 34.5958
1010101 FRAC0_S 0 1 44328.8 15832 8462.72 1.42778e+06 436139 -1.60049e+06 539.295 -16.5154 28.9915
1010101 FRAC0_S 0 1 44116 15576.7 8429.62 2.7064e+06 875589 -1.99471e+06 1250.21 -20.2556 23.6775