
Step FractureNumber TipNr TipActive TipX TipY TipZ KI KII KIII G Phi Psi Extension
1010000 FRAC0_S 0 1 29434.8 -44219.2 8284.43 -680339 1.41276e+06 -484778 209.11 -55.7008 13.5011
1010000 FRAC0_S 0 1 29284.7 -44319.8 8535.12 -711514 1.51905e+06 -164788 209.235 -60.6316 5.20981
1010000 FRAC0_S 0 1 29204.6 -44487 8782.37 -601955 1.45978e+06 148638 192.827 -61.9281 -5.09594
1010000 FRAC0_S 0 1 29202.4 -44704.4 9001.98 -586092 1.35567e+06 450946 190.815 -56.8505 -13.5283
1010000 FRAC0_S 0 1 29278.3 -44950.7 9172.44 -562547 1.18273e+06 777656 205.083 -50.2472 -20.907
1010000 FRAC0_S 0 1 29424.7 -45201.9 9277.09 -559667 729085 979306 174.92 -37.7706 -27.5266
1010000 FRAC0_S 0 1 29627.6 -45433.3 9305.68 -492516 229337 1.41485e+06 270.928 -14.2201 -37.1796
1010000 FRAC0_S 0 1 29866.9 -45622.3 9255.39 83124.3 -752049 1.22164e+06 249.503 41.831 -34.6864
1010000 FRAC0_S 0 1 30119.1 -45750.3 9131.17 92209.2 -1.65425e+06 1.27873e+06 462.086 55.6244 -27.0739
1010000 FRAC0_S 0 1 30359.8 -45804.9 8945.16 -553905 -1.21375e+06 746920 205.474 51.267 -20.2573
1010000 FRAC0_S 0 1 30565.2 -45780.8 8715.57 -359254 -996948 302526 100.739 58.8577 -13.1283
1010000 FRAC0_S 0 1 30715.3 -45680.2 8464.88 -541036 -1.56313e+06 97861.9 219.002 64.1073 -3.40128
1010000 FRAC0_S 0 1 30795.4 -45513 8217.63 -465096 -1.25913e+06 -205646 146.901 61.5443 7.9369
1010000 FRAC0_S 0 1 30797.6 -45295.6 7998.02 -337949 -1.46669e+06 -732228 263.002 57.543 19.7642
1010000 FRAC0_S 0 1 30721.7 -45049.3 7827.56 -567606 -958448 -755444 157.761 46.4598 22.2091
1010000 FRAC0_S 0 1 30575.3 -44798.1 7722.91 -455956 -434465 -701341 82.2403 32.9975 27.9609
1010000 FRAC0_S 0 1 30372.4 -44566.7 7694.32 -555628 -121846 -900828 109.251 10.3909 33.7689
1010000 FRAC0_S 0 1 30133.1 -44377.7 7744.61 -1.39627e+06 -514384 -802444 109.219 24.0268 20.1831
1010000 FRAC0_S 0 1 29880.9 -44249.7 7868.83 -506000 521436 -636172 78.0556 -37.0041 25.0019
1010000 FRAC0_S 0 1 29640.2 -44195.1 8054.84 -743350 1.10699e+06 -727428 179.575 -47.2121 19.3832
Step FractureNumber TipNr TipActive TipX TipY TipZ KI KII KIII G Phi Psi Extension
1010101 FRAC0_S 0 1 29356.6 -44221.6 8224.04 402107 709204 -54593 59.6243 -59.2592 3.57996
1010101 FRAC0_S 0 1 29199.6 -44335.5 8486.46 327293 567603 67472.5 38.8599 -58.2214 -5.30643
1010101 FRAC0_S 0 1 29115.6 -44512.4 8746.34 361155 570919 165166 44.2964 -53.8937 -10.9935
1010101 FRAC0_S 0 1 29111.2 -44737.3 8982.11 495268 567211 305544 62.9436 -46.0132 -15.7749
1010101 FRAC0_S 0 1 29189.3 -44992.1 9173.59 292983 652897 399231 66.8326 -51.462 -20.2435
1010101 FRAC0_S 0 1 29348.6 -45252 9306.52 59969.5 550739 622521 78.8906 -48.561 -30.9648
1010101 FRAC0_S 0 1 29614.6 -45494.2 9370.82 -129395 203461 857860 101.567 -21.8783 -39.0667
1010101 FRAC0_S 0 1 29882 -45639.4 9340.3 882852 -467188 518115 124.607 30.6334 -19.0943
1010101 FRAC0_S 0 1 30170.4 -45751.5 9215.22 401372 -663013 638313 107.717 43.9009 -24.6032
1010101 FRAC0_S 0 1 30427.1 -45804.6 9017.89 632232 -752764 383240 105.647 46.9137 -15.3552
1010101 FRAC0_S 0 1 30642.6 -45772.5 8776.83 756566 -623922 62883.9 86.2204 47.4375 -3.33561
1010101 FRAC0_S 0 1 30799.1 -45660.6 8514.54 754010 -456452 -150956 72.2585 39.07 8.24302
1010101 FRAC0_S 0 1 30883.9 -45486.4 8254.16 619880 -426699 -226797 57.3062 39.0529 12.8455
1010101 FRAC0_S 0 1 30889 -45263.2 8016.77 251639 -609050 -171070 42.5896 58.2504 12.0255
1010101 FRAC0_S 0 1 30810.9 -45009.8 7821.75 158994 -581203 -467416 61.4113 51.1652 25.2467
1010101 FRAC0_S 0 1 30650.3 -44750.8 7686.91 -113436 -461636 -627202 71.3098 43.4354 31.7101
1010101 FRAC0_S 0 1 30425.2 -44507.6 7639.19 -396719 -177706 -727419 73.1894 17.8062 33.2803
1010101 FRAC0_S 0 1 30151.8 -44317.3 7682.53 -335378 189547 -540368 42.0373 -22.694 31.0744
1010101 FRAC0_S 0 1 29850.8 -44213.2 7796.1 356960 672277 -172539 55.5877 -56.4112 10.5183
1010101 FRAC0_S 0 1 29575.6 -44182.9 7981.9 357053 886460 -262944 90.5796 -58.1433 12.6091