
Step FractureNumber TipNr TipActive TipX TipY TipZ KI KII KIII G Phi Psi Extension
1010000 FRAC0_S 0 1 -22500 -44020.2 8624.9 2.84755e+06 1.42891e+06 -166445 908.183 -37.7857 2.87581
1010000 FRAC0_S 0 1 -22500 -44106.8 8921.55 2.68708e+06 1.31441e+06 102495 798.762 -37.6584 -1.92743
1010000 FRAC0_S 0 1 -22500 -44280.8 9176.94 2.80618e+06 1.19299e+06 399671 849.779 -32.82 -6.81452
1010000 FRAC0_S 0 1 -22500 -44525.1 9366.05 2.75559e+06 957826 642977 813.375 -27.3974 -10.7934
1010000 FRAC0_S 0 1 -22500 -44816 9470.4 2.26713e+06 466357 664579 536.137 -17.8954 -13.9927
1010000 FRAC0_S 0 1 -22500 -45124.9 9479.76 2.08701e+06 126566 672887 449.775 -6.00415 -16.3899
1010000 FRAC0_S 0 1 -22500 -45421.5 9393.21 2.89941e+06 -351070 1.01304e+06 896.582 11.0534 -16.6703
1010000 FRAC0_S 0 1 -22500 -45676.9 9219.22 2.35466e+06 97115.4 641450 549.629 -4.32646 -14.7559
1010000 FRAC0_S 0 1 -22500 -45866 8974.84 2.63523e+06 -841316 560896 723.734 26.1335 -10.1991
1010000 FRAC0_S 0 1 -22500 -45970.4 8683.98 2.42644e+06 -950708 373286 623.721 30.9909 -7.43653
1010000 FRAC0_S 0 1 -22500 -45979.8 8375.1 2.48126e+06 -1.09149e+06 184544 659.31 34.7625 -3.75146
1010000 FRAC0_S 0 1 -22500 -45893.2 8078.45 2.50988e+06 -1.09569e+06 -21571.3 668.39 35.9036 0.462713
1010000 FRAC0_S 0 1 -22500 -45719.2 7823.06 2.8406e+06 -1.29125e+06 -207112 873.31 35.4639 3.64798
1010000 FRAC0_S 0 1 -22500 -45474.9 7633.95 2.55208e+06 -996294 -428642 693.27 30.6788 8.02348
1010000 FRAC0_S 0 1 -22500 -45184 7529.6 2.03175e+06 -830013 -240896 436.955 32.4427 5.85712
1010000 FRAC0_S 0 1 -22500 -44875.1 7520.24 2.36118e+06 -402899 -695696 575.64 15.354 14.35
1010000 FRAC0_S 0 1 -22500 -44578.5 7606.79 2.43339e+06 236673 -880600 635.78 -9.02084 17.315
1010000 FRAC0_S 0 1 -22500 -44323.1 7780.78 1.93763e+06 264382 -620914 392.059 -12.4978 15.5599
1010000 FRAC0_S 0 1 -22500 -44134 8025.16 2.57956e+06 730155 -680790 702.101 -23.2727 12.3465
1010000 FRAC0_S 0 1 -22500 -44029.6 8316.02 2.49363e+06 598214 -638632 640.237 -20.6502 12.3859
Step FractureNumber TipNr TipActive TipX TipY TipZ KI KII KIII G Phi Psi Extension
1010101 FRAC0_S 0 1 -22554.8 -43940.2 8633.99 3.62028e+06 -226413 -169898 1176.32 7.66931 3.24027
1010101 FRAC0_S 0 1 -22559.4 -44036.1 8955.34 3.49132e+06 -214999 182285 1094.73 7.52653 -3.58386
1010101 FRAC0_S 0 1 -22553.9 -44221.6 9233.64 3.61543e+06 -407177 558300 1221.02 11.8909 -9.01611
1010101 FRAC0_S 0 1 -22544.3 -44484 9442.76 2.81394e+06 -191218 719837 777.772 7.00226 -13.8408
1010101 FRAC0_S 0 1 -22529.5 -44799.6 9561.28 2.81558e+06 -400224 967104 845.085 12.7545 -16.2699
1010101 FRAC0_S 0 1 -22508.1 -45137.2 9574.65 3.17271e+06 -15678.5 875182 998.882 0.53912 -15.2684
1010101 FRAC0_S 0 1 -22494.9 -45462.7 9480.4 2.157e+06 -107335 693011 479.499 4.98901 -16.466
1010101 FRAC0_S 0 1 -22488 -45741.3 9288.51 2.93252e+06 -338204 784958 858.461 11.1878 -13.8603
1010101 FRAC0_S 0 1 -22467 -45943.6 9018.57 3.11884e+06 -67257.2 534626 905.206 2.50782 -10.5264
1010101 FRAC0_S 0 1 -22449 -46052.5 8700.16 3.03714e+06 262229 454078 855.521 -9.43924 -8.95318
1010101 FRAC0_S 0 1 -22443.9 -46059.8 8365.26 2.25819e+06 611888 483638 518.883 -23.2129 -10.5621
1010101 FRAC0_S 0 1 -22442 -45965 8044.61 3.3705e+06 175822 -140380 1017.69 -6.51751 2.92218
1010101 FRAC0_S 0 1 -22443.6 -45777.5 7767.66 2.82039e+06 169237 -401418 732.816 -6.81264 8.7709
1010101 FRAC0_S 0 1 -22446.6 -45514.2 7561.55 2.9566e+06 464335 -566792 840.892 -15.3527 10.4198
1010101 FRAC0_S 0 1 -22453.8 -45199.1 7445.37 2.7601e+06 496136 -720908 769.91 -16.3752 13.0542
1010101 FRAC0_S 0 1 -22477.2 -44862.4 7429.36 2.83109e+06 139150 -729330 786.696 -5.16673 14.0943
1010101 FRAC0_S 0 1 -22506.6 -44537.6 7520.45 2.81417e+06 -253739 -867574 811.555 8.73545 15.5913
1010101 FRAC0_S 0 1 -22524.6 -44258.9 7711.85 3.13936e+06 -386999 -952669 1012.28 11.5738 15.0974
1010101 FRAC0_S 0 1 -22534 -44054 7980.94 3.22884e+06 -135984 -846747 1026.01 4.44738 14.3482
1010101 FRAC0_S 0 1 -22542.8 -43943.9 8298.77 3.4888e+06 24487.4 -584248 1130.08 -0.834157 10.4507