
Step FractureNumber TipNr TipActive TipX TipY TipZ KI KII KIII G Phi Psi Extension
1010000 FRAC0_S 0 1 0 984.872 8574.53 -8.33999e+06 910624 -167040 77.6043 -12.8826 1.3731
1010000 FRAC0_S 0 1 0 913.64 8875.22 -1.46574e+07 -927284 148568 79.5574 8.00816 -0.733606
1010000 FRAC0_S 0 1 0 752.975 9139.18 -2.11771e+07 59747.1 -1.07621e+06 154.362 -0.374372 3.68535
1010000 FRAC0_S 0 1 0 518.603 9340.58 -2.55788e+07 187465 18913.1 3.17919 -1.01414 -0.0571943
1010000 FRAC0_S 0 1 0 233.466 9459.7 -2.19837e+07 86597.6 94658.7 1.85996 -0.545906 -0.332509
1010000 FRAC0_S 0 1 0 -74.5244 9484.87 -2.8904e+07 -56815 77910 1.09495 0.273646 -0.209034
1010000 FRAC0_S 0 1 0 -375.22 9413.64 -2.68602e+07 -135394 -152854 4.74097 0.696465 0.438116
1010000 FRAC0_S 0 1 0 -639.186 9252.98 -2.28234e+07 5791.87 251789 8.43488 -0.0351267 -0.846969
1010000 FRAC0_S 0 1 0 -840.583 9018.61 -1.85308e+07 89991.8 -8978.61 0.732382 -0.674642 0.0375844
1010000 FRAC0_S 0 1 0 -959.699 8733.46 -1.20465e+07 -59072.7 137031 2.80836 0.673896 -0.86892
1010000 FRAC0_S 0 1 0 -984.872 8425.47 -6.34304e+06 -155340 122757 4.15447 3.24603 -1.43479
1010000 FRAC0_S 0 1 0 -913.64 8124.78 400814 52148 -32307.5 14.6969 -14.2363 5.04668
1010000 FRAC0_S 0 1 0 -752.975 7860.82 7.41628e+06 -1.0082e+06 1.52626e+06 5301.56 13.4661 -11.1874
1010000 FRAC0_S 0 1 0 -518.603 7659.42 1.0547e+07 19597.1 -55878.9 9913.01 -0.258043 0.409401
1010000 FRAC0_S 0 1 0 -233.466 7540.3 1.30447e+07 -2.5618e+06 -568942 15791.3 20.4168 2.70268
1010000 FRAC0_S 0 1 0 74.5244 7515.13 1.27437e+07 -20835.9 -78838.3 14472.4 0.22694 0.477556
1010000 FRAC0_S 0 1 0 375.22 7586.36 1.15602e+07 -64067 -10967.9 11908.9 0.768757 0.0734967
1010000 FRAC0_S 0 1 0 639.186 7747.02 9.25092e+06 -570522 -252345 7663.46 7.70429 1.93317
1010000 FRAC0_S 0 1 0 840.583 7981.39 2.60257e+06 207036 1.13665e+06 779.23 -7.15227 -19.7288
1010000 FRAC0_S 0 1 0 959.699 8266.54 -2.69167e+06 39211.8 -64233.1 0.685757 -1.95024 1.77505
Step FractureNumber TipNr TipActive TipX TipY TipZ KI KII KIII G Phi Psi Extension
1010101 FRAC0_S 0 1 -7.66485 1056.37 8587.6 -9.60089e+06 942336 248166 87.3204 -11.6914 -1.77629
1010101 FRAC0_S 0 1 1.22851 1002.8 8912.04 -1.68291e+07 -76892.6 1.60919e+06 344.931 0.580204 -6.52985
1010101 FRAC0_S 0 1 2.71367 827.117 9202.22 -2.36439e+07 -559446 -424323 51.8362 3.14413 1.3341
1010101 FRAC0_S 0 1 -1.2865 569.819 9423.6 -3.21562e+07 1.33642e+06 -554928 200.109 -5.38738 1.26253
1010101 FRAC0_S 0 1 -0.799463 256.522 9554.48 -3.48093e+07 652651 21237.8 38.0167 -2.55138 -0.0466737
1010101 FRAC0_S 0 1 0.304489 -81.8846 9582.14 -3.23221e+07 342166 150106 13.4295 -1.45221 -0.356112
1010101 FRAC0_S 0 1 0.711838 -412.278 9503.88 -3.28519e+07 1.22764e+06 -588517 180.362 -4.86979 1.3146
1010101 FRAC0_S 0 1 0.273229 -681.04 9314.22 -2.54997e+07 11964.8 125446 2.10575 -0.0653224 -0.380876
1010101 FRAC0_S 0 1 0.278709 -881.051 9043.57 -2.04367e+07 -167120 204523 8.05209 1.11988 -0.763464
1010101 FRAC0_S 0 1 2.00367 -1033.17 8743.4 -1.45164e+07 -843538 124102 65.4551 7.41915 -0.623035
1010101 FRAC0_S 0 1 -3.02281 -1081.35 8418.42 -6.15662e+06 146456 -61820.9 2.41965 -3.18433 0.754485
1010101 FRAC0_S 0 1 -5.05872 -1001.9 8088.75 1.14265e+06 -236662 125451 123.43 20.2871 -6.27346
1010101 FRAC0_S 0 1 5.38288 -825.587 7798.86 5.45017e+06 17280.3 -110971 2648.62 -0.433006 1.53858
1010101 FRAC0_S 0 1 14.3177 -568.929 7578.36 1.24301e+07 1.57978e+06 -228387 13997.5 -14.6716 1.24266
1010101 FRAC0_S 0 1 17.4288 -255.782 7448.56 1.61709e+07 -361860 -788513 23396.4 2.8942 3.4824
1010101 FRAC0_S 0 1 9.25464 82.2555 7419.38 1.58454e+07 1.43225e+06 219048 22562.6 -10.9911 -0.971339
1010101 FRAC0_S 0 1 4.12138 412.131 7496.3 1.51554e+07 1.22234e+06 -366381 20618.4 -9.84708 1.69093
1010101 FRAC0_S 0 1 3.92578 701.858 7673.1 1.05875e+07 337889 236880 10006.5 -4.17373 -1.64041
1010101 FRAC0_S 0 1 -2.87383 898.838 7936.46 3.3203e+06 138447 1.53186e+06 1296.19 -3.82995 -20.8328
1010101 FRAC0_S 0 1 -8.68652 1005.11 8255.35 -2.86804e+06 581273 -92779.3 31.2532 -21.0895 2.02044