
Step FractureNumber TipNr TipActive TipX TipY TipZ KI KII KIII G Phi Psi Extension
1010000 FRAC0_S 0 1 45000 15987.2 8471.27 -2.67063e+06 238656 665318 63.9476 -9.03497 -13.3745
1010000 FRAC0_S 0 1 45000 15947.8 8777.76 -2.41124e+06 -16410.8 639970 54.4957 0.746952 -14.8362
1010000 FRAC0_S 0 1 45000 15815.6 9057.06 -2.32517e+06 -238216 589903 51.3389 10.1768 -13.437
1010000 FRAC0_S 0 1 45000 15603.5 9281.83 -2.17462e+06 -1.3057e+06 -449848 178.833 38.7853 8.49557
1010000 FRAC0_S 0 1 45000 15332.4 9430.08 -2.10847e+06 -548269 383945 46.3924 22.9677 -9.32286
1010000 FRAC0_S 0 1 45000 15028.7 9487.27 -2.10707e+06 -763075 255067 60.5402 30.0102 -6.14622
1010000 FRAC0_S 0 1 45000 14722.2 9447.82 -2.06752e+06 -696959 -779355 124.069 24.826 15.5576
1010000 FRAC0_S 0 1 45000 14442.9 9315.6 -2.02145e+06 -913379 -127696 76.5098 35.5276 3.19494
1010000 FRAC0_S 0 1 45000 14218.2 9103.54 -1.7058e+06 -711633 -301281 57.1997 31.8494 8.2385
1010000 FRAC0_S 0 1 45000 14070 8832.4 -1.89151e+06 -563301 -512661 63.2305 24.0532 12.4904
1010000 FRAC0_S 0 1 45000 14012.8 8528.73 -2.50565e+06 -287534 -853411 104.233 10.6038 16.4469
1010000 FRAC0_S 0 1 45000 14052.2 8222.24 -2.04058e+06 -611649 -783255 114.931 22.7065 16.0679
1010000 FRAC0_S 0 1 45000 14184.4 7942.94 -2.79361e+06 561692 -818032 117.114 -17.5747 14.0212
1010000 FRAC0_S 0 1 45000 14396.5 7718.17 -2.28096e+06 31472.1 -1.22318e+06 199.079 -1.24066 23.0352
1010000 FRAC0_S 0 1 45000 14667.6 7569.92 -2.82738e+06 1.06606e+06 -351861 117.739 -30.7421 6.23814
1010000 FRAC0_S 0 1 45000 14971.3 7512.73 -3.27083e+06 1.30658e+06 -106045 153.619 -33.6088 1.7492
1010000 FRAC0_S 0 1 45000 15277.8 7552.18 -2.64055e+06 1.72788e+06 -429100 290.532 -41.3423 6.71248
1010000 FRAC0_S 0 1 45000 15557.1 7684.4 -3.02316e+06 1.06497e+06 387104 120.995 -29.3516 -6.50002
1010000 FRAC0_S 0 1 45000 15781.8 7896.46 -2.69138e+06 1.05521e+06 690434 162.622 -29.3356 -11.3383
1010000 FRAC0_S 0 1 45000 15930 8167.6 -2.62229e+06 506544 614563 73.0969 -17.6626 -11.916
Step FractureNumber TipNr TipActive TipX TipY TipZ KI KII KIII G Phi Psi Extension
1010101 FRAC0_S 0 1 44984.9 16083 8468.86 -2.6233e+06 787171 699292 120.254 -24.2471 -12.3166
1010101 FRAC0_S 0 1 45001.2 16040.8 8804.99 -2.57848e+06 28772.9 675089 60.6879 -1.22186 -14.6465
1010101 FRAC0_S 0 1 45024.9 15892.1 9107.28 -2.29541e+06 -681992 1.20815e+06 235.578 20.9531 -19.7651
1010101 FRAC0_S 0 1 45045.5 15655.4 9348.24 -2.11833e+06 -1.87049e+06 402325 333.3 46.9342 -6.86948
1010101 FRAC0_S 0 1 45047.7 15360.4 9510.49 -1.78041e+06 -1.6135e+06 302333 244.145 47.7747 -6.15919
1010101 FRAC0_S 0 1 45045.2 15031.3 9574 -1.71421e+06 -1.69945e+06 349081 273.569 48.952 -6.95227
1010101 FRAC0_S 0 1 45048 14698.6 9529.81 -1.48954e+06 -1.79282e+06 188506 291.145 53.6383 -4.13891
1010101 FRAC0_S 0 1 45052.7 14396.8 9383.96 -1.3057e+06 -1.9749e+06 73181.2 348.261 58.1673 -1.68629
1010101 FRAC0_S 0 1 45051.1 14151.6 9153.98 -2.25883e+06 -576584 -925024 143.429 19.8204 17.1903
1010101 FRAC0_S 0 1 45038.2 13985.6 8861.46 -1.66872e+06 -1.57715e+06 -538613 260.236 46.1867 10.4327
1010101 FRAC0_S 0 1 45029 13920 8531.35 -2.13239e+06 -1.20281e+06 -713558 196.638 35.4133 12.7218
1010101 FRAC0_S 0 1 45016.3 13963.6 8196.54 -2.5986e+06 -411488 -924852 128.85 13.8747 16.5098
1010101 FRAC0_S 0 1 44994 14107.6 7889.78 -2.54763e+06 684063 -813947 129.812 -21.6708 14.3571
1010101 FRAC0_S 0 1 44978.6 14339 7644.92 -2.45777e+06 1.4789e+06 -557983 236.306 -38.4865 9.17462
1010101 FRAC0_S 0 1 44960.1 14637.3 7488.86 -1.83745e+06 1.76726e+06 -324056 292.276 -48.8116 6.20915
1010101 FRAC0_S 0 1 44943 14968.1 7432.86 -1.60757e+06 2.19057e+06 -232764 434.809 -55.4089 4.39406
1010101 FRAC0_S 0 1 44940.9 15300 7477.34 -1.55232e+06 2.53014e+06 4645.2 570.451 -59.8417 -0.0886084
1010101 FRAC0_S 0 1 44946.7 15604.2 7617.07 -1.83656e+06 2.50347e+06 270691 568.231 -55.3785 -4.46557
1010101 FRAC0_S 0 1 44955.7 15851 7843.81 -2.02293e+06 2.03552e+06 442265 395.228 -48.9991 -7.34605
1010101 FRAC0_S 0 1 44968.6 16016.8 8137.53 -1.60224e+06 1.4219e+06 106829 181.681 -49.1426 -2.62295