
Step FractureNumber TipNr TipActive TipX TipY TipZ KI KII KIII G Phi Psi Extension
1010000 FRAC0_S 0 1 15665.1 44272.3 8562.57 6.24876e+06 -6.35547e+06 -5.56907e+06 11203.7 40.399 20.8036
1010000 FRAC0_S 0 1 15770.1 44407.5 8322.53 5.39053e+06 -3.17286e+06 -6.01286e+06 8294.97 27.1576 26.5604
1010000 FRAC0_S 0 1 15806.4 44605.5 8088.12 4.95135e+06 -161780 -6.16221e+06 7237.33 1.99433 32.772
1010000 FRAC0_S 0 1 15763.8 44842.2 7894.03 3.26615e+06 2.12156e+06 -4.73608e+06 4334.93 -26.2645 29.2676
1010000 FRAC0_S 0 1 15646.5 45094.3 7759.26 4.49111e+06 4.97802e+06 -4.86731e+06 7156.42 -40.1722 22.6777
1010000 FRAC0_S 0 1 15446.6 45358.5 7694.82 1.7396e+06 5.28429e+06 -2.09032e+06 3339.08 -57.6394 16.1533
1010000 FRAC0_S 0 1 15239.6 45547.1 7713.33 4.33867e+06 7.79874e+06 -1.9454e+06 7600.47 -56.062 10.1452
1010000 FRAC0_S 0 1 14990 45703.3 7806.67 4.7576e+06 8.88158e+06 -159057 9049.56 -61.1123 0.894749
1010000 FRAC0_S 0 1 14741.3 45790.8 7967.88 4.91701e+06 8.46713e+06 1.54952e+06 8862.24 -56.8747 -7.73802
1010000 FRAC0_S 0 1 14517.9 45800.9 8181.18 4.94586e+06 7.17086e+06 3.18988e+06 8115.23 -50.2242 -14.8219
1010000 FRAC0_S 0 1 14341.7 45732.6 8425.69 5.36322e+06 5.83291e+06 4.7628e+06 8611.96 -41.8183 -20.3392
1010000 FRAC0_S 0 1 14229.9 45592.5 8677.47 5.91605e+06 3.66907e+06 6.0324e+06 9158.28 -29.0271 -25.2047
1010000 FRAC0_S 0 1 14193.6 45394.5 8911.88 4.89549e+06 566119 5.21993e+06 5788.09 -7.22335 -30.2367
1010000 FRAC0_S 0 1 14236.2 45157.8 9105.97 7.30135e+06 -2.20624e+06 7.19265e+06 12064.8 17.2735 -27.4726
1010000 FRAC0_S 0 1 14353.5 44905.7 9240.74 7.32188e+06 -5.85588e+06 6.68861e+06 13783 35.1849 -22.5204
1010000 FRAC0_S 0 1 14534.1 44662.8 9303.01 7.03118e+06 -8.18208e+06 4.75208e+06 13374.4 45.6176 -16.6958
1010000 FRAC0_S 0 1 14760.4 44452.9 9286.67 7.81016e+06 -1.1137e+07 3.03038e+06 17709.6 52.969 -10.1276
1010000 FRAC0_S 0 1 15010 44296.7 9193.33 7.36364e+06 -1.18548e+07 578695 17399.7 58.7335 -2.25184
1010000 FRAC0_S 0 1 15258.7 44209.2 9032.12 6.67555e+06 -1.01918e+07 -1.78244e+06 13649.6 55.6025 7.15337
1010000 FRAC0_S 0 1 15482.1 44199.1 8818.82 7.42606e+06 -8.7031e+06 -3.52386e+06 13315.2 48.2699 12.9247
Step FractureNumber TipNr TipActive TipX TipY TipZ KI KII KIII G Phi Psi Extension
1010101 FRAC0_S 0 1 15745.2 44248.4 8614.62 1.00479e+07 -1.56084e+06 -5.30014e+06 12949.8 12.3268 21.207
1010101 FRAC0_S 0 1 15860.8 44379.7 8328.59 8.2409e+06 -769806 -5.95667e+06 10823.6 7.01535 25.8155
1010101 FRAC0_S 0 1 15883 44569.8 8050.74 7.50968e+06 -52394.8 -5.99615e+06 9807.49 0.539975 28.0413
1010101 FRAC0_S 0 1 15809.8 44805.3 7820.19 6.03036e+06 391127 -5.19115e+06 6838.23 -4.63595 28.2735
1010101 FRAC0_S 0 1 15657.9 45061.7 7668.76 8.11628e+06 517955 -4.9099e+06 9100.19 -5.25151 23.9392
1010101 FRAC0_S 0 1 15448.7 45310.2 7604.11 1.04582e+07 502085 -3.66532e+06 11555.6 -4.72359 17.475
1010101 FRAC0_S 0 1 15203.8 45526.9 7622.95 9.87097e+06 394134 -2.19227e+06 9335.57 -4.35933 12.7046
1010101 FRAC0_S 0 1 14940.2 45689.9 7721.9 1.05146e+07 489543 -374252 9891.62 -5.89379 2.52984
1010101 FRAC0_S 0 1 14678.3 45786.4 7891.61 9.14957e+06 1.73188e+06 1.52981e+06 8038.35 -18.1727 -9.11289
1010101 FRAC0_S 0 1 14442.4 45807.7 8118.19 1.11436e+07 1.34629e+06 3.35579e+06 12724.9 -11.3894 -15.0387
1010101 FRAC0_S 0 1 14254.7 45748.9 8384.3 1.08496e+07 893617 5.59856e+06 14729.4 -7.02827 -21.7418
1010101 FRAC0_S 0 1 14137.8 45617 8668.82 9.18886e+06 617486 6.39525e+06 12997.6 -5.23409 -25.6471
1010101 FRAC0_S 0 1 14111.3 45424.9 8944.79 1.002e+07 1.1793e+06 7.01874e+06 15622.6 -8.76919 -25.1524
1010101 FRAC0_S 0 1 14180.7 45188.5 9176 9.25307e+06 -330310 7.03571e+06 14222.9 2.7549 -27.1069
1010101 FRAC0_S 0 1 14331.3 44930.9 9331.49 1.02127e+07 -364984 6.70711e+06 15289 2.92501 -25.2979
1010101 FRAC0_S 0 1 14541.1 44681.1 9399.24 1.281e+07 395091 5.10633e+06 18104.5 -2.98808 -19.1849
1010101 FRAC0_S 0 1 14790.6 44466.8 9379.69 1.48597e+07 -1.37062e+06 2.97434e+06 21020.4 9.63511 -11.2888
1010101 FRAC0_S 0 1 15058.4 44306.6 9279.26 1.14259e+07 -358612 348681 11661.1 4.07673 -2.21429
1010101 FRAC0_S 0 1 15321.3 44210.7 9108.75 1.34506e+07 -307172 -1.60945e+06 16474.6 2.77046 7.8072
1010101 FRAC0_S 0 1 15557.6 44189.5 8881.41 1.34217e+07 -1.71848e+06 -3.96267e+06 18404.1 12.0278 14.7602