
Step FractureNumber TipNr TipActive TipX TipY TipZ KI KII KIII G Phi Psi Extension
1010000 FRAC0_S 0 1 -15000 -44020.2 8624.9 4.63695e+06 1.79639e+06 36942.6 2203.72 -33.4735 -0.444272
1010000 FRAC0_S 0 1 -15000 -44106.8 8921.55 4.40279e+06 1.55382e+06 303186 1954.72 -30.4381 -3.70043
1010000 FRAC0_S 0 1 -15000 -44280.8 9176.94 4.46074e+06 1.34894e+06 630957 1988.22 -26.2512 -7.32457
1010000 FRAC0_S 0 1 -15000 -44525.1 9366.05 4.72099e+06 975481 914310 2182.04 -19.1341 -10.1566
1010000 FRAC0_S 0 1 -15000 -44816 9470.4 3.84713e+06 428425 884388 1439.24 -11.1415 -12.3994
1010000 FRAC0_S 0 1 -15000 -45124.9 9479.76 3.78976e+06 5377.74 924832 1393.58 -0.159419 -14.0164
1010000 FRAC0_S 0 1 -15000 -45421.5 9393.21 5.19003e+06 -688886 1.27597e+06 2659.13 12.8306 -12.8607
1010000 FRAC0_S 0 1 -15000 -45676.9 9219.22 3.95104e+06 -204536 471330 1424.35 6.05201 -7.60321
1010000 FRAC0_S 0 1 -15000 -45866 8974.84 4.3379e+06 -1.17176e+06 632829 1852.43 24.1594 -7.68567
1010000 FRAC0_S 0 1 -15000 -45970.4 8683.98 4.54609e+06 -1.46693e+06 466586 2062.34 28.1071 -5.44554
1010000 FRAC0_S 0 1 -15000 -45979.8 8375.1 4.34681e+06 -1.45967e+06 108841 1875.15 30.2842 -1.42402
1010000 FRAC0_S 0 1 -15000 -45893.2 8078.45 4.18626e+06 -1.40733e+06 -173090 1742.1 29.9972 2.31148
1010000 FRAC0_S 0 1 -15000 -45719.2 7823.06 4.66797e+06 -1.4832e+06 -437803 2163.23 27.9674 5.037
1010000 FRAC0_S 0 1 -15000 -45474.9 7633.95 4.70928e+06 -1.05448e+06 -698195 2140.14 20.9816 8.04243
1010000 FRAC0_S 0 1 -15000 -45184 7529.6 3.03584e+06 -493710 -636090 896.802 15.6095 11.1411
1010000 FRAC0_S 0 1 -15000 -44875.1 7520.24 4.10776e+06 -230174 -963061 1631.7 5.94695 13.0815
1010000 FRAC0_S 0 1 -15000 -44578.5 7606.79 3.95366e+06 801861 -1.44127e+06 1726.49 -16.9438 16.3564
1010000 FRAC0_S 0 1 -15000 -44323.1 7780.78 4.09646e+06 998374 -1.05056e+06 1730.97 -20.8967 12.3698
1010000 FRAC0_S 0 1 -15000 -44134 8025.16 4.28525e+06 1.17973e+06 -695377 1824.69 -24.2433 8.38411
1010000 FRAC0_S 0 1 -15000 -44029.6 8316.02 4.0534e+06 655743 -393086 1522.95 -16.8367 5.81341
Step FractureNumber TipNr TipActive TipX TipY TipZ KI KII KIII G Phi Psi Extension
1010101 FRAC0_S 0 1 -15047.5 -43935.9 8634.91 5.52768e+06 336294 315002 2746.05 -7.41222 -3.89065
1010101 FRAC0_S 0 1 -15050.2 -44030.8 8957.95 5.80679e+06 -678659 339907 3061.09 13.2284 -3.80261
1010101 FRAC0_S 0 1 -15042.9 -44217.3 9237.57 5.72503e+06 -591643 838586 3045.39 11.0975 -8.68821
1010101 FRAC0_S 0 1 -15032.3 -44481.5 9446.94 5.35063e+06 -555376 962568 2701.87 10.8624 -10.2829
1010101 FRAC0_S 0 1 -15018 -44798.7 9564.11 5.52009e+06 -356231 1.19736e+06 2917.29 6.87288 -12.2575
1010101 FRAC0_S 0 1 -14999.4 -45137 9575.5 5.52919e+06 154101 1.1396e+06 2899.11 -3.12631 -12.1074
1010101 FRAC0_S 0 1 -14986.3 -45462.5 9480.2 5.18484e+06 244510 1.1485e+06 2576.27 -5.10731 -12.6129
1010101 FRAC0_S 0 1 -14978.9 -45741.4 9288.44 5.49294e+06 72302.2 1.08933e+06 2846.95 -1.51284 -11.8841
1010101 FRAC0_S 0 1 -14965.1 -45944.7 9018.98 4.31171e+06 1.07139e+06 418879 1782.25 -23.4654 -5.45927
1010101 FRAC0_S 0 1 -14953.6 -46055.1 8700.43 5.2802e+06 -178766 528613 2524.45 4.11745 -6.62902
1010101 FRAC0_S 0 1 -14950.5 -46063.9 8364.51 5.20016e+06 792246 107986 2467.16 -17.0009 -1.37038
1010101 FRAC0_S 0 1 -14950.7 -45969.9 8042.11 3.52454e+06 536148 -142283 1135.27 -16.7199 2.60271
1010101 FRAC0_S 0 1 -14955.1 -45782.2 7763.09 4.76084e+06 726978 -493346 2099.2 -15.9821 6.20918
1010101 FRAC0_S 0 1 -14963.6 -45517.8 7554.22 4.87732e+06 570565 -725050 2218.7 -12.3422 8.70632
1010101 FRAC0_S 0 1 -14975 -45201 7437.15 4.36403e+06 227953 -1.35697e+06 1946.61 -5.26176 16.0749
1010101 FRAC0_S 0 1 -14995.4 -44863.1 7425.63 3.97494e+06 -146484 -761204 1486.93 4.13714 11.3582
1010101 FRAC0_S 0 1 -15020.9 -44538.9 7521.87 4.96897e+06 -799906 -1.03207e+06 2398.87 15.498 11.0768
1010101 FRAC0_S 0 1 -15035.4 -44260.9 7714.17 4.72724e+06 -1.00351e+06 -1.04238e+06 2225.57 19.2058 11.2225
1010101 FRAC0_S 0 1 -15036.7 -44054.5 7981.77 3.43824e+06 -436802 -653745 1127.26 12.8518 10.5719
1010101 FRAC0_S 0 1 -15038.6 -43941.9 8298.79 5.33124e+06 -220290 -468227 2566.17 5.02949 5.86733