
Step FractureNumber TipNr TipActive TipX TipY TipZ KI KII KIII G Phi Psi Extension
1010000 FRAC0_S 0 1 -14068.5 44671.4 8500 215439 581395 -167439 37.9857 -58.9638 12.5491
1010000 FRAC0_S 0 1 -14012.6 44975.3 8500 202411 575873 1.1469e+06 208.147 -35.6143 -34.7556
1010000 FRAC0_S 0 1 -14053.3 45281.6 8500 157546 416649 831221 109.574 -35.3521 -34.5889
1010000 FRAC0_S 0 1 -14186.7 45560.4 8500 184228 -998873 1.78856e+06 517.392 39.1497 -34.9918
1010000 FRAC0_S 0 1 -14399.6 45784.3 8500 111079 -630884 1.12162e+06 203.885 39.3723 -34.9914
1010000 FRAC0_S 0 1 -14671.4 45931.4 8500 193602 -1.3244e+06 685132 222.074 58.864 -21.0651
1010000 FRAC0_S 0 1 -14975.3 45987.4 8500 141970 -1.48382e+06 356546 214.9 65.5731 -12.9616
1010000 FRAC0_S 0 1 -15281.6 45946.7 8500 145120 -1.582e+06 28674.5 225.003 69.3142 -1.26505
1010000 FRAC0_S 0 1 -15560.4 45813.3 8500 61499.6 -1.42214e+06 139032 183.131 68.9309 -6.44084
1010000 FRAC0_S 0 1 -15784.3 45600.3 8500 111706 -1.01175e+06 -463499 120.901 60.8037 19.9663
1010000 FRAC0_S 0 1 -15931.5 45328.6 8500 153538 -998350 -853924 187.899 52.3406 27.2256
1010000 FRAC0_S 0 1 -15987.4 45024.7 8500 169043 -587716 -1.02856e+06 174.033 38.5013 33.9843
1010000 FRAC0_S 0 1 -15946.7 44718.4 8500 187858 -69735.6 -1.12724e+06 172.578 6.87242 41.6261
1010000 FRAC0_S 0 1 -15813.3 44439.6 8500 233591 531956 -1.21811e+06 227.423 -32.5097 35.4539
1010000 FRAC0_S 0 1 -15564.4 44241.5 8500 180272 813416 -839988 155.697 -48.3292 28.8061
1010000 FRAC0_S 0 1 -15328.6 44068.6 8500 210614 1.34081e+06 -715635 232.266 -58.315 21.3337
1010000 FRAC0_S 0 1 -15024.7 44012.6 8500 185989 1.60104e+06 -393442 252.088 -65.0569 12.9998
1010000 FRAC0_S 0 1 -14718.4 44053.3 8500 220751 1.66265e+06 -26397.3 250.77 -68.8277 1.07182
1010000 FRAC0_S 0 1 -14439.6 44186.7 8500 201917 1.63807e+06 -9104.82 242.752 -69.0883 0.383267
1010000 FRAC0_S 0 1 -14215.7 44399.7 8500 218134 1.46714e+06 694743 260.243 -59.7017 -19.9568
Step FractureNumber TipNr TipActive TipX TipY TipZ KI KII KIII G Phi Psi Extension
1010101 FRAC0_S 0 1 -14009.8 44665 8421.48 1.54108e+06 701962 1.22476e+06 455.046 -25.4709 -23.4318
1010101 FRAC0_S 0 1 -13940.3 44975.8 8435 928941 129991 1.55833e+06 401.38 -6.78067 -34.7429
1010101 FRAC0_S 0 1 -13977.9 45303.8 8472.29 734389 97366.9 1.36951e+06 298.353 -6.05557 -35.7542
1010101 FRAC0_S 0 1 -14123.4 45603.6 8532.96 1.0896e+06 -679492 1.65171e+06 509.781 25.047 -29.9682
1010101 FRAC0_S 0 1 -14355.9 45838.2 8568.9 1.65852e+06 -933998 1.46926e+06 609.962 28.4914 -23.8968
1010101 FRAC0_S 0 1 -14650.8 45981.5 8581.42 1.33976e+06 -678213 921066 313.769 28.5789 -21.2034
1010101 FRAC0_S 0 1 -14973 46028.7 8590.31 2.42604e+06 -624556 304321 571.548 23.6367 -6.80377
1010101 FRAC0_S 0 1 -15291.5 45981.4 8592.86 2.61744e+06 -660853 -221437 655.93 23.9402 4.80315
1010101 FRAC0_S 0 1 -15582.8 45844 8591.87 2.36889e+06 -562195 -759734 604.985 19.701 14.6576
1010101 FRAC0_S 0 1 -15823.2 45627.6 8586.77 2.00401e+06 -612253 -1.22671e+06 591.418 20.5277 21.5358
1010101 FRAC0_S 0 1 -15989.5 45346.6 8576.97 1.34491e+06 -444454 -1.39031e+06 435.867 18.2015 27.7963
1010101 FRAC0_S 0 1 -16064.7 45023.6 8553.91 908478 -268769 -1.4927e+06 376.327 13.3837 33.2932
1010101 FRAC0_S 0 1 -16031.2 44692.7 8508.11 607280 60723.4 -1.31529e+06 263.281 -4.22082 37.2146
1010101 FRAC0_S 0 1 -15881.9 44395.4 8457.45 1.23833e+06 699874 -1.92742e+06 674.384 -23.0525 30.6871
1010101 FRAC0_S 0 1 -15642.3 44165 8427.94 1.79204e+06 893861 -1.66523e+06 726.175 -25.8063 25.0181
1010101 FRAC0_S 0 1 -15347.7 44020.1 8416.11 2.80694e+06 1.06711e+06 -1.37752e+06 1055.94 -25.5575 18.1893
1010101 FRAC0_S 0 1 -15027 43970.5 8410.08 3.45653e+06 925894 -799083 1225.97 -22.7817 11.2442
1010101 FRAC0_S 0 1 -14708.4 44018.1 8407.36 3.45188e+06 732082 246495 1117.63 -21.2221 -4.23749
1010101 FRAC0_S 0 1 -14416.9 44155.7 8408.4 4.2291e+06 926895 1.19044e+06 1858.79 -18.9538 -13.4699
1010101 FRAC0_S 0 1 -14178.5 44372.7 8412.05 2.30305e+06 207927 1.26605e+06 689.677 -7.49492 -22.4376