
Step FractureNumber TipNr TipActive TipX TipY TipZ KI KII KIII G Phi Psi Extension
1010000 FRAC0_S 0 1 -44157.3 515.173 8500 1.53939e+06 3.82395e+06 1.72393e+06 1909.46 -55.1591 -17.0205
1010000 FRAC0_S 0 1 -44357.7 750.363 8500 1.59219e+06 2.78219e+06 2.3741e+06 1665.3 -45.8201 -23.3561
1010000 FRAC0_S 0 1 -44621 912.104 8500 1.50099e+06 1.82105e+06 2.97719e+06 1675.13 -34.6226 -29.4935
1010000 FRAC0_S 0 1 -44921.4 984.561 8500 1.41924e+06 175675 3.23929e+06 1577.81 -4.99517 -37.4489
1010000 FRAC0_S 0 1 -45229.5 960.643 8500 1.4657e+06 -1.41625e+06 3.16037e+06 1698.56 28.9687 -31.7692
1010000 FRAC0_S 0 1 -45515.1 842.69 8500 1.38886e+06 -2.6918e+06 2.84948e+06 1897.46 43.8179 -26.4923
1010000 FRAC0_S 0 1 -45750.3 642.248 8500 996002 -3.04546e+06 1.35539e+06 1159.21 56.7118 -17.5078
1010000 FRAC0_S 0 1 -45912.1 378.939 8500 1.21915e+06 -4.09022e+06 1.08287e+06 1779.21 60.9216 -12.2665
1010000 FRAC0_S 0 1 -45984.6 78.5369 8500 1.02005e+06 -4.03911e+06 180094 1550.81 66.3269 -2.64218
1010000 FRAC0_S 0 1 -45960.7 -229.553 8500 1.01887e+06 -3.86776e+06 -860482 1524.03 62.5146 10.9387
1010000 FRAC0_S 0 1 -45842.7 -515.173 8500 1.08126e+06 -3.53001e+06 -1.44306e+06 1491.54 57.831 16.7166
1010000 FRAC0_S 0 1 -45667.2 -728.969 8500 655749 -1.6919e+06 -1.29083e+06 515.007 49.9643 23.5188
1010000 FRAC0_S 0 1 -45379 -912.104 8500 1.23627e+06 -1.75483e+06 -2.76829e+06 1429.84 36.158 29.8672
1010000 FRAC0_S 0 1 -45078.6 -984.561 8500 1.34043e+06 -499160 -3.1486e+06 1500.83 13.3086 36.0863
1010000 FRAC0_S 0 1 -44770.5 -960.643 8500 1.46434e+06 1.08471e+06 -3.23803e+06 1690.41 -23.7818 33.3118
1010000 FRAC0_S 0 1 -44484.9 -842.69 8500 1.56947e+06 2.50951e+06 -2.90658e+06 1904.29 -41.2601 26.7414
1010000 FRAC0_S 0 1 -44249.7 -642.248 8500 1.48691e+06 3.26024e+06 -2.41242e+06 1918.2 -49.2363 22.5355
1010000 FRAC0_S 0 1 -44087.9 -378.939 8500 1.83681e+06 5.10322e+06 -1.47803e+06 2911.88 -59.1458 12.6778
1010000 FRAC0_S 0 1 -44015.4 -78.5369 8500 1.67282e+06 5.16425e+06 -90756.7 2626.97 -65.4638 1.01616
1010000 FRAC0_S 0 1 -44039.3 229.553 8500 1.84383e+06 5.38218e+06 1.03303e+06 3026.2 -61.5067 -9.23988
Step FractureNumber TipNr TipActive TipX TipY TipZ KI KII KIII G Phi Psi Extension
1010101 FRAC0_S 0 1 -44110 546.08 8419.07 6.22348e+06 1.1411e+06 2.00139e+06 4100.15 -16.0178 -15.1608
1010101 FRAC0_S 0 1 -44315 803.285 8429.42 4.87419e+06 1.29262e+06 2.87146e+06 3362.56 -18.5905 -21.4498
1010101 FRAC0_S 0 1 -44592 988.163 8451.49 3.89073e+06 1.02239e+06 3.17928e+06 2786.41 -16.5703 -25.5505
1010101 FRAC0_S 0 1 -44914.7 1074.49 8493.55 2.65532e+06 147988 3.44467e+06 2208.39 -3.27673 -32.9727
1010101 FRAC0_S 0 1 -45263.3 1038.87 8541.28 2.80587e+06 -844422 3.13133e+06 2069.19 16.347 -28.9799
1010101 FRAC0_S 0 1 -45549.5 903.666 8567.63 3.37304e+06 -982384 2.29477e+06 1800.21 19.1536 -22.9859
1010101 FRAC0_S 0 1 -45791.8 680.145 8580.95 4.51621e+06 -1.16099e+06 1.69108e+06 2317.96 20.3214 -16.1634
1010101 FRAC0_S 0 1 -45955 397.983 8587.49 5.11548e+06 -832527 1.08238e+06 2549.42 15.597 -11.2265
1010101 FRAC0_S 0 1 -46027 82.1135 8589.82 3.25265e+06 -437586 242693 967.658 14.7101 -4.68756
1010101 FRAC0_S 0 1 -46004.4 -241.061 8588.41 4.53405e+06 -746006 -456010 1909.13 17.0237 5.99235
1010101 FRAC0_S 0 1 -45887 -543.957 8583.64 5.10382e+06 -1.18311e+06 -1.36762e+06 2694.72 19.9665 12.8826
1010101 FRAC0_S 0 1 -45682.2 -800.381 8574.2 4.31844e+06 -1.45908e+06 -2.31039e+06 2561.45 22.9782 19.5886
1010101 FRAC0_S 0 1 -45406.8 -985.855 8554.4 3.20592e+06 -1.05471e+06 -2.85728e+06 2100.82 19.2077 25.9933
1010101 FRAC0_S 0 1 -45084.8 -1073.95 8516.18 2.56562e+06 -444758 -3.33218e+06 2080.94 9.47299 31.8703
1010101 FRAC0_S 0 1 -44752 -1045.42 8469.1 2.8755e+06 581327 -3.38741e+06 2293.03 -11.3862 30.521
1010101 FRAC0_S 0 1 -44448.7 -908.379 8438.08 4.12653e+06 1.2562e+06 -3.28445e+06 3092.76 -18.8208 24.8193
1010101 FRAC0_S 0 1 -44203.2 -684.43 8424.19 5.52521e+06 1.36525e+06 -2.399e+06 3651.87 -19.0635 17.9426
1010101 FRAC0_S 0 1 -44041.4 -400.217 8415.4 7.36792e+06 831686 -1.37691e+06 5151.24 -11.6305 10.5326
1010101 FRAC0_S 0 1 -43971.3 -82.3351 8411.08 7.03812e+06 913342 -258665 4497.3 -14.7081 2.42468
1010101 FRAC0_S 0 1 -43993.6 241.721 8412.79 7.21443e+06 836533 963462 4823.82 -12.3891 -7.95967