
Step FractureNumber TipNr TipActive TipX TipY TipZ KI KII KIII G Phi Psi Extension
1010000 FRAC0_S 0 1 21971.2 791.693 8237.12 2.41245e+06 -530581 112306 545.378 22.201 -2.82248
1010000 FRAC0_S 0 1 21809 705.499 8485.58 -1.3223e+07 6.29146e+06 4.22207e+06 5898.03 -32.1898 -12.83
1010000 FRAC0_S 0 1 21714.3 550.244 8735.45 -510059 -851860 -2.05601e+06 626.877 30.5444 34.9789
1010000 FRAC0_S 0 1 21693.9 368.998 8937.08 -1.76856e+06 368313 -2.75252e+06 1019.74 -10.1489 33.4523
1010000 FRAC0_S 0 1 21757.6 98.6215 9143.85 -3.35168e+06 2.36725e+06 -3.1537e+06 1822.16 -32.3696 23.5553
1010000 FRAC0_S 0 1 21891.1 -153.54 9262.4 -4.16434e+06 3.88771e+06 -2.62637e+06 2264.25 -41.6916 17.188
1010000 FRAC0_S 0 1 22084.3 -390.672 9306.31 -3.98057e+06 4.84011e+06 -1.58032e+06 2419.71 -49.9905 11.0894
1010000 FRAC0_S 0 1 22318.3 -589.562 9271.31 -3.66181e+06 6.91763e+06 828227 4355.47 -59.1557 -5.48906
1010000 FRAC0_S 0 1 22570 -730.742 9160.8 -3.00384e+06 4.56236e+06 514215 1890 -56.7311 -4.83007
1010000 FRAC0_S 0 1 22814.8 -800.391 8985.61 -1.86236e+06 3.23807e+06 1.12109e+06 1101.49 -53.9031 -12.9838
1010000 FRAC0_S 0 1 23028.8 -791.693 8762.88 -374561 1.88926e+06 1.22576e+06 517.893 -55.278 -23.3268
1010000 FRAC0_S 0 1 23191 -705.499 8514.42 1.1219e+06 761440 832281 255.952 -33.7516 -20.8057
1010000 FRAC0_S 0 1 23285.7 -550.244 8264.55 2.06404e+06 149586 204041 387.164 -8.39413 -6.34781
1010000 FRAC0_S 0 1 23303.4 -341.129 8037.72 3.39247e+06 318243 -542119 1073.67 -10.0844 9.40664
1010000 FRAC0_S 0 1 23242.4 -98.6215 7856.15 4.71549e+06 876414 -882743 2153.52 -17.6679 10.021
1010000 FRAC0_S 0 1 23108.9 153.54 7737.6 5.66753e+06 1.35671e+06 -844442 3121.15 -22.0577 7.99066
1010000 FRAC0_S 0 1 22897.4 409.324 7693.3 5.72075e+06 2.14463e+06 -450688 3353.18 -31.4491 4.13027
1010000 FRAC0_S 0 1 22681.7 589.562 7728.69 5.56578e+06 1.86109e+06 79777.9 3069.94 -30.4069 -0.825228
1010000 FRAC0_S 0 1 22430 730.742 7839.2 4.31908e+06 1.26013e+06 390972 1824.13 -26.4313 -4.9665
1010000 FRAC0_S 0 1 22185.2 800.391 8014.39 3.17714e+06 97553.5 454024 927.759 -3.61487 -9.00833
Step FractureNumber TipNr TipActive TipX TipY TipZ KI KII KIII G Phi Psi Extension
1010101 FRAC0_S 0 1 21925.9 866.44 8214.54 1.33927e+07 -8.86017e+06 1.28955e+07 45095.7 30.843 -24.1753
1010101 FRAC0_S 0 1 21747.9 764.38 8479.87 -9.75135e+06 732892 1.01435e+07 13732.4 -4.88574 -30.3761
1010101 FRAC0_S 0 1 21649.6 602.285 8761.36 -6.55003e+06 1.18664e+07 -8.43093e+06 22001.4 -48.2041 21.2402
1010101 FRAC0_S 0 1 21618.1 366.752 8998.73 1.05676e+07 1.42777e+07 -1.05124e+07 42814.5 -45.1188 20.2735
1010101 FRAC0_S 0 1 21666.7 80.837 9169.7 -1.09625e+06 3.00876e+06 -3.12836e+06 2108.31 -46.1225 27.5617
1010101 FRAC0_S 0 1 21807.5 -201.576 9280.12 524996 8.22284e+06 -1.73824e+06 6451.6 -66.7391 12.023
1010101 FRAC0_S 0 1 22012.9 -458.043 9312.87 1.43284e+06 4.96081e+06 -1.56026e+06 2699.69 -60.0876 14.0308
1010101 FRAC0_S 0 1 22259.9 -669.276 9265.71 2.44825e+06 4.27192e+06 -422486 2184.05 -58.6925 4.49822
1010101 FRAC0_S 0 1 22526 -818.813 9148.2 2.48541e+06 3.23507e+06 668862 1542.55 -52.9398 -7.80372
1010101 FRAC0_S 0 1 22785.5 -893.081 8965.8 8.20444e+06 275153 2.06865e+06 6574.15 -3.60429 -14.0277
1010101 FRAC0_S 0 1 23019.9 -884.714 8734.6 1.51639e+06 932119 1.06807e+06 434.05 -32.1908 -20.6463
1010101 FRAC0_S 0 1 23217.4 -790.394 8482.91 1.74672e+06 -81806.3 614368 322.674 4.60975 -17.5292
1010101 FRAC0_S 0 1 23344.8 -615.91 8226.77 -1.96821e+07 -7.72829e+06 -5.11905e+06 8807.44 29.3099 11.4574
1010101 FRAC0_S 0 1 23369.5 -385.83 7981.72 1.0427e+07 -8.13339e+06 6.33726e+06 20924.5 38.2641 -17.7156
1010101 FRAC0_S 0 1 23295.9 -124.987 7778.98 5.73525e+06 -660079 -1.02853e+06 3110.63 11.8945 10.173
1010101 FRAC0_S 0 1 23141.5 144.049 7646.14 6.88078e+06 -728791 -1.18947e+06 4454.42 11.1155 9.94113
1010101 FRAC0_S 0 1 22924.1 396.229 7596.35 6.20969e+06 -431036 -733922 3524.3 7.94364 7.43569
1010101 FRAC0_S 0 1 22668.5 611.735 7634.06 6.5473e+06 -264276 -469641 3855.45 4.98917 4.89374
1010101 FRAC0_S 0 1 22401.8 775.891 7759.08 6.53031e+06 299454 238377 3815.64 -5.80569 -2.59306
1010101 FRAC0_S 0 1 22152.5 873.154 7965.93 -7.97407e+06 1.40187e+07 9.02826e+06 28353 -48.9718 -19.9057