
Step FractureNumber TipNr TipActive TipX TipY TipZ KI KII KIII G Phi Psi Extension
1010000 FRAC0_S 0 1 -22538.5 -44283.1 7821.65 3.93526e+06 2.12677e+06 47693.4 1783.35 -40.2515 -0.606868
1010000 FRAC0_S 0 1 -22785.5 -44204 7989.61 4.35839e+06 2.35582e+06 614105 2237.4 -37.7716 -6.30458
1010000 FRAC0_S 0 1 -23004.7 -44202.9 8207.54 3.21485e+06 1.37727e+06 796722 1174.43 -31.2085 -10.8107
1010000 FRAC0_S 0 1 -23174.3 -44279.8 8454.09 3.69986e+06 1.07696e+06 1.34023e+06 1562.07 -22.4784 -15.5055
1010000 FRAC0_S 0 1 -23278 -44427.1 8705.14 4.08928e+06 497703 1.70096e+06 1897 -10.6427 -18.6851
1010000 FRAC0_S 0 1 -23305.5 -44630.6 8936.11 2.65525e+06 -236701 1.1416e+06 806.579 7.97458 -19.4326
1010000 FRAC0_S 0 1 -23254.2 -44870.2 9124.39 2.68269e+06 -708971 1.05388e+06 833.817 20.5467 -16.6365
1010000 FRAC0_S 0 1 -23129 -45122.5 9251.54 3.75383e+06 -1.70815e+06 1.21602e+06 1712.34 31.2304 -13.1091
1010000 FRAC0_S 0 1 -22942.3 -45362.8 9305.14 2.78675e+06 -1.6647e+06 611676 988.733 38.4633 -8.94154
1010000 FRAC0_S 0 1 -22712.3 -45567.6 9279.92 3.60153e+06 -2.34252e+06 301654 1656.93 42.6616 -3.69026
1010000 FRAC0_S 0 1 -22461.5 -45716.9 9178.35 2.98284e+06 -1.97235e+06 -165825 1143.15 43.537 2.49114
1010000 FRAC0_S 0 1 -22214.5 -45796 9010.39 4.55684e+06 -2.53156e+06 -749777 2496.2 37.9149 7.15929
1010000 FRAC0_S 0 1 -21995.3 -45797.1 8792.46 3.67633e+06 -1.70052e+06 -1.02717e+06 1602.37 32.2398 11.6618
1010000 FRAC0_S 0 1 -21825.7 -45720.2 8545.91 3.67102e+06 -911542 -1.03627e+06 1417.75 20.8699 13.2629
1010000 FRAC0_S 0 1 -21722 -45572.9 8294.86 4.3721e+06 -764221 -1.59555e+06 2093.99 14.9911 16.6333
1010000 FRAC0_S 0 1 -21694.5 -45369.4 8063.89 2.68156e+06 36040.2 -1.03725e+06 783.977 -1.33732 19.0287
1010000 FRAC0_S 0 1 -21745.8 -45129.8 7875.61 3.93502e+06 747997 -1.3663e+06 1677.95 -16.2407 15.9337
1010000 FRAC0_S 0 1 -21871 -44877.5 7748.46 3.42879e+06 813243 -714983 1174.55 -21.0842 10.5639
1010000 FRAC0_S 0 1 -22057.7 -44637.2 7694.86 3.84457e+06 1.6002e+06 -758632 1621.83 -31.4558 9.04532
1010000 FRAC0_S 0 1 -22287.7 -44432.4 7720.08 2.87543e+06 1.41151e+06 -304289 926.624 -36.4248 5.02458
Step FractureNumber TipNr TipActive TipX TipY TipZ KI KII KIII G Phi Psi Extension
1010101 FRAC0_S 0 1 -22533.6 -44283.9 7709.57 4.7723e+06 -839900 66522.8 2092.91 19.1752 -0.909195
1010101 FRAC0_S 0 1 -22843.1 -44175.6 7915.26 4.61123e+06 -441414 486552 1943.63 10.712 -6.59676
1010101 FRAC0_S 0 1 -23077.2 -44164.9 8154.27 4.53353e+06 -550285 945501 1977.35 12.1945 -11.4202
1010101 FRAC0_S 0 1 -23257.3 -44235.7 8429.53 4.4663e+06 -414538 1.31575e+06 2023.11 9.05241 -15.0743
1010101 FRAC0_S 0 1 -23361.5 -44381.4 8716.36 4.60632e+06 -263753 1.52907e+06 2207.91 5.65145 -16.7539
1010101 FRAC0_S 0 1 -23376.7 -44588.3 8984.28 4.36216e+06 69116.2 1.49283e+06 1992.45 -1.62384 -17.5599
1010101 FRAC0_S 0 1 -23304.1 -44837.8 9200.8 3.06049e+06 121197 938896 953.211 -4.05719 -16.0594
1010101 FRAC0_S 0 1 -23153.9 -45102.9 9343.84 4.60225e+06 262909 1.07678e+06 2047.78 -6.05745 -13.0512
1010101 FRAC0_S 0 1 -22942.2 -45355.2 9403.06 4.89137e+06 192210 683984 2197.52 -4.58789 -8.78603
1010101 FRAC0_S 0 1 -22689.7 -45570.6 9375.84 5.04229e+06 684283 224674 2314.04 -15.1719 -2.89765
1010101 FRAC0_S 0 1 -22419.8 -45731.1 9266.49 4.27673e+06 761076 -163395 1685.02 -18.987 2.41779
1010101 FRAC0_S 0 1 -22156.2 -45822.6 9084.86 3.43872e+06 318999 -490585 1094.78 -10.1177 8.56722
1010101 FRAC0_S 0 1 -21922.8 -45834.8 8845.67 4.35023e+06 454709 -997595 1837.15 -10.5411 12.4347
1010101 FRAC0_S 0 1 -21742.3 -45763.7 8571.04 3.04026e+06 265708 -948164 949.521 -8.47115 15.7454
1010101 FRAC0_S 0 1 -21635.4 -45615 8287.15 4.37161e+06 436184 -1.466e+06 2005.77 -9.39511 16.4244
1010101 FRAC0_S 0 1 -21617.4 -45406.2 8020.66 4.29372e+06 145847 -1.33679e+06 1882.4 -3.49022 16.2837
1010101 FRAC0_S 0 1 -21687.5 -45156.1 7802.88 4.32195e+06 -143229 -1.2389e+06 1870.48 3.47126 15.3845
1010101 FRAC0_S 0 1 -21835.3 -44889 7658.44 4.40221e+06 -337912 -987059 1866.66 8.01651 12.4628
1010101 FRAC0_S 0 1 -22048.2 -44635.9 7597.63 4.35506e+06 -560712 -549094 1758.22 13.6275 7.50406
1010101 FRAC0_S 0 1 -22304.2 -44421.5 7623.82 4.11808e+06 -527790 -272367 1545.87 14.2177 4.21835