
Step FractureNumber TipNr TipActive TipX TipY TipZ KI KII KIII G Phi Psi Extension
1010000 FRAC0_S 0 1 -14307.7 15012.1 7795.63 679335 1.1259e+06 -362126 171.525 -53.837 12.1111
1010000 FRAC0_S 0 1 -14469.4 15260.6 7708.75 673908 1.59152e+06 -8302.26 266.188 -63.6983 0.284368
1010000 FRAC0_S 0 1 -14683.1 15483.7 7699.32 604851 1.51509e+06 415155 260.075 -58.6678 -11.8885
1010000 FRAC0_S 0 1 -14927.7 15659.4 7768.28 730326 982389 661614 191.747 -45.9421 -19.1726
1010000 FRAC0_S 0 1 -15179.4 15770.6 7908.85 -869603 74861.6 470677 29.9638 -7.21017 -22.2923
1010000 FRAC0_S 0 1 -15413.6 15806.3 8107.29 -2.59321e+06 -2.11112e+06 1.04025e+06 541.068 41.9959 -13.0424
1010000 FRAC0_S 0 1 -15607.4 15763.2 8344.17 -3.32632e+06 -395257 -977139 140.91 11.2815 14.7936
1010000 FRAC0_S 0 1 -15741.6 15645.2 8596.31 -4.73138e+06 430132 -1.76436e+06 430.51 -8.42472 17.7288
1010000 FRAC0_S 0 1 -15803.2 15464.2 8839.02 -6.60565e+06 1.82988e+06 -2.26887e+06 983.035 -21.8869 15.0501
1010000 FRAC0_S 0 1 -15786.2 15237.7 9048.54 -7.64807e+06 3.67651e+06 -2.21569e+06 1857.41 -32.8526 11.88
1010000 FRAC0_S 0 1 -15692.3 14987.9 9204.37 -6.52103e+06 4.01507e+06 -1.19451e+06 1626.3 -39.7176 7.60047
1010000 FRAC0_S 0 1 -15530.6 14739.4 9291.25 -7.97322e+06 5.43905e+06 -263980 2645.43 -44.6065 1.49327
1010000 FRAC0_S 0 1 -15316.9 14516.3 9300.68 -7.30036e+06 4.57207e+06 873381 1964.19 -41.2124 -5.18985
1010000 FRAC0_S 0 1 -15072.3 14340.6 9231.72 -7.55978e+06 3.84823e+06 1.92523e+06 1812.59 -34.5756 -10.5747
1010000 FRAC0_S 0 1 -14820.6 14229.4 9091.15 -7.66053e+06 3.03843e+06 2.87333e+06 1920.72 -27.8336 -15.034
1010000 FRAC0_S 0 1 -14586.4 14193.7 8892.71 -6.59633e+06 1.10578e+06 2.78211e+06 1138.4 -13.9872 -18.3744
1010000 FRAC0_S 0 1 -14392.6 14236.8 8655.83 5.11523e+06 -1.50345e+07 1.1875e+07 41229 50.2973 -24.3856
1010000 FRAC0_S 0 1 -14258.4 14354.8 8403.69 -3.62669e+06 -1.00594e+06 1.09813e+06 250.555 22.4178 -13.7347
1010000 FRAC0_S 0 1 -14196.8 14535.8 8160.98 -2.05081e+06 -735413 228786 55.1552 29.9837 -5.7288
1010000 FRAC0_S 0 1 -14213.8 14762.3 7951.46 -931435 52777.6 -319566 13.8305 -5.55256 17.1358
Step FractureNumber TipNr TipActive TipX TipY TipZ KI KII KIII G Phi Psi Extension
1010101 FRAC0_S 0 1 -14298.9 14971.7 7714.25 2.33643e+06 -1.38706e+06 6.75113e+06 6719.73 17.3115 -36.5643
1010101 FRAC0_S 0 1 -14492.8 15223.2 7620.08 2.63717e+06 -153386 -143628 624.572 7.12729 3.739
1010101 FRAC0_S 0 1 -14715.5 15463.1 7608.52 3.46682e+06 1.77687e+06 130614 1354.61 -38.6355 -1.87617
1010101 FRAC0_S 0 1 -14960.4 15673.5 7682.24 36925.7 -6.14551e+06 2.08403e+06 3943.21 65.3919 -17.5669
1010101 FRAC0_S 0 1 -15199.3 15831.7 7854.56 7.76094e+06 -1.18956e+07 -8.64531e+06 27917.5 46.4774 20.7472
1010101 FRAC0_S 0 1 -15428.5 15895.3 8094.13 -749513 -3.64793e+06 794783 1269.84 63.8077 -11.1664
1010101 FRAC0_S 0 1 -15650.6 15845.5 8344.65 -3.07825e+06 1.42232e+06 -1.89685e+06 658.808 -27.6657 20.226
1010101 FRAC0_S 0 1 -15819.4 15700.7 8598.44 -4.46792e+06 828261 -1.99073e+06 588.209 -15.0086 18.8461
1010101 FRAC0_S 0 1 -15896.9 15486.5 8848.31 -4.9344e+06 3.34347e+06 -2.64777e+06 1928.56 -36.2875 16.9648
1010101 FRAC0_S 0 1 -15882.2 15228.2 9063.28 -4.4992e+06 5.74762e+06 -2.92735e+06 4083.49 -47.7553 15.7026
1010101 FRAC0_S 0 1 -15781.9 14951.4 9221.31 -3.14038e+06 8.06588e+06 -2.20865e+06 6446.15 -58.8706 11.9475
1010101 FRAC0_S 0 1 -15608.2 14681.4 9309.71 -2.04822e+06 9.05437e+06 -643554 7360.47 -66.3239 4.17444
1010101 FRAC0_S 0 1 -15377.4 14442 9323.32 -2.37105e+06 1.05446e+07 1.48776e+06 10202.4 -64.9757 -7.70471
1010101 FRAC0_S 0 1 -15110 14253.9 9258.07 -4.73808e+06 7.76692e+06 4.70992e+06 8325.94 -48.9153 -18.8702
1010101 FRAC0_S 0 1 -14829 14136.2 9117.35 -4.54548e+06 4.86119e+06 2.92524e+06 3243.85 -44.3101 -16.6454
1010101 FRAC0_S 0 1 -14554.8 14121.8 8925.14 -1.59624e+07 -6.17568e+06 -1.63704e+06 3754.99 31.6424 5.21425
1010101 FRAC0_S 0 1 -14321.3 14201.5 8692.49 -4.58011e+06 -1.76389e+06 2.74624e+06 1280.31 24.5302 -20.5526
1010101 FRAC0_S 0 1 -14167 14331.4 8423.6 -2.99405e+06 -1.9739e+06 1.05436e+06 495.05 38.3669 -12.6444
1010101 FRAC0_S 0 1 -14105.9 14513 8148.58 -1.54556e+06 -687788 197283 47.3301 34.0104 -6.11348
1010101 FRAC0_S 0 1 -14153.5 14733.1 7898.63 2.47136e+06 -1.25348e+07 -7.86273e+06 22767.8 55.7061 22.9168