
Step FractureNumber TipNr TipActive TipX TipY TipZ KI KII KIII G Phi Psi Extension
1010000 FRAC0_S 0 1 -15000 -14017.8 8603.45 1.05647e+07 2.51947e+06 -2.73179e+06 11504 -20.5255 12.4879
1010000 FRAC0_S 0 1 -15000 -14097.8 8901.92 1.89409e+07 8.57647e+06 -6.35492e+06 43894.7 -30.9603 13.4723
1010000 FRAC0_S 0 1 -15000 -14266.1 9161.05 1.71014e+07 1.64115e+06 -1.69091e+06 26681.3 -10.7928 6.22868
1010000 FRAC0_S 0 1 -15000 -14506.3 9355.47 2.38347e+07 2.70949e+06 -1.85233e+06 51733.5 -12.721 4.94758
1010000 FRAC0_S 0 1 -15000 -14794.9 9466.15 2.17823e+07 2.44777e+06 -1.30521e+06 43040.5 -12.777 3.90066
1010000 FRAC0_S 0 1 -15000 -15103.5 9482.25 1.16282e+07 -1.45879e+07 -1.20669e+07 50378.3 43.1834 21.3072
1010000 FRAC0_S 0 1 -15000 -15401.9 9402.21 2.5324e+07 3.28009e+06 89442.2 58106.5 -15.0893 -0.242817
1010000 FRAC0_S 0 1 -15000 -15661 9233.85 3.95586e+07 -1.08585e+07 1.05489e+07 164754 22.7145 -12.5083
1010000 FRAC0_S 0 1 -15000 -15855.5 8993.66 1.78031e+07 1.33944e+06 2.02478e+06 28948.7 -8.57872 -7.1592
1010000 FRAC0_S 0 1 -15000 -15966.1 8705.15 1.19675e+07 -887919 2.50691e+06 13668.5 7.85796 -11.8497
1010000 FRAC0_S 0 1 -15000 -15982.2 8396.55 7.12129e+06 -3.34923e+06 2.47545e+06 6333.59 31.534 -13.7081
1010000 FRAC0_S 0 1 -15000 -15902.2 8098.08 2.89016e+06 -5.24798e+06 1.19023e+06 3386.95 56.6066 -9.41498
1010000 FRAC0_S 0 1 -15000 -15733.9 7838.95 -3.8977e+06 -4.82549e+06 -774369 2154.71 53.0608 6.14023
1010000 FRAC0_S 0 1 -15000 -15493.7 7644.53 -6.28539e+06 -6.16044e+06 -2.57715e+06 4265.16 45.6386 12.4096
1010000 FRAC0_S 0 1 -15000 -15205.1 7533.85 2.35664e+07 -2.97277e+07 -2.11785e+07 187893 44.7308 19.5128
1010000 FRAC0_S 0 1 -15000 -14896.5 7517.75 -1.07444e+07 -4.01584e+06 -6.37488e+06 6842.07 24.0739 20.5245
1010000 FRAC0_S 0 1 -15000 -14598.1 7597.79 -7.33781e+06 -821003 -4.89479e+06 3246.6 8.52836 24.6081
1010000 FRAC0_S 0 1 -15000 -14339 7766.15 -2.10634e+06 -2.47223e+07 -2.05891e+07 110844 53.9641 27.6464
1010000 FRAC0_S 0 1 -15000 -14144.5 8006.34 -2.85122e+07 -1.81621e+07 9.2797e+06 40846.9 38.0674 -12.0283
1010000 FRAC0_S 0 1 -15000 -14033.9 8294.85 -8.55519e+06 -1.41714e+07 -1.41696e+07 44599 43.4457 25.088
Step FractureNumber TipNr TipActive TipX TipY TipZ KI KII KIII G Phi Psi Extension
1010101 FRAC0_S 0 1 -15013.2 -13933.8 8613.31 -1.71401e+07 -1.78656e+07 1.07139e+07 43708.8 44.0182 -16.4663
1010101 FRAC0_S 0 1 -15039.2 -14017.1 8938.26 1.44357e+07 -2.54353e+06 -6.80815e+06 25310.8 14.1695 19.621
1010101 FRAC0_S 0 1 -15027.7 -14197.9 9223.77 2.30667e+07 -3.05159e+06 -2.20811e+06 48891.3 14.2697 5.87977
1010101 FRAC0_S 0 1 -15021.2 -14458.7 9438 2.42945e+07 -1.46138e+07 2.67241e+06 72575.2 40.5575 -4.87679
1010101 FRAC0_S 0 1 -14999.4 -14774.4 9553.1 2.87142e+07 3.69708e+06 -3.34855e+06 76181 -13.7259 7.01455
1010101 FRAC0_S 0 1 -14977.8 -15112 9564.41 2.90528e+07 1.45939e+07 -420139 94216.6 -38.6872 0.740665
1010101 FRAC0_S 0 1 -14986.2 -15438.9 9481.58 2.64598e+07 6.38542e+06 252193 66029.7 -24.4044 -0.592422
1010101 FRAC0_S 0 1 -14991 -15723.1 9302.52 2.3741e+07 5.19242e+06 1.0488e+06 52774.3 -22.1462 -2.68813
1010101 FRAC0_S 0 1 -14994.4 -15937.9 9040.65 2.04353e+07 -1.49991e+06 -1.44796e+06 37691.7 8.69228 4.70347
1010101 FRAC0_S 0 1 -14983.8 -16057.2 8725.56 1.37606e+07 2.16137e+06 5.40831e+06 21179.8 -13.4673 -17.6555
1010101 FRAC0_S 0 1 -14949.5 -16061.5 8391.63 9.61841e+06 406934 1.77126e+06 8675.93 -4.74612 -10.9677
1010101 FRAC0_S 0 1 -14925.2 -15959.7 8074.59 5.76893e+06 -1.79364e+06 765131 3330.17 26.9063 -6.8879
1010101 FRAC0_S 0 1 -14921.3 -15777.5 7798.1 -9.83035e+06 3.28083e+06 -1.08647e+07 16658.7 -17.8467 28.5694
1010101 FRAC0_S 0 1 -14926.7 -15526 7586.82 -560204 -6.71877e+06 -1.95481e+06 4530.82 64.807 15.0338
1010101 FRAC0_S 0 1 -14936.8 -15218.8 7461.26 -3.70185e+06 -9.38359e+06 -4.24029e+06 10237.6 55.2908 17.1131
1010101 FRAC0_S 0 1 -14958.3 -14885.4 7432.38 -7.03811e+06 -6.87018e+06 -5.66468e+06 8473.72 40.5163 19.8102
1010101 FRAC0_S 0 1 -14962.2 -14565.8 7518.99 -8.43876e+06 -4.26538e+06 -5.08713e+06 5063.12 29.5409 19.6048
1010101 FRAC0_S 0 1 -14940.5 -14292.2 7711.87 -5.82303e+06 -2.52689e+06 -4.62626e+06 3415.49 24.6081 23.614
1010101 FRAC0_S 0 1 -14931.8 -14082.8 7971.97 -2.10305e+06 1.10787e+06 -3.90589e+06 2138.42 -20.0975 32.8685
1010101 FRAC0_S 0 1 -14959 -13958 8279.93 3.66439e+06 3.83405e+06 -2.68394e+06 3464.53 -42.7906 18.267