
Step FractureNumber TipNr TipActive TipX TipY TipZ KI KII KIII G Phi Psi Extension
1010000 FRAC0_S 0 1 0 984.872 8574.53 9.32694e+06 -173405 36685.5 7754.7 2.52237 -0.29955
1010000 FRAC0_S 0 1 0 913.64 8875.22 1.69754e+07 996066 -471092 25796.2 -7.3571 1.97089
1010000 FRAC0_S 0 1 0 752.975 9139.18 2.42476e+07 770965 2.11908e+06 53042.1 -3.92082 -5.88953
1010000 FRAC0_S 0 1 0 518.603 9340.58 3.11464e+07 490466 362217 86484.5 -2.1294 -0.8787
1010000 FRAC0_S 0 1 0 233.466 9459.7 2.6867e+07 212036 276793 64336.8 -1.08094 -0.785844
1010000 FRAC0_S 0 1 0 -74.5244 9484.87 3.47685e+07 905415 509750 107828 -3.45935 -1.0923
1010000 FRAC0_S 0 1 0 -375.22 9413.64 3.30236e+07 504719 744362 97275.8 -2.04654 -1.6785
1010000 FRAC0_S 0 1 0 -639.186 9252.98 2.77232e+07 417413 -191135 68508.2 -2.04743 0.524711
1010000 FRAC0_S 0 1 0 -840.583 9018.61 2.25589e+07 -639917 527202 45422 3.72503 -1.7169
1010000 FRAC0_S 0 1 0 -959.699 8733.46 1.42091e+07 -684838 166271 18036.5 6.22153 -0.857132
1010000 FRAC0_S 0 1 0 -984.872 8425.47 6.88672e+06 -768768 10824.1 4278.89 13.3351 -0.110063
1010000 FRAC0_S 0 1 0 -913.64 8124.78 -1.60014e+06 -990661 13537 87.4778 43.1257 -0.404542
1010000 FRAC0_S 0 1 0 -752.975 7860.82 -8.79558e+06 533922 -1.54207e+06 341.674 -6.70681 10.3999
1010000 FRAC0_S 0 1 0 -518.603 7659.42 -1.44465e+07 -741183 -335596 63.9318 6.52492 1.67084
1010000 FRAC0_S 0 1 0 -233.466 7540.3 -1.5674e+07 2.23251e+06 -184213 448.645 -16.2108 0.790832
1010000 FRAC0_S 0 1 0 74.5244 7515.13 -1.72069e+07 -165781 -470878 31.9386 1.29467 2.03538
1010000 FRAC0_S 0 1 0 375.22 7586.36 -1.57195e+07 164395 -570768 45.7365 -1.39173 2.66591
1010000 FRAC0_S 0 1 0 639.186 7747.02 -1.30217e+07 1.14091e+06 -317176 129.372 -10.5965 1.69274
1010000 FRAC0_S 0 1 0 840.583 7981.39 -5.52651e+06 429430 -1.64927e+06 378.206 -7.68195 15.3632
1010000 FRAC0_S 0 1 0 959.699 8266.54 2.49211e+06 567607 -195308 587.211 -22.2845 4.56134
Step FractureNumber TipNr TipActive TipX TipY TipZ KI KII KIII G Phi Psi Extension
1010101 FRAC0_S 0 1 -10.481 1080.1 8582.24 1.08495e+07 -556630 -258346 10525.7 6.52143 1.71137
1010101 FRAC0_S 0 1 -7.01186 1003.43 8912.08 1.89329e+07 -2.37402e+06 -2.21885e+06 33099.1 13.4147 7.06307
1010101 FRAC0_S 0 1 -7.54913 827.057 9202.15 2.81729e+07 -1.17833e+06 572370 70895.1 5.40437 -1.47989
1010101 FRAC0_S 0 1 -4.03889 569.76 9423.53 3.43858e+07 -678861 263317 105413 2.66438 -0.579539
1010101 FRAC0_S 0 1 -3.38066 256.517 9554.42 3.64976e+07 -489690 -1.14522e+06 118897 1.78631 2.31277
1010101 FRAC0_S 0 1 -4.38142 -81.8729 9582.04 3.90614e+07 -2.95464e+06 -252512 136750 9.4442 0.464795
1010101 FRAC0_S 0 1 -4.18724 -412.253 9503.79 3.74404e+07 -1.71509e+06 324351 125189 5.94979 -0.63859
1010101 FRAC0_S 0 1 -1.15076 -697.257 9331.52 3.34665e+07 -314531 217774 99819.1 1.28918 -0.498262
1010101 FRAC0_S 0 1 5.06456 -923.362 9069.72 2.52582e+07 789680 -67065.1 56906.2 -4.1694 0.200092
1010101 FRAC0_S 0 1 12.809 -1053.49 8756.48 1.7434e+07 870402 193074 27157.1 -6.43272 -0.810554
1010101 FRAC0_S 0 1 31.3317 -1074.42 8420.75 3.27137e+06 832183 -355002 1032.11 -23.6922 6.00137
1010101 FRAC0_S 0 1 37.0265 -990.583 8093.01 -1.88148e+06 -1.22578e+06 120501 135.822 43.0713 -2.86596
1010101 FRAC0_S 0 1 14.0915 -820.752 7800.61 -1.06348e+07 -1.87438e+06 -286103 323.956 19.0064 1.72758
1010101 FRAC0_S 0 1 -4.21726 -569.288 7577.75 -1.83665e+07 -127662 -873926 103.031 0.919748 3.45233
1010101 FRAC0_S 0 1 -10.5529 -255.97 7447.59 -2.18886e+07 867077 -1.21023e+06 261.793 -4.97352 3.85468
1010101 FRAC0_S 0 1 -6.45679 82.1163 7418.84 -2.10478e+07 1.34292e+06 -31264.6 160.834 -8.13394 0.108697
1010101 FRAC0_S 0 1 -5.24684 411.998 7496.46 -1.88666e+07 963462 -765304 160.614 -6.3961 2.85285
1010101 FRAC0_S 0 1 -13.1437 701.571 7673.43 -1.44975e+07 2.22472e+06 -376715 459.914 -17.0302 1.70244
1010101 FRAC0_S 0 1 -20.7612 921.136 7931.18 -7.94513e+06 1.81656e+06 -742660 367.407 -22.1173 5.34967
1010101 FRAC0_S 0 1 -21.2019 1050.65 8244.48 1.6418e+06 175655 -104392 244.394 -12.2111 4.1395