
Step FractureNumber TipNr TipActive TipX TipY TipZ KI KII KIII G Phi Psi Extension
1010000 FRAC0_S 0 1 44337.7 -29270.4 8432.65 -25457.2 2.68999e+06 -223913 651.474 -69.4962 5.75033
1010000 FRAC0_S 0 1 44227.9 -29412.2 8684.28 -6047.86 2.86428e+06 362956 748.589 -69.0883 -8.34014
1010000 FRAC0_S 0 1 44193.7 -29611.7 8917.88 1855.34 2.56812e+06 962840 711 -64.7804 -18.8071
1010000 FRAC0_S 0 1 44238.4 -29849 9110.57 12960.2 2.06104e+06 1.48684e+06 672.567 -57.5817 -26.8156
1010000 FRAC0_S 0 1 44357.7 -30101.2 9243.49 12952.9 1.32335e+06 1.9358e+06 654.461 -45.1711 -34.5954
1010000 FRAC0_S 0 1 44539.9 -30343.5 9303.63 -15998.7 354951 2.03967e+06 564.542 -19.0966 -42.372
1010000 FRAC0_S 0 1 44767.1 -30552.1 9285.1 -7568.96 -695136 2.1836e+06 677.22 29.6572 -40.1224
1010000 FRAC0_S 0 1 45017 -30706.8 9189.73 -31109.6 -1.08467e+06 1.27668e+06 321.617 49.0838 -32.2259
1010000 FRAC0_S 0 1 45265.3 -30792.2 9026.84 -25803.5 -2.24598e+06 1.36452e+06 697.142 59.7668 -24.6227
1010000 FRAC0_S 0 1 45487.7 -30800.1 8812.38 -46685.7 -2.92542e+06 870922 863.492 66.0092 -15.9818
1010000 FRAC0_S 0 1 45662.3 -30729.6 8567.35 1769.93 -2.16704e+06 163805 422.035 69.6473 -5.31471
1010000 FRAC0_S 0 1 45772.1 -30587.8 8315.72 4253.85 -2.8015e+06 -412783 722.036 68.8248 9.46084
1010000 FRAC0_S 0 1 45806.3 -30388.3 8082.12 37672.4 -2.45047e+06 -961073 658.062 64.131 19.1715
1010000 FRAC0_S 0 1 45761.6 -30151 7889.43 61867.1 -1.94753e+06 -1.44484e+06 615.969 56.6817 26.8522
1010000 FRAC0_S 0 1 45642.3 -29898.8 7756.51 5791.6 -1.3122e+06 -1.93262e+06 650.196 45.1081 34.7093
1010000 FRAC0_S 0 1 45460.1 -29656.5 7696.37 53528.1 -309641 -1.90323e+06 490.563 17.8206 42.2298
1010000 FRAC0_S 0 1 45232.9 -29447.9 7714.9 -43919.8 663146 -2.07807e+06 613.532 -29.3658 39.8267
1010000 FRAC0_S 0 1 44983 -29293.2 7810.27 33789.6 960511 -1.17868e+06 267.089 -48.2064 32.5998
1010000 FRAC0_S 0 1 44734.7 -29207.8 7973.16 46438.7 2.09324e+06 -1.30213e+06 616.148 -59.2534 24.7862
1010000 FRAC0_S 0 1 44512.3 -29199.9 8187.62 30026.2 2.54923e+06 -799005 664.077 -65.7845 16.6021
Step FractureNumber TipNr TipActive TipX TipY TipZ KI KII KIII G Phi Psi Extension
1010101 FRAC0_S 0 1 44260.3 -29297.5 8376.2 2.69218e+06 250474 182276 655.862 -10.7718 -4.43744
1010101 FRAC0_S 0 1 44145.9 -29444.5 8637.98 2.9517e+06 440708 707116 860.184 -14.2413 -12.4722
1010101 FRAC0_S 0 1 44107.3 -29647.7 8885.06 2.23327e+06 242969 1.07286e+06 602.783 -9.25623 -20.5632
1010101 FRAC0_S 0 1 44150 -29890.2 9097.25 876586 457253 574999 131.076 -29.5196 -20.5015
1010101 FRAC0_S 0 1 44276.1 -30148.3 9260.14 1.00831e+06 369386 1.34609e+06 343.745 -17.6987 -30.4878
1010101 FRAC0_S 0 1 44488.7 -30386.4 9360.06 628466 115729 1.52641e+06 346.268 -6.95376 -37.5221
1010101 FRAC0_S 0 1 44766.5 -30575.9 9370.76 889616 -415914 1.69103e+06 466.263 18.0831 -33.508
1010101 FRAC0_S 0 1 45057.3 -30711 9278.01 1.34948e+06 -657256 1.28949e+06 421.922 25.1324 -25.4635
1010101 FRAC0_S 0 1 45326.4 -30783.3 9103.96 2.06629e+06 -670849 969446 545.559 23.0454 -18.1432
1010101 FRAC0_S 0 1 45559.3 -30780.7 8878.5 2.71304e+06 -692603 326714 712.843 23.5689 -6.57491
1010101 FRAC0_S 0 1 45739.7 -30702.3 8623.77 2.77512e+06 -529719 -210375 717.153 19.5075 4.54987
1010101 FRAC0_S 0 1 45854.3 -30555.8 8361.76 2.64035e+06 245341 -914777 737.886 -8.74606 16.8628
1010101 FRAC0_S 0 1 45893.2 -30352.9 8114.21 1.94948e+06 -313812 -889205 452.595 13.2425 19.3755
1010101 FRAC0_S 0 1 45850.5 -30110.3 7901.9 1.3243e+06 -370871 -1.14123e+06 341.755 17.1088 26.0411
1010101 FRAC0_S 0 1 45723.8 -29852.1 7739.03 952663 -283354 -1.42933e+06 359.745 14.0923 32.3385
1010101 FRAC0_S 0 1 45510.9 -29614 7639.02 721143 318101 -1.17086e+06 237.689 -18.7002 32.0606
1010101 FRAC0_S 0 1 45233.5 -29423.8 7628.76 1.84183e+06 693234 -1.53543e+06 658.669 -21.8127 24.7269
1010101 FRAC0_S 0 1 44943.1 -29288 7721.85 1.36704e+06 772524 -1.39035e+06 476.809 -27.2864 25.6028
1010101 FRAC0_S 0 1 44673.7 -29215.8 7895.9 1.99851e+06 702268 -917472 511.811 -24.5357 17.6565
1010101 FRAC0_S 0 1 44440.7 -29218.9 8121.46 2.82168e+06 848318 -387280 793.56 -26.2118 7.14467