
Step FractureNumber TipNr TipActive TipX TipY TipZ KI KII KIII G Phi Psi Extension
1010000 FRAC0_S 0 1 -22142.3 -44079.3 8500 202833 1.39012e+06 103047 177.278 -67.7231 -4.61737
1010000 FRAC0_S 0 1 -22444.3 -44013.9 8500 142927 1.12428e+06 336276 129.495 -63.7481 -14.9065
1010000 FRAC0_S 0 1 -22751.8 -44044.9 8500 138466 1.14407e+06 599460 166.138 -59.2381 -21.4968
1010000 FRAC0_S 0 1 -23034.5 -44169.4 8500 172025 689595 843583 139.66 -45.1688 -30.5111
1010000 FRAC0_S 0 1 -23265 -44375.3 8500 101001 -17554 524216 37.4852 3.77119 -41.664
1010000 FRAC0_S 0 1 -23420.6 -44642.3 8500 113556 -106038 666597 61.2497 15.7497 -40.0002
1010000 FRAC0_S 0 1 -23486.1 -44944.3 8500 126054 -460932 720158 89.3255 40.6634 -32.9567
1010000 FRAC0_S 0 1 -23455 -45251.8 8500 147301 -830638 615377 113.781 53.961 -25.2029
1010000 FRAC0_S 0 1 -23330.5 -45534.6 8500 30845.2 -597243 62653.1 32.3924 68.7174 -6.80342
1010000 FRAC0_S 0 1 -23124.7 -45765.1 8500 75019.1 -845082 129472 66.3701 67.3428 -9.11969
1010000 FRAC0_S 0 1 -22857.7 -45920.7 8500 151732 -1.21609e+06 -73211 134.546 68.2943 3.87758
1010000 FRAC0_S 0 1 -22555.7 -45986.1 8500 107293 -1.07129e+06 -304053 115.59 64.6118 14.608
1010000 FRAC0_S 0 1 -22248.2 -45955.1 8500 111411 -955356 -538681 121.031 58.5223 22.4564
1010000 FRAC0_S 0 1 -21965.5 -45830.6 8500 101950 -695231 -764919 121.816 48.4431 30.2818
1010000 FRAC0_S 0 1 -21735 -45624.7 8500 167400 -553290 -969297 154.735 38.332 33.8814
1010000 FRAC0_S 0 1 -21579.4 -45357.7 8500 139952 90928 -836713 95.5939 -11.4162 40.8615
1010000 FRAC0_S 0 1 -21513.9 -45055.7 8500 114760 348646 -614500 62.2274 -37.9593 33.7418
1010000 FRAC0_S 0 1 -21545 -44748.2 8500 158537 860436 -694560 132.373 -52.6496 26.1945
1010000 FRAC0_S 0 1 -21669.5 -44465.4 8500 167500 1.1104e+06 -465502 141.193 -60.7719 18.4739
1010000 FRAC0_S 0 1 -21875.3 -44234.9 8500 137450 994351 -159852 93.1882 -66.2915 9.14768
Step FractureNumber TipNr TipActive TipX TipY TipZ KI KII KIII G Phi Psi Extension
1010101 FRAC0_S 0 1 -22128.5 -44042.9 8408.42 1.87969e+06 347758 278144 335.912 -18.0826 -8.25205
1010101 FRAC0_S 0 1 -22442.9 -43970.6 8410.54 1.51146e+06 348623 447603 241.05 -19.5523 -13.8875
1010101 FRAC0_S 0 1 -22769.5 -43994.9 8416.95 746479 234352 508049 88.878 -20.302 -22.7734
1010101 FRAC0_S 0 1 -23076.2 -44111.6 8444.7 851592 176890 909837 177.509 -12.1934 -29.3419
1010101 FRAC0_S 0 1 -23335.7 -44320.2 8492.35 328753 -172666 697617 77.0147 18.709 -34.2108
1010101 FRAC0_S 0 1 -23503.8 -44608 8531.51 470345 -256411 938904 142.817 19.8927 -33.4819
1010101 FRAC0_S 0 1 -23560.7 -44937.2 8559.58 864703 -501602 836694 182.157 28.2477 -24.8641
1010101 FRAC0_S 0 1 -23510.1 -45263.1 8580.02 1.36712e+06 -548089 622431 244.843 26.9723 -17.1465
1010101 FRAC0_S 0 1 -23366.1 -45555.5 8589.88 1.82453e+06 -423303 384750 332.296 20.7013 -10.6948
1010101 FRAC0_S 0 1 -23147.9 -45793.4 8592.67 2.24961e+06 -430834 -42828.3 467.749 20.3966 1.21852
1010101 FRAC0_S 0 1 -22871.1 -45956 8592.12 2.19262e+06 -534194 50130.2 454.168 24.341 -1.39732
1010101 FRAC0_S 0 1 -22556.9 -46028.7 8589.72 1.9518e+06 -638230 -465517 404.585 26.1886 11.1175
1010101 FRAC0_S 0 1 -22233.2 -46004.9 8583.93 1.1342e+06 -387139 -519951 163.945 24.0337 17.7268
1010101 FRAC0_S 0 1 -21929 -45883.5 8574.25 1.11691e+06 -635027 -892681 253.083 29.5809 22.5687
1010101 FRAC0_S 0 1 -21672.8 -45672.3 8544.77 610061 -195138 -943184 154.874 14.7535 32.4743
1010101 FRAC0_S 0 1 -21498.9 -45389 8490.23 582278 190027 -1.07215e+06 186.315 -13.6806 34.1897
1010101 FRAC0_S 0 1 -21437 -45063 8444.42 873716 487951 -943420 207.617 -26.4991 26.3959
1010101 FRAC0_S 0 1 -21485.6 -44735 8423.06 1.23818e+06 579414 -685765 229.075 -28.6537 18.8908
1010101 FRAC0_S 0 1 -21608.4 -44578.4 8437.46 1.78248e+06 578924 -510467 347.645 -25.3773 12.8217
1010101 FRAC0_S 0 1 -21939.9 -44223.5 8430.96 2.18789e+06 440262 -203592 449.343 -20.0743 5.43732