
Step FractureNumber TipNr TipActive TipX TipY TipZ KI KII KIII G Phi Psi Extension
1010000 FRAC0_S 0 1 15000 -14017.8 8603.45 -606274 -8.97848e+06 664848 7242.22 68.9234 -4.92068
1010000 FRAC0_S 0 1 15000 -14097.8 8901.92 2.15835e+06 -6.58542e+06 -877648 4382.06 63.0302 6.84043
1010000 FRAC0_S 0 1 15000 -14266.1 9161.05 3.65958e+06 -4.44768e+06 -1.59897e+06 3296.21 49.454 11.9539
1010000 FRAC0_S 0 1 15000 -14506.3 9355.47 5.51119e+06 -4.39585e+06 -3.05819e+06 5672.37 39.4201 16.5623
1010000 FRAC0_S 0 1 15000 -14794.9 9466.15 -345614 -1.20478e+07 1.55939e+06 13257.7 68.6951 -8.30521
1010000 FRAC0_S 0 1 15000 -15103.5 9482.25 5.76733e+06 -530687 -3.4389e+06 4561.94 7.42243 23.4318
1010000 FRAC0_S 0 1 15000 -15401.9 9402.21 6.07165e+06 1.29233e+06 -4.05906e+06 5625.16 -14.9427 23.5497
1010000 FRAC0_S 0 1 15000 -15661 9233.85 -2.01599e+06 -2.42261e+06 519966 558.95 51.6908 -7.81637
1010000 FRAC0_S 0 1 15000 -15855.5 8993.66 3.22747e+06 5.10429e+06 -3.04358e+06 4481.9 -48.7259 18.5072
1010000 FRAC0_S 0 1 15000 -15966.1 8705.15 1.07178e+06 6.8327e+06 -1.90417e+06 4744.78 -63.5564 13.8986
1010000 FRAC0_S 0 1 15000 -15982.2 8396.55 -1.12413e+06 8.76599e+06 -271612 6857.25 -68.6794 2.06128
1010000 FRAC0_S 0 1 15000 -15902.2 8098.08 -2.8476e+06 9.08926e+06 1.56707e+06 7688.41 -62.5187 -8.60716
1010000 FRAC0_S 0 1 15000 -15733.9 7838.95 9.27228e+06 1.95155e+07 1.13151e+07 58627.3 -51.552 -19.3807
1010000 FRAC0_S 0 1 15000 -15493.7 7644.53 -6.12973e+06 5.8185e+06 4.97487e+06 6308.47 -39.86 -20.0778
1010000 FRAC0_S 0 1 15000 -15205.1 7533.85 -1.7605e+07 -9.03236e+06 -2.9943e+06 8462.36 36.1708 7.54497
1010000 FRAC0_S 0 1 15000 -14896.5 7517.75 -7.65727e+06 489506 7.17249e+06 6863.5 -4.40203 -29.2857
1010000 FRAC0_S 0 1 15000 -14598.1 7597.79 -6.98241e+06 -2.73317e+06 6.31351e+06 5967.1 21.8366 -25.6029
1010000 FRAC0_S 0 1 15000 -14339 7766.15 -4.42527e+06 -3.70533e+06 4.00886e+06 3360.87 36.2106 -22.1594
1010000 FRAC0_S 0 1 15000 -14144.5 8006.34 -3.60034e+06 -5.1883e+06 3.14452e+06 3713.8 47.6369 -18.2624
1010000 FRAC0_S 0 1 15000 -14033.9 8294.85 -1.9122e+06 -7.83627e+06 2.23092e+06 6133.94 61.6269 -13.3814
Step FractureNumber TipNr TipActive TipX TipY TipZ KI KII KIII G Phi Psi Extension
1010101 FRAC0_S 0 1 15090.9 -13977.9 8607.49 9.04421e+06 -3.96744e+06 2.32593e+06 9411.17 31.5305 -11.0697
1010101 FRAC0_S 0 1 15086.9 -14056.1 8922.97 1.04737e+07 -1.34883e+06 -1.56178e+06 10261.8 13.3978 8.65225
1010101 FRAC0_S 0 1 15076.2 -14222 9204.15 1.02618e+07 -2.19157e+06 -2.36582e+06 10556.1 19.1733 11.6113
1010101 FRAC0_S 0 1 15074 -14473.1 9408.68 8.2126e+06 1.40485e+06 -4.93396e+06 9423.8 -12.8637 22.6535
1010101 FRAC0_S 0 1 15065.7 -14784 9525.3 1.13504e+07 -7.16994e+06 -683721 16123.3 42.5122 2.7352
1010101 FRAC0_S 0 1 15023.3 -15116.6 9562.52 9.20334e+06 1.95685e+06 -4.23364e+06 10272.8 -16.6655 18.9557
1010101 FRAC0_S 0 1 15010 -15434.6 9482.51 -7.05986e+06 -1.5464e+07 4.82605e+06 24407.1 56.7795 -12.736
1010101 FRAC0_S 0 1 15014 -15705.9 9287.19 5.18367e+06 5.22046e+06 -4.273e+06 7251.34 -40.9402 19.9113
1010101 FRAC0_S 0 1 14959.7 -15905.3 9023.97 -5.24541e+06 -3.69806e+06 -9.69047e+06 13708 25.0272 31.6387
1010101 FRAC0_S 0 1 14913.2 -16011.2 8717.06 8.47627e+06 2.19556e+06 -1.73207e+06 7230.85 -22.5876 10.2484
1010101 FRAC0_S 0 1 14908.9 -16021.7 8392.26 8.7295e+06 3.56275e+06 -30622.4 7921.77 -34.6252 0.193627
1010101 FRAC0_S 0 1 14912.8 -15943.8 8077.33 8.10014e+06 5.97642e+06 2.11076e+06 9622.06 -42.1467 -9.60978
1010101 FRAC0_S 0 1 14922.6 -15777.1 7796.83 2.14507e+06 6.47954e+06 5.94128e+06 8846.01 -48.4261 -26.3251
1010101 FRAC0_S 0 1 14963.2 -15528.5 7581.15 -45215.3 8.14569e+06 6.3573e+06 11287.9 -56.4425 -27.7831
1010101 FRAC0_S 0 1 15011.6 -15220.5 7452.96 -3.66993e+06 -7.08524e+06 9.02096e+06 15296.6 41.173 -28.7135
1010101 FRAC0_S 0 1 15020.2 -14886.1 7427.23 -7.4806e+06 -5.21792e+06 7.03569e+06 9009.81 32.1235 -23.6142
1010101 FRAC0_S 0 1 15031.4 -14563.1 7515.62 -4.15235e+06 -4.93898e+06 7.51965e+06 9694.21 35.4381 -28.5473
1010101 FRAC0_S 0 1 15057.3 -14287.9 7706.56 -102567 -7.6784e+06 6.19636e+06 10360.3 55.7838 -28.0931
1010101 FRAC0_S 0 1 15073.7 -14090.2 7972.05 4.54598e+06 -7.27097e+06 4.28939e+06 8999.58 48.9354 -18.4322
1010101 FRAC0_S 0 1 15085.8 -13987.1 8282.45 9.14588e+06 -5.99701e+06 1.43297e+06 10931.7 41.4883 -6.49643