
Step FractureNumber TipNr TipActive TipX TipY TipZ KI KII KIII G Phi Psi Extension
1010000 FRAC0_S 0 1 29290.4 15686.6 8522.98 -1.56658e+07 5.66865e+06 -3.09857e+06 4140.38 -28.7132 9.36114
1010000 FRAC0_S 0 1 29206.7 15522.3 8770.95 3.53188e+06 4.11186e+06 -5.96361e+06 7348.28 -35.9132 27.8461
1010000 FRAC0_S 0 1 29200.7 15306.9 8992.41 6.03622e+06 3.22101e+06 -3.90004e+06 6194.29 -30.078 20.2211
1010000 FRAC0_S 0 1 29273 15061.5 9165.67 7.38925e+06 2.57803e+06 -2.81691e+06 6513.09 -25.3855 15.5846
1010000 FRAC0_S 0 1 29416.4 14810 9273.77 8.51139e+06 2.42413e+06 -2.50946e+06 7816.67 -22.9664 13.4088
1010000 FRAC0_S 0 1 29616.9 14577.1 9306.12 9.30579e+06 3.30061e+06 -2.00941e+06 9224.51 -28.0457 10.0998
1010000 FRAC0_S 0 1 29854.8 14385.5 9259.56 7.13921e+06 2.50355e+06 -1.39999e+06 5360.99 -28.142 9.35839
1010000 FRAC0_S 0 1 30107.1 14254.2 9138.66 7.68604e+06 8.13063e+06 2.26347e+06 11836.4 -48.8018 -9.24771
1010000 FRAC0_S 0 1 30347.4 14196 8956.52 5.94089e+06 4.63009e+06 2.23228e+06 5718.13 -41.4742 -12.5963
1010000 FRAC0_S 0 1 30556.5 14216.3 8727.25 3.43849e+06 2.94049e+06 4.62607e+06 4670.32 -32.4097 -26.9568
1010000 FRAC0_S 0 1 30709.6 14313.4 8477.02 726460 -894177 6.73785e+06 6156.3 14.1759 -41.4327
1010000 FRAC0_S 0 1 30793.3 14477.7 8229.05 -1.64758e+06 -6.52017e+06 7.94289e+06 12179.2 45.1943 -30.4344
1010000 FRAC0_S 0 1 30799.3 14693.1 8007.59 -5.44454e+06 -1.24549e+07 7.04311e+06 20420.7 52.454 -19.3939
1010000 FRAC0_S 0 1 30727 14938.5 7834.33 -7.93791e+06 -1.58704e+07 3.48478e+06 24059.2 57.7389 -9.42106
1010000 FRAC0_S 0 1 30583.6 15190 7726.23 -9.47416e+06 -1.76425e+07 -474615 27766.3 60.8989 1.33196
1010000 FRAC0_S 0 1 30389.5 15416.8 7693.67 -1.08499e+07 -1.86062e+07 -4.95836e+06 34119 55.2299 10.553
1010000 FRAC0_S 0 1 30145.2 15614.5 7740.44 -9.15745e+06 -1.4052e+07 -7.64513e+06 25369.1 49.2408 17.3008
1010000 FRAC0_S 0 1 29892.9 15745.8 7861.34 -5.80261e+06 -6.71376e+06 -7.11403e+06 10747.6 39.6933 23.9331
1010000 FRAC0_S 0 1 29651.1 15804.1 8044.77 -4.79945e+06 -4.83437e+06 -9.8635e+06 15022 30.4095 31.0139
1010000 FRAC0_S 0 1 29443.5 15783.7 8272.75 1.60672e+07 -4.06045e+06 -5.73052e+06 28840.8 20.2579 15.6652
Step FractureNumber TipNr TipActive TipX TipY TipZ KI KII KIII G Phi Psi Extension
1010101 FRAC0_S 0 1 29212.1 15729.1 8506.82 3.58076e+06 1.04206e+06 -6.54413e+06 6935.13 -12.4547 34.377
1010101 FRAC0_S 0 1 29109.8 15534.6 8762.26 4.31907e+06 -142268 -4.03148e+06 3825.73 2.32557 29.59
1010101 FRAC0_S 0 1 29103.7 15303.4 9005.64 -1.29092e+07 1.02376e+07 2.32847e+06 10060.6 -44.9564 -6.8536
1010101 FRAC0_S 0 1 29183.4 15041.3 9199.69 6.69931e+06 -8.62436e+06 -1.34246e+06 10867 53.7021 6.06881
1010101 FRAC0_S 0 1 29339.7 14768.8 9318.82 9.41939e+06 -2.69307e+06 -2.68806e+06 9513.58 23.1565 13.0778
1010101 FRAC0_S 0 1 29556.8 14514 9351.11 1.25632e+07 -1.39794e+06 -2.28443e+06 14932.9 11.5287 10.3157
1010101 FRAC0_S 0 1 29810.4 14305 9290.86 9.94162e+06 -2.14424e+06 -1.64099e+06 9575.12 20.161 8.85295
1010101 FRAC0_S 0 1 30076 14162.3 9147.45 9.03201e+06 -1.38362e+06 -651180 7496.34 16.4092 4.47532
1010101 FRAC0_S 0 1 30338.1 14098.5 8950.29 8.6822e+06 -230821 1.06336e+06 6872.3 3.20168 -7.93896
1010101 FRAC0_S 0 1 30582.8 14129.2 8723.53 5.56579e+06 737649 -1.20778e+06 3002.95 -13.0738 11.6889
1010101 FRAC0_S 0 1 30780 14263.2 8485.49 2.66018e+06 -151961 5.09884e+06 4090.41 2.66341 -36.5644
1010101 FRAC0_S 0 1 30886.8 14472.9 8246.68 3.198e+06 -4.03656e+06 6.06794e+06 7260.33 36.0366 -28.7133
1010101 FRAC0_S 0 1 30893.3 14718.8 8023.9 7.22432e+06 -8.96778e+06 6.30529e+06 17104.7 44.6835 -19.2687
1010101 FRAC0_S 0 1 30814.7 14983 7847.69 7.43073e+06 -9.14099e+06 2.16646e+06 12990.3 51.6375 -8.57704
1010101 FRAC0_S 0 1 30662.7 15249.3 7735.84 1.20094e+07 -1.22645e+07 -21806.5 26255.6 52.8345 0.0699823
1010101 FRAC0_S 0 1 30451 15494.9 7695.79 1.02614e+07 -1.35719e+07 -3.57334e+06 27495.1 52.1627 9.60881
1010101 FRAC0_S 0 1 30196.3 15698.3 7734.19 6.92363e+06 -1.34105e+07 -7.11869e+06 27037.3 51.6853 18.007
1010101 FRAC0_S 0 1 29920.2 15839.2 7850.65 2.4086e+06 -1.08402e+07 -9.57976e+06 23194 50.6955 26.9206
1010101 FRAC0_S 0 1 29649.4 15901.2 8035.88 864804 -8.55391e+06 -1.4358e+07 34005 41.3065 35.068
1010101 FRAC0_S 0 1 29404.1 15864.2 8262.9 1.80157e+06 -1.25261e+06 -1.34111e+07 24349.9 10.2455 41.6386