
Step FractureNumber TipNr TipActive TipX TipY TipZ KI KII KIII G Phi Psi Extension
1010000 FRAC0_S 0 1 15000 44049 8233.09 2.28919e+06 -15639.7 -160153 470.404 0.885445 4.92845
1010000 FRAC0_S 0 1 15000 44178.1 7952.3 2.58587e+06 158529 46013.6 598.375 -7.72773 -1.27724
1010000 FRAC0_S 0 1 15000 44387.6 7725.12 2.52604e+06 148163 -165204 574.185 -7.11472 4.42654
1010000 FRAC0_S 0 1 15000 44657 7573.79 2.39058e+06 -14822.7 63219.6 509.802 0.838097 -1.97588
1010000 FRAC0_S 0 1 15000 44960 7513.12 3.00441e+06 325772 79400.1 814.643 -12.7374 -1.79852
1010000 FRAC0_S 0 1 15000 45266.9 7549.06 2.56305e+06 166626 78177.9 588.672 -8.06146 -2.14614
1010000 FRAC0_S 0 1 15000 45547.7 7678.08 2.54813e+06 110589 98084 580.956 -5.50347 -2.73338
1010000 FRAC0_S 0 1 15000 45774.9 7887.55 2.79288e+06 85341.8 155263 698.928 -3.88325 -3.90584
1010000 FRAC0_S 0 1 15000 45926.2 8156.97 2.55649e+06 33312.4 105123 583.958 -1.71987 -2.99239
1010000 FRAC0_S 0 1 15000 45986.8 8459.98 2.56069e+06 -2051.62 96387.9 585.543 0.107974 -2.78397
1010000 FRAC0_S 0 1 15000 45951 8766.91 2.87761e+06 -26391.1 126607 740.081 1.21384 -3.20094
1010000 FRAC0_S 0 1 15000 45821.9 9047.7 2.61529e+06 -23712.3 82739.1 610.449 1.21439 -2.34065
1010000 FRAC0_S 0 1 15000 45638.3 9254.46 2.7712e+06 -34931.4 114014 686.164 1.66469 -2.99513
1010000 FRAC0_S 0 1 15000 45343 9426.21 2.67611e+06 -130624 83978.9 640.625 6.1833 -2.23815
1010000 FRAC0_S 0 1 15000 45040 9486.88 2.5237e+06 145357 -144643 572.214 -7.04563 3.92252
1010000 FRAC0_S 0 1 15000 44733.1 9450.94 2.17303e+06 -142082 36210 422.755 8.2041 -1.19336
1010000 FRAC0_S 0 1 15000 44452.3 9321.92 2.68426e+06 -206976 -7925.6 645.886 9.63807 0.212986
1010000 FRAC0_S 0 1 15000 44225.1 9112.45 2.72867e+06 -252218 -51658.1 669.503 11.1597 1.31912
1010000 FRAC0_S 0 1 15000 44073.8 8843.03 2.63946e+06 -285180 -351407 644.48 11.6566 7.987
1010000 FRAC0_S 0 1 15000 44013.2 8540.02 2.69421e+06 -41686.6 -157617 650.289 2.00244 4.15094
Step FractureNumber TipNr TipActive TipX TipY TipZ KI KII KIII G Phi Psi Extension
1010101 FRAC0_S 0 1 14998.2 43955.3 8206.86 2.78319e+06 62025.9 -104803 692.06 -2.91264 2.7294
1010101 FRAC0_S 0 1 14990.6 44097.4 7898.61 2.74521e+06 -25338.8 -48579.8 671.92 1.25269 1.33431
1010101 FRAC0_S 0 1 14990.8 44327.5 7649.02 2.01111e+06 -23173 -43596.2 360.713 1.5526 1.622
1010101 FRAC0_S 0 1 14992.1 44623.2 7483.08 2.96182e+06 79025.6 67277.1 782.863 -3.51432 -1.67289
1010101 FRAC0_S 0 1 14985.9 44956 7417.12 2.65234e+06 -189967 101891 631.477 8.74172 -2.65986
1010101 FRAC0_S 0 1 14985.1 45293.1 7456.32 2.6188e+06 -259624 69267 617.773 11.7877 -1.81468
1010101 FRAC0_S 0 1 14990 45601.6 7597.36 2.81746e+06 -141010 139823 711.733 6.22672 -3.45287
1010101 FRAC0_S 0 1 14993.5 45851.3 7827.23 2.66116e+06 -93400.1 83961.8 632.773 4.53083 -2.27832
1010101 FRAC0_S 0 1 14996.8 46017.6 8123.14 2.3922e+06 461540 116649 530.733 -20.0632 -3.01223
1010101 FRAC0_S 0 1 14999.9 46084.3 8456.03 2.70269e+06 -27173 80791.4 651.842 1.34696 -2.21482
1010101 FRAC0_S 0 1 15001.6 46044.9 8793.26 2.71296e+06 -23317.5 74647.6 656.655 1.15652 -2.04811
1010101 FRAC0_S 0 1 15002.3 45903.1 9101.77 2.72312e+06 -26759 59344.3 661.318 1.32721 -1.63301
1010101 FRAC0_S 0 1 15004.6 45672.9 9351.26 2.74035e+06 15382.4 29714.8 669.312 -0.771005 -0.828339
1010101 FRAC0_S 0 1 15003 45376.8 9517.23 2.74246e+06 -27791.6 75254.8 671.028 1.36068 -2.03977
1010101 FRAC0_S 0 1 15000.1 45044 9583.59 2.9631e+06 -137587 49440.7 784.393 5.98119 -1.21607
1010101 FRAC0_S 0 1 15008.2 44707.1 9543.89 2.94795e+06 83233.7 -15038.5 775.048 -3.77305 0.384265
1010101 FRAC0_S 0 1 15016.7 44399 9401.98 2.91404e+06 274250 6720.53 763.396 -11.5014 -0.163923
1010101 FRAC0_S 0 1 15018.9 44150 9171.88 2.11653e+06 197456 -18626 402.706 -11.3494 0.620729
1010101 FRAC0_S 0 1 15015.8 43983.7 8876.25 2.82743e+06 272839 -71032.4 719.68 -11.5266 1.73053
1010101 FRAC0_S 0 1 15007.1 43916.1 8543.8 2.8118e+06 167567 -105892 708.517 -7.39719 2.63824