
Step FractureNumber TipNr TipActive TipX TipY TipZ KI KII KIII G Phi Psi Extension
1010000 FRAC0_S 0 1 -29708.9 -21994.3 7703.13 4.08597e+07 2.09284e+07 -1.53375e+06 188113 -38.6247 1.86992
1010000 FRAC0_S 0 1 -29955.5 -21824.9 7780.41 4.6626e+07 2.25185e+07 3.07202e+06 240165 -36.8485 -3.25833
1010000 FRAC0_S 0 1 -30206.5 -21721.6 7928.13 3.6704e+07 1.50062e+07 5.29799e+06 143847 -32.0018 -6.96383
1010000 FRAC0_S 0 1 -30437.3 -21694.6 8131.83 3.57919e+07 1.24672e+07 6.64233e+06 133874 -28.182 -8.95389
1010000 FRAC0_S 0 1 -30625.3 -21746.3 8371.57 2.65066e+07 8.06279e+06 5.88279e+06 73004.4 -25.1234 -10.6453
1010000 FRAC0_S 0 1 -30752 -21871.8 8623.88 1.36304e+07 4.52827e+06 3.60855e+06 20114.6 -26.0951 -12.0239
1010000 FRAC0_S 0 1 -30805.2 -22058.9 8864.07 1.45086e+07 4.75528e+06 5.07238e+06 24194.6 -24.6832 -14.8238
1010000 FRAC0_S 0 1 -30779.6 -22289.1 9068.62 1.01077e+07 3.93507e+06 5.2426e+06 14139.3 -25.6518 -18.7652
1010000 FRAC0_S 0 1 -30677.6 -22539.9 9217.5 7.59129e+06 3.06348e+06 5.22956e+06 9608.82 -24.3969 -22.1029
1010000 FRAC0_S 0 1 -30509.3 -22786.8 9296.15 2.39125e+06 917822 5.8768e+06 5177.99 -13.2895 -36.3948
1010000 FRAC0_S 0 1 -30291.1 -23005.7 9296.87 2.86724e+06 -1.22182e+06 5.02449e+06 4223.26 17.5112 -32.9725
1010000 FRAC0_S 0 1 -30044.5 -23175.1 9219.59 8.91671e+06 -5.80186e+06 5.07706e+06 13512.8 35.0193 -17.8343
1010000 FRAC0_S 0 1 -29793.5 -23278.4 9071.87 1.03837e+07 -8.82172e+06 3.49045e+06 18163.1 43.8412 -11.2153
1010000 FRAC0_S 0 1 -29562.7 -23305.4 8868.17 1.9704e+07 -1.27707e+07 421697 49153.3 43.7998 -0.994455
1010000 FRAC0_S 0 1 -29374.7 -23253.7 8628.43 2.34786e+07 -1.22558e+07 -2.94367e+06 63658.7 37.3331 5.74519
1010000 FRAC0_S 0 1 -29248 -23128.2 8376.12 2.76027e+07 -7.01064e+06 -7.8426e+06 80453.6 21.2092 13.2824
1010000 FRAC0_S 0 1 -29194.8 -22941.1 8135.93 4.16753e+07 -2.43317e+06 -8.7644e+06 165513 6.29446 12.0228
1010000 FRAC0_S 0 1 -29220.4 -22710.9 7931.38 3.97455e+07 7.21308e+06 -1.30415e+07 168025 -15.8188 15.3949
1010000 FRAC0_S 0 1 -29322.4 -22460.1 7782.5 3.20526e+07 1.12924e+07 -7.75705e+06 110915 -27.5186 11.0797
1010000 FRAC0_S 0 1 -29490.7 -22213.2 7703.85 4.14586e+07 1.91618e+07 -6.1964e+06 190989 -34.3923 6.9497
Step FractureNumber TipNr TipActive TipX TipY TipZ KI KII KIII G Phi Psi Extension
1010101 FRAC0_S 0 1 -29720.6 -21989.5 7605.58 4.12173e+07 -3.74323e+06 -1.41618e+06 152902 10.8439 2.35106
1010101 FRAC0_S 0 1 -29986.3 -21804.9 7689.26 4.55562e+07 -4.39841e+06 3.0261e+06 187878 11.1402 -4.34747
1010101 FRAC0_S 0 1 -30252.4 -21688.1 7848.08 4.55435e+07 -6.01759e+06 5.88745e+06 192670 13.8966 -7.64702
1010101 FRAC0_S 0 1 -30503 -21652.1 8072.78 2.70808e+07 -4.11644e+06 4.97489e+06 70152.2 15.0256 -10.1034
1010101 FRAC0_S 0 1 -30706.2 -21704.9 8334.87 2.8399e+07 -4.68049e+06 6.40177e+06 79270.3 15.6132 -11.7798
1010101 FRAC0_S 0 1 -30843.9 -21840.7 8610.09 2.17457e+07 -1.60858e+06 5.53143e+06 46437.9 7.57921 -13.7264
1010101 FRAC0_S 0 1 -30901.8 -22044.1 8871.95 1.48251e+07 -1.11034e+06 4.91815e+06 22911.9 7.25577 -16.5602
1010101 FRAC0_S 0 1 -30873.8 -22294.7 9094.98 9.92095e+06 153755 4.99736e+06 12094.3 -1.4209 -22.2342
1010101 FRAC0_S 0 1 -30760.7 -22565.5 9261.67 6.68267e+06 -263642 5.99814e+06 8770.7 2.82237 -29.0576
1010101 FRAC0_S 0 1 -30565.3 -22822.4 9362.9 5.23041e+06 -405017 6.34196e+06 7801.73 4.65408 -32.0485
1010101 FRAC0_S 0 1 -30305.1 -23037.6 9383.53 2.08038e+06 -332299 4.71974e+06 3358.21 6.37065 -37.1647
1010101 FRAC0_S 0 1 -30018.7 -23198.6 9310 8.86331e+06 -2.26541e+06 5.03512e+06 10829.5 18.2464 -21.0952
1010101 FRAC0_S 0 1 -29740.6 -23297.2 9152.66 1.42714e+07 -1.71065e+06 2.79941e+06 19452.3 12.1708 -10.8929
1010101 FRAC0_S 0 1 -29491.7 -23325.6 8933.38 1.84444e+07 988086 -567691 30444.7 -6.7457 2.18739
1010101 FRAC0_S 0 1 -29291.1 -23280.9 8670.12 2.32358e+07 2.45028e+06 -3.52295e+06 50296.3 -11.2517 8.92766
1010101 FRAC0_S 0 1 -29158.9 -23163.3 8384.47 3.04739e+07 2.93694e+06 -7.43331e+06 90870.3 -9.7049 13.1024
1010101 FRAC0_S 0 1 -29113.1 -22976.8 8102.79 2.40773e+07 1.80874e+06 -6.99697e+06 58461.3 -7.48895 15.103
1010101 FRAC0_S 0 1 -29160 -22744.4 7865.48 4.23732e+07 -690314 -1.09142e+07 175882 1.77899 14.4223
1010101 FRAC0_S 0 1 -29287.8 -22482.9 7694.39 4.80663e+07 -3.63012e+06 -9.73922e+06 219667 8.02796 11.5358
1010101 FRAC0_S 0 1 -29480.5 -22222.2 7606.74 4.85471e+07 -6.22287e+06 -5.96361e+06 218197 13.6098 7.34087