
Step FractureNumber TipNr TipActive TipX TipY TipZ KI KII KIII G Phi Psi Extension
1010000 FRAC0_S 0 1 -44019.9 44878.3 8500 49859.5 48868.8 29047.6 0.546553 -43.3049 -16.0265
1010000 FRAC0_S 0 1 -44030.2 45187.1 8500 44538.7 31531.9 52453.5 0.631297 -30.134 -26.3369
1010000 FRAC0_S 0 1 -44135.4 45477.6 8500 41746.7 12896.9 35557.2 0.338275 -18.5862 -25.6196
1010000 FRAC0_S 0 1 -44325.3 45721.4 8500 53411.9 -21513.3 44856.2 0.563064 22.8866 -24.5819
1010000 FRAC0_S 0 1 -44581.3 45894.6 8500 22766.7 166061 6887.02 2.50981 -68.393 -2.70389
1010000 FRAC0_S 0 1 -44878.3 45980.1 8500 48320.4 -39573.5 32540.1 0.488439 38.4447 -18.6657
1010000 FRAC0_S 0 1 -45187.1 45969.8 8500 12405.8 176573 89095.7 3.84774 -60.6735 -21.6037
1010000 FRAC0_S 0 1 -45477.6 45864.6 8500 46911.5 -59157.1 10977.5 0.523977 52.8771 -7.02515
1010000 FRAC0_S 0 1 -45721.4 45674.7 8500 52398.9 -59775.7 3692.59 0.56488 53.5952 -2.45228
1010000 FRAC0_S 0 1 -45894.6 45418.7 8500 47231.3 -56368.2 -15885.9 0.515486 50.4672 9.78699
1010000 FRAC0_S 0 1 -45980.1 45121.7 8500 48121.7 -48562.9 -26866.3 0.512503 44.2137 15.4008
1010000 FRAC0_S 0 1 -45969.8 44812.9 8500 53524.5 -33442.7 -30801.8 0.481134 34.1109 18.1431
1010000 FRAC0_S 0 1 -45864.6 44522.4 8500 51784.6 -32206.3 -35272.1 0.496858 32.7015 20.1821
1010000 FRAC0_S 0 1 -45674.7 44278.6 8500 42005.2 731.611 -34883.4 0.319118 -1.31335 28.3891
1010000 FRAC0_S 0 1 -45418.7 44105.4 8500 47609.9 18847.3 -38766.9 0.433522 -22.8304 24.2577
1010000 FRAC0_S 0 1 -45121.7 44019.9 8500 43902.8 35216.8 -30552.3 0.406419 -37.7376 19.1682
1010000 FRAC0_S 0 1 -44812.9 44030.2 8500 41392.6 -33654.3 -48255.6 0.563308 32.997 25.4717
1010000 FRAC0_S 0 1 -44522.4 44135.4 8500 50360.8 67679.7 -11174.5 0.650781 -54.1247 6.49861
1010000 FRAC0_S 0 1 -44278.6 44325.3 8500 48619.5 68229 656.116 0.625525 -57.6902 -0.434503
1010000 FRAC0_S 0 1 -44105.4 44581.3 8500 50299.2 64269.6 17381.3 0.633706 -51.5836 -9.70205
Step FractureNumber TipNr TipActive TipX TipY TipZ KI KII KIII G Phi Psi Extension
1010101 FRAC0_S 0 1 -43998.6 44882.4 8487.45 75190.6 37002.5 -24971.2 0.708737 -32.6733 13.1064
1010101 FRAC0_S 0 1 -43987.8 45195.3 8474.9 86350.1 58004.2 -4358.02 0.96677 -43.9567 2.25745
1010101 FRAC0_S 0 1 -44114.3 45481.7 8487.45 39929.9 39085.3 64843.1 0.837422 -32.8698 -28.4534
1010101 FRAC0_S 0 1 -44321.4 45729.7 8476.76 63841.2 -4947.33 -8855.9 0.375797 8.6363 8.46715
1010101 FRAC0_S 0 1 -44573.5 45911.2 8453.51 194343 29392 -33929 3.5957 -15.0591 9.69877
1010101 FRAC0_S 0 1 -44876.7 46000.5 8454.96 227742 54327.5 27490.2 4.98533 -22.4139 -6.66649
1010101 FRAC0_S 0 1 -45191.7 45993.8 8456.41 256346 86098.8 76929.3 7.30341 -25.792 -13.1977
1010101 FRAC0_S 0 1 -45479.9 45876.6 8478.21 54688.1 23872.4 85792.3 1.29622 -18.8583 -31.7241
1010101 FRAC0_S 0 1 -45721.4 45674.7 8500 77157.5 -246440 -189725 10.7298 51.0784 24.321
1010101 FRAC0_S 0 1 -45894.6 45418.7 8500 49110.6 -60983.2 2895.65 0.547431 55.1703 -1.97728
1010101 FRAC0_S 0 1 -45980.1 45121.7 8500 50406.4 -54484.3 -12414.1 0.511435 49.9244 7.88498
1010101 FRAC0_S 0 1 -45969.8 44812.9 8500 49618.1 -60224.8 -17064.6 0.581319 50.6737 9.89159
1010101 FRAC0_S 0 1 -45864.6 44522.4 8500 49058.3 9058.04 -58834.6 0.682155 -10.4233 30.8879
1010101 FRAC0_S 0 1 -45674.7 44278.6 8500 25695.7 -207375 48968.4 4.20989 65.0943 -12.5478
1010101 FRAC0_S 0 1 -45418.7 44105.4 8500 49883.5 9449.22 -39663.7 0.438931 -12.7253 25.9539
1010101 FRAC0_S 0 1 -45121.7 44019.9 8500 38714.2 24070.5 -28737.9 0.295027 -31.9782 21.2382
1010101 FRAC0_S 0 1 -44812.9 44030.2 8500 54428.3 56753.1 -27217.7 0.649525 -45.6386 14.0633
1010101 FRAC0_S 0 1 -44522.4 44135.4 8500 54335.1 59591.8 -18512.1 0.625104 -48.8217 10.2579
1010101 FRAC0_S 0 1 -44278.6 44325.3 8500 51025 57822.3 -9275.49 0.541377 -51.758 5.9214
1010101 FRAC0_S 0 1 -44105.4 44581.3 8500 42884.2 46670.6 -4082.37 0.360189 -52.3892 3.3379