
Step FractureNumber TipNr TipActive TipX TipY TipZ KI KII KIII G Phi Psi Extension
1010000 FRAC0_S 0 1 -15000 -44020.2 8624.9 -3.5929e+06 -2.50818e+06 101659 561.962 45.1654 -1.26951
1010000 FRAC0_S 0 1 -15000 -44106.8 8921.55 -3.49196e+06 -2.24293e+06 -355050 465.055 42.0669 4.43532
1010000 FRAC0_S 0 1 -15000 -44280.8 9176.94 -3.54814e+06 -1.96951e+06 -838799 439.233 36.658 9.71826
1010000 FRAC0_S 0 1 -15000 -44525.1 9366.05 -3.75079e+06 -1.50179e+06 -1.268e+06 414.815 28.531 13.9201
1010000 FRAC0_S 0 1 -15000 -44816 9470.4 -3.05331e+06 -674647 -1.24069e+06 245.287 17.7188 17.4193
1010000 FRAC0_S 0 1 -15000 -45124.9 9479.76 -2.9613e+06 -71876.1 -1.30205e+06 225.941 2.3019 20.4499
1010000 FRAC0_S 0 1 -15000 -45421.5 9393.21 -4.05355e+06 807066 -1.75897e+06 469.543 -16.0284 18.3963
1010000 FRAC0_S 0 1 -15000 -45676.9 9219.22 -2.99681e+06 504493 -697068 87.305 -15.8122 12.0409
1010000 FRAC0_S 0 1 -15000 -45866 8974.84 -3.27565e+06 1.5722e+06 -921776 333.27 -32.9516 11.6192
1010000 FRAC0_S 0 1 -15000 -45970.4 8683.98 -3.38521e+06 2.00089e+06 -663227 415.261 -38.6485 8.15498
1010000 FRAC0_S 0 1 -15000 -45979.8 8375.1 -3.16891e+06 2.00015e+06 -214164 362.594 -42.3538 3.05089
1010000 FRAC0_S 0 1 -15000 -45893.2 8078.45 -3.06464e+06 1.92601e+06 174118 334.587 -42.4733 -2.59208
1010000 FRAC0_S 0 1 -15000 -45719.2 7823.06 -3.41517e+06 2.03768e+06 562033 412.011 -39.3946 -7.00022
1010000 FRAC0_S 0 1 -15000 -45474.9 7633.95 -3.42119e+06 1.54484e+06 932939 328.424 -31.8629 -11.5105
1010000 FRAC0_S 0 1 -15000 -45184 7529.6 -2.21378e+06 752048 825785 141.094 -25.0145 -15.4225
1010000 FRAC0_S 0 1 -15000 -44875.1 7520.24 -3.0285e+06 444282 1.28589e+06 237.505 -12.4606 -18.6675
1010000 FRAC0_S 0 1 -15000 -44578.5 7606.79 -2.98721e+06 -599564 1.82524e+06 475.122 14.6506 -22.5526
1010000 FRAC0_S 0 1 -15000 -44323.1 7780.78 -3.02245e+06 -738462 1.10234e+06 210.209 19.6444 -15.9846
1010000 FRAC0_S 0 1 -15000 -44134 8025.16 -3.28888e+06 -1.52231e+06 1.03416e+06 348.747 31.7126 -12.7668
1010000 FRAC0_S 0 1 -15000 -44029.6 8316.02 -3.04385e+06 -609252 440221 58.8513 19.2869 -8.00692
Step FractureNumber TipNr TipActive TipX TipY TipZ KI KII KIII G Phi Psi Extension
1010101 FRAC0_S 0 1 -14939.5 -43945.3 8632.88 -1.26428e+06 -2.5823e+06 143708 596.955 61.2846 -2.76632
1010101 FRAC0_S 0 1 -14933.8 -44041.1 8953.36 -943780 -2.5175e+06 -86296.5 565.753 64.0984 1.87786
1010101 FRAC0_S 0 1 -14941.4 -44224.3 9231.61 -1.63984e+06 -3.04102e+06 -603277 872.477 57.386 8.47495
1010101 FRAC0_S 0 1 -14953.6 -44485 9441.72 -2.36158e+06 -2.6867e+06 -1.11015e+06 807.14 47.7541 12.9884
1010101 FRAC0_S 0 1 -14971.8 -44799.7 9561.24 -2.9417e+06 -1.75159e+06 -1.36501e+06 521.208 34.6257 15.8991
1010101 FRAC0_S 0 1 -14997.3 -45137 9574.44 -3.50435e+06 -241611 -1.59435e+06 343.281 6.19072 20.3455
1010101 FRAC0_S 0 1 -15019.6 -45461.7 9478.97 -3.0836e+06 1.27418e+06 -1.39755e+06 404.44 -27.5637 16.9947
1010101 FRAC0_S 0 1 -15034.1 -45738.5 9286.08 -2.78852e+06 2.00327e+06 -1.17588e+06 541.505 -39.1082 14.088
1010101 FRAC0_S 0 1 -15049.6 -45938.5 9016.17 -1.95722e+06 2.74561e+06 -869845 772.375 -51.9847 11.3711
1010101 FRAC0_S 0 1 -15061.7 -46045.5 8699 -1.11137e+06 2.03792e+06 -281290 380.609 -58.4641 6.17373
1010101 FRAC0_S 0 1 -15066.1 -46052.3 8366.19 -946310 1.93912e+06 -174136 339.102 -60.6123 4.33249
1010101 FRAC0_S 0 1 -15066.4 -45958.9 8047.14 -1.05022e+06 2.60716e+06 83310.5 606.63 -63.5722 -1.7208
1010101 FRAC0_S 0 1 -15061.8 -45774.2 7770.1 -1.35133e+06 3.02199e+06 487291 845.37 -59.9839 -7.48808
1010101 FRAC0_S 0 1 -15052.8 -45513.5 7561.2 -1.62189e+06 2.22707e+06 615037 492.281 -52.4226 -10.1202
1010101 FRAC0_S 0 1 -15039.7 -45199.5 7442.25 -2.18418e+06 2.27756e+06 929368 577.114 -46.6518 -12.4657
1010101 FRAC0_S 0 1 -15015 -44862.8 7427.68 -2.59765e+06 940579 1.28036e+06 296.863 -24.6606 -18.3957
1010101 FRAC0_S 0 1 -14984.3 -44538.6 7521.69 -2.74055e+06 -672730 1.30782e+06 267.812 18.5279 -19.0749
1010101 FRAC0_S 0 1 -14963.7 -44261.8 7714.38 -2.40864e+06 -1.77969e+06 1.16539e+06 462.868 38.8038 -15.4152
1010101 FRAC0_S 0 1 -14957.1 -44057.4 7983.17 -2.33206e+06 -2.48824e+06 844715 646.609 47.9875 -10.8969
1010101 FRAC0_S 0 1 -14952.6 -43947.1 8299.24 -1.90385e+06 -2.78829e+06 550732 733.13 54.6568 -7.8293