
Step FractureNumber TipNr TipActive TipX TipY TipZ KI KII KIII G Phi Psi Extension
1010000 FRAC0_S 0 1 -30000 29254 7852.75 -2.06755e+06 4.05789e+06 -2.03651e+06 2018.93 -52.3015 17.4075
1010000 FRAC0_S 0 1 -30000 29487.6 7655.6 -1.76976e+06 4.3571e+06 -873572 1793.19 -60.0195 9.21961
1010000 FRAC0_S 0 1 -30000 29773.6 7538.6 -1.7281e+06 4.35457e+06 141682 1692.4 -63.6833 -1.75837
1010000 FRAC0_S 0 1 -30000 30081.8 7515.7 -1.67485e+06 3.79108e+06 941266 1398.55 -58.3299 -10.7466
1010000 FRAC0_S 0 1 -30000 30382 7589.16 -2.00186e+06 3.32693e+06 1.54534e+06 1303.92 -51.3605 -15.8671
1010000 FRAC0_S 0 1 -30000 30644.7 7751.78 -1.81824e+06 1.96532e+06 1.45366e+06 625.233 -42.679 -19.1076
1010000 FRAC0_S 0 1 -30000 30844.5 7987.64 -3.01344e+06 2.13303e+06 2.32051e+06 1121.61 -34.2805 -21.053
1010000 FRAC0_S 0 1 -30000 30961.5 8273.65 -3.524e+06 2.5303e+06 2.04586e+06 1127.19 -36.9022 -17.5953
1010000 FRAC0_S 0 1 -30000 30984.3 8581.81 -4.03903e+06 696704 2.60229e+06 943.917 -12.6612 -23.511
1010000 FRAC0_S 0 1 -30000 30910.8 8881.97 -3.93432e+06 -19539.2 2.33552e+06 725.501 0.434262 -24.4142
1010000 FRAC0_S 0 1 -30000 30748.2 9144.74 -4.38359e+06 -1.03053e+06 2.57978e+06 979.782 16.8848 -21.7352
1010000 FRAC0_S 0 1 -30000 30512.4 9344.4 -5.92939e+06 -1.88807e+06 2.7891e+06 1352.28 22.7033 -18.229
1010000 FRAC0_S 0 1 -30000 30226.4 9461.4 -5.60586e+06 -2.90658e+06 1.44897e+06 1032.05 34.8901 -10.6475
1010000 FRAC0_S 0 1 -30000 29918.2 9484.3 -6.72157e+06 -3.93886e+06 1.81727e+06 1821.74 37.2187 -10.6601
1010000 FRAC0_S 0 1 -30000 29618 9410.84 -7.02813e+06 -3.46896e+06 116423 1074.12 38.2802 -0.851635
1010000 FRAC0_S 0 1 -30000 29355.3 9248.22 -6.43299e+06 -5.18785e+06 -587223 2444.15 46.8524 3.67554
1010000 FRAC0_S 0 1 -30000 29155.5 9012.36 -5.8675e+06 -4.36208e+06 -1.99898e+06 2227.02 41.0327 11.8687
1010000 FRAC0_S 0 1 -30000 29038.5 8726.35 -5.28651e+06 -2.69606e+06 -3.28893e+06 2086.39 29.482 19.9501
1010000 FRAC0_S 0 1 -30000 29015.7 8418.19 -4.40492e+06 -1.44079e+06 -3.43122e+06 1750.83 20.0548 24.3351
1010000 FRAC0_S 0 1 -30000 29089.2 8118.03 -2.97576e+06 2.12289e+06 -3.04291e+06 1633.08 -31.7453 24.5428
Step FractureNumber TipNr TipActive TipX TipY TipZ KI KII KIII G Phi Psi Extension
1010101 FRAC0_S 0 1 -30074.4 29202.5 7816.39 2.62924e+06 3.39346e+06 -1.24197e+06 1847.31 -50.1226 12.3704
1010101 FRAC0_S 0 1 -30085.5 29460.5 7613.47 4.38523e+06 3.41001e+06 120407 2751.72 -47.3203 -1.17884
1010101 FRAC0_S 0 1 -30087.8 29763.2 7493.26 2.88782e+06 2.15612e+06 768333 1235.91 -42.3016 -9.73429
1010101 FRAC0_S 0 1 -30084.5 30087.5 7464.36 2.21905e+06 2.10893e+06 1.20986e+06 1029.8 -43.1633 -15.4657
1010101 FRAC0_S 0 1 -30077.3 30407.1 7533.36 1.3484e+06 2.44402e+06 1.65734e+06 1059.61 -48.7066 -20.6688
1010101 FRAC0_S 0 1 -30067.5 30692.4 7698.82 573304 2.40803e+06 1.57229e+06 874.79 -54.459 -22.9978
1010101 FRAC0_S 0 1 -30060.2 30911.2 7947.7 -648816 3.19068e+06 1.82779e+06 1351.51 -56.6321 -21.7237
1010101 FRAC0_S 0 1 -30049.6 31042.3 8255.79 -1.69308e+06 3.03295e+06 2.25055e+06 1493.35 -47.6331 -21.7277
1010101 FRAC0_S 0 1 -30025.8 31075.5 8590.95 -3.22381e+06 2.29487e+06 3.06397e+06 1717.88 -32.4292 -23.6399
1010101 FRAC0_S 0 1 -29997.9 30999.4 8918.95 -4.45805e+06 36293.3 3.14143e+06 1312.64 -0.663848 -26.5044
1010101 FRAC0_S 0 1 -29973.1 30788.7 9240.32 -5.15659e+06 -2.18751e+06 3.41036e+06 1973.28 25.5806 -21.4162
1010101 FRAC0_S 0 1 -29959.1 30559.1 9419.42 -4.59984e+06 -3.95473e+06 3.08835e+06 2662.22 39.4773 -18.3681
1010101 FRAC0_S 0 1 -29946.6 30246 9540.88 -3.55452e+06 -5.91986e+06 2.8846e+06 4229.51 50.9986 -16.4076
1010101 FRAC0_S 0 1 -29940 29912 9562.03 -2.58742e+06 -7.0154e+06 1.9525e+06 4892.66 59.1949 -12.2375
1010101 FRAC0_S 0 1 -29935.7 29590 9479.82 -1.69282e+06 -7.64851e+06 1.00098e+06 5346.18 65.2511 -7.24011
1010101 FRAC0_S 0 1 -29931.6 29309.2 9302.01 -945159 -7.65969e+06 -322865 5242.02 68.5879 2.77766
1010101 FRAC0_S 0 1 -29936.7 29091 9049.86 -1.32497e+06 -7.05887e+06 -1.91077e+06 4925.73 63.0845 13.3406
1010101 FRAC0_S 0 1 -29950.4 28956.7 8744.16 -2.86666e+06 -5.40472e+06 -2.95794e+06 3766.67 51.1668 18.2564
1010101 FRAC0_S 0 1 -29983.7 28928.1 8411.06 -2.68303e+06 -888007 -3.64017e+06 1832.63 16.1785 30.9649
1010101 FRAC0_S 0 1 -30037.6 29014.9 8089.65 -392181 2.01925e+06 -2.96772e+06 1534.71 -42.6899 32.9886