
Step FractureNumber TipNr TipActive TipX TipY TipZ KI KII KIII G Phi Psi Extension
1010000 FRAC0_S 0 1 44337.7 -29270.4 8432.65 -1.68373e+06 2.91748e+06 -1.04854e+06 904.702 -53.6285 13.3395
1010000 FRAC0_S 0 1 44227.9 -29412.2 8684.28 -1.67247e+06 3.42072e+06 -400690 1064.06 -60.032 5.51331
1010000 FRAC0_S 0 1 44193.7 -29611.7 8917.88 -1.6664e+06 3.38627e+06 326314 1035.97 -60.393 -4.6104
1010000 FRAC0_S 0 1 44238.4 -29849 9110.57 -1.62823e+06 3.09639e+06 1.02468e+06 994.002 -55.0956 -12.8535
1010000 FRAC0_S 0 1 44357.7 -30101.2 9243.49 -1.66666e+06 2.58293e+06 1.68359e+06 971.485 -47.6809 -19.476
1010000 FRAC0_S 0 1 44539.9 -30343.5 9303.63 -1.64763e+06 1.58065e+06 2.04866e+06 780.839 -35.6549 -25.308
1010000 FRAC0_S 0 1 44767.1 -30552.1 9285.1 -1.74737e+06 611576 2.48181e+06 852.525 -16.5702 -31.3158
1010000 FRAC0_S 0 1 45017 -30706.8 9189.73 -1.24339e+06 -357517 1.64908e+06 373.079 14.5537 -31.0817
1010000 FRAC0_S 0 1 45265.3 -30792.2 9026.84 -1.74487e+06 -1.54523e+06 2.10604e+06 802.682 34.3501 -25.4157
1010000 FRAC0_S 0 1 45487.7 -30800.1 8812.38 -1.87947e+06 -2.63535e+06 1.79319e+06 1046.54 46.2712 -19.5065
1010000 FRAC0_S 0 1 45662.3 -30729.6 8567.35 -1.33599e+06 -2.31123e+06 836118 568.984 53.5692 -13.3988
1010000 FRAC0_S 0 1 45772.1 -30587.8 8315.72 -1.74247e+06 -3.41844e+06 374181 1059.94 59.7636 -5.12211
1010000 FRAC0_S 0 1 45806.3 -30388.3 8082.12 -1.7549e+06 -3.44449e+06 -355716 1074.07 59.8951 4.85935
1010000 FRAC0_S 0 1 45761.6 -30151 7889.43 -1.79746e+06 -3.23431e+06 -1.0637e+06 1082.64 54.5771 12.6065
1010000 FRAC0_S 0 1 45642.3 -29898.8 7756.51 -1.92527e+06 -2.83567e+06 -1.87221e+06 1182.72 47.057 19.3866
1010000 FRAC0_S 0 1 45460.1 -29656.5 7696.37 -1.75697e+06 -1.64307e+06 -2.15032e+06 855.541 35.3098 25.2656
1010000 FRAC0_S 0 1 45232.9 -29447.9 7714.9 -1.94829e+06 -639003 -2.65211e+06 971.869 16.0333 31.0271
1010000 FRAC0_S 0 1 44983 -29293.2 7810.27 -1.2524e+06 373196 -1.71276e+06 402.573 -14.7759 31.3319
1010000 FRAC0_S 0 1 44734.7 -29207.8 7973.16 -1.73247e+06 1.59653e+06 -2.15065e+06 842.296 -34.8477 25.5301
1010000 FRAC0_S 0 1 44512.3 -29199.9 8187.62 -1.69153e+06 2.42224e+06 -1.67928e+06 897.891 -46.2998 19.8375
Step FractureNumber TipNr TipActive TipX TipY TipZ KI KII KIII G Phi Psi Extension
1010101 FRAC0_S 0 1 44253.4 -29273.2 8381.32 2.39421e+06 3.00764e+06 -1.06333e+06 1467.26 -49.9797 11.936
1010101 FRAC0_S 0 1 44139.2 -29430.8 8643.98 1.38091e+06 1.50899e+06 -125940 374.943 -52.5249 3.1997
1010101 FRAC0_S 0 1 44103.3 -29641.7 8890.06 2.58153e+06 2.1895e+06 505364 1055.01 -46.041 -7.16798
1010101 FRAC0_S 0 1 44148.4 -29888.4 9099.24 1.89346e+06 2.18646e+06 912873 856.311 -47.8849 -13.1582
1010101 FRAC0_S 0 1 44273.8 -30151.2 9252.59 693957 1.68425e+06 1.00908e+06 431.117 -52.3053 -20.3078
1010101 FRAC0_S 0 1 44472.7 -30404.4 9336.78 -31957.3 1.95337e+06 1.92347e+06 832.078 -52.4816 -30.3918
1010101 FRAC0_S 0 1 44733.7 -30616.3 9343.61 -1.08749e+06 1.21652e+06 2.4712e+06 944.085 -31.123 -31.5277
1010101 FRAC0_S 0 1 45029 -30760 9264.87 -990005 -739715 2.35878e+06 788.752 23.0382 -34.0166
1010101 FRAC0_S 0 1 45315.8 -30826.3 9101.58 -126649 -1.5156e+06 1.47624e+06 494.532 51.5066 -29.5289
1010101 FRAC0_S 0 1 45560.9 -30815 8875.96 915257 -2.4918e+06 1.53226e+06 940.197 52.8123 -21.0212
1010101 FRAC0_S 0 1 45746.7 -30727 8618.61 1.98785e+06 -2.45934e+06 671563 951.071 51.1053 -9.66533
1010101 FRAC0_S 0 1 45860.9 -30569.7 8355.76 2.60928e+06 -2.64955e+06 119257 1234.14 51.9822 -1.71339
1010101 FRAC0_S 0 1 45896.9 -30358.7 8109.41 1.78145e+06 -2.39489e+06 -348659 810.053 54.4881 5.81412
1010101 FRAC0_S 0 1 45851.8 -30112 7899.97 1.51782e+06 -2.55234e+06 -940171 903.353 53.1529 13.4745
1010101 FRAC0_S 0 1 45726.4 -29849.2 7746.55 775060 -2.39909e+06 -1.47039e+06 853.967 53.6386 21.3862
1010101 FRAC0_S 0 1 45527.1 -29595.9 7662.5 -115475 -2.00331e+06 -1.99683e+06 887.935 51.5609 30.076
1010101 FRAC0_S 0 1 45266 -29384 7655.85 -896238 -725515 -2.74051e+06 1045.79 21.348 35.9778
1010101 FRAC0_S 0 1 44970.7 -29240.4 7734.84 -790438 1.08404e+06 -2.71061e+06 1081.92 -29.187 34.5787
1010101 FRAC0_S 0 1 44684.1 -29174.3 7898.31 2310.35 2.07557e+06 -2.11715e+06 980.039 -52.1319 30.9599
1010101 FRAC0_S 0 1 44439.1 -29185.3 8124 1.03093e+06 2.44451e+06 -1.56006e+06 950.889 -51.4671 20.9979