
Step FractureNumber TipNr TipActive TipX TipY TipZ KI KII KIII G Phi Psi Extension
1010000 FRAC0_S 0 1 -15000 29248.7 7858.8 -1.39338e+07 2.86462e+06 -3.01469e+07 121606 -8.28221 36.4806
1010000 FRAC0_S 0 1 -15000 29487.6 7655.6 -855299 2.88908e+06 -5.5545e+06 4847.15 -36.7397 34.8172
1010000 FRAC0_S 0 1 -15000 29773.6 7538.6 -1.7826e+06 4.9528e+06 -5.86716e+06 6764.22 -44.2085 29.1607
1010000 FRAC0_S 0 1 -15000 30081.8 7515.7 -2.25635e+06 6.39393e+06 -4.8269e+06 6741.79 -50.6641 23.7029
1010000 FRAC0_S 0 1 -15000 30382 7589.16 -3.12368e+06 8.57777e+06 -3.65949e+06 8337.67 -56.3502 16.7093
1010000 FRAC0_S 0 1 -15000 30644.7 7751.78 -1.72465e+06 -1.79866e+07 -1.7055e+07 67515.1 51.7369 29.0814
1010000 FRAC0_S 0 1 -15000 30844.5 7987.64 -1.12787e+06 4.2444e+06 1.70282e+06 1990.96 -58.7948 -16.8613
1010000 FRAC0_S 0 1 -15000 30961.5 8273.65 1.40485e+06 -927199 3.86398e+06 2238.21 19.3826 -35.8087
1010000 FRAC0_S 0 1 -15000 30984.3 8581.81 2.27666e+06 -6.17394e+06 3.18473e+06 5207.48 54.5778 -18.8773
1010000 FRAC0_S 0 1 -15000 30910.8 8881.97 8.24961e+06 -2.93257e+07 1.20823e+07 102114 58.265 -17.0247
1010000 FRAC0_S 0 1 -15000 30748.2 9144.74 -8.35512e+06 7.54575e+06 9.14321e+06 16192.3 -35.8272 -24.0781
1010000 FRAC0_S 0 1 -15000 30512.4 9344.4 5.92518e+06 -1.28452e+07 -7.20678e+06 24739.4 52.1116 19.0994
1010000 FRAC0_S 0 1 -15000 30226.4 9461.4 1.39543e+07 1.84508e+07 -2.5341e+07 133096 -37.5859 27.8741
1010000 FRAC0_S 0 1 -15000 29918.2 9484.3 5.90282e+06 -4.50792e+06 -1.22016e+07 24716.5 25.128 32.4802
1010000 FRAC0_S 0 1 -15000 29618 9410.84 3.55394e+06 307990 -8.99535e+06 11895.8 -3.31346 38.4183
1010000 FRAC0_S 0 1 -15000 29355.3 9248.22 3.81039e+06 3.77185e+06 -1.00581e+07 16016.7 -26.7344 33.7454
1010000 FRAC0_S 0 1 -15000 29155.5 9012.36 3.0834e+06 5.63265e+06 -8.1754e+06 12563.7 -38.9009 30.0214
1010000 FRAC0_S 0 1 -15000 29038.5 8726.35 1.61618e+07 2.90636e+07 -2.2698e+07 167068 -47.0881 22.3802
1010000 FRAC0_S 0 1 -15000 29015.7 8418.19 -1.02652e+07 -1.55149e+07 -1.84476e+07 66711.8 40.4974 26.793
1010000 FRAC0_S 0 1 -15000 29089.2 8118.03 678187 3.05105e+06 -4.6752e+06 3777.55 -41.5988 33.178
Step FractureNumber TipNr TipActive TipX TipY TipZ KI KII KIII G Phi Psi Extension
1010101 FRAC0_S 0 1 -15038.8 29186.7 7798.6 -2.81398e+07 -1.44973e+07 -2.07477e+07 75980.5 28.3587 21.9959
1010101 FRAC0_S 0 1 -15050.9 29444 7587.76 1.31222e+06 2.62531e+06 -5.60436e+06 4944.99 -33.22 34.4287
1010101 FRAC0_S 0 1 -15069.1 29756.4 7470.8 1.97887e+07 1.27617e+07 2.51831e+06 50250.8 -41.6769 -5.43106
1010101 FRAC0_S 0 1 -15076.9 30085.7 7453.91 3.69366e+06 5.59151e+06 -4.37057e+06 6542.31 -45.5886 21.5838
1010101 FRAC0_S 0 1 -15041.3 30404.1 7536.1 2.97131e+07 3.28747e+07 1.20834e+07 194397 -48.0683 -11.7579
1010101 FRAC0_S 0 1 -15003 30681.4 7708.83 2.32515e+06 -9.93499e+06 -3.41496e+06 10828.3 60.6132 15.4267
1010101 FRAC0_S 0 1 -15014.8 30899.6 7957.06 -266792 4.82525e+06 2.2207e+06 2730.64 -61.9004 -20.6435
1010101 FRAC0_S 0 1 -14984.4 31032.8 8257.32 -1.6519e+07 1.60443e+07 -5.06396e+06 26349.3 -46.9689 9.8997
1010101 FRAC0_S 0 1 -14929.7 31048.2 8583.9 3.07547e+06 -3.09843e+06 1.43045e+07 28912.6 19.5799 -38.3828
1010101 FRAC0_S 0 1 -14951.7 30964.9 8906.58 1.33299e+07 -7.9221e+06 1.75481e+06 21835.7 39.9074 -5.75737
1010101 FRAC0_S 0 1 -14988.2 30799 9189.42 8.91479e+06 -1.40996e+07 -4.00314e+06 26928.1 53.9973 10.8327
1010101 FRAC0_S 0 1 -14990.4 30548.2 9403.17 1.04364e+07 -1.90094e+07 -8.92867e+06 52509.2 52.1741 16.3619
1010101 FRAC0_S 0 1 -15000.2 30241.5 9535.65 8.10245e+06 -1.0013e+07 -1.2495e+07 35548.8 38.3053 26.3406
1010101 FRAC0_S 0 1 -14995.5 29909.3 9571.71 4.89582e+06 -3.70255e+06 -1.37243e+07 28408.9 21.2953 35.4816
1010101 FRAC0_S 0 1 -15003.5 29582.2 9496.34 8.62057e+06 5.07364e+06 -1.28169e+07 30764.2 -24.2291 29.9964
1010101 FRAC0_S 0 1 -15039.6 29299.8 9315.16 8.53281e+06 2.68003e+06 -1.22916e+07 27222 -15.0531 31.7652
1010101 FRAC0_S 0 1 -15060.9 29091.1 9053.36 8.58726e+06 3.31789e+06 -9.96793e+06 20766.8 -19.6257 28.6926
1010101 FRAC0_S 0 1 -15036 28969.8 8742.67 2.91645e+06 4.42049e+06 -7.52242e+06 10025.3 -35.4534 31.0296
1010101 FRAC0_S 0 1 -15002.4 28944 8411.71 1.58013e+06 4.90423e+06 -5.74856e+06 6760.83 -44.8759 29.3668
1010101 FRAC0_S 0 1 -15020.6 29017 8085.84 2.1653e+06 3.05234e+06 -4.11844e+06 3503.9 -38.2893 27.9866