
Step FractureNumber TipNr TipActive TipX TipY TipZ KI KII KIII G Phi Psi Extension
1010000 FRAC0_S 0 1 103.378 -44017.8 8500 -12455.9 1.35683e+06 -61657.6 164.556 -69.8122 3.29966
1010000 FRAC0_S 0 1 -193.121 -44031.3 8500 109823 931024 166819 82.0169 -66.3268 -10.1447
1010000 FRAC0_S 0 1 -493.726 -44144.6 8500 -137692 1.98009e+06 787870 431.938 -62.8974 -18.7235
1010000 FRAC0_S 0 1 -733.904 -44339 8500 136087 638236 590778 84.3683 -50.1539 -27.5756
1010000 FRAC0_S 0 1 -902.243 -44598.1 8500 -46536.3 780668 1.22678e+06 254.47 -43.0985 -34.8148
1010000 FRAC0_S 0 1 -982.264 -44896.6 8500 -78868.8 228929 1.5543e+06 325.978 -16.1538 -42.1148
1010000 FRAC0_S 0 1 -966.133 -45205.2 8500 153907 -301149 608883 59.5005 34.0189 -33.8306
1010000 FRAC0_S 0 1 -855.431 -45493.7 8500 -51129 -1.0568e+06 1.30226e+06 325.071 47.9279 -32.5106
1010000 FRAC0_S 0 1 -660.994 -45733.9 8500 -32450 -1.70319e+06 1.04671e+06 404.21 59.4696 -24.673
1010000 FRAC0_S 0 1 -401.854 -45902.2 8500 -33784.4 -2.07822e+06 628749 437.443 65.9095 -16.1571
1010000 FRAC0_S 0 1 -103.378 -45982.2 8500 -39019.6 -2.44558e+06 181500 537.336 69.5211 -5.15707
1010000 FRAC0_S 0 1 205.218 -45966.1 8500 -38031.4 -2.46158e+06 -346708 555.936 68.721 9.01149
1010000 FRAC0_S 0 1 493.726 -45855.4 8500 -36200.2 -2.00748e+06 -769020 437.766 64.263 18.8591
1010000 FRAC0_S 0 1 733.904 -45661 8500 -32262.9 -1.34045e+06 -962836 283.411 57.2927 26.5473
1010000 FRAC0_S 0 1 902.243 -45401.9 8500 -52444.4 -942244 -1.43235e+06 351.981 43.8014 34.5391
1010000 FRAC0_S 0 1 982.264 -45103.4 8500 -61490.1 -282747 -1.55749e+06 329.752 19.2677 41.7466
1010000 FRAC0_S 0 1 966.133 -44794.8 8500 -102767 489550 -1.56133e+06 345.577 -28.2067 39.2035
1010000 FRAC0_S 0 1 855.431 -44506.3 8500 -110206 1.10166e+06 -1.33545e+06 345.345 -47.4544 31.8221
1010000 FRAC0_S 0 1 660.994 -44266.1 8500 -154504 1.64085e+06 -1.02756e+06 380.351 -57.7261 24.0199
1010000 FRAC0_S 0 1 401.854 -44097.8 8500 -153853 1.98614e+06 -617184 402.177 -64.5258 15.8065
Step FractureNumber TipNr TipActive TipX TipY TipZ KI KII KIII G Phi Psi Extension
1010101 FRAC0_S 0 1 107.473 -43980.9 8407.6 5.13931e+06 1.82826e+06 -163179 2655.01 -31.2932 1.76765
1010101 FRAC0_S 0 1 -214.18 -43995.8 8408.49 3.9562e+06 1.33029e+06 513583 1587.48 -28.4277 -6.64798
1010101 FRAC0_S 0 1 -519.101 -44104.3 8413.4 2.95089e+06 1.30326e+06 1.03069e+06 1068.59 -30.2675 -13.957
1010101 FRAC0_S 0 1 -780.077 -44300.3 8422.27 2.23728e+06 1.32363e+06 1.62435e+06 953.078 -31.1761 -21.1961
1010101 FRAC0_S 0 1 -971.375 -44570.1 8439.69 1.38553e+06 1.09401e+06 2.06783e+06 846.418 -29.6298 -28.6453
1010101 FRAC0_S 0 1 -1066.97 -44888.5 8483 979153 370949 2.36484e+06 841.491 -13.2815 -36.2803
1010101 FRAC0_S 0 1 -1045.07 -45219.7 8539.58 1.26527e+06 -805648 2.44624e+06 996.381 22.7427 -32.5625
1010101 FRAC0_S 0 1 -913.219 -45524.2 8572.64 1.81583e+06 -1.11062e+06 1.71985e+06 797.131 29.4651 -24.3505
1010101 FRAC0_S 0 1 -687.99 -45777.7 8584.74 3.15002e+06 -1.35769e+06 1.6776e+06 1422.77 27.3576 -18.7279
1010101 FRAC0_S 0 1 -419.573 -45939 8590.6 3.0948e+06 -1.06582e+06 723032 1024.23 27.2199 -10.8247
1010101 FRAC0_S 0 1 -107.476 -46017.9 8592.96 3.81991e+06 -910668 101073 1375.53 23.9004 -1.61723
1010101 FRAC0_S 0 1 213.499 -46002 8592.53 3.92542e+06 -926799 -431892 1474.44 22.4017 6.1548
1010101 FRAC0_S 0 1 516.501 -45892.1 8589.37 2.67454e+06 -812908 -905748 805.417 23.5086 14.6786
1010101 FRAC0_S 0 1 775.888 -45695.8 8581.9 2.74374e+06 -1.45384e+06 -1.61594e+06 1206.48 30.6332 19.1314
1010101 FRAC0_S 0 1 968.718 -45428.1 8563.9 1.70636e+06 -1.21594e+06 -2.14777e+06 1004.73 29.5496 27.1203
1010101 FRAC0_S 0 1 1067.24 -45111.1 8521.99 921555 -377767 -2.28606e+06 783.464 13.9737 36.3174
1010101 FRAC0_S 0 1 1047.34 -44779.7 8466.2 948176 550077 -1.89452e+06 584.442 -20.8584 33.2654
1010101 FRAC0_S 0 1 915.196 -44474.9 8430.21 1.86083e+06 1.36092e+06 -2.17989e+06 1105.61 -30.829 26.1033
1010101 FRAC0_S 0 1 697.878 -44227.9 8416.74 2.80529e+06 1.26097e+06 -1.51246e+06 1147.19 -28.0681 18.7212
1010101 FRAC0_S 0 1 420.441 -44059.6 8410.26 3.65823e+06 1.26344e+06 -815213 1423.16 -27.4373 10.4175