
Step FractureNumber TipNr TipActive TipX TipY TipZ KI KII KIII G Phi Psi Extension
1010000 FRAC0_S 0 1 -22500 984.872 8574.53 536181 -8.93839e+06 -2.0549e+06 7706.65 66.4646 12.8537
1010000 FRAC0_S 0 1 -22500 913.64 8875.22 1.70432e+06 -7.1969e+06 -3.62039e+06 6617.58 57.3419 19.7935
1010000 FRAC0_S 0 1 -22500 752.975 9139.18 2.69471e+06 -3.86688e+06 -3.55943e+06 3664.55 43.2709 23.35
1010000 FRAC0_S 0 1 -22500 518.603 9340.58 3.98195e+06 -2.86313e+06 -5.68914e+06 6448.12 28.3271 28.6048
1010000 FRAC0_S 0 1 -22500 233.466 9459.7 1.44277e+07 711462 -6.9802e+06 25074.4 -4.43063 21.3281
1010000 FRAC0_S 0 1 -22500 -74.5244 9484.87 4.78119e+06 2.62755e+06 -5.75137e+06 7051.67 -25.162 27.7855
1010000 FRAC0_S 0 1 -22500 -375.22 9413.64 4.21605e+06 5.2197e+06 -4.90218e+06 7207.93 -41.6896 22.8108
1010000 FRAC0_S 0 1 -22500 -639.186 9252.98 3.36615e+06 7.32372e+06 -3.65376e+06 7564.83 -53.2335 17.7277
1010000 FRAC0_S 0 1 -22500 -840.583 9018.61 1.97203e+06 9.37923e+06 -1.90495e+06 8668.18 -64.0125 10.5273
1010000 FRAC0_S 0 1 -22500 -959.699 8733.46 645943 8.87597e+06 77006.8 7058.31 -69.6029 -0.623627
1010000 FRAC0_S 0 1 -22500 -984.872 8425.47 -1.27088e+06 8.74502e+06 2.1334e+06 7420.06 -64.504 -12.6792
1010000 FRAC0_S 0 1 -22500 -913.64 8124.78 -2.38209e+06 7.06161e+06 3.58209e+06 6150.17 -55.3245 -18.9544
1010000 FRAC0_S 0 1 -22500 -752.975 7860.82 1.37708e+07 4.58833e+06 4.31769e+06 21253.8 -25.4613 -13.6549
1010000 FRAC0_S 0 1 -22500 -518.603 7659.42 -4.72175e+06 2.90164e+06 5.75769e+06 5159.34 -27.0669 -27.4525
1010000 FRAC0_S 0 1 -22500 -233.466 7540.3 -4.20771e+06 -24696.7 4.48966e+06 2680.94 0.395852 -31.4064
1010000 FRAC0_S 0 1 -22500 74.5244 7515.13 -5.0947e+06 -2.66771e+06 5.63823e+06 4862.19 25.0961 -26.9762
1010000 FRAC0_S 0 1 -22500 375.22 7586.36 -5.12655e+06 -5.57529e+06 4.99055e+06 6082.32 40.9041 -21.4683
1010000 FRAC0_S 0 1 -22500 639.186 7747.02 -5.14648e+06 -8.8258e+06 3.43154e+06 8507.34 52.9947 -14.0965
1010000 FRAC0_S 0 1 -22500 840.583 7981.39 -1.67401e+07 -7.23103e+06 1.23988e+06 4863.82 34.3963 -3.75623
1010000 FRAC0_S 0 1 -22500 959.699 8266.54 -1.07163e+06 -7.17575e+06 -38863.7 4588.6 68.7428 0.365105
Step FractureNumber TipNr TipActive TipX TipY TipZ KI KII KIII G Phi Psi Extension
1010101 FRAC0_S 0 1 -22409.9 1026.07 8579.01 8.55346e+06 -2.38819e+06 -1.44291e+06 7304.58 24.394 8.63974
1010101 FRAC0_S 0 1 -22417.8 962.432 8898 9.17032e+06 -2.09303e+06 -3.50107e+06 9514.31 18.4399 16.6405
1010101 FRAC0_S 0 1 -22432.8 804.763 9186.6 6.07895e+06 1.63792e+06 -1.04766e+07 18130 -12.0365 33.9732
1010101 FRAC0_S 0 1 -22461 561.481 9414.04 5.27241e+06 1.83455e+06 -7.91702e+06 11113.4 -16.0514 31.9392
1010101 FRAC0_S 0 1 -22502.6 255.096 9549.43 7.09553e+06 -594082 -6.57829e+06 10273.3 5.70791 28.9474
1010101 FRAC0_S 0 1 -22539.8 -79.1395 9571.48 7.22495e+06 -288233 -6.26007e+06 9871.01 2.89913 28.6346
1010101 FRAC0_S 0 1 -22563.9 -400.795 9482.15 1.12184e+07 1.53472e+06 -4.63144e+06 14277.4 -11.8137 18.438
1010101 FRAC0_S 0 1 -22579.2 -674.968 9298.82 8.97039e+06 640655 -3.88862e+06 9218.22 -6.48634 19.73
1010101 FRAC0_S 0 1 -22588.4 -877.379 9043.58 9.66618e+06 896419 -2.21471e+06 9049.97 -9.47745 12.5284
1010101 FRAC0_S 0 1 -22591.9 -996.685 8742.53 9.08469e+06 1.59547e+06 -477553 7611.56 -18.5877 3.27797
1010101 FRAC0_S 0 1 -22589.3 -1028.35 8429.55 7.7087e+06 3.15776e+06 1.32424e+06 6417.06 -31.5674 -8.08354
1010101 FRAC0_S 0 1 -22574.5 -967.891 8098.55 5.38053e+06 5.44515e+06 2.9818e+06 6404.35 -44.3242 -15.3055
1010101 FRAC0_S 0 1 -22553.4 -812.236 7807.25 1.12573e+06 3.55208e+06 5.6085e+06 5420.8 -39.9977 -32.7182
1010101 FRAC0_S 0 1 -22533.3 -565.097 7582.62 1.62948e+07 207022 3.1753e+06 25005.4 -1.46519 -11.7275
1010101 FRAC0_S 0 1 -22500.4 -255.265 7450.19 -3.27861e+06 399931 4.74799e+06 3012.52 -6.48685 -33.4727
1010101 FRAC0_S 0 1 -22462.2 79.2099 7428.21 -2.84611e+06 -4.23256e+06 5.91769e+06 6253.91 38.1698 -28.6742
1010101 FRAC0_S 0 1 -22436.7 401.022 7517.35 521088 -5.87073e+06 4.59433e+06 5902.77 54.8236 -26.8478
1010101 FRAC0_S 0 1 -22429.5 683.396 7695.77 2.83476e+06 -6.70455e+06 3.52111e+06 6370.63 53.4219 -18.6303
1010101 FRAC0_S 0 1 -22428.5 894.241 7946.13 5.84755e+06 -6.80314e+06 1.9706e+06 7687.75 49.986 -9.91309
1010101 FRAC0_S 0 1 -22416.4 1004.82 8252.18 7.66459e+06 -4.41538e+06 -86464.3 6973.1 41.5886 0.552663