
Step FractureNumber TipNr TipActive TipX TipY TipZ KI KII KIII G Phi Psi Extension
1010000 FRAC0_S 0 1 -29262.7 14914.2 7848.46 615518 1.00433e+06 427969 148.004 -51.8244 -14.8598
1010000 FRAC0_S 0 1 -29399.7 15166.2 7733.5 549190 702533 571990 114.371 -43.5433 -21.2177
1010000 FRAC0_S 0 1 -29595.5 15402 7693.56 731695 535543 906958 182.667 -30.2374 -26.795
1010000 FRAC0_S 0 1 -29830.9 15598.3 7732.56 809729 127925 1.07415e+06 213.339 -8.61916 -32.2386
1010000 FRAC0_S 0 1 -30082.7 15736.1 7846.69 753087 -355197 1.005e+06 196.115 21.5534 -29.6307
1010000 FRAC0_S 0 1 -30326.6 15801.9 8024.77 633031 -666620 766932 153.536 37.8763 -24.4018
1010000 FRAC0_S 0 1 -30538.5 15789.2 8249.36 636207 -976001 582550 166.088 48.4147 -18.3785
1010000 FRAC0_S 0 1 -30697.7 15699.2 8498.49 741035 -1.38629e+06 406830 242.197 55.638 -11.6715
1010000 FRAC0_S 0 1 -30788.5 15540.8 8747.77 835081 -1.68626e+06 124886 317.597 60.7879 -3.60765
1010000 FRAC0_S 0 1 -30802.2 15329.4 8972.8 662209 -1.34235e+06 -209816 205.499 59.1444 7.09436
1010000 FRAC0_S 0 1 -30737.3 15085.8 9151.54 726531 -1.32043e+06 -534174 240.354 53.3005 14.729
1010000 FRAC0_S 0 1 -30600.3 14833.8 9266.5 631498 -872504 -690684 166.819 44.594 21.2788
1010000 FRAC0_S 0 1 -30404.5 14598 9306.44 882110 -674629 -725715 179.94 35.2647 21.4643
1010000 FRAC0_S 0 1 -30169.1 14401.7 9267.44 907789 -98075.7 -1.24847e+06 281.594 5.95827 33.0758
1010000 FRAC0_S 0 1 -29917.3 14263.9 9153.31 753867 356027 -1.00932e+06 197.428 -21.5443 29.6636
1010000 FRAC0_S 0 1 -29673.4 14198.1 8975.23 765292 799320 -890086 214.492 -38.1656 23.9443
1010000 FRAC0_S 0 1 -29461.5 14210.8 8750.64 772494 1.1735e+06 -672049 235.96 -48.689 17.848
1010000 FRAC0_S 0 1 -29316.9 14286.4 8530.6 708886 1.07408e+06 -341769 163.116 -52.8837 11.6927
1010000 FRAC0_S 0 1 -29211.5 14459.2 8252.23 779340 1.67363e+06 -58443.6 304.178 -62.2102 1.79728
1010000 FRAC0_S 0 1 -29197.8 14670.6 8027.2 694832 1.31395e+06 224417 203.564 -58.1393 -7.50507
Step FractureNumber TipNr TipActive TipX TipY TipZ KI KII KIII G Phi Psi Extension
1010101 FRAC0_S 0 1 -29262.7 14865.3 7762.8 1.95316e+06 213795 597981 391.57 -10.4068 -15.3258
1010101 FRAC0_S 0 1 -29395.8 15141.2 7639.04 1.58695e+06 170863 779466 307.822 -9.11032 -20.8477
1010101 FRAC0_S 0 1 -29589.2 15410.8 7598.37 1.5906e+06 201910 596002 276.325 -11.3345 -17.4085
1010101 FRAC0_S 0 1 -29821.8 15648 7654.84 1.25058e+06 109553 1.09033e+06 298.546 -6.11907 -28.1727
1010101 FRAC0_S 0 1 -30071.7 15819 7804.53 1.02025e+06 28468.6 871726 193.895 -2.05997 -28.6063
1010101 FRAC0_S 0 1 -30316.8 15898.3 8020.01 1.55971e+06 -86146.5 1.05989e+06 366.846 4.38641 -25.4904
1010101 FRAC0_S 0 1 -30530.7 15884 8273.79 1.56788e+06 -38475.2 760654 296.14 2.25717 -21.6579
1010101 FRAC0_S 0 1 -30689.1 15786.3 8544.52 2.16672e+06 -54810.4 517107 454.175 2.77388 -13.5513
1010101 FRAC0_S 0 1 -30778.8 15617.9 8809.51 2.04861e+06 -48450.8 227646 381.077 2.88743 -7.32169
1010101 FRAC0_S 0 1 -30794.9 15394.9 9046.93 1.68664e+06 -98205.9 -77380.8 255.153 7.18832 3.18414
1010101 FRAC0_S 0 1 -30735.2 15135.4 9236.87 1.5609e+06 -175538 -405648 241.741 11.0025 13.5875
1010101 FRAC0_S 0 1 -30601.3 14861 9360.83 1.57011e+06 -168831 -801042 307.56 8.99644 21.3169
1010101 FRAC0_S 0 1 -30408.1 14591.7 9401.21 1.11822e+06 -112402 -805934 198.938 7.51365 25.6993
1010101 FRAC0_S 0 1 -30178.1 14352 9344.16 1.4493e+06 -236957 -1.03608e+06 334.947 11.6555 24.9057
1010101 FRAC0_S 0 1 -29929.1 14180.2 9194.83 1.23968e+06 -83575.4 -1.07952e+06 292.56 4.78491 28.3827
1010101 FRAC0_S 0 1 -29683.4 14101.7 8979.74 1.38809e+06 -31263.7 -964200 295.431 1.82426 26.1527
1010101 FRAC0_S 0 1 -29468.4 14115.8 8726.39 1.52318e+06 26357.4 -747571 281.134 -1.59716 21.8892
1010101 FRAC0_S 0 1 -29309.3 14213.3 8456.19 1.57602e+06 98661.8 -397542 243.221 -6.50695 13.7492
1010101 FRAC0_S 0 1 -29220.8 14382.1 8190.78 1.74883e+06 60459.8 -125676 274.962 -4.30608 4.92688
1010101 FRAC0_S 0 1 -29204.1 14605.5 7952.82 1.95205e+06 39672.1 162031 343.187 -2.55505 -5.6813