
Step FractureNumber TipNr TipActive TipX TipY TipZ KI KII KIII G Phi Psi Extension
1010000 FRAC0_S 0 1 -14568.8 -21611.4 8500 -258943 4.76029e+06 -443343 2045.41 -68.843 6.11311
1010000 FRAC0_S 0 1 -14864.5 -21521.6 8500 -285259 4.92106e+06 634641 2211.53 -68.2638 -8.0854
1010000 FRAC0_S 0 1 -15173.4 -21527.6 8500 -315716 3.28889e+06 1.27625e+06 1180.52 -62.5532 -18.1392
1010000 FRAC0_S 0 1 -15483.3 -21638.3 8500 -3.18616e+06 3.53837e+06 2.64074e+06 2043.14 -42.9023 -19.37
1010000 FRAC0_S 0 1 -15711.8 -21815.2 8500 -1.65673e+07 2.0926e+06 2.58946e+06 1282.01 -13.108 -9.01506
1010000 FRAC0_S 0 1 -15888.6 -22068.8 8500 7.17655e+06 329844 2.77046e+06 5619.95 -4.42131 -18.6292
1010000 FRAC0_S 0 1 -15978.4 -22364.5 8500 -302819 -999589 3.37252e+06 1601.77 26.7344 -39.0956
1010000 FRAC0_S 0 1 -15972.4 -22673.4 8500 -309009 -2.53813e+06 2.96738e+06 1745.17 47.774 -31.2117
1010000 FRAC0_S 0 1 -15854.8 -22996.2 8500 -1.2416e+07 -3.5766e+06 2.4211e+06 1919.51 24.5521 -9.68522
1010000 FRAC0_S 0 1 -15684.8 -23211.8 8500 -258514 -3.55126e+06 1.12091e+06 1290.92 64.5213 -16.0266
1010000 FRAC0_S 0 1 -15431.2 -23388.6 8500 -447109 -5.08163e+06 411742 2323.63 68.5368 -5.24775
1010000 FRAC0_S 0 1 -15135.5 -23478.4 8500 -189610 -5.13854e+06 -674286 2413.38 68.55 8.34573
1010000 FRAC0_S 0 1 -14826.6 -23472.4 8500 -136738 -4.66469e+06 -1.77196e+06 2356.58 64.0981 18.6282
1010000 FRAC0_S 0 1 -14534.6 -23371.2 8500 -347226 -3.50113e+06 -2.5151e+06 1933.63 55.8372 25.6737
1010000 FRAC0_S 0 1 -14288.2 -23184.8 8500 8.60819e+06 -1.34833e+06 -2.16389e+06 7387.91 14.708 12.8737
1010000 FRAC0_S 0 1 -14111.4 -22931.2 8500 -309605 -674761 -3.32159e+06 1507.95 20.2196 40.5321
1010000 FRAC0_S 0 1 -14021.6 -22635.5 8500 -289402 824593 -3.25756e+06 1471.95 -23.9172 39.7991
1010000 FRAC0_S 0 1 -14027.6 -22326.6 8500 -303230 2.32573e+06 -3.01186e+06 1688.48 -45.8229 32.2393
1010000 FRAC0_S 0 1 -14128.8 -22034.6 8500 -3.33442e+06 3.86071e+06 -2.45299e+06 2128.48 -44.8128 17.698
1010000 FRAC0_S 0 1 -14315.2 -21788.2 8500 -287425 3.6041e+06 -1.26476e+06 1370.25 -63.6568 17.1468
Step FractureNumber TipNr TipActive TipX TipY TipZ KI KII KIII G Phi Psi Extension
1010101 FRAC0_S 0 1 -14551.9 -21578.1 8407.74 2.15102e+06 473221 -439297 457.925 -19.9554 10.5063
1010101 FRAC0_S 0 1 -14860 -21483.9 8408.05 6.07771e+06 -1.05144e+07 -131586 13145.2 60.3502 0.611679
1010101 FRAC0_S 0 1 -15184.8 -21479.7 8415.38 2.45707e+06 854790 550734 643.424 -27.5538 -10.4505
1010101 FRAC0_S 0 1 -15502.2 -21568.3 8438.11 4.71553e+06 2.21794e+06 3.76227e+06 4302.39 -26.0213 -23.3537
1010101 FRAC0_S 0 1 -15778 -21754.5 8469.72 1.03179e+06 3.12206e+06 7.2163e+06 7889.41 -33.164 -36.2117
1010101 FRAC0_S 0 1 -15973 -22027.1 8501.73 1.04568e+07 -8699.23 5.61886e+06 13942.7 0.0756986 -23.2211
1010101 FRAC0_S 0 1 -16061.5 -22350.4 8539.08 749265 -397313 2.39372e+06 826.167 14.83 -37.6523
1010101 FRAC0_S 0 1 -16047.6 -22686.9 8558.66 3.0456e+06 -3.90255e+06 4.83162e+06 5288.51 38.6981 -26.441
1010101 FRAC0_S 0 1 -15935.3 -22997.5 8561.86 7.32041e+06 -2.50158e+06 2.7983e+06 6374.37 25.0003 -15.6725
1010101 FRAC0_S 0 1 -15723.7 -23246.3 8578.79 1.66565e+06 -591661 539546 317.139 26.4837 -13.819
1010101 FRAC0_S 0 1 -15447.9 -23421.8 8592.37 2.21438e+06 -281692 367626 461.996 13.094 -9.46937
1010101 FRAC0_S 0 1 -15140.1 -23515.4 8592.29 1.79092e+06 -109291 166857 290.579 7.20648 -6.08125
1010101 FRAC0_S 0 1 -14817.4 -23515.3 8588.93 2.6576e+06 -773754 -565449 725.244 24.4796 10.3746
1010101 FRAC0_S 0 1 -14502 -23423.5 8570.21 2.48546e+06 -1.2788e+06 -1.5271e+06 1006.36 29.7463 19.7624
1010101 FRAC0_S 0 1 -14225.6 -23240.9 8542.02 1.15071e+06 -1.29153e+06 -2.3539e+06 1003.57 32.624 30.3327
1010101 FRAC0_S 0 1 -14029.1 -22971.6 8513.49 495847 -657832 -2.86137e+06 1149.4 21.0587 38.8273
1010101 FRAC0_S 0 1 -13938.1 -22649.1 8470.44 729277 361619 -2.1413e+06 668.875 -14.787 37.1908
1010101 FRAC0_S 0 1 -13955 -22315.3 8436.38 1.38856e+07 -6.96475e+06 -2.81888e+06 22560.6 35.1346 8.82133
1010101 FRAC0_S 0 1 -14072.7 -22006.9 8424.43 1.68203e+06 1.01768e+06 -1.46351e+06 629.267 -30.0397 23.3415
1010101 FRAC0_S 0 1 -14280.3 -21755.7 8414.26 2.21904e+06 2.5951e+06 -1.09872e+06 1199.46 -47.9609 13.3544