
Step FractureNumber TipNr TipActive TipX TipY TipZ KI KII KIII G Phi Psi Extension
1010000 FRAC0_S 0 1 45000 44049 8233.09 4.29802e+06 -260875 -43250.6 1652.44 7.71106 0.730124
1010000 FRAC0_S 0 1 45000 44178.1 7952.3 4.4467e+06 -181518 -99048.1 1766.23 5.27251 1.61981
1010000 FRAC0_S 0 1 45000 44387.6 7725.12 4.24293e+06 -164520 -181406 1610.99 4.92931 3.03192
1010000 FRAC0_S 0 1 45000 44657 7573.79 3.58017e+06 -39789.4 -125890 1144.43 1.47922 2.58415
1010000 FRAC0_S 0 1 45000 44960 7513.12 4.63862e+06 47347.6 -137958 1920.09 -1.36738 2.2037
1010000 FRAC0_S 0 1 45000 45266.9 7549.06 4.9818e+06 98433.6 -153647 2215.56 -2.60822 2.26135
1010000 FRAC0_S 0 1 45000 45547.7 7678.08 4.43348e+06 162263 -117036 1755.69 -4.73727 1.91668
1010000 FRAC0_S 0 1 45000 45774.9 7887.55 3.82459e+06 83527.7 158066 1307.4 -2.84635 -2.98226
1010000 FRAC0_S 0 1 45000 45926.2 8156.97 4.56855e+06 181105 -84715.5 1863.75 -5.14643 1.35671
1010000 FRAC0_S 0 1 45000 45986.8 8459.98 4.42971e+06 256375 7573.95 1754.41 -7.43816 -0.125779
1010000 FRAC0_S 0 1 45000 45951 8766.91 4.9147e+06 262080 111668 2160.16 -6.76608 -1.6323
1010000 FRAC0_S 0 1 45000 45821.9 9047.7 4.51859e+06 191894 94278.7 1823.88 -5.4797 -1.5178
1010000 FRAC0_S 0 1 45000 45622.7 9266.78 2.85065e+06 109258 84274.8 726.134 -4.93452 -2.13405
1010000 FRAC0_S 0 1 45000 45343 9426.21 4.57689e+06 75494.1 160297 1870.6 -2.17888 -2.56136
1010000 FRAC0_S 0 1 45000 45040 9486.88 4.17916e+06 166179 217329 1565.08 -5.00614 -3.64042
1010000 FRAC0_S 0 1 45000 44733.1 9450.94 4.68419e+06 -105916 185341 1960.79 2.94856 -2.85979
1010000 FRAC0_S 0 1 45000 44452.3 9321.92 4.48454e+06 -128150 116096 1795.35 3.74259 -1.89508
1010000 FRAC0_S 0 1 45000 44225.1 9112.45 4.71429e+06 -180588 131808 1985.64 4.93929 -2.0226
1010000 FRAC0_S 0 1 45000 44073.8 8843.03 4.48336e+06 -197871 48576.5 1794.96 5.73437 -0.797601
1010000 FRAC0_S 0 1 45000 44013.2 8540.02 4.41045e+06 -170795 -16804.7 1736.01 5.10374 0.284629
Step FractureNumber TipNr TipActive TipX TipY TipZ KI KII KIII G Phi Psi Extension
1010101 FRAC0_S 0 1 45011.3 43955.7 8206.91 4.61897e+06 233868 -78943.8 1906.85 -6.48148 1.2401
1010101 FRAC0_S 0 1 45010.1 44097.3 7898.46 4.04848e+06 -148310 -100219 1463.83 4.74865 1.80124
1010101 FRAC0_S 0 1 45007.2 44327.2 7648.8 4.9523e+06 163419 -90354.1 2188.91 -4.32564 1.34379
1010101 FRAC0_S 0 1 45002.9 44623.1 7482.41 4.77643e+06 47827.5 -136130 2035.65 -1.34336 2.11573
1010101 FRAC0_S 0 1 44998.3 44956.1 7415.7 3.85519e+06 77690.9 126598 1327.07 -2.6537 -2.4004
1010101 FRAC0_S 0 1 44995.1 45293.2 7455.26 5.1742e+06 -246287 -70398.6 2391.75 6.1387 0.994612
1010101 FRAC0_S 0 1 44993.5 45601.6 7597.08 4.50691e+06 -49502.6 -124553 1812.31 1.47271 2.0521
1010101 FRAC0_S 0 1 44993.2 45851.2 7827.2 4.11148e+06 43141.7 -73712.6 1507.23 -1.42113 1.34974
1010101 FRAC0_S 0 1 44991 46017.3 8123.19 5.64088e+06 -272908 64701.4 2842.63 6.2449 -0.840279
1010101 FRAC0_S 0 1 44988.3 46083.7 8456.03 4.27333e+06 -475761 83177.1 1648.36 13.1052 -1.33283
1010101 FRAC0_S 0 1 44988.5 46044.3 8793.11 3.81911e+06 -196869 52686.9 1303.54 6.61024 -1.00452
1010101 FRAC0_S 0 1 44990.1 45902.7 9101.54 4.69974e+06 -243016 106408 1974.99 6.57605 -1.62914
1010101 FRAC0_S 0 1 44992.3 45672.8 9351.19 4.94193e+06 -255650 123905 2184.17 6.5642 -1.79825
1010101 FRAC0_S 0 1 44993.8 45376.9 9517.49 3.66931e+06 -195430 138343 1205.71 6.66795 -2.6562
1010101 FRAC0_S 0 1 44996 45043.9 9584.11 4.77573e+06 -230043 105235 2038.57 6.15949 -1.59202
1010101 FRAC0_S 0 1 45002 44706.7 9544.66 4.74699e+06 -15296.5 92116.7 2009.15 0.440454 -1.46824
1010101 FRAC0_S 0 1 45006.7 44398.3 9402.93 4.92445e+06 188298 141137 2166.74 -4.92765 -2.07152
1010101 FRAC0_S 0 1 45008.4 44148.9 9172.74 4.73902e+06 167366 95930.4 2004.98 -4.60571 -1.48369
1010101 FRAC0_S 0 1 45009.3 43982.7 8876.75 4.57053e+06 164274 45314.9 1864.16 -4.72858 -0.736464
1010101 FRAC0_S 0 1 45010.3 43916.1 8543.98 4.62313e+06 188252 -23182 1907.81 -5.34529 0.373255