
Step FractureNumber TipNr TipActive TipX TipY TipZ KI KII KIII G Phi Psi Extension
1010000 FRAC0_S 0 1 14581.2 -14193.8 8112.54 -1.63566e+06 9.77657e+06 -2.57034e+06 9395.93 -63.6662 13.2232
1010000 FRAC0_S 0 1 14388.7 -14238.8 8350.06 -363976 9.27134e+06 101586 7661.07 -69.84 -0.810193
1010000 FRAC0_S 0 1 14256.1 -14358.3 8602.26 8.21933e+06 -1.96416e+06 -4.07593e+06 8573.37 17.9561 19.5993
1010000 FRAC0_S 0 1 14196.3 -14540.7 8844.45 3.15244e+06 7.82322e+06 5.63828e+06 10567.4 -50.4025 -22.6702
1010000 FRAC0_S 0 1 14215.2 -14768.1 9052.92 4.31144e+06 4.3097e+06 7.35125e+06 10499 -32.6788 -28.909
1010000 FRAC0_S 0 1 14310.8 -15018.1 9207.27 6.03376e+06 444024 8.92239e+06 13849.7 -3.97834 -34.1137
1010000 FRAC0_S 0 1 14473.9 -15266.3 9292.39 5.77328e+06 -3.86829e+06 7.8373e+06 12472.8 27.5552 -28.3395
1010000 FRAC0_S 0 1 14688.6 -15488.5 9299.94 5.13678e+06 -6.05677e+06 5.57699e+06 9756.93 41.4314 -22.2893
1010000 FRAC0_S 0 1 14933.7 -15662.9 9229.19 -7.65652e+06 -1.77186e+07 -3.05149e+06 29214.5 60.0674 7.99274
1010000 FRAC0_S 0 1 15185.3 -15772.4 9087.05 4.60576e+06 -1.1223e+07 2.96712e+06 14285.2 58.637 -11.4907
1010000 FRAC0_S 0 1 15418.8 -15806.2 8887.46 3.28929e+06 -1.16041e+07 948738 13083 64.9905 -4.55283
1010000 FRAC0_S 0 1 15611.3 -15761.2 8649.94 1.33978e+07 -2.42814e+07 8.43263e+06 77991.2 54.3109 -13.1605
1010000 FRAC0_S 0 1 15743.9 -15641.7 8397.74 -2.92155e+06 -1.4323e+07 -5.54318e+06 22367.5 60.3412 17.021
1010000 FRAC0_S 0 1 15803.7 -15459.3 8155.55 -1.14903e+06 -8.70929e+06 -3.99442e+06 8881.22 60.3498 19.7474
1010000 FRAC0_S 0 1 15784.8 -15231.9 7947.08 -2.36653e+06 -6.92039e+06 -5.16523e+06 7816.03 50.9881 23.6621
1010000 FRAC0_S 0 1 15689.2 -14981.9 7792.73 -3.14326e+06 -3.67291e+06 -4.4533e+06 3839.77 38.1928 25.6697
1010000 FRAC0_S 0 1 15526.1 -14733.7 7707.61 8.59943e+06 -1.40136e+07 2.06091e+06 24654 56.9333 -6.2848
1010000 FRAC0_S 0 1 15311.4 -14511.5 7700.06 -3.89028e+06 968923 -5.8003e+06 4558.24 -12.1473 32.6722
1010000 FRAC0_S 0 1 15066.3 -14337.1 7770.81 -3.3988e+06 2.76781e+06 -4.46926e+06 3339.24 -31.6922 26.9492
1010000 FRAC0_S 0 1 14814.7 -14227.6 7912.95 -3.63547e+06 8.22679e+06 -5.19532e+06 9620.83 -51.2387 20.6956
Step FractureNumber TipNr TipActive TipX TipY TipZ KI KII KIII G Phi Psi Extension
1010101 FRAC0_S 0 1 14512.9 -14207.5 8042.55 9.26793e+06 5.20017e+06 -2.22848e+06 10724.2 -36.813 9.82273
1010101 FRAC0_S 0 1 14319.9 -14236.6 8309.98 7.38039e+06 -1.03044e+07 -1.04931e+07 28959.7 41.8356 24.4701
1010101 FRAC0_S 0 1 14186.2 -14329.2 8595.67 7.83366e+06 1.07829e+07 5.56902e+06 19954 -48.5034 -16.2108
1010101 FRAC0_S 0 1 14110.2 -14531.2 8844.22 -1.19352e+07 1.37482e+06 1.10581e+07 16431.7 -7.67584 -28.6002
1010101 FRAC0_S 0 1 14123.7 -14779 9072.19 1.06637e+07 2.55614e+06 1.0861e+07 26404.2 -14.072 -28.4669
1010101 FRAC0_S 0 1 14244.4 -15023.2 9269.43 9.30426e+06 -140076 1.46728e+07 36349.6 0.810779 -35.2401
1010101 FRAC0_S 0 1 14448.9 -15266.1 9382.89 1.03983e+07 -732276 8.62428e+06 19575 5.09336 -27.7626
1010101 FRAC0_S 0 1 14702.4 -15483.1 9395.58 1.34891e+07 -466644 8.37275e+06 25557.3 2.89528 -24.6083
1010101 FRAC0_S 0 1 14975.5 -15652.2 9317.41 1.25781e+07 -287095 5.10312e+06 17568.8 2.21903 -19.4908
1010101 FRAC0_S 0 1 15244.1 -15759.5 9166.12 1.01399e+07 -177636 2.36085e+06 9906.16 1.94779 -13.3802
1010101 FRAC0_S 0 1 15489.5 -15794.7 8955.91 1.51711e+07 -2.30193e+06 1.5187e+06 21288.7 15.9406 -6.02636
1010101 FRAC0_S 0 1 15692.2 -15751.2 8706.3 1.65158e+07 -4.90339e+06 -1.20986e+06 26643.8 27.0493 4.07593
1010101 FRAC0_S 0 1 15831 -15625.4 8442.42 1.14291e+07 -3.95433e+06 -3.34486e+06 14521.4 26.4392 12.8781
1010101 FRAC0_S 0 1 15894.6 -15433.7 8185.67 6.31884e+06 -2.96058e+06 -3.63824e+06 6099.5 28.4095 19.3508
1010101 FRAC0_S 0 1 15877.5 -15200.8 7954.97 1.92078e+06 -5.607e+06 -6.51319e+06 8772.33 44.7438 29.0811
1010101 FRAC0_S 0 1 15777.5 -14940 7786 1.04939e+06 -3.42025e+06 -4.64674e+06 4012.31 42.6717 31.184
1010101 FRAC0_S 0 1 15592 -14683.8 7681.95 -178110 -3.23798e+06 -7.28265e+06 7988.19 35.9593 37.804
1010101 FRAC0_S 0 1 15334 -14470.9 7632.27 7.7989e+06 -6.26738e+06 -1.06335e+07 23958.8 31.0169 27.4636
1010101 FRAC0_S 0 1 15044.5 -14313.7 7680.86 1.06121e+06 5.63629e+06 -6.77714e+06 9039.82 -46.3128 30.8827
1010101 FRAC0_S 0 1 14762.5 -14222.9 7831.25 5.30066e+06 6.89214e+06 -4.86334e+06 9882.32 -45.142 19.5577