
Step FractureNumber TipNr TipActive TipX TipY TipZ KI KII KIII G Phi Psi Extension
1010000 FRAC0_S 0 1 -44243.4 14863.4 7879.98 -59694.2 -1.51485e+06 -2.32332e+06 922.396 43.8364 34.7678
1010000 FRAC0_S 0 1 -44366.7 15115.7 7750.97 -32642.1 -400805 -2.10577e+06 604.072 20.3544 41.99
1010000 FRAC0_S 0 1 -44552 15356.7 7695.29 56225.9 860268 -2.89839e+06 1183.52 -28.0108 40.2125
1010000 FRAC0_S 0 1 -44781.1 15562.7 7718.37 99537.2 1.47033e+06 -1.74734e+06 599.603 -48.3016 31.9301
1010000 FRAC0_S 0 1 -45031.6 15713.7 7817.96 190603 3.06576e+06 -1.9864e+06 1365.56 -57.9303 24.8157
1010000 FRAC0_S 0 1 -45279.1 15794.8 7984.32 225271 3.14179e+06 -1.04596e+06 1029.62 -64.1913 16.6335
1010000 FRAC0_S 0 1 -45499.3 15798.1 8201.16 610002 3.97234e+06 -252155 1447.72 -67.7738 3.97851
1010000 FRAC0_S 0 1 -45670.6 15723.3 8447.25 286562 4.09765e+06 414904 1526.44 -68.5045 -6.49678
1010000 FRAC0_S 0 1 -45776.2 15577.6 8698.5 399424 2.75181e+06 1.10506e+06 851.41 -61.254 -18.0267
1010000 FRAC0_S 0 1 -45805.8 15375.5 8930.32 713366 3.34087e+06 2.16418e+06 1662.87 -55.0106 -23.1491
1010000 FRAC0_S 0 1 -45756.6 15136.6 9120.02 288187 1.98444e+06 2.43428e+06 1146.44 -46.5819 -31.513
1010000 FRAC0_S 0 1 -45633.3 14884.3 9249.03 236503 728165 2.37842e+06 804.599 -27.1727 -38.7896
1010000 FRAC0_S 0 1 -45448 14643.3 9304.71 320145 -499435 3.16497e+06 1363.63 16.4482 -41.1356
1010000 FRAC0_S 0 1 -45218.9 14437.3 9281.63 216060 -2.03317e+06 2.97896e+06 1552.79 43.8578 -33.7297
1010000 FRAC0_S 0 1 -44968.4 14286.3 9182.04 27026.8 -2.94239e+06 2.14063e+06 1381 57.4041 -26.8838
1010000 FRAC0_S 0 1 -44720.9 14205.2 9015.68 -41271 -3.85989e+06 1.41454e+06 1593.75 64.7497 -18.4194
1010000 FRAC0_S 0 1 -44500.7 14201.9 8798.84 -88637.3 -4.48152e+06 557981 1831.1 68.8871 -8.0963
1010000 FRAC0_S 0 1 -44329.4 14276.7 8552.75 -92329.4 -4.44051e+06 -455237 1784.65 69.1565 6.8438
1010000 FRAC0_S 0 1 -44223.8 14422.4 8301.5 -120789 -4.05093e+06 -1.41862e+06 1729.96 64.692 17.6685
1010000 FRAC0_S 0 1 -44194.2 14624.5 8069.68 -306412 -3.39664e+06 -2.43071e+06 1813.88 56.061 25.7278
Step FractureNumber TipNr TipActive TipX TipY TipZ KI KII KIII G Phi Psi Extension
1010101 FRAC0_S 0 1 -44152.3 14892.8 7870.47 1.90994e+06 -827929 -2.53526e+06 1241 20.2557 29.8733
1010101 FRAC0_S 0 1 -44299.5 15139.9 7699.38 1.35791e+06 -276641 -2.80608e+06 1218.38 8.45 36.1117
1010101 FRAC0_S 0 1 -44532.6 15365.5 7609.07 1.22535e+06 422472 -2.16499e+06 773.097 -14.653 33.6501
1010101 FRAC0_S 0 1 -44804.7 15558.7 7624.34 2.36324e+06 906828 -2.42202e+06 1351.15 -20.5273 27.2147
1010101 FRAC0_S 0 1 -45080.1 15702.8 7732.56 3.26698e+06 1.0186e+06 -1.93457e+06 1541.31 -21.049 21.0672
1010101 FRAC0_S 0 1 -45342.1 15777.9 7909.35 3.22811e+06 655665 -857474 1064.69 -18.0219 13.0272
1010101 FRAC0_S 0 1 -45571.3 15775.7 8136.12 3.31332e+06 431221 -126754 996.962 -14.726 2.5185
1010101 FRAC0_S 0 1 -45750.1 15698.5 8392.95 3.61066e+06 486605 478230 1213.23 -14.0973 -7.79204
1010101 FRAC0_S 0 1 -45863.5 15553.3 8658.53 3.51783e+06 668340 1.20587e+06 1335.95 -16.2775 -15.7933
1010101 FRAC0_S 0 1 -45898.6 15349 8909.23 3.05184e+06 734741 1.8789e+06 1347.58 -16.9789 -22.2384
1010101 FRAC0_S 0 1 -45848.2 15104.8 9125.32 2.17784e+06 548226 2.39539e+06 1212.57 -14.1842 -29.2629
1010101 FRAC0_S 0 1 -45705.5 14853.2 9293.51 963648 889365 2.38361e+06 908.886 -26.3045 -33.4385
1010101 FRAC0_S 0 1 -45476.4 14624.7 9386.51 493786 -148219 2.36585e+06 768.117 6.72883 -40.9353
1010101 FRAC0_S 0 1 -45201.1 14434.6 9375.25 2.35379e+06 -1.00923e+06 2.84299e+06 1659.44 20.9157 -28.8067
1010101 FRAC0_S 0 1 -44921.1 14295.4 9267.85 2.93174e+06 -994997 1.74893e+06 1260.95 22.392 -20.9019
1010101 FRAC0_S 0 1 -44658.2 14222.8 9090.58 3.89494e+06 -1.04212e+06 1.15424e+06 1625.82 21.9028 -13.5953
1010101 FRAC0_S 0 1 -44429.1 14225.7 8863.81 3.62523e+06 -792055 265839 1236.41 21.6758 -4.32136
1010101 FRAC0_S 0 1 -44250.9 14303.7 8607.77 4.80992e+06 -737960 -579796 2154.82 15.8451 7.08486
1010101 FRAC0_S 0 1 -44138 14449.6 8343.16 4.26764e+06 -926148 -1.45097e+06 1979.38 18.1534 15.4588
1010101 FRAC0_S 0 1 -44102.1 14652.1 8091.04 3.10774e+06 -157127 -2.16125e+06 1484.07 3.99536 25.8324