
Step FractureNumber TipNr TipActive TipX TipY TipZ KI KII KIII G Phi Psi Extension
1010000 FRAC0_S 0 1 -29032.6 44801 8500 64807.4 121163 -114096 3.41383 -45.1171 24.8873
1010000 FRAC0_S 0 1 -29018.4 45109.8 8500 75099.5 122944 166083 5.51813 -39.2896 -28.7116
1010000 FRAC0_S 0 1 -29100.4 45407.7 8500 82669.2 42449.8 200631 6.12319 -17.0553 -35.5224
1010000 FRAC0_S 0 1 -29270.4 45665.8 8500 85587.5 -67747.9 229186 8.04774 22.5995 -34.8872
1010000 FRAC0_S 0 1 -29511.8 45858.6 8500 82244.5 -136768 182125 6.68113 39.5957 -28.6112
1010000 FRAC0_S 0 1 -29801 45967.4 8500 77407.7 -207958 141585 7.0538 51.5837 -22.2373
1010000 FRAC0_S 0 1 -30109.8 45981.6 8500 87497.9 -257047 99698.4 7.89199 57.5706 -15.8429
1010000 FRAC0_S 0 1 -30407.7 45899.6 8500 74668.5 -278057 34851.7 7.54797 64.4105 -6.74707
1010000 FRAC0_S 0 1 -30665.8 45729.6 8500 69239.9 -348449 -20762 11.304 67.0504 3.61955
1010000 FRAC0_S 0 1 -30858.6 45488.2 8500 73821.8 -267853 -87355.4 7.89376 60.1206 14.5136
1010000 FRAC0_S 0 1 -30967.4 45199 8500 61927.6 -164989 -105851 4.25763 52.2054 21.4722
1010000 FRAC0_S 0 1 -30981.6 44890.2 8500 93436.9 -161435 -190411 7.9224 41.5556 27.3199
1010000 FRAC0_S 0 1 -30899.6 44592.3 8500 90680.6 -28098.6 -281487 11.3414 9.483 38.533
1010000 FRAC0_S 0 1 -30729.6 44334.2 8500 112150 402693 -451374 42.6683 -46.1892 29.2364
1010000 FRAC0_S 0 1 -30488.2 44141.4 8500 94754.4 143953 -209668 8.49343 -37.7323 29.2582
1010000 FRAC0_S 0 1 -30199 44032.6 8500 74941.4 175091 -131867 5.54502 -49.4724 22.9984
1010000 FRAC0_S 0 1 -29890.2 44018.4 8500 95905.3 338413 -117566 12.8631 -59.5267 15.1185
1010000 FRAC0_S 0 1 -29592.3 44100.4 8500 101454 349918 -41705.5 12.0594 -64.0992 6.36131
1010000 FRAC0_S 0 1 -29334.2 44270.4 8500 99775.6 349856 35467.8 11.9614 -64.5591 -5.52652
1010000 FRAC0_S 0 1 -29141.4 44511.8 8500 115629 356783 135932 14.9921 -58.0302 -15.7812
Step FractureNumber TipNr TipActive TipX TipY TipZ KI KII KIII G Phi Psi Extension
1010101 FRAC0_S 0 1 -28967.3 44789.6 8427.54 578241 113832 343580 46.65 -14.5422 -22.2447
1010101 FRAC0_S 0 1 -28940.9 45120.4 8443.29 313298 140186 368536 28.5617 -21.8395 -28.3367
1010101 FRAC0_S 0 1 -29020.5 45445.2 8479.11 232720 250614 59380.2 10.8918 -49.7223 -8.13919
1010101 FRAC0_S 0 1 -29205 45723.5 8527.82 572131 -189562 437117 57.7833 20.3873 -24.0534
1010101 FRAC0_S 0 1 -29472.6 45922.9 8561.06 588589 -500743 391274 73.5764 39.3416 -18.3081
1010101 FRAC0_S 0 1 -29786.8 46027.9 8576.21 803422 -515852 228573 88.1805 38.8831 -10.7988
1010101 FRAC0_S 0 1 -30114.1 46033.3 8584.34 841901 -431217 5103.12 79.7342 39.2633 -0.310878
1010101 FRAC0_S 0 1 -30424.7 45939.8 8589.22 1.25039e+06 -371404 -305742 164.046 24.3768 11.5419
1010101 FRAC0_S 0 1 -30694.2 45760 8590.27 888643 -184351 -352888 89.9598 16.9303 17.2828
1010101 FRAC0_S 0 1 -30901.9 45510.7 8586.13 627002 -204871 -340166 54.162 22.333 19.8585
1010101 FRAC0_S 0 1 -31026.9 45209.1 8577.77 525731 -144243 -430572 51.1406 17.1467 25.4652
1010101 FRAC0_S 0 1 -31056.2 44878.9 8557.04 306673 -122581 -403899 31.4165 19.0828 30.0576
1010101 FRAC0_S 0 1 -30975.9 44558.1 8506.79 158279 51379.8 -497590 35.3979 -9.8012 38.5427
1010101 FRAC0_S 0 1 -30787.4 44283.5 8452.74 258957 372060 -499379 51.4784 -38.4964 28.0179
1010101 FRAC0_S 0 1 -30523.8 44079.4 8432.36 502214 410366 -393477 58.073 -37.0777 20.5039
1010101 FRAC0_S 0 1 -30213.8 43971 8425.15 912839 527319 -241259 106.773 -37.0214 10.5125
1010101 FRAC0_S 0 1 -29886.1 43967.4 8415.42 1.08662e+06 376759 -17230.7 117.905 -31.0921 0.903259
1010101 FRAC0_S 0 1 -29574.6 44060 8410.9 1.16643e+06 377801 210594 139.857 -26.8965 -8.8854
1010101 FRAC0_S 0 1 -29303.8 44238 8411.15 1.09599e+06 456750 490578 157.637 -27.797 -16.8247
1010101 FRAC0_S 0 1 -29093.9 44487.3 8417.3 389284 288552 175430 25.0166 -39.339 -14.6417