
Step FractureNumber TipNr TipActive TipX TipY TipZ KI KII KIII G Phi Psi Extension
1010000 FRAC0_S 0 1 -29200.9 29694.3 8006.53 2.89651e+06 2.53525e+06 1.43143e+06 1592.88 -42.1639 -14.8327
1010000 FRAC0_S 0 1 -29273.5 29939.9 7833.58 2.56325e+06 1.11613e+06 1.55332e+06 1017.39 -26.6772 -20.2462
1010000 FRAC0_S 0 1 -29417.2 30191.4 7725.86 3.50546e+06 774419 2.62613e+06 2065.68 -14.819 -24.8889
1010000 FRAC0_S 0 1 -29618 30424.1 7693.92 3.01862e+06 -330978 1.72906e+06 1219.36 8.82657 -22.7306
1010000 FRAC0_S 0 1 -29856.2 30615.3 7740.88 2.48455e+06 -778694 1.16405e+06 784.326 22.4584 -18.227
1010000 FRAC0_S 0 1 -30108.5 30746.3 7862.16 3.35006e+06 -1.30278e+06 1.29865e+06 1375.62 27.2917 -15.4488
1010000 FRAC0_S 0 1 -30350.1 30804.2 8045.87 3.00943e+06 -1.35776e+06 898722 1078.74 31.4438 -12.3509
1010000 FRAC0_S 0 1 -30557.4 30783.4 8274.03 3.53955e+06 -1.79013e+06 850957 1498.27 34.6767 -10.1136
1010000 FRAC0_S 0 1 -30710.2 30685.9 8524.31 3.48977e+06 -1.83343e+06 639115 1439.09 36.4313 -7.98184
1010000 FRAC0_S 0 1 -30793.5 30521.4 8772.21 2.43273e+06 -1.36642e+06 286632 704.673 38.9914 -5.30957
1010000 FRAC0_S 0 1 -30799.1 30305.7 8993.47 3.75717e+06 -2.30283e+06 124993 1732.54 42.4217 -1.56283
1010000 FRAC0_S 0 1 -30726.5 30060.1 9166.42 3.87339e+06 -2.37176e+06 -295013 1849.77 41.5645 3.45128
1010000 FRAC0_S 0 1 -30582.8 29808.6 9274.14 4.1667e+06 -2.41428e+06 -814837 2154.77 38.242 8.19311
1010000 FRAC0_S 0 1 -30382 29575.9 9306.08 4.75583e+06 -2.07485e+06 -1.38143e+06 2652.91 30.9036 12.1873
1010000 FRAC0_S 0 1 -30143.8 29384.7 9259.12 4.34228e+06 -1.0949e+06 -1.99604e+06 2316.93 19.103 18.5657
1010000 FRAC0_S 0 1 -29891.5 29253.7 9137.84 4.49947e+06 314519 -2.3171e+06 2526.94 -6.03857 21.8604
1010000 FRAC0_S 0 1 -29649.9 29195.8 8954.13 4.24149e+06 1.88717e+06 -2.18072e+06 2552.95 -28.1852 18.1975
1010000 FRAC0_S 0 1 -29442.6 29216.6 8725.97 4.384e+06 3.41496e+06 -1.54011e+06 3067.31 -41.8332 11.9656
1010000 FRAC0_S 0 1 -29289.8 29314.1 8475.69 4.18428e+06 2.02604e+06 -171472 1929.85 -37.3909 2.07196
1010000 FRAC0_S 0 1 -29206.5 29478.6 8227.79 3.44424e+06 1.28723e+06 253604 1213.3 -31.4831 -3.88267
Step FractureNumber TipNr TipActive TipX TipY TipZ KI KII KIII G Phi Psi Extension
1010101 FRAC0_S 0 1 -29170.7 29636.8 7933.68 5.09274e+06 220071 2.13233e+06 2920.2 -4.0771 -19.6327
1010101 FRAC0_S 0 1 -29237.7 29909.8 7748.9 3.95149e+06 -536002 1.96612e+06 1931.11 11.1448 -20.7001
1010101 FRAC0_S 0 1 -29400.9 30242.8 7631.21 4.24302e+06 -866682 2.13829e+06 2279.31 15.7397 -20.1392
1010101 FRAC0_S 0 1 -29575 30470.6 7623.15 3.94354e+06 -479169 1.80022e+06 1837.28 10.365 -19.8028
1010101 FRAC0_S 0 1 -29822.5 30691.3 7690.72 4.01547e+06 -261802 1.59372e+06 1780.73 6.10374 -18.7419
1010101 FRAC0_S 0 1 -30091.3 30837.9 7832.18 4.41951e+06 -325518 1.28195e+06 1968.51 7.35724 -15.0977
1010101 FRAC0_S 0 1 -30349.3 30901.9 8037.09 4.17422e+06 -285026 799049 1644.82 7.38303 -11.0908
1010101 FRAC0_S 0 1 -30570.2 30879.8 8287.84 4.85144e+06 -182836 406940 2122.34 4.62524 -5.64891
1010101 FRAC0_S 0 1 -30732 30774.8 8560.39 4.55792e+06 -1842.91 -6445.97 1851.24 0.0564922 0.110044
1010101 FRAC0_S 0 1 -30817.6 30597.9 8829.11 5.24744e+06 608513 -243760 2494.59 -13.2699 3.06437
1010101 FRAC0_S 0 1 -30820.2 30366.6 9068.01 4.97259e+06 924746 -347406 2295.65 -19.1967 4.23714
1010101 FRAC0_S 0 1 -30742.7 30102.1 9254.1 4.61765e+06 903297 -573465 2016.52 -19.2126 7.04736
1010101 FRAC0_S 0 1 -30593.1 29827.8 9369.91 4.93547e+06 844258 -928357 2348.76 -16.5112 10.1627
1010101 FRAC0_S 0 1 -30385.1 29567.4 9403.12 5.62248e+06 777361 19342.5 2870.87 -15.9274 -0.234732
1010101 FRAC0_S 0 1 -30140.9 29342.6 9344.33 5.34262e+06 408652 -1.82782e+06 3002.74 -7.34506 16.8917
1010101 FRAC0_S 0 1 -29886.8 29178.4 9193.11 5.58853e+06 567920 -2.27461e+06 3499.92 -9.11283 18.6416
1010101 FRAC0_S 0 1 -29645.8 29101.6 8969.94 5.22203e+06 737987 -1.64838e+06 2839.91 -12.9209 15.35
1010101 FRAC0_S 0 1 -29434.3 29120.5 8709.3 6.15897e+06 925415 -665921 3515.5 -15.7185 6.45828
1010101 FRAC0_S 0 1 -29268.2 29225.7 8438.41 6.45137e+06 1.20506e+06 392681 3858.69 -19.3909 -3.72674
1010101 FRAC0_S 0 1 -29176.4 29403.1 8172.76 5.52755e+06 757398 1.56284e+06 3098.62 -12.8595 -14.2245