
Step FractureNumber TipNr TipActive TipX TipY TipZ KI KII KIII G Phi Psi Extension
1010000 FRAC0_S 0 1 15000 984.872 8574.53 1.10279e+07 -4.72703e+06 2.11715e+06 13424.4 32.132 -8.77689
1010000 FRAC0_S 0 1 15000 913.64 8875.22 1.5545e+07 -3.6254e+06 609227 22753.7 23.3089 -2.37115
1010000 FRAC0_S 0 1 15000 752.975 9139.18 2.44723e+07 -3.74935e+06 -7169.07 54620 17.3599 0.019807
1010000 FRAC0_S 0 1 15000 518.603 9340.58 2.8872e+07 -3.90683e+06 -1.05765e+06 75790.4 15.2315 2.40585
1010000 FRAC0_S 0 1 15000 233.466 9459.7 9.34257e+06 -1.66233e+06 -2.8479e+06 9102.79 15.7919 14.6408
1010000 FRAC0_S 0 1 15000 -74.5244 9484.87 3.22485e+07 -2.10375e+06 -2.20509e+06 93712.1 7.82472 4.5848
1010000 FRAC0_S 0 1 15000 -375.22 9413.64 1.54045e+07 -628838 -2.22559e+06 21839.7 4.73857 9.01717
1010000 FRAC0_S 0 1 15000 -639.186 9252.98 2.05757e+07 265348 -2.09118e+06 38313.4 -1.61057 6.83838
1010000 FRAC0_S 0 1 15000 -840.583 9018.61 1.40318e+07 2.30479e+06 -2.4293e+06 18803.2 -16.1386 9.54435
1010000 FRAC0_S 0 1 15000 -959.699 8733.46 1.41525e+07 2.533e+06 -2.2958e+06 19121 -17.436 8.95135
1010000 FRAC0_S 0 1 15000 -984.872 8425.47 7.60929e+06 4.51146e+06 -1.294e+06 7195.97 -39.1657 7.2169
1010000 FRAC0_S 0 1 15000 -913.64 8124.78 994689 4.16351e+06 -756400 1708.97 -63.8643 9.43546
1010000 FRAC0_S 0 1 15000 -752.975 7860.82 -6.25878e+06 3.81017e+06 290200 1304.85 -42.0233 -2.15919
1010000 FRAC0_S 0 1 15000 -518.603 7659.42 -9.73281e+06 3.77195e+06 1.17785e+06 1452.33 -31.3461 -6.04484
1010000 FRAC0_S 0 1 15000 -233.466 7540.3 -4.53225e+07 3.85343e+06 1.41547e+06 1589.66 -10.2574 -2.15648
1010000 FRAC0_S 0 1 15000 74.5244 7515.13 -1.24599e+07 2.09583e+06 2.42453e+06 1173.24 -16.2134 -10.4645
1010000 FRAC0_S 0 1 15000 375.22 7586.36 -1.17741e+07 341380 2.93357e+06 1154.96 -3.13982 -13.9509
1010000 FRAC0_S 0 1 15000 639.186 7747.02 -7.53411e+06 -307293 3.13943e+06 1319.27 3.86301 -19.6029
1010000 FRAC0_S 0 1 15000 840.583 7981.39 -3.55975e+06 -1.06098e+06 2.11135e+06 693.2 20.3255 -21.2169
1010000 FRAC0_S 0 1 15000 959.699 8266.54 1.92677e+07 -2.00843e+06 2.6656e+06 34386 11.2517 -8.27521
Step FractureNumber TipNr TipActive TipX TipY TipZ KI KII KIII G Phi Psi Extension
1010101 FRAC0_S 0 1 15041.4 1072.16 8580.64 1.2937e+07 1.038e+06 1.14545e+06 15184.4 -9.28097 -5.71954
1010101 FRAC0_S 0 1 15040.6 995.42 8909.7 1.65159e+07 2.80931e+06 536928 25048.6 -18.4013 -2.08444
1010101 FRAC0_S 0 1 15031.4 823.26 9199.32 2.68013e+07 9.01703e+06 -5.31947e+06 75017.5 -27.3236 9.53427
1010101 FRAC0_S 0 1 15027.4 567.811 9420.46 2.74578e+07 4.07862e+06 -1.4674e+06 68951.5 -16.2322 3.40276
1010101 FRAC0_S 0 1 15023.5 255.635 9551.68 3.46634e+07 5.21219e+06 -2.12192e+06 110090 -16.2968 3.8567
1010101 FRAC0_S 0 1 15015.6 -82.0404 9580.69 3.62272e+07 3.84338e+06 -2.46464e+06 119073 -12.0785 4.4088
1010101 FRAC0_S 0 1 15006.8 -412.19 9503.49 3.5166e+07 1.25525e+06 -3.12472e+06 111637 -4.37327 5.95713
1010101 FRAC0_S 0 1 14993.7 -701.433 9326.73 2.9909e+07 -1.01189e+06 -2.33947e+06 80532.5 4.19447 5.32311
1010101 FRAC0_S 0 1 14977.9 -920.808 9068.51 2.34108e+07 -2.74034e+06 -2.43113e+06 50293.4 12.7791 6.39571
1010101 FRAC0_S 0 1 14962.2 -1045.81 8755.88 1.64311e+07 -3.03248e+06 -1.60907e+06 25221.7 18.6973 5.76353
1010101 FRAC0_S 0 1 14938.4 -1056.89 8424 3.43346e+07 -2.11527e+07 -969674 145045 42.6273 1.32995
1010101 FRAC0_S 0 1 14922.6 -967.501 8102.93 729209 877467 2.17667e+06 746.131 -28.7047 -33.9525
1010101 FRAC0_S 0 1 14931.1 -802.689 7814.42 -1.7359e+06 5.8229e+06 -365319 3039.12 -65.078 3.52584
1010101 FRAC0_S 0 1 14952.8 -560.997 7587.15 -4.84366e+07 2.71554e+07 2.56218e+06 66584 -40.1933 -2.52166
1010101 FRAC0_S 0 1 14971.1 -254.495 7450.38 -1.75594e+07 2.22858e+06 1.84838e+06 896.964 -13.6776 -6.42265
1010101 FRAC0_S 0 1 14980.2 81.8152 7420.25 -1.45168e+07 5.48219e+06 2.51128e+06 3516.92 -29.944 -8.29108
1010101 FRAC0_S 0 1 14991.9 412.139 7497.22 -1.33089e+07 2.28699e+06 3.06752e+06 1717.56 -16.1044 -11.9286
1010101 FRAC0_S 0 1 15010.6 700.904 7673.6 -9.62223e+06 -3.47342e+06 1.94274e+06 1577.05 28.6015 -9.52572
1010101 FRAC0_S 0 1 15023.9 920.451 7931.97 -2.64856e+06 -3.16322e+06 1.50483e+06 1192.81 47.4429 -14.6466
1010101 FRAC0_S 0 1 15031.7 1048.41 8244.23 4.70067e+06 -1.18039e+06 2.28767e+06 2789.21 18.7685 -19.2559