
Step FractureNumber TipNr TipActive TipX TipY TipZ KI KII KIII G Phi Psi Extension
1010000 FRAC0_S 0 1 -45000 36572.7 8159.93 1.06227e+06 -327961 -90642.8 111.23 27.5718 4.65067
1010000 FRAC0_S 0 1 -45000 36723.2 7890.02 968592 -193397 107549 88.4717 19.7026 -6.37097
1010000 FRAC0_S 0 1 -45000 36946 7682.31 1.18623e+06 -164286 -234174 135.09 13.7615 10.8056
1010000 FRAC0_S 0 1 -45000 37230 7549.91 1.11378e+06 -94640.8 -244953 119.32 8.81968 12.2088
1010000 FRAC0_S 0 1 -45000 37536.8 7513 1.0785e+06 30756.9 -252236 112.195 -3.12697 13.318
1010000 FRAC0_S 0 1 -45000 37840 7572.7 1.17038e+06 149844 -240947 131.783 -12.7926 11.2523
1010000 FRAC0_S 0 1 -45000 38109.9 7723.17 843479 177140 -155051 69.3915 -19.5048 9.7129
1010000 FRAC0_S 0 1 -45000 38320.1 7949.68 972353 639981 -13454 120.772 -44.2632 0.643221
1010000 FRAC0_S 0 1 -45000 38450.1 8230.07 1.07487e+06 349238 -64201.4 114.369 -28.9973 3.3033
1010000 FRAC0_S 0 1 -45000 38487 8536.87 1.12248e+06 430568 27875.5 128.899 -32.937 -1.36507
1010000 FRAC0_S 0 1 -45000 38427.3 8840.07 890098 290187 72844.1 78.8091 -28.6661 -4.42261
1010000 FRAC0_S 0 1 -45000 38276.8 9109.98 1.07223e+06 313500 420411 134.712 -22.1915 -16.3679
1010000 FRAC0_S 0 1 -45000 38050.3 9320.17 1.23202e+06 200803 252831 147.352 -15.6841 -10.9568
1010000 FRAC0_S 0 1 -45000 37770 9450.09 1.15265e+06 157120 238439 128.152 -13.487 -11.2301
1010000 FRAC0_S 0 1 -45000 37463.2 9487 1.11699e+06 -26710.5 251601 119.663 2.65439 -12.992
1010000 FRAC0_S 0 1 -45000 37160 9427.3 1.16108e+06 -238153 301887 137.304 18.2278 -12.8029
1010000 FRAC0_S 0 1 -45000 36890.1 9276.83 895745 -181729 154644 77.6218 19.1263 -9.27
1010000 FRAC0_S 0 1 -45000 36679.9 9050.32 1.23808e+06 -330599 176150 150.459 24.0132 -7.53816
1010000 FRAC0_S 0 1 -45000 36549.9 8769.93 998373 -172967 224347 98.1803 16.2751 -11.6853
1010000 FRAC0_S 0 1 -45000 36513 8463.13 980344 -34637.2 122720 87.7513 4.19741 -8.02963
Step FractureNumber TipNr TipActive TipX TipY TipZ KI KII KIII G Phi Psi Extension
1010101 FRAC0_S 0 1 -44966.6 36487.6 8129.2 985148 22352.9 -250860 94.8971 -2.4648 14.2382
1010101 FRAC0_S 0 1 -44965.6 36651.8 7833.16 1.3282e+06 -172658 -312775 172.869 12.6935 12.4702
1010101 FRAC0_S 0 1 -44975.8 36897.4 7601.2 1.29498e+06 -64394.6 -380682 169.079 5.08514 15.485
1010101 FRAC0_S 0 1 -44987.7 37204 7457.28 1.18436e+06 -6486.68 -409508 147.303 0.566308 17.7983
1010101 FRAC0_S 0 1 -45004.4 37540.4 7416.45 1.18864e+06 -23657.3 -406396 147.916 2.03116 17.5029
1010101 FRAC0_S 0 1 -45020.8 37872.3 7483.44 1.08249e+06 -19090.7 -372854 122.941 1.80095 17.6143
1010101 FRAC0_S 0 1 -45039.7 38162.4 7653.25 1.13862e+06 27502.9 -370887 133.889 -2.48272 16.9002
1010101 FRAC0_S 0 1 -45055.3 38385.5 7905.23 1.4097e+06 -106149 -327207 192.329 7.83093 12.8076
1010101 FRAC0_S 0 1 -45055.3 38527.9 8208.92 1.54501e+06 29520.3 -210001 218.653 -2.29677 8.72195
1010101 FRAC0_S 0 1 -45051.3 38570.6 8540.02 1.44631e+06 144120 5627.86 188.255 -12.071 -0.274626
1010101 FRAC0_S 0 1 -45047 38507.7 8870.25 1.36944e+06 139139 179628 173.13 -11.0631 -7.92574
1010101 FRAC0_S 0 1 -45037.6 38347.2 9166.11 1.05426e+06 150993 271324 110.866 -13.5842 -13.2184
1010101 FRAC0_S 0 1 -45028.8 38102 9397.83 1.05731e+06 20854.8 341988 115.211 -2.04079 -16.8695
1010101 FRAC0_S 0 1 -45017.3 37795.7 9541.8 1.2712e+06 -45843 447675 170.839 3.58961 -17.6634
1010101 FRAC0_S 0 1 -44995.6 37459.7 9582.59 1.25648e+06 18299.7 420580 164.237 -1.50301 -17.3192
1010101 FRAC0_S 0 1 -44975 37128 9515.42 1.22928e+06 89460.8 393053 155.916 -7.12543 -16.1701
1010101 FRAC0_S 0 1 -44965.6 36833.7 9349 1.1352e+06 -23064 328406 129.226 2.15509 -15.6199
1010101 FRAC0_S 0 1 -44964.5 36604.2 9100.89 982509 144438 157002 91.1574 -14.8635 -9.04444
1010101 FRAC0_S 0 1 -44974 36459.9 8794.84 1.28756e+06 -369110 171466 163.779 25.4131 -7.02554
1010101 FRAC0_S 0 1 -44977.7 36419.3 8460.19 1.39869e+06 -462546 -43752.4 193.649 29.8661 1.77404