
Step FractureNumber TipNr TipActive TipX TipY TipZ KI KII KIII G Phi Psi Extension
1010000 FRAC0_S 0 1 -29946.5 -44329.9 7776.37 1.33482e+06 1.06703e+06 -1.23319e+06 462.487 -35.064 22.6636
1010000 FRAC0_S 0 1 -30197.8 -44224.1 7921.78 1.63451e+06 1.96931e+06 -1.11194e+06 748.1 -46.2568 16.5571
1010000 FRAC0_S 0 1 -30419.1 -44193.7 8112.75 1.69875e+06 2.56909e+06 -657360 902.77 -53.9808 9.82268
1010000 FRAC0_S 0 1 -30619.5 -44243.1 8362.64 1.58597e+06 2.57009e+06 -48615.6 813.056 -59.4209 0.897446
1010000 FRAC0_S 0 1 -30748.8 -44366.2 8614.93 1.04482e+06 1.72613e+06 360101 380.03 -55.9064 -8.53424
1010000 FRAC0_S 0 1 -30804.7 -44551.3 8855.97 1.52085e+06 2.18958e+06 1.02974e+06 774.353 -49.7329 -15.3871
1010000 FRAC0_S 0 1 -30781.8 -44780.3 9062.16 1.51615e+06 1.64473e+06 1.48876e+06 740.676 -40.7638 -21.5915
1010000 FRAC0_S 0 1 -30696.7 -45004.2 9200.89 1.40885e+06 826568 1.73953e+06 640.207 -26.0853 -27.8146
1010000 FRAC0_S 0 1 -30516.3 -45278.4 9294.67 629099 -33468.2 1.50185e+06 335.355 2.14807 -38.2342
1010000 FRAC0_S 0 1 -30299.6 -45498.6 9298.22 978488 -618899 1.28381e+06 338.657 26.8429 -28.2035
1010000 FRAC0_S 0 1 -30049.1 -45672.6 9221.64 1.30887e+06 -1.58607e+06 1.43705e+06 651.485 41.8746 -22.2434
1010000 FRAC0_S 0 1 -29802.2 -45775.9 9078.22 1.11916e+06 -1.84276e+06 901463 522.289 50.8516 -16.4034
1010000 FRAC0_S 0 1 -29570.3 -45805.9 8876.2 1.29165e+06 -2.41933e+06 556233 711.393 56.8732 -9.60662
1010000 FRAC0_S 0 1 -29380.5 -45756.9 8637.36 1.38525e+06 -2.55357e+06 48065.1 752.362 60.9528 -0.935557
1010000 FRAC0_S 0 1 -29251.2 -45633.8 8385.07 1.43637e+06 -2.49438e+06 -469719 767.628 56.8663 7.94995
1010000 FRAC0_S 0 1 -29195.3 -45448.7 8144.03 1.60676e+06 -1.91433e+06 -1.34266e+06 796.378 44.2588 19.0174
1010000 FRAC0_S 0 1 -29218.2 -45219.7 7937.84 1.62652e+06 -1.75617e+06 -1.45273e+06 791.26 41.6129 20.4553
1010000 FRAC0_S 0 1 -29317.5 -44969.1 7786.67 1.58217e+06 -978693 -1.61375e+06 654.777 28.9741 25.2207
1010000 FRAC0_S 0 1 -29483.7 -44721.6 7705.33 2.28689e+06 -204062 -1.70128e+06 854.693 6.64882 26.219
1010000 FRAC0_S 0 1 -29700.4 -44501.4 7701.78 1.33469e+06 -255702 -1.5883e+06 500.086 10.809 30.7352
Step FractureNumber TipNr TipActive TipX TipY TipZ KI KII KIII G Phi Psi Extension
1010101 FRAC0_S 0 1 -29964.6 -44300.5 7692.12 2.66988e+06 457205 -1.36901e+06 903.094 -13.5127 20.6905
1010101 FRAC0_S 0 1 -30250.8 -44211.8 7840.13 2.78328e+06 84520 -1.02535e+06 830.772 -3.00639 18.2541
1010101 FRAC0_S 0 1 -30500.1 -44193 8054.51 3.07581e+06 495603 -349151 881.136 -16.579 6.68466
1010101 FRAC0_S 0 1 -30701 -44251.1 8306.66 3.29118e+06 -255231 387929 991.048 8.78759 -7.37002
1010101 FRAC0_S 0 1 -30838.5 -44378.5 8574.9 2.70291e+06 -215235 928136 769.71 7.6151 -16.9004
1010101 FRAC0_S 0 1 -30900 -44566.8 8836.61 2.57773e+06 -48251.5 1.11376e+06 757.296 1.79468 -20.3028
1010101 FRAC0_S 0 1 -30876.7 -44801.5 9069.54 2.30156e+06 70662.3 1.34906e+06 714.529 -2.63318 -23.94
1010101 FRAC0_S 0 1 -30763.2 -45056.7 9255.06 2.0991e+06 90912.3 1.70038e+06 777.917 -3.23335 -27.7876
1010101 FRAC0_S 0 1 -30563.5 -45303.1 9370.36 1.95002e+06 28592.8 1.80158e+06 770.6 -1.05493 -29.6782
1010101 FRAC0_S 0 1 -30304 -45517.6 9391.22 771745 -271195 1.42034e+06 327.936 14.5649 -34.0036
1010101 FRAC0_S 0 1 -30022.1 -45682 9315.15 2.32615e+06 -250004 1.37679e+06 739.85 8.5743 -23.1638
1010101 FRAC0_S 0 1 -29746.9 -45780.5 9159.65 2.86773e+06 -224433 1.12226e+06 904.828 7.25699 -18.4305
1010101 FRAC0_S 0 1 -29499.7 -45801.9 8945.52 3.07757e+06 -155083 456046 873.801 5.76228 -9.139
1010101 FRAC0_S 0 1 -29299.5 -45746 8693.75 3.3035e+06 104409 -70377.7 974.096 -4.13936 1.5647
1010101 FRAC0_S 0 1 -29161.5 -45621.9 8423.99 3.18393e+06 547912 -468272 959.26 -17.072 8.28605
1010101 FRAC0_S 0 1 -29099.2 -45436.1 8160.72 2.85164e+06 -215844 -1.00797e+06 863.905 7.21834 17.2728
1010101 FRAC0_S 0 1 -29122.7 -45199.2 7930.55 1.86105e+06 -93794 -1.02892e+06 450.219 4.33171 22.9733
1010101 FRAC0_S 0 1 -29234.3 -44939.7 7749.71 1.95236e+06 -86970 -1.32277e+06 573.046 3.57465 25.5798
1010101 FRAC0_S 0 1 -29422.1 -44681.5 7642.78 2.17461e+06 1.22663e+06 -1.79058e+06 981.893 -29.1693 22.9758
1010101 FRAC0_S 0 1 -29672.7 -44456.9 7625.92 2.16376e+06 562190 -1.71114e+06 834.785 -16.6146 25.1724