
Step FractureNumber TipNr TipActive TipX TipY TipZ KI KII KIII G Phi Psi Extension
1010000 FRAC0_S 0 1 44054 29715.9 8500 -50234.1 -898912 189023 76.7568 66.9068 -12.0438
1010000 FRAC0_S 0 1 44188.1 29437.5 8500 -56247.7 -876786 -6915.11 68.51 69.6839 0.572052
1010000 FRAC0_S 0 1 44401.7 29214.1 8500 -53147.6 -816046 -191856 64.2367 66.2677 13.0248
1010000 FRAC0_S 0 1 44673.8 29067.8 8500 -67983 -761661 -397966 72.7593 59.9155 21.8179
1010000 FRAC0_S 0 1 44977.9 29012.6 8500 -46462.1 -484992 -474766 50.9388 51.2169 29.4562
1010000 FRAC0_S 0 1 45284.1 29054 8500 4035.8 -453096 -454984 45.8277 52.272 30.697
1010000 FRAC0_S 0 1 45562.5 29188.1 8500 -27014.9 24292.2 -462325 28.4805 -6.46472 43.472
1010000 FRAC0_S 0 1 45785.9 29401.7 8500 3727.4 31390.9 -793376 83.8054 -5.20398 44.432
1010000 FRAC0_S 0 1 45932.2 29673.8 8500 -131273 1.10523e+06 -491655 141 -60.9049 19.5198
1010000 FRAC0_S 0 1 45987.4 29977.9 8500 -12252.1 634149 -293438 47.2872 -62.5945 21.1363
1010000 FRAC0_S 0 1 45946 30284.1 8500 -15236.8 733965 -146433 50.8558 -67.7192 11.8706
1010000 FRAC0_S 0 1 45811.9 30562.5 8500 -2217.06 584810 6463.18 30.4815 -69.985 -0.845515
1010000 FRAC0_S 0 1 45598.3 30785.9 8500 -4256.8 536107 128298 27.8004 -67.2491 -13.7512
1010000 FRAC0_S 0 1 45326.2 30932.2 8500 -24802.2 682737 335003 56.463 -61.6623 -21.6565
1010000 FRAC0_S 0 1 45022.1 30987.4 8500 -18470.4 493906 449088 48.5612 -53.446 -29.2332
1010000 FRAC0_S 0 1 44715.9 30946 8500 -29853.6 253327 525592 42.4595 -36.9837 -36.7527
1010000 FRAC0_S 0 1 44437.5 30811.9 8500 -84947 -97471 831487 92.7989 12.8119 -41.7728
1010000 FRAC0_S 0 1 44214.1 30598.3 8500 -44960.4 -262654 550489 46.4515 36.2939 -36.4574
1010000 FRAC0_S 0 1 44067.8 30326.2 8500 -49791 -460688 436321 44.2322 51.5475 -28.9371
1010000 FRAC0_S 0 1 44012.6 30022.1 8500 -17895.6 -245935 44296 5.65069 67.1483 -10.5312
Step FractureNumber TipNr TipActive TipX TipY TipZ KI KII KIII G Phi Psi Extension
1010101 FRAC0_S 0 1 44018.5 29705.6 8592.48 -824746 390928 377009 32.5222 -30.146 -16.6145
1010101 FRAC0_S 0 1 44158.4 29416.8 8592.77 -271981 181820 424733 26.9388 -25.976 -29.9965
1010101 FRAC0_S 0 1 44378.3 29181.3 8590.85 430254 -48921.4 507838 51.0098 6.76715 -31.3964
1010101 FRAC0_S 0 1 44659.1 29020.4 8585.64 556660 -229210 -27470.8 32.3945 33.8945 2.59682
1010101 FRAC0_S 0 1 44977.5 28954.8 8580.38 200499 -59997.3 245628 11.9273 15.6123 -30.0819
1010101 FRAC0_S 0 1 45306.7 28988.7 8556.22 665067 -459478 -848594 154.002 28.8054 27.4419
1010101 FRAC0_S 0 1 45615 29117.6 8511.88 389129 -613906 -647979 102.921 42.3787 25.5298
1010101 FRAC0_S 0 1 45851.1 29347.1 8470.8 -173282 -574250 256937 38.1653 57.1588 -17.7927
1010101 FRAC0_S 0 1 45986.6 29650.5 8431.85 -136728 -222502 -140050 7.02023 48.4884 19.2828
1010101 FRAC0_S 0 1 46031 29976 8410.63 -423537 -268788 -142325 9.13201 37.8256 12.341
1010101 FRAC0_S 0 1 45982.7 30294.1 8408.04 -100243 -106817 -440866 26.867 21.1779 37.7949
1010101 FRAC0_S 0 1 45840.8 30582.6 8406.83 -280765 -174605 -411775 25.268 25.3518 29.598
1010101 FRAC0_S 0 1 45620.9 30817.3 8408.4 81021.1 -128046 -532605 39.7738 22.0839 38.9952
1010101 FRAC0_S 0 1 45340.2 30977.2 8412.86 558242 319645 -45484.1 37.1495 -40.0756 3.76211
1010101 FRAC0_S 0 1 45021 31047.5 8422.8 -95852.8 -105075 -419927 24.4369 21.6889 37.6601
1010101 FRAC0_S 0 1 44690.9 31019.1 8455.38 251249 265372 609448 61.3003 -29.1052 -32.5487
1010101 FRAC0_S 0 1 44388 30883.3 8510.84 47924.1 392724 109514 15.5434 -64.2676 -14.2189
1010101 FRAC0_S 0 1 44153.5 30647.9 8554.71 -187635 272124 39537.7 6.80663 -55.5092 -5.96964
1010101 FRAC0_S 0 1 44012.6 30348.8 8576.99 -559340 217268 -708985 71.0603 -18.9778 29.7087
1010101 FRAC0_S 0 1 43969.1 30024.9 8588.65 -527716 303890 141151 10.8791 -36.9045 -10.6233