
Step FractureNumber TipNr TipActive TipX TipY TipZ KI KII KIII G Phi Psi Extension
1010000 FRAC0_S 0 1 15000 -21518.6 8611.28 4.32413e+06 493367 62508.1 1688.39 -13.4385 -0.99369
1010000 FRAC0_S 0 1 15000 -21601 8909.1 4.38354e+06 303608 86127.9 1721.49 -8.6216 -1.39667
1010000 FRAC0_S 0 1 15000 -21771.5 9166.88 3.91429e+06 193775 120438 1370.59 -6.26863 -2.19486
1010000 FRAC0_S 0 1 15000 -22020.2 9363.34 3.6121e+06 117637 145533 1166.69 -4.18533 -2.8827
1010000 FRAC0_S 0 1 15000 -22302.5 9467.75 2.93751e+06 -341.03 145883 771.755 0.0154818 -3.61613
1010000 FRAC0_S 0 1 15000 -22611.3 9481.4 2.8845e+06 -51576.3 138225 744.203 2.32902 -3.44029
1010000 FRAC0_S 0 1 15000 -22909.1 9398.98 3.8396e+06 -145714 178563 1319.84 4.81356 -3.28425
1010000 FRAC0_S 0 1 15000 -23166.9 9228.56 3.5343e+06 387305 -205036 1132.06 -12.5231 3.79404
1010000 FRAC0_S 0 1 15000 -23359.4 8986.83 3.49979e+06 173607 -38877.8 1094.35 -6.3941 0.813257
1010000 FRAC0_S 0 1 15000 -23467.8 8697.44 4.00614e+06 -273943 95110.5 1438.03 8.49137 -1.68001
1010000 FRAC0_S 0 1 15000 -23481.4 8388.72 3.81362e+06 -319660 -15566.6 1305.13 10.3712 0.292194
1010000 FRAC0_S 0 1 15000 -23399 8090.9 3.89364e+06 -226619 -86746.7 1356.52 7.33826 1.5943
1010000 FRAC0_S 0 1 15000 -23228.5 7833.12 2.92693e+06 -163889 -84105.6 766.733 7.04023 2.04311
1010000 FRAC0_S 0 1 15000 -22986.8 7640.62 4.29559e+06 -91938.2 -115153 1646.78 2.82941 1.97322
1010000 FRAC0_S 0 1 15000 -22697.5 7532.25 4.2965e+06 -46051.6 -186139 1649.76 1.4164 3.15021
1010000 FRAC0_S 0 1 15000 -22388.7 7518.6 3.81261e+06 13631.1 -176289 1299.45 -0.475976 3.37144
1010000 FRAC0_S 0 1 15000 -22090.9 7601.02 3.22052e+06 106486 -146257 928.082 -4.22645 3.22601
1010000 FRAC0_S 0 1 15000 -21833.1 7771.44 3.11651e+06 225699 -111222 871.678 -8.85072 2.47785
1010000 FRAC0_S 0 1 15000 -21640.6 8013.17 3.26187e+06 202105 -80475.2 952.616 -7.75523 1.75394
1010000 FRAC0_S 0 1 15000 -21532.2 8302.56 3.66509e+06 645688 -48063.4 1234.46 -19.2026 0.856066
Step FractureNumber TipNr TipActive TipX TipY TipZ KI KII KIII G Phi Psi Extension
1010101 FRAC0_S 0 1 14976.4 -21424.6 8622.27 4.18879e+06 -674697 -59130.6 1604.55 17.8735 0.932176
1010101 FRAC0_S 0 1 14984 -21513.5 8949.09 4.37489e+06 -338546 40358 1715.97 9.6152 -0.659813
1010101 FRAC0_S 0 1 14988.9 -21700 9232.37 3.85744e+06 -358932 33932.2 1337.58 11.3236 -0.620607
1010101 FRAC0_S 0 1 14993.7 -21965.3 9444.04 4.44969e+06 -178182 147638 1770.08 5.12618 -2.37987
1010101 FRAC0_S 0 1 14999.2 -22283.1 9563.26 3.20922e+06 -95825.4 129561 920.804 3.85151 -2.89537
1010101 FRAC0_S 0 1 15004.1 -22622.2 9578.21 5.07696e+06 207624 267568 2310.22 -5.13745 -3.68231
1010101 FRAC0_S 0 1 14999.8 -22949 9487.15 4.04125e+06 383023 -215333 1474.56 -11.0806 3.54904
1010101 FRAC0_S 0 1 14988.5 -23231.8 9299.49 3.49193e+06 -638223 196523 1128 19.1281 -3.47477
1010101 FRAC0_S 0 1 14992.7 -23443.4 9034.26 4.06668e+06 -48406.6 -174229 1477.94 1.57104 3.11386
1010101 FRAC0_S 0 1 15009.1 -23562.2 8716.8 4.17643e+06 619280 -82912.3 1589.4 -16.6433 1.31608
1010101 FRAC0_S 0 1 15015.9 -23577.1 8377.85 4.40349e+06 340841 -17972.4 1738.3 -9.66133 0.293893
1010101 FRAC0_S 0 1 15014 -23486.8 8050.84 3.64233e+06 1.35707e+06 361688 1363.69 -30.9533 -5.1121
1010101 FRAC0_S 0 1 15010.5 -23300 7767.62 4.97951e+06 470369 -32883.4 2229.39 -11.4955 0.466625
1010101 FRAC0_S 0 1 15006.2 -23034.7 7555.93 4.30929e+06 144486 -147932 1659.54 -4.32676 2.47338
1010101 FRAC0_S 0 1 15002.2 -22716.9 7436.71 3.69488e+06 -60921.3 -698479 1281.76 1.90169 11.4198
1010101 FRAC0_S 0 1 14998.3 -22377.8 7421.74 4.23253e+06 67361.2 -189055 1601.5 -2.08508 3.22649
1010101 FRAC0_S 0 1 14992.3 -22050.8 7512.57 3.41506e+06 -84841.5 -117347 1041.73 3.24515 2.49567
1010101 FRAC0_S 0 1 14987.1 -21767.9 7700.09 4.31143e+06 -321159 -136153 1668.07 9.11106 2.2001
1010101 FRAC0_S 0 1 14981.2 -21557.7 7965.81 4.0414e+06 -420792 -25358.8 1471.29 12.5121 0.439719
1010101 FRAC0_S 0 1 14974.3 -21440.2 8283.65 4.24309e+06 -804935 2253.42 1662.05 20.5356 -0.0347968