
Step FractureNumber TipNr TipActive TipX TipY TipZ KI KII KIII G Phi Psi Extension
1010000 FRAC0_S 0 1 7500 -6516.62 8592.17 -882250 -578895 -397100 50.835 36.8204 15.1613
1010000 FRAC0_S 0 1 7500 -6593.24 8891.55 -3.87925e+06 -1.6491e+06 806974 328.949 31.6994 -9.39998
1010000 FRAC0_S 0 1 7500 -6758.61 9152.59 -8.14824e+06 -498776 -545729 61.7787 7.39 4.51419
1010000 FRAC0_S 0 1 7500 -6996.55 9349.75 -1.02825e+07 -205947 -634128 57.2612 2.56825 4.33972
1010000 FRAC0_S 0 1 7500 -7283.78 9463.73 -1.11689e+07 99110.7 -563555 43.1153 -1.16784 3.6404
1010000 FRAC0_S 0 1 7500 -7592.17 9483.38 -1.33988e+07 342784 -675186 71.1021 -3.28917 3.58062
1010000 FRAC0_S 0 1 7500 -7891.55 9406.76 -1.20386e+07 274280 -691730 70.343 -2.9216 4.05554
1010000 FRAC0_S 0 1 7500 -8152.59 9241.39 1.71545e+06 9.77185e+06 -6.90898e+06 15119.9 -54.615 24.6394
1010000 FRAC0_S 0 1 7500 -8349.75 9003.45 -6.82207e+06 462713 49151.7 19.4001 -8.55426 -0.521271
1010000 FRAC0_S 0 1 7500 -8463.73 8716.22 -2.4724e+06 773886 242280 61.1749 -27.6121 -5.25791
1010000 FRAC0_S 0 1 7500 -8483.38 8407.83 1.49898e+06 519870 395487 245.11 -26.9001 -11.8915
1010000 FRAC0_S 0 1 7500 -8406.76 8108.45 7.56198e+06 -287792 598815 5150.69 4.68772 -5.36267
1010000 FRAC0_S 0 1 7500 -8241.39 7847.41 9.36807e+06 7.95838e+06 -5.90991e+06 18109.5 -39.7383 17.7037
1010000 FRAC0_S 0 1 7500 -8003.45 7650.25 1.26608e+07 -276445 283308 14301.4 2.89683 -1.65634
1010000 FRAC0_S 0 1 7500 -7716.22 7536.27 1.39287e+07 -544450 478509 17344.9 5.00515 -2.4625
1010000 FRAC0_S 0 1 7500 -7407.83 7516.62 1.39593e+07 -773692 79928.9 17418.4 7.12135 -0.419919
1010000 FRAC0_S 0 1 7500 -7108.45 7593.24 1.48244e+07 -982101 -26045.1 19669.2 8.41491 0.128223
1010000 FRAC0_S 0 1 7500 -6847.41 7758.61 1.07108e+07 6.85188e+06 4.02157e+06 16557.5 -37.3885 -13.3873
1010000 FRAC0_S 0 1 7500 -6650.25 7996.55 9.35473e+06 -545243 -278416 7834.91 7.29874 2.10889
1010000 FRAC0_S 0 1 7500 -6536.27 8283.78 -1.67726e+06 6.04638e+06 4.08194e+06 5473.82 -53.341 -23.0243
Step FractureNumber TipNr TipActive TipX TipY TipZ KI KII KIII G Phi Psi Extension
1010101 FRAC0_S 0 1 7523.05 -6442.68 8601.07 -1.05157e+06 -602902 -188067 37.0948 38.315 7.61763
1010101 FRAC0_S 0 1 7544.47 -6515.64 8926.66 -5.90035e+06 -3.00048e+06 -1.26833e+06 1016.2 35.2138 9.21504
1010101 FRAC0_S 0 1 7520.69 -6689.13 9215.27 -1.01356e+07 -2.25306e+06 -975721 578.966 21.6127 5.51882
1010101 FRAC0_S 0 1 7504.94 -6947.01 9433.49 -1.38355e+07 -441500 -659507 75.2178 4.07701 3.37967
1010101 FRAC0_S 0 1 7498.66 -7262.44 9558.85 -1.81452e+07 1.34732e+06 -1.5685e+06 488.963 -8.66964 5.62593
1010101 FRAC0_S 0 1 7495.34 -7601.26 9580.39 -1.69988e+07 2.28845e+06 -522380 502.964 -15.2389 2.03391
1010101 FRAC0_S 0 1 7475.74 -7922.38 9488.76 -1.36428e+07 7.69804e+06 570327 5323.91 -40.5459 -2.00791
1010101 FRAC0_S 0 1 7454.24 -8202.89 9298.65 -9.51947e+06 5.46041e+06 234638 2664.23 -41.2289 -1.19506
1010101 FRAC0_S 0 1 7460.59 -8423.47 9044.36 -6.29265e+06 3.02475e+06 602181 863.509 -36.1812 -4.61348
1010101 FRAC0_S 0 1 7461.8 -8550.43 8736.43 -2.08787e+06 1.35026e+06 251171 170.855 -41.8624 -5.15736
1010101 FRAC0_S 0 1 7467.83 -8572.26 8398.64 1.78786e+06 -653714 1.56264e+06 647.681 20.9902 -25.4137
1010101 FRAC0_S 0 1 7476.79 -8489.14 8073.92 6.69996e+06 -1.2409e+06 771716 4216.52 18.5197 -6.64995
1010101 FRAC0_S 0 1 7471.34 -8305.86 7790.65 1.29666e+07 -1.04494e+06 -541009 15118.6 9.69172 2.85413
1010101 FRAC0_S 0 1 7488.72 -8048.78 7570.29 1.07558e+07 7.52379e+06 -6.89908e+06 21683.7 -35.5839 18.8948
1010101 FRAC0_S 0 1 7508.72 -7737.53 7441.48 1.1278e+07 6.78575e+06 -4.23407e+06 17821.8 -36.1223 13.6213
1010101 FRAC0_S 0 1 7512.04 -7398.84 7420.21 1.15164e+07 -7.54094e+06 -4.14781e+06 19173.9 38.1033 12.8878
1010101 FRAC0_S 0 1 7495.24 -7073.41 7508.21 1.37603e+07 -389237 611714 16935.8 3.64298 -3.17569
1010101 FRAC0_S 0 1 7476.48 -6790.02 7693.45 1.36285e+07 3.17007e+06 3.10611e+06 18729.5 -20.5213 -11.3683
1010101 FRAC0_S 0 1 7471.12 -6579.9 7953.1 8.20378e+06 3.99119e+06 3.73327e+06 9270.44 -30.6852 -16.4689
1010101 FRAC0_S 0 1 7478.05 -6465.88 8266.47 3.78927e+06 2.28301e+06 3.02137e+06 2958.06 -30.7357 -22.2726