
Step FractureNumber TipNr TipActive TipX TipY TipZ KI KII KIII G Phi Psi Extension
1010000 FRAC0_S 0 1 -30000 29254 7852.75 797674 -3.40881e+06 -66843.4 1092.75 67.1351 1.212
1010000 FRAC0_S 0 1 -30000 29487.6 7655.6 686160 -2.8966e+06 -774485 869.389 62.1338 12.8216
1010000 FRAC0_S 0 1 -30000 29773.6 7538.6 688738 -2.30438e+06 -1.35358e+06 759.141 54.5466 21.0894
1010000 FRAC0_S 0 1 -30000 30081.8 7515.7 650162 -1.41812e+06 -1.66901e+06 587.358 43.0443 28.2521
1010000 FRAC0_S 0 1 -30000 30382 7589.16 797279 -644847 -1.8252e+06 536.769 24.9041 33.2746
1010000 FRAC0_S 0 1 -30000 30644.7 7751.78 726354 106809 -1.32537e+06 281.658 -6.75615 35.4516
1010000 FRAC0_S 0 1 -30000 30844.5 7987.64 1.20334e+06 768032 -1.64108e+06 539.784 -26.6009 28.6238
1010000 FRAC0_S 0 1 -30000 30961.5 8273.65 1.43019e+06 1.38193e+06 -1.11914e+06 519.027 -40.5634 19.5305
1010000 FRAC0_S 0 1 -30000 30984.3 8581.81 1.59992e+06 1.56028e+06 -1.00374e+06 579.033 -42.6311 16.8847
1010000 FRAC0_S 0 1 -30000 30910.8 8881.97 1.5553e+06 1.5127e+06 -570589 462.762 -46.1047 11.4201
1010000 FRAC0_S 0 1 -30000 30748.2 9144.74 1.77571e+06 1.74146e+06 -543700 590.535 -47.1643 9.85169
1010000 FRAC0_S 0 1 -30000 30512.4 9344.4 2.34746e+06 1.87787e+06 -64415 805.836 -47.8719 1.16381
1010000 FRAC0_S 0 1 -30000 30226.4 9461.4 2.1983e+06 1.73788e+06 -67197.5 700.36 -47.5833 1.29995
1010000 FRAC0_S 0 1 -30000 29918.2 9484.3 2.69666e+06 1.58787e+06 566453 915.358 -38.326 -8.65815
1010000 FRAC0_S 0 1 -30000 29618 9410.84 2.71617e+06 1.1095e+06 730843 838.148 -29.9393 -11.6619
1010000 FRAC0_S 0 1 -30000 29355.3 9248.22 2.61904e+06 991032 1.32478e+06 932.176 -25.2922 -18.5612
1010000 FRAC0_S 0 1 -30000 29155.5 9012.36 2.39886e+06 181133 1.64214e+06 874.358 -5.8773 -25.3451
1010000 FRAC0_S 0 1 -30000 29038.5 8726.35 2.1464e+06 -846087 1.82147e+06 915.584 22.4437 -24.7886
1010000 FRAC0_S 0 1 -30000 29015.7 8418.19 1.77599e+06 -1.91365e+06 1.23632e+06 810.677 43.8233 -17.4977
1010000 FRAC0_S 0 1 -30000 29089.2 8118.03 1.16582e+06 -2.79136e+06 824155 905.767 57.8746 -12.4643
Step FractureNumber TipNr TipActive TipX TipY TipZ KI KII KIII G Phi Psi Extension
1010101 FRAC0_S 0 1 -29910.6 29218.8 7827.45 2.982e+06 -370401 -3181.06 804.62 14.6008 0.0739136
1010101 FRAC0_S 0 1 -29912.4 29464.8 7615.16 2.52591e+06 -549275 -407717 617.536 20.3379 8.67864
1010101 FRAC0_S 0 1 -29920.1 29762.4 7482.17 2.56399e+06 -799974 -1.16842e+06 824.409 22.5296 17.9148
1010101 FRAC0_S 0 1 -29935 30090.3 7444.26 1.66847e+06 -655686 -1.39452e+06 545.019 22.5088 24.6097
1010101 FRAC0_S 0 1 -29964.8 30417.3 7510.33 1.47971e+06 -348285 -1.91667e+06 694.51 12.4156 31.2781
1010101 FRAC0_S 0 1 -30006.5 30705 7681.66 1.54204e+06 247545 -1.68007e+06 592.762 -9.63209 30.0316
1010101 FRAC0_S 0 1 -30041.6 30917.3 7941.28 1.93196e+06 176434 -1.72903e+06 732.984 -6.28884 28.445
1010101 FRAC0_S 0 1 -30060.7 31035.8 8254.87 2.17115e+06 211118 -1.28352e+06 643.133 -7.83062 23.2649
1010101 FRAC0_S 0 1 -30068.2 31055.5 8587.22 2.54452e+06 105951 -932361 693.567 -4.07885 18.0632
1010101 FRAC0_S 0 1 -30071.3 30974 8908.01 3.11643e+06 -193087 -628197 921.255 6.69664 11.6037
1010101 FRAC0_S 0 1 -30073.2 30798.7 9187.98 3.3589e+06 -344544 -343228 1031.6 11.4125 6.37836
1010101 FRAC0_S 0 1 -30073.8 30546.5 9400.58 3.28701e+06 -729046 -10320.3 1010.16 23.0545 0.199711
1010101 FRAC0_S 0 1 -30070.9 30241.2 9528.11 3.26818e+06 -741050 106667 1002.23 22.9373 -1.99928
1010101 FRAC0_S 0 1 -30061.9 29910.5 9559.78 3.36682e+06 -648123 257320 1056.34 19.6277 -4.57826
1010101 FRAC0_S 0 1 -30051.2 29584.9 9487.46 3.31133e+06 129292 502142 1012.11 -4.51565 -9.39865
1010101 FRAC0_S 0 1 -30036.4 29296.1 9315.35 2.97643e+06 131206 800559 876.211 -4.62118 -14.5929
1010101 FRAC0_S 0 1 -30006.2 29075.8 9060.58 3.24791e+06 280773 1.44268e+06 1223.86 -7.68364 -19.8564
1010101 FRAC0_S 0 1 -29966.1 28954.3 8748.35 3.35174e+06 186737 1.91561e+06 1492.24 -4.71126 -23.3247
1010101 FRAC0_S 0 1 -29934.7 28945 8415.35 3.34108e+06 -121607 1.31517e+06 1226.09 3.51796 -18.9702
1010101 FRAC0_S 0 1 -29917.3 29039.3 8099.91 2.95317e+06 -228999 607788 830.949 8.20363 -11.66