
Step FractureNumber TipNr TipActive TipX TipY TipZ KI KII KIII G Phi Psi Extension
1010000 FRAC0_S 0 1 29487.9 844.559 8500 -946855 4.59008e+06 -5.31988e+06 5641.5 -46.6775 30.2969
1010000 FRAC0_S 0 1 29251.9 644.975 8500 -3.32324e+06 6.19447e+06 -3.82559e+06 5365.76 -49.9072 19.6504
1010000 FRAC0_S 0 1 29089.2 382.257 8500 -940773 8.24521e+06 -2.3788e+06 6810.61 -64.2325 14.6479
1010000 FRAC0_S 0 1 29015.7 82.121 8500 -1.02617e+06 9.10775e+06 -450472 7418.77 -68.6376 3.25991
1010000 FRAC0_S 0 1 29038.5 -226.054 8500 -1.01608e+06 9.63283e+06 1.61595e+06 8615.95 -66.7763 -9.704
1010000 FRAC0_S 0 1 29155.4 -512.101 8500 -800294 8.27501e+06 3.75928e+06 7981.46 -61.1655 -20.0153
1010000 FRAC0_S 0 1 29355 -748.021 8500 -3.83405e+07 4.96379e+06 4.35946e+06 4723.25 -13.8207 -6.85804
1010000 FRAC0_S 0 1 29617.7 -910.718 8500 -8.94884e+06 3.262e+06 5.59485e+06 5111.4 -23.2986 -21.2507
1010000 FRAC0_S 0 1 29917.9 -984.268 8500 -1.02882e+06 673667 6.59485e+06 5824.88 -10.9053 -41.1485
1010000 FRAC0_S 0 1 30226 -961.471 8500 -1.14701e+06 -2.82021e+06 6.95938e+06 7150.33 31.4714 -36.2928
1010000 FRAC0_S 0 1 30512.1 -844.559 8500 -2.68543e+07 -5.07623e+06 5.20191e+06 5895.16 17.8306 -10.2794
1010000 FRAC0_S 0 1 30748.1 -644.975 8500 2.10754e+06 -7.08227e+06 3.92563e+06 6915.04 55.1877 -20.39
1010000 FRAC0_S 0 1 30910.8 -382.257 8500 -1.02718e+06 -9.38438e+06 2.56415e+06 8722.06 64.6378 -14.125
1010000 FRAC0_S 0 1 30984.3 -82.121 8500 -2.02652e+06 -1.04511e+07 495138 9765.68 67.3551 -2.92899
1010000 FRAC0_S 0 1 30961.5 226.054 8500 3.16382e+07 -9.2433e+06 -1.40556e+06 97073.3 27.2573 2.55615
1010000 FRAC0_S 0 1 30844.6 512.101 8500 -741410 -9.36238e+06 -3.86734e+06 9800.05 62.3827 19.0625
1010000 FRAC0_S 0 1 30645 748.021 8500 -936738 -6.3919e+06 -5.12931e+06 7139.91 53.4035 26.5207
1010000 FRAC0_S 0 1 30382.3 910.718 8500 -1.01416e+06 -3.78467e+06 -6.12877e+06 6272.12 40.091 33.3662
1010000 FRAC0_S 0 1 30082.1 984.268 8500 -1.02298e+06 -903284 -6.56254e+06 5800.6 14.1046 40.5777
1010000 FRAC0_S 0 1 29774 961.471 8500 -887199 2.31263e+06 -6.62375e+06 6311.84 -29.0788 37.59
Step FractureNumber TipNr TipActive TipX TipY TipZ KI KII KIII G Phi Psi Extension
1010101 FRAC0_S 0 1 29452.9 905.676 8432.35 2.62019e+06 2.35025e+06 -3.76053e+06 2984.82 -32.6137 27.4736
1010101 FRAC0_S 0 1 29208.7 684.876 8421.04 5.9027e+06 3.97828e+06 -4.00094e+06 6644.08 -34.3722 19.7394
1010101 FRAC0_S 0 1 29047.9 401.941 8412.56 7.68433e+06 3.48989e+06 -2.2042e+06 6993.33 -31.757 11.9553
1010101 FRAC0_S 0 1 28977.9 85.5849 8407.95 -9.39998e+06 -2.27757e+06 575889 506.352 23.6037 -3.59297
1010101 FRAC0_S 0 1 28999.9 -236.061 8408.87 68592.6 1.80845e+07 1.12885e+06 29313.4 -69.73 -4.45334
1010101 FRAC0_S 0 1 29109.4 -545.246 8427.25 7.45711e+06 4.72331e+06 2.76123e+06 7957.33 -37.2613 -13.2875
1010101 FRAC0_S 0 1 29304.1 -812.215 8456.26 3.70923e+06 5.73431e+06 4.96576e+06 7435.76 -44.6283 -22.9613
1010101 FRAC0_S 0 1 29582 -995.91 8469.52 -4.38384e+07 1.93117e+07 8.11591e+06 41993.4 -32.7972 -8.4548
1010101 FRAC0_S 0 1 29909.8 -1075.13 8493.7 873959 753443 4.41174e+06 2707.29 -16.3768 -39.3699
1010101 FRAC0_S 0 1 30246.2 -1047.8 8529.02 -1.04499e+07 -7.11687e+06 8.56169e+06 14262.6 32.9398 -22.0155
1010101 FRAC0_S 0 1 30552.5 -915.336 8548.88 2.58182e+06 -3.55695e+06 4.76856e+06 4745.71 38.2107 -27.7933
1010101 FRAC0_S 0 1 30791.9 -688.11 8571.29 4.16417e+06 165423 1.63535e+06 1903.33 -3.82872 -18.9041
1010101 FRAC0_S 0 1 30950.8 -400.666 8588.78 8.06137e+06 -3.72653e+06 2.50616e+06 7863.7 31.7409 -12.6612
1010101 FRAC0_S 0 1 31034.9 -82.7793 8580.18 5.30617e+06 -7.01273e+06 773008 6970.69 54.9068 -4.49044
1010101 FRAC0_S 0 1 31024.2 241.436 8568.12 8.41572e+06 -7.03082e+06 -1.31087e+06 10944.6 46.4167 5.89971
1010101 FRAC0_S 0 1 30895.8 540.493 8575.82 7.02899e+06 -5.50963e+06 -3.40494e+06 8649.61 40.0206 15.1528
1010101 FRAC0_S 0 1 30682.2 793.835 8578.42 6.70261e+06 -4.10131e+06 -5.23822e+06 9151.53 31.2169 21.9507
1010101 FRAC0_S 0 1 30408.8 981.44 8558.36 4.12241e+06 -3.08599e+06 -5.92644e+06 7034.3 29.0285 28.4754
1010101 FRAC0_S 0 1 30088.5 1071.5 8516.13 1.83513e+06 890569 2.43445e+06 1159 -22.077 -29.4537
1010101 FRAC0_S 0 1 29757.1 1042.84 8463.6 2.22893e+06 1.85039e+06 -6.75891e+06 6823.63 -21.8616 35.8085