
Step FractureNumber TipNr TipActive TipX TipY TipZ KI KII KIII G Phi Psi Extension
1010000 FRAC0_S 0 1 0 -14017.8 8603.45 -8.16599e+06 1.46852e+06 43604.5 192.424 -19.6314 -0.350757
1010000 FRAC0_S 0 1 0 -14097.8 8901.92 -1.49963e+07 126119 160173 4.82955 -1.15058 -0.813873
1010000 FRAC0_S 0 1 0 -14266.1 9161.05 -2.26312e+07 -2.43008e+07 -1.48012e+07 81759 44.2631 16.8043
1010000 FRAC0_S 0 1 0 -14506.3 9355.47 -2.9011e+07 120430 213868 7.37578 -0.573368 -0.56671
1010000 FRAC0_S 0 1 0 -14794.9 9466.15 -3.1963e+07 66804.5 269297 10.0429 -0.289264 -0.648039
1010000 FRAC0_S 0 1 0 -15103.5 9482.25 -3.27437e+07 -449338 246424 26.0681 1.86859 -0.57301
1010000 FRAC0_S 0 1 0 -15401.9 9402.21 -3.08121e+07 -426537 246101 24.2673 1.88379 -0.607672
1010000 FRAC0_S 0 1 0 -15661 9233.85 -2.37177e+07 -223419 146375 7.29762 1.29252 -0.47277
1010000 FRAC0_S 0 1 0 -15855.5 8993.66 -1.98116e+07 -277746 74210 7.60666 1.91517 -0.286624
1010000 FRAC0_S 0 1 0 -15966.1 8705.15 -1.14672e+07 -326972 20265.5 9.5814 3.82096 -0.133697
1010000 FRAC0_S 0 1 0 -15982.2 8396.55 -3.89785e+06 -893185 -186821 75.732 22.8667 2.88089
1010000 FRAC0_S 0 1 0 -15902.2 8098.08 3.79109e+06 -231978 -81885.4 1286.41 7.6881 1.54281
1010000 FRAC0_S 0 1 0 -15733.9 7838.95 1.22719e+07 399056 -64833.6 13434.7 -4.31796 0.396216
1010000 FRAC0_S 0 1 0 -15493.7 7644.53 1.58541e+07 -86417.3 -142593 22401.4 0.750224 0.688957
1010000 FRAC0_S 0 1 0 -15205.1 7533.85 1.68425e+07 3.05254e+07 2.16092e+07 170416 -48.247 -21.1971
1010000 FRAC0_S 0 1 0 -14896.5 7517.75 2.03089e+07 -1.15734e+06 512313 36907.9 7.17799 -1.80022
1010000 FRAC0_S 0 1 0 -14598.1 7597.79 1.69914e+07 179215 -203761 25735.1 -1.43664 0.91022
1010000 FRAC0_S 0 1 0 -14339 7766.15 1.21251e+07 2.97908e+07 1.87867e+07 139126 -51.8477 -20.9792
1010000 FRAC0_S 0 1 0 -14144.5 8006.34 6.77145e+06 2.31688e+07 -1.45633e+07 80127.5 -53.9126 21.9909
1010000 FRAC0_S 0 1 0 -14033.9 8294.85 -1.082e+06 450077 437809 43.5439 -28.3328 -15.7055
Step FractureNumber TipNr TipActive TipX TipY TipZ KI KII KIII G Phi Psi Extension
1010101 FRAC0_S 0 1 -29.1652 -13926.6 8613.99 -1.81864e+07 -1.24626e+07 -1.30292e+07 36418.4 34.247 20.331
1010101 FRAC0_S 0 1 8.04565 -14015.4 8936.71 -2.47075e+07 3.58041e+07 -2.21473e+07 179470 -47.508 18.53
1010101 FRAC0_S 0 1 34.1456 -14204.2 9216.84 -2.58202e+07 -7.60275e+06 129935 5152.96 28.1286 -0.301564
1010101 FRAC0_S 0 1 16.8223 -14462.9 9435.21 -4.06499e+07 3.40462e+07 2.2827e+07 172594 -40.3439 -16.4493
1010101 FRAC0_S 0 1 0.31258 -14774.6 9561.56 -4.04556e+07 2.92578e+06 -535328 800.911 -9.01626 0.945887
1010101 FRAC0_S 0 1 2.32596 -15113.6 9579.24 -3.05373e+07 -703801 243571 52.0299 3.09455 -0.601447
1010101 FRAC0_S 0 1 3.02273 -15441.6 9491.28 -3.55212e+07 -901302 35240.9 72.5532 3.41828 -0.0753658
1010101 FRAC0_S 0 1 2.78515 -15726.3 9306.3 -2.66954e+07 -2.94534e+07 2.16553e+07 139674 42.9668 -19.1534
1010101 FRAC0_S 0 1 3.90088 -15939.8 9042.39 -2.22636e+07 -1.19899e+06 33542.9 128.253 6.96183 -0.111285
1010101 FRAC0_S 0 1 13.8822 -16059.5 8725.58 -1.28652e+07 -1.73299e+06 494712 300.17 15.1521 -2.52121
1010101 FRAC0_S 0 1 24.4399 -16075.1 8386.82 -3.90948e+06 -1.17975e+06 37461.2 124.21 28.5098 -0.568192
1010101 FRAC0_S 0 1 14.5215 -15988.9 8058.82 4.40162e+06 416210 149994 1744.87 -11.238 -2.32498
1010101 FRAC0_S 0 1 -0.092715 -15806.1 7773.85 1.1684e+07 -149444 -45985 12167.3 1.75013 0.301441
1010101 FRAC0_S 0 1 -19.8781 -15540.7 7568.26 1.96997e+07 1.98674e+07 1.59589e+07 103628 -41.1309 -19.6922
1010101 FRAC0_S 0 1 -33.85 -15221.9 7454.96 1.94257e+07 -8.33418e+06 -224939 39822.5 35.4851 0.624823
1010101 FRAC0_S 0 1 -13.0297 -14884.6 7429.3 1.95692e+07 -2.78986e+06 -1.56886e+06 35146 15.3716 4.97228
1010101 FRAC0_S 0 1 -17.789 -14564.8 7515.99 1.73653e+07 -3.64042e+07 -1.91283e+07 193630 52.457 18.195
1010101 FRAC0_S 0 1 -60.1483 -14295.3 7713.01 1.17308e+07 -8.89458e+06 422131 19336.2 46.6622 -1.5511
1010101 FRAC0_S 0 1 -71.9301 -14087.1 7975.58 9.71672e+06 -1.78356e+06 1.07983e+06 8851.83 18.4417 -6.45207
1010101 FRAC0_S 0 1 -52.3318 -13954.7 8280.82 -2.07223e+06 -787944 -115394 57.0954 32.1641 2.97525