
Step FractureNumber TipNr TipActive TipX TipY TipZ KI KII KIII G Phi Psi Extension
1010000 FRAC0_S 0 1 15846.5 29491.1 8500 1.3847e+06 -466219 -8.61735e+06 10066.6 6.09625 41.8466
1010000 FRAC0_S 0 1 15962.3 29777.6 8500 1.68476e+06 3.54015e+06 -8.62895e+06 11272.7 -31.204 35.7804
1010000 FRAC0_S 0 1 15984 30085.8 8500 1.54468e+06 7.2975e+06 -7.36503e+06 12172.4 -48.8452 28.6308
1010000 FRAC0_S 0 1 15909.3 30385.7 8500 1.42423e+06 1.02598e+07 -5.5832e+06 13706.7 -58.4716 21.7705
1010000 FRAC0_S 0 1 15745.6 30647.8 8500 1.05961e+06 9.15484e+06 -2.36368e+06 8311.52 -64.8149 13.4924
1010000 FRAC0_S 0 1 15508.9 30846.5 8500 1.50079e+06 1.3306e+07 -281789 15988.1 -69.023 1.44519
1010000 FRAC0_S 0 1 15222.4 30962.3 8500 1.78845e+07 1.20691e+07 2.39052e+06 42242.3 -42.4938 -5.58465
1010000 FRAC0_S 0 1 14914.1 30984 8500 1.55467e+06 1.08997e+07 5.00454e+06 14133 -60.1198 -19.6469
1010000 FRAC0_S 0 1 14614.3 30909.3 8500 2.26345e+07 7.48297e+06 6.61084e+06 56455.3 -25.6177 -12.9703
1010000 FRAC0_S 0 1 14352.2 30745.6 8500 1.352e+06 3.49359e+06 6.72438e+06 7264.39 -35.8912 -34.1861
1010000 FRAC0_S 0 1 14153.5 30508.9 8500 1.32421e+06 509222 7.528e+06 7716.58 -7.40828 -41.384
1010000 FRAC0_S 0 1 14037.7 30222.4 8500 -1.85585e+07 -2.99032e+06 7.46933e+06 8217.01 13.6837 -17.8909
1010000 FRAC0_S 0 1 14016 29914.2 8500 1.45106e+06 -6.50592e+06 6.7931e+06 10096.8 48.1324 -28.9232
1010000 FRAC0_S 0 1 14090.7 29614.3 8500 806532 -8.99179e+06 5.11542e+06 10743 58.9629 -22.8716
1010000 FRAC0_S 0 1 14254.4 29352.2 8500 1.41654e+06 -1.01026e+07 2.53858e+06 10130.7 64.459 -13.0093
1010000 FRAC0_S 0 1 14491.1 29153.5 8500 892789 -8.32361e+06 309269 6257.51 68.8853 -2.49764
1010000 FRAC0_S 0 1 14777.6 29037.7 8500 1.05913e+06 -1.18721e+07 -2.25241e+06 13334.6 66.6703 10.8447
1010000 FRAC0_S 0 1 15085.9 29016 8500 1.30059e+06 -1.01426e+07 -4.58444e+06 12112.9 60.5625 19.6107
1010000 FRAC0_S 0 1 15385.7 29090.7 8500 5.88313e+06 -7.34362e+06 -6.3811e+06 13305.4 42.6146 21.889
1010000 FRAC0_S 0 1 15670.2 29273.9 8500 1.66874e+06 -4.55454e+06 -8.24147e+06 11130.2 37.1419 33.7287
Step FractureNumber TipNr TipActive TipX TipY TipZ KI KII KIII G Phi Psi Extension
1010101 FRAC0_S 0 1 15923 29445.6 8507.46 4.71421e+06 260072 -8.91308e+06 12552.3 -2.59727 36.4679
1010101 FRAC0_S 0 1 16041.7 29756.5 8457.93 6.35959e+06 2.25121e+06 -8.61901e+06 13935.8 -17.0971 30.7607
1010101 FRAC0_S 0 1 16049.6 30088.9 8428.09 2.6738e+07 -1.64847e+07 -6.35064e+06 93285.8 38.814 9.4507
1010101 FRAC0_S 0 1 15957.7 30404.3 8415.93 1.53471e+07 4.0126e+06 -6.67229e+06 28344.2 -19.9166 17.8243
1010101 FRAC0_S 0 1 15778.3 30674.5 8410.1 1.16311e+07 2.11254e+06 -2.12884e+06 13055.4 -17.3933 9.86787
1010101 FRAC0_S 0 1 15530.3 30886.8 8413.81 1.2188e+07 3.14381e+06 -322551 14131.6 -25.2925 1.59315
1010101 FRAC0_S 0 1 15234.2 31018.4 8421.2 1.11191e+07 4.20064e+06 2.33357e+06 13313.6 -29.3498 -9.73411
1010101 FRAC0_S 0 1 14907.4 31047.5 8428.95 9.32458e+06 4.78083e+06 4.8723e+06 12942 -30.8262 -17.8504
1010101 FRAC0_S 0 1 14582.4 30978.5 8442.05 7.2147e+06 4.34081e+06 6.9784e+06 12794.2 -28.9495 -24.6903
1010101 FRAC0_S 0 1 14295.6 30809.7 8456.66 6.30394e+06 7.01965e+06 1.59664e+07 41837.5 -29.5318 -32.713
1010101 FRAC0_S 0 1 14074.1 30555.2 8484.81 3.92388e+06 -581871 8.48951e+06 10987.7 6.12825 -36.8722
1010101 FRAC0_S 0 1 13952.5 30244.7 8527.22 5.10015e+06 -2.51998e+06 7.87353e+06 11128.8 20.9187 -31.1158
1010101 FRAC0_S 0 1 13947.3 29911.7 8564.57 1.47469e+07 -2.69579e+06 1.07944e+07 35523.6 12.7278 -24.9952
1010101 FRAC0_S 0 1 14042.3 29595.8 8584.02 8.11577e+06 -1.6917e+06 3.51637e+06 7768.84 16.6471 -18.2869
1010101 FRAC0_S 0 1 14221.6 29325.3 8589.86 8.56721e+06 -1.27713e+06 1.71615e+06 7077.47 14.612 -10.8518
1010101 FRAC0_S 0 1 14471.5 29121.4 8592.16 1.37884e+07 -1.47919e+06 79160.3 17137.4 12.8435 -0.401455
1010101 FRAC0_S 0 1 14769.5 28998.4 8591.01 -2.93609e+06 -6.703e+06 -362278 4021.19 62.3866 2.78208
1010101 FRAC0_S 0 1 15092.9 28965 8583.43 1.05979e+07 -2.48186e+06 -4.26368e+06 12975.2 18.6006 17.181
1010101 FRAC0_S 0 1 15414.2 29029.6 8570.72 8.52761e+06 -3.15444e+06 -6.6257e+06 13205.5 22.044 23.9065
1010101 FRAC0_S 0 1 15702.4 29194.6 8549.77 5.7287e+06 -2.18747e+06 -8.14718e+06 12178.9 17.7668 31.0719