
Step FractureNumber TipNr TipActive TipX TipY TipZ KI KII KIII G Phi Psi Extension
1010000 FRAC0_S 0 1 8372.71 22962.5 8500 483916 2.8848e+06 -1.53405e+06 1075.44 -58.1411 21.175
1010000 FRAC0_S 0 1 8187.08 23209.6 8500 -8.90476e+06 2.96599e+06 -913174 894.818 -28.7133 5.40327
1010000 FRAC0_S 0 1 7934.19 23387.2 8500 654575 3.50044e+06 -148429 1132.98 -67.5627 2.65102
1010000 FRAC0_S 0 1 7638.81 23477.9 8500 537340 3.37087e+06 560866 1080.1 -65.773 -9.2692
1010000 FRAC0_S 0 1 7329.83 23472.9 8500 439262 3.10507e+06 1.37736e+06 1128.66 -60.4633 -19.2441
1010000 FRAC0_S 0 1 7037.5 23372.8 8500 591953 2.17939e+06 1.80051e+06 885.635 -50.8308 -25.6001
1010000 FRAC0_S 0 1 6790.46 23187.1 8500 -2.33009e+07 1.35948e+06 2.00866e+06 701.309 -6.95475 -5.68761
1010000 FRAC0_S 0 1 6612.87 22934.2 8500 592926 225278 2.2955e+06 736.667 -9.76267 -39.568
1010000 FRAC0_S 0 1 6522.11 22638.8 8500 488675 -723438 1.64007e+06 425.664 31.0067 -33.9403
1010000 FRAC0_S 0 1 6527.08 22329.8 8500 560454 -1.74523e+06 1.8899e+06 774.444 46.1235 -28.4392
1010000 FRAC0_S 0 1 6627.29 22037.5 8500 566384 -2.66245e+06 1.60119e+06 1001.24 55.9024 -22.231
1010000 FRAC0_S 0 1 6812.92 21790.4 8500 456905 -2.37943e+06 631897 576.221 63.1011 -13.1158
1010000 FRAC0_S 0 1 7065.81 21612.8 8500 611605 -3.11734e+06 88712.5 900.332 67.6444 -1.7947
1010000 FRAC0_S 0 1 7361.19 21522.1 8500 432966 -2.54197e+06 -507636 626.771 64.8936 10.6685
1010000 FRAC0_S 0 1 7670.17 21527.1 8500 -6.58369e+06 -2.50264e+06 -975580 684.696 30.4909 7.25248
1010000 FRAC0_S 0 1 7962.5 21627.2 8500 2.10939e+07 -1.77353e+06 -1.60641e+06 40273.3 9.77768 4.97758
1010000 FRAC0_S 0 1 8209.54 21812.9 8500 478021 -1.01627e+06 -1.79811e+06 542.41 36.5444 32.7561
1010000 FRAC0_S 0 1 8387.13 22065.8 8500 7.45169e+06 171761 -2.25947e+06 5629.7 -2.41199 16.1078
1010000 FRAC0_S 0 1 8477.89 22361.2 8500 581835 745337 -2.2278e+06 739.758 -26.2755 35.9207
1010000 FRAC0_S 0 1 8472.92 22670.2 8500 394072 1.34168e+06 -1.5316e+06 486.234 -45.6852 29.3119
Step FractureNumber TipNr TipActive TipX TipY TipZ KI KII KIII G Phi Psi Extension
1010101 FRAC0_S 0 1 8428.49 22993.6 8427.63 2.51143e+06 -78877.5 -1.03685e+06 705.577 3.01139 19.6003
1010101 FRAC0_S 0 1 8233.44 23255.8 8431.63 8.00193e+06 8.50073e+06 -3.27771e+06 13574 -47.2375 12.0189
1010101 FRAC0_S 0 1 7959.28 23430.2 8418.98 3.11277e+06 595801 68472.7 895.674 -20.3422 -1.40319
1010101 FRAC0_S 0 1 7643.76 23519 8409.55 2.26453e+06 312184 491108 497.727 -13.5216 -11.6408
1010101 FRAC0_S 0 1 7319.63 23521.4 8414.32 1.50761e+07 -222990 4.39283e+06 22824.5 1.57638 -15.7579
1010101 FRAC0_S 0 1 7002.77 23430 8436.46 2.41749e+06 670518 1.4328e+06 833.881 -19.2247 -21.4061
1010101 FRAC0_S 0 1 6725.28 23246.4 8470.33 3.18869e+07 -8.35512e+06 1.28229e+06 97044 25.3355 -2.3772
1010101 FRAC0_S 0 1 6529.56 22976.2 8501.37 -1.45282e+07 211937 3.03123e+06 1226.06 -1.65964 -12.3442
1010101 FRAC0_S 0 1 6440.49 22652.7 8539.54 1.34982e+06 -138069 1.86623e+06 627.275 5.64432 -33.183
1010101 FRAC0_S 0 1 6459.35 22320.3 8569.62 1.72488e+06 -345287 1.54296e+06 592.382 12.7398 -27.2913
1010101 FRAC0_S 0 1 6577.58 22013.2 8581.72 2.46276e+06 -451706 1.09214e+06 717.289 14.8939 -18.8096
1010101 FRAC0_S 0 1 6780.62 21759.1 8588.41 2.77107e+06 -125800 571694 729.138 4.98553 -11.9596
1010101 FRAC0_S 0 1 7048.09 21577.1 8591.18 3.00132e+06 -84529.5 39165.3 803.535 3.73569 -0.972379
1010101 FRAC0_S 0 1 7357.74 21471.4 8581.08 2.78111e+06 -458343 -364800 725.649 16.6714 7.5566
1010101 FRAC0_S 0 1 7687.64 21452.4 8552.25 9.71111e+06 -2.65779e+06 -2.36601e+06 9777.56 22.9749 11.6738
1010101 FRAC0_S 0 1 8003.7 21548.6 8536.06 2.50206e+07 6.41342e+06 -3.22024e+06 60830.2 -23.5121 6.96317
1010101 FRAC0_S 0 1 8272.37 21752.2 8532.97 7.26552e+06 2.56168e+06 -507143 5322.89 -30.4021 3.74826
1010101 FRAC0_S 0 1 8468.62 22026.8 8501.72 1.19352e+06 -127281 -1.75146e+06 536.373 5.67994 33.7418
1010101 FRAC0_S 0 1 8561.91 22347 8458.92 1.20671e+06 205918 -1.67405e+06 506.259 -9.02813 32.5964
1010101 FRAC0_S 0 1 8541.18 22679.2 8431.92 2.95465e+06 601528 -2.53356e+06 1663.89 -13.1458 26.7391