
Step FractureNumber TipNr TipActive TipX TipY TipZ KI KII KIII G Phi Psi Extension
1010000 FRAC0_S 0 1 -30000 15987.2 8471.27 -7.06965e+06 6.95917e+06 7.21705e+06 11243 -38.3472 -22.6881
1010000 FRAC0_S 0 1 -30000 15947.8 8777.76 -2.46125e+06 -520111 6.90539e+06 6366.14 7.17124 -38.3806
1010000 FRAC0_S 0 1 -30000 15815.6 9057.06 2.36657e+06 -6.25616e+06 5.89465e+06 8608.13 47.3322 -26.2305
1010000 FRAC0_S 0 1 -30000 15603.5 9281.83 5.19746e+06 -7.2523e+06 1.59193e+06 7431.06 53.6348 -8.41884
1010000 FRAC0_S 0 1 -30000 15332.4 9430.08 8.50474e+06 -1.04179e+07 -637081 16170.7 54.7089 2.50554
1010000 FRAC0_S 0 1 -30000 15028.7 9487.27 9.67732e+06 -9.97797e+06 -3.20808e+06 18585.8 47.7662 10.2949
1010000 FRAC0_S 0 1 -30000 14722.2 9447.82 7.14824e+06 -6.43237e+06 -3.97953e+06 10346.5 41.8902 15.9818
1010000 FRAC0_S 0 1 -30000 14442.9 9315.6 6.1542e+06 -7.33024e+06 -5.72359e+06 12520.1 43.2327 20.3123
1010000 FRAC0_S 0 1 -30000 14218.2 9103.54 2.68814e+06 -6.40019e+06 -6.40906e+06 9757.21 45.8789 26.6135
1010000 FRAC0_S 0 1 -30000 14070 8832.4 -2.62162e+07 -1.40092e+07 746225 17562.6 39.6856 -1.40969
1010000 FRAC0_S 0 1 -30000 14012.8 8528.73 -7.12379e+06 -5.54991e+06 -8.5333e+06 12429.4 31.8441 26.0427
1010000 FRAC0_S 0 1 -30000 14052.2 8222.24 -1.71718e+07 -9.36158e+06 -5.10554e+06 11276.4 35.2958 11.7275
1010000 FRAC0_S 0 1 -30000 14184.4 7942.94 8.47441e+06 5.22073e+06 -4.51531e+06 11539.9 -34.3831 17.3114
1010000 FRAC0_S 0 1 -30000 14396.5 7718.17 -1.46228e+07 -8.53134e+06 -5.27891e+06 10192 35.7049 13.344
1010000 FRAC0_S 0 1 -30000 14653.8 7574.86 -1.76477e+07 3.41542e+06 -9.05144e+06 11936 -14.9776 20.463
1010000 FRAC0_S 0 1 -30000 14971.3 7512.73 -2.60304e+07 1.07397e+07 -1.15244e+07 27942 -27.6714 16.7339
1010000 FRAC0_S 0 1 -30000 15277.8 7552.18 873836 1.95701e+06 -2.05419e+06 970.543 -44.8515 26.9642
1010000 FRAC0_S 0 1 -30000 15557.1 7684.4 -2.38627e+07 1.8762e+07 -4.47758e+06 34034.3 -44.659 7.11653
1010000 FRAC0_S 0 1 -30000 15781.8 7896.46 5.80134e+06 4.78754e+06 5.56436e+06 9159.46 -35.3446 -22.9531
1010000 FRAC0_S 0 1 -30000 15930 8167.6 -1.26869e+07 1.1661e+07 4.28686e+06 14561.2 -45.4038 -10.9376
Step FractureNumber TipNr TipActive TipX TipY TipZ KI KII KIII G Phi Psi Extension
1010101 FRAC0_S 0 1 -30045.7 16066.8 8471.2 -924268 2.14787e+06 -3.45245e+06 1996.38 -38.5016 32.0335
1010101 FRAC0_S 0 1 -29990.9 16029 8800.7 1.07785e+07 -7.45743e+06 8.23985e+06 24338.2 33.8801 -21.079
1010101 FRAC0_S 0 1 -29940 15876.5 9094.88 7.92783e+06 -1.67851e+06 1.64008e+06 6209.41 19.3355 -10.673
1010101 FRAC0_S 0 1 -29921 15640.5 9328.46 1.31393e+07 439098 757148 15477.5 -4.22253 -4.02761
1010101 FRAC0_S 0 1 -29920.5 15351.6 9485.81 1.47709e+07 3.62138e+06 -2.13156e+06 21214.8 -22.5233 7.74498
1010101 FRAC0_S 0 1 -29925.9 15029.3 9552.33 1.79394e+07 -637310 -4.15336e+06 31007.9 3.87032 13.1508
1010101 FRAC0_S 0 1 -29931 14702 9515.38 1.2438e+07 1.63211e+06 -5.71176e+06 18362 -11.0743 19.7703
1010101 FRAC0_S 0 1 -29931.2 14403.4 9374.17 -3.22094e+06 1.01627e+07 2.2084e+06 9852.05 -61.5124 -10.3856
1010101 FRAC0_S 0 1 -29931.1 14162.2 9146.32 -6.45556e+06 -1.7866e+07 1.22905e+06 28644.4 63.668 -3.67565
1010101 FRAC0_S 0 1 -29936.9 13998.7 8856.6 2.06459e+06 -3.22481e+06 -5.48756e+06 5311.59 35.6247 31.1609
1010101 FRAC0_S 0 1 -29943.2 13932.6 8530.7 -2.05148e+06 -6.88366e+06 -7.72418e+06 12157.6 45.8968 29.0709
1010101 FRAC0_S 0 1 -29972 13974.8 8199.74 -8.19024e+06 -7.48005e+06 -1.21117e+07 24495.9 32.6194 27.7326
1010101 FRAC0_S 0 1 -29999.2 14118.3 7897.85 -1.42375e+07 -2.36648e+06 -8.59105e+06 10315.3 12.5321 22.7597
1010101 FRAC0_S 0 1 -29991.4 14346.5 7651.64 -2.11936e+07 -1.6664e+06 -1.09364e+07 16155 6.73282 21.785
1010101 FRAC0_S 0 1 -30009.9 14638.3 7486.24 -1.9996e+07 6.83354e+06 -1.35511e+07 28584.3 -21.6873 22.4592
1010101 FRAC0_S 0 1 -30047.3 14966.9 7428.72 -1.18476e+07 2.86885e+07 -1.23835e+07 93735.8 -55.3239 16.4454
1010101 FRAC0_S 0 1 -30064.5 15297.1 7481.34 4.14976e+06 6.26406e+06 -1.31886e+06 5262.39 -54.7924 8.35092
1010101 FRAC0_S 0 1 -30067.3 15598.2 7625.56 -1.12389e+07 1.4684e+07 -9.18595e+06 30436.6 -46.309 18.149
1010101 FRAC0_S 0 1 -30064.3 15840.7 7850.95 -2.36661e+06 1.78868e+07 463141 28538.2 -68.694 -1.72728
1010101 FRAC0_S 0 1 -30065.5 15998.9 8142.75 -1.69972e+06 4.43221e+06 -4.32796e+06 4241.78 -46.7542 26.6241