
Step FractureNumber TipNr TipActive TipX TipY TipZ KI KII KIII G Phi Psi Extension
1010000 FRAC0_S 0 1 29421.9 -29224 8302.08 3.63903e+06 2.57534e+06 1.28641e+06 1991.15 -39.8161 -12.4066
1010000 FRAC0_S 0 1 29276.5 -29329.8 8553.35 4.02931e+06 1.99969e+06 1.97921e+06 2324.06 -30.594 -17.2618
1010000 FRAC0_S 0 1 29201.8 -29501.2 8799.39 3.73837e+06 768942 2.10104e+06 1885.15 -15.3425 -21.4633
1010000 FRAC0_S 0 1 29205.3 -29721.4 9016.14 3.71682e+06 -390109 2.13041e+06 1848.23 8.48236 -22.7917
1010000 FRAC0_S 0 1 29286.5 -29968.9 9182.36 3.82222e+06 -1.48795e+06 1.99361e+06 2027.73 25.616 -18.8319
1010000 FRAC0_S 0 1 29437.7 -30219.5 9281.78 3.79695e+06 -2.36202e+06 1.471e+06 2069.63 36.6315 -13.8112
1010000 FRAC0_S 0 1 29643.9 -30448.6 9304.68 3.10189e+06 -2.30138e+06 689427 1392.56 42.8944 -8.40365
1010000 FRAC0_S 0 1 29884.9 -30633.7 9248.81 3.51779e+06 -2.74096e+06 127397 1774.35 47.1934 -1.54289
1010000 FRAC0_S 0 1 30137.2 -30756.8 9119.64 3.46138e+06 -1.63921e+06 -642751 1362.02 34.2553 8.31586
1010000 FRAC0_S 0 1 30376 -30805.9 8929.82 3.60658e+06 -2.53031e+06 -924526 1843.3 41.1781 9.64658
1010000 FRAC0_S 0 1 30578.1 -30776 8697.92 3.51612e+06 -2.07102e+06 -1.37749e+06 1736.25 35.4411 14.1362
1010000 FRAC0_S 0 1 30723.5 -30670.2 8446.65 3.58952e+06 -1.38128e+06 -1.76247e+06 1731.3 25.7741 18.1559
1010000 FRAC0_S 0 1 30798.2 -30498.8 8200.61 3.27228e+06 -649036 -1.79985e+06 1422.56 14.9814 21.2724
1010000 FRAC0_S 0 1 30794.7 -30278.6 7983.86 2.88941e+06 110285 -1.60583e+06 1088 -3.31233 23.1847
1010000 FRAC0_S 0 1 30713.5 -30031.1 7817.64 3.46313e+06 908945 -1.80902e+06 1577.59 -19.0736 20.0016
1010000 FRAC0_S 0 1 30562.3 -29780.5 7718.22 2.8177e+06 1.60061e+06 -2.12924e+06 1538.75 -30.0411 21.8755
1010000 FRAC0_S 0 1 30356.1 -29551.4 7695.32 3.52859e+06 2.28301e+06 -1.23299e+06 1776.15 -38.0193 12.6411
1010000 FRAC0_S 0 1 30115.1 -29366.3 7751.19 3.3242e+06 2.34732e+06 -759943 1552.49 -41.772 8.75575
1010000 FRAC0_S 0 1 29862.8 -29243.2 7880.36 3.30836e+06 3.62143e+06 -402648 2165.55 -52.0698 4.18372
1010000 FRAC0_S 0 1 29624 -29194.1 8070.18 2.88359e+06 2.35821e+06 448091 1263.22 -45.9997 -5.93799
Step FractureNumber TipNr TipActive TipX TipY TipZ KI KII KIII G Phi Psi Extension
1010101 FRAC0_S 0 1 29340.8 -29201.3 8251.77 5.30251e+06 749451 666972 2614.69 -14.7451 -7.41769
1010101 FRAC0_S 0 1 29186.5 -29301.1 8531.37 4.83263e+06 -207221 1.62599e+06 2436.56 4.28453 -17.0629
1010101 FRAC0_S 0 1 29114.3 -29468.2 8815.23 4.15181e+06 169080 1.56725e+06 1865.27 -3.96244 -18.4234
1010101 FRAC0_S 0 1 29136.4 -29688 9071.54 4.73625e+06 183219 2.09755e+06 2587.08 -3.60777 -20.3673
1010101 FRAC0_S 0 1 29245.9 -29941.8 9265.52 3.99193e+06 288478 2.22993e+06 2088.78 -6.06606 -22.8451
1010101 FRAC0_S 0 1 29425.3 -30202.7 9377.32 3.92597e+06 208646 909789 1487.44 -5.67091 -12.9943
1010101 FRAC0_S 0 1 29656.1 -30441.7 9402.13 5.37533e+06 614225 1.00166e+06 2741.82 -11.7596 -10.498
1010101 FRAC0_S 0 1 29916.3 -30640.5 9341.58 5.70931e+06 159285 809588 2994.08 -3.29939 -8.97086
1010101 FRAC0_S 0 1 30184.4 -30778.3 9202.98 4.98796e+06 -96084.3 -104993 2219.32 2.56835 1.56472
1010101 FRAC0_S 0 1 30440.6 -30832.9 8998.74 5.51097e+06 -317761 -747184 2789.59 6.60162 8.43665
1010101 FRAC0_S 0 1 30658.1 -30806.1 8745.58 5.02109e+06 -96486.1 -1.10254e+06 2409.09 2.15483 12.7889
1010101 FRAC0_S 0 1 30812.6 -30704.3 8465.64 4.7563e+06 -306557 -1.7854e+06 2448.21 6.12672 18.0923
1010101 FRAC0_S 0 1 30886.7 -30532.6 8184.61 4.11186e+06 -242723 -1.8035e+06 1944.47 5.40939 20.0132
1010101 FRAC0_S 0 1 30868.8 -30308.3 7931.48 3.99766e+06 -233227 -1.83028e+06 1874.48 5.2834 20.5444
1010101 FRAC0_S 0 1 30762.4 -30052.3 7737.33 4.03406e+06 -115033 -1.67513e+06 1824.53 2.73781 19.7041
1010101 FRAC0_S 0 1 30583 -29790.7 7623.53 4.06829e+06 -435373 -1.464e+06 1776.81 9.84116 17.1491
1010101 FRAC0_S 0 1 30350.2 -29551.4 7597.34 4.46713e+06 -325000 -1.11777e+06 1953.8 7.48726 13.5721
1010101 FRAC0_S 0 1 30084.9 -29361.1 7657.73 5.22511e+06 -673300 -744516 2546.98 13.4707 8.32745
1010101 FRAC0_S 0 1 29811.3 -29236.3 7796.61 4.85869e+06 -680438 -418445 2168.15 15.0768 5.31573
1010101 FRAC0_S 0 1 29555.9 -29180.4 8000.18 5.37056e+06 -469040 85218.4 2590.77 10.6444 -1.11507