
Step FractureNumber TipNr TipActive TipX TipY TipZ KI KII KIII G Phi Psi Extension
1010000 FRAC0_S 0 1 -29085.3 15372.6 8500 45097.7 1772.49 -7235.4 0.188475 -4.51126 9.8406
1010000 FRAC0_S 0 1 -29270.6 15667.2 8500 41544.8 -140035 120325 3.82681 49.8772 -25.8452
1010000 FRAC0_S 0 1 -29479 15839.1 8500 40626.8 2498.06 -1104.41 0.147798 -7.68387 1.9271
1010000 FRAC0_S 0 1 -29763.8 15959 8500 39946.4 3818.57 -750.817 0.143569 -11.4941 1.30618
1010000 FRAC0_S 0 1 -30071.7 15985.1 8500 44180.3 6589.64 5475.88 0.181791 -15.4413 -7.281
1010000 FRAC0_S 0 1 -30372.6 15914.7 8500 39391.6 1317.21 1028.23 0.138567 -4.34863 -1.90157
1010000 FRAC0_S 0 1 -30637 15754.8 8500 53031 -27404.1 -16101.8 0.352005 34.1012 12.0919
1010000 FRAC0_S 0 1 -30839.1 15521 8500 49227.4 -3898.79 5870.94 0.221882 8.94611 -7.43517
1010000 FRAC0_S 0 1 -30959 15236.2 8500 45583.5 -52224.6 -118696 2.302 29.6975 32.8439
1010000 FRAC0_S 0 1 -30985 14928.3 8500 49984.4 -10416.4 4457.09 0.234947 20.679 -5.20438
1010000 FRAC0_S 0 1 -30914.7 14627.4 8500 24885.4 2688.75 -19386.1 0.105813 -7.78635 26.5761
1010000 FRAC0_S 0 1 -30754.8 14363 8500 31151.7 -2573.48 929.19 0.0871797 10.0106 -2.0677
1010000 FRAC0_S 0 1 -30521 14160.9 8500 26599.1 -94370.9 38404 1.05281 58.3552 -16.8793
1010000 FRAC0_S 0 1 -30236.2 14041 8500 33391.1 -3789.72 -181.121 0.100639 13.4804 0.377348
1010000 FRAC0_S 0 1 -29928.3 14014.9 8500 39792.8 1398.46 1878.3 0.141746 -4.47197 -3.33888
1010000 FRAC0_S 0 1 -29627.4 14085.3 8500 38958.9 -100962 -21662 1.10599 60.1474 9.86368
1010000 FRAC0_S 0 1 -29363 14245.2 8500 19936.4 -27133.6 -22684.2 0.169462 43.8666 21.8758
1010000 FRAC0_S 0 1 -29160.9 14479 8500 46379.2 -16853.6 -1447.51 0.217268 31.7267 1.72907
1010000 FRAC0_S 0 1 -29041 14763.8 8500 29179.6 -222.954 -1804.17 0.0763101 0.996647 4.39916
1010000 FRAC0_S 0 1 -29015 15071.7 8500 42033.5 468.939 -2240.18 0.158128 -1.45962 3.82259
Step FractureNumber TipNr TipActive TipX TipY TipZ KI KII KIII G Phi Psi Extension
1010101 FRAC0_S 0 1 -29073 15383 8519.12 50582.2 12788.2 -29354.1 0.357167 -17.9768 21.3855
1010101 FRAC0_S 0 1 -29220.6 15657.8 8538.23 72799.2 -15451 -66426.8 1.0804 13.2864 27.4112
1010101 FRAC0_S 0 1 -29466.7 15849.5 8519.12 139080 -71182.4 -3265 2.17661 38.8918 1.18497
1010101 FRAC0_S 0 1 -29763.8 15959 8500 45540.7 274416 -97176.4 8.1511 -61.8059 16.3801
1010101 FRAC0_S 0 1 -30071.7 15985.1 8500 47176.2 12048.3 3420.56 0.212814 -24.3364 -4.16058
1010101 FRAC0_S 0 1 -30372.6 15914.7 8500 39911.1 -183353 -32235.1 3.27589 64.4186 9.31559
1010101 FRAC0_S 0 1 -30637 15754.8 8500 45471.1 -5326.48 -1257.08 0.186984 13.5926 1.86439
1010101 FRAC0_S 0 1 -30860.2 15526.2 8512.39 69979.2 -32370.5 -26588 0.623774 30.7357 14.681
1010101 FRAC0_S 0 1 -31001.2 15246.6 8524.77 69460.2 -54524.6 26949.7 0.791445 41.4396 -12.875
1010101 FRAC0_S 0 1 -31006.1 14933.5 8512.39 50527.2 -5895.83 5358.92 0.234415 12.7227 -6.51738
1010101 FRAC0_S 0 1 -30914.7 14627.4 8500 33509.3 -1267.94 1956.48 0.100711 4.74898 -4.06075
1010101 FRAC0_S 0 1 -30754.8 14363 8500 43274.1 -3046.11 512.263 0.167733 8.80985 -0.849231
1010101 FRAC0_S 0 1 -30521 14160.9 8500 43914.4 2615.59 3294.08 0.173899 -7.1566 -5.01267
1010101 FRAC0_S 0 1 -30253.7 14045.3 8500 39546.8 -3532.26 -1751.16 0.140883 10.5963 2.99649
1010101 FRAC0_S 0 1 -29928.3 14014.9 8500 30771.1 -4027.13 -88.8985 0.0858209 15.2279 0.198543
1010101 FRAC0_S 0 1 -29627.4 14085.3 8500 28649.7 -3604.1 -1549.14 0.0746186 14.1312 3.50533
1010101 FRAC0_S 0 1 -29363 14245.2 8500 41038.2 -4535.41 -1889.31 0.152381 12.7388 3.05258
1010101 FRAC0_S 0 1 -29160.9 14479 8500 41287.2 -5860.48 -1923.55 0.155453 15.7215 3.00683
1010101 FRAC0_S 0 1 -29041 14763.8 8500 42015.7 -7398.09 -4049.97 0.164366 18.0323 5.71927
1010101 FRAC0_S 0 1 -29015 15071.7 8500 54880.1 -40121.6 154983 3.60647 20.6663 -35.6737