
Step FractureNumber TipNr TipActive TipX TipY TipZ KI KII KIII G Phi Psi Extension
1010000 FRAC0_S 0 1 812.916 44439 8500 708937 2.56584e+06 2.6648e+06 1575.9 -47.4155 -28.3523
1010000 FRAC0_S 0 1 944.619 44711.5 8500 670789 1.2786e+06 3.05805e+06 1429.55 -31.1837 -35.3272
1010000 FRAC0_S 0 1 987.533 45017.5 8500 536427 -179591 2.86024e+06 1116.59 6.85394 -41.2746
1010000 FRAC0_S 0 1 933.78 45321.8 8500 477402 -1.39539e+06 2.64278e+06 1122.72 36.578 -34.3468
1010000 FRAC0_S 0 1 788.621 45594.7 8500 519205 -1.24474e+06 1.08246e+06 317.925 47.836 -24.8902
1010000 FRAC0_S 0 1 566.268 45809.3 8500 471494 -3.6353e+06 1.76016e+06 1609.49 59.8719 -20.4307
1010000 FRAC0_S 0 1 288.484 45944.6 8500 435570 -1.97806e+06 594942 412.645 61.7873 -14.134
1010000 FRAC0_S 0 1 -17.5385 45987.6 8500 363446 -4.6126e+06 -81593.7 1908.57 69.458 1.24977
1010000 FRAC0_S 0 1 -321.845 45933.8 8500 372265 -4.78548e+06 -982482 2181.42 66.5924 11.6357
1010000 FRAC0_S 0 1 -594.647 45788.6 8500 351427 -2.53621e+06 -1.26811e+06 798.07 59.3688 20.7287
1010000 FRAC0_S 0 1 -809.24 45566.3 8500 362670 -2.93198e+06 -2.91155e+06 1905.21 50.5167 29.3297
1010000 FRAC0_S 0 1 -944.619 45288.5 8500 435422 -1.6589e+06 -2.80392e+06 1307.76 39.3851 33.8364
1010000 FRAC0_S 0 1 -987.533 44982.5 8500 484722 38582.4 -3.10666e+06 1304.7 -1.48013 42.5842
1010000 FRAC0_S 0 1 -933.78 44678.2 8500 463764 1.05392e+06 -2.23075e+06 779.985 -33.829 34.7317
1010000 FRAC0_S 0 1 -788.621 44405.3 8500 581729 2.63185e+06 -2.4547e+06 1448.78 -49.9127 27.5898
1010000 FRAC0_S 0 1 -566.268 44190.7 8500 613177 3.74262e+06 -1.81374e+06 1719.21 -59.1681 20.0787
1010000 FRAC0_S 0 1 -288.484 44055.4 8500 501284 3.23924e+06 -692503 1021.17 -64.9237 11.3794
1010000 FRAC0_S 0 1 17.5385 44012.4 8500 592594 4.5927e+06 50508.6 1911.22 -68.9439 -0.749377
1010000 FRAC0_S 0 1 321.845 44066.2 8500 643399 4.15087e+06 1.00457e+06 1706.44 -64.3465 -12.5221
1010000 FRAC0_S 0 1 594.647 44211.4 8500 555635 3.2616e+06 1.74751e+06 1381.62 -58.0091 -21.2402
Step FractureNumber TipNr TipActive TipX TipY TipZ KI KII KIII G Phi Psi Extension
1010101 FRAC0_S 0 1 865.39 44397.5 8429.04 3.57629e+06 1.3599e+06 3.43623e+06 2874.92 -20.8929 -26.4542
1010101 FRAC0_S 0 1 1024.21 44689.7 8458.69 2.65599e+06 864782 3.80992e+06 2625.81 -15.5413 -31.6247
1010101 FRAC0_S 0 1 1076.61 45018.7 8507.92 1.97865e+06 -89771.1 3.95205e+06 2426.88 2.07197 -36.982
1010101 FRAC0_S 0 1 1009.96 45345.4 8551.31 2.67793e+06 -1.04463e+06 3.66871e+06 2526.38 18.3884 -30.5856
1010101 FRAC0_S 0 1 841.594 45631.6 8573.59 3.46035e+06 -1.57219e+06 3.04493e+06 2520.39 24.5975 -24.714
1010101 FRAC0_S 0 1 597.508 45851.2 8583.81 4.86876e+06 -1.80415e+06 2.40482e+06 3171.54 25.0593 -18.3474
1010101 FRAC0_S 0 1 302.427 45986.3 8589.09 4.45373e+06 -1.15673e+06 1.48795e+06 2181.26 20.955 -14.9002
1010101 FRAC0_S 0 1 -17.6345 46025.8 8591.79 7.13101e+06 -2.12058e+06 -162969 4935.6 27.9828 1.34032
1010101 FRAC0_S 0 1 -336.142 45971.5 8590.81 5.69212e+06 -1.3381e+06 -1.35424e+06 3290.66 20.5601 11.7375
1010101 FRAC0_S 0 1 -626.244 45827.4 8585.26 4.54518e+06 -1.32413e+06 -2.29462e+06 2697.42 20.8656 19.3163
1010101 FRAC0_S 0 1 -861.437 45600.3 8575.97 3.59141e+06 -1.39214e+06 -3.31099e+06 2780.1 21.5254 25.8775
1010101 FRAC0_S 0 1 -1019.59 45308.5 8550.37 2.56278e+06 -884517 -3.79906e+06 2574.55 16.0459 31.8228
1010101 FRAC0_S 0 1 -1075.62 44980.5 8500.65 2.07628e+06 -1787.88 -3.93448e+06 2443 0.0416239 36.9106
1010101 FRAC0_S 0 1 -1010.89 44654.4 8452.39 2.57083e+06 879069 -3.97563e+06 2759.95 -15.5928 32.3016
1010101 FRAC0_S 0 1 -841.311 44368.7 8426.36 3.7037e+06 1.32233e+06 -3.3607e+06 2880.31 -20.3336 25.9569
1010101 FRAC0_S 0 1 -596.909 44149.9 8415.3 6.13478e+06 1.79327e+06 -2.68829e+06 4601.43 -21.651 17.6353
1010101 FRAC0_S 0 1 -301.86 44015.6 8409.91 6.62454e+06 1.48928e+06 -1.40783e+06 4371.79 -20.1849 10.8113
1010101 FRAC0_S 0 1 18.2895 43974.2 8408.16 7.76421e+06 1.39102e+06 71488.8 5544.91 -19.5154 -0.602365
1010101 FRAC0_S 0 1 337.032 44026.2 8410.4 6.4206e+06 1.52463e+06 1.53341e+06 4193.35 -20.7078 -11.7548
1010101 FRAC0_S 0 1 627.981 44170.3 8416.65 6.0002e+06 1.99309e+06 3.11545e+06 4853.06 -22.865 -19.2796