
Step FractureNumber TipNr TipActive TipX TipY TipZ KI KII KIII G Phi Psi Extension
1010000 FRAC0_S 0 1 757.049 15634.3 8500 1.70251e+07 403329 -289234 25854.6 -3.15071 1.26452
1010000 FRAC0_S 0 1 523.97 15837.2 8500 -102954 687394 -320426 55.7608 -59.8303 19.7546
1010000 FRAC0_S 0 1 239.601 15958.1 8500 1.97467e+07 618683 26740.1 34781.2 -4.18306 -0.102224
1010000 FRAC0_S 0 1 -68.2213 15985.3 8500 350486 859895 127865 79.0104 -61.0562 -7.1514
1010000 FRAC0_S 0 1 -369.366 15916 8500 -1.26534e+07 732468 60774.4 48.2996 -7.41842 -0.351861
1010000 FRAC0_S 0 1 -634.354 15757 8500 2.47776e+06 508617 388363 590.186 -19.5098 -8.53915
1010000 FRAC0_S 0 1 -837.248 15524 8500 1.32174e+07 220138 632130 15625 -2.17334 -3.43781
1010000 FRAC0_S 0 1 -958.186 15239.6 8500 -7.30191e+06 131791 555973 42.6588 -2.29027 -5.26795
1010000 FRAC0_S 0 1 -985.33 14931.8 8500 265153 -105780 675446 67.9402 13.4374 -36.5992
1010000 FRAC0_S 0 1 -916.022 14630.7 8500 -4.42453e+06 -282571 364547 24.7901 7.58292 -5.4361
1010000 FRAC0_S 0 1 -757.049 14365.7 8500 -1.95115e+07 -380593 449330 39.7601 2.59492 -1.70687
1010000 FRAC0_S 0 1 -523.97 14162.8 8500 261347 -443242 139784 26.192 54.202 -12.0083
1010000 FRAC0_S 0 1 -239.601 14041.9 8500 235341 -512595 95090.1 29.5519 59.2458 -8.37825
1010000 FRAC0_S 0 1 68.2213 14014.7 8500 275943 -611370 -60696.9 40.5821 61.1732 4.85872
1010000 FRAC0_S 0 1 369.366 14084 8500 7.06188e+06 -522471 -230914 4475.35 9.04652 2.27582
1010000 FRAC0_S 0 1 634.354 14243 8500 1.15697e+06 -608163 -403204 173.861 33.7598 13.3631
1010000 FRAC0_S 0 1 837.248 14476 8500 9.60228e+06 -303525 -393029 8245.04 4.06525 2.92861
1010000 FRAC0_S 0 1 958.186 14760.4 8500 207671 -54107.1 -369354 22.2482 11.4877 34.3454
1010000 FRAC0_S 0 1 985.33 15068.2 8500 352478 78698.9 -502824 45.2496 -11.2994 32.4274
1010000 FRAC0_S 0 1 916.022 15369.3 8500 333403 318248 -497161 51.8039 -33.4114 27.575
Step FractureNumber TipNr TipActive TipX TipY TipZ KI KII KIII G Phi Psi Extension
1010101 FRAC0_S 0 1 821.334 15684.9 8461.87 216551 -520656 131125 30.6217 58.7779 -11.0261
1010101 FRAC0_S 0 1 562.482 15898.8 8453.58 656144 187049 -282706 52.1116 -21.3266 17.5047
1010101 FRAC0_S 0 1 257.528 16029.3 8452.87 741283 411737 -142541 66.7749 -37.4228 8.18231
1010101 FRAC0_S 0 1 -73.1155 16056.6 8451.2 715910 429464 121809 64.0801 -39.4074 -7.19291
1010101 FRAC0_S 0 1 -403.878 15992.1 8463.32 617209 430163 81594.8 51.3206 -43.1808 -5.46499
1010101 FRAC0_S 0 1 -695.071 15829.4 8479.13 1.14397e+06 3.86207e+06 1.96418e+06 1958.85 -56.081 -19.3596
1010101 FRAC0_S 0 1 -918.971 15574.6 8488.76 439182 1.78331e+06 1.56179e+06 624.99 -50.429 -26.5702
1010101 FRAC0_S 0 1 -1052.09 15263.3 8502.86 414948 242195 455665 48.185 -27.1542 -26.4058
1010101 FRAC0_S 0 1 -1081.06 14925.2 8513.92 342861 38480.4 487732 42.2456 -6.06161 -33.3808
1010101 FRAC0_S 0 1 -1005.39 14594.3 8513.54 375748 -228007 398158 38.2982 28.2348 -25.7855
1010101 FRAC0_S 0 1 -826.074 14311.9 8525.84 1.71088e+06 -2.42556e+06 2.33636e+06 1511.1 42.6327 -23.8547
1010101 FRAC0_S 0 1 -561.728 14109.6 8563.17 3.33399e+06 505290 485109 1044.55 -15.4028 -8.33474
1010101 FRAC0_S 0 1 -252.728 13992.6 8585.14 458359 36630.2 111385 20.491 -8.20175 -13.2144
1010101 FRAC0_S 0 1 76.0182 13955.3 8569.22 546228 -31171 50668.3 27.0153 6.77578 -6.07776
1010101 FRAC0_S 0 1 402.013 14010.2 8543.66 549744 -303547 -194542 40.1749 34.6822 13.3441
1010101 FRAC0_S 0 1 691.425 14174.9 8533.49 534935 -280646 -220210 38.9673 32.7939 15.0913
1010101 FRAC0_S 0 1 916.643 14427.7 8522.42 480999 -563523 -787016 131.293 36.4483 27.4235
1010101 FRAC0_S 0 1 1051.32 14737 8506.83 437785 -152748 -375749 37.9354 20.3817 25.3411
1010101 FRAC0_S 0 1 1077.37 15073.5 8481.42 -124140 62593 -504701 34.2273 -12.1001 39.3523
1010101 FRAC0_S 0 1 998.322 15402.7 8466.19 -508935 -1.40045e+06 1.80139e+06 606.354 42.866 -30.0882