
Step FractureNumber TipNr TipActive TipX TipY TipZ KI KII KIII G Phi Psi Extension
1010000 FRAC0_S 0 1 -29262.7 14914.2 7848.46 -6.93372e+06 -1.62211e+07 -1.31365e+07 46398.6 48.591 23.9101
1010000 FRAC0_S 0 1 -29399.7 15166.2 7733.5 1.61918e+07 -1.86413e+07 8.01463e+06 62870.9 47.6589 -13.4353
1010000 FRAC0_S 0 1 -29595.5 15402 7693.56 -2.34099e+06 -3.22663e+06 -7.8355e+06 9093.28 29.6464 34.3209
1010000 FRAC0_S 0 1 -29830.9 15598.3 7732.56 -4.14902e+06 2.60378e+06 -5.84397e+06 5146.35 -25.9475 29.0837
1010000 FRAC0_S 0 1 -30082.7 15736.1 7846.69 -4.10143e+06 4.69226e+06 -4.85167e+06 5092.61 -39.8647 23.5614
1010000 FRAC0_S 0 1 -30326.6 15801.9 8024.77 -1.1624e+06 -2.09823e+06 1.74081e+06 795.361 46.4134 -23.151
1010000 FRAC0_S 0 1 -30538.5 15789.2 8249.36 -3.06548e+06 5.87714e+06 -1.25764e+06 3288.29 -57.4261 9.11535
1010000 FRAC0_S 0 1 -30697.7 15699.2 8498.49 -2.90306e+06 5.77976e+06 365792 2994.57 -60.8647 -3.09923
1010000 FRAC0_S 0 1 -30788.5 15540.8 8747.77 -1.25113e+07 -1.22706e+07 1.23995e+07 33865.5 38.5788 -22.342
1010000 FRAC0_S 0 1 -30802.2 15329.4 8972.8 -1.55291e+06 1.58305e+06 2.07625e+06 796.653 -36.0636 -25.8344
1010000 FRAC0_S 0 1 -30737.3 15085.8 9151.54 -1.13103e+06 -344150 1.85007e+06 465.78 13.7396 -33.1818
1010000 FRAC0_S 0 1 -30600.3 14833.8 9266.5 -6.7521e+06 -7.26505e+06 4.65916e+06 7590.45 43.8674 -17.4048
1010000 FRAC0_S 0 1 -30404.5 14598 9306.44 -795050 -1.73879e+06 253716 277.976 60.0915 -6.82598
1010000 FRAC0_S 0 1 -30169.1 14401.7 9267.44 -1.05751e+06 -2.34636e+06 285619 501.437 60.7231 -5.84055
1010000 FRAC0_S 0 1 -29917.3 14263.9 9153.31 -1.67941e+06 -2.75914e+06 209158 684.198 58.4419 -3.44337
1010000 FRAC0_S 0 1 -29673.4 14198.1 8975.23 -2.11616e+06 -3.48582e+06 138584 1085.32 59.201 -1.86378
1010000 FRAC0_S 0 1 -29461.5 14210.8 8750.64 -2.42672e+06 -4.36612e+06 -261944 1707.83 59.8328 2.85065
1010000 FRAC0_S 0 1 -29315.6 14287.7 8527.99 -1.54968e+07 -4.84685e+06 -1.35349e+07 26458.1 18.5964 25.8948
1010000 FRAC0_S 0 1 -29211.5 14459.2 8252.23 -1.37553e+07 -1.74757e+07 -1.05754e+07 42088.9 46.2905 17.6193
1010000 FRAC0_S 0 1 -29197.8 14670.6 8027.2 8.8517e+06 -1.59273e+07 5.42111e+06 33496 54.365 -12.9381
Step FractureNumber TipNr TipActive TipX TipY TipZ KI KII KIII G Phi Psi Extension
1010101 FRAC0_S 0 1 -29171.9 14953.4 7850.65 1.03861e+06 -3.45004e+06 -2.02707e+06 1703.28 54.5037 21.0722
1010101 FRAC0_S 0 1 -29318.7 15218.6 7718.01 65149.9 -3.74783e+06 -3.63583e+06 3010.2 52.7194 30.2102
1010101 FRAC0_S 0 1 -29544.9 15454.7 7646.18 -1.87468e+06 501754 -1.43277e+06 295.462 -17.2264 24.6697
1010101 FRAC0_S 0 1 -29830.6 15633.9 7652.45 -2.35052e+06 2.82842e+06 -5.11846e+06 4197.29 -33.173 30.6176
1010101 FRAC0_S 0 1 -30102.3 15778 7781.17 -3.9248e+06 5.48748e+06 -4.31421e+06 5158.77 -44.7809 21.2554
1010101 FRAC0_S 0 1 -30347.5 15854.4 7991.56 -539322 1.01513e+06 -3.94531e+06 2162.03 -23.456 38.9721
1010101 FRAC0_S 0 1 -30593.9 15806.8 8207.74 1.11076e+06 5.39701e+06 -1.33795e+06 2943.6 -63.1812 12.3419
1010101 FRAC0_S 0 1 -30766.1 15709.5 8471.56 1.34361e+06 4.78372e+06 169457 2203.88 -65.9582 -2.07521
1010101 FRAC0_S 0 1 -30847.8 15574.4 8764.12 -1.36959e+06 8.00501e+06 1.57355e+06 6039.5 -64.9413 -10.529
1010101 FRAC0_S 0 1 -30873.3 15351.1 9008.5 -5.31817e+06 1.50299e+07 7.60646e+06 27825 -55.0367 -18.7806
1010101 FRAC0_S 0 1 -30792.6 15102.1 9215.6 -9.45695e+06 -1.98336e+07 1.30863e+07 57829.8 50.1905 -20.94
1010101 FRAC0_S 0 1 -30609.5 14860.7 9356.62 2.21745e+06 -2.1569e+06 -45452.5 852.998 51.6505 0.798648
1010101 FRAC0_S 0 1 -30380.1 14625.1 9397.9 -376699 -860511 4.09403e+06 2295.21 20.7736 -40.438
1010101 FRAC0_S 0 1 -30127.3 14422.1 9355.26 676955 1.14212e+06 -624091 208.878 -50.1493 17.7713
1010101 FRAC0_S 0 1 -29864.1 14276.5 9236.33 259858 -1.24211e+06 -1.0659e+07 15254.2 13.5692 43.0145
1010101 FRAC0_S 0 1 -29607.4 14207.1 9048.97 6.00967e+06 -1.22693e+07 575464 16676.6 61.4611 -2.34993
1010101 FRAC0_S 0 1 -29384.9 14205.6 8805.17 1.20854e+06 -2.83194e+06 -150352 847.81 62.6401 2.75589
1010101 FRAC0_S 0 1 -29216.1 14279.9 8532.56 499018 -3.41125e+06 -251329 1067.53 67.7244 4.59026
1010101 FRAC0_S 0 1 -29120.4 14447.2 8283.11 949283 -4.68409e+06 -1.1403e+06 2208.37 63.3386 12.1955
1010101 FRAC0_S 0 1 -29103.3 14694.7 8042.74 906088 -2.71601e+06 -1.00107e+06 863.783 58.0879 15.3423