
Step FractureNumber TipNr TipActive TipX TipY TipZ KI KII KIII G Phi Psi Extension
1010000 FRAC0_S 0 1 45000 -14017.8 8603.45 -7.37263e+06 1.81482e+06 -1.25667e+06 503.528 -22.2135 8.90746
1010000 FRAC0_S 0 1 45000 -14097.8 8901.92 -6.48128e+06 2.12442e+06 -492501 434.429 -28.8734 4.12557
1010000 FRAC0_S 0 1 45000 -14266.1 9161.05 -5.69459e+06 1.72029e+06 78019.7 264.521 -28.4527 -0.808597
1010000 FRAC0_S 0 1 45000 -14506.3 9355.47 -7.24172e+06 2.13233e+06 578520 449.683 -26.7817 -4.42246
1010000 FRAC0_S 0 1 45000 -14794.9 9466.15 -5.85759e+06 1.32016e+06 872918 256.646 -21.0751 -8.06943
1010000 FRAC0_S 0 1 45000 -15103.5 9482.25 -6.17077e+06 775560 1.15699e+06 231.636 -12.758 -10.4641
1010000 FRAC0_S 0 1 45000 -15401.9 9402.21 -7.23588e+06 461895 1.47928e+06 310.052 -6.86908 -11.7156
1010000 FRAC0_S 0 1 45000 -15649.1 9244.64 -7.21444e+06 -115613 1.59475e+06 339.439 1.80184 -12.8839
1010000 FRAC0_S 0 1 45000 -15855.5 8993.66 -6.91772e+06 -752813 1.4481e+06 329.4 11.081 -11.5547
1010000 FRAC0_S 0 1 45000 -15966.1 8705.15 -6.49285e+06 -1.27594e+06 1.30005e+06 369.86 18.3117 -10.5034
1010000 FRAC0_S 0 1 45000 -15982.2 8396.55 -6.62826e+06 -1.92364e+06 1.02231e+06 468.74 25.3028 -7.95237
1010000 FRAC0_S 0 1 45000 -15902.2 8098.08 -6.28343e+06 -2.15355e+06 723608 482.91 29.0437 -5.95543
1010000 FRAC0_S 0 1 45000 -15733.9 7838.95 -6.90152e+06 -2.81937e+06 261304 717.403 33.9575 -2.01919
1010000 FRAC0_S 0 1 45000 -15493.7 7644.53 -5.94767e+06 -2.46149e+06 -174008 543.938 34.3923 1.56774
1010000 FRAC0_S 0 1 45000 -15205.1 7533.85 -4.25697e+06 -1.73362e+06 -470010 297.196 32.5269 5.49986
1010000 FRAC0_S 0 1 45000 -14896.5 7517.75 -6.01808e+06 -2.09227e+06 -1.23955e+06 594.441 27.8232 9.76077
1010000 FRAC0_S 0 1 45000 -14598.1 7597.79 -5.88186e+06 -1.29129e+06 -1.46404e+06 433.658 19.3659 12.2732
1010000 FRAC0_S 0 1 45000 -14339 7766.15 -5.47191e+06 320640 -2.12122e+06 607.603 -5.55743 18.5363
1010000 FRAC0_S 0 1 45000 -14144.5 8006.34 -5.52144e+06 -131936 -1.37259e+06 252.123 2.60429 13.9786
1010000 FRAC0_S 0 1 45000 -14033.9 8294.85 -6.51986e+06 1.18789e+06 -1.58366e+06 459.302 -16.7546 12.3359
Step FractureNumber TipNr TipActive TipX TipY TipZ KI KII KIII G Phi Psi Extension
1010101 FRAC0_S 0 1 44961.8 -13928.3 8612.24 -5.61335e+06 4.77542e+06 -1.2755e+06 2248.5 -45.5839 8.13479
1010101 FRAC0_S 0 1 44954.5 -14018.5 8936.88 -4.99812e+06 5.29464e+06 -557039 2539.31 -51.6495 3.91761
1010101 FRAC0_S 0 1 44952.8 -14202.3 9218.71 -5.12651e+06 5.53959e+06 182702 2738.96 -53.2353 -1.30422
1010101 FRAC0_S 0 1 44956.6 -14462.9 9431.66 -6.36107e+06 6.25126e+06 742041 3555.5 -50.1962 -4.23221
1010101 FRAC0_S 0 1 44965.2 -14776.6 9555.37 -6.35371e+06 4.36981e+06 1.32411e+06 1934.76 -41.5704 -8.17409
1010101 FRAC0_S 0 1 44977 -15113.8 9576.25 -7.28826e+06 2.82653e+06 1.69983e+06 1096.22 -29.4871 -10.5391
1010101 FRAC0_S 0 1 44989.3 -15441.4 9490.37 -7.40631e+06 1.22264e+06 1.78595e+06 557.426 -15.4704 -12.4051
1010101 FRAC0_S 0 1 45003.4 -15725.8 9305.92 -7.4483e+06 -424933 1.8479e+06 470.25 5.98597 -13.6347
1010101 FRAC0_S 0 1 45018.2 -15937.9 9041.68 -5.53077e+06 -1.72902e+06 1.37092e+06 516.358 25.2373 -11.5571
1010101 FRAC0_S 0 1 45031.2 -16056.3 8724.9 -6.16744e+06 -2.99951e+06 1.31386e+06 1031.31 34.3333 -9.25938
1010101 FRAC0_S 0 1 45041.3 -16070.4 8387.85 -5.33193e+06 -5.04251e+06 1.12863e+06 2435.21 47.9194 -7.33532
1010101 FRAC0_S 0 1 45048.9 -15980 8064.04 -3.08563e+06 -3.72231e+06 451424 1261.78 53.3818 -4.72282
1010101 FRAC0_S 0 1 45054.2 -15795 7784.43 -3.30038e+06 -4.28697e+06 129633 1639.91 56.1709 -1.30097
1010101 FRAC0_S 0 1 45055.7 -15534 7574.3 -2.75507e+06 -3.7695e+06 -117380 1268.01 56.9078 1.36815
1010101 FRAC0_S 0 1 45052.7 -15221.8 7452.76 -3.6827e+06 -4.77842e+06 -621481 2086.05 54.2798 5.18267
1010101 FRAC0_S 0 1 45045.1 -14886.7 7431.6 -4.09573e+06 -4.15218e+06 -1.14626e+06 1711.06 48.2042 9.02608
1010101 FRAC0_S 0 1 45025.8 -14559.9 7514.22 -5.36383e+06 -3.08454e+06 -1.90974e+06 1332.89 35.483 13.2592
1010101 FRAC0_S 0 1 45004.6 -14274.4 7695.15 -6.14858e+06 -688267 -1.96274e+06 554.576 10.522 15.7561
1010101 FRAC0_S 0 1 44992.6 -14061.2 7957.92 -6.25223e+06 945189 -1.83734e+06 528.594 -13.8802 14.4976
1010101 FRAC0_S 0 1 44977.3 -13942.4 8274.85 -6.56237e+06 3.1993e+06 -1.85446e+06 1369.47 -33.2487 11.6113