
Step FractureNumber TipNr TipActive TipX TipY TipZ KI KII KIII G Phi Psi Extension
1010000 FRAC0_S 0 1 -29325.3 7545.27 7780.06 313849 977328 1.02809e+06 234.47 -46.5651 -28.0916
1010000 FRAC0_S 0 1 -29494.9 7791.87 7703.01 704864 716248 1.15141e+06 266.311 -33.5528 -28.3004
1010000 FRAC0_S 0 1 -29713.9 8009.89 7703.97 630069 224737 1.0294e+06 180.813 -15.7025 -32.7641
1010000 FRAC0_S 0 1 -29960.9 8178.01 7782.85 1.05171e+06 370477 729312 181.538 -22.0317 -22.6484
1010000 FRAC0_S 0 1 -30211.7 8279.76 7931.93 746097 -598084 969500 206.49 31.5123 -26.89
1010000 FRAC0_S 0 1 -30441.8 8305.17 8136.62 708630 -929379 753665 197.261 43.8324 -21.3025
1010000 FRAC0_S 0 1 -30628.7 8251.77 8376.88 745677 -1.30135e+06 541429 239.445 52.692 -14.8715
1010000 FRAC0_S 0 1 -30754 8124.79 8629.19 563797 -1.16e+06 196728 153.379 59.0229 -7.64364
1010000 FRAC0_S 0 1 -30805.5 7936.65 8868.85 740560 -1.56134e+06 -84179.9 267.044 61.637 2.71074
1010000 FRAC0_S 0 1 -30778.2 7705.76 9072.41 727750 -1.44514e+06 -398908 254.458 56.5659 11.3046
1010000 FRAC0_S 0 1 -30674.7 7454.73 9219.94 756940 -1.38756e+06 -755509 298.537 50.9602 18.0808
1010000 FRAC0_S 0 1 -30505.1 7208.13 9296.99 658331 -716834 -813530 172.433 38.3436 24.4331
1010000 FRAC0_S 0 1 -30286.1 6990.11 9296.03 652336 -308758 -888963 151.519 21.4151 29.8602
1010000 FRAC0_S 0 1 -30039.1 6821.99 9217.15 636545 127200 -873635 139.059 -10.4535 32.2229
1010000 FRAC0_S 0 1 -29788.3 6720.24 9068.07 772005 595383 -967997 209.32 -31.142 26.6608
1010000 FRAC0_S 0 1 -29558.2 6694.83 8863.38 776862 1.02317e+06 -786891 229.419 -44.4219 20.6727
1010000 FRAC0_S 0 1 -29371.3 6748.23 8623.12 982917 893007 -614612 207.394 -41.1988 17.2391
1010000 FRAC0_S 0 1 -29246 6875.21 8370.81 796313 1.64332e+06 -245676 305.176 -59.4601 6.85992
1010000 FRAC0_S 0 1 -29194.5 7063.35 8131.15 796579 1.4379e+06 50255.6 241.12 -60.3834 -1.69974
1010000 FRAC0_S 0 1 -29221.8 7294.24 7927.59 770299 1.44356e+06 415695 261.549 -55.7603 -11.506
Step FractureNumber TipNr TipActive TipX TipY TipZ KI KII KIII G Phi Psi Extension
1010101 FRAC0_S 0 1 -29321 7509.21 7689.17 1.62009e+06 179874 648215 292.653 -9.90828 -18.3389
1010101 FRAC0_S 0 1 -29485.2 7787.05 7607.11 1.41658e+06 237479 884574 287.911 -12.4839 -23.1721
1010101 FRAC0_S 0 1 -29709.5 8035.61 7610.33 1.08778e+06 40340.9 1.1142e+06 270.698 -2.49604 -30.6099
1010101 FRAC0_S 0 1 -29963.8 8231.89 7710.35 799285 -158856 793204 142.857 12.1228 -28.5578
1010101 FRAC0_S 0 1 -30208.3 8363.69 7903.62 1.40085e+06 -137794 996136 308.535 7.40369 -25.5565
1010101 FRAC0_S 0 1 -30433.1 8401.95 8148.22 1.41599e+06 -33240.3 852689 275.468 2.00704 -24.3651
1010101 FRAC0_S 0 1 -30620.5 8343.01 8413.48 1.53262e+06 -29560.1 540878 248.298 1.95398 -17.8778
1010101 FRAC0_S 0 1 -30744 8206.78 8684.03 1.99619e+06 1628.5 322337 368.904 -0.0982305 -10.1995
1010101 FRAC0_S 0 1 -30795.7 8007.98 8937.22 1.81759e+06 555144 385355 341.601 -25.3431 -10.2538
1010101 FRAC0_S 0 1 -30772.3 7764.02 9152.3 1.84264e+06 -85009.1 -345722 319.099 5.13719 11.0986
1010101 FRAC0_S 0 1 -30673.6 7493.78 9310.12 1.89413e+06 -99402.5 -680165 382.111 5.10816 17.7069
1010101 FRAC0_S 0 1 -30508.2 7218.19 9393.26 1.44628e+06 -151759 -910711 298.757 8.21271 23.9663
1010101 FRAC0_S 0 1 -30293.7 6960.28 9384.1 1.18628e+06 -149361 -994459 258.92 8.68644 27.2786
1010101 FRAC0_S 0 1 -30067.3 6763.36 9286.73 1.22094e+06 -78477.9 -1.1125e+06 297.994 4.48114 28.9568
1010101 FRAC0_S 0 1 -29799.8 6627.38 9089.45 1.27132e+06 -149474 -1.00989e+06 281.658 8.34455 26.7107
1010101 FRAC0_S 0 1 -29562.9 6597.33 8853.99 1.54096e+06 -175951 -906238 323.585 9.07572 23.0085
1010101 FRAC0_S 0 1 -29371.3 6655.45 8591.17 1.69817e+06 776890 -439574 336.455 -32.3434 11.0131
1010101 FRAC0_S 0 1 -29248.9 6798.04 8309.5 2.03492e+06 -208058 -368397 390.902 10.71 10.347
1010101 FRAC0_S 0 1 -29203.1 6992.01 8062.64 2.13806e+06 347673 207424 423.842 -16.9067 -5.81172
1010101 FRAC0_S 0 1 -29224.8 7236.82 7847.25 2.24097e+06 420456 740162 536.123 -16.2353 -15.4098