
Step FractureNumber TipNr TipActive TipX TipY TipZ KI KII KIII G Phi Psi Extension
1010000 FRAC0_S 0 1 22179.3 8434.19 8500 -9.89747e+06 3.68589e+06 -1.06351e+06 1361.06 -30.7981 5.48962
1010000 FRAC0_S 0 1 21906.3 8289.38 8500 1.26262e+07 1.15049e+06 -889233 14429 -10.5518 4.60803
1010000 FRAC0_S 0 1 21691.5 8067.3 8500 -200769 3.08724e+06 -240773 857.024 -68.904 5.16839
1010000 FRAC0_S 0 1 21555.8 7789.69 8500 -215499 2.82327e+06 503101 743.945 -67.1186 -10.4136
1010000 FRAC0_S 0 1 21512.4 7483.73 8500 -279751 2.34173e+06 984115 617.462 -61.3991 -18.831
1010000 FRAC0_S 0 1 21565.8 7179.36 8500 -266579 1.6504e+06 1.31139e+06 471.444 -53.2765 -26.239
1010000 FRAC0_S 0 1 21710.6 6906.37 8500 -195376 840342 1.37044e+06 312.717 -40.3563 -33.7204
1010000 FRAC0_S 0 1 21932.6 6691.49 8500 -391810 382004 2.04084e+06 566.952 -17.7114 -39.2067
1010000 FRAC0_S 0 1 22210.3 6555.76 8500 -188337 -434337 1.39613e+06 276.051 26.8803 -38.1594
1010000 FRAC0_S 0 1 22516.3 6512.45 8500 -500013 -1.34621e+06 1.7896e+06 587.445 42.2402 -30.3976
1010000 FRAC0_S 0 1 22820.7 6565.81 8500 -181573 -2.4239e+06 1.38872e+06 780.044 59.1807 -23.1302
1010000 FRAC0_S 0 1 23093.7 6710.62 8500 -1.24825e+07 -3.46088e+06 606543 1116.26 26.2154 -2.81433
1010000 FRAC0_S 0 1 23308.5 6932.7 8500 -390375 -3.20183e+06 296140 925.192 67.8179 -5.74915
1010000 FRAC0_S 0 1 23444.2 7210.31 8500 -174782 -2.29653e+06 -291991 481.309 68.0027 7.87359
1010000 FRAC0_S 0 1 23487.6 7516.27 8500 -229596 -2.74549e+06 -971570 797.232 63.516 17.2018
1010000 FRAC0_S 0 1 23434.2 7820.64 8500 1.0112e+07 -1.68485e+06 -829138 9456.07 17.4355 4.97989
1010000 FRAC0_S 0 1 23289.4 8093.63 8500 -114616 -1.49146e+06 -2.02466e+06 743.423 45.6979 33.2344
1010000 FRAC0_S 0 1 23067.4 8308.51 8500 -161551 -310402 -2.1608e+06 629.568 15.533 41.7884
1010000 FRAC0_S 0 1 22789.7 8444.24 8500 1.07415e+06 1.24336e+06 -1.84787e+06 694.719 -35.5528 28.1083
1010000 FRAC0_S 0 1 22483.7 8487.55 8500 -268032 1.3171e+06 -1.66674e+06 524.061 -45.2206 31.3095
Step FractureNumber TipNr TipActive TipX TipY TipZ KI KII KIII G Phi Psi Extension
1010101 FRAC0_S 0 1 22150.4 8512.07 8452.07 1.45093e+06 2.33173e+06 -569018 715.144 -54.9177 9.63492
1010101 FRAC0_S 0 1 21862.5 8354.15 8454.71 1.21035e+06 1.84549e+06 -282951 444.685 -55.9972 6.3732
1010101 FRAC0_S 0 1 21652.7 8100.14 8425.74 1.90631e+06 1.05722e+06 -163672 426.99 -39.3297 3.99198
1010101 FRAC0_S 0 1 21517.8 7800.37 8408.67 -3.82657e+06 -1.89766e+06 3.80767e+06 2249.17 25.0975 -25.8924
1010101 FRAC0_S 0 1 21465.1 7481.34 8413.03 1.0664e+06 1.98169e+06 764810 529.075 -53.854 -14.3179
1010101 FRAC0_S 0 1 21510.4 7158.01 8421.78 1.82307e+06 1.33819e+06 275577 465.84 -43.8988 -6.04213
1010101 FRAC0_S 0 1 21652.3 6859.12 8439.98 1.18036e+06 1.33317e+06 974668 408.879 -43.2821 -19.2182
1010101 FRAC0_S 0 1 21883.6 6619.73 8479.9 418651 302266 1.57154e+06 352.235 -17.2424 -37.9628
1010101 FRAC0_S 0 1 22183.9 6475.12 8531.81 838826 -1.05378e+06 1.54446e+06 478.903 36.3431 -28.3863
1010101 FRAC0_S 0 1 22514.5 6442 8566.39 2.00415e+06 -1.75688e+06 784182 714.758 43.6561 -12.475
1010101 FRAC0_S 0 1 22842.7 6505.15 8570.79 1.72516e+06 -1.33504e+06 327013 438.254 44.3054 -7.2228
1010101 FRAC0_S 0 1 23132.5 6657.23 8566.71 1.86705e+06 -1.68646e+06 26801.4 564.164 50.4139 -0.582041
1010101 FRAC0_S 0 1 23347.2 6902.46 8580.63 2.05179e+06 -1.02083e+06 -265321 477.364 36.2686 5.99144
1010101 FRAC0_S 0 1 23481 7199.57 8591.88 6.78538e+06 -923153 2.1018e+06 4766.22 12.5542 -15.1963
1010101 FRAC0_S 0 1 23541.3 7521.64 8575.42 2.35454e+06 -1.14003e+06 -161804 613.307 36.8459 3.38708
1010101 FRAC0_S 0 1 23504.4 7846.81 8555.24 -9.77258e+06 -4.3836e+06 -2.05406e+06 2273.48 32.74 9.35383
1010101 FRAC0_S 0 1 23353.6 8142.08 8549.96 935625 -1.75889e+06 -1.17204e+06 536.386 49.2005 20.6114
1010101 FRAC0_S 0 1 23114.9 8377.89 8516.74 -634705 1.51402e+06 -995750 336.134 -51.18 21.3908
1010101 FRAC0_S 0 1 22815.2 8520.47 8459.88 850209 1.19425e+06 -1.60994e+06 536.231 -38.276 27.958
1010101 FRAC0_S 0 1 22482.2 8562.53 8437.17 1.54539e+06 1.9812e+06 -1.0775e+06 716.999 -47.282 16.447