
Step FractureNumber TipNr TipActive TipX TipY TipZ KI KII KIII G Phi Psi Extension
1010000 FRAC0_S 0 1 -30000 15987.2 8471.27 163737 -1.31839e+07 6.40556e+06 20948.2 62.2579 -21.8236
1010000 FRAC0_S 0 1 -30000 15947.8 8777.76 4.08969e+06 -1.71709e+07 2.52811e+06 28613.5 64.5827 -7.91665
1010000 FRAC0_S 0 1 -30000 15815.6 9057.06 8.08653e+06 -2.05356e+07 -2.08828e+06 43985.7 62.3161 5.15134
1010000 FRAC0_S 0 1 -30000 15603.5 9281.83 9.07544e+06 -1.42932e+07 -5.70369e+06 29870.9 51.9101 14.0326
1010000 FRAC0_S 0 1 -30000 15332.4 9430.08 1.31697e+07 -1.43912e+07 -1.11982e+07 50588.6 42.3314 19.781
1010000 FRAC0_S 0 1 -30000 15028.7 9487.27 1.42297e+07 -8.95967e+06 -1.45398e+07 53313.7 29.2987 25.1582
1010000 FRAC0_S 0 1 -30000 14722.2 9447.82 1.0561e+07 -1.64537e+06 -1.19687e+07 29232.4 9.20422 30.5281
1010000 FRAC0_S 0 1 -30000 14442.9 9315.6 1.11473e+07 3.52526e+06 -1.43217e+07 39460.4 -15.987 30.4765
1010000 FRAC0_S 0 1 -30000 14218.2 9103.54 8.07268e+06 8.37911e+06 -1.2444e+07 32659 -34.7107 27.4706
1010000 FRAC0_S 0 1 -30000 14070 8832.4 -1.93214e+07 1.30423e+06 -1.98051e+06 673.26 -7.8441 6.58026
1010000 FRAC0_S 0 1 -30000 14012.8 8528.73 -297194 1.34934e+07 -7.34962e+06 23408.7 -60.8412 23.1289
1010000 FRAC0_S 0 1 -30000 14052.2 8222.24 -9.62112e+06 6.99447e+06 -1.0723e+06 4512.42 -44.4154 4.60732
1010000 FRAC0_S 0 1 -30000 14184.4 7942.94 1.53768e+07 1.91824e+07 2.95336e+06 55018.9 -53.2861 -5.93639
1010000 FRAC0_S 0 1 -30000 14396.5 7718.17 -6.24688e+06 2.28088e+06 3.97866e+06 2568.95 -23.2044 -21.4743
1010000 FRAC0_S 0 1 -30000 14653.8 7574.86 -1.00489e+07 7.55845e+06 1.14519e+06 5265.29 -45.0567 -4.64027
1010000 FRAC0_S 0 1 -30000 14971.3 7512.73 -1.44039e+07 9.69157e+06 3.9259e+06 10419.7 -40.0474 -10.2803
1010000 FRAC0_S 0 1 -30000 15277.8 7552.18 8.80113e+06 -2.54382e+06 8.83875e+06 17869.5 16.5328 -27.829
1010000 FRAC0_S 0 1 -30000 15557.1 7684.4 -1.20293e+07 3.40283e+06 7.65231e+06 8820.03 -19.1161 -22.2301
1010000 FRAC0_S 0 1 -30000 15781.8 7896.46 1.33243e+07 -8.95073e+06 1.19028e+07 41802.3 31.8633 -23.1619
1010000 FRAC0_S 0 1 -30000 15930 8167.6 -4.19646e+06 -6.87899e+06 7.55578e+06 11809.7 42.148 -26.205
Step FractureNumber TipNr TipActive TipX TipY TipZ KI KII KIII G Phi Psi Extension
1010101 FRAC0_S 0 1 -29916.4 16038.3 8467.38 1.3175e+07 -6.43717e+06 4.19572e+06 21501.6 32.7358 -12.7212
1010101 FRAC0_S 0 1 -29910.6 15989.6 8790.01 2.07816e+07 -1.867e+06 1.7934e+06 39222.7 10.2855 -5.54548
1010101 FRAC0_S 0 1 -29913.5 15854.5 9085.39 2.01437e+07 -545774 -2.42641e+06 36967.6 3.26643 7.82384
1010101 FRAC0_S 0 1 -29921.7 15638.2 9330.21 3.47096e+07 -4.92235e+06 -4.76861e+06 112539 14.6604 7.99653
1010101 FRAC0_S 0 1 -29934.4 15354.9 9498.88 2.2158e+07 -403845 -1.21825e+07 63504.6 1.61781 23.2922
1010101 FRAC0_S 0 1 -29954.7 15029.3 9571.94 2.00256e+07 490579 -1.50218e+07 65768.6 -1.91928 27.0741
1010101 FRAC0_S 0 1 -29986.7 14695.4 9536.83 1.9077e+07 168312 -1.66912e+07 69485.7 -0.65417 29.1092
1010101 FRAC0_S 0 1 -30024 14392.6 9391.53 1.58155e+07 137512 -1.59063e+07 55941 -0.602968 30.717
1010101 FRAC0_S 0 1 -30038.7 14148.8 9156.84 1.03353e+07 1.64623e+06 -1.93977e+07 59804.2 -7.15206 35.6068
1010101 FRAC0_S 0 1 -30042.9 13994.9 8861.98 1.40715e+07 9.61215e+06 -8.29401e+06 35026.8 -35.7577 18.0108
1010101 FRAC0_S 0 1 -30064.6 13947.9 8532.74 -4.23933e+06 1.26008e+07 -5.97509e+06 18897.1 -55.9694 18.1641
1010101 FRAC0_S 0 1 -30076.9 13993.4 8204.12 -1.03668e+06 1.59998e+07 -4.36422e+06 25344.7 -65.5416 14.5341
1010101 FRAC0_S 0 1 -30067.4 14128.5 7902.87 6.07494e+06 1.20871e+07 -1.80784e+06 16742.1 -59.093 6.79077
1010101 FRAC0_S 0 1 -30057.4 14350.1 7656.73 -607864 1.46453e+07 499790 19145.9 -69.6539 -2.44147
1010101 FRAC0_S 0 1 -30061.3 14641.1 7499.35 -2.29417e+06 1.23112e+07 1.73328e+06 13905.7 -65.7467 -7.90319
1010101 FRAC0_S 0 1 -30042.7 14970.9 7434.84 -5.92037e+06 1.16849e+07 3.81939e+06 14107 -55.5334 -12.8564
1010101 FRAC0_S 0 1 -30010 15304 7467.54 -1.1667e+07 6.99129e+06 5.52006e+06 8408.18 -34.629 -16.0878
1010101 FRAC0_S 0 1 -29996 15607.2 7609.42 -1.18738e+07 -24456.5 4.72479e+06 2969.09 0.205822 -19.504
1010101 FRAC0_S 0 1 -29965 15846.2 7844.77 -3.89175e+06 -4.53909e+06 8.27779e+06 10949.4 32.8666 -30.5432
1010101 FRAC0_S 0 1 -29931.1 15993.4 8141.81 4.99853e+06 -7.25805e+06 7.29977e+06 14007.8 42.3171 -24.5171