
Step FractureNumber TipNr TipActive TipX TipY TipZ KI KII KIII G Phi Psi Extension
1010000 FRAC0_S 0 1 0 984.872 8574.53 8.74716e+06 -156904 -19439.8 6820.3 2.44002 0.169766
1010000 FRAC0_S 0 1 0 913.64 8875.22 1.48993e+07 -143343 212977 19789.4 1.30927 -1.08249
1010000 FRAC0_S 0 1 0 752.975 9139.18 2.07859e+07 -338178 1.10118e+06 38671.7 2.11403 -3.78362
1010000 FRAC0_S 0 1 0 518.603 9340.58 2.68715e+07 427242 237190 64368.2 -2.15536 -0.669429
1010000 FRAC0_S 0 1 0 233.466 9459.7 2.30681e+07 208182 185387 47427.1 -1.23675 -0.614271
1010000 FRAC0_S 0 1 0 -74.5244 9484.87 2.99451e+07 840336 368214 79986.5 -3.72542 -0.917294
1010000 FRAC0_S 0 1 0 -375.22 9413.64 2.85528e+07 295914 713883 72723.7 -1.39435 -1.86431
1010000 FRAC0_S 0 1 0 -639.186 9252.98 2.40839e+07 -193460 -672266 51750.5 1.08135 2.07774
1010000 FRAC0_S 0 1 0 -840.583 9018.61 1.9899e+07 -568897 564064 35355.9 3.73567 -2.06818
1010000 FRAC0_S 0 1 0 -959.699 8733.46 1.29101e+07 -482603 173433 14876.7 4.8918 -0.991783
1010000 FRAC0_S 0 1 0 -984.872 8425.47 6.92716e+06 -605898 49430.5 4309.04 10.7401 -0.507082
1010000 FRAC0_S 0 1 0 -913.64 8124.78 -132766 -770142 79736 53.6984 66.7264 -6.11197
1010000 FRAC0_S 0 1 0 -752.975 7860.82 -5.99063e+06 -940655 -2.0913e+06 660.53 13.8349 16.3064
1010000 FRAC0_S 0 1 0 -518.603 7659.42 -1.08737e+07 -651392 -220072 44.2518 7.54913 1.44992
1010000 FRAC0_S 0 1 0 -233.466 7540.3 -1.18461e+07 33377.2 -1.15581e+06 177.775 -0.358014 6.65665
1010000 FRAC0_S 0 1 0 74.5244 7515.13 -1.32774e+07 -217715 -351946 20.6979 2.18389 1.96118
1010000 FRAC0_S 0 1 0 375.22 7586.36 -1.20637e+07 31589.5 -447755 26.7533 -0.352144 2.74234
1010000 FRAC0_S 0 1 0 639.186 7747.02 -9.67197e+06 829954 -263967 70.6483 -10.3767 1.89263
1010000 FRAC0_S 0 1 0 840.583 7981.39 -3.87205e+06 -578864 -728842 100.51 14.7715 10.322
1010000 FRAC0_S 0 1 0 959.699 8266.54 2.81113e+06 401852 -192219 723.491 -15.5467 4.29784
Step FractureNumber TipNr TipActive TipX TipY TipZ KI KII KIII G Phi Psi Extension
1010101 FRAC0_S 0 1 -4.00068 1081.21 8582.09 9.57223e+06 -370765 -514884 8212.45 4.87546 3.76026
1010101 FRAC0_S 0 1 3.129 1003.83 8912.26 1.47234e+07 869310 51833.4 19384.9 -7.56315 -0.258067
1010101 FRAC0_S 0 1 1.47541 827.304 9202.28 2.1972e+07 717406 274555 43075.3 -4.30536 -0.927847
1010101 FRAC0_S 0 1 -1.49784 569.791 9423.56 3.0018e+07 -236926 351885 80316.9 1.07954 -0.8924
1010101 FRAC0_S 0 1 -3.64379 256.517 9554.41 3.18299e+07 -1.89507e+06 -244318 90608.8 7.59243 0.559295
1010101 FRAC0_S 0 1 -4.39668 -81.8758 9582.03 3.22832e+07 -1.66778e+06 257505 93127.8 6.6591 -0.585276
1010101 FRAC0_S 0 1 -2.36925 -412.267 9503.81 3.2496e+07 -867726 135725 94168.5 3.57942 -0.315481
1010101 FRAC0_S 0 1 2.1993 -716.035 9315.61 2.91968e+07 512788 -42622.9 75985.7 -2.39215 0.111675
1010101 FRAC0_S 0 1 5.86134 -923.424 9069.74 2.2129e+07 915860 118293 43713 -5.4261 -0.397481
1010101 FRAC0_S 0 1 10.5514 -1053.83 8756.48 1.5057e+07 982345 143420 20291.1 -8.2405 -0.688683
1010101 FRAC0_S 0 1 34.4153 -1067.2 8423.91 7.51955e+06 2.72792e+06 -399441 5722.94 -31.2751 2.87989
1010101 FRAC0_S 0 1 56.5684 -974.915 8099.72 -427050 -229199 121313 6.6385 35.1852 -11.3661
1010101 FRAC0_S 0 1 38.2064 -812.137 7804.55 -6.55275e+06 -2.33653e+06 -321066 500.194 31.011 2.67892
1010101 FRAC0_S 0 1 12.3907 -569.043 7577.23 -1.25693e+07 -1.75768e+06 -212806 281.322 15.9012 1.13455
1010101 FRAC0_S 0 1 3.92466 -256.412 7445.71 -1.55696e+07 -1.52747e+06 831801 299.929 11.4194 -3.54774
1010101 FRAC0_S 0 1 1.59548 81.8821 7417.89 -2.05699e+07 -918886 -1.35238e+06 318.488 5.51883 4.50254
1010101 FRAC0_S 0 1 -3.85762 412.013 7496.45 -1.46229e+07 -2.55532e+06 -300248 593.849 18.9716 1.33016
1010101 FRAC0_S 0 1 -2.78553 701.085 7673.71 -1.12692e+07 653224 -12819 38.0453 -7.45261 0.0837376
1010101 FRAC0_S 0 1 1.54462 921.045 7931.57 -5.72209e+06 217912 -262721 13.4114 -4.83204 3.24455
1010101 FRAC0_S 0 1 -5.96274 1051.98 8244.34 2.3079e+06 115114 -58463.4 476.273 -6.34383 1.81935