
Step FractureNumber TipNr TipActive TipX TipY TipZ KI KII KIII G Phi Psi Extension
1010000 FRAC0_S 0 1 -30000 15987.2 8471.27 1.01631e+06 1.57311e+07 -5.91396e+06 26795.4 -63.4532 18.1083
1010000 FRAC0_S 0 1 -30000 15947.8 8777.76 -2.698e+06 1.88497e+07 -1.71123e+06 32051.1 -67.4844 5.56008
1010000 FRAC0_S 0 1 -30000 15815.6 9057.06 -6.165e+06 2.16358e+07 3.21463e+06 43087.3 -63.598 -7.72991
1010000 FRAC0_S 0 1 -30000 15603.5 9281.83 -7.48391e+06 1.45871e+07 6.51553e+06 24607.3 -53.2121 -16.0637
1010000 FRAC0_S 0 1 -30000 15332.4 9430.08 -1.09708e+07 1.41905e+07 1.22017e+07 37745.3 -43.0747 -21.9532
1010000 FRAC0_S 0 1 -30000 15028.7 9487.27 -1.18941e+07 8.27676e+06 1.54697e+07 37933 -28.7369 -27.6386
1010000 FRAC0_S 0 1 -30000 14722.2 9447.82 -8.81483e+06 791237 1.25158e+07 20889.6 -4.91785 -33.5668
1010000 FRAC0_S 0 1 -30000 14442.9 9315.6 -9.11421e+06 -5.03962e+06 1.48508e+07 31595.7 22.212 -31.2859
1010000 FRAC0_S 0 1 -30000 14218.2 9103.54 -6.29002e+06 -1.02301e+07 1.26729e+07 30686 40.464 -27.6416
1010000 FRAC0_S 0 1 -30000 14070 8832.4 1.87242e+07 -4.13997e+06 2.83114e+06 33834.8 20.7394 -8.19353
1010000 FRAC0_S 0 1 -30000 14012.8 8528.73 1.53496e+06 -1.5902e+07 6.77109e+06 28841.1 61.7592 -19.2352
1010000 FRAC0_S 0 1 -30000 14052.2 8222.24 9.91671e+06 -9.91088e+06 393349 17536.6 51.8022 -1.50481
1010000 FRAC0_S 0 1 -30000 14184.4 7942.94 -1.30399e+07 -2.01251e+07 -4.19603e+06 38433.2 55.102 8.34395
1010000 FRAC0_S 0 1 -30000 14396.5 7718.17 6.80352e+06 -4.53058e+06 -5.70945e+06 10289.3 32.2689 22.4261
1010000 FRAC0_S 0 1 -30000 14653.8 7574.86 1.00032e+07 -7.83347e+06 -2.73688e+06 15381 43.1575 9.79229
1010000 FRAC0_S 0 1 -30000 14971.3 7512.73 1.41967e+07 -9.06176e+06 -6.18783e+06 30369.5 36.4542 14.9337
1010000 FRAC0_S 0 1 -30000 15277.8 7552.18 -7.14319e+06 3.51645e+06 -1.02699e+07 15129.5 -21.5459 30.3282
1010000 FRAC0_S 0 1 -30000 15557.1 7684.4 1.20306e+07 -802160 -9.18408e+06 24172.8 5.00784 26.7947
1010000 FRAC0_S 0 1 -30000 15781.8 7896.46 -1.14166e+07 1.06514e+07 -1.1878e+07 28874.2 -37.0368 23.2524
1010000 FRAC0_S 0 1 -30000 15930 8167.6 4.87269e+06 9.46231e+06 -7.6831e+06 17945.2 -47.2372 23.1995
Step FractureNumber TipNr TipActive TipX TipY TipZ KI KII KIII G Phi Psi Extension
1010101 FRAC0_S 0 1 -30086.1 16034.7 8467.6 1.09371e+07 2.37986e+06 -3.4551e+06 12751.7 -18.4558 14.6679
1010101 FRAC0_S 0 1 -30091 15986.6 8789.09 1.25952e+07 5.72674e+06 -1.31332e+06 17288.2 -34.8774 5.06947
1010101 FRAC0_S 0 1 -30087.9 15852.3 9084.14 1.29876e+07 9.89252e+06 1.9987e+06 24282.7 -44.6003 -6.05333
1010101 FRAC0_S 0 1 -30079.5 15637.1 9329 9.50078e+06 1.23247e+07 8.81806e+06 31921 -44.9841 -19.7128
1010101 FRAC0_S 0 1 -30066.2 15354.5 9498.23 3.10547e+06 1.45235e+07 1.19456e+07 38634.2 -51.8701 -26.1215
1010101 FRAC0_S 0 1 -30043.2 15029.1 9572.2 -3.9418e+06 1.15439e+07 1.555e+07 44034.6 -42.3893 -30.7965
1010101 FRAC0_S 0 1 -30006.8 14695.8 9536.66 -6.64831e+06 1.65038e+06 1.71626e+07 39418.3 -8.78059 -37.5831
1010101 FRAC0_S 0 1 -29967 14394.8 9389.35 -2.9149e+06 -6.55249e+06 1.3169e+07 26891 34.6601 -34.2087
1010101 FRAC0_S 0 1 -29949.2 14152.9 9153.76 1.11639e+06 -1.06496e+07 1.1476e+07 27733.2 49.452 -30.468
1010101 FRAC0_S 0 1 -29944 13999 8860.1 7.18472e+06 -1.02333e+07 8.55892e+06 23674.5 44.2883 -22.1171
1010101 FRAC0_S 0 1 -29927.4 13952.2 8532.93 1.20443e+07 -9.58399e+06 6.58518e+06 26879.2 39.4799 -16.4079
1010101 FRAC0_S 0 1 -29918.2 13998.9 8205.82 1.76578e+07 1.44294e+07 7.90308e+06 54644.8 -41.4016 -14.1259
1010101 FRAC0_S 0 1 -29926 14133 7905.73 1.57791e+07 -1.41728e+06 1.55383e+06 22686.6 10.1823 -6.23723
1010101 FRAC0_S 0 1 -29935.7 14352.7 7659.46 1.67227e+07 -1.23949e+06 -493241 25088.9 9.08679 2.06106
1010101 FRAC0_S 0 1 -29937.6 14641.9 7498.74 1.5759e+07 995692 -2.47349e+06 23032.1 -7.06191 9.48776
1010101 FRAC0_S 0 1 -29962.4 14970.5 7433.04 1.75191e+07 -563855 -2.60054e+06 28277.4 3.76453 9.28527
1010101 FRAC0_S 0 1 -30001.4 15304.3 7466.88 1.66464e+07 -1.41625e+07 -8.27661e+06 51676.5 41.5379 15.0373
1010101 FRAC0_S 0 1 -30019.9 15607.5 7608.76 1.55101e+07 3.76994e+06 469898 22732.5 -24.1731 -1.83712
1010101 FRAC0_S 0 1 -30046.3 15843.5 7845.79 1.07119e+07 -2.18645e+06 -5.33956e+06 14442.9 15.7778 20.0076
1010101 FRAC0_S 0 1 -30074.1 15989 8143.65 1.11874e+07 -1.22714e+07 -1.06856e+07 39757.9 41.2739 21.1784