
Step FractureNumber TipNr TipActive TipX TipY TipZ KI KII KIII G Phi Psi Extension
1010000 FRAC0_S 0 1 -15016.2 -29293.7 7809.85 -3.09774e+06 5.97347e+06 -483813 3210.79 -60.1649 3.86487
1010000 FRAC0_S 0 1 -15264.6 -29207.9 7972.55 -2.1977e+06 9.87523e+06 1.32351e+06 8922.99 -65.1638 -7.38395
1010000 FRAC0_S 0 1 -15487.1 -29199.8 8186.88 -1.06555e+06 7.43504e+06 2.83887e+06 5997.85 -61.701 -17.4592
1010000 FRAC0_S 0 1 -15661.9 -29270 8431.86 690572 9.39271e+06 6.91254e+06 14259.2 -55.9913 -26.2653
1010000 FRAC0_S 0 1 -15771.9 -29411.7 8683.51 3.02986e+06 6.66433e+06 9.47873e+06 16725.2 -40.2054 -30.4961
1010000 FRAC0_S 0 1 -15806.3 -29610.9 8917.2 5.31727e+06 2.13929e+06 1.15348e+07 20623.2 -14.8821 -35.2013
1010000 FRAC0_S 0 1 -15761.8 -29848.2 9110.04 7.22564e+06 -3.61111e+06 1.2634e+07 27043.5 19.8828 -32.4245
1010000 FRAC0_S 0 1 -15642.8 -30100.5 9243.17 8.70127e+06 -9.84882e+06 1.21308e+07 34962.2 37.7279 -25.6813
1010000 FRAC0_S 0 1 -15460.8 -30342.8 9303.56 1.02061e+07 -1.60355e+07 1.03575e+07 46463.7 47.9019 -19.431
1010000 FRAC0_S 0 1 -15233.8 -30551.6 9285.29 9.70988e+06 -1.98434e+07 6.45643e+06 49033.6 55.8915 -12.9243
1010000 FRAC0_S 0 1 -14983.8 -30706.3 9190.15 -5.70966e+06 -1.59382e+07 144219 22639 64.9489 -0.514756
1010000 FRAC0_S 0 1 -14735.4 -30792.1 9027.45 7.12264e+06 -1.07263e+07 1.18768e+06 14960.8 56.6601 -4.73789
1010000 FRAC0_S 0 1 -14512.9 -30800.2 8813.12 4.38239e+06 -1.38743e+07 -5.23572e+06 22510.6 58.2666 15.7446
1010000 FRAC0_S 0 1 -14338.1 -30730 8568.14 2.24159e+07 -1.27801e+07 -2.51555e+06 60171.4 39.4054 5.05616
1010000 FRAC0_S 0 1 -14228.1 -30588.3 8316.49 -29760.2 -4.73577e+06 -7.14447e+06 8787.3 44.6005 34.9151
1010000 FRAC0_S 0 1 -14193.7 -30389.1 8082.8 -1.13028e+07 3.79797e+06 -1.01548e+07 15000.3 -19.4704 26.0272
1010000 FRAC0_S 0 1 -14238.2 -30151.8 7889.96 -3.11171e+06 1.58111e+06 -5.6815e+06 4515.93 -19.7109 32.8193
1010000 FRAC0_S 0 1 -14357.2 -29899.5 7756.83 -3.45179e+06 2.11377e+06 -2.83785e+06 1469.24 -30.7863 22.5773
1010000 FRAC0_S 0 1 -14539.2 -29657.2 7696.44 -4.15679e+06 5.35925e+06 -3.48336e+06 4173.17 -45.8201 18.5316
1010000 FRAC0_S 0 1 -14766.2 -29448.4 7714.71 -4.44674e+06 8.04966e+06 -2.56023e+06 6645.86 -54.8399 12.309
Step FractureNumber TipNr TipActive TipX TipY TipZ KI KII KIII G Phi Psi Extension
1010101 FRAC0_S 0 1 -15066 -29309.3 7725.48 1.09999e+07 1.10011e+07 42655.4 21566.8 -52.4341 -0.15081
1010101 FRAC0_S 0 1 -15327.7 -29224 7897.46 7.58755e+06 4.48221e+06 9889.36 6920.39 -42.3099 -0.0638349
1010101 FRAC0_S 0 1 -15561.4 -29212.4 8122.31 9.79349e+06 4.71903e+06 3.70458e+06 12356.4 -31.5689 -14.4972
1010101 FRAC0_S 0 1 -15747.3 -29274.3 8383.77 1.06658e+07 3.54013e+06 6.70235e+06 17228.4 -21.6976 -21.6126
1010101 FRAC0_S 0 1 -15865.1 -29403.4 8665.53 1.07518e+07 2.68907e+06 1.01327e+07 24600.8 -15.0591 -27.43
1010101 FRAC0_S 0 1 -15890.6 -29588.7 8943.85 2.61636e+06 -371712 1.35838e+07 25163.3 3.10503 -41.7634
1010101 FRAC0_S 0 1 -15815.7 -29818.6 9179.11 3.31724e+07 7.96653e+06 1.39071e+07 129436 -18.7953 -17.5999
1010101 FRAC0_S 0 1 -15661.2 -30073.3 9334.37 1.09978e+07 9.96031e+06 1.01861e+07 33417.9 -37.6142 -21.9809
1010101 FRAC0_S 0 1 -15450.4 -30322 9399.06 1.61933e+07 177355 1.02626e+07 37377.1 -0.929178 -25.156
1010101 FRAC0_S 0 1 -15200.3 -30532.9 9376.3 2.00011e+07 -835389 5.08814e+06 39153.4 4.43864 -14.0376
1010101 FRAC0_S 0 1 -14932.9 -30690.2 9273.59 2.52829e+07 220681 1.81739e+06 57405.1 -1.12626 -5.04253
1010101 FRAC0_S 0 1 -14671.9 -30782.8 9103.16 5.04979e+07 1.20133e+07 -5.56031e+06 244206 -22.5271 6.15112
1010101 FRAC0_S 0 1 -14431.4 -30800.4 8868.66 1.82524e+07 -3.82219e+06 -6.29326e+06 36256.4 17.5924 15.6798
1010101 FRAC0_S 0 1 -14251.2 -30739 8612.4 1.05443e+07 -5.15394e+06 -8.79276e+06 22557 26.3619 23.75
1010101 FRAC0_S 0 1 -14143.6 -30608.5 8325.87 4.74192e+06 -4.57636e+06 -6.88674e+06 10177.8 33.9539 27.1882
1010101 FRAC0_S 0 1 -14127.5 -30426.2 8040.69 912381 -1.13235e+06 -7.95578e+06 8606.6 14.9546 41.1669
1010101 FRAC0_S 0 1 -14190.7 -30188 7812.83 -1.42999e+06 2.08516e+06 -6.24747e+06 5578.55 -26.7087 36.401
1010101 FRAC0_S 0 1 -14333.1 -29922.8 7665.8 4.03767e+06 1.25497e+07 -9.49069e+06 27466.9 -51.1619 24.016
1010101 FRAC0_S 0 1 -14545.5 -29674.8 7600.59 1.82728e+07 3.10083e+06 -7.24261e+06 37586.7 -14.3483 17.6275
1010101 FRAC0_S 0 1 -14798 -29463.9 7622.48 3.81709e+06 4.52065e+06 -3.20421e+06 4484.93 -44.0955 19.1106