
Step FractureNumber TipNr TipActive TipX TipY TipZ KI KII KIII G Phi Psi Extension
1010000 FRAC0_S 0 1 -29354.2 -14252.7 8500 -623076 5.91575e+06 470784 3147.98 -68.2954 -5.08983
1010000 FRAC0_S 0 1 -29616.7 -14089.7 8500 -349973 6.26213e+06 1.85183e+06 3950.48 -65.2629 -15.486
1010000 FRAC0_S 0 1 -29916.8 -14015.8 8500 -509290 5.39816e+06 3.48271e+06 4209.86 -57.3488 -24.3899
1010000 FRAC0_S 0 1 -30225 -14038.2 8500 -438052 2.71815e+06 3.42761e+06 2220.93 -45.8682 -31.6635
1010000 FRAC0_S 0 1 -30511.2 -14154.9 8500 -7.62371e+06 2.24166e+06 5.09781e+06 3904.14 -19.4026 -22.7435
1010000 FRAC0_S 0 1 -30747.3 -14354.2 8500 -541588 -751753 3.82144e+06 1992.61 19.0646 -39.8556
1010000 FRAC0_S 0 1 -30910.3 -14616.7 8500 -1.15941e+07 -2.40304e+06 4.95454e+06 3779.39 16.6263 -18.1362
1010000 FRAC0_S 0 1 -30984.2 -14916.7 8500 -1.11326e+06 -5.38592e+06 3.84166e+06 4547.78 53.9284 -24.4228
1010000 FRAC0_S 0 1 -30961.7 -15224.9 8500 -624700 -6.3218e+06 2.27776e+06 4251.33 63.0695 -17.2485
1010000 FRAC0_S 0 1 -30845.1 -15511.1 8500 -643483 -7.06093e+06 875124 4544.59 67.8069 -7.61276
1010000 FRAC0_S 0 1 -30661.5 -15733.8 8500 -500443 -5.99968e+06 -572116 3251.15 68.39 6.09394
1010000 FRAC0_S 0 1 -30383.3 -15910.3 8500 -604460 -6.35523e+06 -2.09521e+06 4182.91 63.7777 16.2816
1010000 FRAC0_S 0 1 -30083.2 -15984.2 8500 -327766 -5.48578e+06 -3.46432e+06 4277.86 58.3061 24.5239
1010000 FRAC0_S 0 1 -29775 -15961.8 8500 -613181 -3.34377e+06 -4.17271e+06 3312.05 45.7407 31.3413
1010000 FRAC0_S 0 1 -29488.8 -15845.1 8500 -571847 -1.30813e+06 -4.66573e+06 3047.77 25.1826 38.8314
1010000 FRAC0_S 0 1 -29273.8 -15670.3 8500 -379829 536186 -3.04309e+06 1257.25 -17.6764 40.457
1010000 FRAC0_S 0 1 -29089.7 -15383.3 8500 1.70431e+06 2.85256e+06 -3.93645e+06 3044.86 -39.1242 29.0624
1010000 FRAC0_S 0 1 -29015.8 -15083.3 8500 -3.93326e+06 4.32146e+06 -3.99818e+06 3790.2 -40.6692 21.9381
1010000 FRAC0_S 0 1 -29038.3 -14775.1 8500 -503875 4.75709e+06 -1.83489e+06 2464.34 -62.3957 17.9631
1010000 FRAC0_S 0 1 -29154.9 -14488.9 8500 -485182 6.33569e+06 -843479 3671.58 -67.8963 8.18439
Step FractureNumber TipNr TipActive TipX TipY TipZ KI KII KIII G Phi Psi Extension
1010101 FRAC0_S 0 1 -29329.9 -14224.3 8407.67 1.21066e+07 650023 2.56423e+06 13973 -5.81383 -12.1304
1010101 FRAC0_S 0 1 -29601.4 -14050 8410.31 3.40212e+06 1.17324e+06 787327 1236.5 -27.2785 -10.7403
1010101 FRAC0_S 0 1 -29914.4 -13962.4 8417.25 4.22353e+06 1.62839e+06 2.73847e+06 2823.25 -24.023 -21.5116
1010101 FRAC0_S 0 1 -30243.9 -13970.8 8434.75 2.19294e+06 1.75135e+06 2.68473e+06 1660.49 -32.1013 -26.177
1010101 FRAC0_S 0 1 -30557.4 -14082.1 8473.61 1.06887e+06 925413 3.31369e+06 1638.54 -22.2804 -35.8331
1010101 FRAC0_S 0 1 -30817.4 -14293.8 8515.18 1.04952e+07 -1.05554e+06 3.40538e+06 11457 9.53201 -16.0491
1010101 FRAC0_S 0 1 -30987 -14581.4 8542.68 1.70268e+06 -2.45076e+06 3.16873e+06 2128.99 39.0167 -27.5749
1010101 FRAC0_S 0 1 -31046.6 -14907.6 8569.86 3.42677e+06 -2.5047e+06 1.90968e+06 2090.47 37.5778 -17.0392
1010101 FRAC0_S 0 1 -31006.5 -15233.8 8587.93 1.31048e+07 -3.4556e+06 1.79485e+06 16796 23.8757 -7.3116
1010101 FRAC0_S 0 1 -30878.4 -15530.4 8591.83 3.59903e+06 -770756 -76982.9 1207.97 22.1631 1.34045
1010101 FRAC0_S 0 1 -30670.2 -15776.3 8592.06 2.707e+06 -491663 -301713 686.631 18.2834 6.478
1010101 FRAC0_S 0 1 -30399 -15950.7 8589.37 3.62955e+06 -2.68088e+06 -1.05251e+06 1961.68 41.6946 10.4755
1010101 FRAC0_S 0 1 -30085.7 -16037.5 8582.88 2.97311e+06 -1.45071e+06 -1.75036e+06 1382.69 29.0303 19.4605
1010101 FRAC0_S 0 1 -29756.5 -16028.2 8567.72 1.65115e+06 -560619 -156920 274.221 29.2139 5.0225
1010101 FRAC0_S 0 1 -29443.4 -15916.5 8531.58 1.23853e+06 -960122 -3.53469e+06 1880.54 21.4817 35.5452
1010101 FRAC0_S 0 1 -29187 -15703.9 8479.68 1.05321e+06 763744 -3.77128e+06 2042.42 -17.8263 37.6097
1010101 FRAC0_S 0 1 -29017.1 -15415.6 8444.57 788666 -1.11734e+06 -1.49019e+06 462.025 38.4829 27.8715
1010101 FRAC0_S 0 1 -28948.9 -15091.4 8429.49 3.45131e+06 2.44195e+06 -2.2375e+06 2258.66 -35.7328 18.9657
1010101 FRAC0_S 0 1 -28988.7 -14766.5 8416.24 4.41617e+06 1.85613e+06 -918918 2157.18 -31.472 9.42827
1010101 FRAC0_S 0 1 -29121.4 -14469.5 8408.29 3.21975e+06 590682 90678.8 955.967 -19.5931 -1.79523