
Step FractureNumber TipNr TipActive TipX TipY TipZ KI KII KIII G Phi Psi Extension
1010000 FRAC0_S 0 1 -44012.4 37487.4 8500 61508.5 181068 92852.9 4.40533 -55.1757 -19.0631
1010000 FRAC0_S 0 1 -44056.8 37793.2 8500 64064.8 152181 159514 5.8136 -45.2179 -27.1649
1010000 FRAC0_S 0 1 -44193.6 38070.3 8500 57466 67756 143103 3.42698 -30.8886 -32.2127
1010000 FRAC0_S 0 1 -44409.3 38291.6 8500 24155.3 114579 336411 16.2738 -29.6898 -38.6828
1010000 FRAC0_S 0 1 -44682.8 38435.4 8500 14313.8 922557 25727.3 75.9489 -69.8789 -2.06112
1010000 FRAC0_S 0 1 -44987.4 38487.6 8500 51041.8 -126236 113509 3.36579 47.5846 -25.419
1010000 FRAC0_S 0 1 -45293.2 38443.2 8500 51500.3 -171242 83953.4 3.7868 56.3459 -18.8786
1010000 FRAC0_S 0 1 -45570.3 38306.4 8500 38830.4 -144816 33414.4 2.15164 62.2456 -11.2253
1010000 FRAC0_S 0 1 -45791.6 38090.7 8500 83447.6 -937091 -727748 149.311 54.9296 26.7505
1010000 FRAC0_S 0 1 -45935.4 37817.2 8500 59815 -204256 -37912.6 4.22772 62.669 9.27239
1010000 FRAC0_S 0 1 -45987.6 37512.6 8500 51318.2 -166876 -79668.9 3.56035 56.463 18.5017
1010000 FRAC0_S 0 1 -45943.2 37206.8 8500 60373.7 -137651 -104140 3.45565 49.2502 22.9626
1010000 FRAC0_S 0 1 -45806.4 36929.7 8500 54397.3 -60790.2 -142421 3.29072 29.139 33.0364
1010000 FRAC0_S 0 1 -45590.7 36708.4 8500 46704.7 -5254.71 -120916 2.1414 4.19075 38.4122
1010000 FRAC0_S 0 1 -45317.2 36564.6 8500 45981.8 -234729 -119540 6.9987 58.0286 20.3522
1010000 FRAC0_S 0 1 -45012.6 36512.4 8500 60032.5 124292 -123843 3.7376 -45.0786 26.0164
1010000 FRAC0_S 0 1 -44706.8 36556.8 8500 59764.5 525863 -79199.1 25.7943 -66.9417 8.82362
1010000 FRAC0_S 0 1 -44429.7 36693.6 8500 63652.8 214078 -48100.7 4.75264 -61.7656 10.7955
1010000 FRAC0_S 0 1 -44208.4 36909.3 8500 36412.4 515698 -73774.4 24.5403 -67.8305 8.73553
1010000 FRAC0_S 0 1 -44064.6 37182.8 8500 60228.4 218499 49122.2 4.89844 -62.2126 -10.946
Step FractureNumber TipNr TipActive TipX TipY TipZ KI KII KIII G Phi Psi Extension
1010101 FRAC0_S 0 1 -43956 37488.6 8419.1 62858.7 -35845.4 48087.6 0.774141 30.0128 -22.0107
1010101 FRAC0_S 0 1 -43991.4 37816 8431.16 127905 -38872.4 -103887 3.02785 18.6628 25.0766
1010101 FRAC0_S 0 1 -44128.8 38117.8 8444.2 110392 62498 -36466.3 1.61085 -35.5552 12.5851
1010101 FRAC0_S 0 1 -44363.1 38347 8438.93 165529 25160.8 -32703 2.64026 -14.8802 10.7114
1010101 FRAC0_S 0 1 -44664.2 38485.9 8459.13 6503.77 -119799 34613.2 1.442 65.4297 -15.251
1010101 FRAC0_S 0 1 -44988.4 38542.7 8534.25 351376 -481642 -6224.94 31.6788 57.2907 0.576735
1010101 FRAC0_S 0 1 -45308 38496 8582.2 556751 -302114 -128604 37.9546 36.2804 9.59868
1010101 FRAC0_S 0 1 -45599.4 38347.2 8585.52 648153 -293561 -320857 58.8069 28.7672 17.6909
1010101 FRAC0_S 0 1 -45832.2 38121 8585.26 917684 -571953 -516522 139.678 34.2241 17.895
1010101 FRAC0_S 0 1 -45982.5 37833.3 8585.72 8630.22 13035.1 -353659 16.6568 -4.77779 44.1974
1010101 FRAC0_S 0 1 -46041.7 37511.7 8582.82 86307.8 51700.7 -50931.8 1.24698 -33.0676 18.6281
1010101 FRAC0_S 0 1 -46006 37184.6 8570.89 51765.3 6765.12 25871.9 0.331886 -10.7717 -20.8087
1010101 FRAC0_S 0 1 -45872.5 36879.6 8545.11 214337 -143710 93465.7 7.09597 37.4687 -14.7323
1010101 FRAC0_S 0 1 -45642.6 36643.2 8537.03 -73271 30871.1 -55892.9 0.500417 -24.4015 23.2165
1010101 FRAC0_S 0 1 -45340.8 36501.9 8526.54 192716 -261786 428841 33.8757 35.3422 -30.0894
1010101 FRAC0_S 0 1 -45014.3 36455.2 8462.8 788848 932941 -224292 139.702 -51.0279 8.55139
1010101 FRAC0_S 0 1 -44694.3 36510.9 8414.27 1.07111e+06 483509 243592 130.957 -32.5829 -9.96061
1010101 FRAC0_S 0 1 -44405.5 36659.4 8409.79 659962 200352 354127 59.0677 -21.1913 -19.9386
1010101 FRAC0_S 0 1 -44175.3 36884.7 8409.55 432041 102103 418816 40.8913 -14.1965 -27.9062
1010101 FRAC0_S 0 1 -44020.7 37169.6 8412.09 221018 16233.2 388127 24.4119 -3.58686 -35.6981