
Step FractureNumber TipNr TipActive TipX TipY TipZ KI KII KIII G Phi Psi Extension
1010000 FRAC0_S 0 1 36771.7 8163.99 8564.36 321644 -5115.26 -9.07578e+06 10964.4 0.0761434 44.5431
1010000 FRAC0_S 0 1 36700.3 7990.07 8809.62 -1.40155e+07 7.13959e+06 -7.87524e+06 12790.9 -30.1971 18.7311
1010000 FRAC0_S 0 1 36707.3 7768.17 9024.57 -1.81062e+07 1.32897e+07 -6.28303e+06 20988.6 -40.671 12.089
1010000 FRAC0_S 0 1 36791.8 7520.02 9188.17 -1.82539e+07 1.71262e+07 -2.82269e+06 27196.1 -48.6936 5.58303
1010000 FRAC0_S 0 1 36945.6 7269.91 9284.42 -1.96463e+07 1.97774e+07 1.37872e+06 35107.9 -51.4135 -2.59796
1010000 FRAC0_S 0 1 37153.8 7042.32 9303.87 -1.84221e+07 1.78788e+07 5.66603e+06 32754 -46.9384 -9.92939
1010000 FRAC0_S 0 1 37395.8 6859.54 9244.64 -2.59686e+06 1.70479e+07 6.95221e+06 32326.5 -60.9769 -18.1338
1010000 FRAC0_S 0 1 37673.8 6730.74 9095.48 -1.11505e+07 7.55597e+06 8.35812e+06 14378.7 -33.6296 -20.9409
1010000 FRAC0_S 0 1 37885.7 6693.81 8920.43 -1.1495e+07 5.70017e+06 1.19011e+07 21733 -24.7404 -26.383
1010000 FRAC0_S 0 1 38085.7 6727.08 8687.2 -1.31191e+07 -1.591e+06 1.19792e+07 19311.2 8.09693 -28.3614
1010000 FRAC0_S 0 1 38228.3 6836.01 8435.64 -4.16039e+06 -1.62318e+06 1.02443e+07 14192.5 13.4602 -36.373
1010000 FRAC0_S 0 1 38299.7 7009.93 8190.38 -874150 -4.97435e+06 9.24783e+06 13579.4 38.5308 -35.3981
1010000 FRAC0_S 0 1 38292.7 7231.83 7975.43 7.60449e+06 -4.60444e+06 7.44351e+06 14411.3 28.9585 -24.809
1010000 FRAC0_S 0 1 38208.2 7479.98 7811.83 2.68318e+06 -8.31721e+06 6.27174e+06 12037.3 51.1839 -23.9717
1010000 FRAC0_S 0 1 38053.4 7731.31 7715.28 -2.58082e+06 -8.38949e+06 3.76753e+06 8159.71 57.0117 -17.7831
1010000 FRAC0_S 0 1 37846.2 7957.68 7696.13 1.83551e+06 -1.10503e+07 1.97381e+06 11699.5 65.3998 -9.77853
1010000 FRAC0_S 0 1 37604.2 8140.46 7755.36 986544 -1.08036e+07 300556 10499.5 69.2067 -1.91856
1010000 FRAC0_S 0 1 37352 8260.55 7887.49 -2.10281e+06 -1.00367e+07 -2.14873e+06 9590.56 63.8022 10.9837
1010000 FRAC0_S 0 1 37114.3 8306.19 8079.57 2.91844e+06 -8.3377e+06 -6.41334e+06 12424.1 50.4755 23.9635
1010000 FRAC0_S 0 1 36914.3 8272.92 8312.8 -5.91431e+06 -3.44669e+06 -5.14476e+06 4578.91 29.3132 23.5132
Step FractureNumber TipNr TipActive TipX TipY TipZ KI KII KIII G Phi Psi Extension
1010101 FRAC0_S 0 1 36681.7 8196.8 8607.93 -9.49353e+06 1.74563e+06 -9.18392e+06 11489.3 -11.4549 28.4022
1010101 FRAC0_S 0 1 36607.8 8009.56 8810.96 -5.73543e+06 1.14437e+07 -7.98065e+06 20140.5 -49.1961 21.4212
1010101 FRAC0_S 0 1 36610.6 7752.61 9026.07 -1.77265e+06 1.572e+07 -5.06861e+06 25437.5 -63.5636 15.8579
1010101 FRAC0_S 0 1 36701.8 7479.84 9191.25 2.21907e+06 2.22845e+07 -2.37485e+06 45440.9 -67.9552 6.63408
1010101 FRAC0_S 0 1 36866.4 7211.13 9290.62 2.98444e+06 2.3915e+07 1.39823e+06 52018.1 -68.3209 -3.77354
1010101 FRAC0_S 0 1 37086.8 6970.02 9308.19 6.32156e+06 2.07541e+07 6.0966e+06 46887 -60.1902 -13.2207
1010101 FRAC0_S 0 1 37346.6 6776.09 9245.95 3.49705e+06 1.66367e+07 8.24329e+06 34791.1 -58.0181 -19.8737
1010101 FRAC0_S 0 1 37627.2 6646.35 9122.5 -1.17271e+06 1.16381e+07 9.07856e+06 23031.4 -54.6472 -26.6738
1010101 FRAC0_S 0 1 37903.3 6603.3 8939.33 -5.1771e+06 9.15791e+06 1.20236e+07 26700.9 -40.1911 -28.7135
1010101 FRAC0_S 0 1 38143.2 6654.84 8706.05 -5.35132e+06 1.68977e+06 1.18051e+07 18789.4 -11.9898 -35.9105
1010101 FRAC0_S 0 1 38312.4 6791.98 8448.78 -1.52015e+06 -1.83915e+06 9.95202e+06 13474.1 18.0068 -39.8699
1010101 FRAC0_S 0 1 38395.1 6996.57 8193.25 2.45856e+06 -3.64106e+06 8.92426e+06 12312.4 29.8178 -34.6886
1010101 FRAC0_S 0 1 38389.1 7244.14 7969.36 5.33121e+06 -2.0503e+06 5.13687e+06 6416.8 21.0519 -26.4503
1010101 FRAC0_S 0 1 38297.5 7518.16 7809.14 1.0511e+07 -2.37212e+06 5.31636e+06 14105.5 17.0584 -19.9691
1010101 FRAC0_S 0 1 38133.1 7789.51 7723.16 1.28121e+07 -1.17582e+06 3.56341e+06 16439.3 9.06491 -14.4759
1010101 FRAC0_S 0 1 37913.9 8028.09 7713.53 1.15585e+07 -289645 1.4572e+06 12195 3.01449 -8.14671
1010101 FRAC0_S 0 1 37661.1 8218.35 7779.72 9.01046e+06 -529791 3.10559e+06 8542.46 5.74237 -17.1652
1010101 FRAC0_S 0 1 37406.7 8342.34 7903.24 9.22329e+06 -224406 -395294 7605.78 3.15541 3.07926
1010101 FRAC0_S 0 1 37129.5 8400.01 8097.33 3.94046e+06 -8.19862e+06 -2.81089e+06 8424.22 55.7243 13.499
1010101 FRAC0_S 0 1 36889.1 8362.13 8324.67 -2.92459e+06 -6.98195e+06 -6.8947e+06 10666.3 46.0902 26.4515