
Step FractureNumber TipNr TipActive TipX TipY TipZ KI KII KIII G Phi Psi Extension
1010000 FRAC0_S 0 1 -30000 -44020.2 8624.9 1.28532e+06 -455081 145263 168.476 29.7101 -5.81293
1010000 FRAC0_S 0 1 -30000 -44106.8 8921.55 1.17003e+06 -439965 14674.8 139.267 32.7789 -0.701837
1010000 FRAC0_S 0 1 -30000 -44280.8 9176.94 1.21397e+06 -421897 -88862.8 148.236 30.0576 3.93116
1010000 FRAC0_S 0 1 -30000 -44525.1 9366.05 1.2571e+06 -363807 -183893 157.112 25.3765 7.6049
1010000 FRAC0_S 0 1 -30000 -44816 9470.4 1.00859e+06 -181217 -192856 98.5201 17.1465 10.2376
1010000 FRAC0_S 0 1 -30000 -45124.9 9479.76 1.18522e+06 -13235.6 -182661 129.63 1.33523 9.73877
1010000 FRAC0_S 0 1 -30000 -45421.5 9393.21 1.29739e+06 38530.4 -210129 155.996 -3.44559 9.99167
1010000 FRAC0_S 0 1 -30000 -45676.9 9219.22 1.09498e+06 -118249 -274495 118.109 10.6854 13.2681
1010000 FRAC0_S 0 1 -30000 -45866 8974.84 1.30228e+06 176430 -210832 159.811 -13.8561 9.21945
1010000 FRAC0_S 0 1 -30000 -45970.4 8683.98 1.29825e+06 260359 -164212 159.817 -19.5587 7.13482
1010000 FRAC0_S 0 1 -30000 -45979.8 8375.1 1.35929e+06 338012 -112330 176.506 -23.7077 4.71458
1010000 FRAC0_S 0 1 -30000 -45893.2 8078.45 1.27113e+06 338242 -58744.2 154.635 -25.5096 2.70592
1010000 FRAC0_S 0 1 -30000 -45719.2 7823.06 1.25758e+06 322118 6810.47 150.18 -25.5393 -0.334226
1010000 FRAC0_S 0 1 -30000 -45474.9 7633.95 990312 273824 57060.7 94.5063 -26.0088 -3.30716
1010000 FRAC0_S 0 1 -30000 -45184 7529.6 1.25671e+06 318889 143151 152.521 -23.5653 -6.26751
1010000 FRAC0_S 0 1 -30000 -44875.1 7520.24 1.23681e+06 237689 211586 147.299 -18.3449 -9.26853
1010000 FRAC0_S 0 1 -30000 -44578.5 7606.79 1.08887e+06 -49870.4 272834 115.774 4.85879 -13.8433
1010000 FRAC0_S 0 1 -30000 -44323.1 7780.78 1.35157e+06 -19665.8 302762 175.007 1.63503 -13.0278
1010000 FRAC0_S 0 1 -30000 -44134 8025.16 1.20125e+06 -169063 266683 140.592 13.7121 -11.8312
1010000 FRAC0_S 0 1 -30000 -44029.6 8316.02 1.08697e+06 -281814 62271.1 112.876 24.8552 -3.33162
Step FractureNumber TipNr TipActive TipX TipY TipZ KI KII KIII G Phi Psi Extension
1010101 FRAC0_S 0 1 -29951.1 -43935.8 8635.14 1.25879e+06 384750 -1831.48 154.391 -28.9097 0.0867819
1010101 FRAC0_S 0 1 -29948 -44031.4 8957.07 1.34124e+06 342440 49154.4 171.073 -24.9329 -2.18603
1010101 FRAC0_S 0 1 -29950.7 -44219.4 9235.37 1.37119e+06 308364 -45005.1 176.285 -22.795 2.01306
1010101 FRAC0_S 0 1 -29958.7 -44483.2 9443.97 1.61225e+06 302201 -106905 241.285 -19.366 4.03296
1010101 FRAC0_S 0 1 -29974 -44799.4 9561.94 1.43378e+06 144815 -149332 188.021 -11.2415 6.49448
1010101 FRAC0_S 0 1 -29993 -45137.4 9575.38 1.36255e+06 -82297.2 -136851 168.531 7.09483 6.50166
1010101 FRAC0_S 0 1 -29997.8 -45462.8 9481.03 1.38385e+06 51652.7 -175580 174.988 -4.41655 8.10866
1010101 FRAC0_S 0 1 -29998.2 -45742.5 9289.25 1.20402e+06 124829 -171171 134.466 -11.1657 8.47104
1010101 FRAC0_S 0 1 -30015.7 -45948.6 9020.46 1.51346e+06 -29162.4 -119150 206.076 2.4353 5.423
1010101 FRAC0_S 0 1 -30032.7 -46060.6 8701.53 1.62926e+06 -345717 -147388 250.081 20.9476 5.25759
1010101 FRAC0_S 0 1 -30039.2 -46068.7 8364.07 1.40583e+06 -319551 -109980 186.821 22.2532 4.5555
1010101 FRAC0_S 0 1 -30042.3 -45973.2 8040.83 1.40345e+06 -329539 -68834.5 185.825 23.2634 2.93165
1010101 FRAC0_S 0 1 -30043.3 -45783.3 7762.81 1.47675e+06 -343298 -24626.3 204.912 23.63 1.03541
1010101 FRAC0_S 0 1 -30042.7 -45517.2 7556.57 1.41078e+06 -299944 24347 185.452 22.11 -1.08802
1010101 FRAC0_S 0 1 -30038.8 -45200.3 7441.33 1.43471e+06 -262718 86437.6 190.567 19.1001 -3.70203
1010101 FRAC0_S 0 1 -30021.9 -44838.5 7430.94 1.48265e+06 -101459 108343 198.364 8.14113 -4.85796
1010101 FRAC0_S 0 1 -30002.9 -44537.1 7520 1.17012e+06 102253 161407 126.404 -9.6284 -8.36262
1010101 FRAC0_S 0 1 -29990.5 -44256.9 7710.17 1.29756e+06 105212 301336 163.094 -8.37683 -12.7608
1010101 FRAC0_S 0 1 -29976.9 -44052 7979.38 1.06147e+06 130607 166383 105.605 -12.813 -9.0583
1010101 FRAC0_S 0 1 -29960.6 -43942.2 8298.64 1.08406e+06 218597 129364 111.204 -19.7398 -6.77697