
Step FractureNumber TipNr TipActive TipX TipY TipZ KI KII KIII G Phi Psi Extension
1010000 FRAC0_S 0 1 14542.6 -44196.1 8153.45 3.34348e+06 7.39753e+06 -2.35871e+06 6612.5 -56.7365 12.9746
1010000 FRAC0_S 0 1 14359.7 -44255.2 8395.44 3.14719e+06 7.11499e+06 -566914 5436.38 -61.7658 3.99294
1010000 FRAC0_S 0 1 14239.6 -44387.2 8647.66 3.16531e+06 7.41192e+06 1.2232e+06 5987.2 -60.3186 -7.73071
1010000 FRAC0_S 0 1 14193.8 -44579.2 8885.42 3.40912e+06 6.62716e+06 2.93933e+06 6098.37 -53.2437 -15.9758
1010000 FRAC0_S 0 1 14227 -44812.4 9085.46 3.03634e+06 4.63734e+06 3.98619e+06 4851.18 -44.6079 -22.8091
1010000 FRAC0_S 0 1 14335.8 -45064 9228.19 3.43788e+06 2.20826e+06 4.99797e+06 4810.03 -26.032 -29.3493
1010000 FRAC0_S 0 1 14509.6 -45309.2 9299.64 1.97364e+06 -89120.4 4.26389e+06 2765.85 1.95822 -37.5794
1010000 FRAC0_S 0 1 14731.4 -45524.3 9292.81 2.05952e+06 -1.32958e+06 4.1669e+06 2844.79 22.4675 -32.9787
1010000 FRAC0_S 0 1 14979.6 -45688 9208.38 1.77452e+06 -2.92364e+06 2.93439e+06 2187.5 43.3559 -25.11
1010000 FRAC0_S 0 1 15229.8 -45784.3 9054.61 2.37256e+06 -5.40183e+06 2.92621e+06 4240.65 52.8355 -18.8623
1010000 FRAC0_S 0 1 15457.4 -45803.9 8846.55 2.30062e+06 -6.6941e+06 1.79472e+06 4893.14 59.9149 -12.0615
1010000 FRAC0_S 0 1 15640.3 -45744.8 8604.56 1.64806e+06 -4.67908e+06 223465 2199.63 64.2862 -2.62246
1010000 FRAC0_S 0 1 15760.4 -45612.8 8352.34 2.40772e+06 -6.85643e+06 -1.03236e+06 4847.44 62.1863 7.48876
1010000 FRAC0_S 0 1 15806.2 -45420.8 8114.58 2.51694e+06 -6.44087e+06 -2.49442e+06 5088.76 56.5961 15.4237
1010000 FRAC0_S 0 1 15773 -45187.6 7914.54 2.74277e+06 -4.95675e+06 -3.53131e+06 4518.25 48.1539 21.263
1010000 FRAC0_S 0 1 15664.2 -44936 7771.81 2.84667e+06 -3.56379e+06 -4.92506e+06 5079.93 37.0959 27.6599
1010000 FRAC0_S 0 1 15490.4 -44690.8 7700.36 2.84179e+06 -1.10626e+06 -4.95315e+06 4091.67 16.3183 33.1855
1010000 FRAC0_S 0 1 15268.6 -44475.7 7707.19 2.98417e+06 1.28263e+06 -4.98191e+06 4241.13 -18.0692 32.4404
1010000 FRAC0_S 0 1 15020.4 -44312 7791.62 2.26596e+06 2.52291e+06 -3.33227e+06 2501.57 -36.7367 26.449
1010000 FRAC0_S 0 1 14770.2 -44215.7 7945.39 3.23144e+06 5.74091e+06 -3.63652e+06 5626.23 -49.2317 19.751
Step FractureNumber TipNr TipActive TipX TipY TipZ KI KII KIII G Phi Psi Extension
1010101 FRAC0_S 0 1 14470.7 -44199.7 8085.63 9.3323e+06 1.45951e+06 -2.10583e+06 8540.37 -14.9461 11.8556
1010101 FRAC0_S 0 1 14278.5 -44268.6 8339.93 9.90697e+06 954955 -373881 8845.83 -11.3932 2.55898
1010101 FRAC0_S 0 1 14151.3 -44405.9 8606.58 9.56186e+06 608225 1.39145e+06 8437.73 -7.17133 -8.90942
1010101 FRAC0_S 0 1 14100.2 -44601.2 8863.69 6.45564e+06 1.21996e+06 2.43978e+06 4637.99 -15.8665 -16.8934
1010101 FRAC0_S 0 1 14133.6 -44838.9 9090.79 6.60227e+06 1.00578e+06 4.12275e+06 6235.05 -11.4888 -23.3369
1010101 FRAC0_S 0 1 14256.9 -45093.6 9269.78 5.30159e+06 942683 4.98836e+06 5893.32 -11.2563 -28.1312
1010101 FRAC0_S 0 1 14463.6 -45338.4 9375.37 3.21063e+06 147820 3.95288e+06 2998.66 -2.80189 -32.5248
1010101 FRAC0_S 0 1 14759.1 -45568.4 9379.9 4.60025e+06 -785448 4.96441e+06 5218.59 10.2212 -29.8205
1010101 FRAC0_S 0 1 15012.9 -45700.7 9298.32 5.99957e+06 -915819 3.65716e+06 5061.09 11.6019 -23.0324
1010101 FRAC0_S 0 1 15287.6 -45785.7 9134.41 6.7719e+06 -1.28057e+06 2.95936e+06 5397.38 15.334 -18.5786
1010101 FRAC0_S 0 1 15529 -45795 8914.46 8.63788e+06 -1.25323e+06 1.79752e+06 7218.44 14.2058 -11.2147
1010101 FRAC0_S 0 1 15720.3 -45727.3 8660.77 7.89383e+06 -680103 276527 5604.06 10.3448 -2.40484
1010101 FRAC0_S 0 1 15847.2 -45590.7 8395.22 8.22286e+06 -1.05621e+06 -1.20988e+06 6319.31 13.3879 8.55806
1010101 FRAC0_S 0 1 15898.3 -45395.3 8139.83 7.48524e+06 -791995 -2.45168e+06 5848.05 9.95318 16.1007
1010101 FRAC0_S 0 1 15866 -45156.2 7916.95 5.94983e+06 -993385 -3.45046e+06 4825.93 12.7412 22.2573
1010101 FRAC0_S 0 1 15748.2 -44896.9 7745.31 5.32067e+06 -748339 -4.54554e+06 5320.6 9.52225 27.3507
1010101 FRAC0_S 0 1 15546.4 -44649.5 7640.07 4.47854e+06 195101 -5.4722e+06 5773.38 -2.66627 32.4698
1010101 FRAC0_S 0 1 15280.2 -44442.6 7621.71 5.46658e+06 1.06814e+06 -4.88744e+06 5941.56 -12.4799 27.3335
1010101 FRAC0_S 0 1 14991.2 -44291.2 7701.96 5.82859e+06 537234 -4.15349e+06 5347.45 -6.9674 25.6531
1010101 FRAC0_S 0 1 14714.2 -44207.2 7865.31 7.55531e+06 920354 -3.90944e+06 7194.85 -10.017 21.3331