
Step FractureNumber TipNr TipActive TipX TipY TipZ KI KII KIII G Phi Psi Extension
1010000 FRAC0_S 0 1 -30000 -44020.2 8624.9 1.65459e+06 526573 -90568.6 269.753 -28.6901 3.05722
1010000 FRAC0_S 0 1 -30000 -44106.8 8921.55 1.56711e+06 532979 26535.7 244.246 -30.6903 -0.968135
1010000 FRAC0_S 0 1 -30000 -44280.8 9176.94 1.63029e+06 478759 145451 260.079 -26.5733 -4.89487
1010000 FRAC0_S 0 1 -30000 -44525.1 9366.05 1.67988e+06 395246 243358 273.265 -21.8323 -7.82364
1010000 FRAC0_S 0 1 -30000 -44816 9470.4 1.33007e+06 204961 262553 170.555 -15.0528 -10.6886
1010000 FRAC0_S 0 1 -30000 -45124.9 9479.76 1.38162e+06 -72646.3 239808 178.219 5.87483 -10.3802
1010000 FRAC0_S 0 1 -30000 -45421.5 9393.21 1.49464e+06 -82880.5 244188 207.61 6.22455 -9.86246
1010000 FRAC0_S 0 1 -30000 -45676.9 9219.22 1.31394e+06 242134 393461 179.656 -16.3083 -14.3981
1010000 FRAC0_S 0 1 -30000 -45866 8974.84 1.56248e+06 -310226 224583 232.831 19.1769 -7.97405
1010000 FRAC0_S 0 1 -30000 -45970.4 8683.98 1.53373e+06 -388773 173709 227.098 23.5573 -6.23708
1010000 FRAC0_S 0 1 -30000 -45979.8 8375.1 1.59769e+06 -423660 116702 245.268 24.9929 -4.15918
1010000 FRAC0_S 0 1 -30000 -45893.2 8078.45 1.45803e+06 -440766 13405.3 206.771 28.551 -0.545189
1010000 FRAC0_S 0 1 -30000 -45719.2 7823.06 1.43693e+06 -433842 -63557.4 201.301 27.8787 2.52727
1010000 FRAC0_S 0 1 -30000 -45474.9 7633.95 1.12772e+06 -308438 -111752 123.464 25.1172 5.45926
1010000 FRAC0_S 0 1 -30000 -45184 7529.6 1.45422e+06 -315899 -226976 204.19 20.3936 8.43867
1010000 FRAC0_S 0 1 -30000 -44875.1 7520.24 1.45463e+06 -212121 -284457 203.323 14.3925 10.6699
1010000 FRAC0_S 0 1 -30000 -44578.5 7606.79 1.44293e+06 269223 -315378 205.219 -17.3555 11.3343
1010000 FRAC0_S 0 1 -30000 -44323.1 7780.78 1.65109e+06 113166 -356512 260.967 -7.27121 12.1797
1010000 FRAC0_S 0 1 -30000 -44134 8025.16 1.53386e+06 282513 -299368 228.683 -17.446 10.376
1010000 FRAC0_S 0 1 -30000 -44029.6 8316.02 1.33228e+06 410631 39971.5 173.405 -28.5314 -1.73214
Step FractureNumber TipNr TipActive TipX TipY TipZ KI KII KIII G Phi Psi Extension
1010101 FRAC0_S 0 1 -30048.7 -43935.7 8635.53 1.27786e+06 -49469.7 -46369.5 146.015 4.95089 2.5953
1010101 FRAC0_S 0 1 -30048.7 -44029.8 8958 1.8202e+06 -30142.2 100884 296.669 2.14599 -3.94462
1010101 FRAC0_S 0 1 -30044.5 -44217.6 9237.11 1.94887e+06 -67531.4 331013 353.429 3.96964 -10.3427
1010101 FRAC0_S 0 1 -30036.3 -44482 9445.8 1.95087e+06 -103426 430676 364.766 5.70562 -12.5271
1010101 FRAC0_S 0 1 -30019.8 -44799 9562.86 1.74066e+06 -23899.8 417609 293.241 1.52492 -13.7185
1010101 FRAC0_S 0 1 -29998.7 -45137.3 9575.3 1.48811e+06 61847.7 375880 216.464 -4.42385 -13.9667
1010101 FRAC0_S 0 1 -29999 -45462.3 9480.31 1.32566e+06 -123501 328531 172.315 9.38831 -13.2879
1010101 FRAC0_S 0 1 -30003.1 -45741.1 9288 1.7923e+06 -331959 429487 320.603 17.0157 -12.1846
1010101 FRAC0_S 0 1 -29980.6 -45946.4 9019.29 1.66971e+06 -159440 225374 257.454 10.4431 -8.15922
1010101 FRAC0_S 0 1 -29961.2 -46058.6 8701 1.62937e+06 7643.78 202348 242.023 -0.580586 -8.18144
1010101 FRAC0_S 0 1 -29956.9 -46067.1 8364.27 1.80425e+06 58509.1 60350.8 290.87 -4.1946 -2.41529
1010101 FRAC0_S 0 1 -29953.8 -45971.5 8041.7 1.63355e+06 29690.4 -68947.2 238.499 -2.3791 3.0524
1010101 FRAC0_S 0 1 -29954 -45782.2 7763.55 1.60453e+06 91358.6 -185274 234.724 -6.63399 7.36204
1010101 FRAC0_S 0 1 -29958.4 -45517.1 7556.07 1.56253e+06 109006 -289164 229.742 -7.56698 10.7857
1010101 FRAC0_S 0 1 -29965.8 -45200.6 7439.68 1.55289e+06 144763 -361977 234.18 -9.49424 12.6891
1010101 FRAC0_S 0 1 -29986.3 -44863.2 7427.59 1.58847e+06 12219.4 -363706 242.453 -0.868153 13.3104
1010101 FRAC0_S 0 1 -30011.8 -44538 7521.55 1.37371e+06 -577790 -388939 218.026 30.2959 12.0508
1010101 FRAC0_S 0 1 -30021.3 -44257.9 7711.61 1.3782e+06 -76974.6 -431718 194.574 5.59473 16.1188
1010101 FRAC0_S 0 1 -30030.1 -44053.6 7980.08 1.76439e+06 -22240.3 -377511 296.406 1.43135 12.6021
1010101 FRAC0_S 0 1 -30043.4 -43943.8 8299.15 1.85149e+06 -50554.6 -280369 316.154 3.20547 9.47582