
Step FractureNumber TipNr TipActive TipX TipY TipZ KI KII KIII G Phi Psi Extension
1010000 FRAC0_S 0 1 36771.7 8163.99 8564.36 1.8261e+06 -1.87746e+06 971742 736.84 44.9317 -14.7864
1010000 FRAC0_S 0 1 36700.3 7990.07 8809.62 1.75048e+06 -2.91533e+06 259767 1039.38 58.3404 -4.02181
1010000 FRAC0_S 0 1 36707.3 7768.17 9024.57 1.84562e+06 -3.01569e+06 -366843 1131.84 57.4642 5.31054
1010000 FRAC0_S 0 1 36791.8 7520.02 9188.17 1.77119e+06 -2.61882e+06 -943022 1008.96 51.8684 12.7607
1010000 FRAC0_S 0 1 36945.6 7269.91 9284.42 1.95183e+06 -2.24874e+06 -1.56076e+06 1114.07 43.98 18.7086
1010000 FRAC0_S 0 1 37153.8 7042.32 9303.87 1.81544e+06 -1.25466e+06 -1.81684e+06 872.989 31.3292 24.4373
1010000 FRAC0_S 0 1 37395.8 6859.54 9244.64 1.52225e+06 -324422 -1.63707e+06 572.308 12.4304 29.3664
1010000 FRAC0_S 0 1 37672.7 6731.12 9096.22 1.42014e+06 824802 -1.74443e+06 645.063 -25.9528 27.7973
1010000 FRAC0_S 0 1 37885.7 6693.81 8920.43 1.91804e+06 674239 -1.56407e+06 693.693 -20.8686 24.679
1010000 FRAC0_S 0 1 38085.7 6727.08 8687.2 1.8592e+06 2.16222e+06 -1.34605e+06 965.602 -45.0379 17.4854
1010000 FRAC0_S 0 1 38228.3 6836.01 8435.64 1.8262e+06 2.63154e+06 -839636 1008.03 -52.2727 11.534
1010000 FRAC0_S 0 1 38299.7 7009.93 8190.38 1.6974e+06 2.77715e+06 -173924 948.03 -58.6557 2.87219
1010000 FRAC0_S 0 1 38292.7 7231.83 7975.43 1.42123e+06 2.75648e+06 665810 916.028 -57.0032 -10.0986
1010000 FRAC0_S 0 1 38208.2 7479.98 7811.83 1.8509e+06 2.51898e+06 955737 992.189 -50.5584 -12.9351
1010000 FRAC0_S 0 1 38053.4 7731.31 7715.28 1.82706e+06 2.06088e+06 1.49959e+06 975.019 -43.311 -19.1541
1010000 FRAC0_S 0 1 37846.2 7957.68 7696.13 1.82031e+06 1.17871e+06 1.77555e+06 838.37 -30.2959 -24.4427
1010000 FRAC0_S 0 1 37604.2 8140.46 7755.36 1.98732e+06 339826 2.12462e+06 962.588 -10.279 -29.7093
1010000 FRAC0_S 0 1 37352 8260.55 7887.49 1.83854e+06 -566418 1.98003e+06 851.229 16.9161 -28.4921
1010000 FRAC0_S 0 1 37114.3 8306.19 8079.57 1.63328e+06 -939073 1.49368e+06 613.027 28.5999 -24.2004
1010000 FRAC0_S 0 1 36914.3 8272.92 8312.8 1.87233e+06 -1.57403e+06 1.35066e+06 775.794 38.401 -19.3457
Step FractureNumber TipNr TipActive TipX TipY TipZ KI KII KIII G Phi Psi Extension
1010101 FRAC0_S 0 1 36765 8251.27 8608.71 3.99342e+06 -720486 852630 1564.02 16.9477 -11.1731
1010101 FRAC0_S 0 1 36702.1 8065.57 8873.07 4.34513e+06 80473.2 221648 1689.52 -2.40329 -3.6451
1010101 FRAC0_S 0 1 36711.9 7830.27 9101.69 3.75644e+06 -137059 -410920 1281.55 4.38682 7.14549
1010101 FRAC0_S 0 1 36793.6 7565.01 9276.01 3.76527e+06 -339393 -1.15717e+06 1451.69 8.73889 15.5576
1010101 FRAC0_S 0 1 36945.8 7290.86 9380.03 3.2842e+06 -234558 -1.67739e+06 1340.26 6.17705 21.7406
1010101 FRAC0_S 0 1 37154.3 7030.65 9399.47 2.69073e+06 -121305 -1.99463e+06 1175.62 3.48857 26.6851
1010101 FRAC0_S 0 1 37393.9 6808.07 9320.18 2.76953e+06 -176641 -2.0759e+06 1259.43 4.83762 26.6033
1010101 FRAC0_S 0 1 37646.6 6655.27 9154.09 2.09034e+06 178272 -1.80525e+06 825.636 -5.99235 28.0841
1010101 FRAC0_S 0 1 37891 6597.72 8930.8 2.55079e+06 870088 -1.61376e+06 993.621 -22.1042 21.611
1010101 FRAC0_S 0 1 38090.1 6633.09 8665.86 3.44156e+06 990122 -1.20963e+06 1337.42 -22.4154 15.2078
1010101 FRAC0_S 0 1 38226.6 6749.78 8387.55 4.06399e+06 174991 -945424 1593.35 -4.64571 13.1266
1010101 FRAC0_S 0 1 38294.7 6934.87 8125.82 4.12662e+06 147565 -195153 1524.46 -4.5461 3.34294
1010101 FRAC0_S 0 1 38291.8 7151.84 7912.73 4.04789e+06 327156 611096 1519.31 -8.88446 -9.06391
1010101 FRAC0_S 0 1 38207.8 7435.58 7723.72 3.82312e+06 351905 891929 1419.29 -9.3855 -12.7077
1010101 FRAC0_S 0 1 38055.5 7710.01 7619.82 2.09667e+06 43471.3 1.15266e+06 568.607 -1.83607 -23.2605
1010101 FRAC0_S 0 1 37847.1 7970.83 7600.96 2.6435e+06 106084 1.99131e+06 1151.09 -3.09766 -26.9402
1010101 FRAC0_S 0 1 37605.1 8192.54 7677.63 2.51866e+06 -31953.9 2.4278e+06 1349.3 0.895704 -30.1899
1010101 FRAC0_S 0 1 37351.6 8343.98 7842.66 2.42803e+06 -197674 2.06985e+06 1098.62 5.76968 -27.9709
1010101 FRAC0_S 0 1 37108.9 8402.76 8069.31 2.67888e+06 -434341 1.85996e+06 1116.41 11.6932 -24.556
1010101 FRAC0_S 0 1 36904.4 8368.44 8332.22 2.91639e+06 -651413 1.29449e+06 1018.59 17.4997 -18.427