
Step FractureNumber TipNr TipActive TipX TipY TipZ KI KII KIII G Phi Psi Extension
1010000 FRAC0_S 0 1 -44194.5 37131.8 8062.81 2.17804e+06 -598167 -1.62995e+06 807.956 17.7159 24.3383
1010000 FRAC0_S 0 1 -44246.2 37371.5 7874.8 2.1653e+06 105855 -1.45468e+06 700.234 -3.92106 25.4232
1010000 FRAC0_S 0 1 -44371.7 37623.8 7747.99 1.5544e+06 688423 -1.1242e+06 425.622 -25.6982 22.3642
1010000 FRAC0_S 0 1 -44558.8 37863.9 7694.79 2.20104e+06 1.59397e+06 -1.27803e+06 875.341 -37.078 17.5558
1010000 FRAC0_S 0 1 -44789 38068.5 7720.41 1.52831e+06 1.50931e+06 -621157 462.445 -45.8405 12.2911
1010000 FRAC0_S 0 1 -45039.8 38217.4 7822.34 2.26818e+06 2.49274e+06 -419406 1035.54 -51.1588 6.09868
1010000 FRAC0_S 0 1 -45286.8 38296.2 7990.62 2.28152e+06 2.20162e+06 59462.9 896.246 -51.4098 -1.01537
1010000 FRAC0_S 0 1 -45505.6 38296.9 8208.75 2.40317e+06 2.63946e+06 712735 1203 -49.4827 -9.15329
1010000 FRAC0_S 0 1 -45675 38219.7 8455.39 2.2397e+06 1.92265e+06 1.11482e+06 941.696 -41.7149 -15.0051
1010000 FRAC0_S 0 1 -45778.4 38071.9 8706.39 1.90067e+06 1.21468e+06 1.5402e+06 768.898 -31.7622 -22.193
1010000 FRAC0_S 0 1 -45805.5 37868.2 8937.19 2.17316e+06 546138 1.65209e+06 810.422 -16.3983 -24.7652
1010000 FRAC0_S 0 1 -45753.8 37628.5 9125.2 1.57793e+06 -189995 1.24353e+06 430.756 8.55408 -26.5818
1010000 FRAC0_S 0 1 -45628.3 37376.2 9252.01 1.88077e+06 -741897 1.28172e+06 582.75 24.0748 -22.0494
1010000 FRAC0_S 0 1 -45441.2 37136.1 9305.21 2.20234e+06 -1.42014e+06 1.24258e+06 817.281 34.9021 -17.7692
1010000 FRAC0_S 0 1 -45211 36931.5 9279.59 2.18562e+06 -2.24102e+06 903118 981.676 46.4904 -12.2694
1010000 FRAC0_S 0 1 -44960.2 36782.6 9177.66 2.2363e+06 -2.60166e+06 385454 1068.56 52.3651 -5.57619
1010000 FRAC0_S 0 1 -44713.2 36703.8 9009.38 2.306e+06 -2.67868e+06 -178745 1117.5 53.7898 2.66063
1010000 FRAC0_S 0 1 -44494.4 36703.1 8791.25 2.32026e+06 -2.59574e+06 -742547 1153.48 49.4918 9.66734
1010000 FRAC0_S 0 1 -44325 36780.3 8544.61 2.18261e+06 -1.93125e+06 -1.13896e+06 929.391 42.0102 15.3611
1010000 FRAC0_S 0 1 -44221.6 36928.1 8293.61 2.19405e+06 -1.302e+06 -1.50215e+06 880.13 31.7191 20.4613
Step FractureNumber TipNr TipActive TipX TipY TipZ KI KII KIII G Phi Psi Extension
1010101 FRAC0_S 0 1 -44104.5 37113.8 8036.88 2.35464e+06 56713.1 -1.48128e+06 786.171 -2.02485 24.9031
1010101 FRAC0_S 0 1 -44178.3 37355 7811.69 2.6799e+06 210085 -1.85698e+06 1102.54 -6.05883 25.463
1010101 FRAC0_S 0 1 -44337.4 37611.3 7659.43 2.9693e+06 -25764.3 -1.72251e+06 1180.34 0.762499 24.0804
1010101 FRAC0_S 0 1 -44556.9 37857.5 7597.36 2.56003e+06 -232217 -1.18442e+06 775.39 7.93657 20.3042
1010101 FRAC0_S 0 1 -44813.9 38066.7 7625.25 3.57762e+06 -58591.1 -1.01635e+06 1278.24 1.75196 15.4643
1010101 FRAC0_S 0 1 -45085.9 38218.7 7734.93 4.33106e+06 -129654 -536780 1711.35 3.585 7.99725
1010101 FRAC0_S 0 1 -45349.5 38301 7914.21 3.97777e+06 -33343.9 39484.7 1410.27 1.14771 -0.757197
1010101 FRAC0_S 0 1 -45582.4 38306.4 8147.45 4.03646e+06 34507.1 618543 1502.86 -1.02638 -9.71404
1010101 FRAC0_S 0 1 -45763.3 38234.4 8415.57 3.90462e+06 75949.5 1.234e+06 1561.62 -2.02423 -16.6103
1010101 FRAC0_S 0 1 -45873 38090.2 8696.18 3.29407e+06 104462 1.59491e+06 1306.21 -2.89814 -21.5467
1010101 FRAC0_S 0 1 -45893.8 37888.1 8964.92 2.47127e+06 16786.8 1.86601e+06 1007.34 -0.53872 -27.3671
1010101 FRAC0_S 0 1 -45819.5 37647.1 9190.6 2.87196e+06 71073.4 1.86854e+06 1199.81 -2.05271 -25.314
1010101 FRAC0_S 0 1 -45663.1 37388.3 9341.31 2.63961e+06 -3064.85 1.57789e+06 952.013 0.101627 -24.5485
1010101 FRAC0_S 0 1 -45444.9 37141.1 9402.47 3.05096e+06 -335480 1.3572e+06 1084.48 9.551 -19.6152
1010101 FRAC0_S 0 1 -45186.4 36933.7 9374.57 3.47256e+06 3781.53 987431 1204.23 -0.118552 -15.6395
1010101 FRAC0_S 0 1 -44913.4 36783.5 9264.78 3.65188e+06 110017 484300 1220.67 -3.58033 -8.46701
1010101 FRAC0_S 0 1 -44650.1 36701.5 9085.58 2.59191e+06 99243.7 -53617.8 599.9 -4.97052 1.5111
1010101 FRAC0_S 0 1 -44417.5 36694.7 8852.54 3.9125e+06 -40201.4 -654694 1421.22 1.21623 10.4172
1010101 FRAC0_S 0 1 -44236.7 36765.8 8584.52 3.53164e+06 -105440 -1.05722e+06 1261.07 3.10927 15.8929
1010101 FRAC0_S 0 1 -44126.8 36910.3 8304.25 2.95039e+06 -72054.4 -1.26229e+06 988.07 2.33451 20.1149