
Step FractureNumber TipNr TipActive TipX TipY TipZ KI KII KIII G Phi Psi Extension
1010000 FRAC0_S 0 1 15806.4 29592.3 8101.29 -1.53019e+07 8.09118e+06 5.33964e+06 9625.85 -33.8733 -13.3557
1010000 FRAC0_S 0 1 15768.6 29827.2 7904.19 -1.9103e+07 7.48976e+06 8.32558e+06 14217.7 -26.8086 -16.7215
1010000 FRAC0_S 0 1 15655.5 30079.1 7765.4 -1.87857e+07 4.40292e+06 9.50895e+06 13753.3 -17.5826 -19.8927
1010000 FRAC0_S 0 1 15478.3 30323.3 7698.53 -1.43833e+07 493634 8.1839e+06 8929.55 -2.96473 -23.5248
1010000 FRAC0_S 0 1 15254.1 30535.8 7710.12 -1.32836e+07 -3.39322e+06 7.29853e+06 8110.72 18.412 -20.6865
1010000 FRAC0_S 0 1 15005.2 30695.8 7799.02 -1.93969e+07 -9.59319e+06 8.14703e+06 17028.5 31.4935 -15.5232
1010000 FRAC0_S 0 1 14755.7 30787.8 7956.53 -1.89346e+07 -1.32651e+07 5.28185e+06 19390.5 40.7798 -10.3363
1010000 FRAC0_S 0 1 14530.2 30802.5 8167.25 -2.22856e+07 -1.90805e+07 1.08003e+06 32597 48.7882 -1.96332
1010000 FRAC0_S 0 1 14350.7 30738.8 8410.54 -2.2981e+07 -1.7784e+07 -2.9209e+06 29317.6 45.3919 5.06767
1010000 FRAC0_S 0 1 14234.6 30602.7 8662.59 -161139 -6.62383e+06 -3.57741e+06 5611.83 60.8886 22.9949
1010000 FRAC0_S 0 1 14193.6 30407.7 8898.71 -3.10353e+07 -1.42124e+07 -1.37674e+07 43208.5 29.6558 16.4004
1010000 FRAC0_S 0 1 14231.4 30172.8 9095.81 -2.92665e+07 -6.31595e+06 -1.5615e+07 35984 16.2057 20.7199
1010000 FRAC0_S 0 1 14344.5 29920.9 9234.6 -3.00531e+07 2.55063e+06 -1.70875e+07 39413.5 -7.00171 22.9199
1010000 FRAC0_S 0 1 14521.7 29676.7 9301.47 -2.77918e+07 9.39189e+06 -1.42709e+07 34946.9 -23.2217 19.0948
1010000 FRAC0_S 0 1 14745.9 29464.2 9289.88 -2.75456e+07 1.54758e+07 -1.16849e+07 39501.2 -34.0026 15.1547
1010000 FRAC0_S 0 1 14994.8 29304.2 9200.98 -2.6719e+07 1.87157e+07 -7.52868e+06 38751.7 -40.7309 10.4208
1010000 FRAC0_S 0 1 15244.3 29212.2 9043.47 -2.60983e+07 1.98473e+07 -3.69645e+06 36919.1 -44.7839 5.62507
1010000 FRAC0_S 0 1 15469.8 29197.5 8832.75 -3.00922e+07 2.21086e+07 -296938 43567.6 -46.544 0.440129
1010000 FRAC0_S 0 1 15649.3 29261.2 8589.46 -1.87652e+07 1.27516e+07 2.75848e+06 15501.6 -42.3962 -6.0637
1010000 FRAC0_S 0 1 15767.2 29401.1 8331.68 -1.79928e+07 1.12569e+07 4.26002e+06 13705.4 -39.1306 -9.38264
Step FractureNumber TipNr TipActive TipX TipY TipZ KI KII KIII G Phi Psi Extension
1010101 FRAC0_S 0 1 15841 29527.7 8036.16 -8.91804e+06 1.88141e+07 6.50159e+06 37164.4 -55.7984 -13.6233
1010101 FRAC0_S 0 1 15810.6 29787.4 7825.73 -1.20251e+07 1.48924e+07 7.97219e+06 28216 -47.0043 -16.0998
1010101 FRAC0_S 0 1 15700.6 30071.2 7680.26 -1.77918e+07 5.83744e+06 1.24361e+07 23605.9 -20.8262 -22.9723
1010101 FRAC0_S 0 1 15523 30353.1 7620.02 -1.45055e+07 1.09581e+06 9.83769e+06 12978.8 -5.90078 -25.2288
1010101 FRAC0_S 0 1 15294.5 30600.6 7652.7 -1.24134e+07 -8.26584e+06 9.23234e+06 17424.8 33.3424 -20.9312
1010101 FRAC0_S 0 1 15035.9 30782.9 7768.44 -4.706e+06 -2.0791e+07 6.47452e+06 44094.4 61.4396 -14.4424
1010101 FRAC0_S 0 1 14775.9 30883.6 7952.28 1.74501e+07 6.24575e+06 -3.4094e+06 32156.5 -28.5429 9.28903
1010101 FRAC0_S 0 1 14539.7 30899 8185.56 -1.67829e+06 -2.27972e+07 1.02254e+06 46450.6 69.2146 -3.07495
1010101 FRAC0_S 0 1 14354.3 30829.9 8447.83 -270738 -1.94725e+07 -2.41741e+06 34565.9 68.97 8.116
1010101 FRAC0_S 0 1 14229.2 30682.4 8716.41 -1.41627e+06 -1.99638e+07 -5.49508e+06 39531.2 65.3706 14.5688
1010101 FRAC0_S 0 1 14161 30468.2 8963.66 -1.11357e+07 -1.94385e+07 -1.21544e+07 53318.5 49.2028 19.5173
1010101 FRAC0_S 0 1 14173.4 30201.6 9165.45 -2.26259e+07 -1.11533e+07 -1.61166e+07 45631.1 27.7968 21.7514
1010101 FRAC0_S 0 1 14276.7 29908.3 9299.45 -2.45084e+07 5.08566e+06 -1.74475e+07 42792.2 -14.3172 24.3903
1010101 FRAC0_S 0 1 14456.5 29627.2 9352.57 -2.52404e+07 1.98719e+07 -1.64309e+07 71095.4 -37.9068 18.4724
1010101 FRAC0_S 0 1 14692.7 29389.6 9323.87 -1.18844e+07 2.47398e+07 -1.12813e+07 71466.9 -53.6312 16.5382
1010101 FRAC0_S 0 1 14956.6 29215 9217.13 -9.10091e+06 2.62037e+07 -8.39616e+06 70562 -58.7785 13.7679
1010101 FRAC0_S 0 1 15220.9 29116.4 9042 -3.40482e+06 2.83083e+07 -3.05243e+06 72648.5 -67.5851 6.59404
1010101 FRAC0_S 0 1 15461.8 29100.7 8814.92 -3.8032e+06 2.81832e+07 -754198 70854.9 -68.6437 1.77926
1010101 FRAC0_S 0 1 15657.8 29168.7 8556.36 -4.34045e+06 2.24667e+07 3.21185e+06 46350.5 -65.5694 -7.96775
1010101 FRAC0_S 0 1 15788.5 29315.2 8288.33 -5.61785e+06 1.76015e+07 3.73534e+06 29463.1 -61.5715 -10.1754