
Step FractureNumber TipNr TipActive TipX TipY TipZ KI KII KIII G Phi Psi Extension
1010000 FRAC0_S 0 1 -30000 29254 7852.75 6.86804e+06 1.99069e+06 5.32162e+06 8322.96 -18.2742 -24.6244
1010000 FRAC0_S 0 1 -30000 29487.6 7655.6 6.09214e+06 -993269 4.79888e+06 6458.04 11.212 -26.1156
1010000 FRAC0_S 0 1 -30000 29773.6 7538.6 5.89497e+06 -3.21156e+06 4.21435e+06 6377.91 29.6841 -21.374
1010000 FRAC0_S 0 1 -30000 30081.8 7515.7 5.66249e+06 -4.85431e+06 3.1025e+06 6237.22 41.0071 -16.0561
1010000 FRAC0_S 0 1 -30000 30382 7589.16 5.86253e+06 -6.32199e+06 2.01931e+06 7166.48 48.4453 -10.422
1010000 FRAC0_S 0 1 -30000 30644.7 7751.78 4.6671e+06 -5.29314e+06 555891 4478.69 52.7327 -4.03094
1010000 FRAC0_S 0 1 -30000 30844.5 7987.64 6.96383e+06 -7.63106e+06 -554184 9551.37 52.7602 2.80924
1010000 FRAC0_S 0 1 -30000 30961.5 8273.65 6.91796e+06 -6.43902e+06 -1.60436e+06 8301.57 47.2871 7.98476
1010000 FRAC0_S 0 1 -30000 30984.3 8581.81 8.06407e+06 -6.53763e+06 -3.13376e+06 10909.5 42.0951 12.7519
1010000 FRAC0_S 0 1 -30000 30910.8 8881.97 7.46461e+06 -4.68501e+06 -3.79108e+06 8832.66 35.0998 16.6838
1010000 FRAC0_S 0 1 -30000 30748.2 9144.74 8.05659e+06 -1.9429e+06 -4.9271e+06 9349.14 17.0369 22.1513
1010000 FRAC0_S 0 1 -30000 30512.4 9344.4 1.03392e+07 -1.64981e+06 -6.38952e+06 15198.2 12.0035 23.129
1010000 FRAC0_S 0 1 -30000 30226.4 9461.4 9.65111e+06 842849 -6.18416e+06 13449.8 -6.8963 24.3849
1010000 FRAC0_S 0 1 -30000 29918.2 9484.3 1.10675e+07 3.76894e+06 -6.15613e+06 17221.3 -22.8788 20.0358
1010000 FRAC0_S 0 1 -30000 29618 9410.84 1.15861e+07 5.29096e+06 -6.70501e+06 20435.8 -27.8872 19.5097
1010000 FRAC0_S 0 1 -30000 29355.3 9248.22 1.04913e+07 8.61756e+06 -3.21801e+06 17802.9 -43.6079 10.5567
1010000 FRAC0_S 0 1 -30000 29155.5 9012.36 9.95469e+06 9.45589e+06 -1.08055e+06 16953.4 -49.6984 4.02137
1010000 FRAC0_S 0 1 -30000 29038.5 8726.35 9.74653e+06 9.35628e+06 1.28036e+06 16483.7 -49.5138 -4.76933
1010000 FRAC0_S 0 1 -30000 29015.7 8418.19 8.19626e+06 7.3798e+06 2.69936e+06 11808.5 -45.119 -10.801
1010000 FRAC0_S 0 1 -30000 29089.2 8118.03 7.52409e+06 4.57286e+06 4.39302e+06 9474.79 -33.4405 -18.4376
Step FractureNumber TipNr TipActive TipX TipY TipZ KI KII KIII G Phi Psi Extension
1010101 FRAC0_S 0 1 -30024.6 29183.9 7795.23 6.18493e+06 127707 4.15895e+06 5710.7 -1.69697 -25.7734
1010101 FRAC0_S 0 1 -29985.7 29439.2 7577.03 6.14361e+06 -214263 4.19113e+06 5703.67 2.81469 -25.7805
1010101 FRAC0_S 0 1 -29954 29752.5 7456.55 6.07141e+06 -1.93984e+06 2.6563e+06 4558.53 23.1435 -17.3764
1010101 FRAC0_S 0 1 -29936.1 30086.4 7441.67 8.25288e+06 -383921 3.54945e+06 7758.03 4.34115 -19.9192
1010101 FRAC0_S 0 1 -29926.3 30406.2 7528.31 1.05209e+07 -384509 3.24779e+06 11279.7 3.7518 -16.1612
1010101 FRAC0_S 0 1 -29921.6 30683.9 7705.71 1.25917e+07 -641054 2.50615e+06 15000.5 5.58614 -11.5834
1010101 FRAC0_S 0 1 -29921.9 30896.6 7956.59 1.10571e+07 -1.03109e+06 125085 10991.4 11.3203 -0.795393
1010101 FRAC0_S 0 1 -29926.6 31025.8 8259.56 1.41589e+07 -1.07848e+06 -1.96247e+06 18480.1 8.50322 8.47005
1010101 FRAC0_S 0 1 -29933.7 31056.6 8588.91 1.29456e+07 -1.00643e+06 -3.68873e+06 16833.8 7.75936 14.8671
1010101 FRAC0_S 0 1 -29947.2 30985.2 8914.93 1.3274e+07 -1.07172e+06 -5.16059e+06 19345.5 7.4806 18.326
1010101 FRAC0_S 0 1 -29967.3 30798.5 9226.02 1.29231e+07 -990727 -6.38902e+06 20398.3 6.66497 21.2776
1010101 FRAC0_S 0 1 -29985.3 30561.5 9425.98 1.24935e+07 -952911 -7.34427e+06 21163.7 6.26964 23.4354
1010101 FRAC0_S 0 1 -30010.5 30248.5 9553.58 1.29634e+07 -259762 -7.12403e+06 21730.9 1.7759 23.2643
1010101 FRAC0_S 0 1 -30034.1 29911.5 9574.74 1.38971e+07 75608.3 -6.86169e+06 23472.2 -0.507141 22.1095
1010101 FRAC0_S 0 1 -30050.4 29587.2 9488.26 1.52598e+07 350117 -5.79112e+06 25221.7 -2.27164 18.6904
1010101 FRAC0_S 0 1 -30065.3 29309.2 9304.42 1.69864e+07 -398667 -3.71032e+06 27556.7 2.62076 12.698
1010101 FRAC0_S 0 1 -30074.4 29100.4 9046.57 1.61002e+07 -393774 -1.6937e+06 23494 2.99828 6.97746
1010101 FRAC0_S 0 1 -30074.8 28975.6 8740.72 1.66104e+07 20576.5 621125 24637.2 -0.166878 -2.76545
1010101 FRAC0_S 0 1 -30068.2 28945.5 8410.91 1.44697e+07 823266 4.34839e+06 21232.5 -5.7451 -15.6509
1010101 FRAC0_S 0 1 -30053.1 29015.1 8084.93 1.03268e+07 420448 4.95016e+06 12777.8 -3.69961 -21.3155