
Step FractureNumber TipNr TipActive TipX TipY TipZ KI KII KIII G Phi Psi Extension
1010000 FRAC0_S 0 1 -14627.4 -29085.3 8500 -481065 6.02682e+06 -277257 3246.93 -69.1256 3.13216
1010000 FRAC0_S 0 1 -14928.3 -29015 8500 -520466 6.64311e+06 1.18131e+06 4118.11 -67.0889 -10.3804
1010000 FRAC0_S 0 1 -15236.2 -29041 8500 -488154 5.87188e+06 2.54137e+06 3931.42 -61.8917 -19.5793
1010000 FRAC0_S 0 1 -15521 -29160.9 8500 -435864 4.76432e+06 3.87175e+06 4016.42 -54.2176 -27.2784
1010000 FRAC0_S 0 1 -15754.8 -29363 8500 -414808 1.92518e+06 3.54097e+06 1997.89 -38.3287 -35.0008
1010000 FRAC0_S 0 1 -15914.7 -29627.4 8500 -8.21118e+06 503022 5.12172e+06 3511.41 -4.99735 -24.3517
1010000 FRAC0_S 0 1 -15985.1 -29928.3 8500 -538947 -2.30002e+06 5.59035e+06 4627.92 32.9887 -37.2152
1010000 FRAC0_S 0 1 -15959 -30236.2 8500 -1.19023e+06 -3.07287e+06 3.28907e+06 2280.22 45.3751 -27.7109
1010000 FRAC0_S 0 1 -15839.1 -30521 8500 1.10477e+07 -5.64698e+06 2.71376e+06 14697.1 34.8078 -10.2611
1010000 FRAC0_S 0 1 -15637 -30754.8 8500 6.93282e+06 -4.9836e+06 1.16548e+06 6676.8 43.1747 -6.6872
1010000 FRAC0_S 0 1 -15372.6 -30914.7 8500 -525627 -7.28755e+06 230741 4739.57 69.3811 -2.21029
1010000 FRAC0_S 0 1 -15071.7 -30985 8500 -804446 -7.60727e+06 -1.41999e+06 5425.02 66.4167 10.5771
1010000 FRAC0_S 0 1 -14763.8 -30959 8500 -532298 -6.10416e+06 -2.68124e+06 4276.45 61.6738 19.7126
1010000 FRAC0_S 0 1 -14479 -30839.1 8500 -511027 -4.78056e+06 -4.03411e+06 4200.95 53.3724 27.5661
1010000 FRAC0_S 0 1 -14245.2 -30637 8500 -426988 -2.13414e+06 -3.72058e+06 2246.94 39.4838 34.6219
1010000 FRAC0_S 0 1 -14085.3 -30372.6 8500 -509583 -419208 -4.79123e+06 3068.79 9.88433 42.1814
1010000 FRAC0_S 0 1 -14014.9 -30071.7 8500 -597540 1.99439e+06 -5.06621e+06 3768.09 -31.7123 37.1584
1010000 FRAC0_S 0 1 -14041 -29763.8 8500 -385810 3.01183e+06 -3.27928e+06 2238.57 -48.9081 30.3486
1010000 FRAC0_S 0 1 -14160.9 -29479 8500 -471438 5.26194e+06 -3.02423e+06 3683.69 -58.8471 23.0002
1010000 FRAC0_S 0 1 -14363 -29245.2 8500 -555586 5.64577e+06 -1.59161e+06 3177.28 -64.6858 14.5539
Step FractureNumber TipNr TipActive TipX TipY TipZ KI KII KIII G Phi Psi Extension
1010101 FRAC0_S 0 1 -14613.1 -29050.9 8407.66 3.31032e+06 300874 -3017.56 984.556 -11.1695 0.0651004
1010101 FRAC0_S 0 1 -14926.3 -28975.8 8408.54 942994 4.03321e+06 377546 1547.73 -65.7412 -5.33644
1010101 FRAC0_S 0 1 -15248.8 -28996 8412.58 8.29394e+06 2.60883e+06 4.63266e+06 9590.68 -21.5359 -20.3251
1010101 FRAC0_S 0 1 -15554.2 -29112 8421.88 2.10889e+06 1.18914e+06 2.12536e+06 1123.1 -27.3313 -25.4993
1010101 FRAC0_S 0 1 -15815.5 -29315.9 8446.54 1.2135e+06 682499 2.28254e+06 865.66 -20.9993 -32.7608
1010101 FRAC0_S 0 1 -15996.7 -29594.4 8493.75 879532 -6348.31 3.35629e+06 1567.14 0.20935 -41.055
1010101 FRAC0_S 0 1 -16067.1 -29920.1 8542.84 1.33398e+06 -1.12864e+06 3.3346e+06 1750.99 24.6029 -33.9476
1010101 FRAC0_S 0 1 -16031.5 -30254 8563.47 1.98314e+06 -2.09505e+06 2.78218e+06 1771.07 36.2256 -26.205
1010101 FRAC0_S 0 1 -15902.8 -30560.8 8563.44 4.02954e+06 -3.76195e+06 2.51669e+06 3550.39 41.7696 -17.0763
1010101 FRAC0_S 0 1 -15681.3 -30801.6 8571.88 3.16125e+06 -2.18184e+06 648768 1370.7 41.6973 -8.05857
1010101 FRAC0_S 0 1 -15391.7 -30954.9 8586.81 7.5703e+06 -2.26588e+06 -482408 5595.3 27.3674 3.57448
1010101 FRAC0_S 0 1 -15073.7 -31024.7 8591.23 1.75144e+06 -171778 -412321 298.59 9.91824 12.7418
1010101 FRAC0_S 0 1 -14751 -31004.7 8586.99 2.86727e+06 -871449 -1.41348e+06 1065.99 21.6772 18.9152
1010101 FRAC0_S 0 1 -14445.7 -30888.4 8578.03 1.72073e+06 -1.17236e+06 -1.91103e+06 872.041 29.9959 25.8058
1010101 FRAC0_S 0 1 -14185.1 -30683.9 8556.15 1.31137e+06 -588762 -2.26559e+06 866.809 18.3886 32.6604
1010101 FRAC0_S 0 1 -14003.7 -30405.2 8511.34 951343 -135041 -3.33941e+06 1565.45 4.20655 40.066
1010101 FRAC0_S 0 1 -13933.7 -30080.1 8459.16 1.22636e+06 886946 -3.12639e+06 1504.1 -21.6926 34.7919
1010101 FRAC0_S 0 1 -13976.9 -29750.7 8427.78 1.94857e+06 1.27542e+06 -2.42083e+06 1262.74 -28.0588 27.3816
1010101 FRAC0_S 0 1 -14116.1 -29453.3 8415.77 2.05128e+06 800930 -1.21914e+06 629.793 -24.8323 20.3976
1010101 FRAC0_S 0 1 -14334.8 -29213.8 8410.05 3.18407e+06 729453 -687458 1013.69 -20.4365 10.9177