
Step FractureNumber TipNr TipActive TipX TipY TipZ KI KII KIII G Phi Psi Extension
1010000 FRAC0_S 0 1 29290.4 15686.6 8522.98 1.05831e+07 1.03398e+06 4.75765e+06 13086.2 -8.56115 -19.877
1010000 FRAC0_S 0 1 29206.7 15522.3 8770.95 8.41195e+06 -217704 6.37284e+06 11711.3 2.01683 -27.1786
1010000 FRAC0_S 0 1 29200.7 15306.9 8992.41 7.18803e+06 -2.07648e+06 5.4468e+06 8934.13 18.3662 -24.3554
1010000 FRAC0_S 0 1 29273 15061.5 9165.67 6.12258e+06 -3.85119e+06 4.42971e+06 7271.79 32.4287 -20.8672
1010000 FRAC0_S 0 1 29416.4 14810 9273.77 5.78273e+06 -5.39199e+06 3.4935e+06 7193.79 42.0046 -16.7052
1010000 FRAC0_S 0 1 29616.9 14577.1 9306.12 5.73406e+06 -6.83543e+06 2.27258e+06 7780.27 49.6291 -11.1695
1010000 FRAC0_S 0 1 29854.8 14385.5 9259.56 4.06478e+06 -5.38403e+06 626604 4107.64 54.8234 -4.72329
1010000 FRAC0_S 0 1 30107.1 14254.2 9138.66 5.4382e+06 -7.38346e+06 -1.22603e+06 7693.14 54.2461 6.55618
1010000 FRAC0_S 0 1 30347.4 14196 8956.52 6.62543e+06 -6.73091e+06 -2.74288e+06 8949.36 46.2966 12.3312
1010000 FRAC0_S 0 1 30556.5 14216.3 8727.25 7.38921e+06 -5.21516e+06 -4.40719e+06 9872.35 36.3404 17.9926
1010000 FRAC0_S 0 1 30709.6 14313.4 8477.02 8.41704e+06 -2.56469e+06 -5.77588e+06 11336.3 19.7869 22.9641
1010000 FRAC0_S 0 1 30793.3 14477.7 8229.05 9.34585e+06 622980 -6.66168e+06 13720.1 -5.14619 25.9494
1010000 FRAC0_S 0 1 30799.3 14693.1 8007.59 1.15024e+07 4.55127e+06 -6.75939e+06 19712.3 -25.1442 20.2139
1010000 FRAC0_S 0 1 30727 14938.5 7834.33 1.06632e+07 7.11285e+06 -4.95639e+06 17907.8 -36.9519 15.4377
1010000 FRAC0_S 0 1 30583.6 15190 7726.23 1.11447e+07 9.17113e+06 -3.20595e+06 19929.9 -43.9444 10.0181
1010000 FRAC0_S 0 1 30389.5 15416.8 7693.67 1.18201e+07 1.11667e+07 -904989 23670.4 -50.1427 2.90719
1010000 FRAC0_S 0 1 30145.2 15614.5 7740.44 1.10858e+07 1.02779e+07 1.15067e+06 20540.4 -49.3229 -3.90025
1010000 FRAC0_S 0 1 29892.9 15745.8 7861.34 7.77109e+06 6.47769e+06 2.25379e+06 9796.02 -44.1683 -10.0371
1010000 FRAC0_S 0 1 29651.1 15804.1 8044.77 9.82107e+06 7.21794e+06 4.59371e+06 16044.1 -38.9192 -15.0752
1010000 FRAC0_S 0 1 29443.5 15783.7 8272.75 5.43782e+06 5.33397e+06 4.53248e+06 7902.53 -40.2909 -20.2059
Step FractureNumber TipNr TipActive TipX TipY TipZ KI KII KIII G Phi Psi Extension
1010101 FRAC0_S 0 1 29210.9 15736.3 8513.47 1.02614e+07 424301 5.50991e+06 13436.7 -3.61976 -22.7169
1010101 FRAC0_S 0 1 29133.1 15576.8 8800.48 1.23585e+07 -301559 4.22468e+06 15991.9 2.47805 -17.4502
1010101 FRAC0_S 0 1 29144.1 15353.5 9054.49 8.09259e+06 253248 5.34382e+06 9639.53 -2.56593 -25.4192
1010101 FRAC0_S 0 1 29241.4 15097.5 9250.18 7.99144e+06 40800.3 4.43987e+06 8312.75 -0.457235 -23.5848
1010101 FRAC0_S 0 1 29410.6 14835.2 9368.37 8.442e+06 -142323 3.49841e+06 7980.21 1.63935 -19.8175
1010101 FRAC0_S 0 1 29634.6 14594.1 9401.63 1.01726e+07 -378558 2.41568e+06 10010.1 4.02754 -13.3859
1010101 FRAC0_S 0 1 29892.3 14396 9350.68 9.79232e+06 112755 839467 8639.58 -1.46147 -5.89267
1010101 FRAC0_S 0 1 30160 14254.8 9222.24 1.07478e+07 -117027 -716113 10362.9 1.40758 4.69701
1010101 FRAC0_S 0 1 30415.1 14181.9 9026.37 1.24172e+07 2.52318e+06 -3.68146e+06 16109.6 -17.6843 14.1305
1010101 FRAC0_S 0 1 30634.6 14186.4 8776.36 8.824e+06 -262265 -3.33957e+06 8427.81 2.92371 18.5797
1010101 FRAC0_S 0 1 30791.8 14268.6 8490.76 8.27793e+06 -1.26144e+06 -4.69759e+06 9182.95 11.8549 22.1439
1010101 FRAC0_S 0 1 30864.6 14424.1 8199.72 9.70282e+06 -209581 -5.29168e+06 12117.4 1.91653 23.15
1010101 FRAC0_S 0 1 30848.4 14642.4 7942.49 1.00454e+07 -98494.3 -4.64164e+06 11858.5 0.929507 21.2344
1010101 FRAC0_S 0 1 30752 14899.1 7748.51 1.24309e+07 81899 -4.60097e+06 16586 -0.668375 18.5848
1010101 FRAC0_S 0 1 30586.1 15162.9 7631.7 1.62973e+07 -1.34598e+06 -2.96044e+06 24995 8.84703 10.5261
1010101 FRAC0_S 0 1 30365.5 15407.2 7597.97 1.6145e+07 -1.71166e+06 -800123 23573.8 12.255 3.28444
1010101 FRAC0_S 0 1 30111.1 15612.1 7647.67 1.72601e+07 -1.47618e+06 1.00783e+06 26876 10.0759 -3.89552
1010101 FRAC0_S 0 1 29844.4 15758.7 7776.53 1.6e+07 -864127 3.02958e+06 24099.4 5.94913 -11.1131
1010101 FRAC0_S 0 1 29587.2 15827 7973.32 1.41047e+07 48276.7 4.53821e+06 20467 -0.361134 -16.993
1010101 FRAC0_S 0 1 29367.5 15817.2 8225.7 1.19874e+07 -740449 5.14464e+06 16373.9 5.67998 -19.7181