
Step FractureNumber TipNr TipActive TipX TipY TipZ KI KII KIII G Phi Psi Extension
1010000 FRAC0_S 0 1 14928.8 -21514.9 8500 615254 -4.70196e+06 1.50261e+06 2304.1 63.2493 -15.5837
1010000 FRAC0_S 0 1 14627.8 -21585.1 8500 -2.22078e+06 -5.26115e+06 526621 2503.42 61.7618 -4.98638
1010000 FRAC0_S 0 1 14363.3 -21744.9 8500 436586 -3.9169e+06 -500753 1417.47 67.39 7.69514
1010000 FRAC0_S 0 1 14161.1 -21978.6 8500 476592 -3.87109e+06 -1.5912e+06 1692.33 61.514 18.5295
1010000 FRAC0_S 0 1 14041.1 -22263.3 8500 455109 -2.7286e+06 -2.07398e+06 1253.99 53.8029 25.6335
1010000 FRAC0_S 0 1 14014.9 -22571.2 8500 561991 -2.17202e+06 -3.34723e+06 1938.66 41.0737 32.9349
1010000 FRAC0_S 0 1 14085.1 -22872.2 8500 425629 -556550 -3.86114e+06 2026.56 15.1632 41.2094
1010000 FRAC0_S 0 1 14244.9 -23136.7 8500 2.52738e+07 1.43805e+06 -3.61243e+06 58840.3 -6.48171 8.82357
1010000 FRAC0_S 0 1 14464.8 -23330.3 8500 5.19651e+06 2.48064e+06 -3.02594e+06 4172.44 -28.6874 19.4142
1010000 FRAC0_S 0 1 14763.3 -23458.9 8500 780457 4.43191e+06 -2.6021e+06 2705.1 -56.8843 22.3138
1010000 FRAC0_S 0 1 15071.2 -23485.1 8500 701449 5.19255e+06 -1.56184e+06 2770.91 -63.5496 14.8913
1010000 FRAC0_S 0 1 15372.2 -23414.9 8500 640779 5.42105e+06 -467196 2684.36 -67.9841 5.41246
1010000 FRAC0_S 0 1 15636.7 -23255.1 8500 1.65861e+07 5.43464e+06 834284 27238.4 -29.3323 -2.80329
1010000 FRAC0_S 0 1 15838.9 -23021.4 8500 598767 3.97676e+06 1.51142e+06 1745.01 -61.5872 -17.3332
1010000 FRAC0_S 0 1 15958.9 -22736.7 8500 496265 2.99498e+06 2.1524e+06 1437.42 -54.5819 -24.948
1010000 FRAC0_S 0 1 15985.1 -22428.8 8500 616439 2.37148e+06 3.31392e+06 1995.63 -42.7712 -31.8919
1010000 FRAC0_S 0 1 15914.9 -22127.8 8500 705289 844651 3.83399e+06 2062.93 -20.2408 -38.8105
1010000 FRAC0_S 0 1 15755.1 -21863.3 8500 -1.99757e+07 -684823 3.15345e+06 1364.38 3.96811 -9.75011
1010000 FRAC0_S 0 1 15521.4 -21661.1 8500 505212 -2.03211e+06 2.5965e+06 1287.38 44.4483 -31.0083
1010000 FRAC0_S 0 1 15236.7 -21541.1 8500 1.86128e+07 -4.11118e+06 2.42862e+06 33161.5 21.0128 -7.22366
Step FractureNumber TipNr TipActive TipX TipY TipZ KI KII KIII G Phi Psi Extension
1010101 FRAC0_S 0 1 14928.2 -21458.8 8575.64 3.22771e+06 -1.61637e+06 618810 1212.1 35.2952 -8.41203
1010101 FRAC0_S 0 1 14611.9 -21544.6 8589.46 5.32352e+06 -1.34265e+06 270580 2695.74 24.4754 -2.99232
1010101 FRAC0_S 0 1 14336.3 -21713 8590.16 2.41215e+07 -3.3505e+06 -2.33597e+06 53574.3 14.852 5.90998
1010101 FRAC0_S 0 1 14120.3 -21955.1 8587.2 6.029e+06 -1.29345e+06 -2.06359e+06 3954.5 17.9635 15.5537
1010101 FRAC0_S 0 1 13983.5 -22251.3 8578.75 4.69016e+06 -1.40895e+06 -2.88382e+06 3243.18 20.2365 21.6395
1010101 FRAC0_S 0 1 13940.6 -22579.5 8559.56 3.1974e+06 -1.19982e+06 -3.50511e+06 2673.3 19.6427 28.1048
1010101 FRAC0_S 0 1 14002.6 -22907.7 8526.68 1.941e+06 -265985 -3.92822e+06 2394.33 5.93798 36.413
1010101 FRAC0_S 0 1 14173 -23196.5 8488.89 1.66952e+06 876576 -3.45528e+06 1904.73 -18.9554 33.9693
1010101 FRAC0_S 0 1 14433.2 -23405.4 8452.24 1.89818e+07 -5.92666e+06 -3.43046e+06 36802.4 26.2172 8.95842
1010101 FRAC0_S 0 1 14746 -23515.2 8423.74 -1.0801e+06 469188 995253 151.357 -23.4346 -25.4598
1010101 FRAC0_S 0 1 15073.1 -23529.3 8411.12 5.65381e+06 1.18194e+06 -1.49696e+06 3270.98 -18.4497 12.9476
1010101 FRAC0_S 0 1 15394 -23460 8419.01 5.91807e+06 1.95656e+06 -653771 3518.92 -28.4341 5.78541
1010101 FRAC0_S 0 1 15678.4 -23303.4 8430.34 5.95414e+06 3.21735e+06 880661 4184.67 -37.6383 -6.58023
1010101 FRAC0_S 0 1 15887.2 -23054.1 8423.41 4.90347e+06 2.23581e+06 2.22747e+06 3247.9 -29.4292 -16.6827
1010101 FRAC0_S 0 1 16015.4 -22748.6 8420.29 4.84224e+06 1.37362e+06 3.0167e+06 3467.88 -19.2797 -21.963
1010101 FRAC0_S 0 1 16057.5 -22420.8 8437.03 -1.07134e+07 1.00933e+07 1.61297e+06 9424.05 -48.8403 -5.44088
1010101 FRAC0_S 0 1 15995.7 -22092.7 8467.46 1.72031e+06 191646 3.23949e+06 1662.73 -5.11146 -36.0004
1010101 FRAC0_S 0 1 15824.3 -21807.2 8512.31 1.82991e+06 -732751 2.19256e+06 985.607 19.911 -28.9488
1010101 FRAC0_S 0 1 15564.9 -21592.1 8545.71 3.54357e+06 -2.23666e+06 4.46575e+06 4217.14 27.2257 -27.7276
1010101 FRAC0_S 0 1 15256.4 -21469.4 8557.76 3.66958e+06 -2.69195e+06 2.63692e+06 2770.47 35.6173 -20.0234