
Step FractureNumber TipNr TipActive TipX TipY TipZ KI KII KIII G Phi Psi Extension
1010000 FRAC0_S 0 1 29401.8 -14232.6 8330.75 -2.1113e+06 4.65791e+06 -2.84406e+06 3009.13 -51.4003 20.1877
1010000 FRAC0_S 0 1 29263.9 -14346.6 8582.7 -1.58341e+06 4.28532e+06 -1.50627e+06 1938.17 -57.7143 14.5542
1010000 FRAC0_S 0 1 29198.1 -14524.7 8826.54 -1.94452e+06 5.54074e+06 -755362 2811.54 -62.486 6.87247
1010000 FRAC0_S 0 1 29210.9 -14749.3 9038.42 -1.75269e+06 5.12653e+06 258157 2350.8 -64.4438 -2.77807
1010000 FRAC0_S 0 1 29300.8 -14998.4 9197.59 -1.72243e+06 4.42316e+06 1.23607e+06 1946.59 -58.7557 -12.1359
1010000 FRAC0_S 0 1 29459.2 -15247.7 9288.48 -1.70976e+06 3.62351e+06 1.93557e+06 1668.27 -52.3948 -18.4302
1010000 FRAC0_S 0 1 29670.5 -15472.7 9302.19 -958759 1.78524e+06 1.91402e+06 771.242 -43.3744 -26.4789
1010000 FRAC0_S 0 1 29914.1 -15651.5 9237.38 3.08013e+06 1.00662e+07 6.5747e+06 15623.9 -53.2224 -22.3363
1010000 FRAC0_S 0 1 30166.1 -15766.5 9100.38 -1.27122e+06 -740263 2.85096e+06 1129.85 19.6913 -34.3886
1010000 FRAC0_S 0 1 30401.9 -15806.4 8904.62 -1.36979e+06 -2.42044e+06 2.73541e+06 1517.22 42.2974 -26.8975
1010000 FRAC0_S 0 1 30598.2 -15767.4 8669.25 -1.03261e+06 -2.71437e+06 1.5566e+06 978.805 53.3163 -20.0503
1010000 FRAC0_S 0 1 30736.1 -15653.4 8417.3 -2.1981e+06 -6.1751e+06 1.55369e+06 3718.98 60.0012 -11.3996
1010000 FRAC0_S 0 1 30801.9 -15475.3 8173.46 -2.3685e+06 -6.69515e+06 53762.3 3994.74 65.0592 -0.458792
1010000 FRAC0_S 0 1 30789.1 -15250.7 7961.58 -3.19714e+06 -8.43225e+06 -1.82864e+06 6780.72 60.2379 9.98915
1010000 FRAC0_S 0 1 30699.2 -15001.6 7802.41 -3.39811e+06 -7.60051e+06 -3.82614e+06 7094.72 53.3771 17.9329
1010000 FRAC0_S 0 1 30540.8 -14752.3 7711.52 -3.4168e+06 -5.57152e+06 -5.38803e+06 6627.24 43.7432 24.5979
1010000 FRAC0_S 0 1 30329.5 -14527.3 7697.81 -3.24207e+06 -2.61564e+06 -6.01269e+06 5417.92 27.4502 31.0423
1010000 FRAC0_S 0 1 30085.9 -14348.5 7762.62 -3.27869e+06 63009.3 -6.41896e+06 5480.36 -0.900844 37.0236
1010000 FRAC0_S 0 1 29833.9 -14233.5 7899.62 -3.0119e+06 2.64499e+06 -5.77018e+06 5051.64 -28.655 30.9723
1010000 FRAC0_S 0 1 29598.1 -14193.6 8095.38 -1.15878e+07 1.6243e+07 3.69027e+06 25321.6 -53.555 -8.67941
Step FractureNumber TipNr TipActive TipX TipY TipZ KI KII KIII G Phi Psi Extension
1010101 FRAC0_S 0 1 29320.5 -14233.7 8274.07 7.02592e+06 5.88695e+06 -4.05046e+06 9669.02 -40.155 16.7432
1010101 FRAC0_S 0 1 29176.7 -14359.8 8537.59 3.8139e+06 3.25942e+06 163048 2246.4 -48.8574 -1.74072
1010101 FRAC0_S 0 1 29110 -14552.8 8790.35 4.46331e+06 3.17369e+06 1.07922e+06 2827.62 -41.6954 -9.15185
1010101 FRAC0_S 0 1 29123.8 -14789.4 9011.97 3.36579e+06 2.61938e+06 1.75339e+06 2029.78 -39.3678 -15.979
1010101 FRAC0_S 0 1 29216.3 -15048.6 9184.83 1.51835e+06 2.4825e+06 2.35139e+06 1489.96 -44.0219 -24.3513
1010101 FRAC0_S 0 1 29382.1 -15309.1 9291.64 1.28686e+06 1.65703e+06 1.33708e+06 630.016 -43.7021 -21.1426
1010101 FRAC0_S 0 1 29605.9 -15546.6 9312.25 347422 151201 -1.86906e+06 477.412 -8.65497 41.0093
1010101 FRAC0_S 0 1 29881.2 -15726.4 9260.63 -10788.7 302064 2.10846e+06 599.394 -16.3759 -42.8986
1010101 FRAC0_S 0 1 30188.1 -15820.1 9155.63 487165 -1.43761e+06 1.84363e+06 657.38 43.2212 -30.2617
1010101 FRAC0_S 0 1 30465.8 -15830.7 8972.5 2.53989e+06 -3.2156e+06 2.15556e+06 2114.23 45.3405 -18.803
1010101 FRAC0_S 0 1 30678.5 -15768.7 8726.25 900033 1.06701e+07 8.23191e+06 19230 -55.113 -26.7226
1010101 FRAC0_S 0 1 30822 -15636.9 8463.95 7.19985e+06 -6.4826e+06 -1.03482e+06 8506.46 48.0853 5.3213
1010101 FRAC0_S 0 1 30889.4 -15445.6 8209.89 4.99138e+06 -3.85319e+06 -1.58885e+06 3878.85 42.1563 11.1129
1010101 FRAC0_S 0 1 30880.1 -15223.6 7993.05 1.0741e+07 -715688 5.455e+06 14284 5.7993 -21.726
1010101 FRAC0_S 0 1 30785.8 -14954.6 7805.83 5.15812e+06 -5.92114e+06 -3.40784e+06 7039.65 45.527 16.5221
1010101 FRAC0_S 0 1 30616.8 -14694.4 7692.32 1.42155e+06 -4.82858e+06 -4.47366e+06 4919.5 48.8456 26.7963
1010101 FRAC0_S 0 1 30379.4 -14461.9 7651.75 -789746 -2.99199e+06 -5.9787e+06 5551.78 36.3382 35.3965
1010101 FRAC0_S 0 1 30093.2 -14288.6 7693.22 -2.05046e+06 1.54655e+06 -9.19732e+06 11463.7 -15.9001 39.018
1010101 FRAC0_S 0 1 29797 -14196.5 7822.52 925315 1.50255e+07 -1.24591e+07 40839.8 -54.4634 27.86
1010101 FRAC0_S 0 1 29531.5 -14181.6 8025.78 5.13788e+06 6.45881e+06 -6.3019e+06 11351.6 -41.4046 23.372