
Step FractureNumber TipNr TipActive TipX TipY TipZ KI KII KIII G Phi Psi Extension
1010000 FRAC0_S 0 1 8157.26 22576 7766.69 -1.94246e+07 -1.47999e+06 1.08344e+07 15807.3 6.37598 -22.7807
1010000 FRAC0_S 0 1 7980.69 22820.4 7698.88 -1.84262e+07 -6.11612e+06 9.17059e+06 14518.6 23.0946 -18.7757
1010000 FRAC0_S 0 1 7757.08 23033.4 7709.5 -3.6563e+07 -1.98552e+06 1.16616e+07 18438.5 5.42674 -16.3359
1010000 FRAC0_S 0 1 7508.29 23194.2 7797.49 -1.8661e+07 -1.55002e+07 4.45489e+06 24048.7 44.9168 -8.55918
1010000 FRAC0_S 0 1 7258.7 23287 7954.25 -1.67836e+07 -1.36252e+07 2.36745e+06 17288.3 46.1017 -5.46183
1010000 FRAC0_S 0 1 7032.72 23302.9 8164.44 -1.59435e+07 -1.38397e+07 181175 17072.3 49.7293 -0.470409
1010000 FRAC0_S 0 1 6852.48 23240.1 8407.46 -1.40195e+07 -1.40446e+07 -2.51388e+06 18417.6 49.5355 6.1895
1010000 FRAC0_S 0 1 6735.63 23104.8 8659.55 1.14926e+07 524847 2.47656e+06 12609.9 -4.9778 -12.3642
1010000 FRAC0_S 0 1 6693.6 22910.4 8896.02 -1.30739e+07 -1.15066e+07 -7.92318e+06 20147.6 40.7887 17.0526
1010000 FRAC0_S 0 1 6730.5 22675.7 9093.72 -9.93094e+06 -7.90361e+06 -8.64452e+06 15505.2 35.5514 21.9472
1010000 FRAC0_S 0 1 6842.74 22424 9233.31 -8.36261e+06 -4.14956e+06 -9.27124e+06 12966.5 24.1288 27.2198
1010000 FRAC0_S 0 1 7019.31 22179.6 9301.12 -7.65937e+06 -40954.3 -9.74022e+06 12618.1 0.328365 33.2688
1010000 FRAC0_S 0 1 7242.92 21966.6 9290.5 -7.64536e+06 4.6157e+06 -9.35039e+06 13526.6 -26.7077 27.57
1010000 FRAC0_S 0 1 7494.55 21804.4 9201.12 -8.33937e+06 8.85914e+06 -7.79842e+06 15082.2 -40.8249 21.1222
1010000 FRAC0_S 0 1 7741.3 21713 9045.75 -9.17894e+06 1.21461e+07 -5.07334e+06 16569.4 -49.5961 13.7715
1010000 FRAC0_S 0 1 7967.28 21697.1 8835.56 -1.25898e+07 1.61928e+07 -2.23854e+06 24031.8 -54.0056 5.45676
1010000 FRAC0_S 0 1 8147.52 21759.9 8592.54 -4.05132e+07 2.08587e+07 -3.96935e+06 40865.9 -37.5584 4.61656
1010000 FRAC0_S 0 1 8264.37 21895.2 8340.45 -1.40816e+07 1.1662e+07 5.12763e+06 15616 -42.8974 -12.0452
1010000 FRAC0_S 0 1 8306.4 22089.6 8103.98 -1.13515e+07 6.038e+06 5.91498e+06 7901.99 -31.5739 -17.6715
1010000 FRAC0_S 0 1 8269.5 22324.3 7906.28 -1.65082e+07 3.54381e+06 9.4564e+06 13012.4 -15.8037 -21.6072
Step FractureNumber TipNr TipActive TipX TipY TipZ KI KII KIII G Phi Psi Extension
1010101 FRAC0_S 0 1 8225.21 22588 7701.62 -1.64484e+07 -3.53646e+06 1.05461e+07 15906.7 15.2773 -23.0055
1010101 FRAC0_S 0 1 8040.39 22865 7637.5 -1.59034e+07 -1.46215e+07 9.65338e+06 31444.8 41.6778 -16.8356
1010101 FRAC0_S 0 1 7799.95 23098.8 7657 -1.26411e+07 -1.53445e+07 6.90548e+06 27323.4 48.031 -14.1448
1010101 FRAC0_S 0 1 7542.98 23278.5 7774.96 -7.2105e+06 -1.76545e+07 4.72012e+06 30737.2 58.6165 -11.6044
1010101 FRAC0_S 0 1 7284.73 23382.3 7959.02 -1.04739e+06 -1.81366e+07 1.28131e+06 29530 69.0937 -4.75412
1010101 FRAC0_S 0 1 7045.96 23398.5 8185.77 -1.89673e+06 -1.6424e+07 1.9534e+06 24544.7 67.4756 -7.20892
1010101 FRAC0_S 0 1 6836.01 23324.5 8434.68 -1.25319e+06 -2.50749e+07 -5.35338e+06 59839.4 66.956 12.2378
1010101 FRAC0_S 0 1 6688.9 23173.2 8691.57 -5.09969e+06 -1.18511e+07 -3.62163e+06 14259.8 57.4197 12.7087
1010101 FRAC0_S 0 1 6653.57 22970.9 8953.45 -2.03075e+07 -3.15203e+07 -1.10645e+07 104816 52.5824 12.701
1010101 FRAC0_S 0 1 6700.29 22721.2 9174.82 -1.61924e+06 -1.09514e+07 -7.90432e+06 18996.8 54.8556 25.1937
1010101 FRAC0_S 0 1 6804.63 22436.2 9319.97 -3.49585e+06 -6.55155e+06 -9.59697e+06 16074.4 38.9052 30.2298
1010101 FRAC0_S 0 1 6973.55 22149.1 9376.07 -4.69411e+06 -658334 -1.04325e+07 14514 5.71714 37.1367
1010101 FRAC0_S 0 1 7196.65 21898.7 9337.66 -2.61426e+06 6.11573e+06 -9.66371e+06 15753.4 -38.8102 31.8709
1010101 FRAC0_S 0 1 7453.19 21717.9 9219.9 758142 9.91628e+06 -7.51695e+06 16328.7 -55.5152 26.5961
1010101 FRAC0_S 0 1 7712.92 21618.8 9039 167961 1.08208e+07 -7.89961e+06 18736.2 -57.2299 26.8495
1010101 FRAC0_S 0 1 7954.99 21602.4 8813.21 899651 1.43294e+07 -4.28756e+06 20814.3 -65.0551 15.543
1010101 FRAC0_S 0 1 8155.53 21668 8559.19 4.03204e+06 -3.39781e+06 -6.2723e+06 7709.92 30.4122 28.7903
1010101 FRAC0_S 0 1 8287.1 21813.1 8291.84 -3.31986e+06 1.61327e+07 4.55498e+06 25951.5 -62.4684 -13.6111
1010101 FRAC0_S 0 1 8345.23 22027.6 8040.6 -9.26132e+06 1.42169e+07 1.19124e+07 36884.2 -44.9437 -22.5158
1010101 FRAC0_S 0 1 8327.09 22294.9 7836.55 -1.46406e+07 6.77483e+06 9.8802e+06 17073.2 -27.0266 -21.3359