
Step FractureNumber TipNr TipActive TipX TipY TipZ KI KII KIII G Phi Psi Extension
1010000 FRAC0_S 0 1 45000 -44020.2 8624.9 -6.66054e+06 -487699 -21625.9 21.257 9.19901 0.234965
1010000 FRAC0_S 0 1 45000 -44106.8 8921.55 -5.92644e+06 -339747 -26965.9 10.3825 7.35414 0.333621
1010000 FRAC0_S 0 1 45000 -44280.8 9176.94 -6.16575e+06 -286194 -69206.2 7.93572 6.00935 0.824063
1010000 FRAC0_S 0 1 45000 -44525.1 9366.05 -6.02151e+06 -198547 -155469 6.72748 4.292 1.88243
1010000 FRAC0_S 0 1 45000 -44816 9470.4 -5.00283e+06 -39815.6 -158933 3.50078 1.06753 2.35246
1010000 FRAC0_S 0 1 45000 -45124.9 9479.76 -5.5511e+06 2680.82 -159698 3.39261 -0.065674 2.15441
1010000 FRAC0_S 0 1 45000 -45421.5 9393.21 -5.7618e+06 114870 -261889 10.2977 -2.59529 3.26764
1010000 FRAC0_S 0 1 45000 -45676.9 9219.22 -7.12713e+06 141742 -329466 16.2271 -2.58725 3.32005
1010000 FRAC0_S 0 1 45000 -45866 8974.84 -5.98748e+06 176128 -156099 6.00507 -3.84739 1.90649
1010000 FRAC0_S 0 1 45000 -45970.4 8683.98 -5.97068e+06 251969 -100437 6.99908 -5.4677 1.23064
1010000 FRAC0_S 0 1 45000 -45979.8 8375.1 -6.5861e+06 251668 -100496 6.98716 -4.98604 1.12285
1010000 FRAC0_S 0 1 45000 -45893.2 8078.45 -5.88685e+06 305639 20053.3 8.37773 -6.71817 -0.25143
1010000 FRAC0_S 0 1 45000 -45719.2 7823.06 -6.26178e+06 206862 43499 4.06484 -4.37655 -0.519542
1010000 FRAC0_S 0 1 45000 -45474.9 7633.95 -6.00821e+06 255237 136214 8.27286 -5.47226 -1.64524
1010000 FRAC0_S 0 1 45000 -45184 7529.6 -5.1463e+06 470833 426003 43.8909 -10.4828 -5.33452
1010000 FRAC0_S 0 1 45000 -44875.1 7520.24 -5.82327e+06 79495.5 201980 5.98897 -1.8112 -2.54456
1010000 FRAC0_S 0 1 45000 -44578.5 7606.79 -5.36388e+06 250004 -356295 22.4534 -5.73982 4.53744
1010000 FRAC0_S 0 1 45000 -44323.1 7780.78 -6.22133e+06 -105874 186710 5.6353 2.257 -2.20862
1010000 FRAC0_S 0 1 45000 -44134 8025.16 -5.87377e+06 -181829 181582 7.3314 4.02186 -2.24282
1010000 FRAC0_S 0 1 45000 -44029.6 8316.02 -6.44858e+06 -236662 96095.5 6.21914 4.80061 -1.09868
Step FractureNumber TipNr TipActive TipX TipY TipZ KI KII KIII G Phi Psi Extension
1010101 FRAC0_S 0 1 45013.3 -43924.3 8637.08 -5.86559e+06 -1.1729e+06 66437.3 123.175 21.2039 -0.726483
1010101 FRAC0_S 0 1 45013 -44019.3 8962.87 -4.81728e+06 -968029 -76420.7 84.2799 21.2111 1.01129
1010101 FRAC0_S 0 1 45010.3 -44210.2 9243.46 -5.52778e+06 -44483.4 154140 3.3363 1.08331 -2.07565
1010101 FRAC0_S 0 1 45006.8 -44478.4 9451.38 -6.06574e+06 -634275 -206711 41.5324 12.2665 2.3049
1010101 FRAC0_S 0 1 45002.8 -44797.9 9566.18 -5.59675e+06 -529878 -939875 142.507 10.1042 9.79056
1010101 FRAC0_S 0 1 44999.3 -45137.2 9576.5 -5.67413e+06 85261.1 -234752 7.97721 -1.97721 3.00414
1010101 FRAC0_S 0 1 44996.6 -45463.2 9481.37 -6.15926e+06 299346 -223864 14.6503 -6.13093 2.57598
1010101 FRAC0_S 0 1 44994.9 -45743.7 9290.18 -6.03657e+06 476529 -182829 24.6808 -9.60884 2.10515
1010101 FRAC0_S 0 1 44993.2 -45951.3 9021.65 -6.12349e+06 517839 -160830 27.3357 -10.2523 1.82579
1010101 FRAC0_S 0 1 44991.4 -46065.9 8702.09 -5.98636e+06 752071 -92267.1 51.5338 -14.5657 1.04758
1010101 FRAC0_S 0 1 44990.4 -46076.1 8362.84 -5.09987e+06 672774 -50688.5 40.6751 -15.24 0.676442
1010101 FRAC0_S 0 1 44990.1 -45981 8037.03 -6.31822e+06 945294 2223.46 79.6277 -17.0295 -0.0238665
1010101 FRAC0_S 0 1 44990.9 -45789.9 7756.48 -5.8706e+06 849914 71440 65.0477 -16.4228 -0.816779
1010101 FRAC0_S 0 1 44988.7 -45521.5 7549.07 -6.18581e+06 1.0369e+06 22523 95.8748 -18.6023 -0.242157
1010101 FRAC0_S 0 1 44987.7 -45202 7434.69 -5.76304e+06 935762 220441 84.4923 -17.6534 -2.45152
1010101 FRAC0_S 0 1 44991.3 -44862.8 7424.02 -6.69091e+06 556231 271370 37.3643 -9.97428 -2.77231
1010101 FRAC0_S 0 1 44995.2 -44537 7518.82 -5.9194e+06 325793 276753 19.645 -6.8188 -3.25044
1010101 FRAC0_S 0 1 45001.2 -44256.4 7709.9 -6.04522e+06 -326430 292042 20.8386 6.69011 -3.35503
1010101 FRAC0_S 0 1 45006.8 -44032.9 8007.05 -5.93154e+06 -629579 213385 41.3764 12.4061 -2.42412
1010101 FRAC0_S 0 1 45010 -43934.2 8297.88 -6.0392e+06 -955002 118143 83.1273 17.5363 -1.28655