
Step FractureNumber TipNr TipActive TipX TipY TipZ KI KII KIII G Phi Psi Extension
1010000 FRAC0_S 0 1 -29408.9 179.47 7729.37 -5.59641e+06 -6.1908e+06 -3.67614e+06 5212.59 44.8296 16.6781
1010000 FRAC0_S 0 1 -29607.2 413.642 7693.64 -7.87106e+06 -5.97598e+06 -6.50623e+06 8812.35 35.0712 21.5618
1010000 FRAC0_S 0 1 -29844.1 607.323 7736.85 -6.13458e+06 -2.26545e+06 -5.89914e+06 5085.71 20.4235 26.5624
1010000 FRAC0_S 0 1 -30096.3 741.556 7854.75 -8.38641e+06 392852 -7.63601e+06 7768.8 -3.3104 29.143
1010000 FRAC0_S 0 1 -30339 803.199 8035.82 -3.5133e+06 371759 -4.63084e+06 2864.46 -5.97826 32.6572
1010000 FRAC0_S 0 1 -30548.6 786.22 8262.31 1.16979e+06 1.44892e+06 -8.23917e+06 9337.58 -17.4357 40.1863
1010000 FRAC0_S 0 1 -30704.4 692.281 8512.08 9.05277e+06 -449928 -8.34896e+06 16591.6 3.48405 29.2614
1010000 FRAC0_S 0 1 -30791.2 530.576 8760.67 -8.68349e+06 6.79167e+06 -2.63227e+06 5031.9 -42.6629 10.6415
1010000 FRAC0_S 0 1 -30800.7 316.935 8983.74 -8.50125e+06 6.64214e+06 -1.43191e+06 4204.06 -44.8609 6.492
1010000 FRAC0_S 0 1 -30731.7 72.2695 9159.46 -8.35993e+06 6.24069e+06 -414524 3493.35 -46.0955 2.1282
1010000 FRAC0_S 0 1 -30591.1 -179.47 9270.63 -8.85766e+06 6.43709e+06 519919 3728.33 -45.3873 -2.52864
1010000 FRAC0_S 0 1 -30392.8 -413.642 9306.36 -8.88964e+06 5.50184e+06 1.70601e+06 3084.47 -39.6725 -7.8958
1010000 FRAC0_S 0 1 -30155.9 -607.323 9263.15 -7.49693e+06 3.6274e+06 2.2227e+06 1829.58 -32.8783 -12.0743
1010000 FRAC0_S 0 1 -29903.7 -741.556 9145.25 -163249 8.7639e+06 9.43931e+06 18694.6 -50.8653 -31.371
1010000 FRAC0_S 0 1 -29661 -803.199 8964.18 -8.95949e+06 -162658 4.38581e+06 2560.66 1.67568 -21.8465
1010000 FRAC0_S 0 1 -29453.9 -786.969 8740.9 -5.89954e+06 -1.86555e+06 2.78155e+06 1339.15 22.5738 -18.2762
1010000 FRAC0_S 0 1 -29295.6 -692.281 8487.92 -1.10849e+07 -1.20456e+07 6.91448e+06 19288.2 44.877 -16.2029
1010000 FRAC0_S 0 1 -29208.8 -530.576 8239.33 8.3159e+06 -2.46757e+06 5.90428e+06 11341.4 19.1709 -23.4661
1010000 FRAC0_S 0 1 -29199.3 -316.935 8016.26 -513120 -1.63318e+07 3.39101e+06 25297.5 67.3944 -12.1441
1010000 FRAC0_S 0 1 -29268.3 -72.2695 7840.54 -6.32087e+06 -7.90255e+06 -2.14003e+06 6174.05 51.2854 9.6365
Step FractureNumber TipNr TipActive TipX TipY TipZ KI KII KIII G Phi Psi Extension
1010101 FRAC0_S 0 1 -29328 233.245 7714.48 1.49495e+06 -9.68594e+06 -5.46443e+06 12530.6 57.7636 22.0499
1010101 FRAC0_S 0 1 -29544.9 480.207 7660.11 -1.34915e+06 -6.71693e+06 -6.56114e+06 9745.85 49.528 28.3477
1010101 FRAC0_S 0 1 -29813.5 680.977 7685.17 -4.09798e+06 -3.89173e+06 -7.30473e+06 8446.38 31.0913 29.7258
1010101 FRAC0_S 0 1 -30104.2 815.525 7794.22 2.13278e+06 -4.29611e+06 -1.23466e+07 22324.4 28.3691 37.0221
1010101 FRAC0_S 0 1 -30379.9 873.198 7982.23 -7.13449e+06 5.06229e+06 -7.41745e+06 9601.07 -31.4701 24.7777
1010101 FRAC0_S 0 1 -30610.6 852.627 8230.18 -7.76057e+06 7.6454e+06 -5.29924e+06 8943.56 -42.1508 17.8015
1010101 FRAC0_S 0 1 -30780.2 743.772 8499.45 -5.60338e+06 8.86434e+06 -4.31396e+06 9477.13 -50.4827 16.1748
1010101 FRAC0_S 0 1 -30881.7 544.636 8750.49 -1.81744e+06 1.02723e+07 -2.61724e+06 10313.9 -63.6353 12.8357
1010101 FRAC0_S 0 1 -30897.5 298.907 8976.98 366358 1.11056e+07 -999960 11135.3 -69.1599 6.04166
1010101 FRAC0_S 0 1 -30823.6 36.0465 9163.73 1.45072e+06 1.24383e+07 235739 13981.2 -69.0021 -1.29261
1010101 FRAC0_S 0 1 -30672.9 -232.805 9285.14 -301186 1.02404e+07 1.51753e+06 9650.83 -68.4078 -9.29301
1010101 FRAC0_S 0 1 -30458.4 -482.399 9331.16 -2.04333e+07 9.91694e+06 4.50903e+06 11467.7 -34.1627 -9.53714
1010101 FRAC0_S 0 1 -30204.7 -689.13 9285.54 -3.12096e+06 6.08508e+06 1.75199e+06 3707.82 -56.1574 -11.6272
1010101 FRAC0_S 0 1 -29925.2 -828.286 9164.03 -5.09165e+06 6.03511e+06 3.73771e+06 5103.69 -45.3022 -17.5268
1010101 FRAC0_S 0 1 -29634.3 -878.876 8998.73 -7.09264e+06 143304 7.34882e+06 7184.52 -1.36882 -30.9236
1010101 FRAC0_S 0 1 -29382.9 -834.023 8782.01 -5.29045e+06 -6.64788e+06 4.93961e+06 7183.32 44.2833 -20.0014
1010101 FRAC0_S 0 1 -29208 -717.527 8517.45 -2.58232e+06 -1.01774e+07 3.32664e+06 10701.8 60.5549 -14.719
1010101 FRAC0_S 0 1 -29117.5 -538.457 8254.93 9.44855e+06 -1.69887e+07 6.93536e+06 40071.1 53.1285 -14.7845
1010101 FRAC0_S 0 1 -29110.6 -294.279 8032.83 2.63676e+06 -7.61249e+06 -1.1541e+06 5960.61 62.2641 7.55616
1010101 FRAC0_S 0 1 -29180.7 -28.3945 7847.15 4.43441e+06 -1.00467e+07 -3.24605e+06 12148.1 56.86 13.1762