
Step FractureNumber TipNr TipActive TipX TipY TipZ KI KII KIII G Phi Psi Extension
1010000 FRAC0_S 0 1 -21700.5 29691.5 8008.93 -4.64777e+06 149971 1.70066e+06 386.674 -3.19365 -18.1528
1010000 FRAC0_S 0 1 -21772.2 29936.9 7835.29 -3.27461e+06 -6.69945e+06 -3.32846e+06 5472.96 52.7526 17.4506
1010000 FRAC0_S 0 1 -21915.2 30188.4 7726.71 -5.8232e+06 -1.48992e+06 -403162 219.43 24.4225 3.98527
1010000 FRAC0_S 0 1 -22115.4 30421.5 7693.84 -4.06809e+06 -4.39444e+06 -2.46117e+06 2526.44 44.9916 15.8987
1010000 FRAC0_S 0 1 -22353.2 30613.3 7739.88 -7.41742e+06 894924 -464711 100.089 -13.5469 4.03729
1010000 FRAC0_S 0 1 -22605.4 30745.2 7860.31 -6.81763e+06 1.57253e+06 371778 238.74 -22.8715 -3.2502
1010000 FRAC0_S 0 1 -22847.4 30804 8043.38 -5.66756e+06 2.96908e+06 1.0184e+06 923.484 -36.4326 -7.86016
1010000 FRAC0_S 0 1 -23055.3 30784.2 8271.13 -4.53444e+06 1.1411e+06 1.72321e+06 510.967 -19.927 -16.3765
1010000 FRAC0_S 0 1 -23208.8 30687.5 8521.29 -2.76201e+06 -144151 1.72968e+06 399.758 4.28559 -24.5086
1010000 FRAC0_S 0 1 -23293 30523.6 8769.37 -1.57498e+06 -573780 2.33917e+06 757.075 16.7548 -31.6898
1010000 FRAC0_S 0 1 -23299.5 30308.5 8991.07 -307619 -856905 2.14361e+06 676.578 31.5674 -36.6865
1010000 FRAC0_S 0 1 -23227.8 30063.1 9164.71 433248 -1.98161e+06 2.69731e+06 1334.28 43.7498 -31.968
1010000 FRAC0_S 0 1 -23084.8 29811.6 9273.29 1.09544e+06 -2.74586e+06 2.74935e+06 1784.14 46.1775 -26.7957
1010000 FRAC0_S 0 1 -22884.6 29578.5 9306.16 1.17589e+06 -3.57375e+06 2.36873e+06 2007.55 52.643 -22.3014
1010000 FRAC0_S 0 1 -22646.8 29386.7 9260.12 891744 -5.44301e+06 2.86248e+06 3800.64 58.3366 -21.0796
1010000 FRAC0_S 0 1 -22394.6 29254.8 9139.69 -7.31286e+06 -1.05391e+07 -5.08146e+06 13331.9 49.5541 15.6627
1010000 FRAC0_S 0 1 -22152.6 29196 8956.62 -232175 -3.9625e+06 607019 1448.16 67.8619 -9.3332
1010000 FRAC0_S 0 1 -21944.7 29215.8 8728.87 -1.16512e+06 -3.71868e+06 184699 1236.8 65.0353 -2.79854
1010000 FRAC0_S 0 1 -21791.2 29312.5 8478.71 -2.26077e+06 -3.32817e+06 -43371.9 987.297 58.285 0.598686
1010000 FRAC0_S 0 1 -21707 29476.4 8230.63 -3.30488e+06 -2.68969e+06 -186559 649.289 47.6658 2.32414
Step FractureNumber TipNr TipActive TipX TipY TipZ KI KII KIII G Phi Psi Extension
1010101 FRAC0_S 0 1 -21614.8 29686.6 7989.88 -2.20954e+06 -3.2006e+06 698478 977.715 54.1362 -8.48731
1010101 FRAC0_S 0 1 -21688 29959.6 7812.83 -3.51907e+06 -3.45916e+06 1.12191e+06 1233.67 47.0209 -10.1703
1010101 FRAC0_S 0 1 -21836.5 30237.3 7700.09 -3.34886e+06 -4.78817e+06 -176388 2047.12 57.4131 1.64009
1010101 FRAC0_S 0 1 -22061.5 30479 7651.45 -6.88256e+06 -2.8082e+06 -1.59198e+06 1039.8 30.5088 10.3487
1010101 FRAC0_S 0 1 -22343.8 30666.3 7670.95 -7.7051e+06 1.02973e+06 -648298 150.387 -14.521 5.23163
1010101 FRAC0_S 0 1 -22637 30788.2 7779.3 -5.6474e+06 3.15849e+06 544246 928.359 -39.3045 -4.42837
1010101 FRAC0_S 0 1 -22904.9 30845.1 7976.74 -3.68004e+06 -570251 -938429 146.104 14.5408 13.0276
1010101 FRAC0_S 0 1 -23124 30837.8 8234.14 -6.14853e+06 -220667 4.4202e+06 2602.91 2.83403 -26.4164
1010101 FRAC0_S 0 1 -23275.7 30754.9 8524.85 -2.06445e+06 389561 2.45844e+06 817.367 -10.6619 -30.7703
1010101 FRAC0_S 0 1 -23349.6 30589.9 8810.51 -597386 -535911 2.83542e+06 1094.86 17.6283 -38.8824
1010101 FRAC0_S 0 1 -23337.2 30364.8 9060.19 1.30161e+06 -851445 1.97801e+06 735.936 25.8815 -29.7818
1010101 FRAC0_S 0 1 -23243.9 30106.6 9251.1 2.99804e+06 -605680 2.03149e+06 1382.52 14.2387 -23.8303
1010101 FRAC0_S 0 1 -23082.3 29841.9 9367.21 3.99577e+06 1.57065e+06 3.61243e+06 3378.18 -21.9066 -25.5864
1010101 FRAC0_S 0 1 -22863 29599.7 9400.23 5.01862e+06 474006 2.6772e+06 3217.66 -7.88704 -22.0165
1010101 FRAC0_S 0 1 -22607.9 29398.7 9350.24 4.99273e+06 -191184 2.67444e+06 3175.84 3.36459 -22.7236
1010101 FRAC0_S 0 1 -22342.1 29262.2 9222.77 5.07946e+06 -644509 2.1742e+06 2964.84 10.9582 -18.9711
1010101 FRAC0_S 0 1 -22087.6 29210.9 9029.09 3.96138e+06 3.00278e+06 3.9774e+06 4305.85 -33.1492 -23.9933
1010101 FRAC0_S 0 1 -21868.4 29234.2 8789.65 1.23475e+06 -1.3438e+06 165109 300.398 51.7776 -4.5744
1010101 FRAC0_S 0 1 -21704.6 29325.2 8524.3 1.54352e+06 -1.67818e+06 971817 588.869 44.8156 -16.3037
1010101 FRAC0_S 0 1 -21617.5 29474.4 8241.57 -598308 -2.51379e+06 865790 662.797 60.5173 -15.4135