
Step FractureNumber TipNr TipActive TipX TipY TipZ KI KII KIII G Phi Psi Extension
1010000 FRAC0_S 0 1 -30000 -14017.8 8603.45 1.36196e+06 1.54154e+07 -2.85772e+06 22427.1 -66.7671 10.6532
1010000 FRAC0_S 0 1 -30000 -14097.8 8901.92 -1.38227e+07 8.79112e+06 -2.81108e+06 7937.74 -40.0386 8.22058
1010000 FRAC0_S 0 1 -30000 -14266.1 9161.05 -3.6688e+06 1.3013e+07 2.58385e+06 15977.6 -62.6267 -9.86754
1010000 FRAC0_S 0 1 -30000 -14506.3 9355.47 -5.60992e+06 9.89797e+06 4.55391e+06 11488.2 -52.0331 -16.0052
1010000 FRAC0_S 0 1 -30000 -14794.9 9466.15 -5.69514e+06 5.39782e+06 4.68733e+06 5518.51 -39.6981 -20.2573
1010000 FRAC0_S 0 1 -30000 -15103.5 9482.25 -1.06533e+07 384319 4.17607e+06 2332.63 -3.49192 -18.9241
1010000 FRAC0_S 0 1 -30000 -15401.9 9402.21 -6.38787e+06 75327.8 7.56662e+06 7615.25 -0.749659 -32.4685
1010000 FRAC0_S 0 1 -30000 -15661 9233.85 817625 -5.50278e+06 8.66742e+06 12749.4 41.9651 -34.0711
1010000 FRAC0_S 0 1 -30000 -15855.5 8993.66 -2.38063e+06 -8.68482e+06 7.04138e+06 13315.5 51.046 -25.3421
1010000 FRAC0_S 0 1 -30000 -15966.1 8705.15 721339 -1.32534e+07 5.08083e+06 19132.1 63.5101 -18.4513
1010000 FRAC0_S 0 1 -30000 -15982.2 8396.55 4.58625e+06 -1.76292e+07 1.98947e+06 30095.1 64.8337 -6.18809
1010000 FRAC0_S 0 1 -30000 -15902.2 8098.08 6.57162e+06 -1.99236e+07 -2.13702e+06 39827.9 63.5243 5.63785
1010000 FRAC0_S 0 1 -30000 -15719.7 7823.19 1.00104e+07 -1.95823e+07 -7.71245e+06 51011.5 54.2011 14.7152
1010000 FRAC0_S 0 1 -30000 -15493.7 7644.53 1.10106e+07 -1.45199e+07 -1.08429e+07 45226.4 44.7319 20.3193
1010000 FRAC0_S 0 1 -30000 -15205.1 7533.85 2.06041e+07 -1.42838e+07 -1.56799e+07 88709.7 33.9605 21.0131
1010000 FRAC0_S 0 1 -30000 -14896.5 7517.75 1.11302e+07 -2.59355e+06 -1.64687e+07 47710.6 11.5095 32.7274
1010000 FRAC0_S 0 1 -30000 -14598.1 7597.79 1.10476e+07 4.22735e+06 -1.44471e+07 40227.8 -18.4961 30.1169
1010000 FRAC0_S 0 1 -30000 -14339 7766.15 7.60505e+06 7.40824e+06 -1.0047e+07 23469.8 -35.269 25.9672
1010000 FRAC0_S 0 1 -30000 -14144.5 8006.34 -275478 1.02221e+07 -6.61336e+06 15128.1 -58.654 25.2174
1010000 FRAC0_S 0 1 -30000 -14033.9 8294.85 -291469 1.28931e+07 -8.3261e+06 24033 -58.7654 25.2472
Step FractureNumber TipNr TipActive TipX TipY TipZ KI KII KIII G Phi Psi Extension
1010101 FRAC0_S 0 1 -30083.4 -13967.9 8610.62 5.76877e+06 9.16182e+06 -1.10824e+06 10608.6 -57.1308 5.23203
1010101 FRAC0_S 0 1 -30077.3 -14044.4 8926.22 1.29237e+07 8.36751e+06 662844 21180.8 -43.1907 -2.32492
1010101 FRAC0_S 0 1 -30080.2 -14223.9 9197.54 9.12295e+06 8.99776e+06 3.38966e+06 16158.9 -46.3136 -11.472
1010101 FRAC0_S 0 1 -30077.6 -14478.5 9408.62 4.70445e+06 7.69386e+06 4.30625e+06 9713.39 -49.6322 -17.9145
1010101 FRAC0_S 0 1 -30053.2 -14781.8 9541.92 -2.94734e+06 5.63598e+06 7.06482e+06 9468.77 -41.3432 -28.4889
1010101 FRAC0_S 0 1 -30019.3 -15114.8 9573.54 -4.75988e+06 4.55221e+06 7.59689e+06 9522.38 -32.6171 -28.3828
1010101 FRAC0_S 0 1 -29985.4 -15437.3 9486.51 -4.03547e+06 -1.07358e+06 5.95363e+06 4816.98 12.9271 -32.4197
1010101 FRAC0_S 0 1 -29947.5 -15709.7 9292.17 851859 -6.1195e+06 7.84764e+06 11592.5 45.876 -32.0516
1010101 FRAC0_S 0 1 -29922.1 -15906.1 9025.5 7.84606e+06 -7.06951e+06 6.38206e+06 15356.4 38.7586 -20.4102
1010101 FRAC0_S 0 1 -29913.2 -16012.1 8716.52 1.42531e+07 -5.75337e+06 3.26728e+06 22472.1 30.3309 -10.2997
1010101 FRAC0_S 0 1 -29910 -16024.5 8392.11 2.14594e+07 -4.02069e+06 2.07081e+06 43046.4 18.9404 -5.67628
1010101 FRAC0_S 0 1 -29912.4 -15944 8078.11 2.14859e+07 -1.58219e+06 -2.92116e+06 42494.9 8.26357 8.3502
1010101 FRAC0_S 0 1 -29919.5 -15774.6 7799.46 2.34569e+07 -2.20694e+06 -6.94505e+06 55879.8 9.15443 15.1156
1010101 FRAC0_S 0 1 -29930.6 -15526.6 7583.7 2.30707e+07 -2.06823e+06 -1.13021e+07 64799.8 7.72028 21.0171
1010101 FRAC0_S 0 1 -29949.5 -15220.1 7453.54 2.18538e+07 -3.066e+06 -1.50426e+07 73490.7 10.3291 24.6848
1010101 FRAC0_S 0 1 -29984 -14886 7427.08 1.71549e+07 1.04697e+06 -1.54321e+07 57995.9 -4.29014 28.8412
1010101 FRAC0_S 0 1 -30025.3 -14562.5 7514.94 1.65283e+07 225661 -1.62053e+07 59275.4 -0.955252 30.3732
1010101 FRAC0_S 0 1 -30058.1 -14290.8 7707.65 1.75395e+07 1.35168e+06 -1.22879e+07 47658.1 -5.93776 25.6148
1010101 FRAC0_S 0 1 -30077.7 -14104.8 7958 1.74039e+07 1.26139e+06 -9.67816e+06 39590.5 -6.09187 22.7863
1010101 FRAC0_S 0 1 -30087.1 -13987.4 8284 1.90181e+07 2.43423e+06 -5.91142e+06 37405.8 -11.9002 15.3103