
Step FractureNumber TipNr TipActive TipX TipY TipZ KI KII KIII G Phi Psi Extension
1010000 FRAC0_S 0 1 44337.7 -29270.4 8432.65 2.2065e+06 446331 1.20123e+06 643.51 -15.2743 -21.1052
1010000 FRAC0_S 0 1 44227.9 -29412.2 8684.28 2.26437e+06 -137109 1.28012e+06 676.524 5.11676 -23.1315
1010000 FRAC0_S 0 1 44193.7 -29611.7 8917.88 2.2949e+06 -727706 1.19519e+06 706.481 22.0708 -19.4529
1010000 FRAC0_S 0 1 44238.4 -29849 9110.57 2.27265e+06 -1.24181e+06 985305 726.783 33.3048 -15.4973
1010000 FRAC0_S 0 1 44357.7 -30101.2 9243.49 2.33281e+06 -1.73359e+06 693815 816.766 41.7016 -10.6677
1010000 FRAC0_S 0 1 44539.9 -30343.5 9303.63 2.23469e+06 -1.83592e+06 289224 756.48 46.5411 -5.02916
1010000 FRAC0_S 0 1 44767.1 -30552.1 9285.1 2.35659e+06 -2.08981e+06 -122788 886.049 49.3887 2.07227
1010000 FRAC0_S 0 1 45017 -30706.8 9189.73 1.60851e+06 -1.26347e+06 -356862 389.743 44.0646 8.21771
1010000 FRAC0_S 0 1 45265.3 -30792.2 9026.84 2.25545e+06 -1.46863e+06 -850073 741.618 37.734 13.356
1010000 FRAC0_S 0 1 45487.7 -30800.1 8812.38 2.35318e+06 -1.0893e+06 -1.16986e+06 781.198 29.1595 17.6608
1010000 FRAC0_S 0 1 45662.3 -30729.6 8567.35 1.68916e+06 -344329 -937572 381.732 15.285 21.3281
1010000 FRAC0_S 0 1 45772.1 -30587.8 8315.72 2.18937e+06 100303 -1.2602e+06 639.249 -3.89986 23.531
1010000 FRAC0_S 0 1 45806.3 -30388.3 8082.12 2.23566e+06 658690 -1.17787e+06 668.572 -20.8138 19.8002
1010000 FRAC0_S 0 1 45761.6 -30151 7889.43 2.31408e+06 1.18697e+06 -1.03889e+06 746.277 -31.8181 16.121
1010000 FRAC0_S 0 1 45642.3 -29898.8 7756.51 2.38385e+06 1.71409e+06 -804222 854.223 -40.394 11.9081
1010000 FRAC0_S 0 1 45460.1 -29656.5 7696.37 2.25929e+06 1.79427e+06 -380660 761.006 -45.1884 6.4528
1010000 FRAC0_S 0 1 45232.9 -29447.9 7714.9 2.36507e+06 2.16102e+06 13997.5 914.612 -50.7786 -0.240167
1010000 FRAC0_S 0 1 44983 -29293.2 7810.27 1.62897e+06 1.24533e+06 297925 386.459 -44.1724 -7.03443
1010000 FRAC0_S 0 1 44734.7 -29207.8 7973.16 2.29054e+06 1.50663e+06 788564 752.502 -38.4405 -12.4371
1010000 FRAC0_S 0 1 44512.3 -29199.9 8187.62 2.26202e+06 1.04881e+06 1.06199e+06 703.974 -29.5517 -16.9968
Step FractureNumber TipNr TipActive TipX TipY TipZ KI KII KIII G Phi Psi Extension
1010101 FRAC0_S 0 1 44261.7 -29215.7 8413.7 2.58131e+06 39596 1.20387e+06 786.648 -1.44185 -21.2816
1010101 FRAC0_S 0 1 44158.1 -29351.4 8705.93 2.03412e+06 39369 959377 491.257 -1.80551 -21.3714
1010101 FRAC0_S 0 1 44140.4 -29555.3 8975.1 3.10896e+06 177218 1.30262e+06 1089.78 -5.30234 -19.4827
1010101 FRAC0_S 0 1 44206.1 -29804.5 9191.12 2.83426e+06 105761 877801 819.303 -3.82456 -16.1894
1010101 FRAC0_S 0 1 44346.9 -30070.2 9336.1 3.00143e+06 213793 555718 847.902 -7.71228 -10.7781
1010101 FRAC0_S 0 1 44549.3 -30325 9400.11 3.07777e+06 328925 209951 859.614 -12.1537 -4.4168
1010101 FRAC0_S 0 1 44794.1 -30546.7 9379.94 3.27167e+06 141131 -79098.6 956.423 -5.54399 1.74993
1010101 FRAC0_S 0 1 45059 -30717.6 9278.17 3.62359e+06 4491.67 -425716 1194.16 -0.155036 7.82735
1010101 FRAC0_S 0 1 45321.8 -30819.8 9102.12 2.81918e+06 161232 -725164 780.483 -5.95898 14.0004
1010101 FRAC0_S 0 1 45551.5 -30843 8872.41 2.80516e+06 74751.8 -1.01348e+06 838.306 -2.66215 18.0679
1010101 FRAC0_S 0 1 45738.5 -30784.2 8586.54 2.85616e+06 -4418.51 -1.21817e+06 924.296 0.15158 20.3521
1010101 FRAC0_S 0 1 45843 -30647.7 8294.88 2.58175e+06 -86278.3 -1.20793e+06 788.683 3.08169 21.1034
1010101 FRAC0_S 0 1 45861.5 -30443.7 8025.72 2.78961e+06 -279788 -1.01443e+06 837.289 9.26302 17.3391
1010101 FRAC0_S 0 1 45796 -30194.4 7809.26 2.72136e+06 -155739 -908048 771.759 5.64178 16.8128
1010101 FRAC0_S 0 1 45655.1 -29928.5 7663.83 3.52844e+06 -117218 -697359 1175.31 3.7276 11.6736
1010101 FRAC0_S 0 1 45451.7 -29674.5 7599.79 3.22364e+06 -356779 -321040 951.071 12.2173 6.19495
1010101 FRAC0_S 0 1 45205.7 -29453.9 7620.24 2.47258e+06 -319836 -26582.8 553.996 14.983 0.732595
1010101 FRAC0_S 0 1 44940.6 -29283.3 7721.94 3.73365e+06 -173152 346892 1260.89 5.58287 -6.14149
1010101 FRAC0_S 0 1 44678 -29181.1 7897.74 2.50933e+06 5567.59 527128 598.059 -0.255997 -12.5251
1010101 FRAC0_S 0 1 44439.1 -29158.4 8138.85 3.06998e+06 -85884.3 1.13217e+06 1010.98 2.77596 -18.2938