
Step FractureNumber TipNr TipActive TipX TipY TipZ KI KII KIII G Phi Psi Extension
1010000 FRAC0_S 0 1 812.916 44439 8500 -555137 -2.70817e+06 -2.58786e+06 1544.26 49.8023 28.0427
1010000 FRAC0_S 0 1 944.619 44711.5 8500 -528170 -1.37212e+06 -3.18188e+06 1514.31 32.6957 35.8993
1010000 FRAC0_S 0 1 987.533 45017.5 8500 -403185 172444 -3.00277e+06 1201.86 -6.58407 42.2157
1010000 FRAC0_S 0 1 933.78 45321.8 8500 -343985 1.45379e+06 -2.78797e+06 1222.12 -37.348 35.2238
1010000 FRAC0_S 0 1 788.621 45594.7 8500 -482092 2.24269e+06 -2.06415e+06 1014.87 -50.2112 27.4891
1010000 FRAC0_S 0 1 566.268 45809.3 8500 -342867 3.82565e+06 -1.88438e+06 1776.45 -60.5222 21.0845
1010000 FRAC0_S 0 1 288.484 45944.6 8500 -395711 3.64836e+06 -594722 1233.14 -66.8089 9.45766
1010000 FRAC0_S 0 1 -17.5385 45987.6 8500 -216236 4.89808e+06 67797.6 2138.47 -69.7897 -1.01483
1010000 FRAC0_S 0 1 -321.845 45933.8 8500 -209551 3.46203e+06 947413 1187.42 -65.6082 -14.6104
1010000 FRAC0_S 0 1 -594.647 45788.6 8500 -244913 2.67734e+06 1.34573e+06 879.615 -60.2771 -21.3132
1010000 FRAC0_S 0 1 -809.24 45566.3 8500 -163849 2.36866e+06 2.10733e+06 1090.59 -53.2276 -28.6189
1010000 FRAC0_S 0 1 -944.619 45288.5 8500 -299721 930316 2.71293e+06 1056 -29.1352 -38.045
1010000 FRAC0_S 0 1 -987.533 44982.5 8500 -336516 -69122.9 3.27997e+06 1431.26 2.60105 -43.2795
1010000 FRAC0_S 0 1 -933.78 44678.2 8500 -353324 -1.10133e+06 2.32492e+06 826.98 34.851 -35.4933
1010000 FRAC0_S 0 1 -788.621 44405.3 8500 -437695 -2.74189e+06 2.55266e+06 1536.56 50.95 -28.1905
1010000 FRAC0_S 0 1 -566.268 44190.7 8500 -467105 -3.88417e+06 1.87993e+06 1814.42 60.069 -20.5286
1010000 FRAC0_S 0 1 -288.484 44055.4 8500 -393847 -3.35887e+06 712690 1072.89 65.7016 -11.6084
1010000 FRAC0_S 0 1 17.5385 44012.4 8500 -444475 -4.76359e+06 -49885.2 2022.39 69.3812 0.737062
1010000 FRAC0_S 0 1 321.845 44066.2 8500 -506994 -4.30909e+06 -1.04012e+06 1798.5 65.1145 12.8126
1010000 FRAC0_S 0 1 594.647 44211.4 8500 -430486 -3.40237e+06 -1.80899e+06 1466.78 58.9707 21.6171
Step FractureNumber TipNr TipActive TipX TipY TipZ KI KII KIII G Phi Psi Extension
1010101 FRAC0_S 0 1 863.56 44398.8 8573.12 1.05812e+06 -676880 -1.65854e+06 506.446 25.1396 30.2388
1010101 FRAC0_S 0 1 1022.92 44690.4 8543.24 525242 -262020 -1.65287e+06 394.055 14.226 37.6934
1010101 FRAC0_S 0 1 1076.11 45018.8 8492.6 557050 65242.4 -2.40762e+06 798.983 -2.98213 41.1434
1010101 FRAC0_S 0 1 1008.97 45344.9 8447.59 790361 526489 -2.18824e+06 717.223 -19.4496 35.8338
1010101 FRAC0_S 0 1 840.013 45630.5 8424.65 1.33513e+06 587209 -1.51795e+06 496.026 -21.8567 27.9913
1010101 FRAC0_S 0 1 596.024 45848.4 8414.28 1.51134e+06 476405 -922957 337.061 -21.0391 21.415
1010101 FRAC0_S 0 1 301.135 45982.2 8408.82 1.9928e+06 435654 -489451 402.654 -19.3421 12.1552
1010101 FRAC0_S 0 1 -18.334 46024 8407.33 1.5804e+06 255484 152373 231.471 -16.8337 -5.78383
1010101 FRAC0_S 0 1 -336.189 45971.8 8409.29 1.66498e+06 439430 463361 292.791 -21.9085 -13.0007
1010101 FRAC0_S 0 1 -625.198 45826.8 8413.78 1.5102e+06 411579 958995 340.645 -18.5731 -22.3088
1010101 FRAC0_S 0 1 -862.111 45599.7 8426.07 1.33924e+06 533560 1.59242e+06 522.456 -19.897 -28.8754
1010101 FRAC0_S 0 1 -1023.62 45309.3 8456.77 842503 516358 2.19428e+06 727.39 -18.867 -35.5842
1010101 FRAC0_S 0 1 -1077.76 44981.2 8504.38 498345 296912 2.45337e+06 830.517 -12.2107 -40.0849
1010101 FRAC0_S 0 1 -1010.12 44654.9 8549.12 713331 -457737 2.10709e+06 654.508 18.1837 -36.5019
1010101 FRAC0_S 0 1 -840.32 44369.5 8574.78 1.1254e+06 -664307 1.59905e+06 492.262 24.7545 -29.458
1010101 FRAC0_S 0 1 -596.151 44151 8585.53 1.09505e+06 -556399 923330 247.829 26.9846 -23.7275
1010101 FRAC0_S 0 1 -301.489 44016.7 8590.63 1.75424e+06 -534768 524445 336.287 24.0815 -13.393
1010101 FRAC0_S 0 1 18.2745 43975.1 8592.26 2.21483e+06 -562376 -63489.2 465.845 24.9725 1.72681
1010101 FRAC0_S 0 1 336.616 44027.2 8590.18 1.58158e+06 -523408 -545941 286.951 24.9132 14.664
1010101 FRAC0_S 0 1 626.812 44171.6 8584.62 1.47268e+06 -704199 -1.10017e+06 398.429 26.852 22.4668