
Step FractureNumber TipNr TipActive TipX TipY TipZ KI KII KIII G Phi Psi Extension
1010000 FRAC0_S 0 1 29421.9 -29224 8302.08 3.3053e+06 1.00326e+07 -1.23381e+06 10145.2 -63.2077 6.36778
1010000 FRAC0_S 0 1 29276.5 -29329.8 8553.35 3.54734e+06 1.08858e+07 1.28737e+06 11901.3 -63.3793 -6.1662
1010000 FRAC0_S 0 1 29201.8 -29501.2 8799.39 3.69125e+06 8.55466e+06 3.23265e+06 9125.28 -55.9932 -14.8507
1010000 FRAC0_S 0 1 29205.3 -29721.4 9016.14 3.77722e+06 6.18512e+06 4.76525e+06 7700.44 -46.4494 -21.7828
1010000 FRAC0_S 0 1 29286.5 -29968.9 9182.36 3.84409e+06 3.44644e+06 5.94175e+06 7070.7 -31.7153 -28.3708
1010000 FRAC0_S 0 1 29437.7 -30219.5 9281.78 3.8514e+06 326403 6.02265e+06 6155.5 -4.40817 -34.5495
1010000 FRAC0_S 0 1 29643.9 -30448.6 9304.68 3.07401e+06 -1.86443e+06 4.57074e+06 3930.39 24.7584 -29.8676
1010000 FRAC0_S 0 1 29884.9 -30633.7 9248.81 2.6957e+06 -3.57127e+06 4.15936e+06 4084.98 39.7408 -25.8647
1010000 FRAC0_S 0 1 30137.2 -30756.8 9119.64 3.18249e+06 -3.50756e+06 2.75472e+06 3008.11 42.3382 -19.9427
1010000 FRAC0_S 0 1 30376 -30805.9 8929.82 3.0344e+06 -7.56175e+06 2.22038e+06 6571.51 58.233 -12.5225
1010000 FRAC0_S 0 1 30578.1 -30776 8697.92 2.84316e+06 -8.55205e+06 713740 7305.38 63.9601 -4.48292
1010000 FRAC0_S 0 1 30723.5 -30670.2 8446.65 2.64001e+06 -8.98618e+06 -961791 7939.85 64.2691 5.76698
1010000 FRAC0_S 0 1 30798.2 -30498.8 8200.61 2.72428e+06 -7.68673e+06 -2.70661e+06 6900.81 58.0014 14.6891
1010000 FRAC0_S 0 1 30794.7 -30278.6 7983.86 2.15224e+06 -5.52518e+06 -3.40228e+06 4672.63 52.4072 20.84
1010000 FRAC0_S 0 1 30713.5 -30031.1 7817.64 2.63707e+06 -4.66807e+06 -5.31317e+06 6316.03 42.2121 26.9925
1010000 FRAC0_S 0 1 30562.3 -29780.5 7718.22 2.88044e+06 -788824 -7.13625e+06 7567.95 9.84723 37.1199
1010000 FRAC0_S 0 1 30356.1 -29551.4 7695.32 2.78086e+06 560586 -6.58747e+06 6488.61 -7.68125 37.2241
1010000 FRAC0_S 0 1 30115.1 -29366.3 7751.19 1.98842e+06 1.80391e+06 -6.30023e+06 5921.44 -22.7869 35.8316
1010000 FRAC0_S 0 1 29862.8 -29243.2 7880.36 2.85868e+06 7.6783e+06 -5.4574e+06 9942.98 -51.0765 22.7722
1010000 FRAC0_S 0 1 29624 -29194.1 8070.18 2.55539e+06 6.9635e+06 -2.83579e+06 5972.4 -56.6708 16.1649
Step FractureNumber TipNr TipActive TipX TipY TipZ KI KII KIII G Phi Psi Extension
1010101 FRAC0_S 0 1 29344.5 -29238.2 8241.45 9.95635e+06 908369 -1.72543e+06 9302.86 -9.7365 10.0698
1010101 FRAC0_S 0 1 29191.5 -29349.3 8505.88 1.18556e+07 1.43148e+06 491146 12739.7 -13.7896 -2.73849
1010101 FRAC0_S 0 1 29109.8 -29522 8770.18 1.30088e+07 2.29005e+06 3.30436e+06 16999.6 -16.1732 -12.8134
1010101 FRAC0_S 0 1 29110.5 -29744.5 9012.59 9.9851e+06 1.89433e+06 5.40213e+06 13085.6 -14.5051 -21.1578
1010101 FRAC0_S 0 1 29201.1 -29995.1 9213.72 7.75303e+06 1.33427e+06 7.02521e+06 12079 -11.1133 -27.7353
1010101 FRAC0_S 0 1 29382 -30243.9 9350.66 6.43727e+06 377226 6.92825e+06 10089.3 -3.79013 -30.9357
1010101 FRAC0_S 0 1 29631.2 -30466.8 9396.18 7.18504e+06 -1.6768e+06 7.06971e+06 11498.3 13.9596 -28.1146
1010101 FRAC0_S 0 1 29908.9 -30648.6 9342.26 7.84775e+06 -2.43658e+06 5.75858e+06 10427.5 19.6483 -23.7461
1010101 FRAC0_S 0 1 30186 -30767.3 9204.07 7.64646e+06 -2.12986e+06 3.98173e+06 7722.95 19.9956 -19.81
1010101 FRAC0_S 0 1 30442.3 -30802.8 9002.3 7.61329e+06 -1.22621e+06 2.07613e+06 5872.27 14.8435 -13.6417
1010101 FRAC0_S 0 1 30655.1 -30760.2 8758.68 1.30131e+07 -1.31454e+06 1.47568e+06 15533.6 11.161 -6.99573
1010101 FRAC0_S 0 1 30807.8 -30649.1 8494.88 1.13385e+07 -1.22253e+06 -465812 11618.3 12.522 2.74691
1010101 FRAC0_S 0 1 30888.7 -30474.9 8232.94 7.71358e+06 -1.01967e+06 -939300 5511.97 13.9807 7.26337
1010101 FRAC0_S 0 1 30888.1 -30249.6 7995.93 8.59083e+06 -2.02448e+06 -4.02084e+06 9091.98 18.0256 18.9376
1010101 FRAC0_S 0 1 30799.7 -29997.7 7797.9 7.56753e+06 -1.95714e+06 -5.82693e+06 9960.21 16.7106 24.8518
1010101 FRAC0_S 0 1 30606.1 -29724.2 7649.97 5.02277e+06 -1.27969e+06 -7.28921e+06 9460.64 12.5608 32.34
1010101 FRAC0_S 0 1 30383.7 -29515.7 7611 4.44248e+06 -268411 -7.11996e+06 8507.35 3.14021 34.9895
1010101 FRAC0_S 0 1 30102.9 -29337.8 7661.86 5.44621e+06 749285 -7.34968e+06 9877.52 -7.53024 32.6073
1010101 FRAC0_S 0 1 29815.9 -29233.3 7797.09 8.09585e+06 1.41575e+06 -5.45602e+06 9978.29 -12.616 24.0478
1010101 FRAC0_S 0 1 29556.5 -29199.1 7997.87 1.19553e+07 2.31795e+06 -4.52828e+06 15942.5 -16.1959 16.8717