
Step FractureNumber TipNr TipActive TipX TipY TipZ KI KII KIII G Phi Psi Extension
1010000 FRAC0_S 0 1 29664.6 -29071 8500 1.67553e+06 1.01386e+07 -3.19437e+06 10767 -62.63 15.1065
1010000 FRAC0_S 0 1 29393.9 -29220.1 8500 2.75613e+06 1.11355e+07 -770137 11805.3 -65.9509 4.00606
1010000 FRAC0_S 0 1 29182.6 -29445.6 8500 2.36418e+06 9.06143e+06 1.46937e+06 8102 -63.8133 -8.45954
1010000 FRAC0_S 0 1 29051.3 -29725.3 8500 2.49645e+06 8.58696e+06 3.58085e+06 8831.35 -57.9774 -17.079
1010000 FRAC0_S 0 1 29012.8 -30032 8500 2.54843e+06 6.54768e+06 5.34552e+06 8199.48 -49.0852 -24.3502
1010000 FRAC0_S 0 1 29071 -30335.4 8500 2.47875e+06 3.74279e+06 6.70864e+06 7781.59 -34.6595 -31.5859
1010000 FRAC0_S 0 1 29220.1 -30606.1 8500 1.86319e+06 484629 4.91119e+06 3538.2 -9.03474 -37.6667
1010000 FRAC0_S 0 1 29445.6 -30817.4 8500 2.44426e+06 -2.15722e+06 6.24727e+06 6137.84 25.0705 -33.9735
1010000 FRAC0_S 0 1 29725.3 -30948.7 8500 2.34106e+06 -3.69325e+06 4.28335e+06 4144.01 41.1444 -26.694
1010000 FRAC0_S 0 1 30032 -30987.2 8500 2.43772e+06 -7.60127e+06 4.5436e+06 8423.93 53.9563 -21.0994
1010000 FRAC0_S 0 1 30335.4 -30929 8500 1.76335e+06 -6.77475e+06 2.03269e+06 4916.52 60.973 -13.7786
1010000 FRAC0_S 0 1 30606.1 -30779.9 8500 2.04863e+06 -8.28599e+06 602029 6540.27 65.8881 -4.19367
1010000 FRAC0_S 0 1 30817.4 -30554.4 8500 2.11863e+06 -8.62222e+06 -1.24632e+06 7231.24 64.484 7.75301
1010000 FRAC0_S 0 1 30948.7 -30274.7 8500 2.14322e+06 -7.4117e+06 -2.77974e+06 6332.11 58.8495 15.9021
1010000 FRAC0_S 0 1 30987.2 -29968 8500 2.33142e+06 -6.8085e+06 -4.67271e+06 7519.06 52.0008 22.6102
1010000 FRAC0_S 0 1 30929 -29664.6 8500 2.28082e+06 -4.15809e+06 -5.75086e+06 6402.88 39.6108 29.4537
1010000 FRAC0_S 0 1 30779.9 -29393.9 8500 2.01672e+06 -1.08031e+06 -6.26632e+06 5688.91 15.2209 37.4206
1010000 FRAC0_S 0 1 30554.4 -29182.6 8500 2.12519e+06 1.37159e+06 -6.13975e+06 5583.74 -18.5085 36.3004
1010000 FRAC0_S 0 1 30274.7 -29051.3 8500 2.24106e+06 4.88777e+06 -6.0833e+06 7498.27 -42.2122 28.9178
1010000 FRAC0_S 0 1 29968 -29012.8 8500 2.58244e+06 7.59021e+06 -4.90158e+06 8923.41 -52.7457 21.8736
Step FractureNumber TipNr TipActive TipX TipY TipZ KI KII KIII G Phi Psi Extension
1010101 FRAC0_S 0 1 29650 -29026.2 8412.87 1.1634e+07 1.3273e+06 -2.83069e+06 13283.7 -11.2724 12.9211
1010101 FRAC0_S 0 1 29368.4 -29187 8409.71 1.30586e+07 -252991 -867497 15301.4 2.47568 4.64863
1010101 FRAC0_S 0 1 29145.3 -29421.5 8411.11 1.25147e+07 1.02529e+06 1.57644e+06 14380.3 -9.17367 -7.77547
1010101 FRAC0_S 0 1 29000.3 -29712.2 8416.28 1.02145e+07 2.21571e+06 3.49821e+06 11362.5 -18.12 -15.5387
1010101 FRAC0_S 0 1 28948 -30036.2 8426.8 8.57252e+06 1.80823e+06 4.89989e+06 10033.1 -15.5866 -21.6183
1010101 FRAC0_S 0 1 28996.5 -30365 8448.74 6.57398e+06 1.65312e+06 6.30991e+06 9389.99 -15.0153 -27.6391
1010101 FRAC0_S 0 1 29149.1 -30662.1 8488.53 4.15327e+06 240058 5.58689e+06 5693.62 -3.32698 -33.3228
1010101 FRAC0_S 0 1 29395.4 -30888.2 8533.71 5.32771e+06 -1.16234e+06 6.43919e+06 8164.33 12.0203 -30.6614
1010101 FRAC0_S 0 1 29702.5 -31018.4 8563.71 7.77688e+06 -2.48118e+06 5.71087e+06 10275.6 20.0627 -23.6741
1010101 FRAC0_S 0 1 30031.8 -31046 8578.74 7.69542e+06 -1.85606e+06 3.38175e+06 7105.05 18.6498 -18.139
1010101 FRAC0_S 0 1 30350.4 -30974.5 8586.75 1.0734e+07 -1.94028e+06 2.4682e+06 11412.9 16.7896 -11.8371
1010101 FRAC0_S 0 1 30631.6 -30813.5 8590.06 1.11821e+07 -1.12844e+06 455897 11283.4 11.8279 -2.74334
1010101 FRAC0_S 0 1 30853.9 -30578.1 8589.33 9.61754e+06 -1.67042e+06 -954790 8612.3 17.7987 5.88237
1010101 FRAC0_S 0 1 30997.9 -30287.4 8585.05 9.03428e+06 -1.73974e+06 -2.83197e+06 8609.38 16.7567 14.8054
1010101 FRAC0_S 0 1 31048.4 -29964.1 8576.73 7.34544e+06 -1.97137e+06 -4.06972e+06 7357.12 19.0991 20.6632
1010101 FRAC0_S 0 1 30999.7 -29636.2 8558.15 6.25762e+06 -1.90574e+06 -5.55211e+06 7912.84 18.1013 26.1672
1010101 FRAC0_S 0 1 30849.4 -29338.2 8521.13 4.88317e+06 -621780 -6.49969e+06 7778.02 7.06351 32.5578
1010101 FRAC0_S 0 1 30605.2 -29110.8 8473.89 4.99614e+06 907180 -6.78277e+06 8416.44 -9.65341 32.2701
1010101 FRAC0_S 0 1 30297.9 -28981 8438.57 7.31928e+06 2.09161e+06 -6.21517e+06 10301.2 -17.4853 25.8034
1010101 FRAC0_S 0 1 29968.4 -28954 8421.2 9.47541e+06 1.93068e+06 -4.45969e+06 10978 -15.9998 19.3175