
Step FractureNumber TipNr TipActive TipX TipY TipZ KI KII KIII G Phi Psi Extension
1010000 FRAC0_S 0 1 -15000 -44020.2 8624.9 2.92523e+06 1.50199e+06 -357306 980.523 -37.0512 5.64095
1010000 FRAC0_S 0 1 -15000 -44106.8 8921.55 2.86194e+06 1.50739e+06 -13124 932.372 -39.8728 0.233288
1010000 FRAC0_S 0 1 -15000 -44280.8 9176.94 2.90014e+06 1.42735e+06 356845 947.968 -36.1597 -5.75041
1010000 FRAC0_S 0 1 -15000 -44525.1 9366.05 3.05566e+06 1.20337e+06 693343 1025 -29.8854 -10.2733
1010000 FRAC0_S 0 1 -15000 -44816 9470.4 2.46256e+06 613322 735979 645.941 -20.7136 -13.8297
1010000 FRAC0_S 0 1 -15000 -45124.9 9479.76 2.36477e+06 238796 793666 587.176 -9.49492 -16.4213
1010000 FRAC0_S 0 1 -15000 -45421.5 9393.21 3.20177e+06 -236557 1.10752e+06 1081.62 7.09577 -17.0446
1010000 FRAC0_S 0 1 -15000 -45676.9 9219.22 2.34897e+06 -28791.9 808226 578.634 1.25947 -17.6634
1010000 FRAC0_S 0 1 -15000 -45866 8974.84 2.5917e+06 -758966 656150 707.134 24.0071 -11.8882
1010000 FRAC0_S 0 1 -15000 -45970.4 8683.98 2.68273e+06 -1.01217e+06 548384 772.619 29.4119 -9.52922
1010000 FRAC0_S 0 1 -15000 -45979.8 8375.1 2.53222e+06 -1.08135e+06 308132 688.212 33.2808 -5.92481
1010000 FRAC0_S 0 1 -15000 -45893.2 8078.45 2.42712e+06 -1.10514e+06 104151 635.216 36.0819 -2.20695
1010000 FRAC0_S 0 1 -15000 -45719.2 7823.06 2.70345e+06 -1.28587e+06 -59836 799.089 37.3998 1.14543
1010000 FRAC0_S 0 1 -15000 -45474.9 7633.95 2.718e+06 -1.1118e+06 -287708 779.462 32.6988 5.28907
1010000 FRAC0_S 0 1 -15000 -45184 7529.6 1.74751e+06 -656139 -325356 324.565 29.6139 8.83024
1010000 FRAC0_S 0 1 -15000 -44875.1 7520.24 2.39006e+06 -653173 -623637 598.775 22.7169 12.3112
1010000 FRAC0_S 0 1 -15000 -44578.5 7606.79 2.44777e+06 174248 -892713 642.606 -6.76865 17.6825
1010000 FRAC0_S 0 1 -15000 -44323.1 7780.78 2.6145e+06 295711 -958173 739.022 -10.293 17.2955
1010000 FRAC0_S 0 1 -15000 -44134 8025.16 2.63939e+06 547216 -820354 736.966 -17.8138 14.5859
1010000 FRAC0_S 0 1 -15000 -44029.6 8316.02 2.52301e+06 577353 -868045 697.154 -18.8866 15.4827
Step FractureNumber TipNr TipActive TipX TipY TipZ KI KII KIII G Phi Psi Extension
1010101 FRAC0_S 0 1 -15054.2 -43940.1 8633.72 3.61539e+06 115232 -312292 1178.91 -3.93344 5.82817
1010101 FRAC0_S 0 1 -15061.9 -44037.6 8954.28 2.88134e+06 -25208.7 128185 742.044 1.15811 -3.23578
1010101 FRAC0_S 0 1 -15058 -44223.6 9231.8 3.628e+06 -149659 581265 1219.83 4.72424 -9.81452
1010101 FRAC0_S 0 1 -15048.5 -44485.3 9440.88 2.50684e+06 -225869 641941 619.343 9.05677 -13.6434
1010101 FRAC0_S 0 1 -15034.2 -44800 9559.82 3.41216e+06 -248218 1.12381e+06 1210.95 7.07518 -16.5014
1010101 FRAC0_S 0 1 -15014 -45137.4 9574.09 3.04905e+06 -150615 1.02115e+06 969.135 4.90662 -16.9392
1010101 FRAC0_S 0 1 -14997.4 -45463 9480.74 2.90839e+06 -97837.1 1.0679e+06 906.285 3.32163 -18.1779
1010101 FRAC0_S 0 1 -14985.6 -45741.9 9289.04 2.69287e+06 -28493.3 896189 753.078 1.09835 -17.2979
1010101 FRAC0_S 0 1 -14966.8 -45944.7 9019.05 3.04835e+06 29522.6 714083 895.947 -1.08574 -13.5183
1010101 FRAC0_S 0 1 -14951.5 -46054 8700.42 2.98021e+06 133840 593444 839.878 -4.96275 -11.6397
1010101 FRAC0_S 0 1 -14945.5 -46060.9 8365.25 2.83057e+06 129527 324953 729.5 -5.41125 -7.39276
1010101 FRAC0_S 0 1 -14941.6 -45965 8044.95 2.18471e+06 29664.5 24659.2 425.478 -1.84254 -0.855037
1010101 FRAC0_S 0 1 -14941.4 -45776.6 7768.77 3.04652e+06 98402.1 -222378 834.493 -4.03142 5.00725
1010101 FRAC0_S 0 1 -14945.4 -45513.6 7562.08 2.83417e+06 108166 -460902 745.075 -4.37895 9.9583
1010101 FRAC0_S 0 1 -14952.1 -45199.3 7445.57 2.55898e+06 306065 -882486 695.45 -10.967 16.5379
1010101 FRAC0_S 0 1 -14971.3 -44862.7 7430.69 2.77479e+06 -39623.2 -723962 755.946 1.55896 14.5776
1010101 FRAC0_S 0 1 -15000.7 -44537.5 7521.1 2.82588e+06 -428920 -795304 812.112 14.0414 14.0441
1010101 FRAC0_S 0 1 -15020 -44245.7 7722.63 2.71784e+06 -411510 -1.01059e+06 809.148 13.2244 17.074
1010101 FRAC0_S 0 1 -15027.9 -44052.1 7979.95 2.80714e+06 -136263 -969508 828.859 4.79047 17.3003
1010101 FRAC0_S 0 1 -15038.9 -43942.4 8298.29 3.50293e+06 139267 -792976 1178.79 -4.32705 12.8909