
Step FractureNumber TipNr TipActive TipX TipY TipZ KI KII KIII G Phi Psi Extension
1010000 FRAC0_S 0 1 -44463.4 -44170.8 8500 39833.6 -24226.4 -4161.46 0.195996 40.8886 4.63515
1010000 FRAC0_S 0 1 -44745.9 -44045.6 8500 32070 -15886 -6185.94 0.119226 35.0515 8.48103
1010000 FRAC0_S 0 1 -45053.3 -44013.7 8500 39986.3 -75887.2 -28938.7 0.767032 54.1423 14.2694
1010000 FRAC0_S 0 1 -45355.5 -44078.5 8500 41304.7 -9944.84 -14440.8 0.188577 19.5903 15.5521
1010000 FRAC0_S 0 1 -45638.4 -44246.2 8500 35028.4 -41732.8 -79603.7 1.10732 32.3788 31.1563
1010000 FRAC0_S 0 1 -45829.2 -44463.4 8500 41089 5731.44 -15398.9 0.18491 -12.3023 17.2832
1010000 FRAC0_S 0 1 -45954.4 -44745.9 8500 41258.8 11567.3 -12998.5 0.186086 -22.4404 14.1159
1010000 FRAC0_S 0 1 -45986.3 -45053.3 8500 49152.5 20627.1 -10570 0.26806 -31.3271 9.68984
1010000 FRAC0_S 0 1 -45921.5 -45355.5 8500 41586.4 20261 -5196.75 0.194281 -35.9156 5.8477
1010000 FRAC0_S 0 1 -45766.5 -45622.8 8500 47783.7 -80182.1 -18204.8 0.820445 55.7336 9.20263
1010000 FRAC0_S 0 1 -45536.6 -45829.2 8500 51051.5 57737.9 -46843.8 0.821153 -42.304 20.4875
1010000 FRAC0_S 0 1 -45254.1 -45954.4 8500 40725.8 17801.3 7426.29 0.18337 -32.6875 -8.36433
1010000 FRAC0_S 0 1 -44946.7 -45986.3 8500 53107.4 14931.9 15538.6 0.303306 -22.7779 -13.3609
1010000 FRAC0_S 0 1 -44644.5 -45921.5 8500 26750.9 -11328 59814.1 0.55104 15.2632 -35.339
1010000 FRAC0_S 0 1 -44377.2 -45766.5 8500 29885.6 -49887.3 -8619.45 0.311242 56.7168 7.29226
1010000 FRAC0_S 0 1 -44170.8 -45536.6 8500 27594.7 -56082.6 -6734.31 0.35416 59.9081 5.62675
1010000 FRAC0_S 0 1 -44045.6 -45254.1 8500 35358.4 -32134.4 6219.48 0.208568 47.7288 -6.34633
1010000 FRAC0_S 0 1 -44013.7 -44946.7 8500 41539.9 -17750.6 10079.5 0.195355 31.2402 -10.6368
1010000 FRAC0_S 0 1 -44078.5 -44644.5 8500 48504.7 -17939.6 9075.42 0.249283 29.3067 -8.8969
1010000 FRAC0_S 0 1 -44233.5 -44377.2 8500 46560.6 -21313 3277.32 0.235087 35.6555 -3.52279
Step FractureNumber TipNr TipActive TipX TipY TipZ KI KII KIII G Phi Psi Extension
1010101 FRAC0_S 0 1 -44463.4 -44170.8 8500 33844.6 -21627 -2551.99 0.144617 42.4571 3.36675
1010101 FRAC0_S 0 1 -44745.9 -44045.6 8500 39657.6 -23346.2 -7821.36 0.196851 38.5424 8.21125
1010101 FRAC0_S 0 1 -45053.3 -44013.7 8500 39150.3 -19100.5 -8962.29 0.179776 34.132 9.81389
1010101 FRAC0_S 0 1 -45368.8 -44062.1 8513.39 53832.9 -3004.94 40330.3 0.475373 4.26257 -26.6895
1010101 FRAC0_S 0 1 -45649.5 -44200.7 8526.78 47469.4 -12939.4 -2567.13 0.216592 25.8101 3.12473
1010101 FRAC0_S 0 1 -45842.6 -44447 8513.39 42944.1 33625.2 -11155.7 0.281641 -43.3778 9.38536
1010101 FRAC0_S 0 1 -45954.4 -44745.9 8500 41515 9940.85 -14354.7 0.189792 -19.5502 15.4434
1010101 FRAC0_S 0 1 -45986.3 -45053.3 8500 42096.4 18349.3 -11941 0.20688 -30.9906 11.969
1010101 FRAC0_S 0 1 -45921.5 -45355.5 8500 42721.6 23605.4 -8043.83 0.220897 -37.3841 8.05031
1010101 FRAC0_S 0 1 -45776.6 -45638.3 8483.17 56220 39805.1 -10496.6 0.437492 -42.5407 7.36568
1010101 FRAC0_S 0 1 -45556.6 -45860.3 8466.35 61059.4 12314.4 16748 0.383043 -17.8229 -13.3556
1010101 FRAC0_S 0 1 -45264.1 -45970 8483.17 60231 19447 32088.2 0.493915 -22.2403 -19.6738
1010101 FRAC0_S 0 1 -44938 -46008.7 8506.58 2330.13 -5038.12 60479.3 0.489226 10.0099 -43.3076
1010101 FRAC0_S 0 1 -44627.1 -45966.5 8513.16 86555.9 4160.06 25187.2 0.753522 -4.93478 -15.3919
1010101 FRAC0_S 0 1 -44368.5 -45789 8506.58 37221.6 16122.8 14490.3 0.174547 -29.3205 -15.1559
1010101 FRAC0_S 0 1 -44170.8 -45536.6 8500 33552.4 -3829.8 13900.6 0.127323 10.0648 -18.7179
1010101 FRAC0_S 0 1 -44045.6 -45254.1 8500 40248 -13331.7 15833.8 0.193532 24.3065 -16.0753
1010101 FRAC0_S 0 1 -44013.7 -44946.7 8500 39306.2 -19589.8 12491.6 0.192623 33.1468 -12.6383
1010101 FRAC0_S 0 1 -44078.5 -44644.5 8500 39469.3 -24320.1 8206.73 0.200481 39.3042 -8.46232
1010101 FRAC0_S 0 1 -44233.5 -44377.2 8500 30276.2 -8449.09 -16318.9 0.123463 19.8402 20.2241