
Step FractureNumber TipNr TipActive TipX TipY TipZ KI KII KIII G Phi Psi Extension
1010000 FRAC0_S 0 1 15000 29248.7 7858.8 -1.35249e+07 4.9706e+06 4.29234e+06 4652.04 -27.207 -13.5213
1010000 FRAC0_S 0 1 15000 29487.6 7655.6 -1.67167e+07 3.97805e+06 5.45898e+06 5373.62 -19.6749 -14.843
1010000 FRAC0_S 0 1 15000 29773.6 7538.6 -1.86084e+07 1.43604e+06 6.61054e+06 5995.76 -7.33931 -17.3146
1010000 FRAC0_S 0 1 15000 30081.8 7515.7 -1.69601e+07 -1.4991e+06 6.21418e+06 5336.19 8.24769 -17.5517
1010000 FRAC0_S 0 1 15000 30382 7589.16 -1.70642e+07 -4.18382e+06 5.67581e+06 5844.38 20.0649 -14.9766
1010000 FRAC0_S 0 1 15000 30644.7 7751.78 -1.51444e+07 -6.34048e+06 4.80738e+06 6656.12 29.6907 -13.1586
1010000 FRAC0_S 0 1 15000 30844.5 7987.64 -1.54893e+07 -7.45752e+06 1.89828e+06 5435.07 35.7157 -5.7669
1010000 FRAC0_S 0 1 15000 30961.5 8273.65 -1.40028e+07 -8.02662e+06 720430 5810.09 40.6811 -2.43697
1010000 FRAC0_S 0 1 15000 30984.3 8581.81 -1.46208e+07 -7.66776e+06 -862790 5338.18 38.6896 2.86102
1010000 FRAC0_S 0 1 15000 30910.8 8881.97 -1.16486e+07 -5.5271e+06 -1.94747e+06 3226.63 34.6162 7.60114
1010000 FRAC0_S 0 1 15000 30748.2 9144.74 -1.19685e+07 -3.36757e+06 -3.03633e+06 2236.72 23.3095 11.9894
1010000 FRAC0_S 0 1 15000 30512.4 9344.4 -1.26296e+07 -2.9746e+06 -4.11487e+06 3040.45 19.526 14.8397
1010000 FRAC0_S 0 1 15000 30226.4 9461.4 -9.14053e+06 -628265 -3.35325e+06 1530.66 6.54253 17.7774
1010000 FRAC0_S 0 1 15000 29918.2 9484.3 -1.25644e+07 1.05203e+06 -4.30823e+06 2567.21 -7.97571 16.8411
1010000 FRAC0_S 0 1 15000 29618 9410.84 -9.19296e+06 2.40284e+06 -2.8412e+06 1588.12 -21.362 14.0723
1010000 FRAC0_S 0 1 15000 29355.3 9248.22 -1.26963e+07 5.06162e+06 -3.11959e+06 3577.32 -29.8276 10.9182
1010000 FRAC0_S 0 1 15000 29155.5 9012.36 -1.33701e+07 6.60152e+06 -2.05039e+06 4442.56 -35.6774 6.97622
1010000 FRAC0_S 0 1 15000 29038.5 8726.35 -1.31234e+07 7.35314e+06 -1.01457e+06 4954.97 -39.7061 3.60874
1010000 FRAC0_S 0 1 15000 29015.7 8418.19 -1.19669e+07 6.49916e+06 795528 3848.09 -39.2688 -3.16521
1010000 FRAC0_S 0 1 15000 29089.2 8118.03 -1.55406e+07 7.25384e+06 2.64273e+06 5617.68 -34.231 -7.74742
Step FractureNumber TipNr TipActive TipX TipY TipZ KI KII KIII G Phi Psi Extension
1010101 FRAC0_S 0 1 14954.7 29186.8 7798.11 -1.1503e+07 1.13104e+07 3.29937e+06 12847.3 -47.5066 -9.32851
1010101 FRAC0_S 0 1 14968.6 29440.7 7576.7 -1.43231e+07 8.74207e+06 4.72687e+06 9781.77 -37.1114 -12.3116
1010101 FRAC0_S 0 1 14988.8 29752.1 7445.54 -1.30424e+07 3.15058e+06 4.66902e+06 3783.89 -19.5463 -15.8038
1010101 FRAC0_S 0 1 15012.5 30089.4 7420.6 -1.73971e+07 -3.24912e+06 5.85209e+06 5495.56 16.1138 -15.6166
1010101 FRAC0_S 0 1 15033.1 30416.4 7504.74 -1.4747e+07 -8.87881e+06 4.91584e+06 10238.8 36.7775 -12.4553
1010101 FRAC0_S 0 1 15047.9 30699.5 7686.69 -1.22296e+07 -1.24357e+07 3.45971e+06 15372.6 48.2169 -9.09555
1010101 FRAC0_S 0 1 15057.4 30899.8 7925.35 -6.61567e+06 -8.92395e+06 1.02191e+06 7235.33 55.1129 -4.68725
1010101 FRAC0_S 0 1 15062.8 31035.1 8256.04 -9.0934e+06 -1.40189e+07 317835 17526.3 58.7062 -1.05201
1010101 FRAC0_S 0 1 15061.8 31060.6 8588.66 -8.2377e+06 -7.98762e+06 -1.43415e+06 5958.95 49.0028 6.11686
1010101 FRAC0_S 0 1 15053.9 30985.6 8914.5 -8.81028e+06 -1.01925e+07 -1.49028e+06 9552.7 52.3149 5.49773
1010101 FRAC0_S 0 1 15042.4 30814.2 9202.82 -9.88291e+06 -8.64845e+06 -2.45934e+06 7469.47 45.799 8.68573
1010101 FRAC0_S 0 1 15029.5 30559.9 9423.85 -1.16261e+07 -6.23702e+06 -3.49351e+06 5089.63 34.9157 11.8762
1010101 FRAC0_S 0 1 15010.6 30247.9 9554.57 -1.20629e+07 -2.33279e+06 -3.97505e+06 2586.46 16.649 15.3325
1010101 FRAC0_S 0 1 14986.8 29910.8 9579.29 -1.18918e+07 2.76352e+06 -4.0074e+06 2816.41 -19.1959 15.2272
1010101 FRAC0_S 0 1 14965.9 29583.8 9494.88 -1.03618e+07 6.68324e+06 -3.4546e+06 5567.42 -38.2023 12.2074
1010101 FRAC0_S 0 1 14951.5 29300.5 9313.08 -7.30236e+06 7.1648e+06 -1.86244e+06 5035.74 -47.9508 8.46687
1010101 FRAC0_S 0 1 14942.5 29088 9054.27 -7.71648e+06 8.28304e+06 -1.03858e+06 6257.18 -51.5169 4.632
1010101 FRAC0_S 0 1 14937.7 28964.5 8744.1 -7.06554e+06 1.13654e+07 -151355 11513.5 -59.4415 0.633131
1010101 FRAC0_S 0 1 14938.3 28939.3 8411.39 -7.96985e+06 9.76543e+06 245830 8505.9 -55.3866 -1.06021
1010101 FRAC0_S 0 1 14944.6 29014.9 8085.92 -9.80098e+06 1.29055e+07 2.21823e+06 15495.9 -53.7224 -6.68039