
Step FractureNumber TipNr TipActive TipX TipY TipZ KI KII KIII G Phi Psi Extension
1010000 FRAC0_S 0 1 -15000 29248.7 7858.8 -2.61805e+06 -2.16577e+06 -4.56946e+06 3195.01 28.6641 30.23
1010000 FRAC0_S 0 1 -15000 29487.6 7655.6 -1.85729e+06 -1.55115e+06 -2.83604e+06 1284.14 30.4571 28.6183
1010000 FRAC0_S 0 1 -15000 29773.6 7538.6 -2.24635e+06 -305714 -3.34902e+06 1500.04 7.06503 33.6382
1010000 FRAC0_S 0 1 -15000 30081.8 7515.7 -2.14283e+06 1.11995e+06 -3.09721e+06 1387.6 -22.4824 30.1587
1010000 FRAC0_S 0 1 -15000 30382 7589.16 -2.41907e+06 2.69176e+06 -2.96833e+06 1817.52 -38.8739 24.2031
1010000 FRAC0_S 0 1 -15000 30644.7 7751.78 -1.63104e+06 299006 -2.69746e+06 975.713 -8.75383 34.2545
1010000 FRAC0_S 0 1 -15000 30844.5 7987.64 -1.55222e+06 3.20504e+06 -893241 1021.48 -56.8887 11.5057
1010000 FRAC0_S 0 1 -15000 30961.5 8273.65 -1.40371e+06 3.55138e+06 -100130 1125.21 -63.8053 1.53202
1010000 FRAC0_S 0 1 -15000 30984.3 8581.81 -953808 2.79346e+06 588145 741.368 -61.1452 -9.97422
1010000 FRAC0_S 0 1 -15000 30910.8 8881.97 -191325 756350 2.03375e+06 601.085 -31.0112 -37.8515
1010000 FRAC0_S 0 1 -15000 30748.2 9144.74 -1.21386e+06 2.38964e+06 2.10252e+06 1096.79 -46.3539 -24.2604
1010000 FRAC0_S 0 1 -15000 30512.4 9344.4 21288.8 277144 1.16856e+06 188.5 -23.9504 -41.1931
1010000 FRAC0_S 0 1 -15000 30226.4 9461.4 862581 2.08903e+06 -616817 505.783 -57.9686 12.4966
1010000 FRAC0_S 0 1 -15000 29918.2 9484.3 110096 -874203 913583 180.187 49.6349 -29.9002
1010000 FRAC0_S 0 1 -15000 29618 9410.84 4308.87 -1.00463e+06 517603 125.571 61.8177 -22.6534
1010000 FRAC0_S 0 1 -15000 29355.3 9248.22 -241380 -1.89387e+06 549423 359.762 63.9263 -14.5807
1010000 FRAC0_S 0 1 -15000 29155.5 9012.36 -485000 -2.41983e+06 228791 528.754 66.368 -5.51899
1010000 FRAC0_S 0 1 -15000 29038.5 8726.35 401311 -1.17035e+06 -1.52815e+06 446.994 42.8795 30.4325
1010000 FRAC0_S 0 1 -15000 29015.7 8418.19 -1.96579e+06 -4.71796e+06 -2.17105e+06 2610.4 54.7216 17.1405
1010000 FRAC0_S 0 1 -15000 29089.2 8118.03 -1.32898e+06 -2.94711e+06 -1.53473e+06 1087.23 52.9987 18.299
Step FractureNumber TipNr TipActive TipX TipY TipZ KI KII KIII G Phi Psi Extension
1010101 FRAC0_S 0 1 -14943.4 29193.5 7802.38 171038 -2.06805e+06 -2.4358e+06 1172.82 48.2337 31.6822
1010101 FRAC0_S 0 1 -14959.6 29443 7580.28 -866306 -1.93809e+06 -2.72483e+06 1322.2 40.472 30.4245
1010101 FRAC0_S 0 1 -14990.8 29753 7448.85 -1.12762e+06 -1.15359e+06 -2.54512e+06 980.106 29.4636 31.9556
1010101 FRAC0_S 0 1 -15031.8 30087.5 7427.57 -1.00086e+06 1.63101e+06 -2.87062e+06 1333.03 -35.3476 31.7107
1010101 FRAC0_S 0 1 -15044.8 30415.1 7511.53 -1.80993e+06 1.57806e+06 -2.95291e+06 1381.62 -30.5062 29.1673
1010101 FRAC0_S 0 1 -15044.2 30696.2 7689.31 33261.6 3.70598e+06 -1.55229e+06 1544.44 -63.7151 20.0417
1010101 FRAC0_S 0 1 -15068.1 30894.7 7952.22 1.53328e+06 3.42066e+06 -425212 1276.21 -60.7207 5.95954
1010101 FRAC0_S 0 1 -15087.7 31006.6 8262.5 1.55029e+06 1.77827e+06 190720 500.792 -52.8686 -4.13013
1010101 FRAC0_S 0 1 -15079.1 31038.9 8589.57 1.67572e+06 1.83347e+06 181507 554.16 -52.274 -3.75619
1010101 FRAC0_S 0 1 -15065.8 30975.5 8910.81 877190 1.07404e+06 861055 269.969 -43.2575 -20.7882
1010101 FRAC0_S 0 1 -15059.2 30806 9195.09 -64896.5 -640820 2.16406e+06 659.455 27.7715 -40.0534
1010101 FRAC0_S 0 1 -15059.6 30552.2 9407.63 297974 1.37031e+06 1.73312e+06 574.73 -45.0401 -31.1759
1010101 FRAC0_S 0 1 -15033.5 30243 9522.88 708551 -934743 321521 136.346 50.7607 -11.8802
1010101 FRAC0_S 0 1 -14961 29914 9540.36 1.08385e+06 -830474 1.20505e+06 359.275 32.3108 -25.2075
1010101 FRAC0_S 0 1 -14914.4 29600.4 9457.07 1.69504e+06 -491857 252537 286.067 25.3821 -7.72111
1010101 FRAC0_S 0 1 -14910.2 29327.8 9280.96 1.16746e+06 -545021 512533 182.86 30.0932 -16.2164
1010101 FRAC0_S 0 1 -14914.7 29113.5 9035.28 1.69075e+06 -848803 -27434.1 319.034 38.639 0.829839
1010101 FRAC0_S 0 1 -14922.7 28979.9 8738.76 1.84226e+06 -1.07403e+06 -927983 519.757 33.65 16.9058
1010101 FRAC0_S 0 1 -14922.2 28955.2 8414.18 1.40669e+06 -1.70531e+06 -1.00579e+06 570.014 45.9731 17.0831
1010101 FRAC0_S 0 1 -14927.7 29030.4 8090.87 1.12727e+06 -2.06545e+06 -1.30571e+06 720.136 49.5235 19.86