
Step FractureNumber TipNr TipActive TipX TipY TipZ KI KII KIII G Phi Psi Extension
1010000 FRAC0_S 0 1 -45000 -29019.2 8617.02 -1.28787e+06 -468640 120853 21.5132 30.5859 -4.8844
1010000 FRAC0_S 0 1 -45000 -29103.5 8914.36 -967466 -385713 -5141.7 13.2608 34.1104 0.294784
1010000 FRAC0_S 0 1 -45000 -29275.4 9171.13 -1.28809e+06 -489805 -123023 23.3912 31.4259 4.90975
1010000 FRAC0_S 0 1 -45000 -29518.2 9362.22 -1.48834e+06 -416907 -268980 25.1109 24.2712 9.14454
1010000 FRAC0_S 0 1 -45000 -29808.3 9468.89 -1.35278e+06 -62275.2 -336818 15.434 4.88823 13.7766
1010000 FRAC0_S 0 1 -45000 -30117.1 9480.74 -1.09418e+06 -87696.6 -279334 11.0629 8.15018 13.705
1010000 FRAC0_S 0 1 -45000 -30414.4 9396.57 -1.55198e+06 103227 -436704 26.314 -6.73799 14.845
1010000 FRAC0_S 0 1 -45000 -30671.2 9224.65 -1.23958e+06 -166928 285558 13.3283 13.1302 -12.2237
1010000 FRAC0_S 0 1 -45000 -30862.2 8981.79 -1.28203e+06 306527 -271467 18.1741 -21.1706 10.681
1010000 FRAC0_S 0 1 -45000 -30968.9 8691.77 -1.29157e+06 423560 -214997 22.1344 -27.3516 8.27897
1010000 FRAC0_S 0 1 -45000 -30980.8 8382.98 -1.21397e+06 472796 -129181 22.1388 -31.7051 5.3817
1010000 FRAC0_S 0 1 -45000 -30896.5 8085.64 -1.24416e+06 517818 -39535.2 24.1014 -34.4576 1.69586
1010000 FRAC0_S 0 1 -45000 -30724.6 7828.87 -904922 386812 38818.5 13.5334 -34.7841 -2.24754
1010000 FRAC0_S 0 1 -45000 -30481.8 7637.78 -1.21034e+06 473871 159299 23.385 -31.3617 -6.49363
1010000 FRAC0_S 0 1 -45000 -30191.7 7531.11 -882785 -168573 -494062 34.9971 14.4382 21.5634
1010000 FRAC0_S 0 1 -45000 -29882.9 7519.26 -1.18932e+06 252773 313485 18.7639 -18.7064 -12.8759
1010000 FRAC0_S 0 1 -45000 -29585.6 7603.43 -1.28313e+06 108174 365079 18.7693 -8.35697 -14.7872
1010000 FRAC0_S 0 1 -45000 -29328.8 7775.35 -1.00587e+06 308518 87665.9 9.50395 -27.4171 -4.74806
1010000 FRAC0_S 0 1 -45000 -29137.8 8018.21 -1.33414e+06 -283193 317594 20.5616 18.9907 -11.9137
1010000 FRAC0_S 0 1 -45000 -29031.1 8308.23 -1.06779e+06 -358488 294867 23.0158 26.1231 -12.3944
Step FractureNumber TipNr TipActive TipX TipY TipZ KI KII KIII G Phi Psi Extension
1010101 FRAC0_S 0 1 -44949.5 -28935.8 8626.45 -945563 -1.29252e+06 109982 150.476 55.8541 -3.58108
1010101 FRAC0_S 0 1 -44946.2 -29028.9 8948.77 -828522 -1.28522e+06 -62648.6 147.712 58.2632 2.21793
1010101 FRAC0_S 0 1 -44949.7 -29214.2 9228.7 -804812 -1.00273e+06 -209505 95.435 52.2984 7.74563
1010101 FRAC0_S 0 1 -44964.3 -29475.5 9440.93 -1.03247e+06 -715163 -241036 53.3031 41.2938 8.96916
1010101 FRAC0_S 0 1 -44982 -29790.4 9562.23 -1.51468e+06 -598565 -345488 47.8015 29.9336 10.3086
1010101 FRAC0_S 0 1 -44993.8 -30128.5 9576.85 -1.50418e+06 -218489 -333835 19.0761 14.0839 11.7923
1010101 FRAC0_S 0 1 -44996.7 -30454.7 9484.08 -1.71415e+06 -45680.7 -346664 16.1693 3.00307 11.9426
1010101 FRAC0_S 0 1 -45000.6 -30735 9294.27 -1.61506e+06 154988 -378333 21.1776 -9.73556 12.7125
1010101 FRAC0_S 0 1 -45023.8 -30941.2 9026.7 -1.33571e+06 673325 -369477 58.5558 -34.0224 11.3202
1010101 FRAC0_S 0 1 -45045.1 -31054 8709.24 -968035 860859 -265242 75.3945 -45.7222 9.35003
1010101 FRAC0_S 0 1 -45051.9 -31063.5 8373.6 -912978 1.37379e+06 -151882 171.245 -56.6529 4.72995
1010101 FRAC0_S 0 1 -45055.7 -30970.2 8051.87 -522068 851145 26794.3 64.651 -59.2412 -1.48073
1010101 FRAC0_S 0 1 -45055.6 -30780.5 7769.98 -771387 1.18444e+06 127917 127.188 -56.9617 -4.66392
1010101 FRAC0_S 0 1 -45034 -30522.4 7562.81 -1.05475e+06 962964 282234 93.226 -46.3455 -9.0747
1010101 FRAC0_S 0 1 -45008.6 -30208.8 7441.46 -1.1894e+06 539626 209543 31.7883 -33.5468 -8.04559
1010101 FRAC0_S 0 1 -45013.5 -29871.7 7426.04 -1.46725e+06 500431 240318 29.997 -28.1345 -8.09857
1010101 FRAC0_S 0 1 -45026.8 -29547 7518.73 -1.30344e+06 501919 257281 31.2525 -29.9223 -9.21579
1010101 FRAC0_S 0 1 -45018.6 -29267.7 7708.81 -1.38402e+06 310577 352314 25.104 -19.6306 -12.4477
1010101 FRAC0_S 0 1 -44984.2 -29059.4 7974.52 -953242 -68012.6 352958 16.9812 6.75743 -17.8568
1010101 FRAC0_S 0 1 -44957.1 -28945.1 8290.54 -1.06574e+06 -1.0435e+06 254580 105.651 48.1613 -8.01774