
Step FractureNumber TipNr TipActive TipX TipY TipZ KI KII KIII G Phi Psi Extension
1010000 FRAC0_S 0 1 -14202.7 44496.5 8206.19 839574 749222 2673.17 112.834 -50.3944 -0.130922
1010000 FRAC0_S 0 1 -14203.9 44713.5 7990.44 1.46751e+06 378262 -77777.8 205.46 -24.8238 3.09994
1010000 FRAC0_S 0 1 -14283.8 44963 7820.86 1.38935e+06 375829 -65136.7 185.158 -25.7957 2.73405
1010000 FRAC0_S 0 1 -14433.4 45213.7 7719.72 1.32984e+06 324920 -41268.3 167.222 -24.2517 1.87839
1010000 FRAC0_S 0 1 -14638.5 45443.6 7694.95 1.23101e+06 370039 75949.7 148.004 -27.4836 -3.46487
1010000 FRAC0_S 0 1 -14878.9 45629.9 7748.98 1.40796e+06 329239 212269 192.301 -21.6475 -8.10182
1010000 FRAC0_S 0 1 -15131.2 45754.7 7876.54 1.37462e+06 154853 312719 183.523 -11.2737 -12.2899
1010000 FRAC0_S 0 1 -15370.7 45805.6 8065.11 1.38897e+06 -122869 382045 192.672 8.78814 -14.3917
1010000 FRAC0_S 0 1 -15573.9 45777.6 8296.27 1.25391e+06 -388251 308793 166.22 25.0886 -11.519
1010000 FRAC0_S 0 1 -15720.9 45673.5 8547.35 1.04798e+06 -786146 271082 162.711 42.5187 -9.49669
1010000 FRAC0_S 0 1 -15797.3 45503.5 8793.81 1.1266e+06 -830962 -40272.4 174.846 46.1205 1.55892
1010000 FRAC0_S 0 1 -15795.7 45284.1 9011.51 1.15479e+06 -516158 -53925.4 142.958 35.6259 2.40629
1010000 FRAC0_S 0 1 -15716.2 45037 9179.14 983294 -689048 -544240 167.86 36.7561 17.162
1010000 FRAC0_S 0 1 -15566.6 44786.3 9280.28 906154 -383756 -738365 158.802 23.9826 24.0216
1010000 FRAC0_S 0 1 -15361.5 44556.4 9305.05 858897 24091 -779332 146.567 -2.01423 29.3149
1010000 FRAC0_S 0 1 -15121.1 44370.1 9251.02 845208 368895 -698427 140.662 -24.3994 24.0835
1010000 FRAC0_S 0 1 -14868.8 44245.3 9123.46 880863 652765 -542824 146.302 -37.0934 18.1355
1010000 FRAC0_S 0 1 -14629.3 44194.4 8934.89 1.03358e+06 835167 -361927 174.771 -42.6039 11.7868
1010000 FRAC0_S 0 1 -14426.1 44222.4 8703.73 1.0534e+06 665363 -158023 141.652 -40.8351 6.33356
1010000 FRAC0_S 0 1 -14279.1 44326.5 8452.65 1.31705e+06 335898 -80544.1 165.489 -24.4994 3.55291
Step FractureNumber TipNr TipActive TipX TipY TipZ KI KII KIII G Phi Psi Extension
1010101 FRAC0_S 0 1 -14176.3 44423.9 8149.58 1.26278e+06 -496529 -386946 183.98 28.642 12.9899
1010101 FRAC0_S 0 1 -14168.1 44664.3 7915.25 1.57017e+06 -388946 -365582 250.95 21.464 11.4502
1010101 FRAC0_S 0 1 -14244.3 44935.1 7735.61 1.69055e+06 -184329 -109390 259.292 12.4012 4.19973
1010101 FRAC0_S 0 1 -14407.6 45207.9 7625.35 1.56226e+06 -172963 7542.38 220.16 13.205 -0.336952
1010101 FRAC0_S 0 1 -14630.9 45458.7 7598.54 1.36797e+06 -152764 120434 170.764 12.425 -5.54617
1010101 FRAC0_S 0 1 -14888.5 45668.2 7659.96 1.60815e+06 -182952 242842 241.278 12.0265 -8.84234
1010101 FRAC0_S 0 1 -15153 45818.4 7808.27 1.18986e+06 -188825 391471 149.718 14.1375 -15.6358
1010101 FRAC0_S 0 1 -15397.9 45890.2 8030.92 1.51567e+06 701412 90159.9 249.63 -36.0913 -2.99761
1010101 FRAC0_S 0 1 -15598.7 45870.2 8301.12 1.16563e+06 309416 342162 145.175 -21.8084 -13.5167
1010101 FRAC0_S 0 1 -15738.9 45761.4 8585.64 1.18304e+06 310203 312932 146.316 -21.9796 -12.5234
1010101 FRAC0_S 0 1 -15816.1 45578.6 8854.5 1.37691e+06 277466 239328 183.42 -19.0101 -9.33063
1010101 FRAC0_S 0 1 -15821.1 45341.3 9087.34 1.45631e+06 26691.7 -44476.6 189.315 -2.42504 2.2432
1010101 FRAC0_S 0 1 -15743.2 45071 9266.8 1.35002e+06 -91468.9 -366466 181.015 6.90378 14.4545
1010101 FRAC0_S 0 1 -15596.6 44785.8 9370.38 1.20737e+06 -134133 -515767 166.882 9.74577 19.1159
1010101 FRAC0_S 0 1 -15396.8 44513.5 9380.03 1.40827e+06 -172416 -695577 243.723 10.2027 20.7537
1010101 FRAC0_S 0 1 -15154.3 44293.4 9297.46 704767 -207312 -688279 111.096 16.9611 27.4422
1010101 FRAC0_S 0 1 -14892.5 44152.1 9140.92 754162 -312489 -321207 73.106 27.9735 16.2847
1010101 FRAC0_S 0 1 -14639.6 44096.6 8929.9 729622 -502351 -312131 82.8827 38.1379 14.4188
1010101 FRAC0_S 0 1 -14415.2 44127.5 8683.92 967258 -517520 -384333 126.882 33.3969 14.6433
1010101 FRAC0_S 0 1 -14254.5 44239.9 8417.1 1.10612e+06 -538917 -350577 151.253 32.7022 12.6841