
Step FractureNumber TipNr TipActive TipX TipY TipZ KI KII KIII G Phi Psi Extension
1010000 FRAC0_S 0 1 7504.64 -44012.4 8500 -1.05329e+06 -5.19571e+06 506470 2439.67 66.2683 -5.66233
1010000 FRAC0_S 0 1 7199.21 -44059.2 8500 -848237 -4.62055e+06 -541957 1941.52 66.2555 6.76456
1010000 FRAC0_S 0 1 6923.21 -44198.2 8500 -703218 -3.4981e+06 -1.28216e+06 1309.06 60.8236 16.4339
1010000 FRAC0_S 0 1 6703.68 -44415.7 8500 -669178 -2.79302e+06 -2.05011e+06 1254.13 52.965 24.4448
1010000 FRAC0_S 0 1 6562.1 -44690.4 8500 -651673 -1.78494e+06 -2.61977e+06 1196.71 40.698 31.5542
1010000 FRAC0_S 0 1 6512.32 -44995.4 8500 -684358 -549488 -3.1291e+06 1329.14 16.5219 38.9672
1010000 FRAC0_S 0 1 6559.23 -45300.8 8500 -603313 993515 -2.69094e+06 1051.03 -28.6811 35.9542
1010000 FRAC0_S 0 1 6698.23 -45576.8 8500 -571563 1.95706e+06 -2.31378e+06 1053.32 -45.1474 29.7355
1010000 FRAC0_S 0 1 6915.7 -45796.4 8500 -529378 3.10462e+06 -2.02216e+06 1402.75 -55.7551 23.6682
1010000 FRAC0_S 0 1 7190.38 -45937.9 8500 -434107 3.47525e+06 -1.40063e+06 1337.13 -61.6428 18.2783
1010000 FRAC0_S 0 1 7495.36 -45987.6 8500 -682732 4.55248e+06 -451875 1873.97 -67.2138 5.98926
1010000 FRAC0_S 0 1 7800.79 -45940.8 8500 -357275 3.16282e+06 360854 908.726 -67.6032 -6.9672
1010000 FRAC0_S 0 1 8076.79 -45801.8 8500 -406034 3.60174e+06 968237 1280.67 -64.6608 -13.9279
1010000 FRAC0_S 0 1 8296.32 -45584.3 8500 -415552 2.29647e+06 1.59936e+06 810.157 -54.7111 -24.3938
1010000 FRAC0_S 0 1 8437.9 -45309.6 8500 -585409 2.04075e+06 2.6699e+06 1319.18 -43.553 -30.9353
1010000 FRAC0_S 0 1 8487.68 -45004.6 8500 -628015 757400 2.994e+06 1243.33 -22.1187 -37.9013
1010000 FRAC0_S 0 1 8440.77 -44699.2 8500 -556164 -290358 3.05082e+06 1245.41 10.0417 -40.8367
1010000 FRAC0_S 0 1 8301.77 -44423.2 8500 -694355 -1.94025e+06 2.68296e+06 1292.83 41.7632 -30.9539
1010000 FRAC0_S 0 1 8084.3 -44203.6 8500 -707004 -2.81966e+06 1.97828e+06 1228.98 53.3439 -23.7687
1010000 FRAC0_S 0 1 7809.62 -44062.1 8500 -903516 -4.54014e+06 1.47567e+06 2126.44 61.7238 -15.134
Step FractureNumber TipNr TipActive TipX TipY TipZ KI KII KIII G Phi Psi Extension
1010101 FRAC0_S 0 1 7505.38 -43971.4 8590.67 2.48365e+06 -1.26251e+06 292117 703.06 36.9271 -5.46962
1010101 FRAC0_S 0 1 7186 -44020.1 8590.48 1.99021e+06 -1.00813e+06 -409976 465.879 35.2856 8.9049
1010101 FRAC0_S 0 1 6893.77 -44159.9 8586.5 1.63061e+06 -833914 -714207 366.745 31.9102 15.8593
1010101 FRAC0_S 0 1 6654.29 -44382 8578.04 2.58439e+06 -1.73045e+06 -2.28925e+06 1559.01 31.8777 23.0728
1010101 FRAC0_S 0 1 6489.99 -44669.5 8559.67 874217 -1.07809e+06 -2.29862e+06 874.398 31.0035 32.5283
1010101 FRAC0_S 0 1 6425.5 -44995.8 8518.52 380370 -345293 -2.26737e+06 707.266 15.2195 40.1508
1010101 FRAC0_S 0 1 6479.16 -45324.3 8465.39 414233 346255 -2.007e+06 561.705 -16.4204 39.2106
1010101 FRAC0_S 0 1 6640.39 -45615.5 8431.89 831139 818559 -1.71953e+06 514.516 -29.8814 31.2128
1010101 FRAC0_S 0 1 6881.02 -45840.6 8418.94 1.81147e+06 1.34077e+06 -1.73548e+06 853.18 -33.1366 23.535
1010101 FRAC0_S 0 1 7174.57 -45981.5 8412.28 1.74713e+06 851451 -583073 381.823 -32.4526 13.1861
1010101 FRAC0_S 0 1 7494.45 -46027.4 8408.78 3.1114e+06 791812 -398254 939.619 -23.3992 6.9388
1010101 FRAC0_S 0 1 7812.8 -45977.3 8408.12 2.07511e+06 586482 357474 431.362 -24.5547 -8.77296
1010101 FRAC0_S 0 1 8103.83 -45836.8 8411.29 1.74349e+06 707825 798378 400.295 -27.1728 -17.1711
1010101 FRAC0_S 0 1 8343.06 -45615.8 8419.37 1.42039e+06 841031 1.36647e+06 491.153 -28.6934 -24.6975
1010101 FRAC0_S 0 1 8507.11 -45329.6 8435.73 870910 889197 1.88445e+06 610.346 -29.9903 -31.508
1010101 FRAC0_S 0 1 8574.65 -45003 8468.31 400642 444640 2.37739e+06 783.636 -17.9836 -39.5822
1010101 FRAC0_S 0 1 8525.97 -44673.4 8515.95 382137 -482939 2.46671e+06 843.053 18.8222 -39.6596
1010101 FRAC0_S 0 1 8364.33 -44381.9 8557.71 563434 -874765 1.54274e+06 413.024 35.0554 -31.5289
1010101 FRAC0_S 0 1 8120.8 -44157.5 8578.78 1.60198e+06 -1.30396e+06 1.57164e+06 708.715 34.8341 -23.3125
1010101 FRAC0_S 0 1 7825.92 -44017.5 8586.98 2.06375e+06 -1.15989e+06 901537 607.509 33.8302 -15.4703