
Step FractureNumber TipNr TipActive TipX TipY TipZ KI KII KIII G Phi Psi Extension
1010000 FRAC0_S 0 1 -14013.8 30054.3 8500 -297284 1.10625e+06 503460 142.764 -57.658 -18.2924
1010000 FRAC0_S 0 1 -14078.8 30356.4 8500 -754920 1.10844e+06 405628 131.367 -51.687 -12.8895
1010000 FRAC0_S 0 1 -14234 30623.6 8500 1.03509e+06 -820125 1.92757e+06 649.574 27.0624 -31.1774
1010000 FRAC0_S 0 1 -14464.3 30829.8 8500 -282564 12643.5 953755 120.997 -1.41007 -40.32
1010000 FRAC0_S 0 1 -14746.9 30954.7 8500 -2.64198e+06 3.11873e+06 514493 901.931 -52.2888 -6.17326
1010000 FRAC0_S 0 1 -15054.3 30986.2 8500 -272948 -882967 811534 157.065 48.7316 -26.5588
1010000 FRAC0_S 0 1 -15356.4 30921.2 8500 -250598 -1.25815e+06 601107 189.113 58.593 -19.5439
1010000 FRAC0_S 0 1 -15623.6 30766 8500 -348863 -1.66977e+06 299390 260.37 64.5254 -9.5238
1010000 FRAC0_S 0 1 -15829.8 30535.7 8500 1.75598e+06 -2.97511e+06 -1.86233e+06 1524.78 48.9191 19.3986
1010000 FRAC0_S 0 1 -15954.7 30253.1 8500 -233163 -1.49116e+06 -360233 215.401 64.3277 12.4937
1010000 FRAC0_S 0 1 -15986.2 29945.7 8500 -295442 -1.09766e+06 -611606 157.116 55.6697 20.725
1010000 FRAC0_S 0 1 -15921.2 29643.6 8500 1.20675e+06 312132 -1.78777e+06 563.53 -12.5916 32.5251
1010000 FRAC0_S 0 1 -15766 29376.4 8500 -259205 -519932 -924422 137.745 36.208 32.6089
1010000 FRAC0_S 0 1 -15535.7 29170.2 8500 -302462 -97149.7 -892641 106.816 10.1294 38.1335
1010000 FRAC0_S 0 1 -15253.1 29045.3 8500 -1.17739e+06 -286196 -216457 13.5304 21.8177 9.50176
1010000 FRAC0_S 0 1 -14945.7 29013.8 8500 -283151 639092 -739026 109.035 -43.4985 28.1682
1010000 FRAC0_S 0 1 -14643.6 29078.8 8500 -263233 836677 -527465 99.3827 -53.4749 21.8146
1010000 FRAC0_S 0 1 -14376.4 29234 8500 -1.68424e+06 99672.8 -895676 107.583 -5.11073 22.3851
1010000 FRAC0_S 0 1 -14166.8 29469.7 8500 -142332 1.53123e+06 -15419.8 208.966 -69.3893 0.709358
1010000 FRAC0_S 0 1 -14045.3 29746.9 8500 -226966 980358 163341 89.1923 -64.3239 -8.82655
Step FractureNumber TipNr TipActive TipX TipY TipZ KI KII KIII G Phi Psi Extension
1010101 FRAC0_S 0 1 -13962.2 30058.6 8415.61 1.72785e+06 1.03207e+06 1.86659e+06 824.347 -27.7475 -26.0979
1010101 FRAC0_S 0 1 -14019.3 30382.4 8451.02 758872 656679 1.07357e+06 243.033 -32.0627 -27.503
1010101 FRAC0_S 0 1 -14171.5 30678.3 8502.52 -1.31207e+06 902388 776046 152.662 -35.8714 -18.019
1010101 FRAC0_S 0 1 -14416 30900.6 8490.37 -240632 -310019 1.41566e+06 275.109 20.3331 -39.0515
1010101 FRAC0_S 0 1 -14726.4 31021.7 8478.62 35070.2 64717.4 1.06941e+06 152.586 -7.53483 -43.7355
1010101 FRAC0_S 0 1 -15056.9 31046 8539.14 1.33642e+06 -1.54306e+06 646816 426.971 47.8584 -13.1969
1010101 FRAC0_S 0 1 -15373.5 30970.2 8584.03 4.94161e+06 -2.98645e+06 -200881 2976.16 41.9859 1.90737
1010101 FRAC0_S 0 1 -15655.7 30803.7 8585.32 3.99276e+06 -2.50478e+06 -977862 2106.85 39.0508 9.63855
1010101 FRAC0_S 0 1 -15874.6 30564.7 8582.79 3.06368e+06 -2.0868e+06 -1.30649e+06 1451.47 37.9346 14.4313
1010101 FRAC0_S 0 1 -16003.5 30266.8 8584.55 1.57376e+06 -1.53655e+06 -1.05134e+06 578.094 42.1479 17.5987
1010101 FRAC0_S 0 1 -16047.6 29938.1 8558.37 1.63707e+06 -1.27215e+06 -1.92763e+06 877.221 31.9794 25.8441
1010101 FRAC0_S 0 1 -15996.4 29612.4 8524.52 181299 -905991 -1.7347e+06 476.296 37.7315 35.4777
1010101 FRAC0_S 0 1 -15833.3 29321.4 8528.49 -75797.7 -1.43229e+06 -577409 227.147 63.1328 19.0661
1010101 FRAC0_S 0 1 -15584 29093.8 8532.86 48074.5 -1.27349e+06 -540165 183.529 63.0117 19.853
1010101 FRAC0_S 0 1 -15277.3 28961.7 8505.78 45234.6 414931 -1.27694e+06 232.39 -29.447 39.5054
1010101 FRAC0_S 0 1 -14944.3 28941.3 8454.78 1.39417e+06 1.70133e+06 -838512 524.646 -47.4535 15.1261
1010101 FRAC0_S 0 1 -14616.1 29013.7 8440.39 2.06639e+06 2.27528e+06 -274272 851.814 -52.0007 4.51814
1010101 FRAC0_S 0 1 -14332.2 29176.8 8452.06 2.07205e+06 3.24785e+06 634205 1376.06 -55.5388 -7.9338
1010101 FRAC0_S 0 1 -14129.3 29432.6 8428.45 2.85811e+06 1.79366e+06 1.28886e+06 1235.54 -35.8889 -15.3693
1010101 FRAC0_S 0 1 -14003.6 29737.3 8410.41 1.64643e+06 1.76682e+06 1.10112e+06 680.982 -44.0704 -17.062