
Step FractureNumber TipNr TipActive TipX TipY TipZ KI KII KIII G Phi Psi Extension
1010000 FRAC0_S 0 1 -44369.9 -29239.4 8500 -41728.3 -558903 -110421 29.4571 66.7949 11.317
1010000 FRAC0_S 0 1 -44635.8 -29081.9 8500 -29734.8 -346839 -165302 14.3539 60.9316 20.7234
1010000 FRAC0_S 0 1 -44937.4 -29014.3 8500 -25602.1 -329144 -293753 21.1305 53.0243 28.5608
1010000 FRAC0_S 0 1 -45245.1 -29043.2 8500 12428.2 -560039 -359314 45.1337 58.8583 25.1712
1010000 FRAC0_S 0 1 -45528.7 -29165.8 8500 -32603.1 -115998 -942515 119.347 14.0925 42.7536
1010000 FRAC0_S 0 1 -45760.6 -29369.9 8500 31768.1 -270215 -954137 127.677 26.8773 40.2078
1010000 FRAC0_S 0 1 -45918.1 -29635.8 8500 -3632.31 220739 -225315 11.0939 -51.8553 30.7972
1010000 FRAC0_S 0 1 -45985.7 -29937.4 8500 -1893.97 386927 -204403 18.8977 -61.5346 22.958
1010000 FRAC0_S 0 1 -45956.8 -30245.1 8500 -1775.6 1.33281e+06 -551132 198.691 -63.982 19.978
1010000 FRAC0_S 0 1 -45836.2 -30525.6 8500 2108.67 494046 -14992.2 21.7804 -69.9216 2.25939
1010000 FRAC0_S 0 1 -45630.1 -30760.6 8500 4248.81 348467 66526.4 11.4108 -68.0051 -11.5463
1010000 FRAC0_S 0 1 -45364.2 -30918.1 8500 -4494.6 460625 195275 23.9786 -63.5946 -20.1788
1010000 FRAC0_S 0 1 -45062.6 -30985.7 8500 -4751.56 327886 265976 18.989 -55.6824 -28.1421
1010000 FRAC0_S 0 1 -44754.9 -30956.8 8500 -10778.8 191885 325460 17.369 -41.6258 -35.5356
1010000 FRAC0_S 0 1 -44471.3 -30834.2 8500 -17351.5 36571.4 360990 17.4509 -11.7961 -42.8831
1010000 FRAC0_S 0 1 -44255.9 -30649.9 8500 -11281.3 -21692.7 1.15578e+06 177.708 2.53145 -44.6418
1010000 FRAC0_S 0 1 -44081.9 -30364.2 8500 -29450.6 -326762 324706 23.5373 51.0635 -29.6913
1010000 FRAC0_S 0 1 -44014.3 -30062.6 8500 -25051.9 -361988 208048 17.4333 59.2596 -23.236
1010000 FRAC0_S 0 1 -44043.2 -29754.9 8500 -27935.2 -415449 111836 17.0437 65.5639 -14.3723
1010000 FRAC0_S 0 1 -44165.8 -29471.3 8500 -33435.7 -577107 18134.7 29.722 69.529 -2.22251
Step FractureNumber TipNr TipActive TipX TipY TipZ KI KII KIII G Phi Psi Extension
1010101 FRAC0_S 0 1 -44345.5 -29208.2 8591.23 362958 -100498 286329 23.5431 17.5074 -24.9742
1010101 FRAC0_S 0 1 -44619.7 -29036.7 8586.66 565674 -237618 137873 36.0737 30.8842 -10.7182
1010101 FRAC0_S 0 1 -44934.2 -28960.5 8583.2 338417 -267687 -391710 36.9978 32.5203 25.5347
1010101 FRAC0_S 0 1 -45263.5 -28982.7 8568.85 301609 -168660 -336591 25.709 26.2059 26.7958
1010101 FRAC0_S 0 1 -45575 -29098 8544.87 159054 -141111 -381541 23.39 25.9802 33.3183
1010101 FRAC0_S 0 1 -45822.3 -29315.4 8509.03 97722.3 -58327.1 -334439 16.0301 15.6584 37.8419
1010101 FRAC0_S 0 1 -45975.9 -29609.5 8450 91557.4 -55258.3 -246049 9.07091 18.3068 35.9069
1010101 FRAC0_S 0 1 -46034.5 -29932.9 8413.91 33468.2 -51544.4 -218005 6.65753 21.7891 39.0359
1010101 FRAC0_S 0 1 -45997.3 -30254.3 8409.61 75341.1 -25839 -213708 6.63954 11.0168 37.737
1010101 FRAC0_S 0 1 -45865.4 -30547.8 8407.4 146529 10793.4 -174640 5.98005 -4.47793 31.9013
1010101 FRAC0_S 0 1 -45653.3 -30789.9 8407.77 324867 54168.1 -241013 17.3916 -11.6963 25.3327
1010101 FRAC0_S 0 1 -45379.2 -30960 8411.39 367747 101116 -174081 16.9926 -20.2865 18.6998
1010101 FRAC0_S 0 1 -45063.9 -31042.3 8419.7 499408 300931 234423 37.6034 -34.7946 -15.977
1010101 FRAC0_S 0 1 -44733.5 -31027.8 8441.03 294757 230834 247828 20.6589 -35.5489 -21.6053
1010101 FRAC0_S 0 1 -44421.2 -30909.6 8474.28 133108 158638 334355 18.6899 -30.9786 -32.243
1010101 FRAC0_S 0 1 -44173.2 -30688.3 8516.55 74196.1 56488.4 269609 10.4426 -18.3624 -37.5651
1010101 FRAC0_S 0 1 -44020.7 -30392.5 8561.49 -183732 -9297.68 -785022 81.9701 1.32456 41.3463
1010101 FRAC0_S 0 1 -43964.2 -30067.5 8585.19 13289.2 58376.8 163330 3.8674 -30.4586 -38.2712
1010101 FRAC0_S 0 1 -44003 -29746 8590.43 254712 4626.61 475457 35.8491 -0.878727 -36.654
1010101 FRAC0_S 0 1 -44134.6 -29451.8 8592.58 207666 -24748.2 334765 18.8024 5.97547 -34.5416