
Step FractureNumber TipNr TipActive TipX TipY TipZ KI KII KIII G Phi Psi Extension
1010000 FRAC0_S 0 1 987.416 29976.8 8500 1.09097e+06 -183774 -7.83829e+06 8280.44 2.79478 42.6757
1010000 FRAC0_S 0 1 946.265 30283.1 8500 6.29445e+06 3.59806e+06 -7.93534e+06 13059.1 -25.4039 28.1805
1010000 FRAC0_S 0 1 812.488 30561.6 8500 1.14984e+06 6.42152e+06 -6.52738e+06 9459.05 -49.2439 29.0387
1010000 FRAC0_S 0 1 599.178 30785.2 8500 883852 7.21848e+06 -3.89332e+06 6728.82 -58.8982 21.8395
1010000 FRAC0_S 0 1 327.217 30931.9 8500 1.26778e+06 1.11793e+07 -2.75773e+06 12291.4 -65.0934 13.0615
1010000 FRAC0_S 0 1 23.226 30987.4 8500 1.2232e+06 1.1887e+07 -193498 12729.7 -69.2062 1.1275
1010000 FRAC0_S 0 1 -283.039 30946.3 8500 -3.06597e+07 8.35129e+06 1.83e+06 6660.3 -25.7007 -3.42877
1010000 FRAC0_S 0 1 -561.598 30812.4 8500 7.61615e+06 9.12468e+06 4.69674e+06 15522.1 -46.9077 -15.505
1010000 FRAC0_S 0 1 -785.184 30599.1 8500 -3.28774e+07 5.57349e+06 4.65408e+06 5648.94 -16.9318 -8.03701
1010000 FRAC0_S 0 1 -931.911 30327.2 8500 1.49067e+06 4.59803e+06 8.0093e+06 10613.8 -38.2146 -33.6621
1010000 FRAC0_S 0 1 -987.416 30023.2 8500 1.08925e+06 476969 7.78792e+06 8192.67 -6.95662 -42.0656
1010000 FRAC0_S 0 1 -946.265 29716.9 8500 -1.48549e+07 -2.09244e+06 6.46771e+06 5953.71 11.9518 -19.0273
1010000 FRAC0_S 0 1 -812.488 29438.4 8500 -2.42955e+07 -4.88765e+06 5.24256e+06 5784.18 18.4657 -11.113
1010000 FRAC0_S 0 1 -599.178 29214.8 8500 5.76374e+06 -7.65562e+06 4.67346e+06 11087.8 46.7055 -17.946
1010000 FRAC0_S 0 1 -327.217 29068.1 8500 -1.12602e+07 -9.29345e+06 2.55174e+06 8562.29 44.9861 -8.21176
1010000 FRAC0_S 0 1 -23.226 29012.6 8500 1.21821e+06 -1.10119e+07 188531 10942.6 69.1018 -1.17654
1010000 FRAC0_S 0 1 283.039 29053.7 8500 1.02737e+06 -9.5652e+06 -2.01885e+06 8789.07 65.9159 11.6407
1010000 FRAC0_S 0 1 561.598 29187.6 8500 -4.93352e+06 -8.27911e+06 -3.51509e+06 7751.26 52.1436 14.9334
1010000 FRAC0_S 0 1 785.184 29400.9 8500 3.53655e+07 -7.27592e+06 -6.84896e+06 122408 19.0694 10.1624
1010000 FRAC0_S 0 1 931.911 29672.8 8500 1.13662e+06 -4.15675e+06 -7.8607e+06 9872.96 37.2506 34.8272
Step FractureNumber TipNr TipActive TipX TipY TipZ KI KII KIII G Phi Psi Extension
1010101 FRAC0_S 0 1 1077.76 29975.5 8506.85 6.15997e+06 311569 -2.21546e+06 4042.75 -4.93122 17.7461
1010101 FRAC0_S 0 1 1027.92 30304.7 8460.83 2.99485e+06 -2.16827e+06 620877 1269.45 42.6452 -7.99257
1010101 FRAC0_S 0 1 868.809 30596.9 8429.99 6.82111e+06 2.80371e+06 -6.52692e+06 10512.4 -22.1928 26.131
1010101 FRAC0_S 0 1 631.761 30824.9 8415.58 8.61817e+06 2.33704e+06 -4.25574e+06 9513.95 -19.8575 19.2398
1010101 FRAC0_S 0 1 342.236 30970.9 8409.88 1.84893e+07 3.61544e+06 -3.74291e+06 33490.7 -18.2129 10.6029
1010101 FRAC0_S 0 1 20.6755 31036.7 8419.74 1.53746e+07 5.46201e+06 -1.01028e+06 23858 -30.6263 3.53642
1010101 FRAC0_S 0 1 -305.453 31012.3 8436.68 2.14978e+07 1.36388e+07 4.33743e+06 60260.8 -40.0153 -8.17225
1010101 FRAC0_S 0 1 -606.489 30876.7 8445.37 1.08067e+07 7.90687e+06 5.69338e+06 20288.8 -38.0079 -16.3993
1010101 FRAC0_S 0 1 -851.454 30648.8 8451.72 6.75212e+06 6.35112e+06 7.761e+06 15668 -36.13 -24.4481
1010101 FRAC0_S 0 1 -1012.8 30355.3 8458.76 5.48399e+06 9.34316e+06 1.81745e+07 54390.4 -34.025 -32.9473
1010101 FRAC0_S 0 1 -1079 30023.9 8483.65 3.94668e+06 -40769 1.41667e+07 28080.6 0.314047 -40.7722
1010101 FRAC0_S 0 1 -1037.45 29690 8515.25 2.84001e+06 -2.65127e+06 7.33504e+06 8500.89 25.9479 -33.8139
1010101 FRAC0_S 0 1 -885.334 29390.8 8539.21 -1.036e+07 -9.21525e+06 5.01729e+06 10915.3 42.6315 -14.5398
1010101 FRAC0_S 0 1 -645.343 29157.4 8561.99 1.81566e+07 -1.20974e+07 1.03639e+07 56702.6 35.4874 -17.7537
1010101 FRAC0_S 0 1 -349.543 29012.2 8576.9 1.96519e+07 -6.93003e+06 4.3111e+06 41165.5 27.8828 -10.2422
1010101 FRAC0_S 0 1 -26.5795 28968.3 8587.21 1.27264e+07 -316573 -154703 14444.5 3.3179 0.90978
1010101 FRAC0_S 0 1 297.4 29012.6 8588.74 1.42472e+07 -3.40993e+06 -2.3243e+06 19842.4 21.8531 8.62667
1010101 FRAC0_S 0 1 600.752 29138.2 8570.46 1.07242e+07 -5.00433e+06 -4.28425e+06 14921.1 30.631 15.1856
1010101 FRAC0_S 0 1 850.251 29353 8551.21 6.60254e+06 -5.54165e+06 -7.31414e+06 13736.2 34.1938 24.6566
1010101 FRAC0_S 0 1 1013.21 29644.7 8539.65 4.29375e+06 -3.14939e+06 -8.82705e+06 12889.6 24.4767 32.6041