
Step FractureNumber TipNr TipActive TipX TipY TipZ KI KII KIII G Phi Psi Extension
1010000 FRAC0_S 0 1 15000 984.872 8574.53 -5.30574e+06 7.74717e+06 -1.55633e+06 5670.41 -54.5562 7.93488
1010000 FRAC0_S 0 1 15000 913.64 8875.22 -1.00645e+07 5.81414e+06 280906 3022.79 -41.3097 -1.34592
1010000 FRAC0_S 0 1 15000 752.975 9139.18 -1.71496e+07 5.88781e+06 1.59039e+06 3425.51 -29.4691 -4.89939
1010000 FRAC0_S 0 1 15000 518.603 9340.58 -2.11057e+07 5.0582e+06 2.86775e+06 3373.71 -22.2673 -7.38285
1010000 FRAC0_S 0 1 15000 233.466 9459.7 -5.15356e+06 2.45201e+06 3.88698e+06 2545.21 -26.6834 -22.6061
1010000 FRAC0_S 0 1 15000 -74.5244 9484.87 -2.40419e+07 1.45347e+06 4.142e+06 2470.02 -6.69748 -10.2564
1010000 FRAC0_S 0 1 15000 -375.22 9413.64 -9.9978e+06 -525933 3.87402e+06 2020.72 5.02063 -18.5984
1010000 FRAC0_S 0 1 15000 -639.186 9252.98 -1.49486e+07 -1.94616e+06 3.06302e+06 1585.33 12.9863 -11.1938
1010000 FRAC0_S 0 1 15000 -840.583 9018.61 -8.30699e+06 -4.91737e+06 3.29759e+06 3600.99 35.467 -14.2533
1010000 FRAC0_S 0 1 15000 -959.699 8733.46 -8.58201e+06 -5.39423e+06 2.43176e+06 3379.39 38.4602 -10.8352
1010000 FRAC0_S 0 1 15000 -984.872 8425.47 -2.61049e+06 -7.47581e+06 922210 5093.28 62.7914 -6.30266
1010000 FRAC0_S 0 1 15000 -913.64 8124.78 2.89503e+06 -6.57001e+06 -236469 4600.72 62.7067 1.8816
1010000 FRAC0_S 0 1 15000 -752.975 7860.82 9.40237e+06 -5.98257e+06 -1.77627e+06 11486.7 40.2984 7.71983
1010000 FRAC0_S 0 1 15000 -518.603 7659.42 1.22447e+07 -4.98046e+06 -2.97783e+06 16750.2 30.2588 10.7799
1010000 FRAC0_S 0 1 15000 -233.466 7540.3 4.18149e+07 -4.19279e+06 -3.16208e+06 158704 11.429 4.87966
1010000 FRAC0_S 0 1 15000 74.5244 7515.13 1.45101e+07 -1.47105e+06 -4.28126e+06 21392 9.79508 15.0075
1010000 FRAC0_S 0 1 15000 375.22 7586.36 1.41771e+07 1.14704e+06 -4.62102e+06 20867.5 -7.81982 16.3002
1010000 FRAC0_S 0 1 15000 639.186 7747.02 1.06945e+07 2.57521e+06 -4.45693e+06 13424.7 -18.8609 17.5251
1010000 FRAC0_S 0 1 15000 840.583 7981.39 6.05278e+06 3.07686e+06 -2.69446e+06 5073.85 -31.6907 16.0609
1010000 FRAC0_S 0 1 15000 959.699 8266.54 -1.27923e+07 5.36087e+06 -2.53305e+06 3414.3 -31.58 9.05637
Step FractureNumber TipNr TipActive TipX TipY TipZ KI KII KIII G Phi Psi Extension
1010101 FRAC0_S 0 1 14929.7 1051.85 8578.82 1.46193e+06 7.24274e+06 -1.64326e+06 5224.06 -63.6967 11.5543
1010101 FRAC0_S 0 1 14934.3 979.43 8904.66 -1.02024e+06 8.84937e+06 -452399 7005.54 -68.5752 3.35524
1010101 FRAC0_S 0 1 14949.4 815.68 9194.18 -1.15974e+07 1.16911e+07 1.12591e+06 12348.3 -50.989 -3.52691
1010101 FRAC0_S 0 1 14957.6 564.771 9415.76 -1.58967e+07 1.16562e+07 1.75516e+06 12516.7 -44.6075 -4.5528
1010101 FRAC0_S 0 1 14965.1 254.3 9547.56 -2.63448e+07 9.80524e+06 4.37796e+06 11116.4 -29.7739 -8.04073
1010101 FRAC0_S 0 1 14985.1 -82.4523 9579.13 -2.85976e+07 6.45907e+06 6.0168e+06 8532.48 -20.2848 -10.718
1010101 FRAC0_S 0 1 15007.1 -411.78 9503.04 -2.48563e+07 -2.12408e+06 4.89546e+06 3589.46 9.01824 -11.2008
1010101 FRAC0_S 0 1 15027.9 -697.505 9323.84 7.40198e+06 -1.3956e+06 40603.9 5056.05 20.3614 -0.357647
1010101 FRAC0_S 0 1 15050.1 -910.027 9063.18 -1.11684e+07 -9.24108e+06 3.14452e+06 8924.88 44.1521 -9.82503
1010101 FRAC0_S 0 1 15067.8 -1026.47 8752.55 -3.52877e+06 -9.13877e+06 2.5946e+06 8337.55 58.732 -12.3065
1010101 FRAC0_S 0 1 15082.3 -1037.3 8424.02 6.9769e+06 -4.43951e+06 5.29453e+06 9822.17 32.2527 -21.4002
1010101 FRAC0_S 0 1 15082.9 -960.781 8102.87 9.5186e+06 -726488 -408745 8142.95 9.22115 2.94398
1010101 FRAC0_S 0 1 15067.2 -803.989 7813.41 1.27232e+07 1.00994e+06 -1.8304e+06 14961.7 -8.79004 8.71696
1010101 FRAC0_S 0 1 15046.3 -561.607 7586.51 1.38936e+07 1.71685e+06 -2.55079e+06 18329.1 -12.6092 10.3043
1010101 FRAC0_S 0 1 15026.8 -254.529 7449.73 9.70211e+06 740622 -5.71507e+06 12780.9 -6.27008 23.4604
1010101 FRAC0_S 0 1 15010.1 81.859 7419.27 3.7622e+07 -301965 -4.50279e+06 128832 0.99288 7.90651
1010101 FRAC0_S 0 1 14989.4 411.207 7497.94 1.68218e+07 -1.09524e+06 -4.63431e+06 28179 6.63419 14.6354
1010101 FRAC0_S 0 1 14967.3 697.319 7676.87 1.12344e+07 -7.79407e+06 -9.67839e+06 29118.3 32.8507 22.5463
1010101 FRAC0_S 0 1 14952.6 912.796 7935.99 -1.57994e+07 1.22239e+07 -5.22288e+06 16943.2 -42.0119 11.4392
1010101 FRAC0_S 0 1 14940.3 1033.65 8246.39 5.18488e+06 3.64283e+06 -2.62821e+06 4496.75 -37.44 16.1578