
Step FractureNumber TipNr TipActive TipX TipY TipZ KI KII KIII G Phi Psi Extension
1010000 FRAC0_S 0 1 29434.8 -44219.2 8284.43 1.75635e+06 -1.01534e+06 1.34669e+06 607.952 30.2608 -21.977
1010000 FRAC0_S 0 1 29284.7 -44319.8 8535.12 1.70522e+06 -1.49532e+06 961337 581.274 41.2643 -16.2562
1010000 FRAC0_S 0 1 29204.6 -44487 8782.37 1.5373e+06 -1.70741e+06 561446 512.293 48.7164 -10.7877
1010000 FRAC0_S 0 1 29202.4 -44704.4 9001.98 1.53746e+06 -1.87627e+06 194914 529.389 53.8678 -4.11675
1010000 FRAC0_S 0 1 29278.3 -44950.7 9172.44 1.58768e+06 -2.01099e+06 -201404 590.384 54.4841 4.04131
1010000 FRAC0_S 0 1 29424.7 -45201.9 9277.09 1.57151e+06 -1.69296e+06 -570782 518.799 48.1593 10.8775
1010000 FRAC0_S 0 1 29627.6 -45433.3 9305.68 1.70138e+06 -1.33729e+06 -729035 487.993 40.8724 13.8571
1010000 FRAC0_S 0 1 29866.9 -45622.3 9255.39 1.70227e+06 -1.04409e+06 -1.16111e+06 534.665 32.4107 20.264
1010000 FRAC0_S 0 1 30119.1 -45750.3 9131.17 1.77555e+06 -564580 -1.05055e+06 456.118 21.3705 20.9992
1010000 FRAC0_S 0 1 30359.8 -45804.9 8945.16 1.68553e+06 275023 -1.25686e+06 470.003 -11.4557 25.4343
1010000 FRAC0_S 0 1 30565.2 -45780.8 8715.57 1.12034e+06 579194 -772112 221.03 -28.963 21.1459
1010000 FRAC0_S 0 1 30715.3 -45680.2 8464.88 1.65722e+06 1.31892e+06 -904739 508.608 -39.4943 16.3904
1010000 FRAC0_S 0 1 30795.4 -45513 8217.63 1.40044e+06 1.41474e+06 -481474 383.951 -47.1887 10.6879
1010000 FRAC0_S 0 1 30797.6 -45295.6 7998.02 1.67625e+06 1.81272e+06 -252541 551.677 -51.3974 5.11441
1010000 FRAC0_S 0 1 30721.7 -45049.3 7827.56 1.64138e+06 1.88981e+06 222460 564.903 -52.7413 -4.50676
1010000 FRAC0_S 0 1 30575.3 -44798.1 7722.91 1.27561e+06 1.3552e+06 488378 340.377 -47.6125 -11.4036
1010000 FRAC0_S 0 1 30372.4 -44566.7 7694.32 1.51656e+06 1.27288e+06 906225 458.551 -39.9155 -17.1424
1010000 FRAC0_S 0 1 30133.1 -44377.7 7744.61 1.59293e+06 833461 1.18869e+06 475.939 -28.5564 -22.0796
1010000 FRAC0_S 0 1 29880.9 -44249.7 7868.83 1.2686e+06 204463 1.0596e+06 296.461 -10.846 -26.857
1010000 FRAC0_S 0 1 29640.2 -44195.1 8054.84 1.81836e+06 -399719 1.48761e+06 603.199 14.2868 -25.9942
Step FractureNumber TipNr TipActive TipX TipY TipZ KI KII KIII G Phi Psi Extension
1010101 FRAC0_S 0 1 29415.2 -44124.8 8292.38 2.07913e+06 -9007.13 1.10518e+06 547.659 0.39433 -23.0424
1010101 FRAC0_S 0 1 29269 -44231.1 8573.61 2.32622e+06 73418.8 880925 585.891 -3.09813 -18.5657
1010101 FRAC0_S 0 1 29195.5 -44409.6 8842.82 2.40436e+06 97077.9 552751 556.617 -4.3792 -13.0356
1010101 FRAC0_S 0 1 29200.7 -44640.4 9077.47 2.63855e+06 155681 225751 629.317 -7.03101 -5.64629
1010101 FRAC0_S 0 1 29281.3 -44902.3 9258.74 2.66619e+06 120303 -136878 637.224 -5.64275 3.57976
1010101 FRAC0_S 0 1 29430.3 -45173.5 9371.34 2.74831e+06 -63568.9 -559037 714.992 2.61523 12.028
1010101 FRAC0_S 0 1 29638.2 -45429.1 9403.16 2.37772e+06 -38289.9 -881732 607.319 1.6161 18.4961
1010101 FRAC0_S 0 1 29887 -45644.6 9348.16 2.09915e+06 125860 -1.13706e+06 566.026 -5.14284 22.6052
1010101 FRAC0_S 0 1 30146.2 -45803.6 9203.5 1.96916e+06 212793 -1.1903e+06 538.002 -8.55546 23.4202
1010101 FRAC0_S 0 1 30385.5 -45887.4 8979.43 1.96559e+06 81655 -1.11994e+06 511.692 -3.56289 23.4551
1010101 FRAC0_S 0 1 30587.1 -45874.7 8709.45 1.98577e+06 -158584 -1.01705e+06 491.2 6.84663 21.6779
1010101 FRAC0_S 0 1 30733.5 -45768.8 8427.49 2.12925e+06 -48809.6 -795146 488.3 2.27944 18.4999
1010101 FRAC0_S 0 1 30807.7 -45590.2 8157.68 2.03476e+06 -95538.4 -461767 398.11 5.06503 12.8481
1010101 FRAC0_S 0 1 30802.9 -45359.2 7922.38 2.11399e+06 -88792.2 -148779 401.874 5.18644 4.80283
1010101 FRAC0_S 0 1 30721.4 -45096.9 7740.84 2.70464e+06 -141858 85343.6 654.61 6.61004 -2.24255
1010101 FRAC0_S 0 1 30571.1 -44825.7 7628.36 3.32735e+06 -189313 727762 1060.19 6.10514 -12.4039
1010101 FRAC0_S 0 1 30363.6 -44568.8 7596.9 1.77377e+06 74175.4 954713 402.08 -3.65622 -22.741
1010101 FRAC0_S 0 1 30117.6 -44348.8 7653.91 2.15095e+06 50149.1 1.16606e+06 593.336 -2.06958 -23.0541
1010101 FRAC0_S 0 1 29860.4 -44187.6 7800.97 1.56835e+06 22974.4 1.00688e+06 354.069 -1.23246 -25.2714
1010101 FRAC0_S 0 1 29618.9 -44108.2 8024.28 1.97443e+06 -23895.6 1.24254e+06 552.777 1.02844 -25.0543