
Step FractureNumber TipNr TipActive TipX TipY TipZ KI KII KIII G Phi Psi Extension
1010000 FRAC0_S 0 1 -6745.69 22369.9 7875.81 1.15383e+06 1.89805e+06 649935 495.845 -53.3801 -12.6773
1010000 FRAC0_S 0 1 -6870.76 22622.1 7748.57 1.44346e+06 1.74004e+06 1.20571e+06 648.815 -44.4997 -18.9363
1010000 FRAC0_S 0 1 -7057.42 22862.5 7694.88 1.206e+06 1.09135e+06 952313 356.355 -39.1219 -20.0239
1010000 FRAC0_S 0 1 -7287.4 23067.4 7720.01 906076 281005 1.11759e+06 246.313 -16.0293 -30.0641
1010000 FRAC0_S 0 1 -7538.2 23216.8 7821.48 1.1122e+06 -262537 1.41557e+06 382.88 12.5528 -31.0774
1010000 FRAC0_S 0 1 -7785.25 23295.9 7989.37 1.23887e+06 -426157 1.17277e+06 335.874 19.4455 -26.5988
1010000 FRAC0_S 0 1 -8004.38 23297.1 8207.26 979969 -1.27965e+06 931205 346.824 44.8873 -19.9528
1010000 FRAC0_S 0 1 -8174.14 23220.3 8453.79 1.12592e+06 -1.88074e+06 699713 493.28 53.0165 -13.5492
1010000 FRAC0_S 0 1 -8277.91 23073 8704.84 1.22777e+06 -2.24451e+06 298792 595.12 58.5291 -5.97297
1010000 FRAC0_S 0 1 -8305.54 22869.7 8935.85 1.09425e+06 -2.10363e+06 -185499 505.612 59.9851 4.17727
1010000 FRAC0_S 0 1 -8254.31 22630.1 9124.19 943608 -1.66192e+06 -552321 366.036 54.2914 12.633
1010000 FRAC0_S 0 1 -8129.24 22377.9 9251.43 1.01595e+06 -1.45588e+06 -919115 393.207 47.2047 18.7174
1010000 FRAC0_S 0 1 -7942.58 22137.5 9305.12 870965 -791922 -1.00095e+06 256.734 35.4335 24.6496
1010000 FRAC0_S 0 1 -7712.6 21932.6 9279.99 948307 -355379 -1.21712e+06 288.414 18.3457 29.9676
1010000 FRAC0_S 0 1 -7461.8 21783.2 9178.52 939304 251058 -1.17407e+06 267.571 -14.0762 30.5946
1010000 FRAC0_S 0 1 -7214.75 21704.1 9010.63 1.13392e+06 919017 -1.27967e+06 407.631 -33.2839 25.0852
1010000 FRAC0_S 0 1 -6995.62 21702.9 8792.74 1.14528e+06 1.47831e+06 -1.0198e+06 449.944 -45.2807 19.2471
1010000 FRAC0_S 0 1 -6825.86 21779.7 8546.21 859918 1.36312e+06 -494866 264.038 -52.6071 13.108
1010000 FRAC0_S 0 1 -6722.09 21927 8295.16 1.03273e+06 1.84535e+06 -230865 405.573 -58.4366 5.61018
1010000 FRAC0_S 0 1 -6694.46 22130.3 8064.15 1.15862e+06 2.05969e+06 199570 502.951 -58.9463 -4.44192
Step FractureNumber TipNr TipActive TipX TipY TipZ KI KII KIII G Phi Psi Extension
1010101 FRAC0_S 0 1 -6746.69 22317.6 7792.05 2.43443e+06 151959 500361 563.462 -6.72246 -11.7766
1010101 FRAC0_S 0 1 -6868.88 22590.8 7655.27 2.49725e+06 304427 1.19435e+06 753.693 -10.2593 -20.3651
1010101 FRAC0_S 0 1 -7039.83 22840.7 7599.39 1.93731e+06 137159 1.25663e+06 546.145 -5.64587 -24.7285
1010101 FRAC0_S 0 1 -7283.25 23105.9 7635.54 1.22613e+06 70103.5 998989 267.136 -4.21075 -27.6978
1010101 FRAC0_S 0 1 -7534.62 23292.1 7763.88 1.51869e+06 -47786.9 1.41599e+06 472.398 2.2252 -29.5937
1010101 FRAC0_S 0 1 -7785.92 23388.8 7965.91 1.5465e+06 428842 1.11574e+06 395.08 -18.0756 -23.855
1010101 FRAC0_S 0 1 -8002.85 23392.4 8220.57 2.06014e+06 -163594 1.00885e+06 515.946 6.90583 -21.1287
1010101 FRAC0_S 0 1 -8168.45 23309.7 8495.39 2.22876e+06 -65807 720054 511.988 3.02274 -16.7479
1010101 FRAC0_S 0 1 -8270.29 23152.5 8763.72 2.44513e+06 -14985.6 333840 547.603 0.748885 -8.84879
1010101 FRAC0_S 0 1 -8298.33 22937.5 9007.84 3.13071e+06 -344994 -274534 894.025 12.2866 5.53311
1010101 FRAC0_S 0 1 -8251.09 22683 9207.6 2.65037e+06 -193566 -558331 670.75 7.73847 11.9115
1010101 FRAC0_S 0 1 -8129.88 22409.3 9344.37 2.08354e+06 -271399 -955303 514.779 11.0077 19.7616
1010101 FRAC0_S 0 1 -7944.89 22138.7 9401.86 1.85335e+06 -143269 -1.22716e+06 508.2 6.08353 24.9096
1010101 FRAC0_S 0 1 -7717.06 21894.2 9364.68 1.65826e+06 -66257.9 -1.35994e+06 491.403 2.97507 27.9753
1010101 FRAC0_S 0 1 -7469.39 21707.2 9230.98 1.69649e+06 -78165.5 -1.4377e+06 531.921 3.36514 28.2991
1010101 FRAC0_S 0 1 -7222.36 21609 9024.5 1.76889e+06 -34756.7 -1.31942e+06 510.466 1.5494 27.0631
1010101 FRAC0_S 0 1 -7001.15 21606.6 8774.79 1.90885e+06 605002 -889471 462.531 -22.6755 18.1315
1010101 FRAC0_S 0 1 -6831.33 21690.2 8504.65 2.16964e+06 -283368 -824887 517.125 11.5796 17.539
1010101 FRAC0_S 0 1 -6729.02 21847.4 8236.32 2.79877e+06 316073 -142124 709.599 -12.9271 3.34085
1010101 FRAC0_S 0 1 -6700.34 22062.4 7992.02 2.47963e+06 26394 113308 549.666 -1.40362 -3.31241