
Step FractureNumber TipNr TipActive TipX TipY TipZ KI KII KIII G Phi Psi Extension
1010000 FRAC0_S 0 1 15846.5 29491.1 8500 696751 131392 -3.87856e+06 2045.55 -3.85368 41.867
1010000 FRAC0_S 0 1 15962.3 29777.6 8500 884170 1.96008e+06 -3.86863e+06 2402.54 -34.9103 33.9914
1010000 FRAC0_S 0 1 15984 30085.8 8500 750354 3.58981e+06 -3.18614e+06 2548.66 -50.8507 27.1061
1010000 FRAC0_S 0 1 15909.3 30385.7 8500 719263 4.8735e+06 -2.33569e+06 2888.13 -59.6073 20.1145
1010000 FRAC0_S 0 1 15745.6 30647.8 8500 505636 4.30024e+06 -887206 1775.3 -65.8101 11.354
1010000 FRAC0_S 0 1 15508.9 30846.5 8500 638738 6.16546e+06 126957 3425.83 -69.1457 -1.41764
1010000 FRAC0_S 0 1 15222.4 30962.3 8500 7.54937e+06 4.78921e+06 1.2526e+06 7331.19 -40.6408 -6.9084
1010000 FRAC0_S 0 1 14914.1 30984 8500 754520 4.64212e+06 2.45699e+06 2773.88 -58.2949 -21.1723
1010000 FRAC0_S 0 1 14614.3 30909.3 8500 9.96238e+06 2.61305e+06 3.04915e+06 10689.1 -21.4557 -13.965
1010000 FRAC0_S 0 1 14352.2 30745.6 8500 660262 1.27139e+06 3.06438e+06 1431.81 -31.094 -35.4272
1010000 FRAC0_S 0 1 14153.5 30508.9 8500 654683 -84072.6 3.35105e+06 1532.35 2.84835 -41.7557
1010000 FRAC0_S 0 1 14037.7 30222.4 8500 -7.17966e+06 -1.47237e+06 3.48302e+06 1806.66 15.956 -19.6691
1010000 FRAC0_S 0 1 14016 29914.2 8500 732207 -3.17374e+06 2.8646e+06 2036.74 50.2446 -27.0942
1010000 FRAC0_S 0 1 14090.7 29614.3 8500 510110 -4.22914e+06 2.12898e+06 2219.81 59.6648 -21.0073
1010000 FRAC0_S 0 1 14254.4 29352.2 8500 706857 -4.58131e+06 922733 2028.04 65.1811 -10.8598
1010000 FRAC0_S 0 1 14491.1 29153.5 8500 460286 -3.68329e+06 -34921.9 1227.97 69.0168 0.649581
1010000 FRAC0_S 0 1 14777.6 29037.7 8500 1.27574e+07 -4.08112e+06 -1.28752e+06 16207.5 27.9727 5.37394
1010000 FRAC0_S 0 1 15085.9 29016 8500 801563 -4.37165e+06 -2.25909e+06 2439.03 58.1292 20.6597
1010000 FRAC0_S 0 1 15385.7 29090.7 8500 2.57348e+06 -2.96823e+06 -2.97636e+06 2553.46 40.285 23.2255
1010000 FRAC0_S 0 1 15670.2 29273.9 8500 841487 -1.71748e+06 -3.75505e+06 2201.3 32.9022 34.7162
Step FractureNumber TipNr TipActive TipX TipY TipZ KI KII KIII G Phi Psi Extension
1010101 FRAC0_S 0 1 15923 29444.9 8495.91 -4.13168e+06 110315 -2.35162e+06 736.592 -2.32268 23.6212
1010101 FRAC0_S 0 1 16039.4 29756.8 8450.32 2.64989e+06 825241 -3.59222e+06 2402.65 -15.3931 31.1205
1010101 FRAC0_S 0 1 16047 30088.9 8425.36 4.47367e+06 149690 -2.46294e+06 2592.21 -2.92611 23.1236
1010101 FRAC0_S 0 1 15956 30403.6 8414.68 4.27802e+06 739213 -1.29996e+06 1904.29 -15.4238 14.6535
1010101 FRAC0_S 0 1 15790.7 30518.8 8433.45 4.72375e+06 462996 -575083 2051.47 -10.7978 7.45637
1010101 FRAC0_S 0 1 15420 30838.5 8440.53 1.39677e+07 -1.0069e+07 -443055 26445.5 45.7418 1.4009
1010101 FRAC0_S 0 1 15234.4 31020 8422.81 4.29948e+06 1.27313e+06 1.14332e+06 1965.54 -24.0241 -12.3223
1010101 FRAC0_S 0 1 14907.1 31050.1 8432.04 3.96586e+06 1.9712e+06 2.2071e+06 2395.66 -29.7846 -18.7147
1010101 FRAC0_S 0 1 14581 30981.4 8447.53 2.97338e+06 1.85779e+06 3.19705e+06 2454.79 -28.6486 -25.8284
1010101 FRAC0_S 0 1 14277.6 30798.5 8467.55 2.17521e+06 2.29302e+06 5.67212e+06 5169.17 -28.0786 -33.305
1010101 FRAC0_S 0 1 14073.2 30556.2 8496.45 1.8471e+06 -364276 3.84598e+06 2283.13 8.16613 -36.2209
1010101 FRAC0_S 0 1 13953.5 30244.8 8534.2 2.88369e+06 -1.10291e+06 2.91258e+06 1977.66 20.5916 -27.0474
1010101 FRAC0_S 0 1 13949.2 29911.9 8566.88 3.4945e+06 -1.227e+06 2.35278e+06 1958.56 22.1765 -22.2913
1010101 FRAC0_S 0 1 14043.6 29596.2 8585.07 7.23715e+06 -1.14014e+06 3.10677e+06 6066.81 13.2093 -18.6861
1010101 FRAC0_S 0 1 14222.4 29325.8 8590.3 4.33914e+06 -405973 555651 1733.53 10.3117 -7.81371
1010101 FRAC0_S 0 1 14469 29109.7 8581.11 7.29668e+06 -3.99502e+06 281129 6177.08 39.9872 -1.87531
1010101 FRAC0_S 0 1 14764.2 28973.8 8568.03 4.6316e+06 -4.45414e+06 -1.47848e+06 3970.18 46.5838 10.2699
1010101 FRAC0_S 0 1 15090.6 28950.7 8570.35 3.56558e+06 -1.66626e+06 -2.09949e+06 1966.55 28.2032 19.6307
1010101 FRAC0_S 0 1 15415.5 29026.6 8567.14 821193 -2.95444e+06 -2.31464e+06 1550.46 51.442 24.8777
1010101 FRAC0_S 0 1 15704.1 29192.3 8541.65 1.16707e+07 4.07515e+06 -2.8557e+06 14701.7 -27.311 11.1968