
Step FractureNumber TipNr TipActive TipX TipY TipZ KI KII KIII G Phi Psi Extension
1010000 FRAC0_S 0 1 44360.4 -44254.8 8394.46 1.84008e+06 -1.99781e+06 1.18705e+06 844.786 44.5962 -16.5845
1010000 FRAC0_S 0 1 44239.9 -44386.6 8646.69 1.96357e+06 -2.59764e+06 737794 1017.26 51.8082 -10.2204
1010000 FRAC0_S 0 1 44193.8 -44578.4 8884.55 1.81051e+06 -2.64786e+06 165494 920.506 57.2161 -2.74944
1010000 FRAC0_S 0 1 44226.7 -44811.5 9084.78 1.782e+06 -2.64324e+06 -405875 927.465 55.6435 6.32008
1010000 FRAC0_S 0 1 44335.2 -45063 9227.76 1.81219e+06 -2.33067e+06 -929843 891.682 49.5466 13.1888
1010000 FRAC0_S 0 1 44508.8 -45308.4 9299.51 1.81901e+06 -1.76034e+06 -1.38432e+06 825.852 40.8461 19.1867
1010000 FRAC0_S 0 1 44730.5 -45523.6 9292.99 1.87738e+06 -1.05267e+06 -1.71814e+06 805.434 28.1154 24.3228
1010000 FRAC0_S 0 1 44978.6 -45687.4 9208.86 1.37119e+06 -140099 -1.32692e+06 403.464 6.74011 29.2536
1010000 FRAC0_S 0 1 45228.8 -45784.1 9055.33 1.87603e+06 625263 -1.77241e+06 766.271 -18.9843 26.6726
1010000 FRAC0_S 0 1 45456.6 -45804 8847.44 1.95352e+06 1.54793e+06 -1.62064e+06 902.902 -35.9159 21.3757
1010000 FRAC0_S 0 1 45639.6 -45745.2 8605.54 1.86066e+06 2.0115e+06 -1.16918e+06 850.867 -44.716 16.3147
1010000 FRAC0_S 0 1 45760.1 -45613.4 8353.31 1.97797e+06 2.6372e+06 -678597 1029.62 -52.3717 9.45639
1010000 FRAC0_S 0 1 45806.2 -45421.6 8115.45 1.86946e+06 2.61545e+06 -137403 923.505 -56.8048 2.28947
1010000 FRAC0_S 0 1 45773.3 -45188.5 7915.22 1.81281e+06 2.55818e+06 417130 899.145 -54.8171 -6.54473
1010000 FRAC0_S 0 1 45664.8 -44937 7772.24 1.99149e+06 2.45026e+06 1.0395e+06 1032.12 -48.5954 -13.6056
1010000 FRAC0_S 0 1 45491.2 -44691.6 7700.49 1.90956e+06 1.76497e+06 1.38801e+06 858.753 -40.3005 -18.9048
1010000 FRAC0_S 0 1 45269.5 -44476.4 7707.01 1.83557e+06 1.01786e+06 1.65798e+06 758.164 -28.0234 -24.2086
1010000 FRAC0_S 0 1 45021.4 -44312.6 7791.14 1.33164e+06 162019 1.29927e+06 384.872 -7.88588 -29.144
1010000 FRAC0_S 0 1 44771.2 -44215.9 7944.67 1.86252e+06 -605472 1.77746e+06 761.984 18.5426 -26.8721
1010000 FRAC0_S 0 1 44543.4 -44196 8152.56 2.26581e+06 -1.52981e+06 1.88944e+06 1140.84 32.6043 -22.2784
Step FractureNumber TipNr TipActive TipX TipY TipZ KI KII KIII G Phi Psi Extension
1010101 FRAC0_S 0 1 44355.1 -44161.8 8424.93 3.74233e+06 -422343 1.49436e+06 1560.89 10.0585 -18.296
1010101 FRAC0_S 0 1 44238.5 -44303.3 8699.6 3.6206e+06 -198248 717448 1240.08 5.98466 -11.5108
1010101 FRAC0_S 0 1 44196.4 -44507 8953.27 3.77002e+06 -91120.8 177955 1271.48 3.12273 -3.37248
1010101 FRAC0_S 0 1 44229.6 -44754.3 9165.66 3.65323e+06 -269109 -350514 1212.06 8.53968 6.17648
1010101 FRAC0_S 0 1 44336.3 -45024.9 9318.65 2.92964e+06 -193661 -832099 860.241 6.68675 14.9485
1010101 FRAC0_S 0 1 44509.8 -45296.2 9396.45 3.26472e+06 -314179 -1.53809e+06 1273.2 8.332 20.464
1010101 FRAC0_S 0 1 44733.3 -45545.3 9386.26 2.6057e+06 -79406.3 -1.73633e+06 1006.56 2.49174 25.5419
1010101 FRAC0_S 0 1 44982.5 -45746.9 9280.98 2.45388e+06 -36483.1 -1.88047e+06 1007.01 1.1637 27.4497
1010101 FRAC0_S 0 1 45232.4 -45871.5 9090.69 1.88811e+06 14268 -1.40574e+06 580.511 -0.602522 27.1862
1010101 FRAC0_S 0 1 45460.4 -45900.9 8845.09 2.77632e+06 76700.7 -1.6163e+06 1034.83 -2.38201 23.8922
1010101 FRAC0_S 0 1 45643.5 -45838.2 8573.98 3.56381e+06 95199.7 -1.37182e+06 1382.86 -2.62419 18.8155
1010101 FRAC0_S 0 1 45761.1 -45696.7 8300.25 3.37462e+06 7982.68 -691093 1078.32 -0.27407 12.2828
1010101 FRAC0_S 0 1 45804.1 -45493 8046.61 3.44822e+06 -58914.3 -133589 1062.22 2.24715 2.81762
1010101 FRAC0_S 0 1 45771.6 -45245.4 7834.15 3.55639e+06 85250.5 392459 1148.19 -2.92728 -7.27593
1010101 FRAC0_S 0 1 45665 -44974.5 7681.12 3.95496e+06 214843 1.05106e+06 1544.87 -5.64258 -14.3655
1010101 FRAC0_S 0 1 45491 -44703.3 7603.45 3.03308e+06 189966 1.44963e+06 1102.48 -5.57595 -21.0223
1010101 FRAC0_S 0 1 45266.6 -44454.8 7613.48 2.77344e+06 203492 1.89497e+06 1166.71 -5.72547 -25.3463
1010101 FRAC0_S 0 1 45016.9 -44253.7 7718.4 2.28668e+06 -2306.24 1.82093e+06 906.951 0.0785375 -28.0806
1010101 FRAC0_S 0 1 44766 -44128.9 7907.82 2.47001e+06 -63837 1.84354e+06 996.041 2.02678 -26.9966
1010101 FRAC0_S 0 1 44537.2 -44099.2 8152.8 2.76271e+06 -113842 1.63548e+06 1037.04 3.48775 -23.937