
Step FractureNumber TipNr TipActive TipX TipY TipZ KI KII KIII G Phi Psi Extension
1010000 FRAC0_S 0 1 30098 44257.7 9144.19 73737 2.05814e+06 -961902 501.01 -62.1561 21.0613
1010000 FRAC0_S 0 1 30340.6 44196.7 8962.74 125748 2.40097e+06 -476795 545.334 -67.1828 11.5506
1010000 FRAC0_S 0 1 30549.9 44214.2 8736 247981 2.49822e+06 26217.6 561.715 -69.3153 -0.734662
1010000 FRAC0_S 0 1 30705.3 44308.6 8486.16 697338 1.64219e+06 377657 302.612 -59.0435 -10.2036
1010000 FRAC0_S 0 1 30791.6 44470.7 8237.67 459197 1.95772e+06 944828 479.048 -57.7899 -19.3154
1010000 FRAC0_S 0 1 30800.5 44684.6 8014.85 565190 1.44742e+06 1.27267e+06 430.57 -48.0932 -25.2638
1010000 FRAC0_S 0 1 30730.9 44929.4 7839.53 -9759.59 743842 1.68237e+06 425.745 -36.223 -38.1293
1010000 FRAC0_S 0 1 30589.9 45181.1 7728.86 705749 173555 1.62453e+06 398.067 -9.36789 -36.7159
1010000 FRAC0_S 0 1 30391.2 45415.2 7693.68 704026 -573508 1.5039e+06 374.286 25.8908 -32.5265
1010000 FRAC0_S 0 1 30154.1 45608.5 7737.42 682795 -1.23941e+06 1.32918e+06 413.403 43.1956 -26.3718
1010000 FRAC0_S 0 1 29902 45742.3 7855.81 656799 -1.89454e+06 1.04161e+06 502.58 54.3584 -19.839
1010000 FRAC0_S 0 1 29659.4 45803.3 8037.26 550512 -2.23649e+06 576196 516.879 62.1437 -12.3947
1010000 FRAC0_S 0 1 29450.1 45785.8 8264 390274 -1.77359e+06 54590.3 294.276 67.1852 -1.89939
1010000 FRAC0_S 0 1 29294.7 45691.4 8513.84 319294 -2.47942e+06 -508321 591.255 65.6159 11.2096
1010000 FRAC0_S 0 1 29208.4 45529.3 8762.33 233268 -2.13712e+06 -992111 542.748 60.7036 20.1412
1010000 FRAC0_S 0 1 29199.5 45315.4 8985.15 113439 -1.49527e+06 -1.35922e+06 446.097 52.7657 28.8003
1010000 FRAC0_S 0 1 29269.1 45070.6 9160.47 41701.6 -740500 -1.59548e+06 387.577 36.8117 37.4808
1010000 FRAC0_S 0 1 29410.1 44818.9 9271.14 -20779.4 42692.2 -1.7321e+06 399.183 -3.28913 44.5346
1010000 FRAC0_S 0 1 29608.8 44584.8 9306.32 -28811.3 848567 -1.64666e+06 424.792 -39.1553 36.8412
1010000 FRAC0_S 0 1 29845.9 44391.5 9262.58 -4151.71 1.55773e+06 -1.37352e+06 467.138 -54.5811 29.2722
Step FractureNumber TipNr TipActive TipX TipY TipZ KI KII KIII G Phi Psi Extension
1010101 FRAC0_S 0 1 30050.8 44172.8 9124.56 1.87461e+06 451582 -1.16744e+06 512.586 -16.9267 22.3797
1010101 FRAC0_S 0 1 30300.5 44112.2 8928.68 2.29739e+06 357747 -733039 553.196 -14.0018 15.3308
1010101 FRAC0_S 0 1 30519.5 44130.5 8691.89 2.18846e+06 362504 -254180 447.084 -16.9229 6.7968
1010101 FRAC0_S 0 1 30688.7 44226 8433.9 2.49839e+06 508774 208449 585.064 -20.3985 -4.91761
1010101 FRAC0_S 0 1 30788.1 44394.6 8174.66 2.21491e+06 552446 671059 524.246 -20.6866 -13.9659
1010101 FRAC0_S 0 1 30810.9 44623.3 7939.19 1.84913e+06 489138 983062 454.545 -19.0998 -20.1958
1010101 FRAC0_S 0 1 30758.9 44895.7 7754.94 1.25099e+06 243310 1.2003e+06 336.346 -12.0707 -28.1968
1010101 FRAC0_S 0 1 30636.3 45191.3 7651.57 1.34247e+06 148385 1.54995e+06 482.07 -6.66504 -31.1841
1010101 FRAC0_S 0 1 30446.7 45470 7643.76 1.35971e+06 43620.3 1.4832e+06 457.501 -2.09965 -31.3662
1010101 FRAC0_S 0 1 30205 45689.2 7719.2 1.11344e+06 22017.6 999914 243.494 -1.43608 -29.2886
1010101 FRAC0_S 0 1 29943.9 45831 7863.36 2.22377e+06 -105907 1.37231e+06 692.134 3.94783 -24.3796
1010101 FRAC0_S 0 1 29695.1 45891.6 8065.05 2.58732e+06 -272907 864893 702.648 9.88088 -16.331
1010101 FRAC0_S 0 1 29480.5 45870.5 8306.56 2.47877e+06 -238852 348344 568.743 10.4817 -8.43609
1010101 FRAC0_S 0 1 29317 45772.2 8567.25 2.27112e+06 -392343 -127860 475.518 18.2952 3.50364
1010101 FRAC0_S 0 1 29218.9 45604.2 8826.22 1.87827e+06 -496739 -482844 367.367 22.2193 12.2364
1010101 FRAC0_S 0 1 29194.6 45377.2 9060.86 1.74245e+06 -729158 -1.15363e+06 494.932 25.3269 21.4795
1010101 FRAC0_S 0 1 29240.2 45101.6 9242.12 1.09821e+06 -640289 -1.63218e+06 498.317 24.0683 30.0321
1010101 FRAC0_S 0 1 29355.7 44800.8 9337.2 727552 -174936 -1.76549e+06 464.45 8.87866 37.1648
1010101 FRAC0_S 0 1 29545.5 44524.2 9337.83 757850 473539 -1.63066e+06 424.817 -21.2473 33.7283
1010101 FRAC0_S 0 1 29789.5 44311.3 9263 1.52534e+06 468159 -1.3264e+06 460.851 -18.3502 25.8958