
Step FractureNumber TipNr TipActive TipX TipY TipZ KI KII KIII G Phi Psi Extension
1010000 FRAC0_S 0 1 -29195.9 44544.7 8151.2 2.27851e+06 -567378 -1.53457e+06 804.514 16.9591 23.2752
1010000 FRAC0_S 0 1 -29216.3 44772.7 7943.58 2.3287e+06 156507 -1.59479e+06 823.681 -5.26734 25.4466
1010000 FRAC0_S 0 1 -29313.3 45022.9 7790.43 1.66474e+06 592703 -1.07232e+06 431.193 -22.7023 21.6968
1010000 FRAC0_S 0 1 -29477.6 45270.9 7706.74 2.49416e+06 1.59548e+06 -1.33683e+06 1018.86 -35.1113 17.2128
1010000 FRAC0_S 0 1 -29693 45492.3 7700.69 2.33233e+06 1.96829e+06 -861802 928.745 -43.2024 12.1015
1010000 FRAC0_S 0 1 -29969.8 45683.3 7786.45 2.40401e+06 2.37839e+06 -415752 1042.05 -49.402 6.02741
1010000 FRAC0_S 0 1 -30190 45773.7 7916.26 2.32676e+06 2.34206e+06 93960.4 972.392 -51.9172 -1.52594
1010000 FRAC0_S 0 1 -30422.9 45806.1 8116.78 2.35848e+06 2.21627e+06 577141 977.665 -47.2719 -8.32382
1010000 FRAC0_S 0 1 -30614.4 45759.6 8354.8 1.71599e+06 1.29646e+06 724737 482.031 -40.143 -13.8852
1010000 FRAC0_S 0 1 -30745.8 45638.7 8607.04 2.33346e+06 1.26872e+06 1.35706e+06 873.579 -31.2347 -18.8731
1010000 FRAC0_S 0 1 -30804.1 45455.3 8848.8 2.49001e+06 650025 1.64086e+06 948.241 -17.7408 -22.8833
1010000 FRAC0_S 0 1 -30783.7 45227.3 9056.42 2.3241e+06 -184795 1.60607e+06 827.432 6.14595 -25.4163
1010000 FRAC0_S 0 1 -30686.7 44977.1 9209.57 1.82462e+06 -647777 1.1621e+06 513.673 22.7286 -21.566
1010000 FRAC0_S 0 1 -30513.3 44717.8 9295.42 2.6506e+06 -1.72552e+06 1.37817e+06 1143.99 35.687 -16.7883
1010000 FRAC0_S 0 1 -30307 44507.7 9299.31 2.30116e+06 -2.06298e+06 830826 942.916 44.5568 -11.6304
1010000 FRAC0_S 0 1 -30061.5 44334.4 9227.11 2.58274e+06 -2.53542e+06 373703 1185.82 49.7139 -5.15484
1010000 FRAC0_S 0 1 -29810 44226.3 9083.74 2.30395e+06 -2.36596e+06 -155991 975.065 51.8117 2.48677
1010000 FRAC0_S 0 1 -29577.1 44193.9 8883.22 2.27461e+06 -2.16001e+06 -608908 926.11 47.119 8.93598
1010000 FRAC0_S 0 1 -29385.6 44240.4 8645.2 2.27554e+06 -1.78036e+06 -1.03015e+06 885.012 40.4293 14.4447
1010000 FRAC0_S 0 1 -29254.2 44361.3 8392.96 2.29619e+06 -1.25956e+06 -1.36011e+06 857.238 31.2757 19.0547
Step FractureNumber TipNr TipActive TipX TipY TipZ KI KII KIII G Phi Psi Extension
1010101 FRAC0_S 0 1 -29106.5 44517.7 8132.56 2.38362e+06 24120.6 -1.31617e+06 736.741 -0.903874 23.4458
1010101 FRAC0_S 0 1 -29145.3 44746.7 7886.51 2.78416e+06 -110627 -1.39637e+06 951.161 3.5627 21.8874
1010101 FRAC0_S 0 1 -29271.5 45003.1 7706.07 2.92746e+06 -60737.7 -1.51152e+06 1067.87 1.87698 22.4777
1010101 FRAC0_S 0 1 -29466.3 45259.7 7610.52 3.33022e+06 -12982.6 -1.30567e+06 1215.01 0.390421 19.3039
1010101 FRAC0_S 0 1 -29708.9 45488.1 7603.77 3.66235e+06 179472 -896291 1304.93 -5.20254 13.5741
1010101 FRAC0_S 0 1 -29977 45665.6 7681.91 3.76865e+06 1811.66 -372845 1284.09 -0.0612015 6.75179
1010101 FRAC0_S 0 1 -30246.5 45778.5 7835.19 3.51385e+06 -322388 37303.8 1109.7 11.1671 -0.748111
1010101 FRAC0_S 0 1 -30494.1 45818.8 8049.81 4.09182e+06 -75621.7 638720 1546.74 2.18547 -9.78306
1010101 FRAC0_S 0 1 -30698.3 45779.9 8308.21 3.30523e+06 -80531 1.01691e+06 1111.6 2.53737 -16.2555
1010101 FRAC0_S 0 1 -30838 45663.3 8588.6 3.09216e+06 -125544 1.39529e+06 1112.35 3.7583 -20.5735
1010101 FRAC0_S 0 1 -30893.5 45482.1 8867.2 2.99904e+06 -99616.8 1.64482e+06 1162.19 2.90924 -23.079
1010101 FRAC0_S 0 1 -30854.4 45253.5 9113.67 2.30965e+06 -137875 1.4099e+06 741.431 4.91454 -24.1007
1010101 FRAC0_S 0 1 -30728.1 44997.3 9294.13 3.11415e+06 -1623.24 1.57939e+06 1195.95 0.0483932 -22.504
1010101 FRAC0_S 0 1 -30532.8 44741.1 9389.41 2.48076e+06 51941.1 988569 678.614 -2.04987 -19.297
1010101 FRAC0_S 0 1 -30274.9 44501 9393.85 3.5361e+06 100547 898686 1222.55 -3.06934 -14.1601
1010101 FRAC0_S 0 1 -30022.6 44335.1 9317.96 2.70977e+06 -30814.6 302193 666.554 1.41062 -7.42106
1010101 FRAC0_S 0 1 -29753.5 44221.5 9164.79 2.81733e+06 -62983.2 -97257 708.909 2.93004 2.51252
1010101 FRAC0_S 0 1 -29505.9 44181.2 8950.22 3.78117e+06 27352.4 -609251 1323.46 -0.864118 10.1293
1010101 FRAC0_S 0 1 -29301.7 44220.2 8691.87 3.277e+06 24233.4 -1.05171e+06 1104.09 -0.77723 16.9191
1010101 FRAC0_S 0 1 -29162.1 44336.6 8411.24 3.065e+06 13606.7 -1.40864e+06 1101.04 -0.423879 21.2338