
Step FractureNumber TipNr TipActive TipX TipY TipZ KI KII KIII G Phi Psi Extension
1010000 FRAC0_S 0 1 -7500 -36519.8 8621.42 2.97726e+06 200840 18278.7 793.515 -8.52035 -0.44497
1010000 FRAC0_S 0 1 -7500 -36605.3 8918.38 2.99361e+06 225793 49131.6 803.44 -9.33727 -1.16502
1010000 FRAC0_S 0 1 -7500 -36778.4 9174.38 2.65115e+06 -594624 -443404 683.976 20.7467 8.89814
1010000 FRAC0_S 0 1 -7500 -37022.1 9364.37 2.99818e+06 80430.7 114197 803.326 -3.48235 -2.7476
1010000 FRAC0_S 0 1 -7500 -37312.6 9469.74 3.0178e+06 37740.5 134821 814.081 -1.64634 -3.23726
1010000 FRAC0_S 0 1 -7500 -37621.4 9480.19 2.06785e+06 -29060.3 89159.9 382.169 1.8487 -3.12637
1010000 FRAC0_S 0 1 -7500 -37918.4 9394.7 3.0136e+06 -45165 117304 811.289 1.9767 -2.83581
1010000 FRAC0_S 0 1 -7500 -38174.4 9221.63 2.74617e+06 383548 -236461 692.565 -15.043 5.31636
1010000 FRAC0_S 0 1 -7500 -38364.4 8977.91 2.61751e+06 -244335 56931.8 616.274 11.2291 -1.50886
1010000 FRAC0_S 0 1 -7500 -38469.7 8687.42 3.14608e+06 -334631 55877.3 892.389 12.6201 -1.22414
1010000 FRAC0_S 0 1 -7500 -38480.2 8378.58 2.48618e+06 294469 83462.4 559.451 -13.6539 -2.24496
1010000 FRAC0_S 0 1 -7500 -38394.7 8081.62 3.03098e+06 -236216 -63480.7 824.146 9.57692 1.47465
1010000 FRAC0_S 0 1 -7500 -38221.6 7825.62 3.25808e+06 -216321 -63537.3 950.618 8.29836 1.39015
1010000 FRAC0_S 0 1 -7500 -37977.9 7635.63 3.35164e+06 30769.8 -61217.5 1001.6 -1.24535 1.37618
1010000 FRAC0_S 0 1 -7500 -37687.4 7530.26 2.12191e+06 19397.9 -95142.4 402.455 -1.20903 3.25853
1010000 FRAC0_S 0 1 -7500 -37378.6 7519.81 2.8932e+06 63296.4 -124878 748.335 -2.84629 3.10689
1010000 FRAC0_S 0 1 -7500 -37081.6 7605.3 2.71489e+06 486934 -539695 716.664 -17.0345 10.5645
1010000 FRAC0_S 0 1 -7500 -36825.6 7778.37 2.45813e+06 107514 -86743.5 540.47 -5.55984 2.51561
1010000 FRAC0_S 0 1 -7500 -36635.6 8022.09 2.86888e+06 709809 -218136 784.642 -23.7263 4.37235
1010000 FRAC0_S 0 1 -7500 -36530.3 8312.58 3.40928e+06 80214.7 31419.5 1036.45 -3.15319 -0.693418
Step FractureNumber TipNr TipActive TipX TipY TipZ KI KII KIII G Phi Psi Extension
1010101 FRAC0_S 0 1 -7512.84 -36423.9 8633.21 3.50627e+06 -190279 70076.4 1099.39 6.89376 -1.43973
1010101 FRAC0_S 0 1 -7502.96 -36519 8958.28 3.86248e+06 151784 -89557.6 1332.53 -5.08229 1.68647
1010101 FRAC0_S 0 1 -7487.87 -36709.8 9238.59 2.96524e+06 1.34368e+06 671106 1004.3 -32.6779 -9.91197
1010101 FRAC0_S 0 1 -7494.9 -36976.2 9448.54 2.72603e+06 282625 231932 676.469 -11.6776 -5.41349
1010101 FRAC0_S 0 1 -7502.15 -37294.1 9565.45 3.39303e+06 -15224.7 158178 1029.24 0.596368 -3.39453
1010101 FRAC0_S 0 1 -7498.24 -37633.4 9576.96 3.5152e+06 32022 165119 1104.82 -1.2024 -3.40404
1010101 FRAC0_S 0 1 -7503.96 -37959.1 9482.4 3.89446e+06 -303550 334744 1374.63 9.06161 -5.58032
1010101 FRAC0_S 0 1 -7507.25 -38239.4 9291.4 3.51388e+06 -467227 68119.3 1120.35 15.2221 -1.30284
1010101 FRAC0_S 0 1 -7491.29 -38447.7 9023.91 3.75624e+06 205621 -59053.8 1261.51 -6.97623 1.13844
1010101 FRAC0_S 0 1 -7490.11 -38563.2 8705.55 3.40188e+06 106514 182562 1036.69 -3.98185 -3.77731
1010101 FRAC0_S 0 1 -7502.18 -38574.7 8366.79 2.94411e+06 841730 142755 838.234 -26.7826 -2.79075
1010101 FRAC0_S 0 1 -7493.98 -38481.5 8040.86 4.16751e+06 112369 -120443 1550.73 -3.52946 2.11025
1010101 FRAC0_S 0 1 -7489.17 -38292.2 7759.52 2.99012e+06 8158.02 -113000 798.422 -0.36661 2.78938
1010101 FRAC0_S 0 1 -7498 -38024.9 7550.45 3.56262e+06 -140202 -129390 1134.99 5.02823 2.59596
1010101 FRAC0_S 0 1 -7502.84 -37706 7434.52 3.46883e+06 -233732 -168473 1080.88 8.19796 3.33216
1010101 FRAC0_S 0 1 -7510.34 -37367.1 7424.05 3.44436e+06 -305620 -85538.2 1066.46 10.711 1.72311
1010101 FRAC0_S 0 1 -7518.31 -37041.3 7519.03 3.47407e+06 -556091 -139152 1105.62 17.4275 2.56652
1010101 FRAC0_S 0 1 -7522.23 -36761.5 7709.29 3.4237e+06 -621494 -98982 1080.24 19.4212 1.84417
1010101 FRAC0_S 0 1 -7523.92 -36554.1 7977.02 4.01479e+06 -622151 -170623 1474.69 16.9452 2.7267
1010101 FRAC0_S 0 1 -7516.51 -36436.7 8295.07 2.60759e+06 -199263 -87201.8 610.454 9.30754 2.32029