
Step FractureNumber TipNr TipActive TipX TipY TipZ KI KII KIII G Phi Psi Extension
1010000 FRAC0_S 0 1 -36701.2 29696.5 8004.75 2.36305e+06 -1.20988e+06 -2.13794e+06 1235.95 26.518 24.5755
1010000 FRAC0_S 0 1 -36774.5 29942.2 7832.31 1.2767e+06 208551 -1.40205e+06 410.569 -9.74703 30.0948
1010000 FRAC0_S 0 1 -36918.8 30193.6 7725.23 2.14978e+06 730489 -2.04907e+06 1017.8 -19.2096 26.7214
1010000 FRAC0_S 0 1 -37120 30426 7694 2.1619e+06 1.64014e+06 -1.80125e+06 1087.72 -34.9819 21.6639
1010000 FRAC0_S 0 1 -37358.5 30616.7 7741.65 1.4247e+06 1.81451e+06 -517335 509.86 -51.2917 10.116
1010000 FRAC0_S 0 1 -37610.7 30747.1 7863.54 2.18516e+06 3.1145e+06 -845455 1384.94 -52.9745 10.1067
1010000 FRAC0_S 0 1 -37852.1 30804.4 8047.73 2.2334e+06 3.39302e+06 -204247 1475.92 -57.765 2.69182
1010000 FRAC0_S 0 1 -38059 30782.9 8276.19 1.66735e+06 2.7881e+06 190797 945.273 -58.8042 -3.1474
1010000 FRAC0_S 0 1 -38211.3 30684.8 8526.56 2.30083e+06 2.99182e+06 1.21866e+06 1466.88 -49.5487 -13.4426
1010000 FRAC0_S 0 1 -38293.9 30519.6 8774.33 1.29664e+06 1.39818e+06 1.15973e+06 502.901 -41.5725 -20.4808
1010000 FRAC0_S 0 1 -38298.8 30303.5 8995.25 2.02016e+06 1.10708e+06 1.9232e+06 964.806 -27.325 -24.917
1010000 FRAC0_S 0 1 -38225.5 30057.8 9167.69 1.49254e+06 414192 1.77338e+06 632.063 -14.8701 -29.9238
1010000 FRAC0_S 0 1 -38081.2 29806.4 9274.77 2.23188e+06 -814478 2.284e+06 1196.81 19.7576 -27.3633
1010000 FRAC0_S 0 1 -37880 29574 9306 1.7543e+06 -1.48136e+06 1.60581e+06 812.746 36.2828 -22.2406
1010000 FRAC0_S 0 1 -37641.5 29383.3 9258.35 2.14602e+06 -2.49722e+06 1.43356e+06 1239.42 45.7109 -16.5642
1010000 FRAC0_S 0 1 -37389.3 29252.9 9136.46 911099 -1.79749e+06 564448 404.256 55.7734 -12.47
1010000 FRAC0_S 0 1 -37147.9 29195.6 8952.27 2.14224e+06 -3.25854e+06 128102 1357.3 58.1966 -1.78952
1010000 FRAC0_S 0 1 -36941 29217.1 8723.81 1.88476e+06 -2.73623e+06 -514343 1018.9 54.7223 7.48126
1010000 FRAC0_S 0 1 -36788.7 29315.2 8473.44 2.33043e+06 -2.90428e+06 -1.2199e+06 1433.5 48.8215 13.563
1010000 FRAC0_S 0 1 -36706.1 29480.4 8225.67 2.11358e+06 -1.97171e+06 -1.66097e+06 1111.43 39.7965 19.7889
Step FractureNumber TipNr TipActive TipX TipY TipZ KI KII KIII G Phi Psi Extension
1010101 FRAC0_S 0 1 -36611.7 29690.8 7980.01 4.00041e+06 -270024 -2.45e+06 2230.89 5.51212 24.0498
1010101 FRAC0_S 0 1 -36709.5 29933.9 7766.07 2.83399e+06 -459172 -2.42428e+06 1516.13 10.792 27.1401
1010101 FRAC0_S 0 1 -36885.3 30190 7634.61 2.7111e+06 -112633 -2.33926e+06 1383.89 3.02085 28.5661
1010101 FRAC0_S 0 1 -37120.7 30425.5 7597.48 3.10527e+06 16496.4 -1.99362e+06 1387.9 -0.450751 25.3866
1010101 FRAC0_S 0 1 -37390.1 30614.2 7648.9 3.8487e+06 35685.6 -1.71271e+06 1710.19 -0.889757 20.778
1010101 FRAC0_S 0 1 -37663.1 30744 7779.51 4.56795e+06 81280.8 -1.11258e+06 2024.6 -1.96102 13.831
1010101 FRAC0_S 0 1 -37918.9 30799.4 7974.59 4.75155e+06 295227 -285925 2030.5 -7.53608 4.08728
1010101 FRAC0_S 0 1 -38138.1 30777.6 8216.77 5.01911e+06 268720 553146 2291.94 -6.29269 -7.09072
1010101 FRAC0_S 0 1 -38300.9 30683.5 8485.81 3.02783e+06 453699 1.05632e+06 983.683 -13.2976 -16.3687
1010101 FRAC0_S 0 1 -38390.4 30520.6 8759.53 4.0617e+06 486527 2.16991e+06 2117.41 -9.77165 -21.7507
1010101 FRAC0_S 0 1 -38394.1 30302 9012.52 3.55695e+06 152985 2.62715e+06 2047.45 -3.33898 -26.6647
1010101 FRAC0_S 0 1 -38302 30053.8 9220.8 2.04793e+06 -207427 1.91201e+06 863.782 6.79497 -28.8403
1010101 FRAC0_S 0 1 -38119.8 29804.6 9359.06 3.05178e+06 -105170 2.42887e+06 1615.52 2.61111 -27.6771
1010101 FRAC0_S 0 1 -37874.7 29571.7 9370.92 3.08107e+06 -373848 1.9395e+06 1358.68 9.36617 -23.7782
1010101 FRAC0_S 0 1 -37611.7 29383.2 9351.8 3.3572e+06 -561819 1.4432e+06 1309.48 13.8999 -18.6027
1010101 FRAC0_S 0 1 -37337.6 29256.4 9220.48 4.49918e+06 -223089 1.08198e+06 1963.95 5.27755 -13.3934
1010101 FRAC0_S 0 1 -37080.5 29200.4 9024.92 5.45449e+06 -605729 354236 2700.54 12.5962 -4.20688
1010101 FRAC0_S 0 1 -36861.3 29218.8 8782.64 4.31912e+06 -340509 -542314 1711.77 8.86421 7.77301
1010101 FRAC0_S 0 1 -36698.6 29313.7 8513.24 4.79494e+06 -574083 -1.44736e+06 2356.75 11.2944 15.0743
1010101 FRAC0_S 0 1 -36609.4 29477.7 8239.13 2.71276e+06 -292725 -1.45927e+06 946.621 8.87801 21.9684