
Step FractureNumber TipNr TipActive TipX TipY TipZ KI KII KIII G Phi Psi Extension
1010000 FRAC0_S 0 1 -14566.1 371.756 7694.36 -4.26734e+06 -1.07371e+06 219783 109.155 24.4221 -3.03128
1010000 FRAC0_S 0 1 -14797.4 574.708 7722.7 -3.41048e+06 1.0478e+07 8.37518e+06 19112.4 -50.3839 -24.6722
1010000 FRAC0_S 0 1 -15048.5 721.403 7827.14 1.46742e+07 -8.19851e+06 5.39297e+06 29046 34.7182 -13.6808
1010000 FRAC0_S 0 1 -15294.9 797.482 7997.43 1.02978e+07 -7.40036e+06 -6.22702e+06 19487 36.6066 18.0656
1010000 FRAC0_S 0 1 -15512.4 795.499 8216.93 254503 892031 781295 157.865 -49.7926 -26.1911
1010000 FRAC0_S 0 1 -15679.8 715.646 8464.13 3.56991e+06 1.38104e+06 2.72141e+06 2290.61 -22.9322 -23.515
1010000 FRAC0_S 0 1 -15780.6 565.741 8714.84 5.20137e+06 -90682 3.11605e+06 3702.94 1.50177 -24.3745
1010000 FRAC0_S 0 1 -15805.5 368.244 8937.26 9.61329e+06 -2.93385e+06 5.20119e+06 12600.1 21.2297 -20.0241
1010000 FRAC0_S 0 1 -15750.6 119.889 9130.69 1.02536e+07 -5.35507e+06 4.59689e+06 14734.6 32.1873 -16.0374
1010000 FRAC0_S 0 1 -15622.8 -132.414 9255.13 1.9134e+07 -3.10523e+06 513219 33518.5 17.8032 -1.74262
1010000 FRAC0_S 0 1 -15433.9 -371.756 9305.64 2.72065e+06 -492193 6.8808e+06 6978.11 6.66032 -37.8369
1010000 FRAC0_S 0 1 -15202.6 -574.708 9277.3 4.01163e+06 -1.43489e+07 2.3224e+06 20498.3 63.435 -8.34224
1010000 FRAC0_S 0 1 -14951.5 -721.403 9172.86 8.56401e+06 -6.4652e+06 -1.83526e+06 10708.2 43.3831 8.09748
1010000 FRAC0_S 0 1 -14705.1 -797.482 9002.57 9.10073e+06 -5.67657e+06 -3.4405e+06 11826.1 36.8269 13.5536
1010000 FRAC0_S 0 1 -14487.6 -795.499 8783.07 7.066e+06 -3.02389e+06 -3.6037e+06 6991.14 27.5021 18.2415
1010000 FRAC0_S 0 1 -14320.2 -715.646 8535.87 1.21928e+07 6.7786e+06 -7.55028e+06 24923.9 -31.2095 19.5309
1010000 FRAC0_S 0 1 -14219.4 -565.741 8285.16 1.13425e+06 421057 -1.25075e+06 338.501 -19.4313 28.2107
1010000 FRAC0_S 0 1 -14195 -360.457 8055.47 -190470 540074 -427538 50.3024 -50.0654 24.2982
1010000 FRAC0_S 0 1 -14249.4 -119.889 7869.31 -2.46715e+06 219294 232736 11.4893 -10.122 -6.0089
1010000 FRAC0_S 0 1 -14377.2 132.414 7744.87 -3.03545e+06 -713106 453977 72.7249 21.7404 -8.04082
Step FractureNumber TipNr TipActive TipX TipY TipZ KI KII KIII G Phi Psi Extension
1010101 FRAC0_S 0 1 -14522 407.443 7633.08 -2.2607e+07 5.3976e+06 -6.45003e+06 8129.31 -20.2142 13.4454
1010101 FRAC0_S 0 1 -14789.9 608.786 7656.99 -5.09591e+06 -1.5099e+06 -1.0599e+06 352.565 24.8598 10.1538
1010101 FRAC0_S 0 1 -15039.4 790.83 7790.3 -3.09765e+06 -680143 -175629 45.3243 22.0137 3.4
1010101 FRAC0_S 0 1 -15301.9 872.31 7972.79 -1.26155e+06 465133 358753 36.3964 -27.7431 -12.4416
1010101 FRAC0_S 0 1 -15570.1 835.319 8177.57 -1.11577e+07 1.44076e+07 6.4092e+06 23960.8 -48.8709 -14.3089
1010101 FRAC0_S 0 1 -15761.5 754.432 8441.38 4.56992e+06 -705042 2.61077e+06 2811.82 11.9575 -22.2067
1010101 FRAC0_S 0 1 -15854.6 619.917 8735.73 8.62121e+06 -6.17866e+06 8.95465e+06 20689.7 31.6788 -24.7139
1010101 FRAC0_S 0 1 -15860.3 412.87 9002.96 1.26782e+07 -3.25419e+06 6.31211e+06 20566 18.9828 -19.4762
1010101 FRAC0_S 0 1 -15791.7 155.356 9211.42 1.30052e+07 -170915 5.2555e+06 18747.7 1.29219 -19.5576
1010101 FRAC0_S 0 1 -15672.5 -107.69 9337.24 -3.99339e+06 -9.0367e+06 1.05287e+07 22020.3 43.402 -28.268
1010101 FRAC0_S 0 1 -15452.3 -379.474 9393.82 1.71498e+07 -1.16067e+06 2.16313e+06 26951 7.7118 -7.87268
1010101 FRAC0_S 0 1 -15179.8 -572.928 9364.93 1.64132e+07 2.04515e+06 -1.01797e+06 24516.1 -13.9291 3.98667
1010101 FRAC0_S 0 1 -14904.6 -729.219 9257.99 1.50072e+07 2.65892e+06 -1.37308e+06 20949.9 -18.1864 5.4536
1010101 FRAC0_S 0 1 -14646.8 -827.046 9075.55 1.24905e+07 760325 -3.25549e+06 15363.3 -6.30026 14.1001
1010101 FRAC0_S 0 1 -14429.3 -848.366 8821.25 9.55915e+06 -1.00006e+06 -2.94098e+06 9382.11 9.98673 15.426
1010101 FRAC0_S 0 1 -14273.7 -791.091 8525.56 6.12064e+06 -3.72484e+06 847705 4670.19 40.2736 -5.97608
1010101 FRAC0_S 0 1 -14182.5 -642.248 8240.31 1.65142e+06 -1.08265e+06 -1.64331e+06 706.631 30.3439 24.6312
1010101 FRAC0_S 0 1 -14160.9 -418.135 7990.72 -2.29307e+06 3.90375e+06 -2.72689e+06 2346.95 -47.8483 20.7536
1010101 FRAC0_S 0 1 -14199.9 -113.569 7789.55 -1.46894e+07 3.98943e+06 -2.67977e+06 2373.33 -23.7075 9.26688
1010101 FRAC0_S 0 1 -14305.2 158.345 7689.2 -1.57948e+06 -1.04783e+07 169544 9787.67 68.5677 -1.0752