
Step FractureNumber TipNr TipActive TipX TipY TipZ KI KII KIII G Phi Psi Extension
1010000 FRAC0_S 0 1 14917.7 -29015.8 8500 -1.09375e+06 6.60181e+06 -2.44367e+06 4677.97 -61.4796 16.882
1010000 FRAC0_S 0 1 14617.5 -29089.3 8500 -1.00859e+06 7.14234e+06 -818044 4634.78 -67.0965 6.83971
1010000 FRAC0_S 0 1 14354.9 -29252.1 8500 -9.57653e+06 6.0933e+06 212994 3314.53 -43.4071 -1.04007
1010000 FRAC0_S 0 1 14155.3 -29488 8500 -954378 6.8038e+06 2.39957e+06 4890.86 -62.3684 -16.5844
1010000 FRAC0_S 0 1 14038.5 -29774.1 8500 -723857 4.31478e+06 2.95324e+06 2818.97 -55.1813 -24.3171
1010000 FRAC0_S 0 1 14015.7 -30082.3 8500 -1.00322e+06 3.52751e+06 4.8289e+06 4210.15 -42.821 -31.4584
1010000 FRAC0_S 0 1 14089.3 -30382.4 8500 -949837 1.09189e+06 5.44847e+06 4054.45 -18.9211 -39.2769
1010000 FRAC0_S 0 1 14252.1 -30645.1 8500 -728361 -1.21128e+06 4.64869e+06 3004.92 23.3732 -38.6069
1010000 FRAC0_S 0 1 14488.1 -30844.6 8500 -900280 -3.91616e+06 4.97459e+06 4657.91 44.7978 -31.1113
1010000 FRAC0_S 0 1 14774.1 -30961.5 8500 -921183 -6.07627e+06 3.89925e+06 5312.19 56.3013 -23.6857
1010000 FRAC0_S 0 1 15082.3 -30984.2 8500 -968645 -7.61394e+06 2.43574e+06 5954.96 63.3174 -15.6302
1010000 FRAC0_S 0 1 15382.5 -30910.7 8500 -906714 -8.37151e+06 786593 6327.31 68.0187 -5.89435
1010000 FRAC0_S 0 1 15645.1 -30747.9 8500 -9.98786e+06 -6.86353e+06 185597 4202.38 45.0397 -0.8458
1010000 FRAC0_S 0 1 15844.7 -30512 8500 -1.04421e+06 -7.73882e+06 -2.72176e+06 6321.99 62.4994 16.606
1010000 FRAC0_S 0 1 15961.5 -30225.9 8500 -766067 -4.49969e+06 -3.07174e+06 3059.17 55.1682 24.2578
1010000 FRAC0_S 0 1 15984.3 -29917.7 8500 -1.04315e+06 -3.75592e+06 -4.90882e+06 4461.9 43.687 31.0033
1010000 FRAC0_S 0 1 15910.7 -29617.6 8500 9.35849e+06 -166140 -5.94571e+06 12508.6 1.49543 25.1033
1010000 FRAC0_S 0 1 15747.9 -29354.9 8500 -860157 859376 -4.06651e+06 2265.16 -19.2494 38.5192
1010000 FRAC0_S 0 1 15511.9 -29155.4 8500 2.42117e+06 3.62241e+06 -4.28309e+06 4131.53 -40.4961 26.6744
1010000 FRAC0_S 0 1 15225.9 -29038.5 8500 1.22585e+07 6.93218e+06 -3.67075e+06 19464.8 -36.0155 11.6733
Step FractureNumber TipNr TipActive TipX TipY TipZ KI KII KIII G Phi Psi Extension
1010101 FRAC0_S 0 1 14916.5 -28963.3 8418.34 -4.82424e+06 1.53008e+07 -3.10184e+06 22141.6 -61.8486 9.82801
1010101 FRAC0_S 0 1 14597.2 -29045.8 8414.79 1.55423e+07 3.62889e+06 -1.01858e+06 22837.2 -22.902 3.85113
1010101 FRAC0_S 0 1 14317.5 -29209.6 8420.46 8.88884e+06 5.9082e+06 1.95707e+06 10660.7 -40.6649 -8.66101
1010101 FRAC0_S 0 1 14109.8 -29459 8418 1.43157e+07 7.30396e+06 7.26213e+06 30030.1 -30.928 -17.5262
1010101 FRAC0_S 0 1 13982.5 -29763.1 8419.81 5.47666e+06 3.47973e+06 4.361e+06 6281.17 -31.8018 -22.0036
1010101 FRAC0_S 0 1 13943.5 -30091.3 8437.39 3.54843e+06 3.26234e+06 6.08732e+06 6998.78 -30.9322 -29.462
1010101 FRAC0_S 0 1 14010.1 -30417.3 8476.71 1.47544e+06 1.21168e+06 5.40782e+06 4214.34 -19.3874 -37.3803
1010101 FRAC0_S 0 1 14186.4 -30699.4 8529.34 2.79887e+06 -3.92532e+06 1.31753e+07 25158.5 24.8923 -37.1771
1010101 FRAC0_S 0 1 14449.1 -30903.5 8565.95 4.26002e+06 -3.54701e+06 6.31974e+06 8050.17 30.7388 -28.2897
1010101 FRAC0_S 0 1 14759.5 -31014.9 8581.55 9.74552e+06 -8.57084e+06 6.95253e+06 21438.1 39.4327 -18.9629
1010101 FRAC0_S 0 1 15084.6 -31028.8 8588.66 1.23037e+07 -4.48259e+06 2.82316e+06 16340.2 28.3452 -10.5456
1010101 FRAC0_S 0 1 15402.2 -30952.5 8586.39 1.12717e+07 -5.09888e+06 471354 13667.8 35.9689 -2.15713
1010101 FRAC0_S 0 1 15681.7 -30789.3 8580.74 9.47556e+06 -5.49766e+06 -1.9895e+06 11220.6 38.0214 8.69439
1010101 FRAC0_S 0 1 15889.8 -30540.6 8582.56 7.70772e+06 -3.00878e+06 -3.00309e+06 7300.09 27.3361 15.4923
1010101 FRAC0_S 0 1 16017.2 -30236.9 8580.48 6.44812e+06 -3.80777e+06 -4.88705e+06 8173.52 30.7776 21.7357
1010101 FRAC0_S 0 1 16057.2 -29908.3 8555.71 8.42391e+06 1.7181e+06 -3.84874e+06 8556.59 -16.1368 18.9599
1010101 FRAC0_S 0 1 15992.6 -29581.3 8510.33 1.62494e+06 -1.31213e+06 -1.39307e+06 646.814 35.9956 21.6783
1010101 FRAC0_S 0 1 15816.5 -29298.1 8467.93 996625 894507 -6.26546e+06 5380.85 -14.5115 40.4438
1010101 FRAC0_S 0 1 15554.1 -29087.7 8444.59 3.02969e+06 3.90585e+06 -6.79226e+06 8313.3 -34.1663 30.5143
1010101 FRAC0_S 0 1 15243.9 -28970.9 8432.4 8.42217e+06 6.27419e+06 -6.59622e+06 15615.5 -35.1752 20.9966