
Step FractureNumber TipNr TipActive TipX TipY TipZ KI KII KIII G Phi Psi Extension
1010000 FRAC0_S 0 1 -14124.7 15457.6 8500 244456 -1.09868e+06 -662345 171.236 55.6885 22.1613
1010000 FRAC0_S 0 1 -14309 15705.7 8500 1.09554e+07 -976961 -554603 10821 10.5249 3.39924
1010000 FRAC0_S 0 1 -14560.8 15884.7 8500 319668 -307699 -857553 115.351 26.0045 34.0396
1010000 FRAC0_S 0 1 -14855.7 15977.1 8500 293057 122593 -894960 115.519 -12.483 37.8752
1010000 FRAC0_S 0 1 -15164.7 15973.8 8500 308762 556523 -835566 128.951 -38.3141 30.3543
1010000 FRAC0_S 0 1 -15457.6 15875.3 8500 548630 1.15785e+06 -846722 241.637 -49.0929 22.2379
1010000 FRAC0_S 0 1 -15705.7 15691 8500 261419 911514 -386540 99.9995 -57.9153 17.3061
1010000 FRAC0_S 0 1 -15884.7 15439.2 8500 364122 1.34744e+06 -212554 179.611 -63.7122 8.21383
1010000 FRAC0_S 0 1 -15977.1 15144.3 8500 278174 1.3769e+06 73642.7 176.557 -67.1008 -3.26288
1010000 FRAC0_S 0 1 -15973.8 14835.3 8500 356528 1.29433e+06 339688 175.96 -61.4367 -12.3497
1010000 FRAC0_S 0 1 -15875.3 14542.4 8500 325129 1.02809e+06 559841 145.291 -55.0205 -19.9999
1010000 FRAC0_S 0 1 -15678.6 14282.1 8500 934486 814790 549268 177.101 -40.8314 -16.7547
1010000 FRAC0_S 0 1 -15439.2 14115.3 8500 310054 376387 840842 115.223 -30.2506 -32.9403
1010000 FRAC0_S 0 1 -15144.3 14022.9 8500 -2.68156e+06 -273675 752235 81.9333 9.95298 -14.4675
1010000 FRAC0_S 0 1 -14835.3 14026.2 8500 304219 -382283 811949 108.951 31.1607 -32.5758
1010000 FRAC0_S 0 1 -14542.4 14124.7 8500 297176 -733268 661882 114.048 47.5188 -25.4586
1010000 FRAC0_S 0 1 -14301.9 14301.2 8500 302850 -1.03037e+06 488200 134.477 56.7966 -18.5358
1010000 FRAC0_S 0 1 -14115.3 14560.8 8500 298949 -1.17797e+06 258769 140.52 62.7725 -10.8953
1010000 FRAC0_S 0 1 -14022.9 14855.7 8500 315417 -1.21879e+06 -50888.5 141.577 66.2617 2.47014
1010000 FRAC0_S 0 1 -14026.2 15164.7 8500 3.06975e+06 -962639 -316571 935.619 27.5592 5.50294
Step FractureNumber TipNr TipActive TipX TipY TipZ KI KII KIII G Phi Psi Extension
1010101 FRAC0_S 0 1 -14060.7 15491.9 8557.43 739699 -1.4511e+06 -1.43982e+06 512.113 44.7735 25.7429
1010101 FRAC0_S 0 1 -14252.1 15767.4 8540.75 624465 -413451 -575943 94.0991 31.2721 23.6333
1010101 FRAC0_S 0 1 -14520.1 15966.6 8521.08 546580 -299529 -892347 140.522 22.0434 31.3426
1010101 FRAC0_S 0 1 -14841.9 16064.8 8484.65 38368.4 -3.37657e+06 2.04284e+06 1571.13 59.8212 -24.572
1010101 FRAC0_S 0 1 -15175.3 16051.2 8444.7 5.1041e+06 -2.43876e+06 -761893 2928.67 35.0757 6.87812
1010101 FRAC0_S 0 1 -15485.5 15932.9 8425.53 667130 -150762 -617634 92.4206 13.931 27.4507
1010101 FRAC0_S 0 1 -15742.2 15729 8416.33 800260 -110971 -623153 109.811 9.75905 26.2349
1010101 FRAC0_S 0 1 -15923.6 15459.7 8410.96 -2.21422e+06 -2.43806e+06 -1.26953e+06 744.038 45.774 15.2051
1010101 FRAC0_S 0 1 -16018 15150.1 8409.57 -3.91002e+06 -3.31887e+06 -2.90749e+06 2105.85 38.3347 19.6582
1010101 FRAC0_S 0 1 -16019.7 14826.1 8412.58 1.13075e+06 114068 -82852 116.008 -11.5115 4.739
1010101 FRAC0_S 0 1 -15925.7 14513.6 8420.73 1.07219e+06 4.22544e+06 3.68249e+06 3497.01 -50.3766 -26.4363
1010101 FRAC0_S 0 1 -15739.8 14241.2 8434.23 830400 238504 534212 104.472 -19.2791 -22.3278
1010101 FRAC0_S 0 1 -15475.1 14038.7 8462.79 624179 155844 703929 102.785 -13.9307 -29.5746
1010101 FRAC0_S 0 1 -15157.5 13933.7 8508.98 459383 28476.7 623760 70.6245 -3.54049 -33.3774
1010101 FRAC0_S 0 1 -14823.9 13944.6 8548.63 623472 213036 705401 104.862 -18.0067 -28.7772
1010101 FRAC0_S 0 1 -14513.3 14064.1 8570.73 554202 125811 611413 78.4986 -12.9745 -29.5315
1010101 FRAC0_S 0 1 -14256.6 14269.8 8582.51 2.70865e+06 -679128 542463 734.017 22.1013 -10.1371
1010101 FRAC0_S 0 1 -14075.1 14539.6 8588.26 807402 95544.1 401986 80.3959 -9.87522 -20.8965
1010101 FRAC0_S 0 1 -13970.9 14851.4 8579.57 1.11653e+06 -182390 314828 127.234 14.929 -13.9611
1010101 FRAC0_S 0 1 -13960 15177.1 8566.67 1.09521e+06 -526158 -96616.3 132.797 36.3112 4.2822