
Step FractureNumber TipNr TipActive TipX TipY TipZ KI KII KIII G Phi Psi Extension
1010000 FRAC0_S 0 1 -45000 15987.2 8471.27 -3.95386e+06 2.62508e+06 1.75206e+06 1022.34 -37.1636 -14.9443
1010000 FRAC0_S 0 1 -45000 15947.8 8777.76 -4.30131e+06 1.69859e+06 2.03331e+06 806.967 -26.4727 -17.6286
1010000 FRAC0_S 0 1 -45000 15815.6 9057.06 -4.56156e+06 1.10241e+06 2.16947e+06 734.275 -18.3161 -19.0709
1010000 FRAC0_S 0 1 -45000 15603.5 9281.83 -4.8116e+06 258310 2.27949e+06 697.021 -4.83413 -21.0179
1010000 FRAC0_S 0 1 -45000 15332.4 9430.08 -4.65759e+06 -826718 2.02488e+06 606.221 14.5647 -18.6334
1010000 FRAC0_S 0 1 -45000 15028.7 9487.27 -4.49993e+06 -1.53769e+06 1.6568e+06 575.783 25.1826 -15.2653
1010000 FRAC0_S 0 1 -45000 14722.2 9447.82 -4.24414e+06 -2.12475e+06 1.12319e+06 570.08 34.0739 -10.9518
1010000 FRAC0_S 0 1 -45000 14442.9 9315.6 -5.03368e+06 -3.16546e+06 670772 952.737 41.0474 -5.70989
1010000 FRAC0_S 0 1 -45000 14218.2 9103.54 -4.15404e+06 -2.77657e+06 -88730.5 688.027 44.4257 0.980714
1010000 FRAC0_S 0 1 -45000 14070 8832.4 -4.43513e+06 -2.86157e+06 -1.07317e+06 882.861 39.6824 9.45848
1010000 FRAC0_S 0 1 -45000 14012.8 8528.73 -4.27954e+06 -2.42894e+06 -1.77391e+06 944.245 34.3493 14.8688
1010000 FRAC0_S 0 1 -45000 14052.2 8222.24 -3.56782e+06 -1.10617e+06 -2.23242e+06 771.868 20.6275 21.7647
1010000 FRAC0_S 0 1 -45000 14184.4 7942.94 -3.09532e+06 546650 -2.27566e+06 715.386 -12.3354 25.1152
1010000 FRAC0_S 0 1 -45000 14396.5 7718.17 -2.77462e+06 878717 -1.99739e+06 599.42 -20.078 23.4479
1010000 FRAC0_S 0 1 -45000 14667.6 7569.92 -2.26165e+06 2.48611e+06 -1.4622e+06 835.121 -44.8288 16.5363
1010000 FRAC0_S 0 1 -45000 14971.3 7512.73 -3.6509e+06 3.69492e+06 -1.77639e+06 1636.26 -45.2221 13.9378
1010000 FRAC0_S 0 1 -45000 15277.8 7552.18 -3.24621e+06 3.20133e+06 -1.23928e+06 1117.51 -46.1645 11.7175
1010000 FRAC0_S 0 1 -45000 15557.1 7684.4 -3.64451e+06 3.7791e+06 -185203 1277.2 -52.2664 1.87901
1010000 FRAC0_S 0 1 -45000 15781.8 7896.46 -3.64468e+06 3.68123e+06 59521.3 1208.04 -52.391 -0.626481
1010000 FRAC0_S 0 1 -45000 15930 8167.6 -3.74706e+06 3.06688e+06 1.23294e+06 1040.32 -43.1897 -11.1764
Step FractureNumber TipNr TipActive TipX TipY TipZ KI KII KIII G Phi Psi Extension
1010101 FRAC0_S 0 1 -45058.5 16065.8 8470.28 -1.67946e+06 3.76203e+06 1.72208e+06 1655.58 -54.217 -16.8437
1010101 FRAC0_S 0 1 -45045.2 16030.3 8803.16 -2.07521e+06 2.44876e+06 1.40972e+06 798.652 -45.8545 -16.6685
1010101 FRAC0_S 0 1 -45029 15891.5 9109.84 -4.02402e+06 2.19864e+06 2.16583e+06 1054.64 -31.8855 -17.939
1010101 FRAC0_S 0 1 -45005.7 15661.7 9357.44 -4.50626e+06 1.16658e+06 2.50997e+06 959.164 -18.5363 -20.8206
1010101 FRAC0_S 0 1 -44978.9 15364.6 9517.97 -4.99075e+06 -2.60074e+06 2.74057e+06 1601.65 30.8049 -18.3676
1010101 FRAC0_S 0 1 -44958.4 15032.3 9575.15 -3.91474e+06 -3.94558e+06 2.0316e+06 1936.17 44.7049 -14.6276
1010101 FRAC0_S 0 1 -44944.9 14700.6 9525.75 -2.12299e+06 -4.42023e+06 611307 1790.77 59.7758 -6.42366
1010101 FRAC0_S 0 1 -44935.7 14401.7 9377.52 -1.49502e+06 -4.35005e+06 592215 1732.87 62.6407 -6.89652
1010101 FRAC0_S 0 1 -44932.6 14161.1 9147.4 -1.44942e+06 -5.76247e+06 -123641 2961.02 66.781 1.30533
1010101 FRAC0_S 0 1 -44936.5 13998.9 8856.86 -1.47005e+06 -5.08623e+06 -994074 2436.68 62.5443 9.69741
1010101 FRAC0_S 0 1 -44947 13930.9 8529.82 -2.19996e+06 -4.14391e+06 -1.80509e+06 1963.55 53.0913 15.6587
1010101 FRAC0_S 0 1 -44973.6 13966.4 8195.9 -3.29046e+06 -2.47331e+06 -2.64337e+06 1474.44 35.1284 21.2623
1010101 FRAC0_S 0 1 -45010.5 14107.2 7890.22 -2.55557e+06 255047 -2.40015e+06 771.971 -6.68477 28.9264
1010101 FRAC0_S 0 1 -45040.1 14341.6 7650.52 -2.26723e+06 2.39575e+06 -2.51724e+06 1354.21 -38.9193 23.2893
1010101 FRAC0_S 0 1 -45061.5 14640.8 7500.35 -677482 3.23394e+06 -1.92869e+06 1426.69 -56.0601 22.1603
1010101 FRAC0_S 0 1 -45071.2 14969.1 7444.21 275521 3.33963e+06 -1.2058e+06 1194 -63.3911 17.4446
1010101 FRAC0_S 0 1 -45073.6 15295.6 7488.71 771371 3.45648e+06 -524601 1154.24 -64.7946 8.20796
1010101 FRAC0_S 0 1 -45077.4 15591.3 7633.19 956007 3.53471e+06 81602.8 1195.68 -66.3951 -1.38157
1010101 FRAC0_S 0 1 -45076.5 15831.8 7859.04 546018 4.46647e+06 695934 1868.67 -66.6866 -9.01878
1010101 FRAC0_S 0 1 -45069.1 15996.4 8145.43 -345817 4.0883e+06 1.13582e+06 1660.99 -65.0469 -14.5335