
Step FractureNumber TipNr TipActive TipX TipY TipZ KI KII KIII G Phi Psi Extension
1010000 FRAC0_S 0 1 -44243.4 14863.4 7879.98 955466 -918979 -1.08131e+06 312.114 36.761 24.1184
1010000 FRAC0_S 0 1 -44366.7 15115.7 7750.97 779770 -379001 -1.03298e+06 208.901 22.1159 29.4315
1010000 FRAC0_S 0 1 -44552 15356.7 7695.29 1.07119e+06 176933 -1.52888e+06 415.924 -8.63574 32.9405
1010000 FRAC0_S 0 1 -44781.1 15562.7 7718.37 671162 606986 -996302 204.99 -32.3766 27.8351
1010000 FRAC0_S 0 1 -45031.6 15713.7 7817.96 972098 1.4695e+06 -1.19294e+06 465.904 -45.1612 22.0463
1010000 FRAC0_S 0 1 -45279.1 15794.8 7984.32 798827 1.63282e+06 -687871 357.37 -54.101 15.5949
1010000 FRAC0_S 0 1 -45499.3 15798.1 8201.16 1.1532e+06 2.3527e+06 -169695 615.575 -60.9324 3.53078
1010000 FRAC0_S 0 1 -45670.6 15723.3 8447.25 886156 2.27327e+06 132315 532.803 -63.2989 -3.08197
1010000 FRAC0_S 0 1 -45776.2 15577.6 8698.5 1.07716e+06 1.70953e+06 999428 496.664 -48.9423 -18.2903
1010000 FRAC0_S 0 1 -45805.8 15375.5 8930.32 1.17438e+06 1.88182e+06 1.17028e+06 620.61 -48.4573 -19.0676
1010000 FRAC0_S 0 1 -45756.6 15136.6 9120.02 878242 1.07004e+06 1.32502e+06 404.268 -38.2855 -26.1668
1010000 FRAC0_S 0 1 -45633.3 14884.3 9249.03 768919 349659 1.29082e+06 285.185 -18.843 -32.3163
1010000 FRAC0_S 0 1 -45448 14643.3 9304.71 1.1044e+06 -358035 1.69396e+06 501.756 14.9797 -32.356
1010000 FRAC0_S 0 1 -45218.9 14437.3 9281.63 1.06478e+06 -1.15409e+06 1.55269e+06 540.357 36.2852 -26.5184
1010000 FRAC0_S 0 1 -44968.4 14286.3 9182.04 966425 -1.56585e+06 1.02641e+06 441.833 48.0486 -19.7519
1010000 FRAC0_S 0 1 -44720.9 14205.2 9015.68 1.0152e+06 -1.93906e+06 631731 479.967 55.2351 -12.7168
1010000 FRAC0_S 0 1 -44500.7 14201.9 8798.84 1.10667e+06 -2.19093e+06 225835 543.659 59.9884 -4.86386
1010000 FRAC0_S 0 1 -44329.4 14276.7 8552.75 1.13095e+06 -2.11308e+06 -217780 518.169 59.3747 4.77632
1010000 FRAC0_S 0 1 -44223.8 14422.4 8301.5 1.15604e+06 -1.95754e+06 -633672 513.962 54.0324 12.2464
1010000 FRAC0_S 0 1 -44194.2 14624.5 8069.68 1.12487e+06 -1.73034e+06 -1.06646e+06 530.821 48.144 18.7709
Step FractureNumber TipNr TipActive TipX TipY TipZ KI KII KIII G Phi Psi Extension
1010101 FRAC0_S 0 1 -44150.8 14887.7 7863.46 1.99522e+06 -81571.8 -1.43305e+06 628.462 3.21592 26.3457
1010101 FRAC0_S 0 1 -44293.1 15144.6 7700.47 1.58974e+06 -16813.9 -1.45144e+06 505.419 0.767649 29.5874
1010101 FRAC0_S 0 1 -44516.7 15382.6 7614.11 1.82625e+06 -156888 -1.48724e+06 593.572 6.18603 27.3665
1010101 FRAC0_S 0 1 -44788.9 15580.5 7624.78 2.38854e+06 447311 -1.87216e+06 992.376 -12.6696 25.7987
1010101 FRAC0_S 0 1 -45072.1 15723.1 7729.37 1.96405e+06 331576 -1.13662e+06 525.364 -12.8715 22.2114
1010101 FRAC0_S 0 1 -45340.4 15794.7 7906.93 3.10393e+06 678187 -958685 1021.74 -18.595 14.4237
1010101 FRAC0_S 0 1 -45573.1 15787.9 8135.74 1.74218e+06 148294 -131269 274.716 -9.89237 4.92531
1010101 FRAC0_S 0 1 -45754.1 15709.8 8396.39 2.40907e+06 56763.5 367518 535.411 -2.77667 -9.56227
1010101 FRAC0_S 0 1 -45868.6 15566 8666.26 2.2086e+06 469263 477453 484.614 -19.2727 -11.0471
1010101 FRAC0_S 0 1 -45902.3 15359 8918.96 1.75911e+06 312661 991287 415.15 -13.5611 -21.7867
1010101 FRAC0_S 0 1 -45848.7 15112.2 9136.47 1.51821e+06 151890 1.27844e+06 424.829 -7.02613 -27.6157
1010101 FRAC0_S 0 1 -45704.2 14858.2 9302.38 1.28081e+06 41779.6 1.36284e+06 393.362 -2.16116 -31.0854
1010101 FRAC0_S 0 1 -45478.3 14622.9 9389.31 1.09696e+06 -82750.7 1.20926e+06 302.323 4.76544 -31.027
1010101 FRAC0_S 0 1 -45206.7 14425 9376.3 1.69789e+06 -227406 1.37609e+06 513.347 9.31138 -26.7787
1010101 FRAC0_S 0 1 -44925.9 14281 9270.38 2.12491e+06 -366232 968702 539.112 14.035 -19.2519
1010101 FRAC0_S 0 1 -44659 14207 9092.83 2.40016e+06 -249715 538756 557.503 10.5347 -12.2369
1010101 FRAC0_S 0 1 -44426.2 14210.2 8863.81 2.9278e+06 -191154 107450 768.643 8.04883 -2.56107
1010101 FRAC0_S 0 1 -44245.3 14288.4 8603.96 2.39414e+06 -25684.9 -342511 526.431 1.2957 9.16411
1010101 FRAC0_S 0 1 -44132 14436 8335.54 2.16032e+06 -18859.8 -706541 482.301 0.911986 17.1193
1010101 FRAC0_S 0 1 -44098.2 14642.3 8081.44 2.16078e+06 -15082.8 -1.13292e+06 586.781 0.636723 22.8382