
Step FractureNumber TipNr TipActive TipX TipY TipZ KI KII KIII G Phi Psi Extension
1010000 FRAC0_S 0 1 -44194.5 37131.8 8062.81 2.06438e+06 -1.94071e+06 -2.14037e+06 1324.68 37.2305 23.1633
1010000 FRAC0_S 0 1 -44246.2 37371.5 7874.8 2.26457e+06 -1.26737e+06 -2.59349e+06 1494.7 25.9698 27.1092
1010000 FRAC0_S 0 1 -44371.7 37623.8 7747.99 1.20528e+06 19484.2 -1.6612e+06 496.509 -0.942 33.9639
1010000 FRAC0_S 0 1 -44558.8 37863.9 7694.79 1.8767e+06 1.19363e+06 -2.30364e+06 1146.61 -27.6424 27.3721
1010000 FRAC0_S 0 1 -44789 38068.5 7720.41 1.1865e+06 1.43985e+06 -1.30848e+06 537.9 -41.8564 22.2888
1010000 FRAC0_S 0 1 -45039.8 38217.4 7822.34 1.7684e+06 2.84269e+06 -1.38257e+06 1252.98 -50.6535 16.2365
1010000 FRAC0_S 0 1 -45286.8 38296.2 7990.62 2.24773e+06 3.77201e+06 -907369 1827.57 -55.4782 9.65087
1010000 FRAC0_S 0 1 -45505.6 38296.9 8208.75 1.88829e+06 3.88046e+06 25104.5 1659.63 -62.3656 -0.33735
1010000 FRAC0_S 0 1 -45675 38219.7 8455.39 1.73525e+06 3.29633e+06 744390 1310.27 -57.0989 -9.5043
1010000 FRAC0_S 0 1 -45778.4 38071.9 8706.39 1.2253e+06 1.6874e+06 1.20858e+06 581.78 -45.5864 -20.0359
1010000 FRAC0_S 0 1 -45805.5 37868.2 8937.19 1.53765e+06 1.97778e+06 1.81579e+06 997.764 -42.3035 -22.7383
1010000 FRAC0_S 0 1 -45753.8 37628.5 9125.2 1.21791e+06 748220 1.63619e+06 538.122 -26.0588 -28.62
1010000 FRAC0_S 0 1 -45628.3 37376.2 9252.01 1.22805e+06 357977 2.14805e+06 759.483 -12.7781 -33.9496
1010000 FRAC0_S 0 1 -45441.2 37136.1 9305.21 1.37903e+06 -915651 1.90291e+06 725.776 27.2083 -28.5781
1010000 FRAC0_S 0 1 -45211 36931.5 9279.59 1.66319e+06 -2.1641e+06 1.93329e+06 1160.93 42.7151 -22.4605
1010000 FRAC0_S 0 1 -44960.2 36782.6 9177.66 1.64181e+06 -2.94119e+06 1.36624e+06 1259.32 52.1045 -16.1722
1010000 FRAC0_S 0 1 -44713.2 36703.8 9009.38 1.75233e+06 -3.5654e+06 695802 1470.79 58.3986 -8.58328
1010000 FRAC0_S 0 1 -44494.4 36703.1 8791.25 1.76798e+06 -3.83787e+06 -74419 1591.79 62.6358 1.01624
1010000 FRAC0_S 0 1 -44325 36780.3 8544.61 1.68126e+06 -3.29926e+06 -791124 1305.09 57.1551 10.0715
1010000 FRAC0_S 0 1 -44221.6 36928.1 8293.61 1.68072e+06 -2.76202e+06 -1.45167e+06 1211.79 50.2317 17.2082
Step FractureNumber TipNr TipActive TipX TipY TipZ KI KII KIII G Phi Psi Extension
1010101 FRAC0_S 0 1 -44097.7 37144.4 8057.33 3.10214e+06 -430983 -2.08709e+06 1453.42 10.3242 24.4148
1010101 FRAC0_S 0 1 -44158.7 37382.5 7839.64 2.66858e+06 -156231 -2.41357e+06 1411.53 4.11313 28.9328
1010101 FRAC0_S 0 1 -44316.9 37638.4 7674.79 1.8789e+06 311524 -1.90475e+06 805.762 -10.2449 29.1403
1010101 FRAC0_S 0 1 -44542.3 37870.8 7601.69 2.69638e+06 234341 -2.36536e+06 1396.89 -6.05767 28.2541
1010101 FRAC0_S 0 1 -44808.9 38072.5 7624.96 3.37617e+06 453437 -2.17519e+06 1663.33 -10.1726 23.9247
1010101 FRAC0_S 0 1 -45085.1 38218.8 7734.75 3.59294e+06 456094 -1.40548e+06 1431.6 -11.2171 17.9074
1010101 FRAC0_S 0 1 -45349.3 38292.1 7913.98 4.03851e+06 366082 -680370 1526.86 -9.71621 9.84565
1010101 FRAC0_S 0 1 -45580.5 38287.4 8144.4 3.5071e+06 207074 24643 1099.94 -7.53915 -0.512673
1010101 FRAC0_S 0 1 -45760.7 38211.6 8407.05 4.48977e+06 593227 774886 1907.5 -13.4599 -9.74046
1010101 FRAC0_S 0 1 -45872.7 38066.5 8678.82 3.61261e+06 465714 1.50385e+06 1483.09 -11.1928 -18.6183
1010101 FRAC0_S 0 1 -45902.6 37859 8935.36 3.09455e+06 335749 2.07514e+06 1436.11 -8.27756 -24.7118
1010101 FRAC0_S 0 1 -45844.2 37612.6 9154.79 2.26569e+06 384745 2.26003e+06 1149.95 -10.5396 -28.909
1010101 FRAC0_S 0 1 -45692.4 37358.7 9315.35 1.99556e+06 -146357 2.04468e+06 912.805 4.80862 -30.223
1010101 FRAC0_S 0 1 -45460.7 37125.8 9394.33 2.90784e+06 -494852 2.57351e+06 1656.15 11.1126 -27.4694
1010101 FRAC0_S 0 1 -45190.6 36928.6 9374.82 3.24716e+06 -436340 2.06648e+06 1524.5 10.2209 -23.77
1010101 FRAC0_S 0 1 -44914.2 36784 9264.85 3.87585e+06 -500568 1.44216e+06 1637.58 11.526 -17.3054
1010101 FRAC0_S 0 1 -44650.4 36711.2 9085.62 5.1177e+06 -539506 750251 2434.66 11.2917 -8.68061
1010101 FRAC0_S 0 1 -44419.5 36714.2 8855.46 4.51982e+06 -232136 -97247.8 1826.47 6.54151 1.55097
1010101 FRAC0_S 0 1 -44239.8 36790.2 8594.06 3.97744e+06 -279244 -843248 1511.24 7.45577 11.9947
1010101 FRAC0_S 0 1 -44127.9 36935.3 8321.78 3.85592e+06 -604527 -1.67228e+06 1729.4 13.1202 18.8154