
Step FractureNumber TipNr TipActive TipX TipY TipZ KI KII KIII G Phi Psi Extension
1010000 FRAC0_S 0 1 -30000 984.872 8574.53 -3.66072e+06 -1.26242e+07 6.78327e+06 20321.3 55.6516 -20.0827
1010000 FRAC0_S 0 1 -30000 913.64 8875.22 -451792 -1.2496e+07 2.95404e+06 15075.1 66.7889 -13.351
1010000 FRAC0_S 0 1 -30000 752.975 9139.18 -3.06124e+07 -1.3228e+07 146955 15595.3 35.7707 -0.260218
1010000 FRAC0_S 0 1 -30000 518.603 9340.58 3.72378e+06 -1.38892e+07 -3.11714e+06 19718.2 62.3771 10.9825
1010000 FRAC0_S 0 1 -30000 233.466 9459.7 -1.66964e+07 -9.23975e+06 -5.00582e+06 10940.3 35.5642 11.7552
1010000 FRAC0_S 0 1 -30000 -74.5244 9484.87 4.99636e+06 -7.82412e+06 -7.64057e+06 15443.9 43.2991 24.5252
1010000 FRAC0_S 0 1 -30000 -375.22 9413.64 4.19029e+06 -4.29745e+06 -9.00068e+06 13985 30.1755 31.4028
1010000 FRAC0_S 0 1 -30000 -639.186 9252.98 2.30699e+06 11985.3 -7.29064e+06 7543.68 -0.174502 40.1824
1010000 FRAC0_S 0 1 -30000 -840.583 9018.61 935634 3.99795e+06 -9.00223e+06 12280.6 -34.4025 36.6158
1010000 FRAC0_S 0 1 -30000 -959.699 8733.46 -1.98618e+06 8.27751e+06 -8.11185e+06 14857.2 -48.8607 28.002
1010000 FRAC0_S 0 1 -30000 -984.872 8425.47 -4.31454e+06 1.23794e+07 -6.44961e+06 19188.6 -54.8575 19.1741
1010000 FRAC0_S 0 1 -30000 -913.64 8124.78 -7.18759e+06 1.46431e+07 -3.24101e+06 20503.9 -57.8889 9.53161
1010000 FRAC0_S 0 1 -30000 -752.975 7860.82 -5.70674e+07 1.53636e+07 485892 21065 -26.3904 -0.518298
1010000 FRAC0_S 0 1 -30000 -518.603 7659.42 -1.13225e+07 1.40903e+07 3.49616e+06 19317.2 -51.6071 -8.95046
1010000 FRAC0_S 0 1 -30000 -233.466 7540.3 -4.68629e+07 1.06419e+07 5.24678e+06 13753.1 -21.7291 -6.29103
1010000 FRAC0_S 0 1 -30000 74.5244 7515.13 -1.22527e+07 7.94981e+06 8.22964e+06 14639.4 -33.6723 -19.8122
1010000 FRAC0_S 0 1 -30000 375.22 7586.36 -1.18894e+07 4.00608e+06 9.54755e+06 13553.8 -20.308 -24.6228
1010000 FRAC0_S 0 1 -30000 639.186 7747.02 -1.30379e+07 914721 8.62138e+06 9960.22 -5.55801 -24.9761
1010000 FRAC0_S 0 1 -30000 840.583 7981.39 -4.39645e+07 -3.55404e+06 9.05021e+06 12019.1 8.51947 -11.6343
1010000 FRAC0_S 0 1 -30000 959.699 8266.54 1.09154e+07 -7.69104e+06 7.37069e+06 23113.6 35.3138 -19.4748
Step FractureNumber TipNr TipActive TipX TipY TipZ KI KII KIII G Phi Psi Extension
1010101 FRAC0_S 0 1 -29921.3 1041.94 8575.57 8.98131e+06 -7.55719e+06 5.67765e+06 16564.5 39.5234 -17.7787
1010101 FRAC0_S 0 1 -29918.8 961.399 8896.9 1.19007e+07 -6.16386e+06 3.591e+06 17721.1 34.1774 -12.0268
1010101 FRAC0_S 0 1 -29925.7 799.102 9179.05 5.09903e+07 1.94638e+07 1.0316e+07 279599 -29.6719 -9.42388
1010101 FRAC0_S 0 1 -29926.6 551.045 9393.2 1.38158e+07 -4.26974e+06 -2.86443e+06 19724.7 25.6253 10.0478
1010101 FRAC0_S 0 1 -29931.6 247.793 9527.23 1.66347e+07 -5.20154e+06 -5.47952e+06 31062.1 24.1209 14.3188
1010101 FRAC0_S 0 1 -29938.6 -80.6731 9560.91 1.15688e+07 -5.68253e+06 -8.11123e+06 23554 27.8533 21.5701
1010101 FRAC0_S 0 1 -29957.8 -409.191 9490.82 8.453e+06 -829002 -8.61629e+06 16302.4 6.33426 29.9017
1010101 FRAC0_S 0 1 -30001.7 -697.308 9321.91 6.37876e+06 -7.20544e+06 -1.41417e+07 34850.6 31.6557 31.1991
1010101 FRAC0_S 0 1 -30047.1 -907.853 9063.21 1.57598e+07 -9.56673e+06 -1.14798e+07 47815.3 31.6598 21.1178
1010101 FRAC0_S 0 1 -30072.2 -1023.57 8750.98 4.17404e+06 6.20629e+06 -1.5432e+07 36658.4 -29.6147 34.8374
1010101 FRAC0_S 0 1 -30080.8 -1042.24 8426.31 7.92772e+06 8.84938e+06 -5.82645e+06 17093.8 -44.0813 17.9132
1010101 FRAC0_S 0 1 -30075.5 -979.595 8126.85 1.4589e+07 8.38651e+06 -1.01194e+07 38852.9 -30.982 20.7646
1010101 FRAC0_S 0 1 -30063 -807.565 7813.56 2.24774e+06 1.30217e+07 337669 15575.3 -68.0791 -1.67213
1010101 FRAC0_S 0 1 -30059.6 -557.47 7595.93 1.07181e+06 1.60232e+07 5.06631e+06 26394.4 -64.6299 -16.107
1010101 FRAC0_S 0 1 -30052 -251.027 7461.21 -3.34531e+07 2.42414e+07 8.20461e+06 61317.9 -42.0276 -9.19969
1010101 FRAC0_S 0 1 -30045.6 81.0817 7429.38 -7.53946e+06 1.35744e+07 8.5886e+06 26230.4 -49.3615 -19.7949
1010101 FRAC0_S 0 1 -30033.6 410.706 7503.26 7.62043e+06 4.61557e+06 9.90027e+06 20109.1 -26.1477 -28.284
1010101 FRAC0_S 0 1 -30007.2 729.421 7697.91 -1.18481e+07 -1.03432e+07 4.56441e+06 12304 43.66 -12.3461
1010101 FRAC0_S 0 1 -29980.5 918.592 7931.64 -5.89727e+06 -6.18064e+06 1.04873e+07 18031.9 33.0946 -29.123
1010101 FRAC0_S 0 1 -29946.7 1034.45 8244.97 2.27625e+06 -1.27583e+07 6.07026e+06 19867.2 59.0517 -19.7047