
Step FractureNumber TipNr TipActive TipX TipY TipZ KI KII KIII G Phi Psi Extension
1010000 FRAC0_S 0 1 -29946.5 -44329.9 7776.37 1.53289e+06 1.05473e+06 -1.23847e+06 512.515 -33.274 21.7903
1010000 FRAC0_S 0 1 -30197.8 -44224.1 7921.78 1.86441e+06 1.96205e+06 -1.11687e+06 818.692 -44.5397 15.9383
1010000 FRAC0_S 0 1 -30419.1 -44193.7 8112.75 1.93155e+06 2.55685e+06 -659825 972.921 -52.2645 9.45482
1010000 FRAC0_S 0 1 -30619.5 -44243.1 8362.64 1.79608e+06 2.55725e+06 -51186.1 870.545 -57.6871 0.902004
1010000 FRAC0_S 0 1 -30748.8 -44366.2 8614.93 1.17966e+06 1.71187e+06 356556 402.051 -54.3416 -8.16472
1010000 FRAC0_S 0 1 -30804.7 -44551.3 8855.97 1.71188e+06 2.17783e+06 1.02254e+06 822.849 -48.3096 -14.8067
1010000 FRAC0_S 0 1 -30781.8 -44780.3 9062.16 1.69259e+06 1.63429e+06 1.47912e+06 784.265 -39.5128 -20.8799
1010000 FRAC0_S 0 1 -30696.7 -45004.2 9200.89 1.57972e+06 817175 1.72976e+06 679.827 -24.9783 -26.8969
1010000 FRAC0_S 0 1 -30516.3 -45278.4 9294.67 1.15798e+06 -51146.7 1.72037e+06 513.359 2.42295 -34.4254
1010000 FRAC0_S 0 1 -30299.6 -45498.6 9298.22 1.10221e+06 -620864 1.27834e+06 359.95 25.9647 -27.2349
1010000 FRAC0_S 0 1 -30049.1 -45672.6 9221.64 1.4854e+06 -1.59088e+06 1.43398e+06 695.628 40.6724 -21.4633
1010000 FRAC0_S 0 1 -29802.2 -45775.9 9078.22 1.27568e+06 -1.8472e+06 900466 556.913 49.5215 -15.8042
1010000 FRAC0_S 0 1 -29570.3 -45805.9 8876.2 1.4828e+06 -2.42904e+06 556594 762.9 55.419 -9.20377
1010000 FRAC0_S 0 1 -29380.5 -45756.9 8637.36 1.58685e+06 -2.5709e+06 47943.4 813.669 59.4233 -0.884884
1010000 FRAC0_S 0 1 -29251.2 -45633.8 8385.07 1.64973e+06 -2.51399e+06 -471363 835.261 55.341 7.5909
1010000 FRAC0_S 0 1 -29195.3 -45448.7 8144.03 2.18349e+06 -2.18865e+06 -1.39708e+06 1111.29 43.0369 16.9534
1010000 FRAC0_S 0 1 -29218.2 -45219.7 7937.84 1.88032e+06 -1.76572e+06 -1.46435e+06 878.079 40.0156 19.6409
1010000 FRAC0_S 0 1 -29317.5 -44969.1 7786.67 1.82299e+06 -994701 -1.62405e+06 735.1 27.8416 24.1077
1010000 FRAC0_S 0 1 -29483.7 -44721.6 7705.33 1.97033e+06 -238366 -1.38523e+06 606.218 8.97751 25.1615
1010000 FRAC0_S 0 1 -29700.4 -44501.4 7701.78 1.35975e+06 -196762 -1.48106e+06 459.946 8.77494 30.186
Step FractureNumber TipNr TipActive TipX TipY TipZ KI KII KIII G Phi Psi Extension
1010101 FRAC0_S 0 1 -29964 -44298.8 7691.58 3.43194e+06 849061 -1.07022e+06 1266.13 -20.4511 14.2797
1010101 FRAC0_S 0 1 -30250 -44209 7840.2 3.52669e+06 91537.2 -1.18714e+06 1296.49 -2.64145 17.2555
1010101 FRAC0_S 0 1 -30500.1 -44190.1 8054.71 3.58616e+06 108468 -235374 1154.42 -3.81068 4.55317
1010101 FRAC0_S 0 1 -30701.5 -44248.4 8307.25 2.49919e+06 -141168 70665 559.016 7.10025 -2.01071
1010101 FRAC0_S 0 1 -30839.2 -44376.2 8576.03 3.08197e+06 -154571 526015 885.343 5.63325 -10.2596
1010101 FRAC0_S 0 1 -30900.5 -44565 8838.15 2.51188e+06 174296 827473 656.019 -6.77251 -16.5389
1010101 FRAC0_S 0 1 -30876.8 -44800.1 9071.23 2.32693e+06 -45399.7 1.25929e+06 693.593 1.73923 -23.0791
1010101 FRAC0_S 0 1 -30762.8 -45055.8 9256.37 1.64989e+06 -83580.4 1.58052e+06 575.432 3.48634 -29.694
1010101 FRAC0_S 0 1 -30563.5 -45303.1 9370.83 1.88781e+06 90069.7 1.70451e+06 704.706 -3.38247 -29.0342
1010101 FRAC0_S 0 1 -30304.7 -45518.6 9391.19 1.36345e+06 -200966 1.51078e+06 472.82 8.85015 -30.355
1010101 FRAC0_S 0 1 -30023 -45683.8 9315.2 2.41521e+06 -279469 1.45981e+06 810.19 9.10092 -23.3333
1010101 FRAC0_S 0 1 -29747.4 -45782.6 9159.76 3.20228e+06 -454389 751626 1007.32 13.6869 -12.3399
1010101 FRAC0_S 0 1 -29499.6 -45804.4 8945.45 3.31207e+06 -19158.1 339982 992.924 0.728679 -6.94038
1010101 FRAC0_S 0 1 -29299 -45748.5 8693.26 3.03907e+06 134134 -82955.6 825.534 -5.64838 1.96575
1010101 FRAC0_S 0 1 -29160.8 -45624.1 8422.97 2.96785e+06 79068.8 -481066 816.227 -3.10251 10.0223
1010101 FRAC0_S 0 1 -29098.8 -45437.8 8159.17 3.16967e+06 -114652 -1.13012e+06 1066.3 3.58887 17.8056
1010101 FRAC0_S 0 1 -29122.6 -45200.7 7928.65 2.57189e+06 250535 -1.24985e+06 802.784 -8.34814 20.831
1010101 FRAC0_S 0 1 -29233.9 -44940 7749 1.96843e+06 20882.9 -1.2144e+06 541.458 -0.909594 24.8251
1010101 FRAC0_S 0 1 -29421.7 -44681.1 7643.12 2.07009e+06 348094 -1.64934e+06 754.462 -11.4684 26.2023
1010101 FRAC0_S 0 1 -29672.7 -44456.6 7625.4 2.30638e+06 536548 -1.56115e+06 823.809 -16.0172 23.5027