
Step FractureNumber TipNr TipActive TipX TipY TipZ KI KII KIII G Phi Psi Extension
1010000 FRAC0_S 0 1 -44474.7 -14732.7 7707.43 1.52366e+06 2217.29 -1.26437e+06 419.489 -0.111208 28.5688
1010000 FRAC0_S 0 1 -44689.5 -14510.6 7700.19 1.48095e+06 572696 -1.1535e+06 401.628 -22.7676 23.785
1010000 FRAC0_S 0 1 -44934.7 -14336.5 7771.25 1.07363e+06 771547 -724294 225.533 -35.727 19.3649
1010000 FRAC0_S 0 1 -45186.3 -14227.4 7913.64 1.51248e+06 1.55717e+06 -675967 480.691 -46.1041 13.0018
1010000 FRAC0_S 0 1 -45419.6 -14193.8 8113.43 1.66301e+06 1.93656e+06 -281369 591.16 -52.4295 5.48155
1010000 FRAC0_S 0 1 -45611.9 -14239.2 8351.05 1.47006e+06 1.84679e+06 148207 499.416 -54.7322 -3.27583
1010000 FRAC0_S 0 1 -45744.3 -14359 8603.26 1.05895e+06 1.2125e+06 423433 254.779 -48.8193 -11.441
1010000 FRAC0_S 0 1 -45803.8 -14541.6 8845.36 1.83896e+06 1.54812e+06 1.11759e+06 681.035 -39.8461 -17.3203
1010000 FRAC0_S 0 1 -45784.6 -14769 9053.65 1.4567e+06 864874 1.18753e+06 443.305 -30.253 -22.617
1010000 FRAC0_S 0 1 -45688.6 -15019.1 9207.75 1.12311e+06 223669 1.03185e+06 258.466 -12.5456 -27.6265
1010000 FRAC0_S 0 1 -45525.3 -15267.3 9292.57 1.59555e+06 -329674 1.52035e+06 543.963 12.7544 -27.9922
1010000 FRAC0_S 0 1 -45310.5 -15489.4 9299.81 1.34527e+06 -637768 1.27497e+06 413.711 24.7231 -25.4703
1010000 FRAC0_S 0 1 -45065.3 -15663.5 9228.75 1.51631e+06 -1.48777e+06 1.01266e+06 538.512 42.2516 -17.5671
1010000 FRAC0_S 0 1 -44813.7 -15772.6 9086.36 1.36453e+06 -1.6734e+06 597261 462.892 49.6132 -11.9246
1010000 FRAC0_S 0 1 -44595.6 -15806.6 8902.29 1.40137e+06 -1.83358e+06 243402 482.467 54.3483 -5.29655
1010000 FRAC0_S 0 1 -44388.1 -15760.8 8648.95 1.40044e+06 -1.83159e+06 -115221 475.469 55.6475 2.64586
1010000 FRAC0_S 0 1 -44255.7 -15641 8396.74 1.84568e+06 -1.85576e+06 -567111 653.212 47.6347 9.78042
1010000 FRAC0_S 0 1 -44196.2 -15458.4 8154.64 989104 -855956 -601800 200.634 40.4085 17.1877
1010000 FRAC0_S 0 1 -44215.4 -15231 7946.35 1.46208e+06 -1.03626e+06 -979705 413.834 35.4982 19.3529
1010000 FRAC0_S 0 1 -44311.4 -14980.9 7792.25 1.07303e+06 -422973 -822405 208.497 23.2119 23.5164
Step FractureNumber TipNr TipActive TipX TipY TipZ KI KII KIII G Phi Psi Extension
1010101 FRAC0_S 0 1 -44424.9 -14707.3 7632.23 1.8897e+06 308845 -1.18807e+06 514.441 -12.1852 23.3021
1010101 FRAC0_S 0 1 -44680.1 -14487.1 7608.2 2.05977e+06 193533 -1.23171e+06 583.176 -7.55874 23.4455
1010101 FRAC0_S 0 1 -44960.9 -14317.2 7679.5 2.07674e+06 188049 -892403 493.387 -8.09037 19.4107
1010101 FRAC0_S 0 1 -45238.6 -14214.8 7831.44 3.13633e+06 110015 -640073 932.104 -3.90695 11.9511
1010101 FRAC0_S 0 1 -45489.8 -14189.3 8043.95 1.13969e+06 245997 60660.6 121.626 -21.7865 -3.21332
1010101 FRAC0_S 0 1 -45694.5 -14239.6 8296.58 2.93563e+06 20211.1 272564 777.863 -0.873711 -6.35007
1010101 FRAC0_S 0 1 -45836.4 -14360.4 8568.48 2.90525e+06 -10270.8 780824 833.227 0.388467 -15.0043
1010101 FRAC0_S 0 1 -45901.2 -14544.7 8835.98 1.54823e+06 -18418.3 981193 341.673 1.0084 -25.1442
1010101 FRAC0_S 0 1 -45873.7 -14795.2 9090.61 2.1029e+06 -61330.9 1.37411e+06 645.525 2.40562 -25.3143
1010101 FRAC0_S 0 1 -45763.2 -15032 9264.04 1.95489e+06 -143633 1.44791e+06 621.209 5.55526 -26.3446
1010101 FRAC0_S 0 1 -45566.1 -15282.9 9376.86 1.66668e+06 -217954 1.23966e+06 456.153 9.42588 -25.7536
1010101 FRAC0_S 0 1 -45314 -15505.9 9394.77 2.85378e+06 -276727 1.49798e+06 1030.98 8.12007 -21.7876
1010101 FRAC0_S 0 1 -45035.4 -15675.8 9320.51 2.50495e+06 -295774 969249 691.886 10.5529 -17.8723
1010101 FRAC0_S 0 1 -44759.2 -15778.9 9168.38 2.67295e+06 -103709 561422 679.54 4.28203 -12.1851
1010101 FRAC0_S 0 1 -44509.8 -15807.2 8956.09 2.66752e+06 -7436.7 145472 636.895 0.368655 -3.9353
1010101 FRAC0_S 0 1 -44333.7 -15772.6 8746.08 2.79219e+06 4323.51 -261071 703.799 -0.197824 6.41941
1010101 FRAC0_S 0 1 -44163.5 -15640 8431.29 2.67495e+06 -83325.8 -626213 690.388 3.40436 13.3022
1010101 FRAC0_S 0 1 -44098.6 -15454.1 8165.91 2.24259e+06 -228628 -888170 557.728 9.20366 18.3153
1010101 FRAC0_S 0 1 -44119.7 -15217.1 7932.21 1.87823e+06 33700.7 -1.02311e+06 453.678 -1.59828 23.1797
1010101 FRAC0_S 0 1 -44230.1 -14958.3 7747.58 2.08875e+06 485652 -1.27983e+06 627.644 -16.5293 22.2619