
Step FractureNumber TipNr TipActive TipX TipY TipZ KI KII KIII G Phi Psi Extension
1010000 FRAC0_S 0 1 0 -14017.8 8603.45 1.17542e+07 -492554 26868.8 12333.2 5.50563 -0.170596
1010000 FRAC0_S 0 1 0 -14097.8 8901.92 1.77364e+07 514337 20726.6 28055.7 -3.88551 -0.0884385
1010000 FRAC0_S 0 1 0 -14266.1 9161.05 2.49646e+07 2.40197e+07 1.439e+07 134488 -43.0063 -16.0095
1010000 FRAC0_S 0 1 0 -14506.3 9355.47 3.16897e+07 282008 247934 89502.8 -1.22001 -0.598266
1010000 FRAC0_S 0 1 0 -14794.9 9466.15 3.45566e+07 113258 264325 106422 -0.453152 -0.58829
1010000 FRAC0_S 0 1 0 -15103.5 9482.25 3.5422e+07 367317 312387 111833 -1.41719 -0.672462
1010000 FRAC0_S 0 1 0 -15401.9 9402.21 3.34793e+07 131456 240914 99889.2 -0.542608 -0.553437
1010000 FRAC0_S 0 1 0 -15661 9233.85 2.61142e+07 -219741 194599 60778.1 1.15484 -0.570391
1010000 FRAC0_S 0 1 0 -15855.5 8993.66 2.27759e+07 -377595 194334 46243 2.24585 -0.64694
1010000 FRAC0_S 0 1 0 -15966.1 8705.15 1.45509e+07 -393207 99974.5 18882.2 3.61136 -0.516887
1010000 FRAC0_S 0 1 0 -15982.2 8396.55 7.67569e+06 68243.9 213310 5256.49 -1.19554 -2.06723
1010000 FRAC0_S 0 1 0 -15902.2 8098.08 -134071 -395738 -78251.6 14.7698 61.4651 9.49133
1010000 FRAC0_S 0 1 0 -15733.9 7838.95 -8.10657e+06 -985885 -176643 90.7622 14.0989 1.47448
1010000 FRAC0_S 0 1 0 -15493.7 7644.53 -1.18141e+07 -303014 -229484 15.186 3.39376 1.43837
1010000 FRAC0_S 0 1 0 -15205.1 7533.85 -1.34923e+07 -2.96753e+07 -2.11044e+07 137710 49.7174 22.054
1010000 FRAC0_S 0 1 0 -14896.5 7517.75 -1.57826e+07 1.02257e+06 -993258 224.39 -7.81232 4.25008
1010000 FRAC0_S 0 1 0 -14598.1 7597.79 -1.29019e+07 66800.3 -233284 7.63568 -0.706592 1.36799
1010000 FRAC0_S 0 1 0 -14339 7766.15 -8.51676e+06 -2.79752e+07 -1.84038e+07 114786 53.1659 22.4406
1010000 FRAC0_S 0 1 0 -14144.5 8006.34 -3.12654e+06 -2.16136e+07 1.38592e+07 67173.6 56.4447 -23.7518
1010000 FRAC0_S 0 1 0 -14033.9 8294.85 4.77919e+06 307312 -566490 2086.43 -7.4039 7.48503
Step FractureNumber TipNr TipActive TipX TipY TipZ KI KII KIII G Phi Psi Extension
1010101 FRAC0_S 0 1 -0.11847 -13921.3 8613.67 1.35202e+07 737701 -147036 16340.3 -6.98605 0.792732
1010101 FRAC0_S 0 1 -18.0415 -14013.9 8937.06 2.27412e+07 -3.53578e+06 2.7695e+06 48218.5 16.0047 -7.13707
1010101 FRAC0_S 0 1 -36.3303 -14203.7 9217.32 2.72619e+07 -1.08406e+07 853540 76796.4 33.5381 -1.69317
1010101 FRAC0_S 0 1 -18.3143 -14462.6 9435.45 3.50928e+07 -6.3626e+06 -1.41613e+06 113614 19.2357 2.54048
1010101 FRAC0_S 0 1 -1.54604 -14774.6 9561.56 4.05996e+07 -1.79769e+06 1.2827e+06 147389 5.64327 -2.26207
1010101 FRAC0_S 0 1 -1.67108 -15113.6 9579.26 3.66054e+07 -289275 505200 119445 1.07866 -1.04761
1010101 FRAC0_S 0 1 -0.587948 -15441.6 9491.31 3.75101e+07 9.70714e+06 8.42493e+06 143215 -22.2935 -11.0536
1010101 FRAC0_S 0 1 1.75066 -15726.3 9306.32 3.22983e+07 266427 160131 92967.6 -1.13516 -0.380884
1010101 FRAC0_S 0 1 4.03795 -15939.8 9042.38 2.60478e+07 510524 223775 60489.8 -2.64327 -0.649417
1010101 FRAC0_S 0 1 3.6075 -16061.5 8725.37 1.63895e+07 16987.2 245947 23944.3 -0.142742 -1.14482
1010101 FRAC0_S 0 1 22.4946 -16067.3 8391.64 7.50447e+06 1.39759e+06 -754607 5268.2 -18.7957 5.89369
1010101 FRAC0_S 0 1 49.4946 -15966.9 8069.51 -266793 -584483 -59742.5 30.9165 61.007 4.97314
1010101 FRAC0_S 0 1 35.6229 -15793.3 7780.02 -6.15099e+06 -2.40374e+06 -532946 552.652 32.1334 4.46081
1010101 FRAC0_S 0 1 28.1214 -15539.9 7569.26 -1.27977e+07 -6.43604e+06 1.52881e+06 4002.03 36.6714 -5.56446
1010101 FRAC0_S 0 1 36.225 -15221.7 7455.98 -1.49645e+07 -7.22943e+06 -235383 4664.68 37.8526 0.814933
1010101 FRAC0_S 0 1 11.9669 -14884.5 7429.83 -1.54619e+07 -2.28787e+06 -1.25381e+06 675.515 15.8402 5.00259
1010101 FRAC0_S 0 1 15.9945 -14565.1 7516.35 -1.50514e+07 -2.66594e+06 690894 696.81 18.8071 -2.881
1010101 FRAC0_S 0 1 60.5443 -14296.7 7714.13 -3.87984e+06 -1.31937e+07 -6.51152e+06 21150.9 56.4116 19.0194
1010101 FRAC0_S 0 1 58.4555 -14086.3 7976.24 -2.83096e+06 -1.66052e+06 -705063 311.82 37.5884 9.97549
1010101 FRAC0_S 0 1 16.7893 -13948.6 8280.26 4.3213e+06 1.23302e+06 58277.4 1799.93 -27.3779 -0.806342