
Step FractureNumber TipNr TipActive TipX TipY TipZ KI KII KIII G Phi Psi Extension
1010000 FRAC0_S 0 1 -30000 -29019.2 8617.02 8.56407e+06 5.59586e+06 -4.02278e+06 11478.3 -36.456 15.6416
1010000 FRAC0_S 0 1 -30000 -29103.5 8914.36 7.90594e+06 6.4891e+06 -1.51818e+06 9628.55 -45.4493 7.14113
1010000 FRAC0_S 0 1 -30000 -29275.4 9171.13 1.08742e+07 9.26475e+06 264220 18195.3 -49.1382 -1.00456
1010000 FRAC0_S 0 1 -30000 -29518.2 9362.22 1.15438e+07 8.66849e+06 2.51181e+06 19409.7 -43.2192 -8.21856
1010000 FRAC0_S 0 1 -30000 -29808.3 9468.89 9.86442e+06 5.65674e+06 3.81145e+06 13454.5 -34.971 -14.0951
1010000 FRAC0_S 0 1 -30000 -30117.1 9480.74 1.03535e+07 3.62743e+06 5.12689e+06 14220.6 -24.0548 -18.5527
1010000 FRAC0_S 0 1 -30000 -30414.4 9396.57 1.24508e+07 1.24412e+06 6.73131e+06 19978.3 -8.26741 -22.1206
1010000 FRAC0_S 0 1 -30000 -30671.2 9224.65 8.60403e+06 366387 5.07713e+06 10037.1 -3.60385 -23.8804
1010000 FRAC0_S 0 1 -30000 -30862.2 8981.79 9.39462e+06 -2.2967e+06 5.52435e+06 12393.7 17.4312 -21.6314
1010000 FRAC0_S 0 1 -30000 -30968.9 8691.77 7.81717e+06 -3.44604e+06 4.35581e+06 9026.96 27.4809 -19.186
1010000 FRAC0_S 0 1 -30000 -30980.8 8382.98 7.00048e+06 -4.61751e+06 3.59079e+06 7981.81 36.0527 -16.5763
1010000 FRAC0_S 0 1 -30000 -30896.5 8085.64 6.35325e+06 -5.62477e+06 2.80926e+06 7465.72 43.1249 -13.6273
1010000 FRAC0_S 0 1 -30000 -30724.6 7828.87 3.77796e+06 -4.34873e+06 1.48587e+06 3250.7 49.0095 -11.2684
1010000 FRAC0_S 0 1 -30000 -30481.8 7637.78 5.10469e+06 -6.97507e+06 910054 6767.52 54.9919 -5.30263
1010000 FRAC0_S 0 1 -30000 -30191.7 7531.11 2.38568e+06 -5.10744e+06 754798 2907.46 59.8515 -6.86171
1010000 FRAC0_S 0 1 -30000 -29882.9 7519.26 4.23155e+06 -5.96289e+06 -1.55762e+06 5086.69 53.0135 9.75845
1010000 FRAC0_S 0 1 -30000 -29585.6 7603.43 5.25296e+06 -3.85852e+06 -3.41119e+06 5333.16 36.4914 18.7986
1010000 FRAC0_S 0 1 -30000 -29328.8 7775.35 4.49892e+06 -2.48177e+06 -3.56775e+06 4045.39 29.0636 22.6065
1010000 FRAC0_S 0 1 -30000 -29137.8 8018.21 6.01457e+06 -949371 -5.21915e+06 6926.74 10.4845 27.3585
1010000 FRAC0_S 0 1 -30000 -29031.1 8308.23 7.71809e+06 3.70077e+06 -4.6095e+06 9354.53 -28.5928 19.7023
Step FractureNumber TipNr TipActive TipX TipY TipZ KI KII KIII G Phi Psi Extension
1010101 FRAC0_S 0 1 -30059.5 -28941.9 8624.89 1.23924e+07 223190 -4.38514e+06 16246.7 -1.82589 17.9236
1010101 FRAC0_S 0 1 -30069.4 -29039.6 8942.58 1.59718e+07 -284551 -1.79096e+06 23165.7 2.18996 7.41549
1010101 FRAC0_S 0 1 -30072.8 -29226.5 9216.62 1.6822e+07 -1.52336e+06 970796 25548.3 10.6057 -3.8368
1010101 FRAC0_S 0 1 -30067.5 -29484.4 9425.23 1.75864e+07 -1.77707e+06 3.41923e+06 29396.4 10.4942 -10.963
1010101 FRAC0_S 0 1 -30055.9 -29794.1 9547.66 1.18659e+07 -1.32406e+06 3.92731e+06 14754.3 10.4105 -16.1588
1010101 FRAC0_S 0 1 -30038.3 -30128.8 9568.62 1.44289e+07 -1.03346e+06 5.9345e+06 23331.4 6.59864 -19.095
1010101 FRAC0_S 0 1 -30018.9 -30454.7 9482.46 1.38974e+07 -649529 7.00752e+06 23779 4.15525 -21.8705
1010101 FRAC0_S 0 1 -29999.2 -30736.2 9295.35 9.80439e+06 416059 5.47971e+06 12574.8 -3.66089 -23.2038
1010101 FRAC0_S 0 1 -29975 -30942.6 9027.67 9.97923e+06 -400454 4.79516e+06 11946.5 3.64576 -21.3524
1010101 FRAC0_S 0 1 -29954.7 -31053.3 8709.62 8.24567e+06 590172 4.76085e+06 9104.26 -5.94489 -23.2656
1010101 FRAC0_S 0 1 -29942 -31059.2 8374.84 1.25211e+07 -222391 5.49285e+06 17987.7 1.69689 -20.5
1010101 FRAC0_S 0 1 -29932.3 -30961.8 8056.79 1.05785e+07 -733452 3.14734e+06 11337.3 6.92141 -15.4146
1010101 FRAC0_S 0 1 -29924.7 -30772.3 7786.41 7.53201e+06 -734501 2.31677e+06 5817.25 9.37912 -15.4935
1010101 FRAC0_S 0 1 -29918.6 -30510.2 7589.28 1.03957e+07 -576737 454291 9687.31 6.88782 -3.04887
1010101 FRAC0_S 0 1 -29916.3 -30201.8 7479.01 8.58172e+06 -25711.3 -723809 6632.33 0.385225 5.85178
1010101 FRAC0_S 0 1 -29923.6 -29873.4 7458.84 9.90903e+06 -1.18759e+06 -1.93363e+06 9372.57 12.1783 10.8482
1010101 FRAC0_S 0 1 -29938.2 -29552.1 7535.98 8.50017e+06 -1.59014e+06 -3.74107e+06 8525.19 15.17 18.683
1010101 FRAC0_S 0 1 -29956.3 -29269.3 7713.06 7.21887e+06 -827473 -4.26898e+06 7128.54 9.09065 23.0726
1010101 FRAC0_S 0 1 -29990.7 -29058.5 7973.94 7.83604e+06 -107333 -5.20577e+06 9076.99 1.13812 25.708
1010101 FRAC0_S 0 1 -30034.2 -28946.6 8290.1 9.86086e+06 311350 -5.31239e+06 12426.9 -2.78669 22.8758