
Step FractureNumber TipNr TipActive TipX TipY TipZ KI KII KIII G Phi Psi Extension
1010000 FRAC0_S 0 1 -14718.8 -44053.2 8500 -529100 -2.75758e+06 -8731.35 677.625 68.1355 0.206433
1010000 FRAC0_S 0 1 -15025.1 -44012.6 8500 -532053 -2.78819e+06 -664721 751.507 63.6864 12.0928
1010000 FRAC0_S 0 1 -15329 -44068.7 8500 -488015 -2.26011e+06 -1.26472e+06 667.918 56.6455 21.3052
1010000 FRAC0_S 0 1 -15600.7 -44216 8500 -448479 -1.45283e+06 -1.4532e+06 468.955 47.5034 27.5972
1010000 FRAC0_S 0 1 -15813.6 -44439.9 8500 -477537 -787419 -1.8442e+06 507.596 30.9663 34.6555
1010000 FRAC0_S 0 1 -15946.8 -44718.8 8500 -455825 40948 -1.89125e+06 475.867 -2.38003 41.0756
1010000 FRAC0_S 0 1 -15987.3 -45025.1 8500 -387590 886549 -1.65529e+06 434.457 -35.9578 33.5378
1010000 FRAC0_S 0 1 -15931.3 -45329 8500 -351074 1.5531e+06 -1.37977e+06 468.145 -50.5544 26.9466
1010000 FRAC0_S 0 1 -15784.1 -45600.7 8500 -246047 2.1356e+06 -1.11597e+06 572.049 -59.385 21.5276
1010000 FRAC0_S 0 1 -15560.1 -45813.6 8500 -240034 1.80597e+06 -666211 349.666 -62.1848 17.1683
1010000 FRAC0_S 0 1 -15281.2 -45946.8 8500 -320909 2.52758e+06 8309.92 569.303 -69.0704 -0.226609
1010000 FRAC0_S 0 1 -14974.9 -45987.4 8500 -291532 2.27119e+06 511320 494.43 -65.2253 -12.0611
1010000 FRAC0_S 0 1 -14671 -45931.3 8500 -323389 1.5968e+06 945391 346.08 -56.2771 -22.1414
1010000 FRAC0_S 0 1 -14399.3 -45784 8500 -313657 1.46797e+06 1.74739e+06 598.123 -46.1237 -30.531
1010000 FRAC0_S 0 1 -14186.4 -45560.1 8500 -326043 697873 1.40163e+06 304.688 -34.4857 -34.0537
1010000 FRAC0_S 0 1 -14053.2 -45281.2 8500 -398733 -210168 1.86983e+06 468.939 11.3672 -40.0608
1010000 FRAC0_S 0 1 -14012.7 -44974.9 8500 -445061 -792222 1.82529e+06 499.039 31.531 -34.7658
1010000 FRAC0_S 0 1 -14068.7 -44671 8500 -575267 -1.70657e+06 1.65876e+06 625.468 47.5016 -26.9861
1010000 FRAC0_S 0 1 -14215.9 -44399.3 8500 -485132 -2.04117e+06 1.05446e+06 519.147 57.0593 -20.1077
1010000 FRAC0_S 0 1 -14439.9 -44186.4 8500 -509800 -2.36545e+06 517392 534.205 63.5831 -11.1278
Step FractureNumber TipNr TipActive TipX TipY TipZ KI KII KIII G Phi Psi Extension
1010101 FRAC0_S 0 1 -14707.5 -44015.1 8591.2 1.3005e+06 -454771 225968 175.933 28.4472 -8.46694
1010101 FRAC0_S 0 1 -15027.6 -43968.6 8588.9 1.60727e+06 -553493 -187914 262.194 29.1051 6.02944
1010101 FRAC0_S 0 1 -15348.7 -44018.3 8582.6 1.39584e+06 -762705 -771863 304.695 31.6962 18.2555
1010101 FRAC0_S 0 1 -15643.5 -44164.1 8570.61 585101 -573415 -1.01224e+06 196.081 32.0972 29.1964
1010101 FRAC0_S 0 1 -15883.1 -44395.2 8543.12 366380 -559352 -1.57905e+06 371.462 27.7731 36.0574
1010101 FRAC0_S 0 1 -16032.6 -44692.9 8496.11 275433 187252 -1.74838e+06 416.445 -11.3543 41.0439
1010101 FRAC0_S 0 1 -16066.7 -45024.3 8450.29 312404 336228 -1.24569e+06 225.151 -22.6438 37.022
1010101 FRAC0_S 0 1 -15991.5 -45347.9 8425.19 585945 473973 -978036 177.835 -28.7739 29.8327
1010101 FRAC0_S 0 1 -15825.8 -45631.1 8415.56 1.33246e+06 634986 -924455 307.804 -27.3655 21.5621
1010101 FRAC0_S 0 1 -15585.9 -45849.1 8410.91 1.26694e+06 456243 -500266 194.869 -25.78 15.8791
1010101 FRAC0_S 0 1 -15292.6 -45984 8408.49 926177 283219 -81772.3 84.4761 -27.3411 4.80753
1010101 FRAC0_S 0 1 -14972.3 -46029.9 8410.46 1.14615e+06 502682 154501 142.752 -33.586 -6.44045
1010101 FRAC0_S 0 1 -14651 -45981.7 8417.7 1.52872e+06 888667 617432 329.324 -34.9931 -14.5031
1010101 FRAC0_S 0 1 -14356.7 -45836.4 8429.01 797605 709864 1.07068e+06 254.058 -33.2406 -26.7013
1010101 FRAC0_S 0 1 -14122.1 -45609 8457.77 349287 471575 1.12285e+06 198.375 -29.8458 -34.0466
1010101 FRAC0_S 0 1 -13967.9 -45306.3 8508.77 103373 132907 1.19679e+06 193.022 -12.382 -42.1244
1010101 FRAC0_S 0 1 -13930.6 -44975.2 8549.5 -51050.7 -252329 1.27989e+06 223.543 20.5341 -41.489
1010101 FRAC0_S 0 1 -14004.8 -44651 8570.92 600908 -601082 1.19209e+06 253.376 30.7373 -30.6568
1010101 FRAC0_S 0 1 -14172.1 -44368 8582.79 983143 -638599 845318 217.508 31.5488 -22.8517
1010101 FRAC0_S 0 1 -14413.9 -44151 8588.96 1.46977e+06 -858429 584849 303.655 35.1771 -14.3298