
Step FractureNumber TipNr TipActive TipX TipY TipZ KI KII KIII G Phi Psi Extension
1010000 FRAC0_S 0 1 -37500 -14017.8 8603.45 1.64473e+06 5.22209e+06 8.12863e+06 11459 -40.2651 -32.5849
1010000 FRAC0_S 0 1 -37500 -14097.8 8901.92 -45480.2 -601179 7.1334e+06 6799.96 10.4001 -43.7746
1010000 FRAC0_S 0 1 -37500 -14266.1 9161.05 -5.92844e+06 -4.42385e+06 7.53959e+06 9304.37 30.3362 -27.009
1010000 FRAC0_S 0 1 -37500 -14506.3 9355.47 -7.26142e+06 -6.87599e+06 4.98714e+06 7520.97 41.2865 -18.0961
1010000 FRAC0_S 0 1 -37500 -14794.9 9466.15 -6.97292e+06 -6.87179e+06 2.1957e+06 4849.11 47.1295 -10.0587
1010000 FRAC0_S 0 1 -37500 -15103.5 9482.25 -7.63072e+06 -8.74045e+06 623391 6859.29 53.4873 -2.81678
1010000 FRAC0_S 0 1 -37500 -15401.9 9402.21 -6.52146e+06 -9.57038e+06 -1.00606e+06 8296.39 56.432 4.47534
1010000 FRAC0_S 0 1 -37500 -15661 9233.85 -4.44005e+06 -8.08437e+06 -2.50927e+06 6661.39 55.0428 12.0996
1010000 FRAC0_S 0 1 -37500 -15855.5 8993.66 -2.56769e+06 -8.41534e+06 -4.51283e+06 9019.22 55.3851 19.9169
1010000 FRAC0_S 0 1 -37500 -15966.1 8705.15 67673.3 -7.19102e+06 -6.13718e+06 9617.8 54.9818 28.8085
1010000 FRAC0_S 0 1 -37500 -15982.2 8396.55 2.39004e+06 -4.65652e+06 -6.95941e+06 8882.86 38.808 30.6097
1010000 FRAC0_S 0 1 -37500 -15902.2 8098.08 4.83751e+06 -2.32801e+06 -7.7979e+06 10655.6 20.0869 31.6861
1010000 FRAC0_S 0 1 -37500 -15733.9 7838.95 8.23553e+06 347226 -6.05081e+06 10924 -3.28252 26.61
1010000 FRAC0_S 0 1 -37500 -15493.7 7644.53 8.01362e+06 3.24486e+06 -7.50337e+06 14148.7 -22.1192 25.9162
1010000 FRAC0_S 0 1 -37500 -15205.1 7533.85 9.75438e+06 4.15355e+06 -5.37396e+06 13856.9 -26.9095 19.1757
1010000 FRAC0_S 0 1 -37500 -14896.5 7517.75 9.95007e+06 9.23887e+06 -5.54708e+06 20520.8 -42.5247 15.8321
1010000 FRAC0_S 0 1 -37500 -14598.1 7597.79 8.98365e+06 1.11022e+07 -3.21219e+06 19547.6 -50.8184 10.1269
1010000 FRAC0_S 0 1 -37500 -14339 7766.15 6.68738e+06 9.86081e+06 -421420 12673.4 -57.7158 1.91668
1010000 FRAC0_S 0 1 -37500 -14144.5 8006.34 3.96423e+06 1.1322e+07 2.90566e+06 13946.2 -60.0175 -11.6165
1010000 FRAC0_S 0 1 -37500 -14033.9 8294.85 3.78765e+06 9.77148e+06 6.00346e+06 14580.3 -52.4649 -20.8291
Step FractureNumber TipNr TipActive TipX TipY TipZ KI KII KIII G Phi Psi Extension
1010101 FRAC0_S 0 1 -37547.7 -13942.4 8614.29 5.75457e+06 1.80199e+06 7.14946e+06 10038.5 -16.1038 -30.1208
1010101 FRAC0_S 0 1 -37494.5 -14017.9 8938.37 -929293 -1484.33 7.9246e+06 8352.3 0.0234647 -43.3741
1010101 FRAC0_S 0 1 -37453.8 -14202.2 9216.21 -1.65219e+06 -4.07896e+06 4.84105e+06 4599.56 43.5947 -28.7972
1010101 FRAC0_S 0 1 -37436.1 -14468 9419.08 -870156 -9.50119e+06 5.07523e+06 11470 59.6296 -22.0657
1010101 FRAC0_S 0 1 -37426.8 -14779.9 9530.48 515485 -1.20485e+07 3.23436e+06 14350.8 66.0563 -14.5856
1010101 FRAC0_S 0 1 -37420.7 -15108.6 9541.1 2.84417e+06 -8.47996e+06 511502 7163.51 64.373 -3.3093
1010101 FRAC0_S 0 1 -37417.8 -15424.3 9452.9 3.79566e+06 -7.65241e+06 -675321 6562.69 60.4796 4.24251
1010101 FRAC0_S 0 1 -37417.6 -15698.1 9274.86 4.85554e+06 -8.04025e+06 -2.51667e+06 8703.82 53.9842 11.8566
1010101 FRAC0_S 0 1 -37417.9 -15903.7 9021.48 5.32723e+06 -6.30492e+06 -4.04386e+06 8246.11 44.9846 17.9253
1010101 FRAC0_S 0 1 -37422.8 -16025.9 8716.16 5.77186e+06 -3.74212e+06 -5.29428e+06 7944.41 30.9085 23.6686
1010101 FRAC0_S 0 1 -37439.6 -16056.5 8385.89 6.44955e+06 -2.00155e+06 -6.66775e+06 9976.69 17.3074 27.9812
1010101 FRAC0_S 0 1 -37468.6 -15983 8060.22 7.13804e+06 -462040 -7.55358e+06 12147.8 4.20358 30.6809
1010101 FRAC0_S 0 1 -37503.7 -15803.9 7775.93 8.4599e+06 -328557 -7.73093e+06 14336.3 2.7568 29.2758
1010101 FRAC0_S 0 1 -37531.6 -15540 7565.9 8.85111e+06 -597315 -7.02649e+06 13579.3 4.98383 27.264
1010101 FRAC0_S 0 1 -37549 -15224.1 7451.86 1.02782e+07 -330498 -5.49772e+06 13443.3 2.84328 22.7795
1010101 FRAC0_S 0 1 -37564.5 -14890.9 7444.87 1.29405e+07 -949169 -4.72174e+06 17967.5 6.95784 17.6647
1010101 FRAC0_S 0 1 -37577.2 -14560.9 7547.19 1.50073e+07 -1.45435e+06 -3.41e+06 21804.4 9.87121 12.4131
1010101 FRAC0_S 0 1 -37583.3 -14303.8 7725.63 1.37466e+07 522188 -566337 16906.1 -4.84118 2.92958
1010101 FRAC0_S 0 1 -37584.3 -14099.1 7980.77 1.26752e+07 2.18109e+06 1.76101e+06 15152.8 -17.1697 -7.8954
1010101 FRAC0_S 0 1 -37577.5 -13974.3 8284.28 9.26565e+06 3.54111e+06 4.52255e+06 11488 -25.685 -18.1086