
Step FractureNumber TipNr TipActive TipX TipY TipZ KI KII KIII G Phi Psi Extension
1010000 FRAC0_S 0 1 45000 29251.8 7855.26 -8.46576e+06 40959.3 814445 88.3711 -0.61384 -6.56338
1010000 FRAC0_S 0 1 45000 29487.6 7655.6 -8.01058e+06 -163231 827397 93.4241 2.51579 -6.89098
1010000 FRAC0_S 0 1 45000 29773.6 7538.6 -8.13463e+06 -472859 780888 101.026 6.87372 -6.25943
1010000 FRAC0_S 0 1 45000 30081.8 7515.7 -7.83786e+06 -883560 611680 119.328 12.6264 -4.97028
1010000 FRAC0_S 0 1 45000 30382 7589.16 -7.91653e+06 -1.10188e+06 416663 131.283 15.3953 -3.3802
1010000 FRAC0_S 0 1 45000 30644.7 7751.78 -5.901e+06 -852155 139198 67.2859 16.2393 -1.56183
1010000 FRAC0_S 0 1 45000 30844.5 7987.64 -8.10397e+06 -1.08994e+06 -31030.2 105.988 15.564 0.261998
1010000 FRAC0_S 0 1 45000 30961.5 8273.65 -8.58457e+06 -1.23179e+06 -305334 147.607 16.001 2.32294
1010000 FRAC0_S 0 1 45000 30984.3 8581.81 -8.02198e+06 -842184 -436029 88.4896 12.1038 3.58441
1010000 FRAC0_S 0 1 45000 30910.8 8881.97 -6.74329e+06 -503667 -481870 53.4879 8.82615 4.7348
1010000 FRAC0_S 0 1 45000 30748.2 9144.74 -7.61132e+06 275420 -343273 22.4318 -4.60676 3.19596
1010000 FRAC0_S 0 1 45000 30512.4 9344.4 -6.73982e+06 -96781.2 -640174 55.3411 1.80046 6.43657
1010000 FRAC0_S 0 1 45000 30226.4 9461.4 -8.56874e+06 -117998 -872310 102.444 1.71751 6.84308
1010000 FRAC0_S 0 1 45000 29918.2 9484.3 -8.40816e+06 415710 -736976 87.6363 -5.95492 5.81638
1010000 FRAC0_S 0 1 45000 29618 9410.84 -7.41653e+06 983520 -888080 191.093 -14.0397 7.15624
1010000 FRAC0_S 0 1 45000 29355.3 9248.22 -8.32706e+06 1.14531e+06 -355907 133.735 -15.3639 2.78131
1010000 FRAC0_S 0 1 45000 29155.5 9012.36 -8.32146e+06 1.24358e+06 -100828 139.16 -16.8533 0.810054
1010000 FRAC0_S 0 1 45000 29038.5 8726.35 -9.27326e+06 1.16191e+06 319917 133.914 -14.3077 -2.29096
1010000 FRAC0_S 0 1 45000 29015.7 8418.19 -6.66847e+06 764891 411582 74.6647 -12.9847 -4.0014
1010000 FRAC0_S 0 1 45000 29089.2 8118.03 -8.16232e+06 649854 736394 109.755 -9.20385 -5.81915
Step FractureNumber TipNr TipActive TipX TipY TipZ KI KII KIII G Phi Psi Extension
1010101 FRAC0_S 0 1 44996.6 29178.2 7791.72 -8.40636e+06 691027 1.07348e+06 195.817 -9.18873 -7.8649
1010101 FRAC0_S 0 1 45004.9 29437.1 7572.41 -7.93766e+06 -487478 961285 144.077 7.08202 -7.64205
1010101 FRAC0_S 0 1 45012.6 29751.4 7444.61 -7.87662e+06 -1.59535e+06 921849 339.821 19.8394 -6.65839
1010101 FRAC0_S 0 1 45021.4 30128.4 7424.09 -8.06945e+06 -2.53531e+06 705754 639.028 27.8646 -4.73856
1010101 FRAC0_S 0 1 45025.8 30418.3 7502.22 -6.55638e+06 -2.20781e+06 -595661 481.55 29.1285 4.83027
1010101 FRAC0_S 0 1 45027.3 30706 7680.69 -7.4515e+06 -3.28103e+06 172846 963.255 35.7845 -1.22798
1010101 FRAC0_S 0 1 45027.3 30924.7 7938.96 -8.00086e+06 -3.64707e+06 -118841 1187.14 36.6678 0.784415
1010101 FRAC0_S 0 1 45025.8 31053.2 8252.16 -7.54877e+06 -2.84073e+06 -264888 728.429 32.3513 1.91882
1010101 FRAC0_S 0 1 45021.3 31079.2 8589.91 -7.87462e+06 -2.26538e+06 -487805 488.954 26.6613 3.5106
1010101 FRAC0_S 0 1 45010.9 30999.7 8919.38 -8.30102e+06 -1.72211e+06 -786440 346.528 20.5272 5.50014
1010101 FRAC0_S 0 1 45000.7 30821.7 9208.2 -8.77271e+06 -525128 -830996 116.417 7.07013 6.1772
1010101 FRAC0_S 0 1 45000.4 30562.9 9427.71 -8.64293e+06 -308740 -721222 77.6755 4.39721 5.63232
1010101 FRAC0_S 0 1 44999.7 30248.7 9556.19 -8.26379e+06 124103 -893732 107.607 -1.8594 7.20469
1010101 FRAC0_S 0 1 44989.5 29910.4 9580.55 -7.81482e+06 1.37101e+06 -906530 276.796 -17.7267 6.73998
1010101 FRAC0_S 0 1 44978.6 29581.4 9498.61 -8.18595e+06 2.77397e+06 -732831 757.121 -29.2736 4.75894
1010101 FRAC0_S 0 1 44973.4 29293.9 9319.52 -8.35807e+06 3.57847e+06 -456129 1168.76 -34.5893 2.82619
1010101 FRAC0_S 0 1 44972.7 29075.4 9061 -6.42049e+06 3.06486e+06 -115809 838.824 -37.5575 0.936033
1010101 FRAC0_S 0 1 44974.7 28946.7 8747.85 -7.70915e+06 3.37109e+06 240479 1020.36 -35.4822 -1.64202
1010101 FRAC0_S 0 1 44978.6 28920.8 8410.16 -7.83255e+06 2.87041e+06 558382 775.668 -31.1368 -3.78642
1010101 FRAC0_S 0 1 44986.2 29000.5 8080.6 -8.13843e+06 1.91669e+06 898524 434.739 -22.3541 -6.17627