
Step FractureNumber TipNr TipActive TipX TipY TipZ KI KII KIII G Phi Psi Extension
1010000 FRAC0_S 0 1 44337.7 -29270.4 8432.65 399782 2.34775e+06 30669.6 505.536 -68.3196 -0.857048
1010000 FRAC0_S 0 1 44227.9 -29412.2 8684.28 426933 2.39115e+06 539764 564.488 -64.1983 -11.6856
1010000 FRAC0_S 0 1 44193.7 -29611.7 8917.88 434606 2.03886e+06 1.03124e+06 528.697 -57.7546 -20.094
1010000 FRAC0_S 0 1 44238.4 -29849 9110.57 439701 1.51397e+06 1.43584e+06 495.677 -48.5672 -27.1201
1010000 FRAC0_S 0 1 44357.7 -30101.2 9243.49 450019 803354 1.76198e+06 488.463 -32.3304 -34.3104
1010000 FRAC0_S 0 1 44539.9 -30343.5 9303.63 407803 -34318.6 1.77752e+06 435.149 2.14785 -41.3005
1010000 FRAC0_S 0 1 44767.1 -30552.1 9285.1 438546 -969813 1.82369e+06 543.286 35.706 -33.5051
1010000 FRAC0_S 0 1 45017 -30706.8 9189.73 278748 -1.14831e+06 1.01384e+06 261.133 50.37 -26.7046
1010000 FRAC0_S 0 1 45265.3 -30792.2 9026.84 407814 -2.16612e+06 996495 565.001 59.1712 -19.199
1010000 FRAC0_S 0 1 45487.7 -30800.1 8812.38 411782 -2.66738e+06 519646 685.033 65.311 -10.5747
1010000 FRAC0_S 0 1 45662.3 -30729.6 8567.35 327285 -1.8894e+06 -34798.2 327.815 68.1896 1.19766
1010000 FRAC0_S 0 1 45772.1 -30587.8 8315.72 427070 -2.34004e+06 -579931 548.929 63.6637 12.5241
1010000 FRAC0_S 0 1 45806.3 -30388.3 8082.12 465781 -1.93963e+06 -1.02582e+06 494.536 56.7717 20.3698
1010000 FRAC0_S 0 1 45761.6 -30151 7889.43 502124 -1.41789e+06 -1.40668e+06 464.787 46.9541 27.0816
1010000 FRAC0_S 0 1 45642.3 -29898.8 7756.51 469121 -786503 -1.7723e+06 492.494 31.6421 34.3491
1010000 FRAC0_S 0 1 45460.1 -29656.5 7696.37 484940 71131.9 -1.66844e+06 391.636 -4.40513 39.9382
1010000 FRAC0_S 0 1 45232.9 -29447.9 7714.9 422339 954506 -1.7431e+06 501.189 -36.2793 33.2776
1010000 FRAC0_S 0 1 44983 -29293.2 7810.27 344744 1.03529e+06 -935034 222.381 -48.6085 26.1203
1010000 FRAC0_S 0 1 44734.7 -29207.8 7973.16 481498 2.03621e+06 -950621 510.314 -58.0652 18.8996
1010000 FRAC0_S 0 1 44512.3 -29199.9 8187.62 459478 2.33715e+06 -478429 535.999 -64.2591 10.6902
Step FractureNumber TipNr TipActive TipX TipY TipZ KI KII KIII G Phi Psi Extension
1010101 FRAC0_S 0 1 44258.6 -29294.3 8377.16 2.70595e+06 -128225 521583 690.124 5.24726 -11.3263
1010101 FRAC0_S 0 1 44142.2 -29438.8 8641.74 1.75743e+06 79041.1 597643 323.284 -4.4723 -17.1618
1010101 FRAC0_S 0 1 44102.5 -29640.3 8893.19 1.73057e+06 128307 968595 393.117 -6.20888 -22.8475
1010101 FRAC0_S 0 1 44146.7 -29882.4 9110.99 1.00451e+06 836346 889069 257.374 -36.3207 -21.9026
1010101 FRAC0_S 0 1 44280.1 -30137.4 9280.12 1.15571e+06 55581.3 1.49465e+06 416.414 -2.84613 -33.0156
1010101 FRAC0_S 0 1 44511.6 -30382.4 9380.55 1.22962e+06 -131595 1.83838e+06 585.767 5.63961 -33.922
1010101 FRAC0_S 0 1 44774.6 -30566.5 9377.34 1.41297e+06 -431094 1.50878e+06 497.228 16.8434 -28.4175
1010101 FRAC0_S 0 1 45059.3 -30708.1 9278.03 1.83144e+06 -546275 1.17512e+06 509.14 19.8712 -22.1887
1010101 FRAC0_S 0 1 45326.7 -30783.5 9103.97 1.80519e+06 -328486 492046 332.2 16.4189 -13.4579
1010101 FRAC0_S 0 1 45559.7 -30782 8878.48 2.35803e+06 -254899 99310.9 502.58 12.5391 -2.81179
1010101 FRAC0_S 0 1 45741.4 -30705.5 8622.7 2.68696e+06 -13736.4 -283324 654.046 0.642979 7.10837
1010101 FRAC0_S 0 1 45858.1 -30561.9 8357.76 1.64256e+06 -161027 -508399 277.106 9.41128 15.5563
1010101 FRAC0_S 0 1 45898.1 -30360.7 8105.55 1.65664e+06 -168750 -959446 369.526 8.22642 22.956
1010101 FRAC0_S 0 1 45853.6 -30118.6 7887.27 1.30125e+06 -98738.5 -1.22621e+06 351.731 5.16471 29.225
1010101 FRAC0_S 0 1 45719.3 -29863.7 7718.23 894355 38001.4 -1.15931e+06 250.158 -2.52041 33.0942
1010101 FRAC0_S 0 1 45498.8 -29628.9 7620.59 951833 141880 -1.26322e+06 294.759 -8.17388 32.3255
1010101 FRAC0_S 0 1 45224.8 -29433.9 7622.01 1.11522e+06 309378 -1.17443e+06 302.802 -15.6732 28.5079
1010101 FRAC0_S 0 1 44941.1 -29290.1 7721.66 2.03461e+06 513213 -1.15617e+06 570.138 -18.0541 21.1318
1010101 FRAC0_S 0 1 44673.6 -29214.3 7895.74 1.32151e+06 513989 -129539 181.393 -31.8302 4.99851
1010101 FRAC0_S 0 1 44440.2 -29216.6 8121.4 1.98921e+06 134295 88467.1 355.253 -8.24174 -3.0668