
Step FractureNumber TipNr TipActive TipX TipY TipZ KI KII KIII G Phi Psi Extension
1010000 FRAC0_S 0 1 22179.3 8434.19 8500 -1.52009e+07 -3.15375e+06 -3.27638e+06 2314.01 18.9236 11.0573
1010000 FRAC0_S 0 1 21906.3 8289.38 8500 2.17772e+07 775864 -2.91695e+06 43445.3 -4.19971 8.50011
1010000 FRAC0_S 0 1 21691.5 8067.3 8500 -667866 1.07213e+06 -4.06209e+06 2297.01 -23.4795 38.4335
1010000 FRAC0_S 0 1 21555.8 7789.69 8500 -446277 2.51478e+06 -3.47588e+06 2170.41 -44.011 32.4968
1010000 FRAC0_S 0 1 21512.4 7483.73 8500 -486495 3.72653e+06 -2.52657e+06 2086.48 -56.0091 24.6032
1010000 FRAC0_S 0 1 21565.8 7179.36 8500 -475055 4.22031e+06 -1.45012e+06 1866.82 -63.1305 16.5679
1010000 FRAC0_S 0 1 21710.6 6906.37 8500 -308665 4.11636e+06 -450860 1536.95 -68.3015 6.93029
1010000 FRAC0_S 0 1 21932.6 6691.49 8500 -822748 5.91748e+06 720093 3189.3 -67.0062 -7.22134
1010000 FRAC0_S 0 1 22210.3 6555.76 8500 -230046 3.35591e+06 1.29614e+06 1227 -63.1593 -18.3821
1010000 FRAC0_S 0 1 22516.3 6512.45 8500 -918370 4.23397e+06 2.99124e+06 2787.45 -53.8663 -24.1981
1010000 FRAC0_S 0 1 22820.7 6565.81 8500 -396667 2.37861e+06 3.56039e+06 2190.12 -42.6941 -33.4115
1010000 FRAC0_S 0 1 23093.7 6710.62 8500 -2.15574e+07 2.06912e+06 3.8538e+06 2356.78 -10.1444 -10.2896
1010000 FRAC0_S 0 1 23308.5 6932.7 8500 -122974 -1.21246e+06 4.12012e+06 2388.73 27.6566 -40.0853
1010000 FRAC0_S 0 1 23444.2 7210.31 8500 -349600 -2.23156e+06 2.68542e+06 1402.88 46.7532 -31.1922
1010000 FRAC0_S 0 1 23487.6 7516.27 8500 -317514 -4.28758e+06 2.9264e+06 2777.13 57.014 -25.3251
1010000 FRAC0_S 0 1 23434.2 7820.64 8500 1.8309e+07 -4.48966e+06 544687 31707.1 24.337 -1.80206
1010000 FRAC0_S 0 1 23289.4 8093.63 8500 -469939 -6.05975e+06 605451 3320.93 68.4099 -6.38107
1010000 FRAC0_S 0 1 23067.4 8308.51 8500 -346769 -5.95232e+06 -620656 3208.41 68.6318 6.7306
1010000 FRAC0_S 0 1 22789.7 8444.24 8500 3.72215e+06 -4.00168e+06 -1.8551e+06 3119.23 46.2696 13.8682
1010000 FRAC0_S 0 1 22483.7 8487.55 8500 -484156 -3.87533e+06 -2.66646e+06 2283.9 55.924 24.8492
Step FractureNumber TipNr TipActive TipX TipY TipZ KI KII KIII G Phi Psi Extension
1010101 FRAC0_S 0 1 22148.8 8512.86 8535.09 1.43399e+06 -1.73783e+06 -2.76162e+06 1466.69 34.9994 29.1551
1010101 FRAC0_S 0 1 21849.9 8364.78 8494.49 8.0051e+06 -821139 -2.19373e+06 6410.45 10.0433 14.2196
1010101 FRAC0_S 0 1 21621.4 8118.35 8460.83 1.04829e+06 1.35045e+06 -3.10786e+06 1545.05 -30.1239 33.5106
1010101 FRAC0_S 0 1 21488.6 7813.18 8434.57 2.32345e+06 2.03194e+06 -1.96257e+06 1361.24 -37.7854 21.0451
1010101 FRAC0_S 0 1 21456.6 7484.87 8418.87 3.8452e+06 2.0804e+06 -1.17849e+06 1887.93 -34.9953 12.0312
1010101 FRAC0_S 0 1 21523 7166.23 8411.44 1.31078e+07 8.01815e+06 89479.2 21040.4 -42.9129 -0.32839
1010101 FRAC0_S 0 1 21679.5 6883.59 8408.23 2.00657e+06 9.61804e+06 506134 8636.13 -66.9967 -3.19696
1010101 FRAC0_S 0 1 21910.7 6659.15 8408.44 3.42679e+06 963218 855058 1226.32 -23.3493 -11.8387
1010101 FRAC0_S 0 1 22198.3 6511.44 8412.18 1.11345e+07 617250 7.93965e+06 19465.7 -4.31967 -26.0849
1010101 FRAC0_S 0 1 22519.4 6454.79 8420.36 -1.40853e+07 2.4717e+07 -1.29719e+06 54663.6 -59.6991 2.48871
1010101 FRAC0_S 0 1 22847.6 6496.64 8441.5 1.86405e+06 1.39232e+06 2.35511e+06 1220.06 -30.4273 -26.9235
1010101 FRAC0_S 0 1 23151.5 6644.23 8486.73 9.7645e+06 -2.86548e+06 3.27072e+06 10650.7 22.9562 -14.6481
1010101 FRAC0_S 0 1 23375.9 6882.56 8537.01 1.46257e+06 -1.5985e+06 3.47614e+06 2025.42 30.0479 -32.1453
1010101 FRAC0_S 0 1 23508.8 7187.76 8568.99 9.86366e+06 -6.87787e+06 5.57176e+06 17013.9 36.5029 -17.4194
1010101 FRAC0_S 0 1 23552.7 7519.09 8570.46 3.52966e+06 -2.96536e+06 1.59125e+06 2230.52 41.9265 -14.0713
1010101 FRAC0_S 0 1 23498.2 7841.19 8564.83 3.8135e+06 -2.98249e+06 339358 2103.88 46.2884 -3.63505
1010101 FRAC0_S 0 1 23330.9 8119.54 8580.07 4.03412e+06 -1.95149e+06 -505881 1823.58 35.761 5.87813
1010101 FRAC0_S 0 1 23090.2 8345.48 8587.87 1.44169e+07 1.14705e+07 -3.22766e+06 31631.3 -44.291 8.24142
1010101 FRAC0_S 0 1 22804.9 8498.75 8580.11 -1.02187e+06 5.92153e+06 5.14724e+06 6648.32 -51.776 -27.2254
1010101 FRAC0_S 0 1 22480.7 8554.45 8567.58 2.68664e+06 -1.93105e+06 -1.93475e+06 1473.33 35.1793 20.1541