
Step FractureNumber TipNr TipActive TipX TipY TipZ KI KII KIII G Phi Psi Extension
1010000 FRAC0_S 0 1 29413.1 -21727.6 8314.49 559393 -603647 115027 62.1148 50.5082 -6.75274
1010000 FRAC0_S 0 1 29270.9 -21837 8566.09 3.34175e+06 829878 -1.81471e+06 1494.48 -18.0628 20.6125
1010000 FRAC0_S 0 1 29200.1 -22011.3 8811.21 1.95515e+06 -4.84804e+06 1.04639e+06 2580.65 59.7649 -9.81138
1010000 FRAC0_S 0 1 29207.6 -22233.4 9025.89 2.19772e+06 -6.03016e+06 17354.9 3670.73 64.9479 -0.164031
1010000 FRAC0_S 0 1 29292.6 -22481.7 9189.08 2.93889e+06 -5.17108e+06 -674394 3212.95 58.1565 5.79372
1010000 FRAC0_S 0 1 29446.9 -22731.7 9284.81 3.27379e+06 -5.13341e+06 -1.48679e+06 3597.28 53.794 10.976
1010000 FRAC0_S 0 1 29655.3 -22959.1 9303.73 2.98701e+06 -3.64452e+06 -1.94963e+06 2484.2 46.8331 16.0181
1010000 FRAC0_S 0 1 29897.5 -23141.5 9243.98 5.41888e+06 -60738 -1.69924e+06 3001 1.17948 16.6137
1010000 FRAC0_S 0 1 30149.7 -23261.1 9111.39 5.23386e+06 1.62296e+06 -1.68922e+06 3055.24 -24.0625 14.1283
1010000 FRAC0_S 0 1 30387.3 -23306.2 8918.96 1.35795e+06 -1.4724e+06 -3.27641e+06 1785.24 29.686 32.3495
1010000 FRAC0_S 0 1 30586.9 -23272.4 8685.51 -13687.5 -179010 -3.28555e+06 1438.57 7.01977 44.2339
1010000 FRAC0_S 0 1 30729.1 -23163 8433.91 -1.85394e+06 73512.4 -3.34596e+06 1489.47 -1.93802 36.2054
1010000 FRAC0_S 0 1 30799.9 -22988.7 8188.79 -1.9112e+06 2.46907e+06 -2.5235e+06 1390.19 -41.1162 24.1019
1010000 FRAC0_S 0 1 30792.4 -22766.6 7974.11 -3.32534e+06 2.88023e+06 -1.57251e+06 1068.11 -42.2435 14.4206
1010000 FRAC0_S 0 1 30707.4 -22518.3 7810.92 -4.03418e+06 2.64631e+06 -674320 684.51 -41.3107 6.87397
1010000 FRAC0_S 0 1 30553.1 -22268.3 7715.19 -3.32146e+06 1.61533e+06 206028 238.16 -37.0674 -3.07182
1010000 FRAC0_S 0 1 30344.7 -22040.9 7696.27 -4.64771e+06 1.46614e+06 304073 203.844 -28.3291 -3.62146
1010000 FRAC0_S 0 1 30102.5 -21858.5 7756.02 -7.32088e+06 7.76175e+06 -3.74636e+06 7235.1 -45.8163 14.2131
1010000 FRAC0_S 0 1 29850.3 -21738.9 7888.61 -1.87682e+06 -389533 790555 96.6432 16.7031 -17.9647
1010000 FRAC0_S 0 1 29612.7 -21693.8 8081.04 -898547 -1.09749e+06 1.02844e+06 248.003 41.5846 -22.7073
Step FractureNumber TipNr TipActive TipX TipY TipZ KI KII KIII G Phi Psi Extension
1010101 FRAC0_S 0 1 29396.7 -21644.1 8329.55 1.63482e+06 -1.09276e+06 291717 355.886 41.5003 -7.22811
1010101 FRAC0_S 0 1 29230.8 -21771.7 8584.91 2.49282e+06 -1.96818e+06 149028 901.884 47.0117 -2.48701
1010101 FRAC0_S 0 1 29187.2 -21946.5 8859.92 4.92419e+06 -1.0613e+06 -887814 2365.91 19.9484 9.52454
1010101 FRAC0_S 0 1 29221.9 -22170.4 9101.21 5.68565e+06 918289 -1.3292e+06 3190.75 -15.2676 12.1425
1010101 FRAC0_S 0 1 29306.2 -22432.5 9274.1 6.63928e+06 161869 -2.55246e+06 4796.81 -2.40181 18.8277
1010101 FRAC0_S 0 1 29461.1 -22700.3 9377.49 6.83369e+06 373471 -2.09521e+06 4757.67 -5.50788 15.8941
1010101 FRAC0_S 0 1 29665.6 -22961.7 9395.13 7.12197e+06 -452714 -2.21074e+06 5188.17 6.32715 15.9376
1010101 FRAC0_S 0 1 29895.1 -23194.3 9314.91 4.94916e+06 -2.31544e+06 -2.60604e+06 3563.68 28.9891 18.2932
1010101 FRAC0_S 0 1 30158.3 -23334.6 9163.37 7.20677e+06 2.79074e+06 -1.8261e+06 5765.67 -29.1446 11.2596
1010101 FRAC0_S 0 1 30432.7 -23368.6 8966.35 2.12764e+06 -1.14167e+06 -2.66104e+06 1461.33 24.3575 28.3554
1010101 FRAC0_S 0 1 30653.5 -23335.5 8712.57 1.78866e+06 -56174.3 -3.09272e+06 1557.51 1.58371 35.9096
1010101 FRAC0_S 0 1 30787.2 -23233.9 8420.59 5.26715e+06 7.56509e+06 2.23696e+06 8237.53 -52.6413 -10.8516
1010101 FRAC0_S 0 1 30834.6 -23058.2 8136.21 -985381 1.88647e+06 -3.48924e+06 1936.37 -35.3624 32.8561
1010101 FRAC0_S 0 1 30812.4 -22824.6 7896.95 -1.67626e+06 2.09104e+06 -1.01435e+06 526.474 -47.8362 15.0614
1010101 FRAC0_S 0 1 30722.8 -22556.8 7721.56 -2.91608e+06 2.2958e+06 -817609 558.578 -43.158 9.97014
1010101 FRAC0_S 0 1 30562.8 -22282.8 7618.7 -2.92497e+06 2.08869e+06 -477200 419.04 -43.1261 6.52958
1010101 FRAC0_S 0 1 30340.2 -22037.2 7598.73 -2.77596e+06 1.49843e+06 -700262 265.297 -35.8188 10.3259
1010101 FRAC0_S 0 1 30086.7 -21830.6 7673.65 -2.47727e+06 1.64121e+06 -1.46665e+06 526.118 -35.095 18.2071
1010101 FRAC0_S 0 1 29845 -21667.9 7845.43 7.09604e+06 -9.66469e+06 -6.98024e+06 19290.7 45.392 20.0806
1010101 FRAC0_S 0 1 29619.5 -21597.9 8081.81 740936 -948872 -189769 133.941 52.8367 7.53877