
Step FractureNumber TipNr TipActive TipX TipY TipZ KI KII KIII G Phi Psi Extension
1010000 FRAC0_S 0 1 -6665.39 15528.2 8500 -209237 -1.17135e+06 2.28627e+06 817.458 37.5789 -35.804
1010000 FRAC0_S 0 1 -6869.45 15760.2 8500 -9.02882e+06 -3.01667e+06 2.2357e+06 1475.71 26.4494 -11.402
1010000 FRAC0_S 0 1 -7135.22 15917.8 8500 -2.00976e+07 -4.09275e+06 1.67425e+06 1865.46 20.4005 -4.91076
1010000 FRAC0_S 0 1 -7436.71 15985.6 8500 -252173 -4.3282e+06 820789 1758.92 67.2376 -11.0912
1010000 FRAC0_S 0 1 -7744.4 15957 8500 -1.15051e+07 -4.58463e+06 -59161.1 1873.45 34.1038 0.285309
1010000 FRAC0_S 0 1 -8028.16 15834.6 8500 -763712 -4.71787e+06 -989997 2113.79 64.8597 11.1599
1010000 FRAC0_S 0 1 -8260.22 15630.5 8500 1.82218e+07 -2.7587e+06 -1.2727e+06 30481.2 16.2798 4.35303
1010000 FRAC0_S 0 1 -8417.86 15364.7 8500 1.64716e+06 -2.37083e+06 -2.1002e+06 1329.28 43.7395 22.8866
1010000 FRAC0_S 0 1 -8485.66 15063.3 8500 -202984 -1.41503e+06 -2.8449e+06 1254.85 37.3519 36.3119
1010000 FRAC0_S 0 1 -8456.97 14755.6 8500 -248290 79433.5 -3.05286e+06 1240.11 -3.25093 43.5266
1010000 FRAC0_S 0 1 -8336.04 14474.1 8500 9.15414e+06 1.27558e+06 -2.51311e+06 8452.25 -13.1177 13.9011
1010000 FRAC0_S 0 1 -8130.55 14239.8 8500 6.59875e+06 2.01359e+06 -2.11977e+06 4839.09 -23.8031 14.1189
1010000 FRAC0_S 0 1 -7864.78 14082.2 8500 1.64311e+07 2.72331e+06 -1.52393e+06 25027.7 -17.2237 5.56912
1010000 FRAC0_S 0 1 -7563.29 14014.4 8500 -259758 4.06593e+06 -760479 1550.06 -67.1834 10.9247
1010000 FRAC0_S 0 1 -7255.6 14043 8500 -427299 4.49704e+06 -32529.7 1802.25 -69.3976 0.510457
1010000 FRAC0_S 0 1 -6971.84 14165.4 8500 -186996 3.46069e+06 793147 1150.89 -66.5901 -12.8784
1010000 FRAC0_S 0 1 -6739.78 14369.5 8500 -2.13207e+07 3.51717e+06 2.0661e+06 1670.08 -17.1059 -5.79542
1010000 FRAC0_S 0 1 -6582.14 14635.3 8500 -1.00944e+06 2.48798e+06 2.64798e+06 1484.17 -45.206 -27.4823
1010000 FRAC0_S 0 1 -6514.34 14936.7 8500 -304452 1.60945e+06 3.3463e+06 1720.12 -36.2823 -36.2652
1010000 FRAC0_S 0 1 -6543.03 15244.4 8500 -1.46876e+07 -458412 3.26142e+06 1433.43 3.44309 -12.784
Step FractureNumber TipNr TipActive TipX TipY TipZ KI KII KIII G Phi Psi Extension
1010101 FRAC0_S 0 1 -6593.43 15572.8 8543.13 578113 -758516 1.48845e+06 375.711 32.5429 -31.9353
1010101 FRAC0_S 0 1 -6815.46 15827.1 8546.23 1.80404e+06 -3.29311e+06 3.96969e+06 3352.25 41.6143 -27.8246
1010101 FRAC0_S 0 1 -7103 15988.3 8551.62 1.1726e+06 -1.35279e+06 580887 330.479 47.694 -13.4323
1010101 FRAC0_S 0 1 -7431.94 16046.8 8568.84 2.23757e+06 -1.51567e+06 474589 680.816 41.1933 -8.33994
1010101 FRAC0_S 0 1 -7759.7 16015.7 8573.72 2.00426e+06 -1.38725e+06 26813.4 529.543 45.2871 -0.609805
1010101 FRAC0_S 0 1 -8063.11 15888 8566.29 3.00827e+06 -3.96824e+06 -538918 2248.25 54.4059 5.42355
1010101 FRAC0_S 0 1 -8319.63 15676.9 8553.93 1.40608e+06 -1.54765e+06 -774974 469.491 46.0494 14.786
1010101 FRAC0_S 0 1 -8489.74 15394.7 8556.75 -2.3392e+06 3.26571e+06 1.65498e+06 1314.62 -48.8118 -16.0661
1010101 FRAC0_S 0 1 -8566.29 15066.3 8546.2 1.09983e+06 -1.01823e+06 -2.14657e+06 813.013 29.4361 30.9001
1010101 FRAC0_S 0 1 -8545.74 14731.5 8506.66 523807 59698.1 -2.52141e+06 870.315 -2.6659 41.5794
1010101 FRAC0_S 0 1 -8414.54 14422 8477.15 -1.12864e+07 4.69636e+06 -347184 1981.42 -34.4733 1.64341
1010101 FRAC0_S 0 1 -8189.15 14169.3 8466.74 844638 1.93412e+06 -1.71705e+06 789.034 -47.2734 24.9764
1010101 FRAC0_S 0 1 -7897.63 14010.4 8452.06 1.75137e+06 2.1587e+06 -1.07848e+06 843.275 -47.4744 15.3205
1010101 FRAC0_S 0 1 -7571.17 13964.3 8423.11 2.09756e+06 939871 -111981 472.447 -35.5457 2.73167
1010101 FRAC0_S 0 1 -7246.56 14007.9 8407.21 1.60439e+06 467077 -177833 253.021 -26.0532 5.96052
1010101 FRAC0_S 0 1 -6940.66 14124.8 8423.36 2.08985e+06 1.04243e+06 293221 497.453 -36.1215 -6.43496
1010101 FRAC0_S 0 1 -6681.32 14324 8444.61 -1.3846e+07 4.89449e+06 -197633 2139.91 -31.5069 0.810396
1010101 FRAC0_S 0 1 -6510.9 14605.6 8442.37 1.01616e+06 1.4329e+06 1.42292e+06 544.26 -42.223 -24.2077
1010101 FRAC0_S 0 1 -6433.57 14933.8 8454.17 1.01426e+06 908829 2.07866e+06 739.945 -28.1846 -31.6122
1010101 FRAC0_S 0 1 -6457.82 15266 8503.45 664743 36617.6 2.17517e+06 668.768 -1.77083 -40.1123