
Step FractureNumber TipNr TipActive TipX TipY TipZ KI KII KIII G Phi Psi Extension
1010000 FRAC0_S 0 1 -36865.8 114.395 7751.46 2.99967e+07 1.70317e+07 6.95864e+06 112470 -37.2 -9.50553
1010000 FRAC0_S 0 1 -37050.8 355.482 7695.38 3.2224e+07 1.58994e+07 8.69634e+06 125115 -33.6941 -11.165
1010000 FRAC0_S 0 1 -37279.8 561.771 7718.05 1.95519e+07 5.24178e+06 7.11632e+06 43248.6 -21.1086 -15.7537
1010000 FRAC0_S 0 1 -37530.3 713.07 7817.26 2.59136e+07 2.60337e+06 8.7387e+06 70599 -9.4412 -16.4801
1010000 FRAC0_S 0 1 -37777.9 794.568 7983.3 2.51365e+07 -1.48166e+06 6.85595e+06 62750.6 6.05967 -14.5912
1010000 FRAC0_S 0 1 -37998.2 798.289 8199.92 1.50684e+07 -552271 5.46001e+06 24225.1 3.61968 -17.9887
1010000 FRAC0_S 0 1 -38169.8 723.868 8445.92 1.60096e+07 -513594 2.53596e+06 23718.3 3.72181 -9.79426
1010000 FRAC0_S 0 1 -38275.8 578.59 8697.21 1.26547e+06 4.72113e+06 3.93755e+06 4190.95 -50.7592 -25.7527
1010000 FRAC0_S 0 1 -38305.9 376.675 8929.2 1.03142e+07 8.48046e+06 621822 15939.8 -47.7938 -2.46414
1010000 FRAC0_S 0 1 -38257.1 137.889 9119.17 6.66502e+06 4.39775e+06 3.38553e+06 7206.32 -36.1278 -16.4651
1010000 FRAC0_S 0 1 -38134.2 -114.395 9248.54 8.1089e+06 5.95875e+06 4.11626e+06 11276.9 -38.3603 -15.9657
1010000 FRAC0_S 0 1 -37949.2 -355.482 9304.62 3.64561e+06 4.83627e+06 7.36765e+06 10488.1 -36.2015 -29.1275
1010000 FRAC0_S 0 1 -37720.2 -561.771 9281.95 5.60677e+06 -539925 5.45964e+06 6791.66 6.36129 -29.3892
1010000 FRAC0_S 0 1 -37469.7 -713.07 9182.74 9.55106e+06 1.08281e+06 8.5894e+06 18045.8 -7.66382 -28.2637
1010000 FRAC0_S 0 1 -37222.1 -794.568 9016.7 1.10048e+07 -3.90331e+06 1.94601e+06 12653.1 28.6687 -8.56608
1010000 FRAC0_S 0 1 -37001.8 -798.289 8800.08 1.37622e+07 -2.70965e+06 -602052 17579.6 20.4552 2.70937
1010000 FRAC0_S 0 1 -36830.2 -723.868 8554.08 1.83771e+07 4.36783e+06 -4.92436e+06 35019.2 -20.3558 12.8366
1010000 FRAC0_S 0 1 -36724.2 -578.59 8302.79 2.56682e+07 5.96393e+06 -1.60241e+06 62221.7 -22.8688 3.68407
1010000 FRAC0_S 0 1 -36694.1 -376.675 8070.8 2.20898e+07 9.5986e+06 -2.29961e+06 52395.3 -33.9547 5.12638
1010000 FRAC0_S 0 1 -36742.9 -137.889 7880.83 2.45283e+07 1.28866e+07 316251 68423.2 -39.6499 -0.651453
Step FractureNumber TipNr TipActive TipX TipY TipZ KI KII KIII G Phi Psi Extension
1010101 FRAC0_S 0 1 -36850.7 89.1368 7657.6 3.74772e+07 -2.25309e+06 6.01498e+06 130423 6.72561 -9.68557
1010101 FRAC0_S 0 1 -37043.9 356.087 7597.99 3.23005e+07 -3.4036e+06 7.59195e+06 101669 10.5731 -12.6626
1010101 FRAC0_S 0 1 -37281.4 592.821 7626.35 3.36415e+07 -3.71665e+06 1.09595e+07 118056 10.3548 -15.9943
1010101 FRAC0_S 0 1 -37542.1 773.533 7743.28 3.0081e+07 -2.11733e+06 8.5783e+06 90819.1 7.0808 -14.9486
1010101 FRAC0_S 0 1 -37803.7 874.128 7934.25 1.40947e+07 2.35721e+06 9.61618e+06 30496.5 -12.0872 -24.2826
1010101 FRAC0_S 0 1 -38043.1 881.187 8174.68 2.39396e+07 -4.30751e+06 6.47463e+06 58298.3 16.2908 -13.3973
1010101 FRAC0_S 0 1 -38256.1 763.288 8459.29 1.10058e+07 -1.91897e+06 2.74539e+06 12124.3 16.0947 -12.6526
1010101 FRAC0_S 0 1 -38363.4 589.694 8677.34 9.50575e+06 -7.08678e+06 2.57433e+06 13408.7 42.1942 -9.88101
1010101 FRAC0_S 0 1 -38401.9 352.27 8927.02 1.2686e+07 -5.36594e+06 -974281 17033 33.9161 3.90763
1010101 FRAC0_S 0 1 -38350.9 110.992 9129.97 6.91454e+06 -1.97046e+06 2.01987e+06 5149.04 23.0118 -13.3155
1010101 FRAC0_S 0 1 -38218.9 -158.328 9272.39 6.43719e+06 -22282.5 3.73332e+06 5546.24 0.30572 -24.142
1010101 FRAC0_S 0 1 -38010 -410.814 9347.62 7.91323e+06 -880891 4.89032e+06 8829.87 8.72198 -23.66
1010101 FRAC0_S 0 1 -37746.9 -622.434 9347.61 -1.71271e+06 -5.15189e+06 4.42349e+06 4967.6 49.315 -25.4984
1010101 FRAC0_S 0 1 -37462.9 -775.949 9252.82 6.71622e+06 -1.8268e+06 3.59668e+06 6037.42 19.4823 -20.2127
1010101 FRAC0_S 0 1 -37180.3 -849.713 9080.86 1.13919e+07 -158236 1.13613e+06 11738.1 1.73534 -6.72068
1010101 FRAC0_S 0 1 -36944.1 -858.986 8839.06 1.84613e+07 6.95256e+06 -2.19216e+06 35316.9 -30.819 5.98579
1010101 FRAC0_S 0 1 -36779.2 -801.257 8548.56 1.81512e+07 -3.27634e+06 -1.70208e+06 30700.7 18.4266 5.56121
1010101 FRAC0_S 0 1 -36679.5 -654.965 8261.56 2.1531e+07 -4.2458e+06 -3.27189e+06 44340.2 18.9672 8.36683
1010101 FRAC0_S 0 1 -36658.3 -439.616 8005.16 2.14482e+07 -2.16289e+06 -1.53625e+06 41723.7 11.5234 4.64187
1010101 FRAC0_S 0 1 -36718.9 -184.074 7797.38 3.47603e+07 -2.48475e+06 1.65938e+06 108586 8.65598 -3.26687