
Step FractureNumber TipNr TipActive TipX TipY TipZ KI KII KIII G Phi Psi Extension
1010000 FRAC0_S 0 1 44523.2 -44135 8500 74355.3 223133 -45674.1 5.20677 -61.4361 9.79701
1010000 FRAC0_S 0 1 44279.2 -44324.7 8500 52162.1 237827 -1773.11 5.28311 -67.6079 0.472807
1010000 FRAC0_S 0 1 44105.9 -44580.5 8500 9440.17 -128387 -798663 86.3124 17.8775 42.5191
1010000 FRAC0_S 0 1 44020 -44877.3 8500 60359.8 171715 87188.2 3.96318 -55.0491 -18.8401
1010000 FRAC0_S 0 1 44030 -45186.2 8500 50925.6 -148987 -642343 57.0854 22.5744 40.2926
1010000 FRAC0_S 0 1 44135 -45476.8 8500 69234.4 68326.2 179590 5.13276 -26.9123 -33.5869
1010000 FRAC0_S 0 1 44324.7 -45720.8 8500 21509.6 423234 514753 51.2443 -48.1341 -32.3478
1010000 FRAC0_S 0 1 44580.5 -45894.1 8500 44220.1 -47026.9 108194 1.92821 29.1192 -32.6023
1010000 FRAC0_S 0 1 44877.3 -45980 8500 70433.6 -133513 104358 3.47897 47.5002 -22.6212
1010000 FRAC0_S 0 1 45186.2 -45970 8500 46637.8 -1.31661e+06 241884 162.444 67.7383 -11.0047
1010000 FRAC0_S 0 1 45476.8 -45865 8500 59147.7 -180083 39928.8 3.41363 61.1828 -10.4814
1010000 FRAC0_S 0 1 45720.8 -45675.3 8500 47689 -199503 -3829.38 3.75132 67.0515 1.18223
1010000 FRAC0_S 0 1 45894.1 -45419.5 8500 52096.6 -181909 -40358.1 3.4072 62.0512 10.7595
1010000 FRAC0_S 0 1 45980 -45122.7 8500 54424.7 -180748 -77679.2 3.97768 57.5189 17.3325
1010000 FRAC0_S 0 1 45970 -44813.8 8500 51036.5 -116345 -104934 2.90281 47.0365 25.1565
1010000 FRAC0_S 0 1 45865 -44523.2 8500 55280.2 -66374.8 -127272 2.81925 32.3532 31.2535
1010000 FRAC0_S 0 1 45675.3 -44279.2 8500 81728.4 938812 -722362 148.534 -55.1009 26.6592
1010000 FRAC0_S 0 1 45419.5 -44105.9 8500 58101.3 58644.8 -132822 2.95364 -29.0326 32.1651
1010000 FRAC0_S 0 1 45122.7 -44020 8500 64634 115064 -126581 3.68309 -42.7161 26.5998
1010000 FRAC0_S 0 1 44813.8 -44030 8500 95313.3 650153 377606 57.4402 -57.5876 -22.495
Step FractureNumber TipNr TipActive TipX TipY TipZ KI KII KIII G Phi Psi Extension
1010101 FRAC0_S 0 1 44502.2 -44094.4 8411.87 -73600.3 -257645 225484 12.6773 49.7979 -26.178
1010101 FRAC0_S 0 1 44238.1 -44291.1 8439.49 203805 7616.71 252876 12.2113 -2.27783 -32.6931
1010101 FRAC0_S 0 1 44041.6 -44552 8471.74 53329.3 -37138.5 178850 4.63066 17.9746 -37.2454
1010101 FRAC0_S 0 1 43947.3 -44868 8476.29 49989.2 -46318.4 136257 2.88312 25.1063 -34.3715
1010101 FRAC0_S 0 1 43951 -45203.9 8487.38 92048.9 488365 -219169 28.3965 -59.3953 18.9007
1010101 FRAC0_S 0 1 44061.9 -45514.8 8468.34 9893.93 -100372 21058.1 0.965435 66.1114 -11.659
1010101 FRAC0_S 0 1 44273.1 -45775.6 8463.62 199021 258640 -369369 27.6362 -36.9365 28.2539
1010101 FRAC0_S 0 1 44548.4 -45962.6 8524.15 142718 62996.1 -53975.4 2.55614 -29.8423 14.7864
1010101 FRAC0_S 0 1 44865.6 -46042.6 8572.17 248808 -153470 -40022.2 7.82824 40.1497 6.78776
1010101 FRAC0_S 0 1 45193.4 -46015.9 8586.61 295537 -83353.1 -277215 18.623 16.6561 27.0651
1010101 FRAC0_S 0 1 45497.3 -45902.1 8589.97 -205496 138129 -170751 5.57792 -32.5474 22.2562
1010101 FRAC0_S 0 1 45751.4 -45704.2 8590.03 -240432 221187 -491246 36.4555 -28.7262 31.4416
1010101 FRAC0_S 0 1 45935.8 -45437.8 8588.28 -332243 261899 -351704 22.5637 -33.3982 24.4408
1010101 FRAC0_S 0 1 46034 -45127.8 8582.56 -433653 386168 -137837 15.8155 -45.0716 10.543
1010101 FRAC0_S 0 1 46035.3 -44798.9 8571.06 -28881.1 166443 -991113 133.115 -18.2627 42.13
1010101 FRAC0_S 0 1 45928.5 -44489.2 8524.55 -18736.6 463536 -265639 28.5317 -59.88 23.5407
1010101 FRAC0_S 0 1 45722.7 -44228.4 8460.24 123202 31415.3 -177155 5.61456 -12.6289 32.2404
1010101 FRAC0_S 0 1 45450.2 -44037.6 8438.27 213975 178346 -347036 22.932 -29.6975 29.3409
1010101 FRAC0_S 0 1 45134 -43950.6 8432.84 298151 157260 -69922.6 10.7754 -35.6366 9.79726
1010101 FRAC0_S 0 1 44805.3 -43975 8418.88 304619 118358 199437 14.8072 -24.0912 -21.6049