
Step FractureNumber TipNr TipActive TipX TipY TipZ KI KII KIII G Phi Psi Extension
1010000 FRAC0_S 0 1 44046 15255.6 8500 -125161 -464665 173224 23.2309 59.296 -16.0065
1010000 FRAC0_S 0 1 44013.7 14948.3 8500 -132465 -592643 89278.2 32.3578 64.8104 -8.15427
1010000 FRAC0_S 0 1 44077.9 14646.1 8500 -115356 -459056 -125866 20.8854 61.694 12.9535
1010000 FRAC0_S 0 1 44232.4 14378.4 8500 -136312 -570586 -179651 33.3039 61.1087 14.4509
1010000 FRAC0_S 0 1 44462.1 14171.6 8500 -118837 -394007 -261750 22.9458 53.1011 22.5894
1010000 FRAC0_S 0 1 44744.4 14045.9 8500 -122508 -288772 -360086 24.6759 42.6006 29.2204
1010000 FRAC0_S 0 1 45051.7 14013.7 8500 -110427 -100512 -382783 20.3878 21.6946 36.5712
1010000 FRAC0_S 0 1 45354 14077.9 8500 -86183.2 60885.9 -328410 14.6748 -16.7794 38.1312
1010000 FRAC0_S 0 1 45621.6 14232.5 8500 -71824.8 176242 -260708 11.8077 -40.0969 31.304
1010000 FRAC0_S 0 1 45828.4 14462.1 8500 -69429.1 328281 -240236 17.2791 -53.5065 24.6933
1010000 FRAC0_S 0 1 45954 14744.4 8500 -41149.1 299099 -118596 9.84246 -61.5156 17.9558
1010000 FRAC0_S 0 1 45986.3 15051.7 8500 -52087.5 306245 -65919 8.93517 -64.5842 11.3227
1010000 FRAC0_S 0 1 45922.1 15353.9 8500 -50734.8 364773 19813.6 11.9091 -68.1615 -3.4818
1010000 FRAC0_S 0 1 45767.6 15621.6 8500 -59242.3 414440 45720.5 15.5836 -67.1414 -6.61026
1010000 FRAC0_S 0 1 45537.9 15828.4 8500 -68076.6 331545 195779 14.893 -56.2529 -22.0798
1010000 FRAC0_S 0 1 45255.6 15954.1 8500 -70556.1 243018 261972 14.3903 -46.6334 -28.6664
1010000 FRAC0_S 0 1 44948.3 15986.3 8500 -78630.8 128683 342867 17.1108 -28.9155 -35.7927
1010000 FRAC0_S 0 1 44646 15922.1 8500 -79022.8 -90033.3 288827 11.8173 24.8217 -36.071
1010000 FRAC0_S 0 1 44378.4 15767.5 8500 -90042.6 -167811 283662 13.2111 36.6625 -31.8036
1010000 FRAC0_S 0 1 44171.6 15537.9 8500 -101535 -284515 234827 14.5475 49.4553 -24.7804
Step FractureNumber TipNr TipActive TipX TipY TipZ KI KII KIII G Phi Psi Extension
1010101 FRAC0_S 0 1 43997.1 15270.5 8584.61 819982 -517445 260315 92.7867 37.9984 -11.8323
1010101 FRAC0_S 0 1 43969.1 14946.3 8588.76 946451 -488532 173110 105.075 36.071 -8.01423
1010101 FRAC0_S 0 1 44035.8 14629.4 8588.53 954683 -482086 -75552.2 102.685 37.515 3.81435
1010101 FRAC0_S 0 1 44194.5 14346.4 8585.78 799468 -435000 -178331 78.0461 36.4698 9.31978
1010101 FRAC0_S 0 1 44431.6 14121.1 8578.79 556297 -422885 -371200 61.8383 36.9775 18.9475
1010101 FRAC0_S 0 1 44727.9 13974.6 8563.08 397920 -435457 -421131 54.5947 40.1618 22.4654
1010101 FRAC0_S 0 1 45057.9 13927.1 8528.19 142941 -213632 -529650 43.198 29.6806 34.8295
1010101 FRAC0_S 0 1 45384.3 13995.2 8478.7 135047 272697 -481374 39.0706 -36.3539 32.5567
1010101 FRAC0_S 0 1 45666.7 14172.3 8440.48 341726 353923 -380177 40.7912 -38.481 23.4428
1010101 FRAC0_S 0 1 45876.8 14428 8421.73 620926 399146 -233439 55.8008 -37.4816 13.3813
1010101 FRAC0_S 0 1 46000.3 14730.7 8413.38 799532 366471 -294645 80.4777 -30.719 14.3915
1010101 FRAC0_S 0 1 46028 15053.1 8409.66 773364 302906 -65023.5 62.0344 -32.226 4.33682
1010101 FRAC0_S 0 1 45957.7 15367.3 8407.97 859628 337131 161087 79.428 -30.4446 -8.78904
1010101 FRAC0_S 0 1 45798.9 15648.8 8409.93 860636 338710 139138 78.8011 -30.9451 -7.75166
1010101 FRAC0_S 0 1 45565 15874.3 8417.21 609621 340668 244979 51.4403 -34.2156 -14.6004
1010101 FRAC0_S 0 1 45270.9 16020.7 8430.78 371462 327977 254840 30.5187 -39.8481 -18.4765
1010101 FRAC0_S 0 1 44942.3 16067.8 8468.14 200289 250943 480822 39.9344 -32.619 -31.456
1010101 FRAC0_S 0 1 44616 16001.9 8523.83 127142 -138988 496933 36.0052 23.1779 -36.8008
1010101 FRAC0_S 0 1 44331.4 15828.7 8559.34 298319 -377872 425774 44.7648 39.776 -25.2109
1010101 FRAC0_S 0 1 44118.8 15573.6 8574.46 538472 -452176 332770 58.7852 39.6624 -17.5265