
Step FractureNumber TipNr TipActive TipX TipY TipZ KI KII KIII G Phi Psi Extension
1010000 FRAC0_S 0 1 0 29251.8 7855.26 -4.36495e+06 -302251 -85622.8 9.11574 8.62006 1.39447
1010000 FRAC0_S 0 1 0 29487.6 7655.6 -6.49628e+06 -215401 -166037 7.80103 4.31595 1.86378
1010000 FRAC0_S 0 1 0 29773.6 7538.6 -7.21818e+06 -758220 -390824 71.544 12.1117 3.5713
1010000 FRAC0_S 0 1 0 30081.8 7515.7 -6.94142e+06 -86663 -213999 6.76006 1.6653 2.27604
1010000 FRAC0_S 0 1 0 30382 7589.16 -6.4068e+06 73694.1 -232723 7.68721 -1.52841 2.66432
1010000 FRAC0_S 0 1 0 30644.7 7751.78 -4.71986e+06 2.2144e+07 1.59043e+07 77337.4 -53.7217 -24.4425
1010000 FRAC0_S 0 1 0 30844.5 7987.64 -4.04906e+06 311719 -279079 19.0174 -9.08966 4.57218
1010000 FRAC0_S 0 1 0 30961.5 8273.65 -2.66242e+06 609245 -169616 36.9021 -22.5916 3.76435
1010000 FRAC0_S 0 1 0 30984.3 8581.81 -911095 442228 -23377.5 17.4996 -37.7483 1.31499
1010000 FRAC0_S 0 1 0 30910.8 8881.97 584902 1.77855e+07 -1.03213e+07 42386.5 -59.8859 23.7885
1010000 FRAC0_S 0 1 0 30748.2 9144.74 2.12257e+06 1.79799e+07 1.13985e+07 46488.8 -57.1034 -23.9032
1010000 FRAC0_S 0 1 0 30512.4 9344.4 3.51238e+06 323255 306661 1121.15 -10.499 -5.59362
1010000 FRAC0_S 0 1 0 30226.4 9461.4 4.4906e+06 2.53121e+07 -1.46369e+07 87383.8 -57.032 22.1107
1010000 FRAC0_S 0 1 0 29918.2 9484.3 4.83173e+06 101572 337802 2096.42 -2.67175 -4.86315
1010000 FRAC0_S 0 1 0 29618 9410.84 4.62016e+06 -163098 348417 1920.65 4.37885 -5.14372
1010000 FRAC0_S 0 1 0 29355.3 9248.22 3.88395e+06 -240289 317320 1362.77 7.36915 -5.40414
1010000 FRAC0_S 0 1 0 29155.5 9012.36 2.38412e+06 -384016 229427 526.645 16.7865 -5.77664
1010000 FRAC0_S 0 1 0 29038.5 8726.35 655879 1.94546e+07 -1.32748e+07 57202.1 -57.812 25.7972
1010000 FRAC0_S 0 1 0 29015.7 8418.19 -1.59906e+06 -352926 37504.8 11.2863 22.6324 -1.45868
1010000 FRAC0_S 0 1 0 29089.2 8118.03 -3.63314e+06 -443123 -16749.8 17.5347 14.3364 0.318646
Step FractureNumber TipNr TipActive TipX TipY TipZ KI KII KIII G Phi Psi Extension
1010101 FRAC0_S 0 1 15.5659 29179 7792.3 -5.13487e+06 -469326 152016 22.7015 10.9494 -2.03689
1010101 FRAC0_S 0 1 12.7553 29437.4 7573.04 -8.30224e+06 -978944 373694 103.97 13.4755 -2.96957
1010101 FRAC0_S 0 1 13.0988 29751.6 7444.79 -8.51661e+06 -1.15833e+06 133923 121.947 15.5565 -1.0588
1010101 FRAC0_S 0 1 6.03166 30090 7419.05 -9.47406e+06 949066 534509 118.262 -11.6006 -3.72629
1010101 FRAC0_S 0 1 -20.7609 30413 7506.96 -7.65328e+06 1.77915e+06 -317751 295.494 -23.2155 2.50691
1010101 FRAC0_S 0 1 -44.9239 30694.8 7693.52 -5.51194e+06 2.71487e+06 446095 683.252 -36.9649 -3.92466
1010101 FRAC0_S 0 1 -37.6568 30918.8 7945.53 -4.18736e+06 863128 851327 162.779 -18.9775 -10.5647
1010101 FRAC0_S 0 1 -38.4623 31047.2 8251.9 -2.57663e+06 -633404 406613 57.7405 22.3719 -8.35227
1010101 FRAC0_S 0 1 -61.8394 31057.7 8584.65 -2.71081e+06 -1.41678e+06 56063.6 179.284 39.3828 -1.03932
1010101 FRAC0_S 0 1 -79.5475 30963.9 8902.18 -2.70285e+06 -2.25189e+06 -780922 532.986 44.1756 10.0081
1010101 FRAC0_S 0 1 -68.1637 30793.1 9188.34 -148825 -2.51191e+06 -1.23108e+06 763.824 61.1998 21.3713
1010101 FRAC0_S 0 1 -51.0765 30551.3 9408.54 1.29292e+07 1.18628e+07 -1.25601e+07 48417.7 -37.4025 22.4971
1010101 FRAC0_S 0 1 -47.6695 30243.3 9533.79 3.65025e+06 -2.34548e+06 -564818 1719.98 41.1047 6.47066
1010101 FRAC0_S 0 1 -21.3963 29907.6 9570.29 5.15967e+06 -1.15825e+06 -1.30713e+06 2719.09 19.6509 12.4014
1010101 FRAC0_S 0 1 5.85873 29580.5 9500.48 5.01999e+06 478131 -423991 2289.88 -10.8468 5.41522
1010101 FRAC0_S 0 1 15.542 29292.8 9321.19 3.40087e+06 792645 -199829 1091.94 -22.9801 3.47951
1010101 FRAC0_S 0 1 -3.51075 29085.5 9059.03 2.36998e+06 -566968 652758 585.829 20.3658 -13.0924
1010101 FRAC0_S 0 1 -25.4746 28969.2 8742.96 -332198 -721819 377011 65.3326 52.8071 -18.259
1010101 FRAC0_S 0 1 4.27365 28934.4 8408.05 -6.64116e+06 2.87895e+07 -1.48302e+07 103109 -57.2251 20.142
1010101 FRAC0_S 0 1 25.7482 29002.7 8081.25 -5.07168e+06 -905279 451601 100.153 18.3269 -5.31658