
Step FractureNumber TipNr TipActive TipX TipY TipZ KI KII KIII G Phi Psi Extension
1010000 FRAC0_S 0 1 -44201.4 29698 8003.36 2.29652e+06 -232072 -1.55889e+06 797.975 7.72301 24.9479
1010000 FRAC0_S 0 1 -44275.2 29943.9 7831.33 2.81814e+06 666062 -1.81345e+06 1184.62 -16.4954 22.8335
1010000 FRAC0_S 0 1 -44420.1 30195.2 7724.75 3.05732e+06 1.00796e+06 -1.69129e+06 1303.9 -22.3675 20.068
1010000 FRAC0_S 0 1 -44621.5 30427.5 7694.05 2.95824e+06 2.05716e+06 -1.30384e+06 1383.02 -38.1572 14.6887
1010000 FRAC0_S 0 1 -44860.1 30617.9 7742.25 1.86601e+06 1.66142e+06 -544638 595.704 -45.4678 9.84214
1010000 FRAC0_S 0 1 -45112.4 30747.8 7864.62 2.66344e+06 2.68985e+06 -228505 1283.82 -51.2099 3.13782
1010000 FRAC0_S 0 1 -45353.7 30804.5 8049.19 2.32921e+06 2.35966e+06 313029 992.637 -50.4669 -4.75216
1010000 FRAC0_S 0 1 -45554.6 30784.4 8270.26 2.05985e+06 1.83603e+06 751786 753.649 -44.3819 -11.7535
1010000 FRAC0_S 0 1 -45712.2 30683.8 8528.32 2.6378e+06 1.9011e+06 1.36278e+06 1189.09 -37.8343 -16.2517
1010000 FRAC0_S 0 1 -45794.3 30518.3 8775.98 1.60357e+06 557237 1.2609e+06 468.264 -20.943 -24.2619
1010000 FRAC0_S 0 1 -45798.6 30302 8996.64 2.36298e+06 310513 1.68835e+06 885.273 -9.61164 -25.2474
1010000 FRAC0_S 0 1 -45724.8 30056.1 9168.67 1.85681e+06 -333686 1.35407e+06 561.007 12.5593 -24.9811
1010000 FRAC0_S 0 1 -45579.9 29804.8 9275.25 2.69389e+06 -1.4181e+06 1.73321e+06 1225.41 29.8451 -20.227
1010000 FRAC0_S 0 1 -45378.5 29572.5 9305.95 3.0676e+06 -1.86587e+06 1.52772e+06 1459.19 34.5917 -16.5978
1010000 FRAC0_S 0 1 -45139.9 29382.1 9257.75 2.60702e+06 -2.6136e+06 810557 1301.73 47.5234 -9.88672
1010000 FRAC0_S 0 1 -44887.6 29252.2 9135.38 2.57691e+06 -2.81817e+06 204462 1305.01 52.7292 -2.8041
1010000 FRAC0_S 0 1 -44646.3 29195.5 8950.81 2.77586e+06 -2.77688e+06 -430288 1398.39 49.8987 5.43893
1010000 FRAC0_S 0 1 -44439.6 29217.5 8722.12 2.54886e+06 -2.35627e+06 -931908 1189.16 45.1078 11.6119
1010000 FRAC0_S 0 1 -44287.8 29316.2 8471.68 2.72933e+06 -1.97083e+06 -1.29895e+06 1234.33 38.4381 15.3418
1010000 FRAC0_S 0 1 -44205.7 29481.7 8224.02 2.10886e+06 -786956 -1.32645e+06 685.492 23.6619 21.2472
Step FractureNumber TipNr TipActive TipX TipY TipZ KI KII KIII G Phi Psi Extension
1010101 FRAC0_S 0 1 -44119.8 29675.1 7961.4 3.41107e+06 -91863.6 -1.96122e+06 1549.15 2.3339 23.7448
1010101 FRAC0_S 0 1 -44218.2 29926.4 7756.53 3.50025e+06 -745630 -1.81533e+06 1579.59 16.163 20.4009
1010101 FRAC0_S 0 1 -44391.8 30187.6 7632.18 3.95689e+06 145708 -1.88978e+06 1872.06 -3.36279 21.3164
1010101 FRAC0_S 0 1 -44624.1 30426.4 7596.75 4.24777e+06 -59769.7 -1.43813e+06 1883.25 1.44879 17.4558
1010101 FRAC0_S 0 1 -44890.2 30619.4 7648.48 3.44444e+06 296315 -545716 1104.65 -9.34342 9.39541
1010101 FRAC0_S 0 1 -45163.1 30751.5 7779.83 4.57617e+06 -101050 -401588 1888.44 2.75778 5.96124
1010101 FRAC0_S 0 1 -45420.6 30812.9 7976.96 4.74442e+06 -70877.8 195536 2011.36 1.96628 -2.99352
1010101 FRAC0_S 0 1 -45640.7 30797.3 8222.97 4.50837e+06 150494 905260 1922.21 -3.7354 -11.8168
1010101 FRAC0_S 0 1 -45802.5 30704.6 8498.99 3.92701e+06 202828 1.43062e+06 1650.07 -5.01363 -17.8838
1010101 FRAC0_S 0 1 -45887.5 30542.3 8780.41 3.56757e+06 257940 1.86629e+06 1603.33 -6.20074 -22.0276
1010101 FRAC0_S 0 1 -45881.9 30323.8 9037.62 3.21684e+06 153745 2.03341e+06 1474.15 -3.92637 -24.6775
1010101 FRAC0_S 0 1 -45782.2 30073.2 9242.17 3.37681e+06 -32384.9 2.01364e+06 1555.49 0.833575 -24.4133
1010101 FRAC0_S 0 1 -45605.5 29814.3 9368.3 2.76621e+06 -65948 1.51168e+06 986.178 2.10934 -23.1478
1010101 FRAC0_S 0 1 -45375.1 29574 9403.72 4.01376e+06 -165764 1.50746e+06 1740.27 4.02124 -18.3569
1010101 FRAC0_S 0 1 -45109.8 29381.6 9351.16 4.30503e+06 -21712.9 971369 1777.03 0.572577 -13.1914
1010101 FRAC0_S 0 1 -44836.1 29250.3 9219.82 5.16745e+06 -26947.4 572649 2423.14 0.652642 -7.41978
1010101 FRAC0_S 0 1 -44579.3 29187.6 9023.01 4.98206e+06 -62174.3 -188882 2216.88 1.65345 2.77231
1010101 FRAC0_S 0 1 -44359.4 29203.4 8777.31 4.13194e+06 -31276.8 -941839 1639.44 0.855101 13.2671
1010101 FRAC0_S 0 1 -44197.3 29297 8502.09 3.86106e+06 -60702.1 -1.48453e+06 1621.87 1.5631 18.93
1010101 FRAC0_S 0 1 -44112.3 29459.1 8220.7 3.78963e+06 74763.7 -2.0327e+06 1829.77 -1.76368 22.9654