
Step FractureNumber TipNr TipActive TipX TipY TipZ KI KII KIII G Phi Psi Extension
1010000 FRAC0_S 0 1 987.416 29976.8 8500 -753320 144322 4.59504e+06 2810.07 -3.63021 -42.1575
1010000 FRAC0_S 0 1 946.265 30283.1 8500 -4.42202e+06 -1.99283e+06 4.51436e+06 3064.35 23.2002 -26.588
1010000 FRAC0_S 0 1 812.488 30561.6 8500 -794701 -3.73592e+06 3.87295e+06 3238.68 48.4043 -28.9386
1010000 FRAC0_S 0 1 599.178 30785.2 8500 -586072 -4.3575e+06 2.3859e+06 2449.11 58.4909 -21.8939
1010000 FRAC0_S 0 1 327.217 30931.9 8500 -862879 -6.64307e+06 1.67613e+06 4306.11 64.6477 -13.1388
1010000 FRAC0_S 0 1 23.226 30987.4 8500 -828306 -7.06516e+06 164549 4451.66 68.9373 -1.57904
1010000 FRAC0_S 0 1 -283.039 30946.3 8500 2.15306e+07 -6.73587e+06 -1.43257e+06 45624.6 28.1518 3.68564
1010000 FRAC0_S 0 1 -561.598 30812.4 8500 -5.27972e+06 -5.23826e+06 -2.55072e+06 3310.44 44.8692 13.9668
1010000 FRAC0_S 0 1 -785.184 30599.1 8500 2.31725e+07 -4.46671e+06 -3.80598e+06 51553.6 18.4742 8.95732
1010000 FRAC0_S 0 1 -931.911 30327.2 8500 -993298 -2.7927e+06 -4.65524e+06 3577.26 38.6557 32.9795
1010000 FRAC0_S 0 1 -987.416 30023.2 8500 -753667 -377328 -4.58656e+06 2810.55 8.93437 41.335
1010000 FRAC0_S 0 1 -946.265 29716.9 8500 1.05423e+07 1.49729e+06 -4.33645e+06 12604.5 -12.2153 18.3407
1010000 FRAC0_S 0 1 -812.488 29438.4 8500 1.7376e+07 3.62356e+06 -3.83023e+06 30025.8 -18.9402 11.247
1010000 FRAC0_S 0 1 -599.178 29214.8 8500 -4.12277e+06 4.2532e+06 -2.62207e+06 2526.39 -43.6724 16.7205
1010000 FRAC0_S 0 1 -327.217 29068.1 8500 8.08997e+06 6.02443e+06 -1.65341e+06 9429.76 -43.2715 7.81622
1010000 FRAC0_S 0 1 -23.226 29012.6 8500 -819874 6.42294e+06 -154741 3679.35 -68.785 1.61716
1010000 FRAC0_S 0 1 283.039 29053.7 8500 -695577 5.57468e+06 1.14229e+06 2942.82 -65.6968 -11.2363
1010000 FRAC0_S 0 1 561.598 29187.6 8500 3.45806e+06 5.08657e+06 2.19639e+06 4012.76 -50.6006 -14.5701
1010000 FRAC0_S 0 1 785.184 29400.9 8500 -2.51486e+07 3.26489e+06 2.96264e+06 2117.24 -13.81 -7.0708
1010000 FRAC0_S 0 1 931.911 29672.8 8500 -872348 2.47557e+06 4.65076e+06 3422.84 -36.6244 -34.196
Step FractureNumber TipNr TipActive TipX TipY TipZ KI KII KIII G Phi Psi Extension
1010101 FRAC0_S 0 1 1078.24 29975.5 8491.77 819318 254081 3.55621e+06 1747.57 -7.47261 -40.4438
1010101 FRAC0_S 0 1 1028.89 30305.1 8536.81 4.09994e+06 -6.62764e+06 1.36685e+07 30260.2 32.8673 -33.3425
1010101 FRAC0_S 0 1 869.734 30597.5 8568.56 -1.81676e+07 -2.01214e+07 2.08238e+06 36654.7 52.3883 -3.93549
1010101 FRAC0_S 0 1 632.23 30825.5 8583.91 6.48661e+06 -3.4431e+06 3.0465e+06 6040.19 32.2192 -16.4936
1010101 FRAC0_S 0 1 342.448 30971.5 8589.83 7.55731e+06 -3.04744e+06 1.64191e+06 6275.44 30.5029 -9.8643
1010101 FRAC0_S 0 1 20.878 31036.6 8581.05 4.35741e+06 -6.47143e+06 242451 5431.63 57.9165 -1.6923
1010101 FRAC0_S 0 1 -305.536 31012 8564.55 2.73492e+07 7.87045e+06 -1.46696e+06 72458.6 -26.8128 3.06616
1010101 FRAC0_S 0 1 -606.913 30877.1 8554.99 2.68229e+06 -5.0966e+06 -2.18277e+06 3589.46 53.304 15.5067
1010101 FRAC0_S 0 1 -851.379 30649 8549.1 2.90074e+07 8.58852e+06 -5.71808e+06 85901.4 -25.0077 9.72201
1010101 FRAC0_S 0 1 -1012.29 30355.1 8543.04 1.41473e+06 -2.86373e+06 -4.88512e+06 4083.11 36.9152 32.2034
1010101 FRAC0_S 0 1 -1078.63 30023.9 8518.1 698985 -530741 -4.3497e+06 2584.98 12.684 40.7521
1010101 FRAC0_S 0 1 -1037.22 29690.1 8485.19 588444 2.06905e+06 -5.07277e+06 3834.83 -32.457 36.9746
1010101 FRAC0_S 0 1 -885.77 29390.1 8461.22 2.0517e+06 3.6437e+06 -4.0026e+06 3688.95 -42.7189 26.5712
1010101 FRAC0_S 0 1 -646.6 29155.4 8440.22 4.09105e+06 4.41714e+06 -2.83912e+06 4302.1 -43.8904 17.4499
1010101 FRAC0_S 0 1 -350.461 29010.3 8425.16 1.72231e+07 -403451 -2.41023e+06 27220.4 2.79058 8.90513
1010101 FRAC0_S 0 1 -26.7335 28967.4 8413.47 7.28614e+06 3.26999e+06 76011.6 5684.26 -36.4366 -0.555953
1010101 FRAC0_S 0 1 297.746 29011.9 8411.8 1.46758e+07 3.3276e+06 2.69547e+06 21145.4 -20.6976 -9.5978
1010101 FRAC0_S 0 1 601.891 29136.8 8432.61 3.88238e+06 2.8586e+06 2.07765e+06 2645.42 -38.0263 -16.5449
1010101 FRAC0_S 0 1 851.737 29351.7 8453.83 2.2649e+06 3.68198e+06 3.41806e+06 3219.04 -44.2227 -24.0728
1010101 FRAC0_S 0 1 1014.01 29644.1 8462.62 840379 2.14632e+06 3.6081e+06 2204.89 -38.1494 -32.7968