
Step FractureNumber TipNr TipActive TipX TipY TipZ KI KII KIII G Phi Psi Extension
1010000 FRAC0_S 0 1 29366.1 748.711 8385.14 1.44861e+06 -1.76116e+06 -1.38482e+06 718.443 43.3786 20.5116
1010000 FRAC0_S 0 1 29243.1 619.473 8637.43 -1.3901e+07 6.16718e+06 4.1135e+06 5639.7 -31.1519 -12.3135
1010000 FRAC0_S 0 1 29194.1 429.597 8876.26 1.02361e+06 -1.62881e+06 -2.14987e+06 944.498 39.4316 28.3051
1010000 FRAC0_S 0 1 29224.1 197.668 9078.26 959329 -1.02646e+06 -2.71791e+06 1158.37 27.2178 34.0522
1010000 FRAC0_S 0 1 29329.9 -53.6093 9223.66 1.0612e+06 120488 -3.01881e+06 1313.71 -3.9582 39.0125
1010000 FRAC0_S 0 1 29501.4 -299.639 9298.22 993274 1.14913e+06 -2.80255e+06 1250.21 -28.7537 33.6067
1010000 FRAC0_S 0 1 29721.7 -516.338 9294.64 1.15159e+06 2.19255e+06 -2.43108e+06 1332.6 -43.0614 26.9865
1010000 FRAC0_S 0 1 29969.2 -682.494 9213.29 1.10714e+06 3.39556e+06 -1.85225e+06 1592.95 -54.8198 19.9309
1010000 FRAC0_S 0 1 30219.7 -781.843 9062.11 1.37695e+06 3.41448e+06 -935552 1324.26 -58.5867 11.8613
1010000 FRAC0_S 0 1 30448.8 -804.66 8855.91 1.41286e+06 3.19797e+06 -46581.4 1089.5 -63.1264 0.776819
1010000 FRAC0_S 0 1 30633.9 -748.711 8614.86 1.03752e+06 1.87714e+06 499360 443.08 -55.8145 -10.7028
1010000 FRAC0_S 0 1 30756.9 -619.473 8362.57 1.28068e+06 1.20226e+06 1.21326e+06 470.73 -38.1317 -22.0475
1010000 FRAC0_S 0 1 30805.5 -437.375 8131.87 1.20875e+07 -25036 8.23508e+06 22039.2 0.172152 -26.1628
1010000 FRAC0_S 0 1 30775.9 -197.668 7921.74 936870 -1.30155e+06 922016 342.234 45.7836 -19.9468
1010000 FRAC0_S 0 1 30670.1 53.6093 7776.34 861369 -2.00654e+06 377140 443.809 59.8035 -8.61942
1010000 FRAC0_S 0 1 30498.6 299.639 7701.78 563269 -1.7151e+06 -342318 305.981 61.6415 9.62542
1010000 FRAC0_S 0 1 30278.3 516.338 7705.36 682016 -1.63272e+06 -679931 340.483 55.5216 16.0085
1010000 FRAC0_S 0 1 30030.8 682.494 7786.71 1.12353e+06 -1.73752e+06 -898172 488.801 49.7542 16.7523
1010000 FRAC0_S 0 1 29780.3 781.843 7937.89 1.05189e+06 -1.47647e+06 -953023 413.652 46.7841 18.8794
1010000 FRAC0_S 0 1 29551.2 804.66 8144.09 -1.00999e+07 7.11258e+06 4.44574e+06 7136.66 -38.4269 -14.6205
Step FractureNumber TipNr TipActive TipX TipY TipZ KI KII KIII G Phi Psi Extension
1010101 FRAC0_S 0 1 29320.9 809.023 8380.22 1.11291e+06 -1.06153e+06 -895207 317.368 40.0431 19.9407
1010101 FRAC0_S 0 1 29187 672.631 8652.77 -5.69253e+06 1.26658e+06 868274 243.22 -20.821 -8.2463
1010101 FRAC0_S 0 1 29146.3 481.732 8924.43 1.28664e+06 -1.16479e+06 -2.30506e+06 975.082 30.086 30.0498
1010101 FRAC0_S 0 1 29177.9 234.987 9151.3 -837514 3.50045e+06 -3.44632e+06 2671.54 -48.8005 28.0645
1010101 FRAC0_S 0 1 29265.2 -60.8509 9288.6 1.73392e+06 -251913 -2.95779e+06 1437.12 6.95223 34.8548
1010101 FRAC0_S 0 1 29432.5 -348.578 9341.88 1.38005e+06 41576 -2.25663e+06 847.155 -1.5735 35.4326
1010101 FRAC0_S 0 1 29661.5 -590.489 9313.71 2.66719e+06 403380 -2.5486e+06 1512.3 -9.68936 28.5888
1010101 FRAC0_S 0 1 29920.3 -768.032 9210.44 2.71536e+06 264958 -2.73856e+06 1660.74 -6.33601 29.7841
1010101 FRAC0_S 0 1 30180.9 -870.941 9042.11 3.57939e+06 84957 -1.34667e+06 1383.52 -2.35344 18.5785
1010101 FRAC0_S 0 1 30421 -894.044 8823.09 4.30952e+06 416017 -399852 1691.63 -10.9023 5.88425
1010101 FRAC0_S 0 1 30626.4 -837.215 8573.79 3.46298e+06 429222 528211 1122.15 -12.934 -8.84931
1010101 FRAC0_S 0 1 30786.7 -695.384 8319.49 6.86199e+06 2.96125e+06 -857251 5075.06 -33.4351 6.04794
1010101 FRAC0_S 0 1 30877 -465.647 8093.27 26827.4 3.21772e+06 -1.01849e+06 1060.65 -65.7912 16.7515
1010101 FRAC0_S 0 1 30865.5 -181.629 7915.8 1.37969e+06 46552.2 396118 190.686 -3.53063 -15.3954
1010101 FRAC0_S 0 1 30754.8 103.084 7786.11 1.59767e+06 271333 133834 236.401 -17.6816 -5.06477
1010101 FRAC0_S 0 1 30572.9 364.701 7711.76 -2.84548e+06 3.11141e+06 980541 990.534 -48.709 -10.3653
1010101 FRAC0_S 0 1 30340.3 593.414 7708.84 2.14366e+06 -120375 -203397 416.28 6.66334 6.20551
1010101 FRAC0_S 0 1 30076.4 770.217 7786.71 2.08619e+06 -197853 -417090 414.45 9.87916 11.2574
1010101 FRAC0_S 0 1 29768.9 861.1 7932.01 -349070 416127 848600 111.207 -31.4456 -31.8908
1010101 FRAC0_S 0 1 29520.5 866.388 8120.62 1.48408e+06 -1.47764e+06 -949905 510.839 42.8969 16.9955