
Step FractureNumber TipNr TipActive TipX TipY TipZ KI KII KIII G Phi Psi Extension
1010000 FRAC0_S 0 1 -45000 984.872 8574.53 2.54208e+06 1.36401e+06 -1.63763e+06 1098.32 -30.2087 20.1617
1010000 FRAC0_S 0 1 -45000 913.64 8875.22 2.36718e+06 1.12646e+06 -1.02548e+06 752.27 -30.5479 16.0005
1010000 FRAC0_S 0 1 -45000 752.975 9139.18 2.97047e+06 2.05062e+06 197729 1166.19 -44.2024 -2.90787
1010000 FRAC0_S 0 1 -45000 518.603 9340.58 2.5176e+06 1.74478e+06 -60807.3 836.57 -45.1004 1.09057
1010000 FRAC0_S 0 1 -45000 233.466 9459.7 2.833e+06 1.72189e+06 332407 994.085 -40.6357 -5.15248
1010000 FRAC0_S 0 1 -45000 -74.5244 9484.87 3.07509e+06 1.59288e+06 737033 1140.99 -35.1791 -10.0225
1010000 FRAC0_S 0 1 -45000 -375.22 9413.64 3.15365e+06 1.25139e+06 1.07777e+06 1180.28 -28.3069 -14.0576
1010000 FRAC0_S 0 1 -45000 -639.186 9252.98 2.29504e+06 566981 1.01711e+06 635.594 -18.9673 -18.1829
1010000 FRAC0_S 0 1 -45000 -840.583 9018.61 2.68013e+06 381751 1.52621e+06 962.87 -11.1641 -22.2948
1010000 FRAC0_S 0 1 -45000 -959.699 8733.46 2.40418e+06 -418007 1.5891e+06 866.492 12.6376 -23.8159
1010000 FRAC0_S 0 1 -45000 -984.872 8425.47 2.22677e+06 -1.16387e+06 1.65151e+06 925.318 28.5862 -22.0079
1010000 FRAC0_S 0 1 -45000 -913.64 8124.78 1.78492e+06 -1.78498e+06 1.24579e+06 774.231 42.2751 -17.9696
1010000 FRAC0_S 0 1 -45000 -728.764 7832.29 1.53886e+06 -3.00836e+06 -246652 1025.58 60.2893 3.92587
1010000 FRAC0_S 0 1 -45000 -518.603 7659.42 1.20257e+06 -2.56054e+06 304191 725.413 60.3933 -5.649
1010000 FRAC0_S 0 1 -45000 -233.466 7540.3 676473 -1.95583e+06 -166348 385.328 63.6515 4.51962
1010000 FRAC0_S 0 1 -45000 74.5244 7515.13 974287 -2.33567e+06 -755008 646.527 57.3316 13.3489
1010000 FRAC0_S 0 1 -45000 375.22 7586.36 1.04332e+06 -1.85853e+06 -1.21409e+06 600.843 48.9437 20.1366
1010000 FRAC0_S 0 1 -45000 639.186 7747.02 1.07261e+06 -346039 -2.01604e+06 653.758 13.3942 34.4138
1010000 FRAC0_S 0 1 -45000 840.583 7981.39 904416 -923337 -1.75438e+06 558.216 31.4357 30.2857
1010000 FRAC0_S 0 1 -45000 959.699 8266.54 1.7942e+06 1.62934e+06 -1.51452e+06 828.494 -38.5728 20.8186
Step FractureNumber TipNr TipActive TipX TipY TipZ KI KII KIII G Phi Psi Extension
1010101 FRAC0_S 0 1 -45053.5 1066.87 8581.34 2.71495e+06 -1376.8 -1.46904e+06 943.851 0.0460461 23.3121
1010101 FRAC0_S 0 1 -45055.5 988.68 8904.8 3.54093e+06 144696 -883113 1222.87 -4.36371 13.844
1010101 FRAC0_S 0 1 -45065.3 809.483 9185.58 3.77431e+06 -301175 -324096 1291.46 9.25572 5.56682
1010101 FRAC0_S 0 1 -45069.1 555.281 9400.65 3.94048e+06 -656678 39322.5 1422.28 18.4244 -0.659153
1010101 FRAC0_S 0 1 -45064.7 250.158 9531.96 3.20357e+06 -1.33228e+06 411329 1095.19 32.6256 -6.25711
1010101 FRAC0_S 0 1 -45057 -81.4853 9564.42 3.80361e+06 -552829 657509 1373.92 14.5852 -9.66112
1010101 FRAC0_S 0 1 -45046.2 -408.785 9492.76 3.67539e+06 785524 318048 1272.18 -21.1207 -5.04487
1010101 FRAC0_S 0 1 -45032.9 -699.022 9322.26 3.89413e+06 -353539 1.25328e+06 1571.33 8.70848 -16.0579
1010101 FRAC0_S 0 1 -45012.3 -921.337 9068.15 3.7868e+06 -9384.91 1.60076e+06 1618.64 0.243238 -20.232
1010101 FRAC0_S 0 1 -44981.9 -1049.87 8756.22 2.56647e+06 10632.4 1.23703e+06 790.478 -0.389724 -21.8264
1010101 FRAC0_S 0 1 -44953.8 -1069.47 8420.9 3.07731e+06 -58542.5 1.45741e+06 1126.66 1.77297 -21.4266
1010101 FRAC0_S 0 1 -44932.7 -979.198 8101.05 2.73983e+06 -144035 855377 768.078 5.28892 -16.1162
1010101 FRAC0_S 0 1 -44918 -795.463 7827.24 3.42866e+06 62252.3 674391 1108.39 -2.07672 -11.7637
1010101 FRAC0_S 0 1 -44912.4 -543.641 7619.59 3.17903e+06 -46504 125210 902.846 1.92954 -2.86861
1010101 FRAC0_S 0 1 -44912.4 -244.178 7494.77 2.9841e+06 -157109 -322577 809.552 6.20604 6.9778
1010101 FRAC0_S 0 1 -44916.7 80.1758 7462.25 3.24339e+06 -272041 -753067 1019.42 8.63818 12.734
1010101 FRAC0_S 0 1 -44935.4 404.452 7523.99 2.64584e+06 -991371 -839380 805.099 27.5709 13.4651
1010101 FRAC0_S 0 1 -44956.5 695.054 7683.56 1.20979e+06 220728 -1.97632e+06 654.24 -8.77669 34.1429
1010101 FRAC0_S 0 1 -44983.7 911.621 7935.84 2.06029e+06 -127495 -1.66173e+06 746.959 4.55999 27.5212
1010101 FRAC0_S 0 1 -45030.7 1037.38 8247.73 2.47283e+06 -73500.9 -1.60013e+06 885.915 2.45967 25.1861