
Step FractureNumber TipNr TipActive TipX TipY TipZ KI KII KIII G Phi Psi Extension
1010000 FRAC0_S 0 1 -44193.9 44575.6 8118.3 1.36941e+06 9260.27 -837238 260.344 -0.583836 24.7598
1010000 FRAC0_S 0 1 -44225.7 44808.3 7917.46 1.73493e+06 459782 -1.04957e+06 433.568 -18.435 21.7803
1010000 FRAC0_S 0 1 -44333.4 45059.8 7773.64 1.52327e+06 803701 -683274 326.42 -32.3886 16.0044
1010000 FRAC0_S 0 1 -44506.3 45305.3 7700.93 1.76974e+06 1.25826e+06 -615010 470.476 -40.0041 12.2274
1010000 FRAC0_S 0 1 -44727.5 45521 7706.42 1.73885e+06 1.472e+06 -329415 476.947 -46.1088 6.97204
1010000 FRAC0_S 0 1 -44975.3 45685.7 7789.6 1.7296e+06 1.53197e+06 2320.97 475.71 -50.2901 -0.0554496
1010000 FRAC0_S 0 1 -45225.7 45783.3 7942.33 1.44735e+06 1.14618e+06 322201 317.543 -44.2174 -8.21637
1010000 FRAC0_S 0 1 -45453.8 45804.2 8149.63 1.77801e+06 1.29359e+06 634993 484.445 -40.3336 -12.394
1010000 FRAC0_S 0 1 -45637.6 45746.4 8391.24 1.72139e+06 888489 853055 431.179 -31.3119 -17.2119
1010000 FRAC0_S 0 1 -45759 45615.5 8643.49 1.66873e+06 580486 1.03761e+06 421.362 -22.542 -21.3349
1010000 FRAC0_S 0 1 -45806.1 45424.4 8881.7 2.02573e+06 -58478 1.26623e+06 579.218 2.42221 -24.7651
1010000 FRAC0_S 0 1 -45774.3 45191.7 9082.54 1.74922e+06 -508136 1.0256e+06 435.561 19.9922 -21.1466
1010000 FRAC0_S 0 1 -45666.6 44940.2 9226.36 1.7423e+06 -952670 797441 435.954 32.9809 -16.0896
1010000 FRAC0_S 0 1 -45493.7 44694.7 9299.07 1.51829e+06 -1.16545e+06 541781 365.491 41.4462 -12.1704
1010000 FRAC0_S 0 1 -45272.5 44479 9293.58 1.79039e+06 -1.6166e+06 333573 533.32 47.4307 -6.69339
1010000 FRAC0_S 0 1 -45024.7 44314.3 9210.4 1.71922e+06 -1.60538e+06 -11157 493.059 51.1639 0.260515
1010000 FRAC0_S 0 1 -44774.3 44216.7 9057.67 1.7448e+06 -1.51876e+06 -361394 494.193 46.3686 7.44831
1010000 FRAC0_S 0 1 -44546.2 44195.8 8850.37 1.7339e+06 -1.30792e+06 -647437 476.088 40.8351 12.6721
1010000 FRAC0_S 0 1 -44362.4 44253.6 8608.76 1.72884e+06 -910824 -868718 440.636 31.628 17.2905
1010000 FRAC0_S 0 1 -44241 44384.5 8356.51 1.81934e+06 -511725 -1.06955e+06 470.43 19.4821 21.2679
Step FractureNumber TipNr TipActive TipX TipY TipZ KI KII KIII G Phi Psi Extension
1010101 FRAC0_S 0 1 -44116.5 44534.8 8081.53 2.23121e+06 -4997.91 -1.16177e+06 623.131 0.205767 22.8106
1010101 FRAC0_S 0 1 -44171 44772.6 7847.29 2.28533e+06 -21417.4 -1.08538e+06 622.118 0.881149 21.5791
1010101 FRAC0_S 0 1 -44306.1 45034.3 7683.81 2.3585e+06 -117061 -911945 607.506 4.75434 18.6066
1010101 FRAC0_S 0 1 -44504.8 45290.9 7603.8 2.4385e+06 -222507 -666303 593.331 9.04919 14.2964
1010101 FRAC0_S 0 1 -44749.1 45515.2 7610.41 2.77151e+06 45182.7 -342402 700.251 -1.98802 8.06646
1010101 FRAC0_S 0 1 -45016.6 45688.6 7699.91 3.18161e+06 -15063.1 -111363 903.697 0.636036 2.58843
1010101 FRAC0_S 0 1 -45282.8 45797.7 7863.27 2.01345e+06 -36479.6 194194 366.383 2.25729 -6.5026
1010101 FRAC0_S 0 1 -45525.5 45829.3 8087.4 2.64917e+06 -22331.7 631653 678.492 0.943303 -13.709
1010101 FRAC0_S 0 1 -45721.6 45778.7 8353.26 2.41494e+06 -64876.6 917627 632.049 2.64788 -18.6599
1010101 FRAC0_S 0 1 -45846.6 45653.2 8639.55 1.91941e+06 -51677.4 938931 445.782 2.46411 -21.7316
1010101 FRAC0_S 0 1 -45882.4 45465.4 8918.84 2.28681e+06 56070.9 1.14725e+06 641.334 -2.23111 -22.0739
1010101 FRAC0_S 0 1 -45827.3 45228.6 9153.67 2.46008e+06 68717.5 1.1989e+06 730.886 -2.55701 -21.6729
1010101 FRAC0_S 0 1 -45692.4 44966.7 9316.42 2.54852e+06 -6438.68 941036 696.545 0.257605 -18.6047
1010101 FRAC0_S 0 1 -45493.6 44710.5 9396 2.81674e+06 90141.8 725614 777.75 -3.43105 -14.2642
1010101 FRAC0_S 0 1 -45249.5 44486.5 9389.25 2.8101e+06 215340 418213 731.067 -8.4808 -8.98596
1010101 FRAC0_S 0 1 -44982.6 44313.4 9299.84 2.66894e+06 299862 49387.9 643.087 -13.2183 -1.26751
1010101 FRAC0_S 0 1 -44716.6 44204.6 9136.71 2.80869e+06 183916 -280417 716.438 -7.64579 6.44044
1010101 FRAC0_S 0 1 -44474.2 44172.1 8912.76 2.64894e+06 57868 -629600 678.294 -2.40716 13.5439
1010101 FRAC0_S 0 1 -44278.7 44220.8 8646.12 2.49113e+06 -59686 -919823 665.839 2.38693 18.3544
1010101 FRAC0_S 0 1 -44153.6 44345.4 8359.39 2.23923e+06 165249 -1.06295e+06 599.515 -6.51307 20.8099