
Step FractureNumber TipNr TipActive TipX TipY TipZ KI KII KIII G Phi Psi Extension
1010000 FRAC0_S 0 1 30000 44049 8233.09 -5.52906e+06 811371 293407 70.1128 -16.076 -3.3853
1010000 FRAC0_S 0 1 30000 44178.1 7952.3 -5.26053e+06 1.05424e+06 808260 185.925 -19.1872 -8.42586
1010000 FRAC0_S 0 1 30000 44387.6 7725.12 -5.29841e+06 -51327.9 191295 5.10175 1.29085 -2.65349
1010000 FRAC0_S 0 1 30000 44657 7573.79 -4.42792e+06 152235 644283 57.2736 -4.02002 -9.11718
1010000 FRAC0_S 0 1 30000 44960 7513.12 -6.27943e+06 -447141 914735 129.103 7.95259 -8.86442
1010000 FRAC0_S 0 1 30000 45266.9 7549.06 -5.56385e+06 -543821 722841 95.8459 10.7026 -7.88481
1010000 FRAC0_S 0 1 30000 45547.7 7678.08 -5.53226e+06 -810155 583180 103.721 15.4193 -6.33411
1010000 FRAC0_S 0 1 30000 45774.9 7887.55 -6.27553e+06 -1.23058e+06 425270 158.996 20.0364 -4.08738
1010000 FRAC0_S 0 1 30000 45926.2 8156.97 -5.75828e+06 -1.19823e+06 143471 130.677 21.6334 -1.56269
1010000 FRAC0_S 0 1 30000 45986.8 8459.98 -5.51836e+06 -1.17569e+06 -78156.3 123.984 22.195 0.895783
1010000 FRAC0_S 0 1 30000 45951 8766.91 -5.87272e+06 -1.20949e+06 -418141 153.61 20.7558 4.24589
1010000 FRAC0_S 0 1 30000 45821.9 9047.7 -5.83516e+06 -994109 -514677 123.294 17.6684 5.30431
1010000 FRAC0_S 0 1 30000 45612.4 9274.88 -4.69667e+06 -545236 -561318 68.3961 12.5356 7.23582
1010000 FRAC0_S 0 1 30000 45343 9426.21 -5.75637e+06 -306172 -797243 92.8876 6.10915 8.61942
1010000 FRAC0_S 0 1 30000 45040 9486.88 -5.76262e+06 68376.6 -855070 97.6588 -1.42442 9.43556
1010000 FRAC0_S 0 1 30000 44733.1 9450.94 -6.09966e+06 601538 -818887 121.431 -10.7508 8.10237
1010000 FRAC0_S 0 1 30000 44452.3 9321.92 -5.74191e+06 825569 -645028 116.07 -15.1078 6.71175
1010000 FRAC0_S 0 1 30000 44225.1 9112.45 -5.81834e+06 1.16831e+06 -480483 152.334 -20.1908 4.88238
1010000 FRAC0_S 0 1 30000 44073.8 8843.03 -5.28068e+06 1.03523e+06 49233.2 95.8217 -20.918 -0.601342
1010000 FRAC0_S 0 1 30000 44013.2 8540.02 -5.60729e+06 1.04266e+06 83187.2 97.7953 -20.0011 -0.958644
Step FractureNumber TipNr TipActive TipX TipY TipZ KI KII KIII G Phi Psi Extension
1010101 FRAC0_S 0 1 29969.4 43959.7 8207.98 -5.05603e+06 2.96427e+06 365536 800.77 -40.7413 -3.33729
1010101 FRAC0_S 0 1 29977.2 44100.2 7900.02 -5.70567e+06 2.51563e+06 735835 635.935 -33.7978 -6.18505
1010101 FRAC0_S 0 1 29991.1 44328.3 7649.43 -5.61244e+06 1.00628e+06 896615 197.153 -17.4905 -8.83606
1010101 FRAC0_S 0 1 30000.5 44623.1 7482.67 -5.43992e+06 -258944 817492 94.8581 5.45273 -9.26593
1010101 FRAC0_S 0 1 30009.8 44955.9 7416.6 -5.30406e+06 -488868 193948 26.2995 10.9652 -2.49222
1010101 FRAC0_S 0 1 30019.4 45292.6 7456.96 -5.18709e+06 -1.44777e+06 366018 204.596 25.9582 -3.98777
1010101 FRAC0_S 0 1 30026.5 45599.5 7599.75 -5.17468e+06 -2.25101e+06 740879 524.528 33.2709 -6.80464
1010101 FRAC0_S 0 1 30033 45846.9 7830.3 -5.12354e+06 -2.96473e+06 462585 811.703 40.1255 -4.12307
1010101 FRAC0_S 0 1 30036.4 46011.4 8125.33 -4.97015e+06 -3.15456e+06 266421 896.194 42.7384 -2.44326
1010101 FRAC0_S 0 1 30036.9 46077.5 8456.35 -4.70348e+06 -3.31442e+06 -64705.2 979.466 45.6387 0.622314
1010101 FRAC0_S 0 1 30034.8 46038.9 8791.81 -4.81427e+06 -3.12859e+06 -353956 888.878 42.8382 3.26755
1010101 FRAC0_S 0 1 30029.5 45899.2 9099.58 -5.18113e+06 -1.64101e+06 -288853 251.062 28.58 3.11396
1010101 FRAC0_S 0 1 30021.6 45684.8 9338.84 -5.0418e+06 -1.67505e+06 -1.06315e+06 400.352 26.8975 10.0426
1010101 FRAC0_S 0 1 30010.1 45376.4 9516.95 -5.98792e+06 -878051 -954697 189.924 14.8359 9.02997
1010101 FRAC0_S 0 1 29996.7 45044.1 9583.78 -5.90288e+06 245116 -1.56377e+06 330.59 -4.37913 14.4597
1010101 FRAC0_S 0 1 29983.5 44707.5 9543.29 -4.70756e+06 1.19083e+06 -802558 212.03 -22.6688 8.86852
1010101 FRAC0_S 0 1 29973.6 44400.5 9400.29 -5.5555e+06 2.42486e+06 -812557 611.776 -33.2848 6.9262
1010101 FRAC0_S 0 1 29967.3 44153 9169.75 -5.45013e+06 3.206e+06 -570113 959.139 -40.1959 4.69382
1010101 FRAC0_S 0 1 29964.9 43988.1 8874.75 -4.94007e+06 3.2812e+06 -215667 965.57 -43.8597 1.97229
1010101 FRAC0_S 0 1 29967.1 43921.1 8543.54 -5.04221e+06 3.08469e+06 98381.3 849.199 -42.6585 -0.928225