
Step FractureNumber TipNr TipActive TipX TipY TipZ KI KII KIII G Phi Psi Extension
1010000 FRAC0_S 0 1 30000 -14017.8 8603.45 -2.8342e+06 -1.71115e+07 5.87496e+06 30682.1 62.0363 -16.0389
1010000 FRAC0_S 0 1 30000 -14097.8 8901.92 -5.98828e+06 -9.50969e+06 2.32812e+06 8779.47 54.7645 -9.62406
1010000 FRAC0_S 0 1 30000 -14266.1 9161.05 -1.15672e+07 -1.52244e+07 15399.9 20654.3 56.9319 -0.0447977
1010000 FRAC0_S 0 1 30000 -14506.3 9355.47 -1.29157e+07 -1.09366e+07 -1.29133e+06 10880.3 47.6515 3.91887
1010000 FRAC0_S 0 1 30000 -14794.9 9466.15 -2.38284e+07 -1.58381e+07 989614 22483 43.9156 -1.87905
1010000 FRAC0_S 0 1 30000 -15103.5 9482.25 -1.32513e+07 -5.92954e+06 -3.4432e+06 4709.86 31.8842 11.1066
1010000 FRAC0_S 0 1 30000 -15401.9 9402.21 -1.41483e+07 -4.35029e+06 -5.90145e+06 6318.42 22.7355 16.9348
1010000 FRAC0_S 0 1 30000 -15661 9233.85 -1.09361e+07 -619113 -6.15464e+06 5072.14 4.80866 23.1215
1010000 FRAC0_S 0 1 30000 -15855.5 8993.66 -8.31325e+06 4.95263e+06 -7.89459e+06 10474.9 -28.9326 24.5071
1010000 FRAC0_S 0 1 30000 -15966.1 8705.15 -4.0555e+06 1.12763e+07 -7.12852e+06 18089.2 -52.6434 21.4317
1010000 FRAC0_S 0 1 30000 -15982.2 8396.55 472151 1.66205e+07 -4.11663e+06 26889.6 -66.7233 13.8963
1010000 FRAC0_S 0 1 30000 -15902.2 8098.08 5.19344e+06 2.04552e+07 344119 39704.4 -66.8229 -1.02686
1010000 FRAC0_S 0 1 30000 -15733.9 7838.95 1.03358e+07 2.33021e+07 6.35852e+06 63282.5 -57.8047 -11.5662
1010000 FRAC0_S 0 1 30000 -15493.7 7644.53 1.17393e+07 1.83399e+07 1.10144e+07 58387.7 -48.5388 -18.5357
1010000 FRAC0_S 0 1 30000 -15205.1 7533.85 -6.27463e+06 921630 7.51972e+06 7596.34 -8.49334 -31.2406
1010000 FRAC0_S 0 1 30000 -14896.5 7517.75 1.55922e+07 6.64869e+06 1.96297e+07 76851.4 -20.4658 -29.3147
1010000 FRAC0_S 0 1 30000 -14598.1 7597.79 1.14688e+07 -1.73464e+06 1.6518e+07 48277.2 7.93242 -33.1566
1010000 FRAC0_S 0 1 30000 -14339 7766.15 6.75698e+06 -1.30845e+07 7.96796e+06 27768.5 50.3746 -19.6394
1010000 FRAC0_S 0 1 30000 -14144.5 8006.34 5.66713e+06 -1.04963e+07 1.03081e+07 26811.5 44.5062 -25.3695
1010000 FRAC0_S 0 1 30000 -14033.9 8294.85 1.40767e+06 -1.52293e+07 9.19451e+06 32087.6 58.2079 -23.5826
Step FractureNumber TipNr TipActive TipX TipY TipZ KI KII KIII G Phi Psi Extension
1010101 FRAC0_S 0 1 30085.9 -13968.4 8609.04 1.23951e+07 -8.05258e+06 4.56947e+06 22246.1 37.8109 -13.146
1010101 FRAC0_S 0 1 30083.9 -14049.6 8924.02 8.93695e+06 -1.10567e+07 718091 18079.4 54.7884 -2.66465
1010101 FRAC0_S 0 1 30080.8 -14224.3 9199.77 5.90465e+06 -1.40604e+07 5567.44 20723.4 63.8691 -0.0217424
1010101 FRAC0_S 0 1 30075.3 -14475.6 9411.38 427201 -1.82107e+07 -283606 29578.4 69.9012 1.1617
1010101 FRAC0_S 0 1 30066.3 -14781.2 9537.08 4.65033e+06 -1.46878e+07 -4.32073e+06 23633.7 59.9353 13.1442
1010101 FRAC0_S 0 1 30053.4 -15113.5 9563.16 -8.42782e+06 -1.33291e+07 -4.32163e+06 18315.7 53.2693 12.0196
1010101 FRAC0_S 0 1 30034.6 -15439.6 9483.96 -852269 -1.48158e+07 -1.19027e+07 38402.8 55.0184 27.5233
1010101 FRAC0_S 0 1 30001.7 -15722.7 9302.87 -9.94616e+06 -677826 -8.31794e+06 9242.95 4.92019 27.8885
1010101 FRAC0_S 0 1 29958 -15924.8 9037.19 -4.19394e+06 6.70386e+06 -1.1035e+07 20200.3 -36.2519 30.8904
1010101 FRAC0_S 0 1 29925.2 -16024.6 8721.35 8.37719e+06 8.18531e+06 -6.24622e+06 17412.8 -41.2264 18.8856
1010101 FRAC0_S 0 1 29911.2 -16025.7 8393.62 1.52879e+07 4.54872e+06 -2.90274e+06 23791.3 -25.2041 9.41915
1010101 FRAC0_S 0 1 29909.9 -15939.9 8080.12 2.18675e+07 528959 1.22935e+06 42837.3 -3.09937 -3.96933
1010101 FRAC0_S 0 1 29916 -15770.9 7802.78 2.76785e+07 1.89176e+06 6.5923e+06 74366 -7.13223 -13.1225
1010101 FRAC0_S 0 1 29937.6 -15525.3 7582.76 2.70082e+07 3.99788e+06 1.10796e+07 82751.4 -12.6675 -18.2473
1010101 FRAC0_S 0 1 29965.1 -15221.3 7447.85 2.23944e+07 6.81078e+06 1.60364e+07 83026 -19.4896 -23.5018
1010101 FRAC0_S 0 1 29982.3 -14886.7 7424.36 1.75712e+07 1.92316e+06 1.83699e+07 72723.1 -6.93014 -30.0745
1010101 FRAC0_S 0 1 30017.4 -14564.8 7517.42 1.89061e+07 604655 1.68049e+07 69443.9 -2.31159 -29.0278
1010101 FRAC0_S 0 1 30063.6 -14256.5 7745.62 2.47589e+07 -3.85897e+06 1.57272e+07 88848.4 11.6529 -23.5124
1010101 FRAC0_S 0 1 30075.5 -14090.1 7973.93 1.59513e+07 -2.6672e+06 1.19753e+07 42380.9 11.6733 -25.4753
1010101 FRAC0_S 0 1 30082.1 -13981 8281.7 1.66251e+07 -6.63197e+06 7.4923e+06 36014.7 26.9388 -17.0461