
Step FractureNumber TipNr TipActive TipX TipY TipZ KI KII KIII G Phi Psi Extension
1010000 FRAC0_S 0 1 -44157.3 515.173 8500 652653 1.41267e+06 929178 330.617 -50.467 -21.0257
1010000 FRAC0_S 0 1 -44357.7 750.363 8500 683363 1.28863e+06 1.10757e+06 352.738 -46.3257 -23.7842
1010000 FRAC0_S 0 1 -44621 912.104 8500 651285 869746 1.33692e+06 342.925 -36.1225 -29.2663
1010000 FRAC0_S 0 1 -44921.4 984.561 8500 607472 -255460 1.38799e+06 294.924 14.9872 -35.5495
1010000 FRAC0_S 0 1 -45229.5 960.643 8500 621247 -918402 1.287e+06 329.849 38.0976 -28.673
1010000 FRAC0_S 0 1 -45515.1 842.69 8500 606088 -1.39118e+06 1.09473e+06 364.589 48.8196 -23.4794
1010000 FRAC0_S 0 1 -45750.3 642.248 8500 404286 -1.68735e+06 25444 268.361 67.1159 -0.932671
1010000 FRAC0_S 0 1 -45912.1 378.939 8500 525881 -1.79473e+06 284151 322.411 63.2304 -8.11623
1010000 FRAC0_S 0 1 -45984.6 78.5369 8500 443750 -1.67901e+06 -90738.9 269.851 65.9185 3.14203
1010000 FRAC0_S 0 1 -45960.7 -229.553 8500 412007 -1.0349e+06 -904724 219.429 48.0541 25.124
1010000 FRAC0_S 0 1 -45842.7 -515.173 8500 469574 -1.28736e+06 -728547 237.925 53.7341 20.0281
1010000 FRAC0_S 0 1 -45667.2 -728.969 8500 283277 -550996 -581564 79.1869 43.8818 26.4712
1010000 FRAC0_S 0 1 -45379 -912.104 8500 534210 -422946 -1.17556e+06 225.167 25.0109 32.9676
1010000 FRAC0_S 0 1 -45078.6 -984.561 8500 576584 127619 -1.26322e+06 243.308 -8.7867 36.477
1010000 FRAC0_S 0 1 -44770.5 -960.643 8500 628129 773084 -1.23034e+06 289.742 -35.0872 29.2542
1010000 FRAC0_S 0 1 -44484.9 -842.69 8500 671994 1.30864e+06 -1.02728e+06 333.2 -47.6593 22.79
1010000 FRAC0_S 0 1 -44249.7 -642.248 8500 656881 1.25536e+06 -1.2673e+06 392.486 -44.3633 25.8467
1010000 FRAC0_S 0 1 -44087.9 -378.939 8500 783579 2.21407e+06 -307490 504.114 -62.3718 6.97103
1010000 FRAC0_S 0 1 -44015.4 -78.5369 8500 694006 1.96603e+06 615402 437.723 -58.8131 -13.49
1010000 FRAC0_S 0 1 -44039.3 229.553 8500 768408 1.9333e+06 885754 490.022 -55.1173 -17.2467
Step FractureNumber TipNr TipActive TipX TipY TipZ KI KII KIII G Phi Psi Extension
1010101 FRAC0_S 0 1 -44105 548.212 8422.85 2.2917e+06 473810 1.01505e+06 625.035 -16.4464 -18.5635
1010101 FRAC0_S 0 1 -44314 803.544 8429.81 1.78793e+06 347790 1.28941e+06 516.761 -13.494 -24.6868
1010101 FRAC0_S 0 1 -44592.4 986.592 8458.91 1.41634e+06 117008 1.48572e+06 473.556 -5.32074 -30.393
1010101 FRAC0_S 0 1 -44914.5 1070.49 8513.62 1.27787e+06 -346091 1.52331e+06 464.809 14.5487 -30.0221
1010101 FRAC0_S 0 1 -45245.3 1037.03 8556.13 1.55469e+06 -238575 1.38158e+06 474.32 10.1251 -27.6937
1010101 FRAC0_S 0 1 -45544.3 896.235 8576.09 2.00424e+06 -629972 701972 458.854 23.9402 -14.9511
1010101 FRAC0_S 0 1 -45784.2 673.256 8587.2 2.17509e+06 -393762 318616 448.899 17.7899 -8.20507
1010101 FRAC0_S 0 1 -45950.5 394.712 8590.5 2.39325e+06 -342947 49178.7 521.192 16.1762 -1.36688
1010101 FRAC0_S 0 1 -46031.5 80.5958 8586.57 1.6338e+06 -273668 -184539 249.064 17.1164 6.62371
1010101 FRAC0_S 0 1 -46015.9 -244.223 8580.17 1.65155e+06 -363476 -713974 322.628 17.4049 18.148
1010101 FRAC0_S 0 1 -45903 -536.32 8576.34 1.81887e+06 -600514 -771366 406.071 23.8692 16.9279
1010101 FRAC0_S 0 1 -45687 -806.379 8565.39 1.15659e+06 -409477 -654263 191.075 23.4383 20.1188
1010101 FRAC0_S 0 1 -45410 -992.265 8534.65 703089 388518 -1.36163e+06 304.086 -20.4161 33.1266
1010101 FRAC0_S 0 1 -45086.4 -1074.64 8488.56 1.10741e+06 148390 -1.36733e+06 359.898 -7.69579 31.6917
1010101 FRAC0_S 0 1 -44754.1 -1039.43 8448.96 1.45918e+06 540770 -1.26464e+06 428.5 -21.2699 25.2636
1010101 FRAC0_S 0 1 -44448.9 -902.941 8431.19 2.36583e+06 1.06972e+06 -1.10166e+06 762.145 -29.1163 16.9933
1010101 FRAC0_S 0 1 -44203 -684.306 8424.41 2.77242e+06 811779 -583806 788.979 -24.6117 10.2779
1010101 FRAC0_S 0 1 -44040 -400.486 8416.84 3.06416e+06 501564 405142 880.91 -16.5667 -7.6147
1010101 FRAC0_S 0 1 -43965 -81.7209 8414.57 4.38827e+06 591478 237908 1754.69 -14.971 -3.48794
1010101 FRAC0_S 0 1 -43985 243.47 8418.32 3.00067e+06 600644 755412 910.394 -17.9707 -12.5323