
Step FractureNumber TipNr TipActive TipX TipY TipZ KI KII KIII G Phi Psi Extension
1010000 FRAC0_S 0 1 -44463.4 -44170.8 8500 52375.7 96774.2 13169.1 1.10205 -58.5861 -6.11099
1010000 FRAC0_S 0 1 -44745.9 -44045.6 8500 42691.5 67035 28109.6 0.667932 -51.5306 -14.5345
1010000 FRAC0_S 0 1 -45053.3 -44013.7 8500 39453.5 132700 40673.1 1.9279 -60.078 -13.7012
1010000 FRAC0_S 0 1 -45355.5 -44078.5 8500 52735.1 36685 59074.8 0.831884 -30.3142 -25.8075
1010000 FRAC0_S 0 1 -45638.4 -44246.2 8500 34516.8 110861 110435 2.82339 -47.525 -27.5226
1010000 FRAC0_S 0 1 -45829.2 -44463.4 8500 49906.5 -18946.4 60669.2 0.74347 18.9813 -29.2954
1010000 FRAC0_S 0 1 -45954.4 -44745.9 8500 48715.9 -45517.7 51974.5 0.755382 36.8005 -23.5575
1010000 FRAC0_S 0 1 -45986.3 -45053.3 8500 55856.2 -69630.5 46254.2 0.994605 45.2548 -18.6137
1010000 FRAC0_S 0 1 -45921.5 -45355.5 8500 47610.3 -81032.8 25852.7 0.876006 54.1729 -12.1282
1010000 FRAC0_S 0 1 -45766.5 -45622.8 8500 45567 77687.8 -28975 0.834498 -53.2158 13.6508
1010000 FRAC0_S 0 1 -45536.6 -45829.2 8500 30597.7 -41528.6 49755.5 0.566364 39.5753 -26.3423
1010000 FRAC0_S 0 1 -45254.1 -45954.4 8500 47823.9 -78057.7 -28640.1 0.855847 52.8591 13.3234
1010000 FRAC0_S 0 1 -44946.7 -45986.3 8500 62879 -79265.4 -51316.2 1.26243 45.6102 18.3679
1010000 FRAC0_S 0 1 -44644.5 -45921.5 8500 45190.8 -88339 -124301 2.93233 39.75 29.9341
1010000 FRAC0_S 0 1 -44377.2 -45766.5 8500 52054.9 50246.9 -74147.5 1.19766 -34.1909 26.9498
1010000 FRAC0_S 0 1 -44170.8 -45536.6 8500 54143.8 83856.2 -88658.8 1.93327 -42.214 25.461
1010000 FRAC0_S 0 1 -44045.6 -45254.1 8500 51840.9 75676.2 -68842.4 1.38013 -43.5583 23.2901
1010000 FRAC0_S 0 1 -44013.7 -44946.7 8500 51440 66774.1 -44174.5 0.892648 -45.732 18.7763
1010000 FRAC0_S 0 1 -44078.5 -44644.5 8500 58022 97938.5 -26747.4 1.24988 -54.9318 10.7115
1010000 FRAC0_S 0 1 -44233.5 -44377.2 8500 63801.1 122489 -7780.02 1.70775 -60.4769 3.07388
Step FractureNumber TipNr TipActive TipX TipY TipZ KI KII KIII G Phi Psi Extension
1010101 FRAC0_S 0 1 -44453.8 -44163 8478.25 136450 24339.1 16415.7 1.74774 -17.9084 -6.94246
1010101 FRAC0_S 0 1 -44746.5 -44033.1 8478.33 130549 15200.5 19335.5 1.58901 -12.2973 -8.68304
1010101 FRAC0_S 0 1 -45062.4 -43968.7 8444.04 204242 90210.7 51139.5 4.7902 -31.7749 -10.8196
1010101 FRAC0_S 0 1 -45382.3 -44012.7 8434.65 250081 156292 192670 12.6869 -31.7614 -21.6734
1010101 FRAC0_S 0 1 -45671.7 -44174.3 8458.63 135146 92868.6 145753 5.22151 -30.4638 -25.3984
1010101 FRAC0_S 0 1 -45898.9 -44419.5 8512.79 85729 -14082.2 106475 2.1804 9.23093 -31.4682
1010101 FRAC0_S 0 1 -46030.5 -44723.8 8555.83 127499 -80403.7 86633.3 3.02285 33.0014 -20.0875
1010101 FRAC0_S 0 1 -46040.8 -45050.1 8550.49 143255 -71660.2 44883.1 2.55425 33.2904 -12.4904
1010101 FRAC0_S 0 1 -45939.1 -45356.4 8517.76 73586.5 -19324.9 16312.3 0.551198 22.5789 -10.9131
1010101 FRAC0_S 0 1 -45766.5 -45622.8 8500 55453.5 -110995 6847.55 1.37808 60.9528 -3.03054
1010101 FRAC0_S 0 1 -45536.6 -45829.2 8500 131577 -4006.73 -54510.6 1.93935 2.91976 19.6534
1010101 FRAC0_S 0 1 -45253.2 -45971.9 8517.86 138378 -63958.8 -22553.2 2.1385 34.1542 7.49038
1010101 FRAC0_S 0 1 -44937.9 -46039.1 8551.72 160066 -91225.3 -49841 3.35506 35.9876 12.0059
1010101 FRAC0_S 0 1 -44582.6 -45978.4 8528.88 131021 -95156 -107299 3.86781 34.2489 21.6808
1010101 FRAC0_S 0 1 -44328.6 -45826.6 8471.09 86468.5 4934.81 -100200 2.00376 -3.55931 31.7656
1010101 FRAC0_S 0 1 -44109.1 -45577.4 8435.13 134079 62285.7 -74974.7 2.69528 -28.4483 19.0329
1010101 FRAC0_S 0 1 -43977.5 -45272.5 8430.85 180350 115558 -95968.8 5.31327 -35.1967 17.1227
1010101 FRAC0_S 0 1 -43948 -44944.3 8426.5 224020 110932 -98454.8 6.85778 -31.2476 16.0159
1010101 FRAC0_S 0 1 -44024.7 -44625.5 8419.42 264216 98416.9 -63562.7 7.62122 -28.5961 10.8989
1010101 FRAC0_S 0 1 -44201 -44356.4 8436.03 250927 81309.3 -18619.9 6.24598 -28.6849 4.04651