
Step FractureNumber TipNr TipActive TipX TipY TipZ KI KII KIII G Phi Psi Extension
1010000 FRAC0_S 0 1 772.766 44413.9 8313.34 3.28252e+06 -4.85336e+06 -3.54743e+06 4732.86 46.0778 20.641
1010000 FRAC0_S 0 1 806.209 44613.7 8080.04 2.89491e+06 -2.28402e+06 -4.33892e+06 3715.53 29.565 28.7
1010000 FRAC0_S 0 1 760.735 44851.4 7887.84 3.67873e+06 67295.8 -4.3649e+06 3740.3 -1.15675 32.4188
1010000 FRAC0_S 0 1 640.795 45103.6 7755.57 2.62064e+06 1.83783e+06 -4.21642e+06 3277.47 -26.518 30.1158
1010000 FRAC0_S 0 1 458.13 45345.7 7696.17 2.5042e+06 3.45423e+06 -3.5299e+06 3279.25 -41.6898 24.4507
1010000 FRAC0_S 0 1 230.619 45553.9 7715.46 2.49568e+06 4.86064e+06 -2.61972e+06 3573.08 -51.5948 18.2072
1010000 FRAC0_S 0 1 -19.466 45707.9 7811.54 2.73722e+06 6.61771e+06 -1.56257e+06 4894.88 -59.1421 10.4878
1010000 FRAC0_S 0 1 -267.646 45792.6 7975 2.18758e+06 5.03032e+06 -146418 2684.14 -62.9687 1.53776
1010000 FRAC0_S 0 1 -489.626 45799.7 8189.86 2.6073e+06 5.62948e+06 979035 3557.24 -59.3994 -7.91385
1010000 FRAC0_S 0 1 -663.679 45728.6 8435.08 3.10801e+06 5.8193e+06 2.43742e+06 4668.58 -53.3333 -15.2109
1010000 FRAC0_S 0 1 -772.766 45586.1 8686.66 2.36652e+06 3.09273e+06 2.56751e+06 2228.14 -43.5503 -21.5734
1010000 FRAC0_S 0 1 -806.209 45386.3 8919.96 3.54582e+06 2.78412e+06 4.51617e+06 4523.73 -31.3246 -26.7567
1010000 FRAC0_S 0 1 -766.349 45165.2 9101.14 4.3063e+06 402594 5.0754e+06 5092.96 -5.64206 -31.5812
1010000 FRAC0_S 0 1 -640.795 44896.4 9244.43 3.06639e+06 -1.41241e+06 4.03265e+06 3178.52 21.3043 -29.5479
1010000 FRAC0_S 0 1 -458.13 44654.3 9303.83 3.90049e+06 -4.0971e+06 4.53089e+06 5581.88 38.2971 -23.8925
1010000 FRAC0_S 0 1 -230.619 44446.1 9284.54 3.92901e+06 -6.02273e+06 3.48138e+06 6219.87 48.6977 -17.9983
1010000 FRAC0_S 0 1 19.466 44292.1 9188.46 4.00596e+06 -7.41211e+06 2.07312e+06 6897.27 55.7874 -11.2066
1010000 FRAC0_S 0 1 267.646 44207.4 9025 3.72146e+06 -7.68091e+06 377132 6510.19 61.5255 -2.46342
1010000 FRAC0_S 0 1 489.626 44200.3 8810.14 3.58579e+06 -7.31095e+06 -1.30302e+06 6134.51 58.7591 7.95449
1010000 FRAC0_S 0 1 663.679 44271.4 8564.92 2.86011e+06 -5.01898e+06 -2.29455e+06 3673.87 52.0301 15.9134
Step FractureNumber TipNr TipActive TipX TipY TipZ KI KII KIII G Phi Psi Extension
1010101 FRAC0_S 0 1 867.281 44412.8 8337.84 6.33549e+06 -922022 -4.09656e+06 5884.47 10.9073 23.8466
1010101 FRAC0_S 0 1 898.877 44607 8067.12 4.56222e+06 -578685 -4.26338e+06 4302.03 8.34973 28.5787
1010101 FRAC0_S 0 1 831.596 44837.8 7830.85 3.77445e+06 -217454 -4.43401e+06 3888.55 3.56646 31.9079
1010101 FRAC0_S 0 1 674.953 45088.3 7668.39 5.09358e+06 -200454 -4.86787e+06 5467.09 2.7344 29.7919
1010101 FRAC0_S 0 1 456.633 45332.9 7599.63 5.06269e+06 1.01279e+06 -3.76064e+06 4256.32 -13.6732 24.9979
1010101 FRAC0_S 0 1 201.666 45542.5 7622.04 6.32428e+06 1.02814e+06 -2.91787e+06 4790.65 -13.3136 19.4968
1010101 FRAC0_S 0 1 -68.3728 45695.2 7726.33 8.05789e+06 1.14675e+06 -1.73144e+06 6301.77 -13.9106 11.5221
1010101 FRAC0_S 0 1 -330.893 45779.9 7899.46 8.38544e+06 746981 -305746 6327.97 -10.6418 2.49215
1010101 FRAC0_S 0 1 -564.636 45791.3 8125.57 7.74358e+06 771464 1.18394e+06 5582.76 -10.6928 -9.02962
1010101 FRAC0_S 0 1 -749.751 45726.2 8387.03 5.73377e+06 1.46583e+06 2.12071e+06 3719.21 -20.2867 -16.0393
1010101 FRAC0_S 0 1 -867.553 45588 8662.64 7.14409e+06 1.17294e+06 4.37007e+06 7210.56 -12.3449 -22.9518
1010101 FRAC0_S 0 1 -900.783 45391.1 8930.6 5.58944e+06 582793 4.7111e+06 5766.09 -7.29615 -27.5806
1010101 FRAC0_S 0 1 -836.7 45156.9 9164.54 4.07115e+06 169666 4.04049e+06 3650.8 -2.83891 -30.2009
1010101 FRAC0_S 0 1 -681.266 44906.4 9328.94 5.75712e+06 -267259 5.53859e+06 7039.77 3.19848 -29.7902
1010101 FRAC0_S 0 1 -461.317 44662.9 9400.4 7.20363e+06 -814743 5.04204e+06 8064.42 8.46116 -25.194
1010101 FRAC0_S 0 1 -204.58 44453.2 9379.09 5.91226e+06 -1.47848e+06 3.16332e+06 4640.49 18.2384 -20.414
1010101 FRAC0_S 0 1 66.8005 44300.5 9274.91 1.12217e+07 -1.35652e+06 2.94584e+06 12539.5 11.6989 -13.6129
1010101 FRAC0_S 0 1 330.462 44217.3 9101.18 1.135e+07 -846134 538019 11581.6 8.99341 -3.23661
1010101 FRAC0_S 0 1 564.794 44207.1 8874.37 9.46337e+06 -798238 -1.47946e+06 8328.17 9.19461 9.30458
1010101 FRAC0_S 0 1 749.84 44273.4 8613.22 8.44418e+06 -1.15246e+06 -3.18994e+06 7825.65 12.0496 17.4053