
Step FractureNumber TipNr TipActive TipX TipY TipZ KI KII KIII G Phi Psi Extension
1010000 FRAC0_S 0 1 37500 36572.7 8159.93 2.8763e+06 -66740 -16143 737.647 3.12189 0.424526
1010000 FRAC0_S 0 1 37500 36723.2 7890.02 2.75377e+06 34641.3 -244466 683.8 -1.58994 6.0728
1010000 FRAC0_S 0 1 37500 36949.7 7679.83 2.8464e+06 16420.5 -21809.6 722.058 -0.79467 0.587842
1010000 FRAC0_S 0 1 37500 37230 7549.91 2.80864e+06 13454 -13084.7 702.98 -0.662778 0.359276
1010000 FRAC0_S 0 1 37500 37536.8 7513 2.80487e+06 14846.7 -8643.27 701.084 -0.732965 0.238054
1010000 FRAC0_S 0 1 37500 37840 7572.7 3.05247e+06 26069.4 10341.5 830.363 -1.17658 -0.260772
1010000 FRAC0_S 0 1 37500 38109.9 7723.17 2.13946e+06 10521.4 18697.4 407.937 -0.67757 -0.670032
1010000 FRAC0_S 0 1 37500 38320.1 7949.68 2.1954e+06 15270.5 -3187.31 429.511 -0.962346 0.112229
1010000 FRAC0_S 0 1 37500 38450.1 8230.07 2.80062e+06 114461 12665.3 700.118 -5.36635 -0.336808
1010000 FRAC0_S 0 1 37500 38487 8536.87 3.03525e+06 79289.3 19886.4 821.56 -3.49668 -0.493543
1010000 FRAC0_S 0 1 37500 38427.3 8840.07 2.20081e+06 5601.74 15040.8 431.644 -0.352587 -0.5266
1010000 FRAC0_S 0 1 37500 38276.8 9109.98 2.46954e+06 57885.7 17128.6 543.785 -3.14862 -0.52356
1010000 FRAC0_S 0 1 37500 38050.3 9320.17 2.73226e+06 -73430.1 -101482 667.077 3.4915 2.68258
1010000 FRAC0_S 0 1 37500 37770 9450.09 2.77397e+06 2948.62 12480.9 685.714 -0.147913 -0.348342
1010000 FRAC0_S 0 1 37500 37463.2 9487 2.9697e+06 6197.06 29872.3 785.996 -0.288343 -0.771929
1010000 FRAC0_S 0 1 37500 37160 9427.3 2.76979e+06 -120892 -155706 688.155 5.44547 3.90051
1010000 FRAC0_S 0 1 37500 36890.1 9276.83 2.92637e+06 -66189.7 7114.3 763.503 3.05511 -0.184806
1010000 FRAC0_S 0 1 37500 36670.4 9036.24 2.99709e+06 117948 55092.4 802.078 -5.11196 -1.34556
1010000 FRAC0_S 0 1 37500 36549.9 8769.93 2.59415e+06 111855 219845 607.22 -5.24989 -5.67451
1010000 FRAC0_S 0 1 37500 36513 8463.13 2.89933e+06 -111.734 -27623.4 749.171 0.00534408 0.733166
Step FractureNumber TipNr TipActive TipX TipY TipZ KI KII KIII G Phi Psi Extension
1010101 FRAC0_S 0 1 37502 36481.2 8126.37 2.93018e+06 143922 -8479.12 766.951 -6.38383 0.214301
1010101 FRAC0_S 0 1 37499.6 36646.5 7829.8 2.8617e+06 248886 99093.9 736.577 -10.435 -2.37667
1010101 FRAC0_S 0 1 37498.3 36895.4 7598.83 2.5169e+06 15493.6 14621.3 564.542 -0.849037 -0.446676
1010101 FRAC0_S 0 1 37498.8 37203.5 7456.09 2.93111e+06 5446.69 25930.7 765.673 -0.257161 -0.680208
1010101 FRAC0_S 0 1 37498.6 37540.5 7415.53 2.93178e+06 17409.5 50555.6 766.296 -0.810154 -1.30518
1010101 FRAC0_S 0 1 37498.4 37873.6 7481.13 3.22341e+06 -17031.7 95290.1 927.117 0.712993 -2.20126
1010101 FRAC0_S 0 1 37498.5 38170.2 7646.46 2.97798e+06 -39502.6 52535.2 790.767 1.78982 -1.3251
1010101 FRAC0_S 0 1 37496.5 38401 7895.37 2.51938e+06 -148223 48254.4 567.874 7.43226 -1.37546
1010101 FRAC0_S 0 1 37493.4 38543.7 8203.47 2.96204e+06 -223425 39332.1 786.479 9.36366 -0.946437
1010101 FRAC0_S 0 1 37494.5 38584.3 8540.55 3.04783e+06 -90582.1 -78511.8 829.315 3.88662 1.884
1010101 FRAC0_S 0 1 37496.7 38518.8 8873.64 2.32038e+06 -30356.6 8749.43 479.875 1.78962 -0.288785
1010101 FRAC0_S 0 1 37498.6 38353.5 9170.14 3.10084e+06 -84584.3 -2467.5 857.448 3.66534 0.0603541
1010101 FRAC0_S 0 1 37501.6 38104.6 9401.08 3.28676e+06 11039.2 -39561 962.855 -0.46232 0.919973
1010101 FRAC0_S 0 1 37501.2 37796.5 9543.88 3.13218e+06 1144.86 279.647 874.217 -0.0511396 -0.00696058
1010101 FRAC0_S 0 1 37502.1 37459.5 9584.38 3.13981e+06 28887.4 -48573.5 878.868 -1.2514 1.1701
1010101 FRAC0_S 0 1 37506 37126.4 9518.65 3.13206e+06 -244345 56413 879.894 9.61042 -1.2729
1010101 FRAC0_S 0 1 37502.8 36829.9 9353.33 3.12351e+06 45328.9 5141.03 869.573 -1.98512 -0.126253
1010101 FRAC0_S 0 1 37494.6 36599.1 9104.49 3.09404e+06 -101405 -29219.6 854.085 4.33331 0.704071
1010101 FRAC0_S 0 1 37493.2 36456.3 8796.47 3.49688e+06 -180519 -37570.8 1092.75 6.63765 0.785465
1010101 FRAC0_S 0 1 37499.1 36415.6 8459.47 3.00734e+06 52546 -79966.7 807.016 -2.32332 1.96512