
Step FractureNumber TipNr TipActive TipX TipY TipZ KI KII KIII G Phi Psi Extension
1010000 FRAC0_S 0 1 802.035 29671.9 8026.05 5.44067e+06 -3.41823e+06 1.20278e+06 3871.33 39.4828 -8.85258
1010000 FRAC0_S 0 1 736.756 29915.6 7847.62 3.69525e+07 -1.95204e+07 -8.71473e+06 165734 35.646 9.8378
1010000 FRAC0_S 0 1 599.358 30167.6 7733.05 6.17085e+06 -3.81134e+06 1.13596e+06 4859.32 39.7665 -7.62491
1010000 FRAC0_S 0 1 403.291 30403.1 7693.56 5.45466e+06 -3.79348e+06 754331 4009.33 43.0272 -5.69465
1010000 FRAC0_S 0 1 167.748 30599.2 7733 6.20948e+06 -4.24966e+06 -568214 5088.11 43.5565 3.93154
1010000 FRAC0_S 0 1 -84.2162 30736.7 7847.53 5.97478e+06 -2.49646e+06 -1.89484e+06 4213.93 29.6562 13.1552
1010000 FRAC0_S 0 1 -327.937 30802 8025.92 5.29892e+06 -185363 -2.28557e+06 3199.91 3.3001 20.0889
1010000 FRAC0_S 0 1 -539.557 30788.8 8250.72 6.61199e+06 3.80645e+06 -3.02689e+06 6405.43 -34.0244 15.8873
1010000 FRAC0_S 0 1 -698.361 30698.4 8499.92 6.96329e+06 6.84716e+06 -1.74265e+06 8902.41 -48.0671 8.32524
1010000 FRAC0_S 0 1 -788.805 30539.7 8749.13 7.20851e+06 9.30066e+06 395320 12359.4 -55.8369 -1.80602
1010000 FRAC0_S 0 1 -803.905 30344.5 8959.46 7.26594e+06 1.04964e+07 3.08563e+06 15788.4 -52.7423 -10.8216
1010000 FRAC0_S 0 1 -736.756 30084.4 9152.38 6.88375e+06 9.05296e+06 5.77326e+06 15958.6 -46.2074 -18.4086
1010000 FRAC0_S 0 1 -599.358 29832.4 9266.95 6.26103e+06 3.98749e+06 1.02146e+07 18786.9 -24.6227 -30.7127
1010000 FRAC0_S 0 1 -403.291 29596.9 9306.44 6.25974e+06 3.17189e+06 8.96352e+06 15074.1 -22.059 -30.1721
1010000 FRAC0_S 0 1 -167.748 29400.8 9267 5.86255e+06 -904135 9.0077e+06 13927 7.79437 -33.78
1010000 FRAC0_S 0 1 84.2162 29263.3 9152.47 5.8675e+06 -4.06621e+06 7.88572e+06 12811.7 28.3016 -28.0551
1010000 FRAC0_S 0 1 327.937 29198 8974.08 6.11769e+06 -6.06864e+06 6.17596e+06 11689.8 38.6234 -22.5014
1010000 FRAC0_S 0 1 539.557 29211.2 8749.28 2.00498e+07 -1.30853e+07 8.89522e+06 61603.2 36.8015 -15.0297
1010000 FRAC0_S 0 1 698.361 29301.6 8500.08 5.06351e+06 -4.31326e+06 2.14549e+06 4554.74 42.5986 -13.3797
1010000 FRAC0_S 0 1 788.805 29460.3 8250.87 6.83948e+06 -5.38838e+06 1.83556e+06 7203.81 43.3646 -9.6184
Step FractureNumber TipNr TipActive TipX TipY TipZ KI KII KIII G Phi Psi Extension
1010101 FRAC0_S 0 1 899.72 29684.1 8026.21 8.99425e+06 597975 1.97133e+06 7757.41 -7.05249 -12.3382
1010101 FRAC0_S 0 1 829.629 29944.3 7831.83 6.39095e+06 4.09143e+06 -4.05083e+06 7313.74 -33.8654 19.1771
1010101 FRAC0_S 0 1 682.024 30216.5 7711.59 1.0048e+07 -14189.3 1.92605e+06 9490.11 0.165606 -11.6798
1010101 FRAC0_S 0 1 471.83 30471.2 7673.6 7.34683e+06 1.2041e+06 53655.3 4939.38 -18.2204 -0.485099
1010101 FRAC0_S 0 1 216.394 30681.8 7712.47 8.04273e+06 280964 -480200 5801.83 -4.39661 4.15626
1010101 FRAC0_S 0 1 -68.0706 30825.4 7817.83 7.752e+06 1.67806e+06 -1.671e+06 5977.22 -19.5632 10.9933
1010101 FRAC0_S 0 1 -356.955 30876 7983.11 7.58971e+06 -201052 -2.51392e+06 5977.19 2.70486 17.0648
1010101 FRAC0_S 0 1 -608.354 30827.9 8202.22 2.57417e+07 -1.0155e+07 -1.23495e+07 88520.5 26.3665 17.8033
1010101 FRAC0_S 0 1 -786.012 30704.8 8456.73 8.99012e+06 -785089 -1.63674e+06 7613.3 9.30005 10.5082
1010101 FRAC0_S 0 1 -881.444 30525.8 8717.36 3.61795e+07 -5.90341e+06 4.35545e+06 122270 16.6661 -7.02532
1010101 FRAC0_S 0 1 -896.071 30302 8958.11 1.35303e+07 -210730 2.79498e+06 17356.3 1.77275 -12.2411
1010101 FRAC0_S 0 1 -826.988 30050.1 9161.8 1.30159e+07 1.91083e+06 4.986e+06 18728.3 -12.7898 -17.4616
1010101 FRAC0_S 0 1 -677.174 29788.8 9304.72 1.04619e+07 1.76808e+06 7.61411e+06 17742.5 -11.9181 -25.0699
1010101 FRAC0_S 0 1 -455.109 29544.1 9366.27 8.30136e+06 1.21751e+06 8.3767e+06 15605.4 -9.20077 -29.2804
1010101 FRAC0_S 0 1 -178.408 29350.2 9344.26 9.63402e+06 -5.90898e+06 1.00977e+07 24943.1 28.5459 -25.5996
1010101 FRAC0_S 0 1 114.902 29224.3 9234.82 1.50218e+07 -7.39544e+06 8.46951e+06 34522.2 29.5081 -18.9072
1010101 FRAC0_S 0 1 387.227 29167.4 9045.94 3.72362e+07 -854948 1.24714e+07 144305 2.34721 -17.2313
1010101 FRAC0_S 0 1 616.997 29186.4 8804.83 1.5249e+06 6.97317e+06 9.8469e+06 17436.1 -43.1018 -32.3597
1010101 FRAC0_S 0 1 787.932 29287.7 8538.65 1.01125e+07 151100 3.20591e+06 10481.5 -1.5617 -16.6956
1010101 FRAC0_S 0 1 885.285 29459.8 8271.22 8.68907e+06 261004 3.6524e+06 8508.1 -2.86945 -19.8339