
Step FractureNumber TipNr TipActive TipX TipY TipZ KI KII KIII G Phi Psi Extension
1010000 FRAC0_S 0 1 537.333 15252.1 7710.55 2.0001e+07 1.58545e+07 -1.23988e+07 78492.8 -38.4419 17.8632
1010000 FRAC0_S 0 1 325.205 15476.4 7698.3 3.24073e+07 4.45312e+06 -1.03942e+07 109723 -12.5715 15.5603
1010000 FRAC0_S 0 1 81.2449 15654.2 7764.52 1.83641e+07 1.31837e+07 -3.00813e+06 46743.2 -43.2235 6.53991
1010000 FRAC0_S 0 1 -170.668 15767.9 7902.75 1.8031e+07 1.40591e+07 -529658 46621.7 -47.3367 1.25781
1010000 FRAC0_S 0 1 -405.875 15806.4 8099.44 8.83328e+06 8.56139e+06 2.75425e+06 14493.4 -46.8487 -10.0456
1010000 FRAC0_S 0 1 -601.353 15766 8335.33 1.02251e+07 1.05546e+07 1.78834e+06 19668.8 -50.1644 -5.97368
1010000 FRAC0_S 0 1 -737.966 15650.7 8587.35 1.41033e+07 2.44939e+07 1.13347e+07 88273.4 -51.8319 -16.0058
1010000 FRAC0_S 0 1 -802.341 15471.5 8830.81 3.20235e+06 9.02715e+06 2.3888e+06 8934.3 -59.7598 -11.8649
1010000 FRAC0_S 0 1 -788.178 15246.3 9041.89 388652 9.66752e+06 3.22016e+06 9720.9 -64.8278 -16.9774
1010000 FRAC0_S 0 1 -681.769 14967 9214.83 -2.49067e+06 8.67385e+06 4.45615e+06 9345.27 -56.1557 -19.5657
1010000 FRAC0_S 0 1 -537.333 14747.9 9289.45 -3.44084e+06 7.53379e+06 6.33421e+06 10394 -47.6746 -24.1249
1010000 FRAC0_S 0 1 -325.205 14523.6 9301.7 -3.84633e+06 3.76496e+06 7.42537e+06 8596.23 -30.6655 -30.4705
1010000 FRAC0_S 0 1 -81.2449 14345.8 9235.48 -3.01517e+06 -241090 7.79624e+06 8089.1 3.02054 -38.6002
1010000 FRAC0_S 0 1 170.668 14232.1 9097.25 -766143 -5.07726e+06 7.125e+06 9048.94 44.0818 -32.893
1010000 FRAC0_S 0 1 405.875 14193.6 8900.56 1.77941e+06 -8.77003e+06 4.33016e+06 9629.69 58.1985 -19.9043
1010000 FRAC0_S 0 1 601.353 14234 8664.67 2.84279e+06 -7.37248e+06 989892 5693.91 61.8103 -6.63316
1010000 FRAC0_S 0 1 737.966 14349.3 8412.65 9.24448e+06 -1.02687e+07 -3.31658e+06 18474.7 48.8092 10.6349
1010000 FRAC0_S 0 1 802.341 14528.5 8169.19 1.24881e+07 -6.66192e+06 -6.54113e+06 23542.3 31.5963 17.7201
1010000 FRAC0_S 0 1 788.178 14753.7 7958.11 1.56939e+07 -1.85292e+06 -8.77518e+06 32495.2 9.50833 22.3358
1010000 FRAC0_S 0 1 696.863 15003.1 7800.07 1.78577e+07 3.55028e+06 -9.15414e+06 40685.2 -15.3186 20.4024
Step FractureNumber TipNr TipActive TipX TipY TipZ KI KII KIII G Phi Psi Extension
1010101 FRAC0_S 0 1 558.782 15249.1 7617.45 2.16832e+07 -299894 -7.38949e+06 49166.5 1.4221 17.5344
1010101 FRAC0_S 0 1 328.284 15492 7604.33 2.59263e+07 2.04164e+06 -6.13244e+06 65270.3 -8.13108 12.9599
1010101 FRAC0_S 0 1 55.8236 15669.8 7673.82 3.72524e+07 -1.5867e+07 -1.00069e+07 159414 30.767 11.5355
1010101 FRAC0_S 0 1 -223.694 15778.6 7820.12 2.55978e+07 -3.97804e+06 -2.5849e+06 60687.9 16.246 6.05601
1010101 FRAC0_S 0 1 -475.364 15817.2 8029.9 1.55502e+07 -1.86035e+06 483581 21887.1 13.7984 -2.08381
1010101 FRAC0_S 0 1 -683.469 15771 8280.38 1.68833e+07 -1.41612e+06 2.00646e+06 26114.5 9.42309 -7.38511
1010101 FRAC0_S 0 1 -827.279 15643.2 8545.38 3.65129e+07 -9.81485e+06 -819396 127474 26.1109 1.34564
1010101 FRAC0_S 0 1 -892.176 15447 8797.09 8.70488e+06 649797 2.35569e+06 7527.99 -7.55293 -14.3553
1010101 FRAC0_S 0 1 -869.84 15179.9 9038.51 6.8207e+06 2.2541e+06 2.43662e+06 5387.97 -24.73 -15.0317
1010101 FRAC0_S 0 1 -781.863 14947.5 9191.25 5.36937e+06 4.21047e+06 3.43899e+06 5721.74 -37.9562 -18.3014
1010101 FRAC0_S 0 1 -613.245 14688.1 9303 2.89522e+06 5.61422e+06 4.94745e+06 6811.12 -46.2241 -24.2163
1010101 FRAC0_S 0 1 -375.212 14457.2 9344.02 -1.18707e+07 -6.70602e+06 1.13734e+07 21211.4 27.8375 -24.8613
1010101 FRAC0_S 0 1 -85.1283 14292.5 9305.17 1.91415e+07 -1.36487e+07 1.54724e+07 81089.2 33.9937 -21.6143
1010101 FRAC0_S 0 1 213.345 14210 9176.01 2.9918e+06 -3.48709e+06 6.448e+06 7410.87 32.6719 -30.6962
1010101 FRAC0_S 0 1 474.294 14196.3 8971.37 1.51449e+07 -6.03935e+06 2.53567e+06 24544.4 31.1076 -7.96112
1010101 FRAC0_S 0 1 682.021 14242.7 8721.06 1.1969e+07 -450228 581537 12828.7 4.76436 -3.42298
1010101 FRAC0_S 0 1 829.064 14350.4 8446.58 1.29084e+07 692793 -191295 14895.8 -6.85555 1.07547
1010101 FRAC0_S 0 1 897.285 14519.6 8168.31 1.69761e+07 759512 -6.1615e+06 30780.9 -4.37886 17.9173
1010101 FRAC0_S 0 1 868.938 14744.3 7911.1 2.04764e+07 -381517 -6.35761e+06 42751.1 1.94882 16.4202
1010101 FRAC0_S 0 1 746.999 14987.9 7722.51 1.89346e+07 -693793 -6.9104e+06 38341.7 3.61212 18.0728