
Step FractureNumber TipNr TipActive TipX TipY TipZ KI KII KIII G Phi Psi Extension
1010000 FRAC0_S 0 1 -29016 30084.9 8500 -1.97374e+06 -7.70986e+06 -7.79581e+06 13379.9 48.1328 28.2238
1010000 FRAC0_S 0 1 -29090.4 30384.8 8500 -1.83594e+06 -3.49893e+06 -8.05271e+06 9715.46 31.8084 34.9778
1010000 FRAC0_S 0 1 -29264.1 30658.9 8500 -1.14848e+06 237253 -5.34885e+06 3810.18 -4.84519 41.1337
1010000 FRAC0_S 0 1 -29490.2 30846 8500 -2.30221e+06 4.11101e+06 -8.0067e+06 10032.3 -34.2235 33.1356
1010000 FRAC0_S 0 1 -29776.6 30962.1 8500 -1.68723e+06 6.77771e+06 -6.17469e+06 9164.35 -49.8119 27.0282
1010000 FRAC0_S 0 1 -30084.9 30984 8500 -1.60357e+06 9.47386e+06 -4.5136e+06 10707.5 -59.2242 19.8153
1010000 FRAC0_S 0 1 -30384.8 30909.6 8500 -1.60976e+06 1.01942e+07 -2.25645e+06 9937.62 -64.7074 11.6677
1010000 FRAC0_S 0 1 -30647.1 30746.2 8500 -2.00252e+06 1.23668e+07 -104080 13629.6 -68.5171 0.559205
1010000 FRAC0_S 0 1 -30846 30509.8 8500 -1.63037e+06 1.06539e+07 2.30589e+06 10821.6 -64.905 -11.5032
1010000 FRAC0_S 0 1 -30962.1 30223.4 8500 -1.39649e+06 6.65614e+06 3.23654e+06 5341.14 -58.2103 -19.6498
1010000 FRAC0_S 0 1 -30984 29915.1 8500 -1.84705e+06 7.38814e+06 6.63568e+06 10720.3 -50.0029 -26.8434
1010000 FRAC0_S 0 1 -30909.6 29615.2 8500 -1.49449e+06 3.13579e+06 6.09172e+06 5811.73 -34.9574 -33.6635
1010000 FRAC0_S 0 1 -30746.2 29352.9 8500 -1.57517e+06 259910 8.47437e+06 9557.41 -3.48503 -41.8184
1010000 FRAC0_S 0 1 -30509.8 29154 8500 -2.07895e+06 -4.26097e+06 8.61764e+06 11494.9 34.2013 -33.985
1010000 FRAC0_S 0 1 -30223.4 29037.9 8500 -1.92194e+06 -7.21392e+06 6.82635e+06 10835 48.9739 -27.3219
1010000 FRAC0_S 0 1 -29915.1 29016 8500 -1.82261e+06 -1.02091e+07 5.02029e+06 12639.6 58.7273 -20.1037
1010000 FRAC0_S 0 1 -29615.2 29090.4 8500 -1.40028e+06 -1.19233e+07 2.5732e+06 13549 65.6266 -11.7612
1010000 FRAC0_S 0 1 -29352.9 29253.8 8500 -1.55638e+06 -1.18775e+07 -214823 12577.3 68.8212 1.2195
1010000 FRAC0_S 0 1 -29154 29490.2 8500 -1.88371e+06 -1.20006e+07 -2.84764e+06 13911.6 64.4028 12.3191
1010000 FRAC0_S 0 1 -29037.9 29776.6 8500 242565 -9.93851e+06 -5.54488e+06 12896.2 60.5194 23.3997
Step FractureNumber TipNr TipActive TipX TipY TipZ KI KII KIII G Phi Psi Extension
1010101 FRAC0_S 0 1 -28951.2 30093.2 8572.18 3.89948e+06 -4.03795e+06 -5.06053e+06 6213.93 36.7367 25.3658
1010101 FRAC0_S 0 1 -29015.8 30419.1 8542.86 1.68514e+06 -2.72557e+06 -6.13461e+06 5920.26 31.5086 34.2077
1010101 FRAC0_S 0 1 -29185.9 30705.7 8494.89 1.39195e+06 206082 -8.0541e+06 8803.94 -2.95722 42.1087
1010101 FRAC0_S 0 1 -29446.4 30913.5 8450.67 2.30968e+06 3.47211e+06 -7.83317e+06 9710.34 -31.1505 33.9528
1010101 FRAC0_S 0 1 -29759.8 31024 8426.26 2.96528e+06 2.63757e+06 -3.87291e+06 3398.38 -33.5454 26.3673
1010101 FRAC0_S 0 1 -30087.6 31035.1 8415.34 7.08115e+06 3.30246e+06 -3.33527e+06 6919.56 -29.645 17.0125
1010101 FRAC0_S 0 1 -30400.2 30949 8410.05 6.26159e+06 2.25039e+06 -1.50696e+06 4247.09 -27.9143 10.9855
1010101 FRAC0_S 0 1 -30672.3 30775.3 8408.23 7.07892e+06 2.601e+06 -271410 5078.04 -31.8101 2.10281
1010101 FRAC0_S 0 1 -30882.9 30530.6 8410.21 3.72595e+06 1.82519e+06 104598 1535.4 -37.8899 -1.43126
1010101 FRAC0_S 0 1 -31012.8 30233.5 8415.71 5.04263e+06 2.6395e+06 2.09899e+06 3472.7 -32.6823 -15.2188
1010101 FRAC0_S 0 1 -31047.8 29907.4 8426.12 3.86686e+06 3.66989e+06 4.40393e+06 5112.05 -36.4159 -24.2789
1010101 FRAC0_S 0 1 -30982.3 29581.6 8450.68 1.99795e+06 2.8541e+06 5.82155e+06 5589.02 -32.4306 -32.7256
1010101 FRAC0_S 0 1 -30813.5 29294.5 8496.69 618024 329837 6.76777e+06 6135.5 -5.85697 -43.0278
1010101 FRAC0_S 0 1 -30553.7 29086.2 8545.45 1.69731e+06 -2.32042e+06 6.03951e+06 5587.77 28.5748 -34.9397
1010101 FRAC0_S 0 1 -30240.4 28975.3 8573.15 2.72331e+06 -2.65786e+06 3.6147e+06 3028.15 35.253 -26.0137
1010101 FRAC0_S 0 1 -29912.6 28964.6 8584.37 4.58552e+06 -3.94119e+06 3.33523e+06 4737.32 38.7882 -19.3224
1010101 FRAC0_S 0 1 -29600.1 29051.6 8590.22 8.34564e+06 -3.90538e+06 1.75975e+06 7977.46 33.585 -9.27619
1010101 FRAC0_S 0 1 -29327.9 29225.1 8591.94 6.57788e+06 -2.45875e+06 326311 4408.53 31.9374 -2.67832
1010101 FRAC0_S 0 1 -29117.6 29469.5 8590.17 7.08407e+06 -2.86169e+06 -1.25053e+06 5409.63 31.21 8.30029
1010101 FRAC0_S 0 1 -28988.1 29766.9 8584.69 9.15843e+06 -4.94842e+06 -4.60423e+06 12475.8 32.1291 17.1953