
Step FractureNumber TipNr TipActive TipX TipY TipZ KI KII KIII G Phi Psi Extension
1010000 FRAC0_S 0 1 -7500 29251.8 7855.26 4.90591e+06 1.01884e+07 -6.29854e+06 16670.9 -50.7981 20.1044
1010000 FRAC0_S 0 1 -7500 29487.6 7655.6 5.61406e+06 1.24081e+06 3.31077e+06 4403.57 -16.0454 -21.9029
1010000 FRAC0_S 0 1 -7500 29773.6 7538.6 5.83409e+06 -62167.1 3.76379e+06 4917.44 0.898069 -25.3811
1010000 FRAC0_S 0 1 -7500 30081.8 7515.7 5.89164e+06 -1.66073e+06 3.56002e+06 5024.51 19.3593 -21.6015
1010000 FRAC0_S 0 1 -7500 30382 7589.16 6.19751e+06 -3.25647e+06 3.02727e+06 5586.48 31.7621 -16.9772
1010000 FRAC0_S 0 1 -7500 30644.7 7751.78 5.569e+06 1.29274e+07 7.97364e+06 26111.6 -51.6771 -20.5017
1010000 FRAC0_S 0 1 -7500 30844.5 7987.64 6.20465e+06 -4.10635e+06 706490 4999.49 42.4556 -4.86601
1010000 FRAC0_S 0 1 -7500 30954.1 8242.46 6.3048e+06 -1.03063e+06 6.98167e+06 10119.7 9.71528 -30.189
1010000 FRAC0_S 0 1 -7500 30984.3 8581.81 5.74772e+06 -2.76049e+06 -1.01458e+06 3759.82 34.7013 7.93572
1010000 FRAC0_S 0 1 -7500 30910.8 8881.97 4.21474e+06 4.28894e+06 -7.00367e+06 9745.97 -33.3659 28.4964
1010000 FRAC0_S 0 1 -7500 30748.2 9144.74 2.37479e+06 7.66855e+06 5.12042e+06 9229.9 -52.8978 -22.5758
1010000 FRAC0_S 0 1 -7500 30512.4 9344.4 5.83136e+06 482624 -1.0965e+06 3210.83 -8.82089 10.8189
1010000 FRAC0_S 0 1 -7500 30226.4 9461.4 6.82191e+06 1.10355e+06 -908580 4365.36 -16.3965 7.67321
1010000 FRAC0_S 0 1 -7500 29918.2 9484.3 5.97967e+06 1.37682e+06 -499424 3388.35 -22.3862 4.82532
1010000 FRAC0_S 0 1 -7500 29618 9410.84 6.80679e+06 2.10565e+06 -297775 4535.56 -28.3482 2.48732
1010000 FRAC0_S 0 1 -7500 29355.3 9248.22 6.5266e+06 2.19643e+06 -45983.7 4225.95 -30.675 0.408116
1010000 FRAC0_S 0 1 -7500 29155.5 9012.36 6.14655e+06 2.49635e+06 246737 3929.99 -33.7941 -2.13951
1010000 FRAC0_S 0 1 -7500 29038.5 8726.35 4.76213e+06 2.12055e+06 597803 2469.06 -34.0618 -6.02262
1010000 FRAC0_S 0 1 -7500 29015.7 8418.19 4.48226e+06 2.59578e+06 1.01479e+06 2527.67 -37.7034 -9.26186
1010000 FRAC0_S 0 1 -7500 29089.2 8118.03 5.55145e+06 2.94767e+06 2.02259e+06 4064.58 -33.7273 -13.7745
Step FractureNumber TipNr TipActive TipX TipY TipZ KI KII KIII G Phi Psi Extension
1010101 FRAC0_S 0 1 -7559.54 29196.2 7806.04 9.36569e+06 1.17332e+06 4.72074e+06 10903 -10.3507 -20.9718
1010101 FRAC0_S 0 1 -7532.81 29445 7579.87 7.49548e+06 500621 4.65238e+06 7907.46 -5.43148 -24.2254
1010101 FRAC0_S 0 1 -7497.84 29751.7 7445.89 6.62473e+06 692748 4.80977e+06 7030.34 -7.76884 -25.7446
1010101 FRAC0_S 0 1 -7469.87 30088.2 7424.76 6.75746e+06 564136 4.32158e+06 6581.33 -6.61896 -24.4049
1010101 FRAC0_S 0 1 -7485.01 30410.5 7514.71 6.62992e+06 796606 4.85389e+06 7106.96 -8.78697 -25.6744
1010101 FRAC0_S 0 1 -7509.19 30688.9 7699.12 6.58072e+06 -4.30786e+06 2.29146e+06 6211.01 38.2806 -12.5635
1010101 FRAC0_S 0 1 -7479.65 30918 7962.81 8.52348e+06 591682 8.26775e+06 15596.3 -4.68424 -29.6335
1010101 FRAC0_S 0 1 -7460.45 31045.6 8254.49 8.68159e+06 -2.62508e+06 411224 7352.78 27.8502 -2.69666
1010101 FRAC0_S 0 1 -7481.06 31068.5 8587.65 6.01661e+06 716045 -2.28365e+06 3965.03 -10.6769 17.6389
1010101 FRAC0_S 0 1 -7533.21 30981.2 8909.67 5.42681e+06 -3.00776e+06 175717 3434.57 40.3632 -1.57807
1010101 FRAC0_S 0 1 -7557.46 30803.2 9193.63 5.50108e+06 -3.30488e+06 -336964 3685.02 41.4594 2.82988
1010101 FRAC0_S 0 1 -7534.66 30554.9 9419.83 5.29059e+06 -1.32023e+06 -38199.4 2649.73 25.0386 0.44703
1010101 FRAC0_S 0 1 -7527.47 30248.2 9552.25 6.04652e+06 7.1712e+06 5.44345e+06 11781.4 -43.4626 -19.9446
1010101 FRAC0_S 0 1 -7537.97 29911.3 9574.01 7.02562e+06 -1.80515e+06 -310590 4701.62 24.9162 2.61206
1010101 FRAC0_S 0 1 -7546.02 29585 9490.74 7.3413e+06 -2.33132e+06 -705125 5353 27.9178 5.14743
1010101 FRAC0_S 0 1 -7551.29 29300.9 9311.87 3.74021e+06 -4.50364e+06 2.06095e+06 3618.89 47.8155 -14.2799
1010101 FRAC0_S 0 1 -7554.57 29085.9 9054.96 1.422e+07 8.91086e+06 5.17711e+06 28659.2 -37.1334 -13.1613
1010101 FRAC0_S 0 1 -7557.19 28960.8 8744.99 6.74939e+06 607300 167238 4095.92 -10.8442 -1.71744
1010101 FRAC0_S 0 1 -7558.46 28937 8411.61 1.5086e+07 7.00344e+06 5.74978e+06 29047.9 -30.7894 -14.7021
1010101 FRAC0_S 0 1 -7562.42 29019.1 8089.99 8.82847e+06 1.56284e+06 3.50217e+06 8794.32 -14.8625 -17.5649