
Step FractureNumber TipNr TipActive TipX TipY TipZ KI KII KIII G Phi Psi Extension
1010000 FRAC0_S 0 1 44453.8 -29177 8500 106978 446119 -152597 21.8517 -60.5291 15.3235
1010000 FRAC0_S 0 1 44226.3 -29386.1 8500 108331 510929 -47644.5 24.6097 -66.171 5.40399
1010000 FRAC0_S 0 1 44074.4 -29655.2 8500 87871.3 381687 49703.2 13.9986 -65.0864 -7.16373
1010000 FRAC0_S 0 1 44013.2 -29958.1 8500 100826 430899 158278 20.7832 -60.1294 -16.1558
1010000 FRAC0_S 0 1 44048.6 -30265.1 8500 86712.3 347071 262394 20.5612 -52.3975 -24.7108
1010000 FRAC0_S 0 1 44177 -30546.2 8500 113619 714148 -546443 86.3109 -53.8504 25.7981
1010000 FRAC0_S 0 1 44386.1 -30773.7 8500 75119.3 239303 625035 57.5647 -31.1196 -37.2873
1010000 FRAC0_S 0 1 44655.2 -30925.6 8500 89715.5 947785 118378 82.6282 -67.7312 -7.64216
1010000 FRAC0_S 0 1 44958.1 -30986.8 8500 86774.3 -220575 265730 14.3979 43.5151 -29.0724
1010000 FRAC0_S 0 1 45265.1 -30951.4 8500 74536.4 -973056 -441194 110.757 61.6 20.2168
1010000 FRAC0_S 0 1 45546.2 -30823 8500 79522.5 -385525 125720 15.91 61.5511 -15.1046
1010000 FRAC0_S 0 1 45773.7 -30613.9 8500 74915.4 -428620 45223.9 17.143 66.6449 -6.20395
1010000 FRAC0_S 0 1 45925.6 -30344.8 8500 68545.1 -560075 -553754 69.1546 50.6096 29.2923
1010000 FRAC0_S 0 1 45986.8 -30041.9 8500 65628.7 -327440 -113767 11.6593 61.2303 15.8456
1010000 FRAC0_S 0 1 45951.4 -29734.9 8500 78696.4 -341181 -210990 16.8454 55.2403 22.3955
1010000 FRAC0_S 0 1 45823 -29453.8 8500 84390.1 -202231 -268837 13.8913 41.6923 30.0212
1010000 FRAC0_S 0 1 45613.9 -29226.3 8500 88050.3 -91542.6 -326739 15.6365 23.0233 36.592
1010000 FRAC0_S 0 1 45344.8 -29074.4 8500 94590 78042 -318104 14.7983 -20.4939 36.6949
1010000 FRAC0_S 0 1 45041.9 -29013.2 8500 71156.2 161442 -217203 9.04825 -41.2311 29.9702
1010000 FRAC0_S 0 1 44743.4 -29046.2 8500 103334 347952 -237096 19.2167 -52.8804 22.9504
Step FractureNumber TipNr TipActive TipX TipY TipZ KI KII KIII G Phi Psi Extension
1010101 FRAC0_S 0 1 44428.3 -29135.7 8413.67 697268 314038 317126 65.4874 -29.1838 -16.7397
1010101 FRAC0_S 0 1 44193.8 -29359.6 8409.83 406048 32574.9 382931 34.2892 -5.441 -29.1868
1010101 FRAC0_S 0 1 44046.5 -29609.7 8409.86 37904.8 -236869 552095 45.6672 34.3608 -37.3682
1010101 FRAC0_S 0 1 43963.8 -29957.4 8414.17 74334.9 -611313 1.0342e+06 176.046 40.9185 -34.9711
1010101 FRAC0_S 0 1 43994.5 -30280.9 8418.52 7033.65 -227562 169106 8.4223 56.6743 -26.8828
1010101 FRAC0_S 0 1 44133 -30597.1 8427.56 -103586 -9160.11 685588 62.5216 1.59715 -42.6471
1010101 FRAC0_S 0 1 44343.9 -30824.2 8430.83 43155.7 -176711 40886.6 3.17092 62.7283 -11.4192
1010101 FRAC0_S 0 1 44634.6 -30978.1 8458.02 29953.8 -140935 22050.4 1.91457 64.9145 -8.48337
1010101 FRAC0_S 0 1 44956.4 -31043.4 8533.29 627540 -246433 -9470.64 40.5156 33.6056 0.832379
1010101 FRAC0_S 0 1 45277.2 -31002.4 8583.18 566513 -158935 -74312.5 31.5842 25.0575 6.96271
1010101 FRAC0_S 0 1 45570.2 -30860.4 8588.9 441487 -120385 -306765 31.1759 18.0582 23.4305
1010101 FRAC0_S 0 1 45810.7 -30641.7 8587.21 144798 176476 -285983 15.5211 -34.7737 29.4146
1010101 FRAC0_S 0 1 45975 -30362.6 8583.51 87487.4 79824.7 -370085 19.4659 -19.2511 38.0652
1010101 FRAC0_S 0 1 46039.4 -30044.7 8583.69 -156149 197098 -110799 5.09448 -46.8352 16.7425
1010101 FRAC0_S 0 1 46006.4 -29717.4 8579.62 -58391.1 186945 -54471.5 3.50888 -60.08 13.0823
1010101 FRAC0_S 0 1 45882.1 -29411.3 8563.57 -114081 90260.8 -242765 8.56432 -25.41 32.6227
1010101 FRAC0_S 0 1 45666.3 -29157.9 8527.43 101579 200816 -136805 7.00216 -49.3781 21.0942
1010101 FRAC0_S 0 1 45376.2 -28993.8 8475.79 265069 280715 -186308 17.8995 -43.3899 17.7128
1010101 FRAC0_S 0 1 45047.6 -28939.1 8438.36 -464220 -510954 277979 33.5415 45.4456 -15.6784
1010101 FRAC0_S 0 1 44720.8 -28990.4 8421.89 682472 302372 25429.7 49.7378 -35.6311 -1.94244