
Step FractureNumber TipNr TipActive TipX TipY TipZ KI KII KIII G Phi Psi Extension
1010000 FRAC0_S 0 1 15187.2 15969.8 8500 137752 -491505 366247 41.0581 52.058 -24.2297
1010000 FRAC0_S 0 1 14878.4 15980.1 8500 134866 -643967 242302 46.3826 60.45 -16.6503
1010000 FRAC0_S 0 1 14581.4 15894.6 8500 -2.07454e+06 -463456 77787.7 19.9449 22.6073 -2.29037
1010000 FRAC0_S 0 1 14325.5 15721.5 8500 2.32247e+06 -1.09669e+06 -177330 592.005 36.1818 3.76566
1010000 FRAC0_S 0 1 14135.5 15477.8 8500 137552 -671805 -228613 48.8543 61.2887 15.5787
1010000 FRAC0_S 0 1 14030.2 15187.2 8500 107017 -401549 -278342 25.6929 53.2127 23.4611
1010000 FRAC0_S 0 1 14019.9 14878.4 8500 146664 -323933 -452203 38.4642 40.5189 30.2983
1010000 FRAC0_S 0 1 14105.4 14581.4 8500 501980 -98051 -564532 65.6977 11.2911 30.0565
1010000 FRAC0_S 0 1 14293 14309.9 8500 136182 144136 -521637 39.6938 -22.9011 36.7735
1010000 FRAC0_S 0 1 14522.2 14135.5 8500 142058 368618 -456501 41.6228 -43.1898 29.4638
1010000 FRAC0_S 0 1 14812.8 14030.2 8500 102924 436791 -280897 28.4391 -54.6863 22.8329
1010000 FRAC0_S 0 1 15121.6 14019.9 8500 119421 532312 -174438 30.5677 -61.144 14.9978
1010000 FRAC0_S 0 1 15418.6 14105.4 8500 147309 737757 -82267.2 51.335 -66.0572 6.39486
1010000 FRAC0_S 0 1 15678.9 14282.5 8500 146825 802714 76106.4 60.1093 -66.6929 -5.60617
1010000 FRAC0_S 0 1 15864.5 14522.2 8500 154995 673304 229029 49.5141 -60.7659 -15.3473
1010000 FRAC0_S 0 1 15969.8 14812.8 8500 141427 555876 352781 45.8696 -54.4951 -22.4799
1010000 FRAC0_S 0 1 15980.1 15121.6 8500 138811 363771 442516 39.5531 -43.5159 -29.2867
1010000 FRAC0_S 0 1 15894.6 15418.6 8500 143206 153875 497500 36.8557 -24.4866 -35.9003
1010000 FRAC0_S 0 1 15721.5 15674.5 8500 3.26361e+06 -129409 633101 1003.93 4.42762 -11.4494
1010000 FRAC0_S 0 1 15477.8 15864.5 8500 146538 -301208 454132 37.4274 38.9491 -30.9089
Step FractureNumber TipNr TipActive TipX TipY TipZ KI KII KIII G Phi Psi Extension
1010101 FRAC0_S 0 1 15200.9 16029.2 8576.9 -887716 526729 1.11749e+06 190.81 -26.0954 -27.9976
1010101 FRAC0_S 0 1 14868.5 16040.7 8572.82 288495 -128575 393297 29.4625 20.4506 -30.0828
1010101 FRAC0_S 0 1 14546.5 15963.4 8555.73 392070 -307800 291208 33.4189 36.7281 -20.0696
1010101 FRAC0_S 0 1 14277.6 15777.7 8561.05 -1.5357e+06 -2.03568e+06 -902475 477.594 49.2096 14.3915
1010101 FRAC0_S 0 1 14086 15506.9 8578.64 886456 -353946 -165056 84.8098 30.8176 8.70513
1010101 FRAC0_S 0 1 13971.4 15196.3 8578.22 556175 -200549 -217193 37.4224 25.8606 15.7536
1010101 FRAC0_S 0 1 13945.2 14866.1 8557.4 625610 -345010 -504833 79.3794 28.9092 22.8247
1010101 FRAC0_S 0 1 14025.3 14542.6 8516.3 -3.88048e+06 -303756 -828135 99.4344 8.22709 11.9862
1010101 FRAC0_S 0 1 14213.9 14267.6 8468.33 293898 -132828 -541788 48.3092 17.8838 33.3066
1010101 FRAC0_S 0 1 14485.1 14073.7 8435.65 306543 -81989 -483886 40.1139 12.5388 33.1107
1010101 FRAC0_S 0 1 14800 13973.9 8420.2 1.31691e+06 941870 262345 242.744 -42.5328 -7.75925
1010101 FRAC0_S 0 1 15126.2 13972.5 8412.96 101195 1.60945e+06 209250 237.56 -68.1697 -8.10924
1010101 FRAC0_S 0 1 15435.4 14067.8 8409.45 849323 93189.9 -412765 87.7131 -9.29555 20.6948
1010101 FRAC0_S 0 1 15703.1 14249 8409.42 1.01765e+06 166764 -187514 99.4377 -15.9833 10.0445
1010101 FRAC0_S 0 1 15906.8 14500.5 8413.06 1.10161e+06 471809 185798 132.567 -32.512 -7.86979
1010101 FRAC0_S 0 1 16027 14803.6 8420.27 1.00019e+06 2.5654e+06 -819339 764.885 -57.9471 13.4224
1010101 FRAC0_S 0 1 16051 15132.9 8434.86 702632 294284 581974 96.7563 -23.6623 -24.2671
1010101 FRAC0_S 0 1 15972 15457.1 8463.99 429529 166208 613634 68.9827 -17.9185 -31.0812
1010101 FRAC0_S 0 1 15788 15735.3 8509.21 349658 106655 572670 55.5258 -13.7591 -33.1888
1010101 FRAC0_S 0 1 15517.7 15930.6 8553.08 -604862 1.63296e+06 894003 343.916 -53.9665 -19.5766