
Step FractureNumber TipNr TipActive TipX TipY TipZ KI KII KIII G Phi Psi Extension
1010000 FRAC0_S 0 1 -44157.3 515.173 8500 978639 2.52821e+06 934174 770.987 -57.0139 -14.9472
1010000 FRAC0_S 0 1 -44357.7 750.363 8500 1.01872e+06 1.98205e+06 1.69006e+06 822.437 -46.6576 -23.8189
1010000 FRAC0_S 0 1 -44621 912.104 8500 948071 1.82243e+06 1.70392e+06 762.197 -45.4094 -24.9179
1010000 FRAC0_S 0 1 -44921.4 984.561 8500 901641 342516 2.00768e+06 618.992 -13.9696 -35.5781
1010000 FRAC0_S 0 1 -45229.5 960.643 8500 934141 -661249 2.00249e+06 650.049 23.3659 -33.1903
1010000 FRAC0_S 0 1 -45515.1 842.69 8500 886438 -1.5039e+06 1.86049e+06 731.933 40.7689 -27.8173
1010000 FRAC0_S 0 1 -45750.3 642.248 8500 651613 -2.5065e+06 405885 619.586 63.8372 -8.45499
1010000 FRAC0_S 0 1 -45912.1 378.939 8500 782809 -2.51436e+06 800346 703.155 59.5503 -13.9763
1010000 FRAC0_S 0 1 -45984.6 78.5369 8500 652863 -2.548e+06 228304 623.443 65.3779 -5.04673
1010000 FRAC0_S 0 1 -45960.7 -229.553 8500 660301 -2.02569e+06 -698175 469.338 58.7203 14.6873
1010000 FRAC0_S 0 1 -45842.7 -515.173 8500 690611 -2.35175e+06 -822200 625.252 59.2733 15.1011
1010000 FRAC0_S 0 1 -45667.2 -728.969 8500 417384 -1.17261e+06 -783256 219.646 52.0842 22.1483
1010000 FRAC0_S 0 1 -45379 -912.104 8500 785510 -1.31395e+06 -1.72998e+06 606.876 39.7954 28.5023
1010000 FRAC0_S 0 1 -45078.6 -984.561 8500 851686 -542651 -2.01608e+06 631.469 20.5039 34.5777
1010000 FRAC0_S 0 1 -44770.5 -960.643 8500 929891 464121 -2.12028e+06 694.16 -17.2684 35.0475
1010000 FRAC0_S 0 1 -44484.9 -842.69 8500 994232 1.39951e+06 -1.95475e+06 770.815 -37.8068 28.3945
1010000 FRAC0_S 0 1 -44249.7 -642.248 8500 929470 1.13747e+06 -2.26205e+06 872.819 -31.9531 31.7473
1010000 FRAC0_S 0 1 -44087.9 -378.939 8500 1.16326e+06 3.03879e+06 -1.16631e+06 1124.37 -56.8184 15.3884
1010000 FRAC0_S 0 1 -44015.4 -78.5369 8500 1.06786e+06 3.12324e+06 73198.2 971.56 -64.9879 -1.32917
1010000 FRAC0_S 0 1 -44039.3 229.553 8500 1.17091e+06 3.29742e+06 527491 1128.07 -61.9097 -7.86784
Step FractureNumber TipNr TipActive TipX TipY TipZ KI KII KIII G Phi Psi Extension
1010101 FRAC0_S 0 1 -44111.5 545.143 8417.83 4.20459e+06 837100 866090 1737.54 -18.4318 -10.7257
1010101 FRAC0_S 0 1 -44317.1 799.743 8424.86 3.43313e+06 344432 1.69827e+06 1444.44 -8.5291 -21.0167
1010101 FRAC0_S 0 1 -44594.5 981.742 8440.17 2.38329e+06 570092 1.91567e+06 1023.19 -15.4323 -25.5799
1010101 FRAC0_S 0 1 -44916.2 1071.46 8480.04 1.71734e+06 176195 2.0677e+06 834.199 -6.0887 -31.7233
1010101 FRAC0_S 0 1 -45248.2 1045.62 8530.12 1.74016e+06 202444 1.87806e+06 742.596 -7.2216 -30.3676
1010101 FRAC0_S 0 1 -45548.6 904.489 8565.01 2.08286e+06 -572692 1.41969e+06 683.874 18.2918 -23.1679
1010101 FRAC0_S 0 1 -45788.7 677.599 8582.75 2.36886e+06 -388466 1.09624e+06 673.319 13.4016 -19.5185
1010101 FRAC0_S 0 1 -45954.2 396.657 8588.27 2.34488e+06 -424267 588810 552.119 16.5711 -12.6625
1010101 FRAC0_S 0 1 -46029.6 82.0373 8588.37 2.78961e+06 -486452 157959 717.85 18.4273 -3.51805
1010101 FRAC0_S 0 1 -46007.2 -241.421 8586.95 2.27861e+06 -425942 -1.0623e+06 628.918 14.9357 19.3724
1010101 FRAC0_S 0 1 -45887.1 -543.186 8584.07 2.55367e+06 -593322 -1.01923e+06 750.641 18.5181 17.107
1010101 FRAC0_S 0 1 -45680.5 -798.107 8576.94 2.60692e+06 -775311 -1.17694e+06 843.389 21.7834 17.9364
1010101 FRAC0_S 0 1 -45405.5 -982.592 8560.49 2.2079e+06 -800549 -1.71895e+06 884.493 21.7005 23.9988
1010101 FRAC0_S 0 1 -45084 -1072.2 8526.1 1.33557e+06 -977998 -2.56358e+06 1118.25 25.259 31.8817
1010101 FRAC0_S 0 1 -44750.9 -1047.28 8478.59 1.223e+06 -852269 -2.20474e+06 844.508 25.1023 31.4231
1010101 FRAC0_S 0 1 -44419.8 -899.019 8447.78 2.29161e+06 1.17895e+06 -1.61888e+06 940.377 -28.6742 21.4718
1010101 FRAC0_S 0 1 -44194.4 -691.936 8437.29 3.20762e+06 1.30027e+06 -1.67888e+06 1442.37 -26.3317 18.7364
1010101 FRAC0_S 0 1 -44035.9 -404.071 8422.27 3.97382e+06 951070 -846556 1583.08 -21.1695 10.731
1010101 FRAC0_S 0 1 -43970.2 -82.7315 8411.71 4.71167e+06 274868 -1.10212e+06 2146.51 -6.17754 13.0377
1010101 FRAC0_S 0 1 -43994.3 241.283 8412.27 4.19894e+06 505295 119129 1595.75 -13.8981 -1.90634