
Step FractureNumber TipNr TipActive TipX TipY TipZ KI KII KIII G Phi Psi Extension
1010000 FRAC0_S 0 1 812.916 44439 8500 -1.75308e+06 -4.6724e+06 -4.71554e+06 4902.82 46.4022 27.1023
1010000 FRAC0_S 0 1 944.619 44711.5 8500 -1.61547e+06 -2.32299e+06 -5.56189e+06 4595.16 30.0471 34.3539
1010000 FRAC0_S 0 1 987.533 45017.5 8500 -1.29864e+06 354884 -5.16261e+06 3556 -7.09939 40.1469
1010000 FRAC0_S 0 1 933.78 45321.8 8500 -1.14922e+06 2.51373e+06 -4.71497e+06 3519.79 -35.7041 33.4453
1010000 FRAC0_S 0 1 788.621 45594.7 8500 -1.12611e+06 3.42911e+06 -2.98739e+06 2234.79 -49.1801 25.7166
1010000 FRAC0_S 0 1 566.268 45809.3 8500 -1.10526e+06 6.44231e+06 -3.10885e+06 4983.81 -59.0532 19.9467
1010000 FRAC0_S 0 1 288.484 45944.6 8500 -947466 5.2277e+06 -1.13284e+06 2605.96 -64.3278 11.2981
1010000 FRAC0_S 0 1 -17.5385 45987.6 8500 -912171 8.14314e+06 141426 5911.61 -69.0813 -1.19166
1010000 FRAC0_S 0 1 -321.845 45933.8 8500 -873269 6.58635e+06 1.46446e+06 4150.83 -65.1965 -11.9113
1010000 FRAC0_S 0 1 -594.647 45788.6 8500 -820508 4.47768e+06 2.23359e+06 2450.14 -58.4902 -20.2291
1010000 FRAC0_S 0 1 -809.24 45566.3 8500 -920699 4.28125e+06 4.03419e+06 3797.84 -49.8542 -27.7734
1010000 FRAC0_S 0 1 -944.619 45288.5 8500 -1.06848e+06 2.34024e+06 4.62693e+06 3335.36 -34.8354 -33.9714
1010000 FRAC0_S 0 1 -987.533 44982.5 8500 -1.23557e+06 -63752.4 5.62782e+06 4212.79 1.28253 -41.5881
1010000 FRAC0_S 0 1 -933.78 44678.2 8500 -1.14825e+06 -1.9212e+06 4.0867e+06 2550.16 32.5402 -33.7817
1010000 FRAC0_S 0 1 -788.621 44405.3 8500 -1.50463e+06 -4.83456e+06 4.52642e+06 4807.73 48.4337 -26.7666
1010000 FRAC0_S 0 1 -566.268 44190.7 8500 -1.60977e+06 -6.93752e+06 3.3734e+06 5802.31 57.7677 -19.4303
1010000 FRAC0_S 0 1 -288.484 44055.4 8500 -1.32397e+06 -6.05493e+06 1.29629e+06 3490.45 63.614 -10.9184
1010000 FRAC0_S 0 1 17.5385 44012.4 8500 -1.62073e+06 -8.58347e+06 -95815.7 6566.49 68.0558 0.722738
1010000 FRAC0_S 0 1 321.845 44066.2 8500 -1.68063e+06 -7.75058e+06 -1.88625e+06 5826.17 63.0469 12.0834
1010000 FRAC0_S 0 1 594.647 44211.4 8500 -1.46643e+06 -6.04377e+06 -3.25731e+06 4666.08 56.5278 20.5761
Step FractureNumber TipNr TipActive TipX TipY TipZ KI KII KIII G Phi Psi Extension
1010101 FRAC0_S 0 1 866.488 44396.7 8569.59 2.19331e+06 -2.61156e+06 -3.11117e+06 2323.78 38.5683 25.5583
1010101 FRAC0_S 0 1 1024.94 44689.5 8540.06 924525 -1.66928e+06 -3.89006e+06 2337.1 31.4035 34.9185
1010101 FRAC0_S 0 1 1077.03 45018.8 8491.75 406486 338690 -4.22754e+06 2401.93 -9.21063 42.4607
1010101 FRAC0_S 0 1 1010.02 45345.4 8448.81 1.73589e+06 2.44503e+06 -3.91707e+06 2841.91 -35.889 30.0081
1010101 FRAC0_S 0 1 841.282 45631.4 8426.13 2.59321e+06 2.22628e+06 -2.42397e+06 1822.36 -36.4165 22.4066
1010101 FRAC0_S 0 1 597.221 45850.5 8415.67 3.28076e+06 2.10596e+06 -1.40381e+06 1616.43 -36.6858 14.7147
1010101 FRAC0_S 0 1 302.023 45984.8 8410.14 3.72028e+06 1.51544e+06 -524604 1474.57 -31.9866 6.82992
1010101 FRAC0_S 0 1 -18.1095 46025.7 8408.07 3.91004e+06 1.00288e+06 -60205.7 1452.45 -25.3857 0.939449
1010101 FRAC0_S 0 1 -336.704 45972.9 8409.94 3.43884e+06 1.22231e+06 573643 1230.68 -28.8731 -8.15118
1010101 FRAC0_S 0 1 -627.003 45828.6 8415.56 3.57296e+06 1.61416e+06 1.17074e+06 1552.06 -31.0318 -13.244
1010101 FRAC0_S 0 1 -863.143 45601.2 8426.18 3.47878e+06 2.21803e+06 2.74748e+06 2520.76 -31.9438 -21.885
1010101 FRAC0_S 0 1 -1022.06 45309.3 8452.89 1.41408e+06 1.83337e+06 3.85087e+06 2449.99 -31.4898 -32.6031
1010101 FRAC0_S 0 1 -1077.06 44980.7 8500.28 374517 63308.1 4.48742e+06 2691.07 -1.78797 -43.6725
1010101 FRAC0_S 0 1 -1011.86 44654 8546.15 1.14923e+06 -1.93331e+06 4.2555e+06 2859.28 32.026 -34.1358
1010101 FRAC0_S 0 1 -830.265 44352.6 8572.9 3.18206e+06 -2.81287e+06 2.98907e+06 2795.64 36.9716 -22.2984
1010101 FRAC0_S 0 1 -598.047 44148.3 8583.4 3.50505e+06 -2.12999e+06 1.58031e+06 1831.18 35.2282 -15.5006
1010101 FRAC0_S 0 1 -302.454 44013.9 8589.13 3.94707e+06 -2.1983e+06 757908 1895.3 37.4836 -8.16582
1010101 FRAC0_S 0 1 18.3175 43972.5 8591.06 4.22975e+06 -1.24868e+06 -115973 1734.98 27.7609 1.60277
1010101 FRAC0_S 0 1 337.697 44024.5 8588.62 3.31804e+06 -1.1516e+06 -248739 1107.45 29.9996 4.02021
1010101 FRAC0_S 0 1 629.066 44168.8 8582.1 4.10262e+06 -2.65411e+06 -2.23122e+06 2789.69 35.2375 17.3295