
Step FractureNumber TipNr TipActive TipX TipY TipZ KI KII KIII G Phi Psi Extension
1010000 FRAC0_S 0 1 -44157.3 515.173 8500 -1.0955e+06 -2.97314e+06 -1.19495e+06 977.608 56.7451 16.0069
1010000 FRAC0_S 0 1 -44357.7 750.363 8500 -1.09231e+06 -1.77963e+06 -1.5722e+06 610.969 44.8373 23.4639
1010000 FRAC0_S 0 1 -44621 912.104 8500 -1.06124e+06 -689505 -2.25537e+06 718.897 22.0222 33.4533
1010000 FRAC0_S 0 1 -44921.4 984.561 8500 -995126 -294056 -2.42615e+06 790.568 10.642 36.8628
1010000 FRAC0_S 0 1 -45229.5 960.643 8500 -1.03148e+06 901831 -2.40362e+06 840.866 -26.0851 33.093
1010000 FRAC0_S 0 1 -45515.1 842.69 8500 -948309 1.90761e+06 -2.1899e+06 962.093 -42.9232 27.6364
1010000 FRAC0_S 0 1 -45750.3 642.248 8500 -670683 1.47489e+06 -1.99036e+06 720.728 -41.0229 29.894
1010000 FRAC0_S 0 1 -45912.1 378.939 8500 -834658 3.04805e+06 -895874 934.632 -60.8197 13.4633
1010000 FRAC0_S 0 1 -45984.6 78.5369 8500 -694267 3.0548e+06 -217930 837.872 -66.2987 4.1854
1010000 FRAC0_S 0 1 -45960.7 -229.553 8500 -729984 3.86566e+06 -86542.2 1332.6 -67.8712 1.43042
1010000 FRAC0_S 0 1 -45842.7 -515.173 8500 -739907 2.75882e+06 1.02849e+06 818.908 -59.3194 -16.0168
1010000 FRAC0_S 0 1 -45667.2 -728.969 8500 -452434 1.35414e+06 955685 284.874 -51.8094 -23.0362
1010000 FRAC0_S 0 1 -45379 -912.104 8500 -857759 1.48394e+06 2.08021e+06 771.757 -39.099 -29.3906
1010000 FRAC0_S 0 1 -45078.6 -984.561 8500 -937703 545521 2.40623e+06 796.579 -18.2589 -35.6249
1010000 FRAC0_S 0 1 -44770.5 -960.643 8500 -1.02916e+06 -659749 2.50872e+06 875.846 20.2748 -34.8296
1010000 FRAC0_S 0 1 -44484.9 -842.69 8500 -1.10896e+06 -1.76171e+06 2.28782e+06 972.705 39.648 -28.1024
1010000 FRAC0_S 0 1 -44249.7 -642.248 8500 -1.06809e+06 -3.20691e+06 903410 1024.98 59.8539 -12.6033
1010000 FRAC0_S 0 1 -44087.9 -378.939 8500 -1.31299e+06 -3.87104e+06 1.25336e+06 1544.24 58.8747 -13.9356
1010000 FRAC0_S 0 1 -44015.4 -78.5369 8500 -1.19715e+06 -4.20895e+06 879966 1681.59 62.357 -10.2723
1010000 FRAC0_S 0 1 -44039.3 229.553 8500 -1.33788e+06 -4.4524e+06 -378264 1785.53 64.582 4.65899
Step FractureNumber TipNr TipActive TipX TipY TipZ KI KII KIII G Phi Psi Extension
1010101 FRAC0_S 0 1 -44111.9 545.436 8582.02 2.13293e+06 -1.73939e+06 -692308 738.745 43.1838 11.071
1010101 FRAC0_S 0 1 -44314.1 805.853 8565.53 1.39228e+06 -2.10441e+06 -1.50444e+06 868.387 46.5159 20.4777
1010101 FRAC0_S 0 1 -44589.8 992.869 8540.99 390669 -1.6673e+06 -2.35531e+06 999.129 42.9 32.2285
1010101 FRAC0_S 0 1 -44913.8 1076.78 8507.61 -233099 -361124 -2.25132e+06 685.726 16.6398 41.055
1010101 FRAC0_S 0 1 -45247.5 1044.43 8465.6 32612.2 245110 -2.86182e+06 1094.72 -10.5034 43.6803
1010101 FRAC0_S 0 1 -45553.8 908.03 8438.54 818958 1.59828e+06 -1.49836e+06 585.995 -45.4827 25.0156
1010101 FRAC0_S 0 1 -45799.8 687.072 8428.33 769069 878156 -1.6268e+06 473.405 -32.5148 30.6093
1010101 FRAC0_S 0 1 -45959 401.356 8417.04 1.78349e+06 1.27637e+06 -326832 442.821 -42.8203 7.22005
1010101 FRAC0_S 0 1 -46025.1 82.6228 8409.23 2.15784e+06 777153 14755 468.769 -32.0261 -0.38934
1010101 FRAC0_S 0 1 -45999.9 -239.785 8409.29 2.02504e+06 832684 80366.3 428.064 -34.0549 -2.10886
1010101 FRAC0_S 0 1 -45883.7 -542.412 8414.19 1.88474e+06 1.17627e+06 457934 467.726 -38.9761 -9.59158
1010101 FRAC0_S 0 1 -45680.7 -798.42 8423.44 1.52769e+06 1.48459e+06 1.01346e+06 540.972 -42.1087 -17.5448
1010101 FRAC0_S 0 1 -45405.8 -983.348 8440.99 774373 1.45803e+06 1.67788e+06 617.302 -42.4697 -27.3933
1010101 FRAC0_S 0 1 -45084.3 -1072.62 8477.23 -2436.1 458040 2.34711e+06 751.383 -20.977 -42.1442
1010101 FRAC0_S 0 1 -44751.4 -1046.35 8525.45 8024.31 -519078 1.70776e+06 411.902 28.7407 -40.334
1010101 FRAC0_S 0 1 -44449.7 -906.509 8562.19 1.07544e+06 -1.70121e+06 1.85531e+06 818.769 41.9762 -25.9481
1010101 FRAC0_S 0 1 -44208.6 -679.957 8580.59 1.86399e+06 -2.1019e+06 1.32558e+06 936.999 44.5663 -17.4691
1010101 FRAC0_S 0 1 -44042.9 -397.941 8586.57 2.39664e+06 -1.77614e+06 680989 854.63 41.8568 -10.2939
1010101 FRAC0_S 0 1 -43969.9 -82.8458 8588.27 2.56751e+06 -1.71302e+06 109711 850.511 43.969 -1.9286
1010101 FRAC0_S 0 1 -43995.2 240.769 8588.21 3.19377e+06 -2.06356e+06 -30338.4 1288.52 43.9752 0.446444