
Step FractureNumber TipNr TipActive TipX TipY TipZ KI KII KIII G Phi Psi Extension
1010000 FRAC0_S 0 1 15846.5 29491.1 8500 -203758 1.49871e+06 3.19151e+06 1554.86 -36.3084 -36.8321
1010000 FRAC0_S 0 1 15962.3 29777.6 8500 -212841 36313.8 3.46259e+06 1594.72 -1.36299 -44.0458
1010000 FRAC0_S 0 1 15984 30085.8 8500 -253224 -1.58943e+06 3.19699e+06 1584.48 37.1912 -36.2008
1010000 FRAC0_S 0 1 15909.3 30385.7 8500 -251233 -2.88617e+06 2.73756e+06 1739.02 51.8833 -29.1805
1010000 FRAC0_S 0 1 15745.6 30647.8 8500 -200523 -2.91603e+06 1.47271e+06 1046.18 60.6949 -21.6321
1010000 FRAC0_S 0 1 15508.9 30846.5 8500 -289656 -4.73062e+06 1.0447e+06 2139.32 66.6117 -12.4564
1010000 FRAC0_S 0 1 15222.4 30962.3 8500 -5.35975e+06 -5.13618e+06 296759 2362.47 50.7719 -2.11977
1010000 FRAC0_S 0 1 14914.1 30984 8500 -276477 -4.78522e+06 -1.04903e+06 2186.84 66.7064 12.4177
1010000 FRAC0_S 0 1 14614.3 30909.3 8500 -6.9655e+06 -5.24491e+06 -2.38735e+06 3209.36 41.2649 11.8737
1010000 FRAC0_S 0 1 14352.2 30745.6 8500 -246594 -2.34103e+06 -2.2249e+06 1146.73 51.5383 29.0073
1010000 FRAC0_S 0 1 14153.5 30508.9 8500 -205342 -1.34402e+06 -2.78144e+06 1189.91 36.7059 36.4833
1010000 FRAC0_S 0 1 14037.7 30222.4 8500 5.81189e+06 43216.8 -2.05269e+06 3570.53 -0.763022 18.0235
1010000 FRAC0_S 0 1 14016 29914.2 8500 -212453 1.41879e+06 -3.13772e+06 1488.8 -35.455 37.0343
1010000 FRAC0_S 0 1 14090.7 29614.3 8500 76779 2.45688e+06 -2.60662e+06 1442.08 -50.9236 31.0677
1010000 FRAC0_S 0 1 14254.4 29352.2 8500 -218881 3.46948e+06 -1.76102e+06 1485.1 -60.7596 21.7602
1010000 FRAC0_S 0 1 14491.1 29153.5 8500 -108782 3.26721e+06 -804866 1037.38 -66.6571 13.7929
1010000 FRAC0_S 0 1 14777.6 29037.7 8500 -131009 4.94842e+06 -24766.1 2182.11 -69.9348 0.377687
1010000 FRAC0_S 0 1 15085.9 29016 8500 -186625 4.64115e+06 978556 2046.81 -67.1811 -12.2082
1010000 FRAC0_S 0 1 15385.7 29090.7 8500 -1.51299e+06 4.05599e+06 1.96783e+06 1980.98 -55.0691 -18.1158
1010000 FRAC0_S 0 1 15670.2 29273.9 8500 -275850 2.99653e+06 2.77436e+06 1823.84 -52.1879 -28.8409
Step FractureNumber TipNr TipActive TipX TipY TipZ KI KII KIII G Phi Psi Extension
1010101 FRAC0_S 0 1 15915.4 29453.1 8450.05 -388593 858498 104724 67.1344 -60.6779 -5.84457
1010101 FRAC0_S 0 1 16048.1 29757.6 8499.11 522456 268923 1.55564e+06 352.632 -15.1222 -37.2019
1010101 FRAC0_S 0 1 16062.2 30089.7 8549.3 84004 317706 744388 83.3205 -33.4299 -36.7399
1010101 FRAC0_S 0 1 15966.8 30407.5 8576.25 -42462.6 414802 561660 57.2887 -45.3927 -32.9687
1010101 FRAC0_S 0 1 15783.4 30678.4 8586.21 339002 38727.6 559746 52.0453 -5.66401 -34.8075
1010101 FRAC0_S 0 1 15531.9 30886.9 8587.05 -389302 498654 413350 44.8818 -43.3686 -21.4465
1010101 FRAC0_S 0 1 15233.8 31011.5 8584.64 -94775.6 500662 370533 40.5968 -53.7575 -25.0642
1010101 FRAC0_S 0 1 14908.7 31036.4 8581.78 231281 226419 176211 13.4646 -41.0746 -19.1321
1010101 FRAC0_S 0 1 14588.6 30965.5 8575.51 -39170.4 -835527 163088 65.7458 67.3411 -11.4427
1010101 FRAC0_S 0 1 14307.3 30796.7 8570.58 -328811 351730 475970 41.155 -36.1036 -26.5119
1010101 FRAC0_S 0 1 14084.6 30546.9 8549.13 296707 8720.5 -684743 70.2117 -1.22756 38.1586
1010101 FRAC0_S 0 1 13951.5 30242.3 8499.77 497609 -288952 -1.46598e+06 315.335 16.8071 36.786
1010101 FRAC0_S 0 1 13936.7 29910.1 8451.26 -69662.2 -1.64099e+06 185801 244.553 68.7298 -7.32509
1010101 FRAC0_S 0 1 14032.3 29592.3 8424.87 -2.53588e+06 -2.44488e+06 868183 632.899 46.2897 -10.8508
1010101 FRAC0_S 0 1 14216.4 29321.5 8414.01 5.60935e+06 -4.8128e+06 -459983 4896.02 48.2253 3.23807
1010101 FRAC0_S 0 1 14469.7 29120.1 8408.79 -1.78787e+06 -880233 -322210 82.8513 35.1452 8.02146
1010101 FRAC0_S 0 1 14769.4 29002.8 8407.04 -247521 316285 -659708 66.7977 -31.513 32.4629
1010101 FRAC0_S 0 1 15091.1 28975.2 8409.94 -802154 -1.86162e+06 -911084 419.221 53.9226 17.7355
1010101 FRAC0_S 0 1 15407.7 29043.2 8416.22 548060 33798.8 84760.8 27.8232 -6.91831 -9.3842
1010101 FRAC0_S 0 1 15690.8 29207.7 8425.2 550803 140903 421247 52.4044 -16.6024 -24.7951