
Step FractureNumber TipNr TipActive TipX TipY TipZ KI KII KIII G Phi Psi Extension
1010000 FRAC0_S 0 1 30098 44257.7 9144.19 1.80052e+06 -4.16471e+06 1.55351e+06 2155.46 56.0703 -14.7074
1010000 FRAC0_S 0 1 30340.6 44196.7 8962.74 1.80144e+06 -4.73926e+06 590998 2337.1 62.1224 -6.23718
1010000 FRAC0_S 0 1 30549.9 44214.2 8736 1.79311e+06 -4.82586e+06 -407858 2383.91 63.1324 4.41617
1010000 FRAC0_S 0 1 30705.3 44308.6 8486.16 1.83421e+06 -3.45561e+06 -1.48062e+06 1655.45 53.2202 15.4795
1010000 FRAC0_S 0 1 30791.6 44470.7 8237.67 1.67493e+06 -3.50149e+06 -2.18968e+06 1980.21 50.7321 20.2706
1010000 FRAC0_S 0 1 30800.5 44684.6 8014.85 1.61246e+06 -2.35099e+06 -2.80303e+06 1769.19 40.1922 26.6487
1010000 FRAC0_S 0 1 30730.9 44929.4 7839.53 2.26026e+06 -1.09975e+06 -3.44481e+06 2141.28 20.7975 31.0291
1010000 FRAC0_S 0 1 30589.9 45181.1 7728.86 1.5973e+06 463191 -3.20896e+06 1616.02 -11.7653 35.2619
1010000 FRAC0_S 0 1 30391.2 45415.2 7693.68 1.53785e+06 1.84451e+06 -2.8637e+06 1604.62 -35.2386 28.8247
1010000 FRAC0_S 0 1 30154.1 45608.5 7737.42 1.58205e+06 3.08357e+06 -2.36006e+06 1811.12 -47.9617 22.4779
1010000 FRAC0_S 0 1 29902 45742.3 7855.81 1.67775e+06 4.21064e+06 -1.63174e+06 2184.83 -56.4428 15.371
1010000 FRAC0_S 0 1 29659.4 45803.3 8037.26 1.64411e+06 4.61965e+06 -666154 2201.6 -62.2203 7.193
1010000 FRAC0_S 0 1 29450.1 45785.8 8264 1.24366e+06 3.45077e+06 245402 1206.94 -63.6394 -3.79346
1010000 FRAC0_S 0 1 29294.7 45691.4 8513.84 1.96024e+06 4.50688e+06 1.4369e+06 2427.02 -57.0691 -13.0893
1010000 FRAC0_S 0 1 29208.4 45529.3 8762.33 2.02998e+06 3.66921e+06 2.27964e+06 2258.07 -49.578 -19.5916
1010000 FRAC0_S 0 1 29199.5 45315.4 8985.15 1.83993e+06 2.34772e+06 2.77781e+06 1819.08 -39.2349 -25.8579
1010000 FRAC0_S 0 1 29269.1 45070.6 9160.47 1.8696e+06 899386 3.08699e+06 1650.98 -19.8506 -31.9475
1010000 FRAC0_S 0 1 29410.1 44818.9 9271.14 1.90464e+06 -594499 3.23363e+06 1745.45 13.7655 -33.4973
1010000 FRAC0_S 0 1 29608.8 44584.8 9306.32 1.91326e+06 -2.05021e+06 2.96672e+06 1871.34 35.2908 -27.3432
1010000 FRAC0_S 0 1 29845.9 44391.5 9262.58 1.8791e+06 -3.31669e+06 2.37642e+06 2046 47.8916 -21.2288
Step FractureNumber TipNr TipActive TipX TipY TipZ KI KII KIII G Phi Psi Extension
1010101 FRAC0_S 0 1 30149.7 44264.4 9228.23 5.39538e+06 -551615 1.53674e+06 2935.21 9.93887 -14.6254
1010101 FRAC0_S 0 1 30406.7 44208.5 9035.87 5.33383e+06 -444155 466112 2581.63 9.6043 -5.6387
1010101 FRAC0_S 0 1 30631.4 44227.4 8791.28 6.43945e+06 -669506 -461631 3763.36 11.8335 4.6335
1010101 FRAC0_S 0 1 30792.7 44317.4 8531.4 4.62994e+06 -419477 -1.45259e+06 2206.5 8.74075 15.7787
1010101 FRAC0_S 0 1 30886.3 44480.5 8262.89 3.96976e+06 -666247 -2.23503e+06 2108.22 12.9169 21.8803
1010101 FRAC0_S 0 1 30896.4 44697.3 8011.19 3.33587e+06 -507829 -2.83498e+06 2083.53 10.2405 27.1635
1010101 FRAC0_S 0 1 30812.3 44941.1 7796.41 2.66642e+06 -348702 -2.97025e+06 1817.77 7.91868 30.5809
1010101 FRAC0_S 0 1 30635.4 45188 7649.25 2.01577e+06 224167 -2.50796e+06 1203.11 -6.4539 31.9939
1010101 FRAC0_S 0 1 30394.2 45416.8 7597.98 3.17003e+06 613404 -2.9316e+06 2072.05 -12.2046 27.763
1010101 FRAC0_S 0 1 30124.2 45606.3 7644.08 4.23634e+06 1.03321e+06 -2.78632e+06 2726.9 -16.8044 23.0304
1010101 FRAC0_S 0 1 29850.3 45735.2 7771.85 4.84444e+06 722074 -1.51992e+06 2445 -13.5385 15.2116
1010101 FRAC0_S 0 1 29593.3 45791 7964.17 5.0653e+06 379757 -475381 2329.23 -8.69206 6.05025
1010101 FRAC0_S 0 1 29373.3 45771.7 8202.68 5.90724e+06 493860 449554 3158.15 -9.72875 -4.97642
1010101 FRAC0_S 0 1 29208 45679.8 8467.73 4.92087e+06 503154 1.36024e+06 2426.44 -9.99804 -14.3124
1010101 FRAC0_S 0 1 29113.8 45519.1 8737.43 4.71843e+06 423220 2.34249e+06 2729.67 -7.693 -21.1806
1010101 FRAC0_S 0 1 29103.6 45303.9 8990.06 3.60686e+06 367150 2.86012e+06 2259.26 -7.31919 -26.8636
1010101 FRAC0_S 0 1 29188.5 45060.1 9204.89 2.98188e+06 346555 3.17743e+06 2145.81 -7.25891 -30.2233
1010101 FRAC0_S 0 1 29365.9 44813.3 9351.74 2.32912e+06 -52392.4 2.48693e+06 1306.23 1.49852 -31.2333
1010101 FRAC0_S 0 1 29606.4 44583.7 9402.36 3.67985e+06 -478998 3.09692e+06 2502.7 8.93719 -27.2803
1010101 FRAC0_S 0 1 29875.7 44393.5 9355.96 4.30476e+06 -713074 2.37222e+06 2445.05 12.857 -21.6377