
Step FractureNumber TipNr TipActive TipX TipY TipZ KI KII KIII G Phi Psi Extension
1010000 FRAC0_S 0 1 44453.8 -29177 8500 5000.57 -402104 113499 16.1236 66.3733 -15.4366
1010000 FRAC0_S 0 1 44226.3 -29386.1 8500 -104.764 -443317 28948.6 17.6242 69.7352 -4.65619
1010000 FRAC0_S 0 1 44074.4 -29655.2 8500 -38.4293 -322541 -53653.4 9.65322 68.5744 10.4522
1010000 FRAC0_S 0 1 44013.2 -29958.1 8500 6595.82 -367898 -156104 15.3058 63.4183 20.0915
1010000 FRAC0_S 0 1 44048.6 -30265.1 8500 17492.6 -291263 -218719 13.9493 55.9622 26.669
1010000 FRAC0_S 0 1 44177 -30546.2 8500 36583.2 224844 -629387 57.3092 -30.8769 38.6362
1010000 FRAC0_S 0 1 44386.1 -30773.7 8500 59612.1 -7719.08 -54772.9 0.72098 8.57066 28.3486
1010000 FRAC0_S 0 1 44655.2 -30925.6 8500 70146.3 595587 -265274 41.4071 -60.9141 19.5456
1010000 FRAC0_S 0 1 44958.1 -30986.8 8500 18663.1 224966 -241706 12.311 -49.8538 30.6607
1010000 FRAC0_S 0 1 45265.1 -30951.4 8500 -90593.1 104524 -517107 36.5377 -19.0384 39.2358
1010000 FRAC0_S 0 1 45546.2 -30823 8500 21764.5 360596 -104916 13.0931 -65.2689 15.2644
1010000 FRAC0_S 0 1 45773.7 -30613.9 8500 23244.7 404226 -17839.7 14.6509 -69.4042 3.07181
1010000 FRAC0_S 0 1 45925.6 -30344.8 8500 -20612.7 336459 -190251 14.9017 -59.61 23.1258
1010000 FRAC0_S 0 1 45986.8 -30041.9 8500 18906 287044 114802 9.12686 -62.9309 -18.8256
1010000 FRAC0_S 0 1 45951.4 -29734.9 8500 22966 266837 225424 13.1503 -53.7307 -27.8097
1010000 FRAC0_S 0 1 45823 -29453.8 8500 19749.7 156044 249430 10.4792 -41.9491 -34.3989
1010000 FRAC0_S 0 1 45613.9 -29226.3 8500 16178.3 28690 290839 11.3468 -11.4533 -42.8067
1010000 FRAC0_S 0 1 45344.8 -29074.4 8500 12816.4 -92046 274262 10.7739 29.8638 -39.1563
1010000 FRAC0_S 0 1 45041.9 -29013.2 8500 2568.66 -151151 179897 6.34072 49.0605 -32.4647
1010000 FRAC0_S 0 1 44743.4 -29046.2 8500 4461.21 -324413 192783 14.3231 59.9923 -24.3187
Step FractureNumber TipNr TipActive TipX TipY TipZ KI KII KIII G Phi Psi Extension
1010101 FRAC0_S 0 1 44432.7 -29142.9 8590.91 155791 -8439.75 -227134 9.03055 2.98654 34.1533
1010101 FRAC0_S 0 1 44198.7 -29363.8 8593.08 117624 8405.95 -252926 9.74741 -3.07102 37.3592
1010101 FRAC0_S 0 1 44039.4 -29643 8592.35 -21412.8 67540.8 -235194 7.76357 -26.1319 39.2218
1010101 FRAC0_S 0 1 43968.8 -29957.7 8588.71 -55071.1 87652.4 -153721 3.82743 -35.2752 31.5733
1010101 FRAC0_S 0 1 43992.6 -30284 8550.96 104438 -35561.9 -99724.7 2.40733 19.2278 26.737
1010101 FRAC0_S 0 1 44112.5 -30593 8498.78 43431.8 -23885.6 -175992 4.33835 13.0692 39.1538
1010101 FRAC0_S 0 1 44333.3 -30835.7 8472.78 125194 130027 -308365 15.5501 -28.5739 32.7983
1010101 FRAC0_S 0 1 44630.7 -30983.8 8440.93 -79678.2 -6200.87 -403270 21.6328 1.76351 41.876
1010101 FRAC0_S 0 1 44958.9 -31053.2 8431.78 385640 304084 -201000 26.8653 -39.6363 15.921
1010101 FRAC0_S 0 1 45282.8 -31021.8 8441.87 312794 252305 39113.1 14.5945 -46.2548 -4.91097
1010101 FRAC0_S 0 1 45570.9 -30868.6 8423.03 183832 69117.9 202056 8.86707 -19.6515 -28.1301
1010101 FRAC0_S 0 1 45805.1 -30638 8408.92 151297 -5780.33 227202 8.90834 2.09004 -34.5811
1010101 FRAC0_S 0 1 45967.5 -30359.5 8411.21 69432.9 -86872 154096 4.26025 33.6989 -30.5895
1010101 FRAC0_S 0 1 46035.6 -30043.3 8413.76 -23864.5 -88888 100881 2.05762 46.1323 -29.4743
1010101 FRAC0_S 0 1 46006.8 -29717.2 8420.71 13446.6 -57627.9 25429.8 0.398052 58.6401 -18.2623
1010101 FRAC0_S 0 1 45883.4 -29410.2 8441.46 277278 410140 -527515 58.851 -39.2842 27.6458
1010101 FRAC0_S 0 1 45667.4 -29157.3 8485.81 64114 -60824.9 130772 2.97044 29.3406 -31.2589
1010101 FRAC0_S 0 1 45375.8 -28998.2 8538.82 210714 -241749 184416 13.6876 43.0559 -19.8189
1010101 FRAC0_S 0 1 45047.5 -28948.1 8571.87 23562.6 77315.5 -62450 1.10085 -50.5866 24.9995
1010101 FRAC0_S 0 1 44723.4 -28999.7 8585.09 321351 -145792 -109713 12.697 30.9118 13.6413