
Step FractureNumber TipNr TipActive TipX TipY TipZ KI KII KIII G Phi Psi Extension
1010000 FRAC0_S 0 1 -44369.9 -29239.4 8500 98499 391116 84138.2 15.4374 -62.907 -10.7287
1010000 FRAC0_S 0 1 -44635.8 -29081.9 8500 71974.7 233936 120390 7.26591 -55.7467 -19.3958
1010000 FRAC0_S 0 1 -44937.4 -29014.3 8500 88724.2 216095 208942 10.669 -46.5019 -26.2637
1010000 FRAC0_S 0 1 -45245.1 -29043.2 8500 86146.9 36043.1 156677 4.04192 -16.9254 -33.4064
1010000 FRAC0_S 0 1 -45528.7 -29165.8 8500 101963 -108431 276435 12.1375 27.7095 -33.6504
1010000 FRAC0_S 0 1 -45760.6 -29369.9 8500 91314.8 -159092 60610.5 3.48701 53.2972 -13.9473
1010000 FRAC0_S 0 1 -45918.1 -29635.8 8500 59690.7 -163099 148588 5.62439 47.9831 -25.9251
1010000 FRAC0_S 0 1 -45985.7 -29937.4 8500 71886 -275568 133922 9.61266 57.2046 -19.1459
1010000 FRAC0_S 0 1 -45956.8 -30245.1 8500 83802.8 -283789 -41672.3 8.03336 63.4203 7.60001
1010000 FRAC0_S 0 1 -45836.2 -30525.6 8500 69521.2 -338747 1407.19 10.6563 67.9017 -0.267532
1010000 FRAC0_S 0 1 -45630.1 -30760.6 8500 51442.4 -237790 -50602.6 5.615 63.6883 10.8828
1010000 FRAC0_S 0 1 -45364.2 -30918.1 8500 84943.2 -295874 -145182 11.2471 56.6015 19.0149
1010000 FRAC0_S 0 1 -45062.6 -30985.7 8500 74054.4 -215123 -188244 9.32546 48.8706 25.6245
1010000 FRAC0_S 0 1 -44754.9 -30956.8 8500 78661.5 -119564 -227307 8.69715 33.8102 32.2492
1010000 FRAC0_S 0 1 -44471.3 -30834.2 8500 83184.2 -11443.4 -249231 8.88973 4.5816 39.1985
1010000 FRAC0_S 0 1 -44255.9 -30649.9 8500 97289 219231 -127984 7.3048 -52.021 19.7225
1010000 FRAC0_S 0 1 -44081.9 -30364.2 8500 92810.4 224302 -220788 11.7342 -46.2075 26.4562
1010000 FRAC0_S 0 1 -44014.3 -30062.6 8500 80946.2 257535 -136353 8.96678 -55.3402 19.6772
1010000 FRAC0_S 0 1 -44043.2 -29754.9 8500 79014 293486 -72967.6 8.93987 -61.8521 11.891
1010000 FRAC0_S 0 1 -44165.8 -29471.3 8500 94713.3 396890 -180.411 14.8361 -67.3937 0.0286098
Step FractureNumber TipNr TipActive TipX TipY TipZ KI KII KIII G Phi Psi Extension
1010101 FRAC0_S 0 1 -44342.1 -29203.6 8411.75 678399 236106 35235.1 46.1433 -30.478 -2.84836
1010101 FRAC0_S 0 1 -44617.1 -29029.8 8418.28 470162 168967 116718 24.0539 -27.7983 -11.2579
1010101 FRAC0_S 0 1 -44936 -28943.7 8435.78 551991 295871 287146 45.9182 -31.7382 -17.6211
1010101 FRAC0_S 0 1 -45267.7 -28961 8478.93 361486 301529 484914 51.0199 -31.9443 -27.0605
1010101 FRAC0_S 0 1 -45569.8 -29095.6 8536.01 223807 13266.6 364309 22.1311 -3.05435 -35.1411
1010101 FRAC0_S 0 1 -45811 -29326 8570.29 279226 -105960 260534 16.9759 21.0884 -26.0991
1010101 FRAC0_S 0 1 -45974.2 -29613.1 8578.21 375496 -148646 195858 19.6351 25.9198 -18.776
1010101 FRAC0_S 0 1 -46039.1 -29932.2 8582.97 481490 -209750 241419 32.3307 27.9448 -17.9792
1010101 FRAC0_S 0 1 -45999.9 -30254.8 8588.9 567287 -149888 150116 33.676 22.1045 -12.5121
1010101 FRAC0_S 0 1 -45868.1 -30550.1 8591.09 774973 -207448 157256 60.6419 23.164 -10.1344
1010101 FRAC0_S 0 1 -45657.2 -30795.6 8588.85 763018 -277096 -524.607 58.7217 32.3153 0.039313
1010101 FRAC0_S 0 1 -45382.4 -30968.7 8582.98 701027 -280995 -116855 52.6443 31.2224 7.92138
1010101 FRAC0_S 0 1 -45064.6 -31051.5 8572.44 542513 -421685 -223068 48.6903 40.8939 13.49
1010101 FRAC0_S 0 1 -44732.4 -31034.6 8548.65 329490 -336268 -357673 36.765 38.4426 23.2292
1010101 FRAC0_S 0 1 -44427.7 -30906.3 8498.2 228454 -70140.8 -366723 22.9758 13.9814 32.9675
1010101 FRAC0_S 0 1 -44186.3 -30677.1 8444.54 300741 100784 -311876 21.9012 -18.3811 27.7923
1010101 FRAC0_S 0 1 -44023.7 -30387.7 8423.64 388895 149700 -288940 26.5776 -23.0351 23.2112
1010101 FRAC0_S 0 1 -43958.5 -30067.9 8418.79 498395 179690 -238796 32.5961 -24.7485 18.0762
1010101 FRAC0_S 0 1 -43998 -29744.9 8412.27 683752 168780 -196827 49.3514 -20.7069 13.4694
1010101 FRAC0_S 0 1 -44130.8 -29449.3 8409.54 676530 121219 -74721.9 42.837 -18.1 6.43818