
Step FractureNumber TipNr TipActive TipX TipY TipZ KI KII KIII G Phi Psi Extension
1010000 FRAC0_S 0 1 -29016 30084.9 8500 3.26892e+06 6.50456e+06 5.47266e+06 8705.75 -46.9878 -23.7464
1010000 FRAC0_S 0 1 -29090.4 30384.8 8500 2.92373e+06 3.31811e+06 5.76503e+06 6163.15 -33.3432 -29.8435
1010000 FRAC0_S 0 1 -29264.1 30658.9 8500 1.7507e+06 270998 3.8384e+06 2239.19 -6.32454 -36.9324
1010000 FRAC0_S 0 1 -29490.2 30846 8500 3.00405e+06 -2.30174e+06 5.77861e+06 5717.45 26.0534 -31.6948
1010000 FRAC0_S 0 1 -29776.6 30962.1 8500 2.42832e+06 -4.1766e+06 4.49548e+06 4767.73 42.7661 -26.1763
1010000 FRAC0_S 0 1 -30084.9 30984 8500 2.33268e+06 -6.05929e+06 3.40323e+06 5296.96 53.4464 -19.7579
1010000 FRAC0_S 0 1 -30384.8 30909.6 8500 2.22984e+06 -6.71164e+06 1.89242e+06 4933.44 59.8656 -12.6178
1010000 FRAC0_S 0 1 -30647.1 30746.2 8500 2.62589e+06 -8.34153e+06 562007 6856.82 64.6483 -3.72373
1010000 FRAC0_S 0 1 -30846 30509.8 8500 2.27723e+06 -7.38602e+06 -1.13758e+06 5495.46 63.0029 7.84918
1010000 FRAC0_S 0 1 -30962.1 30223.4 8500 1.85229e+06 -4.84899e+06 -1.91527e+06 2888.83 56.6171 15.7073
1010000 FRAC0_S 0 1 -30984 29915.1 8500 2.65086e+06 -5.82633e+06 -4.26587e+06 6071.4 49.377 22.4132
1010000 FRAC0_S 0 1 -30909.6 29615.2 8500 2.11355e+06 -2.83752e+06 -4.13104e+06 3385.24 36.9073 28.6512
1010000 FRAC0_S 0 1 -30746.2 29352.9 8500 2.62749e+06 -1.19349e+06 -6.05258e+06 5614.41 15.9001 35.414
1010000 FRAC0_S 0 1 -30509.8 29154 8500 3.13376e+06 2.06023e+06 -6.47192e+06 6824.14 -22.5411 33.1157
1010000 FRAC0_S 0 1 -30223.4 29037.9 8500 3.01778e+06 4.5483e+06 -5.55554e+06 6759.86 -40.1172 27.1088
1010000 FRAC0_S 0 1 -29915.1 29016 8500 3.04279e+06 7.15712e+06 -4.462e+06 8037.59 -51.6602 20.6812
1010000 FRAC0_S 0 1 -29615.2 29090.4 8500 2.8596e+06 9.04311e+06 -2.61634e+06 8926.32 -60.0428 12.984
1010000 FRAC0_S 0 1 -29352.9 29253.8 8500 2.8652e+06 9.24772e+06 -560483 8394.03 -64.8855 3.38502
1010000 FRAC0_S 0 1 -29154 29490.2 8500 3.20421e+06 9.66807e+06 1.51595e+06 9549.79 -62.4665 -7.85177
1010000 FRAC0_S 0 1 -29037.9 29776.6 8500 2.08735e+06 7.665e+06 3.3691e+06 7133.33 -57.8953 -17.8519
Step FractureNumber TipNr TipActive TipX TipY TipZ KI KII KIII G Phi Psi Extension
1010101 FRAC0_S 0 1 -28949.9 30092.9 8428.52 7.70691e+06 1.54915e+06 4.48925e+06 8187.08 -14.8894 -21.9549
1010101 FRAC0_S 0 1 -29016.1 30418.8 8451.48 6.43222e+06 515649 5.88066e+06 8309.91 -5.51427 -28.8211
1010101 FRAC0_S 0 1 -29185.4 30707 8491.73 3.98557e+06 23684.2 4.98806e+06 4724.68 -0.368045 -33.1001
1010101 FRAC0_S 0 1 -29444.1 30918.6 8536.18 5.04528e+06 -1.08626e+06 5.42211e+06 6283.53 12.5438 -29.3373
1010101 FRAC0_S 0 1 -29758 31031.9 8565.02 6.25272e+06 -1.94701e+06 4.18572e+06 6151.89 20.2783 -22.5914
1010101 FRAC0_S 0 1 -30088.2 31043.2 8578.77 7.85158e+06 -1.88095e+06 2.97492e+06 6985.72 19.189 -16.4518
1010101 FRAC0_S 0 1 -30402.9 30955.7 8585.92 7.6366e+06 -1.30934e+06 1.47512e+06 5638.86 16.4851 -10.3798
1010101 FRAC0_S 0 1 -30675.7 30779.8 8589.09 8.26819e+06 -1.31218e+06 193144 6250.22 17.5344 -1.52855
1010101 FRAC0_S 0 1 -30885.9 30532.7 8588.02 7.23653e+06 -1.02568e+06 -1.08051e+06 4915.47 14.526 8.5795
1010101 FRAC0_S 0 1 -31014.8 30234 8583 7.00368e+06 -1.00164e+06 -2.4398e+06 5252.09 12.7816 16.4189
1010101 FRAC0_S 0 1 -31048.3 29907.6 8573.84 7.05741e+06 -1.649e+06 -3.84895e+06 6650.92 17.1799 20.8103
1010101 FRAC0_S 0 1 -30980.9 29582.5 8555.85 4.84082e+06 -1.24781e+06 -4.28664e+06 4670.82 15.825 26.5933
1010101 FRAC0_S 0 1 -30812.9 29293.9 8519.12 4.60697e+06 -425345 -5.71048e+06 6244.49 5.43335 32.1375
1010101 FRAC0_S 0 1 -30556.1 29080.1 8471.57 4.37222e+06 686959 -5.02087e+06 5098.32 -9.21594 30.6644
1010101 FRAC0_S 0 1 -30242.6 28965.4 8438.59 6.57127e+06 1.86391e+06 -5.15865e+06 7696.85 -17.88 24.8475
1010101 FRAC0_S 0 1 -29911.9 28954.9 8423.01 9.18862e+06 1.84201e+06 -4.08869e+06 10049.4 -16.0174 18.6801
1010101 FRAC0_S 0 1 -29597.2 29043.9 8414.43 1.08999e+07 1.59733e+06 -2.33196e+06 11537.6 -14.2679 11.4498
1010101 FRAC0_S 0 1 -29324.3 29220.3 8410.9 9.88662e+06 548701 -320618 8750.57 -6.95977 2.29574
1010101 FRAC0_S 0 1 -29114.3 29467.3 8411.85 1.38489e+07 658418 1.84864e+06 17583.8 -5.52234 -8.3944
1010101 FRAC0_S 0 1 -28985.2 29766.1 8417.2 1.03419e+07 1.46745e+06 3.3634e+06 11227.2 -12.8855 -15.669