
Step FractureNumber TipNr TipActive TipX TipY TipZ KI KII KIII G Phi Psi Extension
1010000 FRAC0_S 0 1 14548.8 -36695.6 8146.76 6.95296e+06 5.51145e+06 5.50372e+06 11043.4 -36.3568 -20.7956
1010000 FRAC0_S 0 1 14364.3 -36752.4 8388.08 5.43949e+06 2.07672e+06 5.95453e+06 7736.61 -19.9194 -28.0307
1010000 FRAC0_S 0 1 14242 -36882.4 8640.35 4.29969e+06 -1.64371e+06 5.61658e+06 6083.78 18.4913 -30.1073
1010000 FRAC0_S 0 1 14194 -37072.9 8878.88 3.40426e+06 -4.6321e+06 4.46507e+06 5596.28 42.2633 -23.6492
1010000 FRAC0_S 0 1 14224.8 -37305.2 9080.33 2.6533e+06 -6.20043e+06 2.97548e+06 5230.71 54.1505 -17.5319
1010000 FRAC0_S 0 1 14331.6 -37556.6 9224.96 1.90981e+06 -5.89475e+06 1.12089e+06 3588.52 61.9291 -9.27504
1010000 FRAC0_S 0 1 14503.8 -37802.4 9298.64 2.1418e+06 -6.83243e+06 289219 4579.74 65.1791 -2.40311
1010000 FRAC0_S 0 1 14724.5 -38018.6 9294.14 1.99434e+06 -5.53747e+06 -1.0724e+06 3239.81 61.1074 9.20901
1010000 FRAC0_S 0 1 14972.2 -38184 9211.9 2.21467e+06 -5.03704e+06 -1.945e+06 3201.09 55.6798 15.0201
1010000 FRAC0_S 0 1 15222.6 -38282.6 9059.98 2.53452e+06 -2.84676e+06 -2.77019e+06 2315.21 40.3552 22.6963
1010000 FRAC0_S 0 1 15451.2 -38304.4 8853.24 3.16225e+06 -3.81743e+06 -4.67744e+06 5099.5 38.3398 25.9845
1010000 FRAC0_S 0 1 15635.7 -38247.6 8611.92 3.13999e+06 -2.70149e+06 -4.5558e+06 4289.37 31.6501 27.8416
1010000 FRAC0_S 0 1 15758 -38117.6 8359.65 3.96416e+06 -380254 -5.65303e+06 5663.46 5.22365 33.5538
1010000 FRAC0_S 0 1 15806 -37927.1 8121.12 4.39874e+06 1.69064e+06 -5.89117e+06 6594.77 -18.3622 30.3755
1010000 FRAC0_S 0 1 15775.2 -37694.8 7919.67 4.82114e+06 4.18545e+06 -5.68848e+06 7935.96 -34.1962 25.2489
1010000 FRAC0_S 0 1 15668.4 -37443.4 7775.04 4.40403e+06 5.16503e+06 -4.21867e+06 6472.6 -42.6222 20.7765
1010000 FRAC0_S 0 1 15496.2 -37197.6 7701.36 6.15594e+06 9.58256e+06 -3.86779e+06 13549.1 -51.7036 14.103
1010000 FRAC0_S 0 1 15275.5 -36981.4 7705.86 6.91954e+06 1.12223e+07 -1.71167e+06 15878.7 -56.7697 6.47949
1010000 FRAC0_S 0 1 15027.8 -36816 7788.1 5.3957e+06 8.2877e+06 456899 8742.68 -58.0084 -2.48587
1010000 FRAC0_S 0 1 14777.4 -36717.4 7940.02 6.8677e+06 9.02947e+06 3.44679e+06 13048.2 -50.0977 -12.8506
Step FractureNumber TipNr TipActive TipX TipY TipZ KI KII KIII G Phi Psi Extension
1010101 FRAC0_S 0 1 14478.5 -36665.4 8087.51 1.2061e+07 3.27145e+06 4.29098e+06 16365.1 -21.3942 -15.4781
1010101 FRAC0_S 0 1 14292.9 -36699.4 8365.11 5.91332e+06 1.19286e+06 5.42902e+06 7162.82 -12.6886 -27.5919
1010101 FRAC0_S 0 1 14189.4 -36813 8665.48 5.26915e+06 -78593.4 5.25686e+06 6149.99 1.03373 -30.5566
1010101 FRAC0_S 0 1 14169.9 -37003.5 8940.75 6.39138e+06 -795381 4.746e+06 6692.26 9.02073 -25.8026
1010101 FRAC0_S 0 1 14224.7 -37246.3 9159.11 5.71879e+06 -852436 2.5362e+06 3834.55 12.4905 -19.162
1010101 FRAC0_S 0 1 14349.2 -37508 9309.6 6.57771e+06 -582254 1.80508e+06 4319.02 8.79734 -14.3672
1010101 FRAC0_S 0 1 14533.5 -37764.3 9385.53 6.5598e+06 -541716 867532 3960.73 9.19338 -8.10021
1010101 FRAC0_S 0 1 14762.3 -37993.9 9382.5 7.78893e+06 -1.31282e+06 410139 5582.03 17.9892 -3.3019
1010101 FRAC0_S 0 1 15018.1 -38179.2 9298.55 7.71741e+06 -1.83385e+06 -963384 5730.36 22.288 6.86957
1010101 FRAC0_S 0 1 15279.4 -38298.9 9138.31 7.83554e+06 -3.01921e+06 -2.73822e+06 7280.47 27.6427 14.3735
1010101 FRAC0_S 0 1 15522 -38332.7 8915.3 7.66306e+06 -2.4466e+06 -4.36435e+06 8299.48 21.6647 20.519
1010101 FRAC0_S 0 1 15716.6 -38285.9 8645.63 5.90458e+06 -1.47462e+06 -4.93377e+06 6538.01 15.7626 25.9559
1010101 FRAC0_S 0 1 15834.9 -38169.4 8351.54 5.55796e+06 -948869 -5.6527e+06 7082.67 10.4986 29.1288
1010101 FRAC0_S 0 1 15864.1 -37983.1 8071.33 6.28479e+06 79648.3 -6.44443e+06 9043.87 -0.867843 30.8902
1010101 FRAC0_S 0 1 15808.8 -37742.7 7842.22 6.8704e+06 -70756 -6.30729e+06 9497.64 0.745701 29.6546
1010101 FRAC0_S 0 1 15678.3 -37479.7 7684.36 9.03599e+06 222091 -5.2026e+06 10880.1 -2.13364 23.791
1010101 FRAC0_S 0 1 15483.6 -37224.3 7607.28 1.21541e+07 -478547 -4.97007e+06 16469.3 3.75429 19.3922
1010101 FRAC0_S 0 1 15243.6 -37000.8 7614.04 1.25891e+07 -432507 -3.35524e+06 15636.6 3.64853 14.5952
1010101 FRAC0_S 0 1 14981.1 -36825.3 7701.27 1.2534e+07 174651 -1.305e+06 14228.6 -1.73394 6.97742
1010101 FRAC0_S 0 1 14718.4 -36709.4 7862.15 1.31338e+07 2.25058e+06 837038 15915.6 -18.0764 -3.937