
Step FractureNumber TipNr TipActive TipX TipY TipZ KI KII KIII G Phi Psi Extension
1010000 FRAC0_S 0 1 -36694.1 37122.7 8071.41 2.26515e+06 -494080 -1.57573e+06 809.199 15.0472 23.9923
1010000 FRAC0_S 0 1 -36742.7 37361.4 7881.3 2.32509e+06 200277 -1.53172e+06 797.348 -6.74047 24.7446
1010000 FRAC0_S 0 1 -36865.4 37613.7 7751.73 2.45878e+06 1.24442e+06 -1.641e+06 1034.87 -28.8041 20.8394
1010000 FRAC0_S 0 1 -37050.2 37854.8 7695.42 2.2671e+06 1.36387e+06 -1.12073e+06 790.81 -34.4169 16.5612
1010000 FRAC0_S 0 1 -37279.1 38061.3 7717.86 2.30924e+06 2.15332e+06 -827078 979.35 -45.3915 11.3892
1010000 FRAC0_S 0 1 -37529.6 38212.8 7816.87 2.47108e+06 2.60924e+06 -349468 1167.04 -51.1114 4.88348
1010000 FRAC0_S 0 1 -37777.1 38294.5 7982.75 1.96539e+06 2.39754e+06 289947 867.612 -53.5534 -4.73248
1010000 FRAC0_S 0 1 -37997.7 38298.4 8199.25 1.95631e+06 1.90003e+06 578416 707.231 -47.1324 -9.612
1010000 FRAC0_S 0 1 -38169.4 38224.2 8445.2 2.30537e+06 1.85755e+06 1.14363e+06 955.02 -40.4295 -15.2772
1010000 FRAC0_S 0 1 -38275.6 38079.1 8696.51 1.72479e+06 914096 1.0995e+06 500.336 -30.0471 -20.0861
1010000 FRAC0_S 0 1 -38305.9 37877.3 8928.59 2.22416e+06 453842 1.60855e+06 803.301 -14.0379 -24.6229
1010000 FRAC0_S 0 1 -38257.3 37638.6 9118.7 2.59141e+06 -338082 1.93352e+06 1105.82 9.39463 -25.7958
1010000 FRAC0_S 0 1 -38134.6 37386.3 9248.27 2.04905e+06 -908862 1.35249e+06 691.033 26.4073 -21.2253
1010000 FRAC0_S 0 1 -37949.8 37145.2 9304.58 1.87995e+06 -1.67841e+06 1.15168e+06 742.366 40.9998 -17.0993
1010000 FRAC0_S 0 1 -37720.9 36938.7 9282.14 2.2693e+06 -2.25979e+06 833260 1006.29 46.567 -11.3237
1010000 FRAC0_S 0 1 -37470.4 36787.2 9183.13 2.4987e+06 -2.69007e+06 321143 1214.92 51.6659 -4.4341
1010000 FRAC0_S 0 1 -37222.9 36705.5 9017.25 2.25758e+06 -2.52328e+06 -247123 1029.65 52.6291 3.75395
1010000 FRAC0_S 0 1 -37002.3 36701.6 8800.75 2.24112e+06 -2.26761e+06 -730303 976.709 47.4823 10.2317
1010000 FRAC0_S 0 1 -36830.6 36775.8 8554.8 2.29762e+06 -1.99575e+06 -1.23145e+06 1027.03 41.4385 15.7462
1010000 FRAC0_S 0 1 -36724.4 36920.9 8303.49 2.09471e+06 -1.07207e+06 -1.365e+06 741.223 29.202 20.5001
Step FractureNumber TipNr TipActive TipX TipY TipZ KI KII KIII G Phi Psi Extension
1010101 FRAC0_S 0 1 -36605.7 37100.8 8043.42 2.76804e+06 -83182.3 -1.47773e+06 973.812 2.6643 22.7807
1010101 FRAC0_S 0 1 -36677.5 37341.1 7816.52 3.08275e+06 -21329 -1.8912e+06 1322.57 0.5965 24.8005
1010101 FRAC0_S 0 1 -36832.6 37598.9 7662.42 2.86419e+06 -21920.8 -1.53467e+06 1044.3 0.692483 23.1007
1010101 FRAC0_S 0 1 -37047 37848.6 7597.77 3.55256e+06 117398 -1.45316e+06 1406.71 -3.17139 19.4694
1010101 FRAC0_S 0 1 -37302.3 38060 7622.46 3.69062e+06 -35729.8 -944329 1332.45 1.06688 14.4213
1010101 FRAC0_S 0 1 -37575.2 38213 7729.12 4.22458e+06 -131367 -434500 1617 3.78655 6.80323
1010101 FRAC0_S 0 1 -37839.6 38298.4 7906.11 4.17608e+06 -196810 57908.8 1557.95 6.08048 -1.01379
1010101 FRAC0_S 0 1 -38073.9 38309.7 8137.75 3.71528e+06 -49737 565728 1272.8 1.59862 -9.62608
1010101 FRAC0_S 0 1 -38257.3 38242 8405.69 3.77651e+06 133963 1.21731e+06 1469.57 -3.60973 -16.6571
1010101 FRAC0_S 0 1 -38369.6 38100.4 8687.27 3.49327e+06 190204 1.73466e+06 1490.83 -4.82844 -21.5898
1010101 FRAC0_S 0 1 -38393.2 37900.2 8957.51 3.0139e+06 49121.6 1.7737e+06 1228.08 -1.41461 -24.1659
1010101 FRAC0_S 0 1 -38321.7 37659.9 9184.73 2.92117e+06 73951.6 1.81863e+06 1200.77 -2.13424 -24.7582
1010101 FRAC0_S 0 1 -38166.2 37402.5 9337.68 2.94603e+06 12003.5 1.54634e+06 1091.43 -0.372582 -22.888
1010101 FRAC0_S 0 1 -37949.3 37155.1 9401.73 3.35558e+06 135613 1.36491e+06 1252.78 -3.85508 -19.3166
1010101 FRAC0_S 0 1 -37694.9 36943 9377.2 3.96933e+06 -235515 922828 1522.19 6.28256 -12.9688
1010101 FRAC0_S 0 1 -37424.5 36787.5 9270.73 4.18984e+06 -388372 383850 1597.34 10.5288 -5.83637
1010101 FRAC0_S 0 1 -37160.4 36701.2 9093.92 3.70715e+06 -81321.1 -167363 1228.95 2.84843 3.24094
1010101 FRAC0_S 0 1 -36945.5 36688 8885.52 3.88911e+06 -19744.2 -756469 1423.94 0.591244 11.7799
1010101 FRAC0_S 0 1 -36742.8 36758.7 8594.47 3.77472e+06 86840.2 -1.26846e+06 1484.35 -2.34984 17.2689
1010101 FRAC0_S 0 1 -36630.3 36899.7 8312.75 2.7925e+06 -53384 -1.58465e+06 1029.12 1.67671 23.6764