
Step FractureNumber TipNr TipActive TipX TipY TipZ KI KII KIII G Phi Psi Extension
1010000 FRAC0_S 0 1 -30000 29254 7852.75 8.24006e+06 718211 6.72283e+06 12107.5 -6.2653 -27.3748
1010000 FRAC0_S 0 1 -30000 29487.6 7655.6 7.25902e+06 -2.7569e+06 5.69963e+06 9693.39 22.4054 -23.948
1010000 FRAC0_S 0 1 -30000 29773.6 7538.6 7.00827e+06 -5.26656e+06 4.65327e+06 9728.15 36.7805 -18.9474
1010000 FRAC0_S 0 1 -30000 30081.8 7515.7 6.72752e+06 -6.88338e+06 3.10173e+06 9534.75 45.787 -13.3395
1010000 FRAC0_S 0 1 -30000 30382 7589.16 7.07253e+06 -8.34165e+06 1.65479e+06 11022.1 51.7003 -7.25171
1010000 FRAC0_S 0 1 -30000 30644.7 7751.78 5.72258e+06 -6.66403e+06 53195.7 6875.85 54.9099 -0.332944
1010000 FRAC0_S 0 1 -30000 30844.5 7987.64 8.68452e+06 -9.34069e+06 -1.51676e+06 14801.4 50.9247 5.85521
1010000 FRAC0_S 0 1 -30000 30961.5 8273.65 8.85336e+06 -7.93139e+06 -2.59918e+06 13488.8 45.5647 9.86564
1010000 FRAC0_S 0 1 -30000 30984.3 8581.81 1.03223e+07 -7.56951e+06 -4.50065e+06 17294.4 39.3265 14.3441
1010000 FRAC0_S 0 1 -30000 30910.8 8881.97 9.6514e+06 -5.22943e+06 -5.13131e+06 14239.4 31.8039 17.8304
1010000 FRAC0_S 0 1 -30000 30748.2 9144.74 1.0463e+07 -1.73912e+06 -6.52078e+06 15680 12.4003 23.1629
1010000 FRAC0_S 0 1 -30000 30512.4 9344.4 1.36011e+07 -1.14019e+06 -8.20885e+06 25562.6 6.78256 23.6773
1010000 FRAC0_S 0 1 -30000 30226.4 9461.4 1.27508e+07 1.99761e+06 -7.63993e+06 22606.4 -11.9343 22.7744
1010000 FRAC0_S 0 1 -30000 29918.2 9484.3 1.47209e+07 5.69023e+06 -7.58618e+06 29850 -25.5624 18.7121
1010000 FRAC0_S 0 1 -30000 29618 9410.84 1.54595e+07 7.28281e+06 -7.77828e+06 34069.9 -29.421 17.7352
1010000 FRAC0_S 0 1 -30000 29355.3 9248.22 1.3967e+07 1.15776e+07 -3.4061e+06 30870.9 -44.7922 8.72002
1010000 FRAC0_S 0 1 -30000 29155.5 9012.36 1.31507e+07 1.22146e+07 -490422 28737.6 -50.5157 1.4676
1010000 FRAC0_S 0 1 -30000 29038.5 8726.35 1.2693e+07 1.14961e+07 2.63036e+06 27053.7 -47.1489 -7.33253
1010000 FRAC0_S 0 1 -30000 29015.7 8418.19 1.06563e+07 8.67478e+06 4.24593e+06 19222.5 -42.0344 -12.9766
1010000 FRAC0_S 0 1 -30000 29089.2 8118.03 9.33412e+06 4.34751e+06 6.04708e+06 14311.5 -27.4518 -20.8076
Step FractureNumber TipNr TipActive TipX TipY TipZ KI KII KIII G Phi Psi Extension
1010101 FRAC0_S 0 1 -30007.5 29181.7 7794.48 7.36481e+06 26170.4 5.09627e+06 8287.69 -0.2931 -26.3367
1010101 FRAC0_S 0 1 -29968.7 29440.2 7580.37 7.5036e+06 -328047 4.72936e+06 8001.63 3.60853 -24.6898
1010101 FRAC0_S 0 1 -29942.6 29753.9 7462.49 7.77002e+06 -2.58351e+06 2.73627e+06 6970.42 24.9047 -14.863
1010101 FRAC0_S 0 1 -29929.6 30086.1 7447.18 1.02111e+07 -371589 3.52256e+06 10953.9 3.63957 -17.4211
1010101 FRAC0_S 0 1 -29922.3 30404.8 7532.32 1.33146e+07 -333963 3.13017e+06 17110.4 2.75882 -13.4028
1010101 FRAC0_S 0 1 -29920.1 30683 7707.54 9.98689e+06 -215816 590705 8938.22 2.77133 -4.16996
1010101 FRAC0_S 0 1 -29922.9 30897.8 7956.39 1.26969e+07 -686110 -777978 14487.9 6.6188 4.18559
1010101 FRAC0_S 0 1 -29929 31028.3 8259.05 1.63709e+07 -1.03887e+06 -2.11923e+06 24575.5 7.24938 8.07573
1010101 FRAC0_S 0 1 -29937.3 31059.5 8589.23 1.60598e+07 -907339 -5.12221e+06 26545.7 5.63252 16.3127
1010101 FRAC0_S 0 1 -29952.5 30987.8 8915.95 1.62273e+07 -1.21518e+06 -6.57707e+06 29349.7 6.90362 18.8838
1010101 FRAC0_S 0 1 -29974.8 30799.7 9227.81 1.71067e+07 -1.61746e+06 -8.69515e+06 36365.9 8.01497 21.4166
1010101 FRAC0_S 0 1 -29993.9 30562.2 9426.6 1.60209e+07 -782643 -8.77169e+06 33159.6 4.21868 22.8703
1010101 FRAC0_S 0 1 -30018.2 30248.6 9552.72 1.6746e+07 -572706 -8.72191e+06 35135.9 3.04513 22.4229
1010101 FRAC0_S 0 1 -30039 29911.7 9573.13 1.76953e+07 -347816 -8.42827e+06 37361 1.82742 21.4892
1010101 FRAC0_S 0 1 -30052.9 29587.8 9486.91 2.02319e+07 177925 -6.70399e+06 42455.8 -0.915687 17.2683
1010101 FRAC0_S 0 1 -30066.8 29310.1 9303.43 2.12678e+07 -719337 -3.88198e+06 42356.5 3.83883 10.9617
1010101 FRAC0_S 0 1 -30074.5 29100.3 9046.19 2.17693e+07 -1.3496e+06 -1.27637e+06 42608.3 7.53089 3.99066
1010101 FRAC0_S 0 1 -30072.7 28973.4 8740.86 1.9563e+07 831229 2.12038e+06 34763 -5.07332 -7.05319
1010101 FRAC0_S 0 1 -30063.3 28941.6 8410.43 1.18894e+07 647548 5.35748e+06 16451.1 -4.97455 -20.3948
1010101 FRAC0_S 0 1 -30042.5 29010.9 8083.11 1.20636e+07 245840 6.48545e+06 18567.8 -1.81924 -22.9857