
Step FractureNumber TipNr TipActive TipX TipY TipZ KI KII KIII G Phi Psi Extension
1010000 FRAC0_S 0 1 -45000 -14017.8 8603.45 2.51311e+06 548244 -910097 699.738 -17.9925 16.1415
1010000 FRAC0_S 0 1 -45000 -14097.8 8901.92 2.33563e+06 867418 -720776 622.253 -27.5282 13.2145
1010000 FRAC0_S 0 1 -45000 -14266.1 9161.05 2.12697e+06 866972 -345776 486.016 -31.6259 7.72194
1010000 FRAC0_S 0 1 -45000 -14506.3 9355.47 2.6951e+06 1.28046e+06 -150641 796.375 -36.7043 2.80367
1010000 FRAC0_S 0 1 -45000 -14794.9 9466.15 2.18541e+06 953680 154611 509.815 -34.6679 -3.58872
1010000 FRAC0_S 0 1 -45000 -15103.5 9482.25 2.391e+06 769160 52652.2 562.518 -29.5046 -1.26942
1010000 FRAC0_S 0 1 -45000 -15401.9 9402.21 2.52979e+06 816368 588945 675.809 -26.0314 -10.9347
1010000 FRAC0_S 0 1 -45000 -15649.2 9244.54 1.8693e+06 635707 24490.4 347.465 -30.7633 -0.752098
1010000 FRAC0_S 0 1 -45000 -15855.5 8993.66 2.24581e+06 283673 845675 551.73 -11.2721 -17.4718
1010000 FRAC0_S 0 1 -45000 -15966.1 8705.15 2.00247e+06 -30709.5 912737 468.205 1.45181 -20.999
1010000 FRAC0_S 0 1 -45000 -15982.2 8396.55 2.00857e+06 -360977 1.02643e+06 511.234 14.0905 -20.5607
1010000 FRAC0_S 0 1 -45000 -15902.2 8098.08 1.87244e+06 -879497 935091 497.644 29.4123 -17.6595
1010000 FRAC0_S 0 1 -45000 -15733.9 7838.95 1.16843e+06 -1.79879e+06 708943 476.829 51.7438 -13.8149
1010000 FRAC0_S 0 1 -45000 -15493.7 7644.53 1.56425e+06 -1.47749e+06 481046 443.342 46.404 -10.0358
1010000 FRAC0_S 0 1 -45000 -15205.1 7533.85 1.07789e+06 -1.9907e+06 -261368 465.75 58.6772 5.91891
1010000 FRAC0_S 0 1 -45000 -14896.5 7517.75 1.53533e+06 -1.8087e+06 -187033 506.219 53.3453 4.03893
1010000 FRAC0_S 0 1 -45000 -14598.1 7597.79 1.57715e+06 -1.51468e+06 -534672 464.116 46.2624 10.7826
1010000 FRAC0_S 0 1 -45000 -14339 7766.15 1.72198e+06 -1.1742e+06 -868241 487.351 36.8582 16.2347
1010000 FRAC0_S 0 1 -45000 -14144.5 8006.34 1.58556e+06 -538453 -920063 362.446 22.5737 20.5606
1010000 FRAC0_S 0 1 -45000 -14033.9 8294.85 1.82629e+06 -156078 -1.21205e+06 494.771 6.67321 24.8445
Step FractureNumber TipNr TipActive TipX TipY TipZ KI KII KIII G Phi Psi Extension
1010101 FRAC0_S 0 1 -45024.1 -13925.9 8612.3 1.95845e+06 62239.1 -683299 404.227 -3.18537 17.6033
1010101 FRAC0_S 0 1 -45043.9 -14017.8 8936.71 3.05966e+06 -52298.2 -629466 887.147 1.94326 12.1888
1010101 FRAC0_S 0 1 -45052.7 -14204.3 9215.93 2.24061e+06 -249581 -124869 454.987 12.724 3.64925
1010101 FRAC0_S 0 1 -45057.2 -14466.2 9424.55 3.12418e+06 -437172 36250.5 886.965 15.9788 -0.782599
1010101 FRAC0_S 0 1 -45055.7 -14778.6 9545.37 3.1596e+06 -801851 439453 972.573 23.1844 -7.45965
1010101 FRAC0_S 0 1 -45049.9 -15112.9 9566.17 2.57197e+06 -323765 298202 610.631 13.4723 -6.99482
1010101 FRAC0_S 0 1 -45047.1 -15436.9 9480.85 2.70123e+06 -492231 560669 713.601 17.153 -10.913
1010101 FRAC0_S 0 1 -45041.4 -15720.2 9298.55 2.34156e+06 -295990 932097 611.939 11.1273 -18.1171
1010101 FRAC0_S 0 1 -45021.9 -15936.8 9039.32 2.02776e+06 245172 665670 430.695 -11.1932 -15.9757
1010101 FRAC0_S 0 1 -44997.5 -16060.4 8725.24 2.29421e+06 -59625 869592 569.913 2.56568 -18.6406
1010101 FRAC0_S 0 1 -44974.9 -16074.8 8387.8 2.45083e+06 -81213.2 966884 660.169 3.21181 -19.0344
1010101 FRAC0_S 0 1 -44949.7 -15977.6 8067.45 2.18726e+06 65611.5 652708 483.357 -3.12568 -15.8566
1010101 FRAC0_S 0 1 -44930.1 -15780.4 7789.19 2.35891e+06 97542 484235 527.882 -4.56676 -11.9493
1010101 FRAC0_S 0 1 -44922.8 -15525.1 7591.59 2.45634e+06 116119 284708 549.638 -5.57417 -7.44477
1010101 FRAC0_S 0 1 -44919.1 -15217.6 7478.65 2.48613e+06 -128868 -252705 560.749 6.14994 6.61718
1010101 FRAC0_S 0 1 -44920.5 -14889.1 7459.56 2.41939e+06 553974 -222130 555.509 -22.1668 5.26261
1010101 FRAC0_S 0 1 -44928.8 -14569.1 7536.51 2.28722e+06 147398 -674711 528.652 -6.47941 15.3718
1010101 FRAC0_S 0 1 -44942.3 -14285.2 7709.1 2.3522e+06 9966.81 -727710 563.473 -0.45086 16.5397
1010101 FRAC0_S 0 1 -44962.9 -14066.9 7963.24 1.76773e+06 48559.3 -707892 345.314 -2.66737 19.2793
1010101 FRAC0_S 0 1 -44992.3 -13941.6 8275.49 2.46431e+06 129497 -1.02741e+06 683.034 -4.91699 19.4737