
Step FractureNumber TipNr TipActive TipX TipY TipZ KI KII KIII G Phi Psi Extension
1010000 FRAC0_S 0 1 -14068.5 44671.4 8500 -739355 -2.08789e+06 -1.94799e+06 893.145 47.8305 26.3274
1010000 FRAC0_S 0 1 -14012.6 44975.3 8500 -694502 -1.44191e+06 -3.05759e+06 1428.67 33.4707 34.481
1010000 FRAC0_S 0 1 -14053.3 45281.6 8500 -552769 -83395.8 -2.59804e+06 898.343 3.56344 41.3628
1010000 FRAC0_S 0 1 -14186.7 45560.4 8500 -558698 1.33448e+06 -3.09237e+06 1430.54 -32.4585 35.6847
1010000 FRAC0_S 0 1 -14399.6 45784.3 8500 -402664 1.97132e+06 -2.0445e+06 902.227 -48.5278 29.0263
1010000 FRAC0_S 0 1 -14671.4 45931.4 8500 -568744 3.46393e+06 -1.71382e+06 1459.86 -58.9557 20.3273
1010000 FRAC0_S 0 1 -14975.3 45987.4 8500 -438011 3.80561e+06 -865019 1390.07 -65.446 12.2612
1010000 FRAC0_S 0 1 -15281.6 45946.7 8500 -440533 4.03004e+06 -32676.4 1447.4 -69.227 0.564244
1010000 FRAC0_S 0 1 -15560.4 45813.3 8500 -293406 3.22968e+06 534323 967.465 -67.0868 -9.69957
1010000 FRAC0_S 0 1 -15784.3 45600.3 8500 -345592 2.56844e+06 1.20897e+06 782.243 -60.0485 -20.0342
1010000 FRAC0_S 0 1 -15931.5 45328.6 8500 -489653 2.5438e+06 2.22453e+06 1234.78 -51.3475 -27.0932
1010000 FRAC0_S 0 1 -15987.4 45024.7 8500 -548413 1.49954e+06 2.70225e+06 1171.56 -37.2193 -33.6927
1010000 FRAC0_S 0 1 -15946.7 44718.4 8500 -615940 144359 2.98314e+06 1185.44 -5.29475 -41.2015
1010000 FRAC0_S 0 1 -15813.3 44439.6 8500 -782437 -1.4511e+06 3.25391e+06 1595.83 32.1266 -34.6485
1010000 FRAC0_S 0 1 -15564.4 44241.5 8500 -636977 -2.23357e+06 2.26863e+06 1129.06 47.6239 -28.0015
1010000 FRAC0_S 0 1 -15328.6 44068.6 8500 -761282 -3.69667e+06 1.94195e+06 1719.29 57.5113 -20.6295
1010000 FRAC0_S 0 1 -15024.7 44012.6 8500 -716536 -4.42098e+06 1.05579e+06 1889.91 64.2675 -12.3379
1010000 FRAC0_S 0 1 -14718.4 44053.3 8500 -802980 -4.59155e+06 36829.3 1878.82 68.3264 -0.52739
1010000 FRAC0_S 0 1 -14439.6 44186.7 8500 -761526 -4.18153e+06 -742282 1631.39 65.1025 9.62121
1010000 FRAC0_S 0 1 -14215.7 44399.7 8500 -782629 -3.95485e+06 -1.93107e+06 1889.72 58.408 19.8199
Step FractureNumber TipNr TipActive TipX TipY TipZ KI KII KIII G Phi Psi Extension
1010101 FRAC0_S 0 1 -14005.7 44651.7 8572.14 1.93274e+06 -1.67881e+06 -2.10517e+06 1173.44 35.0766 24.2483
1010101 FRAC0_S 0 1 -13931.2 44975.8 8547.66 697936 -1.06838e+06 -2.1262e+06 746.377 33.1524 32.7598
1010101 FRAC0_S 0 1 -13967.3 45307.3 8503.48 140113 -242702 -1.49285e+06 303.403 16.9433 41.1762
1010101 FRAC0_S 0 1 -14118 45604.6 8455.99 680292 853244 -1.93569e+06 604.45 -30.1982 33.2473
1010101 FRAC0_S 0 1 -14357.9 45834.7 8427.7 2.09449e+06 1.62609e+06 -1.94693e+06 1130.68 -34.4057 22.9006
1010101 FRAC0_S 0 1 -14652.5 45979.3 8415.69 1.66025e+06 900232 -798341 402.608 -32.4944 16.6751
1010101 FRAC0_S 0 1 -14973 46028.8 8409.72 1.5252e+06 549906 -358952 251.373 -28.0562 10.7851
1010101 FRAC0_S 0 1 -15292 45982.1 8407.48 1.3369e+06 223394 -168390 167.485 -16.9229 7.2848
1010101 FRAC0_S 0 1 -15583.9 45845.5 8408.91 1.63428e+06 437520 43565.8 255.311 -25.9617 -1.59241
1010101 FRAC0_S 0 1 -15824.4 45628.8 8414.13 1.19024e+06 554181 263005 162.806 -33.3144 -9.65281
1010101 FRAC0_S 0 1 -15990.7 45347.1 8424.17 1.37565e+06 1.12873e+06 1.18478e+06 468.853 -36.2814 -21.6463
1010101 FRAC0_S 0 1 -16065.7 45023.8 8447.92 881322 1.06289e+06 1.88709e+06 643.514 -33.4516 -30.4128
1010101 FRAC0_S 0 1 -16031.7 44692.6 8493.56 178742 408079 1.59119e+06 354.425 -23.7735 -39.3713
1010101 FRAC0_S 0 1 -15882.3 44395.1 8542.76 428406 -658329 1.63804e+06 411.835 29.739 -34.9647
1010101 FRAC0_S 0 1 -15642.7 44164.3 8571.32 1.14271e+06 -1.20151e+06 1.55598e+06 567.004 36.4857 -25.8658
1010101 FRAC0_S 0 1 -15348 44019 8583.16 1.90756e+06 -1.3575e+06 1.09604e+06 648.237 36.7961 -17.5187
1010101 FRAC0_S 0 1 -15027.1 43969.4 8589.37 1.64439e+06 -865193 334470 322.538 36.1115 -8.71664
1010101 FRAC0_S 0 1 -14707.4 44016.1 8591.66 2.3403e+06 -743927 146131 540.213 28.5285 -3.46094
1010101 FRAC0_S 0 1 -14414.6 44152.5 8589.88 2.70218e+06 -997522 -280621 749.804 30.6894 5.33514
1010101 FRAC0_S 0 1 -14173.1 44369.5 8583.8 1.92351e+06 -1.15888e+06 -711407 516.683 36.2336 13.4661