
Step FractureNumber TipNr TipActive TipX TipY TipZ KI KII KIII G Phi Psi Extension
1010000 FRAC0_S 0 1 44453.8 -29177 8500 120353 593137 -197020 37.8033 -61.4951 15.3328
1010000 FRAC0_S 0 1 44226.3 -29386.1 8500 122620 674989 -60061.9 42.4191 -66.8242 5.30042
1010000 FRAC0_S 0 1 44074.4 -29655.2 8500 98955.8 502320 68139 23.9748 -65.6385 -7.59763
1010000 FRAC0_S 0 1 44013.2 -29958.1 8500 113290 570739 214831 36.3089 -60.6721 -16.7573
1010000 FRAC0_S 0 1 44048.6 -30265.1 8500 95377.3 459612 346385 35.5923 -53.1862 -25.101
1010000 FRAC0_S 0 1 44177 -30546.2 8500 116664 694759 -402406 65.7622 -57.1993 22.2316
1010000 FRAC0_S 0 1 44386.1 -30773.7 8500 67288.3 303006 707441 75.1477 -33.8279 -36.9813
1010000 FRAC0_S 0 1 44655.2 -30925.6 8500 79788.5 858523 221595 72.7777 -65.274 -13.6971
1010000 FRAC0_S 0 1 44958.1 -30986.8 8500 95826.3 -301326 356631 25.8249 44.7791 -29.5166
1010000 FRAC0_S 0 1 45265.1 -30951.4 8500 120632 -1.0685e+06 -380689 122.308 62.8611 16.9747
1010000 FRAC0_S 0 1 45546.2 -30823 8500 87001.4 -519908 167068 28.4735 62.457 -15.2992
1010000 FRAC0_S 0 1 45773.7 -30613.9 8500 81116.2 -578893 55287.1 30.8551 67.4545 -5.83168
1010000 FRAC0_S 0 1 45925.6 -30344.8 8500 89121.3 -682352 -544455 81.623 53.7733 26.6229
1010000 FRAC0_S 0 1 45986.8 -30041.9 8500 71385.9 -436554 -154821 20.6246 61.8455 16.42
1010000 FRAC0_S 0 1 45951.4 -29734.9 8500 85949.9 -446596 -290410 29.6481 55.3596 23.4157
1010000 FRAC0_S 0 1 45823 -29453.8 8500 92412.7 -263955 -360480 24.2523 42.0594 30.8788
1010000 FRAC0_S 0 1 45613.9 -29226.3 8500 96719.2 -109475 -435095 27.0794 21.8595 37.73
1010000 FRAC0_S 0 1 45344.8 -29074.4 8500 105163 109082 -420638 25.5784 -21.9875 37.1926
1010000 FRAC0_S 0 1 45041.9 -29013.2 8500 80537.8 215933 -285389 15.5654 -42.3146 30.3185
1010000 FRAC0_S 0 1 44743.4 -29046.2 8500 116554 465299 -310104 33.293 -53.9835 23.1292
Step FractureNumber TipNr TipActive TipX TipY TipZ KI KII KIII G Phi Psi Extension
1010101 FRAC0_S 0 1 44429 -29136.8 8412.86 970287 386423 291924 108.534 -28.9689 -12.7768
1010101 FRAC0_S 0 1 44194.6 -29360.3 8409.29 636582 67881.2 397435 57.5292 -8.35889 -23.8402
1010101 FRAC0_S 0 1 44035.2 -29641.4 8409.67 592954 -45710.1 646214 87.0566 4.89197 -30.8819
1010101 FRAC0_S 0 1 43964.6 -29957.5 8413.62 125477 -180704 313855 17.414 34.8561 -31.0272
1010101 FRAC0_S 0 1 43996.2 -30280.1 8417.16 51525.1 -174000 187564 7.61344 46.5507 -28.6127
1010101 FRAC0_S 0 1 44127.1 -30581.4 8424.04 55779.6 -152383 111527 4.00072 50.828 -23.1949
1010101 FRAC0_S 0 1 44345.4 -30823.5 8428.45 188942 -74168.2 78393.2 4.48867 27.1037 -16.1662
1010101 FRAC0_S 0 1 44634.2 -30979.1 8458.28 -86995.4 -227995 204489 10.1936 47.961 -25.5906
1010101 FRAC0_S 0 1 44956 -31043 8534.75 -205207 925838 -213002 82.4172 -63.2227 11.5325
1010101 FRAC0_S 0 1 45276.8 -31000.8 8584.27 799902 -257231 -37729.7 63.1019 29.0282 2.64874
1010101 FRAC0_S 0 1 45569.5 -30859.1 8589.67 742501 -166167 -291047 62.8538 18.0479 16.9804
1010101 FRAC0_S 0 1 45803.6 -30647.1 8588.61 397069 -11936.1 -545425 53.6281 1.73989 33.7975
1010101 FRAC0_S 0 1 45972.5 -30361.5 8585.46 -398433 664756 85454 40.349 -57.5773 -5.62021
1010101 FRAC0_S 0 1 46037.9 -30044.3 8584.82 -16402.7 183857 -348568 19.1717 -39.0442 36.2277
1010101 FRAC0_S 0 1 46006.1 -29717.6 8579.93 45395.9 9267.39 -1.11497e+06 165.531 -1.10487 44.3671
1010101 FRAC0_S 0 1 45882 -29411.3 8563.37 100503 126855 -159223 5.70587 -38.4029 26.528
1010101 FRAC0_S 0 1 45666.3 -29157.9 8526.01 79576.1 324207 -436934 35.3218 -43.5786 31.6244
1010101 FRAC0_S 0 1 45376.2 -28994.4 8473.76 351381 322149 -309055 32.9536 -38.3758 21.2688
1010101 FRAC0_S 0 1 45047.6 -28940.4 8436.76 719719 714888 -406806 113.71 -43.8014 15.6212
1010101 FRAC0_S 0 1 44721.2 -28991.8 8420.76 872461 360137 -100364 80.7266 -32.7152 5.68583