
Step FractureNumber TipNr TipActive TipX TipY TipZ KI KII KIII G Phi Psi Extension
1010000 FRAC0_S 0 1 -30000 44049 8233.09 -4.76675e+06 -1.24254e+06 -654227 194.503 23.6717 7.33998
1010000 FRAC0_S 0 1 -30000 44178.1 7952.3 -4.32913e+06 -435199 -530516 54.3098 11.0341 7.48391
1010000 FRAC0_S 0 1 -30000 44387.6 7725.12 -3.93072e+06 -517931 -888518 128.903 12.9267 12.0707
1010000 FRAC0_S 0 1 -30000 44657 7573.79 -4.03137e+06 -72543.3 -682722 62.4616 2.10568 10.4539
1010000 FRAC0_S 0 1 -30000 44960 7513.12 -5.44514e+06 578202 -1.23846e+06 233.786 -10.7033 12.3427
1010000 FRAC0_S 0 1 -30000 45266.9 7549.06 -4.77318e+06 1.06636e+06 -926959 215.61 -20.3247 10.0661
1010000 FRAC0_S 0 1 -30000 45547.7 7678.08 -4.55534e+06 1.20579e+06 -640719 184.159 -23.8857 7.47595
1010000 FRAC0_S 0 1 -30000 45774.9 7887.55 -4.11818e+06 2.17727e+06 -626058 474.556 -37.1126 6.78519
1010000 FRAC0_S 0 1 -30000 45926.2 8156.97 -4.75737e+06 1.64563e+06 -68999.5 241.952 -31.072 0.827825
1010000 FRAC0_S 0 1 -30000 45986.8 8459.98 -4.51507e+06 1.52291e+06 217321 212.95 -29.9352 -2.67004
1010000 FRAC0_S 0 1 -30000 45951 8766.91 -5.08604e+06 1.53098e+06 492830 241.169 -26.9008 -5.24813
1010000 FRAC0_S 0 1 -30000 45821.9 9047.7 -4.71196e+06 1.12741e+06 757200 189.52 -21.8826 -8.51857
1010000 FRAC0_S 0 1 -30000 45612.4 9274.88 -4.35841e+06 927626 1.24995e+06 284.475 -18.4596 -13.7099
1010000 FRAC0_S 0 1 -30000 45343 9426.21 -4.79165e+06 296212 1.08443e+06 164.225 -6.55747 -12.6854
1010000 FRAC0_S 0 1 -30000 45040 9486.88 -4.52824e+06 -126101 479556 32.0035 3.39651 -6.99803
1010000 FRAC0_S 0 1 -30000 44733.1 9450.94 -3.90537e+06 -582448 827987 121.41 14.4993 -11.3486
1010000 FRAC0_S 0 1 -30000 44452.3 9321.92 -4.81596e+06 -1.19237e+06 808510 213.633 22.3465 -8.78696
1010000 FRAC0_S 0 1 -30000 44225.1 9112.45 -5.28978e+06 -1.62671e+06 455738 263.424 27.4833 -4.69571
1010000 FRAC0_S 0 1 -30000 44073.8 8843.03 -5.14718e+06 -1.75541e+06 143810 277.34 30.5327 -1.57816
1010000 FRAC0_S 0 1 -30000 44013.2 8540.02 -4.70017e+06 -1.47917e+06 -234998 202.313 28.5621 2.81334
Step FractureNumber TipNr TipActive TipX TipY TipZ KI KII KIII G Phi Psi Extension
1010101 FRAC0_S 0 1 -29963.2 43962.6 8208.01 -3.85199e+06 -3.1136e+06 -657333 921.345 45.505 6.48064
1010101 FRAC0_S 0 1 -29974.8 44100.1 7899.79 -4.34467e+06 -2.18483e+06 -916909 537.18 35.0508 9.10414
1010101 FRAC0_S 0 1 -29983.1 44328.3 7649.86 -5.0034e+06 -1.39541e+06 -1.14998e+06 349.398 23.4874 11.1166
1010101 FRAC0_S 0 1 -29997.2 44623.5 7483.27 -4.62243e+06 -186582 -1.2063e+06 196.638 4.27516 14.3149
1010101 FRAC0_S 0 1 -30017.1 44955.6 7418.04 -4.38644e+06 1.28265e+06 -1.10912e+06 310.213 -23.9858 11.8796
1010101 FRAC0_S 0 1 -30032.2 45291.2 7460.35 -4.09845e+06 2.26479e+06 -882071 560.549 -36.9224 9.00691
1010101 FRAC0_S 0 1 -30044 45595 7605.09 -3.52553e+06 3.07229e+06 -702190 906.687 -46.5219 7.1975
1010101 FRAC0_S 0 1 -30053.2 45838.9 7836.37 -3.25493e+06 3.81441e+06 -423036 1320.33 -53.1316 4.29885
1010101 FRAC0_S 0 1 -30053.4 46003.7 8128.87 -2.39848e+06 2.57611e+06 51253.3 591.712 -53.369 -0.792008
1010101 FRAC0_S 0 1 -30049.2 46071.7 8456.81 -3.20417e+06 2.95536e+06 206992 783.998 -49.9045 -2.50109
1010101 FRAC0_S 0 1 -30044.5 46034.8 8790.94 -3.0666e+06 2.52699e+06 391990 589.463 -46.6286 -4.96662
1010101 FRAC0_S 0 1 -30037.9 45896.7 9098.05 -4.00322e+06 2.79737e+06 742915 770.717 -42.2903 -7.36169
1010101 FRAC0_S 0 1 -30028 45669.8 9348.24 -4.59841e+06 2.52465e+06 1.00137e+06 701.338 -36.7452 -9.11251
1010101 FRAC0_S 0 1 -30012.1 45376 9516.33 -4.9181e+06 880654 1.22331e+06 268.142 -16.4567 -12.5868
1010101 FRAC0_S 0 1 -29993.6 45044.1 9583.34 -3.96062e+06 -419284 958911 137.96 10.5632 -12.9451
1010101 FRAC0_S 0 1 -29976.5 44708.2 9541.72 -4.75793e+06 -1.71997e+06 1.10343e+06 425.55 28.1588 -10.6535
1010101 FRAC0_S 0 1 -29963.2 44402.7 9397.47 -3.93133e+06 -1.47013e+06 -1508.22 192.592 32.911 0.0217708
1010101 FRAC0_S 0 1 -29954.7 44157.3 9166.68 -3.81787e+06 -3.61257e+06 594379 1209.93 48.8385 -5.59623
1010101 FRAC0_S 0 1 -29951.1 43994 8872.62 -2.50111e+06 -2.79636e+06 78423.7 697.625 53.8832 -1.13084
1010101 FRAC0_S 0 1 -29953.3 43927 8543.09 -3.42649e+06 -3.08571e+06 -240229 856.144 49.3589 2.73322