
Step FractureNumber TipNr TipActive TipX TipY TipZ KI KII KIII G Phi Psi Extension
1010000 FRAC0_S 0 1 -29195.9 44544.7 8151.2 1.99412e+06 206570 -1.13866e+06 530.591 -8.39246 22.7597
1010000 FRAC0_S 0 1 -29216.3 44772.7 7943.58 2.03332e+06 718411 -1.04991e+06 561.015 -23.9565 19.0245
1010000 FRAC0_S 0 1 -29313.3 45022.9 7790.43 1.44364e+06 793306 -610203 291.317 -33.5739 15.2012
1010000 FRAC0_S 0 1 -29477.6 45270.9 7706.74 2.16394e+06 1.58341e+06 -589659 686.929 -41.7826 9.99485
1010000 FRAC0_S 0 1 -29693 45492.3 7700.69 2.02068e+06 1.64488e+06 -222156 611.512 -46.7029 4.3494
1010000 FRAC0_S 0 1 -29969.8 45683.3 7786.45 2.09977e+06 1.74912e+06 143118 668.239 -47.9032 -2.75397
1010000 FRAC0_S 0 1 -30190 45773.7 7916.26 2.00858e+06 1.5287e+06 483755 598.871 -43.1072 -8.90625
1010000 FRAC0_S 0 1 -30422.9 45806.1 8116.78 2.04001e+06 1.25845e+06 770379 590.899 -36.6043 -13.5852
1010000 FRAC0_S 0 1 -30614.4 45759.6 8354.8 1.48443e+06 591325 718136 296.107 -26.4952 -17.8687
1010000 FRAC0_S 0 1 -30745.8 45638.7 8607.04 2.02251e+06 325895 1.13299e+06 544.701 -12.4921 -21.8893
1010000 FRAC0_S 0 1 -30804.1 45455.3 8848.8 2.17047e+06 -183138 1.20922e+06 617.254 7.01139 -22.6718
1010000 FRAC0_S 0 1 -30783.7 45227.3 9056.42 2.01887e+06 -733927 1.05892e+06 560.329 24.3612 -19.122
1010000 FRAC0_S 0 1 -30686.7 44977.1 9209.57 1.71274e+06 -931589 781096 419.882 32.8974 -16.0704
1010000 FRAC0_S 0 1 -30513.3 44717.8 9295.42 2.30865e+06 -1.70281e+06 640255 787.847 41.8685 -10.1106
1010000 FRAC0_S 0 1 -30307 44507.7 9299.31 2.0187e+06 -1.7304e+06 213388 636.013 47.7881 -4.10476
1010000 FRAC0_S 0 1 -30061.5 44334.4 9227.11 2.261e+06 -1.89189e+06 -188100 779.195 47.7191 3.31786
1010000 FRAC0_S 0 1 -29810 44226.3 9083.74 2.02909e+06 -1.5687e+06 -517658 621.809 43.1938 9.28904
1010000 FRAC0_S 0 1 -29577.1 44193.9 8883.22 1.99943e+06 -1.24767e+06 -786397 577.202 36.6079 13.953
1010000 FRAC0_S 0 1 -29385.6 44240.4 8645.2 1.99509e+06 -832719 -1.01015e+06 552.195 27.0804 18.2435
1010000 FRAC0_S 0 1 -29254.2 44361.3 8392.96 2.01262e+06 -347271 -1.14066e+06 544.746 13.1997 21.9125
Step FractureNumber TipNr TipActive TipX TipY TipZ KI KII KIII G Phi Psi Extension
1010101 FRAC0_S 0 1 -29125.9 44494.1 8111.45 2.49601e+06 -288959 -1.14663e+06 737.464 9.91141 19.9414
1010101 FRAC0_S 0 1 -29167.2 44729.4 7872.33 2.65486e+06 -275153 -1.17368e+06 818.028 9.07232 19.609
1010101 FRAC0_S 0 1 -29287.8 44992.3 7701.21 2.50745e+06 -195798 -901413 671.745 7.39801 17.4417
1010101 FRAC0_S 0 1 -29475.8 45252.4 7610.23 2.8186e+06 -212881 -635020 765.605 7.89258 12.5193
1010101 FRAC0_S 0 1 -29712.8 45484.5 7604.29 3.24425e+06 -264240 -386988 964.039 9.17445 7.42307
1010101 FRAC0_S 0 1 -29976.3 45669.3 7681.76 3.29353e+06 -294887 -58529.1 974.81 10.8625 1.24331
1010101 FRAC0_S 0 1 -30243.6 45791 7835.52 2.83191e+06 -149570 319513 730.208 6.19976 -7.24068
1010101 FRAC0_S 0 1 -30491 45836.9 8053.6 2.83055e+06 36265.3 681002 775.749 -1.42375 -13.7562
1010101 FRAC0_S 0 1 -30693.8 45801.6 8318.47 2.56576e+06 66924.1 964568 710.762 -2.58037 -18.5423
1010101 FRAC0_S 0 1 -30827.6 45688 8606.88 2.44483e+06 149733 1.14227e+06 708.164 -5.49733 -20.7594
1010101 FRAC0_S 0 1 -30874.6 45505.5 8888.15 2.5793e+06 236473 1.37945e+06 850.896 -7.66899 -22.0797
1010101 FRAC0_S 0 1 -30833.1 45270.3 9127.43 2.73111e+06 130490 1.34219e+06 905.785 -4.27828 -21.5399
1010101 FRAC0_S 0 1 -30712.5 45007.6 9298.78 2.22756e+06 85877.5 785592 524.905 -3.8258 -17.6521
1010101 FRAC0_S 0 1 -30524.1 44747.9 9389.64 2.83412e+06 230285 647309 776.206 -8.41653 -12.5993
1010101 FRAC0_S 0 1 -30286.6 44516.1 9395.52 2.79867e+06 282783 330870 719.644 -11.1212 -7.25288
1010101 FRAC0_S 0 1 -30023.4 44331 9318.17 3.14557e+06 249301 39814 887.455 -9.7929 -0.899723
1010101 FRAC0_S 0 1 -29756.4 44209 9164.5 2.79205e+06 115605 -350910 712.231 -4.87872 8.01699
1010101 FRAC0_S 0 1 -29508.9 44163.4 8946.51 2.7389e+06 -100677 -639161 723.704 3.99305 13.2172
1010101 FRAC0_S 0 1 -29305.9 44199.1 8681.95 2.94025e+06 -86513.4 -1.03141e+06 912.514 2.95275 17.6925
1010101 FRAC0_S 0 1 -29172.5 44312.3 8393.28 2.03719e+06 -122479 -936077 487.696 5.42933 20.568