
Step FractureNumber TipNr TipActive TipX TipY TipZ KI KII KIII G Phi Psi Extension
1010000 FRAC0_S 0 1 44523.2 -44135 8500 73609.8 218440 -44506.6 4.99825 -61.3781 9.73771
1010000 FRAC0_S 0 1 44279.2 -44324.7 8500 51383.4 234550 -1167.28 5.13773 -67.6548 0.316583
1010000 FRAC0_S 0 1 44105.9 -44580.5 8500 -1911.79 -16774.4 -628332 52.5335 3.58254 44.6259
1010000 FRAC0_S 0 1 44020 -44877.3 8500 60879.8 168072 85447.5 3.81853 -54.837 -18.7613
1010000 FRAC0_S 0 1 44030 -45186.2 8500 44217.3 -193022 -470706 32.9623 32.9674 37.2728
1010000 FRAC0_S 0 1 44135 -45476.8 8500 68188.2 68545.2 173803 4.85059 -27.4919 -33.3183
1010000 FRAC0_S 0 1 44324.7 -45720.8 8500 19996.4 452926 482744 49.3104 -50.6281 -30.9804
1010000 FRAC0_S 0 1 44580.5 -45894.1 8500 45176.7 -46977.9 106362 1.88315 29.2102 -32.318
1010000 FRAC0_S 0 1 44877.3 -45980 8500 71450.2 -134421 101003 3.42186 47.8934 -22.0977
1010000 FRAC0_S 0 1 45186.2 -45970 8500 54759.4 -1.04089e+06 270336 106.534 66.0352 -14.1441
1010000 FRAC0_S 0 1 45476.8 -45865 8500 59877.6 -178163 38009 3.34018 61.1982 -10.1141
1010000 FRAC0_S 0 1 45720.8 -45675.3 8500 48179.9 -194759 -3854.59 3.58888 66.8882 1.21021
1010000 FRAC0_S 0 1 45894.1 -45419.5 8500 52800.6 -178050 -39192.5 3.27768 61.8765 10.6253
1010000 FRAC0_S 0 1 45980 -45122.7 8500 55973.4 -176282 -76508 3.82681 57.1128 17.3013
1010000 FRAC0_S 0 1 45970 -44813.8 8500 51485.2 -113723 -102549 2.78733 46.8341 25.0329
1010000 FRAC0_S 0 1 45865 -44523.2 8500 55855.1 -64727.1 -124611 2.71655 32.0796 31.1175
1010000 FRAC0_S 0 1 45675.3 -44279.2 8500 92799.6 720477 -581986 92.0714 -53.6274 26.7935
1010000 FRAC0_S 0 1 45419.5 -44105.9 8500 58971.7 57817.4 -129943 2.8535 -28.9628 31.9261
1010000 FRAC0_S 0 1 45122.7 -44020 8500 66083.1 112911 -124211 3.57718 -42.4275 26.4154
1010000 FRAC0_S 0 1 44813.8 -44030 8500 103460 534944 358011 43.5009 -54.9857 -23.7651
Step FractureNumber TipNr TipActive TipX TipY TipZ KI KII KIII G Phi Psi Extension
1010101 FRAC0_S 0 1 44502.1 -44093.4 8412.51 136153 -16723.7 323665 15.6097 4.82695 -37.7541
1010101 FRAC0_S 0 1 44237 -44290.6 8433.37 403333 105236 390090 35.7216 -15.4346 -27.6402
1010101 FRAC0_S 0 1 44039.4 -44550.9 8459.56 43223.3 -90453.4 217212 7.17063 31.4381 -35.6389
1010101 FRAC0_S 0 1 43948.2 -44867.1 8474.29 51723.6 -73635.8 140423 3.34413 33.4144 -31.9987
1010101 FRAC0_S 0 1 43955.2 -45203 8495.23 68015.7 -12143.5 101883 1.80595 9.02748 -33.3176
1010101 FRAC0_S 0 1 44064.8 -45513.7 8471.2 295048 181055 -281802 21.2402 -29.4497 24.4395
1010101 FRAC0_S 0 1 44274.3 -45774.3 8462.01 73424.3 22774.3 134684 2.9392 -13.1285 -34.2712
1010101 FRAC0_S 0 1 44549 -45961.9 8523.62 102184 -140589 -15703.9 2.72451 55.439 4.61714
1010101 FRAC0_S 0 1 44865.8 -46043.1 8572.14 222472 -89032 33928 5.26983 31.4336 -7.34273
1010101 FRAC0_S 0 1 45193.7 -46017.1 8586.14 256657 -64607.3 -190832 11.0853 16.5486 24.484
1010101 FRAC0_S 0 1 45497.5 -45902.7 8589.65 99017 33093.1 -528858 38.1701 -6.834 41.2832
1010101 FRAC0_S 0 1 45751.6 -45704.3 8589.94 -205452 189105 -486189 34.6251 -26.8324 33.0016
1010101 FRAC0_S 0 1 45936.1 -45438 8588.08 -358104 268281 -356687 23.3347 -32.9929 23.9564
1010101 FRAC0_S 0 1 46034.4 -45127.9 8582.27 -420336 356569 -200616 16.6824 -41.7537 14.6179
1010101 FRAC0_S 0 1 46035.6 -44798.9 8570.74 -345966 390669 -70622.9 14.2635 -51.3581 6.57126
1010101 FRAC0_S 0 1 45929 -44488.7 8524.66 40311.1 113623 -63224.2 1.82688 -54.0882 19.9119
1010101 FRAC0_S 0 1 45723.4 -44227.6 8460.91 78355.9 -15035.3 -155647 3.78931 8.19711 35.8591
1010101 FRAC0_S 0 1 45450.5 -44037.1 8438.8 195990 172331 -354824 22.8141 -29.3878 30.3272
1010101 FRAC0_S 0 1 45133.9 -43949.4 8433.69 192608 91758.9 -152192 7.13667 -26.3336 23.1815
1010101 FRAC0_S 0 1 44805 -43973 8420.24 -314243 -494589 234534 29.1138 50.635 -15.8658