
Step FractureNumber TipNr TipActive TipX TipY TipZ KI KII KIII G Phi Psi Extension
1010000 FRAC0_S 0 1 -29946.5 -44329.9 7776.37 -345552 -65431.1 417821 23.5999 10.6162 -30.9351
1010000 FRAC0_S 0 1 -30197.8 -44224.1 7921.78 -409242 -319936 448911 35.9235 32.8575 -24.9303
1010000 FRAC0_S 0 1 -30419.1 -44193.7 8112.75 -408247 -551105 368254 45.1005 46.0534 -19.0968
1010000 FRAC0_S 0 1 -30619.5 -44243.1 8362.64 -372584 -644679 206671 42.7159 54.3209 -12.23
1010000 FRAC0_S 0 1 -30748.8 -44366.2 8614.93 -225274 -492826 38602.3 21.841 61.4877 -3.8932
1010000 FRAC0_S 0 1 -30804.7 -44551.3 8855.97 -317578 -709565 -104875 46.3282 60.2513 6.943
1010000 FRAC0_S 0 1 -30781.8 -44780.3 9062.16 -304140 -640055 -258422 45.3877 54.6826 15.2371
1010000 FRAC0_S 0 1 -30696.7 -45004.2 9200.89 -260380 -464540 -377011 38.134 46.5793 22.8238
1010000 FRAC0_S 0 1 -30516.3 -45278.4 9294.67 -138449 -175089 -455998 30.3871 28.2298 34.6326
1010000 FRAC0_S 0 1 -30299.6 -45498.6 9298.22 -163251 -39780.3 -367128 18.0671 9.42712 36.5423
1010000 FRAC0_S 0 1 -30049.1 -45672.6 9221.64 -221411 173041 -479835 33.2904 -24.967 32.8687
1010000 FRAC0_S 0 1 -29802.2 -45775.9 9078.22 -192387 327561 -367049 27.4796 -42.1545 26.6264
1010000 FRAC0_S 0 1 -29570.3 -45805.9 8876.2 -236543 540904 -326718 40.2686 -51.7841 20.1906
1010000 FRAC0_S 0 1 -29380.5 -45756.9 8637.36 -274700 662285 -208216 44.8517 -57.5526 13.0908
1010000 FRAC0_S 0 1 -29251.2 -45633.8 8385.07 -303986 738860 -69946.7 49.2971 -62.0958 4.77246
1010000 FRAC0_S 0 1 -29195.3 -45448.7 8144.03 -372025 726809 224712 53.7884 -55.7706 -12.2916
1010000 FRAC0_S 0 1 -29218.2 -45219.7 7937.84 -383191 741229 240082 56.625 -55.3948 -12.7024
1010000 FRAC0_S 0 1 -29317.5 -44969.1 7786.67 -390469 553591 350095 43.6103 -47.0781 -18.6856
1010000 FRAC0_S 0 1 -29483.7 -44721.6 7705.33 -446349 448060 317073 31.2607 -42.2033 -18.1539
1010000 FRAC0_S 0 1 -29700.4 -44501.4 7701.78 -393399 354559 452656 38.4536 -35.2393 -24.7168
Step FractureNumber TipNr TipActive TipX TipY TipZ KI KII KIII G Phi Psi Extension
1010101 FRAC0_S 0 1 -29937 -44265 7716.39 -188492 -102973 598686 48.6155 15.2585 -37.5328
1010101 FRAC0_S 0 1 -30183.7 -44131.5 7901.31 -28218.5 -427724 521035 52.409 47.8754 -32.2125
1010101 FRAC0_S 0 1 -30417.8 -44097.8 8136.61 205686 -703383 246864 55.9621 59.2708 -15.1528
1010101 FRAC0_S 0 1 -30607.9 -44152.4 8399.89 559941 -632426 361021 80.9143 45.3951 -16.3454
1010101 FRAC0_S 0 1 -30736.5 -44284.4 8669.77 594583 -470687 85731.9 52.2225 45.5451 -5.62671
1010101 FRAC0_S 0 1 -30795.8 -44479.7 8924.05 586021 -514820 -71124.1 54.8928 47.9915 4.61211
1010101 FRAC0_S 0 1 -30780.1 -44722.3 9142.06 461806 -493841 -230835 47.8229 46.1443 13.9261
1010101 FRAC0_S 0 1 -30689.6 -44995.4 9303.66 278233 -523613 -423135 55.1425 47.0527 23.0055
1010101 FRAC0_S 0 1 -30538.2 -45268.4 9387.6 110794 -332512 -495842 43.6456 40.793 31.9828
1010101 FRAC0_S 0 1 -30321.8 -45539.6 9377.86 -62360.8 48396.5 -546075 39.8691 -9.9354 42.0382
1010101 FRAC0_S 0 1 -30079.3 -45747.3 9268.11 53950.6 158903 -500752 35.8595 -27.7037 38.4846
1010101 FRAC0_S 0 1 -29826.2 -45869.9 9085.6 184005 269223 -393783 30.0996 -37.427 29.1303
1010101 FRAC0_S 0 1 -29589.3 -45900.5 8856.15 364928 340570 -329682 36.6585 -38.4827 21.4942
1010101 FRAC0_S 0 1 -29396.5 -45846 8597.16 528196 446250 -250420 50.9466 -41.7143 14.5675
1010101 FRAC0_S 0 1 -29263.3 -45715.1 8329.52 734711 591995 -45107.3 79.6015 -47.3799 2.52908
1010101 FRAC0_S 0 1 -29200.8 -45520.6 8075.96 708011 656881 62966.7 83.6467 -49.5915 -3.37552
1010101 FRAC0_S 0 1 -29218.8 -45278.1 7858.06 494877 613331 224073 62.022 -49.6153 -12.1851
1010101 FRAC0_S 0 1 -29313.2 -45014.1 7698.9 166339 500559 424745 48.7872 -49.4773 -25.353
1010101 FRAC0_S 0 1 -29484.6 -44738.6 7608.45 139898 533783 478509 57.5868 -49.835 -26.7019
1010101 FRAC0_S 0 1 -29700.7 -44482.6 7612.18 14547.9 453961 646529 73.9767 -45.395 -34.1319