
Step FractureNumber TipNr TipActive TipX TipY TipZ KI KII KIII G Phi Psi Extension
1010000 FRAC0_S 0 1 15187.2 15969.8 8500 779485 5.05087e+06 1.9155e+06 2815.45 -61.5263 -17.2708
1010000 FRAC0_S 0 1 14878.4 15980.1 8500 765141 3.84172e+06 2.8158e+06 2421.84 -53.708 -24.8405
1010000 FRAC0_S 0 1 14581.4 15894.6 8500 -2.30347e+07 1.93117e+06 3.16772e+06 1666.91 -9.28018 -8.3641
1010000 FRAC0_S 0 1 14325.5 15721.5 8500 2.46684e+07 766354 3.58333e+06 55986.2 -3.64851 -9.12869
1010000 FRAC0_S 0 1 14135.5 15477.8 8500 750296 -1.13365e+06 3.69823e+06 1983.71 25.5447 -37.1913
1010000 FRAC0_S 0 1 14030.2 15187.2 8500 563193 -2.06211e+06 2.41864e+06 1185.21 45.5363 -29.8142
1010000 FRAC0_S 0 1 14019.9 14878.4 8500 783980 -3.95914e+06 2.53813e+06 2308.35 55.4282 -23.1797
1010000 FRAC0_S 0 1 14105.4 14581.4 8500 4.76426e+06 -4.71362e+06 1.37036e+06 4252.26 47.6151 -9.32648
1010000 FRAC0_S 0 1 14294.8 14308 8500 746487 -5.42197e+06 359495 2686.48 67.9907 -4.19539
1010000 FRAC0_S 0 1 14522.2 14135.5 8500 825950 -5.10931e+06 -783574 2468.67 65.983 8.6478
1010000 FRAC0_S 0 1 14812.8 14030.2 8500 539670 -3.58245e+06 -1.47202e+06 1457.78 60.9478 18.2397
1010000 FRAC0_S 0 1 15121.6 14019.9 8500 528989 -2.78492e+06 -2.03036e+06 1264.33 53.9461 24.8702
1010000 FRAC0_S 0 1 15418.6 14105.4 8500 776263 -2.18212e+06 -3.44111e+06 2052.89 39.5988 32.4003
1010000 FRAC0_S 0 1 15678.9 14282.5 8500 738800 -590339 -4.13791e+06 2356.96 14.3012 40.1321
1010000 FRAC0_S 0 1 15864.5 14522.2 8500 819649 1.2095e+06 -3.71763e+06 2028.39 -26.3645 36.6486
1010000 FRAC0_S 0 1 15969.8 14812.8 8500 760640 2.90864e+06 -3.2832e+06 2239.1 -46.3186 29.4751
1010000 FRAC0_S 0 1 15980.1 15121.6 8500 767061 4.32197e+06 -2.52816e+06 2567.04 -56.8998 22.2531
1010000 FRAC0_S 0 1 15894.6 15418.6 8500 781245 5.2732e+06 -1.59586e+06 2870.95 -63.2417 14.8349
1010000 FRAC0_S 0 1 15721.5 15674.5 8500 3.40002e+07 5.83322e+06 -494960 106077 -18.7855 0.952342
1010000 FRAC0_S 0 1 15477.8 15864.5 8500 830082 5.51176e+06 775203 2848.45 -66.4387 -8.1044
Step FractureNumber TipNr TipActive TipX TipY TipZ KI KII KIII G Phi Psi Extension
1010101 FRAC0_S 0 1 15194.8 16016.6 8412.99 2.2477e+07 4.44699e+06 8.49558e+06 56381.4 -16.4738 -16.8102
1010101 FRAC0_S 0 1 14866.5 16043.6 8433.7 4.53834e+06 1.58444e+06 2.75034e+06 3065.13 -22.7673 -21.0066
1010101 FRAC0_S 0 1 14541.7 15972.3 8470.2 3.91217e+07 -8.42069e+06 3.33974e+06 144186 21.252 -4.9775
1010101 FRAC0_S 0 1 14261.2 15791.2 8503.57 -2.75258e+07 -711730 5.24607e+06 3705.46 2.94423 -11.4107
1010101 FRAC0_S 0 1 14061.8 15521.1 8537.82 2.18818e+07 4.5005e+06 1.08611e+07 60161.1 -15.8955 -19.9403
1010101 FRAC0_S 0 1 13962 15203 8567.06 -2.62483e+07 -2.26897e+07 347810 45891.9 49.616 -0.548802
1010101 FRAC0_S 0 1 13959.2 14871.1 8577.48 4.03596e+06 -1.32554e+06 2.76255e+06 2623.09 20.9793 -22.7077
1010101 FRAC0_S 0 1 14053.9 14559 8580.69 4.17253e+06 -1.21665e+06 1.29627e+06 1906.79 23.1596 -13.8831
1010101 FRAC0_S 0 1 14244.6 14296.6 8587.66 -3.56378e+07 -1.22394e+07 1.19801e+06 13539.7 30.562 -1.88444
1010101 FRAC0_S 0 1 14510.1 14095.5 8590.64 2.71556e+07 2.49999e+07 -1.91025e+06 121891 -49.7689 2.7147
1010101 FRAC0_S 0 1 14805.1 13982.9 8586.75 6.30622e+06 -7.53392e+06 -3.72039e+06 10442.5 47.1792 15.0439
1010101 FRAC0_S 0 1 15131.1 13961.3 8578.21 -206614 1.18988e+07 7.80176e+06 20711.8 -58.6717 -25.5002
1010101 FRAC0_S 0 1 15453.3 14038.2 8558.26 3.05738e+06 -998314 -3.54535e+06 2593.51 17.18 29.2021
1010101 FRAC0_S 0 1 15735.4 14214.9 8517.18 3.31135e+07 5.47878e+06 3.83732e+06 102343 -16.9105 -6.78437
1010101 FRAC0_S 0 1 15937.1 14479.7 8465.89 2.30149e+07 -6.91042e+06 -3.4273e+06 53017.9 26.002 7.66679
1010101 FRAC0_S 0 1 16036.8 14797.1 8431.79 472011 181217 -1.79947e+06 453.447 -9.96173 39.4633
1010101 FRAC0_S 0 1 16034.4 15126.5 8417.71 -863118 2.68715e+06 -939107 760.737 -58.7191 14.8724
1010101 FRAC0_S 0 1 15945.8 15445.9 8426.36 4.69088e+06 2.01765e+06 -2.0018e+06 2856.52 -28.6735 16.1829
1010101 FRAC0_S 0 1 15771.1 15720.3 8438.66 5.63731e+06 3.41926e+06 -684068 3935.9 -40.5187 5.31505
1010101 FRAC0_S 0 1 15507 15909.8 8424.15 6.27188e+06 2.27996e+06 1.01198e+06 4104.69 -29.397 -7.88397