
Step FractureNumber TipNr TipActive TipX TipY TipZ KI KII KIII G Phi Psi Extension
1010000 FRAC0_S 0 1 29640.5 44080 8500 -87879.3 -1.14092e+06 -161326 119.456 67.7504 8.60757
1010000 FRAC0_S 0 1 29942.3 44014 8500 -83554 -962956 -389416 102.799 62.4055 18.7262
1010000 FRAC0_S 0 1 30249.8 44044.5 8500 -63398 -775331 -601969 101.762 55.0695 26.8296
1010000 FRAC0_S 0 1 30532.9 44168.4 8500 -57676.8 -338369 -549246 50.3249 41.1442 34.1798
1010000 FRAC0_S 0 1 30763.8 44373.8 8500 12783.5 -420957 -980244 143.602 35.4752 38.2138
1010000 FRAC0_S 0 1 30920 44640.5 8500 49132.3 -334050 -487283 41.739 43.4174 33.3228
1010000 FRAC0_S 0 1 30986 44942.3 8500 -66877 565792 -635396 82.2218 -48.5302 30.7984
1010000 FRAC0_S 0 1 30955.5 45249.8 8500 -50468.3 794294 -472105 85.8633 -58.9768 23.7221
1010000 FRAC0_S 0 1 30831.6 45532.9 8500 -61381.7 981403 -330887 100.388 -64.2918 16.8737
1010000 FRAC0_S 0 1 30626.2 45763.8 8500 -24292.9 988127 -76132.5 87.7774 -69.4042 5.29384
1010000 FRAC0_S 0 1 30359.5 45920 8500 -30398.1 982734 140149 88.6719 -68.4692 -8.99139
1010000 FRAC0_S 0 1 30057.7 45986 8500 -12341.1 942466 339500 94.4809 -64.8273 -18.1891
1010000 FRAC0_S 0 1 29750.2 45955.5 8500 -23584.9 743646 528874 86.4798 -57.282 -26.3332
1010000 FRAC0_S 0 1 29467.1 45831.6 8500 -41091 456046 650084 74.7399 -44.5914 -33.6031
1010000 FRAC0_S 0 1 29236.2 45626.2 8500 -44347.9 114047 577736 45.5516 -20.0097 -40.8901
1010000 FRAC0_S 0 1 29080 45359.5 8500 -65825.8 -201281 736148 75.6847 25.2703 -39.4659
1010000 FRAC0_S 0 1 29014 45057.7 8500 -85688.4 -50048 145121 3.02419 22.7248 -31.4926
1010000 FRAC0_S 0 1 29041.3 44762.1 8500 -82725.9 -838285 534146 100.566 57.4204 -24.1851
1010000 FRAC0_S 0 1 29168.4 44467.1 8500 -86760.7 -1.05789e+06 330507 114.254 64.3992 -15.8193
1010000 FRAC0_S 0 1 29373.8 44236.2 8500 -76478.4 -1.19422e+06 96238 128.317 68.8824 -5.32795
Step FractureNumber TipNr TipActive TipX TipY TipZ KI KII KIII G Phi Psi Extension
1010101 FRAC0_S 0 1 29627.1 44043.9 8591.75 244848 -21463.2 326088 19.5256 4.98046 -32.9364
1010101 FRAC0_S 0 1 29941.1 43968.2 8587.94 216200 -74538.7 155081 7.85899 21.4505 -23.1397
1010101 FRAC0_S 0 1 30266.6 43989.3 8579.59 618003 -319904 -461146 71.4361 28.3522 22.1245
1010101 FRAC0_S 0 1 30572.6 44110 8567.91 538280 -355894 -1.02887e+06 177.896 23.512 32.2855
1010101 FRAC0_S 0 1 30822.3 44325.5 8562.65 14224.9 17422 -838560 93.5684 -2.77482 44.5199
1010101 FRAC0_S 0 1 30986 44613.3 8530.14 53819 245127 -595274 52.7412 -33.1173 37.3001
1010101 FRAC0_S 0 1 31048.4 44937 8458.3 547197 133870 -936948 145.036 -11.1041 34.1019
1010101 FRAC0_S 0 1 31006.2 45261.3 8415.9 -161680 -327259 -858449 107.556 29.8743 36.3
1010101 FRAC0_S 0 1 30867.9 45554.6 8410.12 -153531 -223586 -502542 38.0436 31.062 33.7904
1010101 FRAC0_S 0 1 30649.8 45791.8 8407.41 121755 -65652 -433346 26.6809 14.0237 38.3694
1010101 FRAC0_S 0 1 30372.4 45954.5 8407.46 280292 34309.9 -295202 18.6959 -7.65534 30.0258
1010101 FRAC0_S 0 1 30058.9 46028.8 8410.46 329714 58278.2 -192349 14.9106 -13.353 22.2272
1010101 FRAC0_S 0 1 29734.4 46007.3 8417.76 323585 92422.6 308107 22.7174 -16.7286 -27.2141
1010101 FRAC0_S 0 1 29426.3 45889.6 8435.31 238956 129129 289310 17.7061 -24.7988 -27.9354
1010101 FRAC0_S 0 1 29169.2 45679.3 8476.01 218902 428760 -29183.1 20.7648 -60.5959 3.30173
1010101 FRAC0_S 0 1 28996.8 45392.3 8522.45 48334.9 140538 452324 29.1796 -27.3224 -38.6019
1010101 FRAC0_S 0 1 28933.9 45065.2 8551.06 122.156 123162 440787 27.1927 -27.231 -40.8009
1010101 FRAC0_S 0 1 28986.3 44738.9 8574.34 -101718 238024 412292 27.6566 -37.2986 -32.8438
1010101 FRAC0_S 0 1 29131.5 44445.1 8589.47 50858.1 96297.4 614759 51.3213 -16.5762 -41.4513
1010101 FRAC0_S 0 1 29349.8 44207.6 8592.32 55157.9 73130.8 381394 20.094 -18.6465 -39.8889