
Step FractureNumber TipNr TipActive TipX TipY TipZ KI KII KIII G Phi Psi Extension
1010000 FRAC0_S 0 1 29421.9 -29224 8302.08 516295 -3.30502e+06 1.4111e+06 1261.95 60.5019 -18.6353
1010000 FRAC0_S 0 1 29276.5 -29329.8 8553.35 595900 -4.05439e+06 583641 1541.74 66.4448 -8.28751
1010000 FRAC0_S 0 1 29201.8 -29501.2 8799.39 348548 -3.62504e+06 -277108 1192.02 68.4835 4.94467
1010000 FRAC0_S 0 1 29205.3 -29721.4 9016.14 282218 -3.14508e+06 -979798 1016.21 64.2599 15.7101
1010000 FRAC0_S 0 1 29286.5 -29968.9 9182.36 306450 -2.467e+06 -1.59193e+06 887.752 56.762 24.0559
1010000 FRAC0_S 0 1 29437.7 -30219.5 9281.78 278671 -1.51671e+06 -1.90308e+06 693.599 45.6406 31.3982
1010000 FRAC0_S 0 1 29643.9 -30448.6 9304.68 257530 -482629 -1.66887e+06 397.089 25.2382 38.1979
1010000 FRAC0_S 0 1 29884.9 -30633.7 9248.81 429956 77300.7 -1.83898e+06 466.789 -4.53656 40.8631
1010000 FRAC0_S 0 1 30137.2 -30756.8 9119.64 685417 -21255.6 -1.28796e+06 262.531 1.48394 36.6064
1010000 FRAC0_S 0 1 30376 -30805.9 8929.82 605509 1.93174e+06 -1.57502e+06 695.127 -50.3186 25.0335
1010000 FRAC0_S 0 1 30578.1 -30776 8697.92 662552 2.67771e+06 -1.18386e+06 864.45 -58.3403 18.1512
1010000 FRAC0_S 0 1 30723.5 -30670.2 8446.65 804107 3.33145e+06 -667467 1105.86 -63.429 10.2022
1010000 FRAC0_S 0 1 30798.2 -30498.8 8200.61 732548 3.19927e+06 82802 960.798 -67.1127 -1.59472
1010000 FRAC0_S 0 1 30794.7 -30278.6 7983.86 661645 2.75383e+06 584938 760.287 -63.2028 -10.6996
1010000 FRAC0_S 0 1 30713.5 -30031.1 7817.64 767344 2.89583e+06 1.39406e+06 1058.2 -57.2138 -18.9936
1010000 FRAC0_S 0 1 30562.3 -29780.5 7718.22 381957 1.55328e+06 2.52474e+06 1075.77 -40.2674 -33.5798
1010000 FRAC0_S 0 1 30356.1 -29551.4 7695.32 741689 1.25229e+06 2.46162e+06 994.689 -33.8187 -33.0206
1010000 FRAC0_S 0 1 30115.1 -29366.3 7751.19 582124 543069 2.79371e+06 1094.52 -18.0565 -38.8341
1010000 FRAC0_S 0 1 29862.8 -29243.2 7880.36 378788 -1.9424e+06 2.72672e+06 1337.85 43.5064 -32.5043
1010000 FRAC0_S 0 1 29624 -29194.1 8070.18 449569 -1.94595e+06 1.6942e+06 737.197 50.7661 -26.649
Step FractureNumber TipNr TipActive TipX TipY TipZ KI KII KIII G Phi Psi Extension
1010101 FRAC0_S 0 1 29443.7 -29135.5 8340.33 3.73352e+06 -611137 1.1208e+06 1442.48 14.7793 -14.6077
1010101 FRAC0_S 0 1 29299.6 -29249.5 8607.19 2.43119e+06 -107683 293786 539.213 5.22093 -7.73472
1010101 FRAC0_S 0 1 29224 -29429 8864.26 2.50586e+06 -40255.4 -37606.7 559.886 2.16426 1.12832
1010101 FRAC0_S 0 1 29222 -29658.8 9091.23 2.79163e+06 -388685 -709154 774.801 13.2915 13.1245
1010101 FRAC0_S 0 1 29295.5 -29921.5 9268.26 2.57273e+06 -523372 -1.31079e+06 842.739 15.6394 20.2808
1010101 FRAC0_S 0 1 29438.6 -30198.2 9376.21 1.35341e+06 -455753 -1.13088e+06 351.826 20.0201 25.1201
1010101 FRAC0_S 0 1 29630.7 -30461 9396.48 1.06931e+06 -238184 -1.49486e+06 404.15 11.3935 32.2174
1010101 FRAC0_S 0 1 29878.6 -30690.8 9324.95 809989 -89104.5 -1.54371e+06 376.116 5.01355 36.1129
1010101 FRAC0_S 0 1 30135.8 -30835.6 9165.34 1.24712e+06 681396 -1.45975e+06 463.375 -25.3236 27.4792
1010101 FRAC0_S 0 1 30365.2 -30895.4 8927.89 1.90463e+06 463547 -978844 469.837 -18.0467 19.9888
1010101 FRAC0_S 0 1 30559.1 -30865.8 8660.94 1.95584e+06 104527 -729665 412.656 -5.14679 18.142
1010101 FRAC0_S 0 1 30704 -30752 8393.73 2.49068e+06 280450 -406652 581.797 -11.8102 9.44104
1010101 FRAC0_S 0 1 30778.8 -30571.8 8135.83 3.02801e+06 180848 -46512.3 820.235 -7.56152 1.10772
1010101 FRAC0_S 0 1 30779.2 -30341.5 7908.58 3.13765e+06 364252 339706 904.443 -12.6451 -6.63935
1010101 FRAC0_S 0 1 30706.4 -30077.3 7731.47 3.17666e+06 906081 1.33925e+06 1210.93 -21.4409 -17.2529
1010101 FRAC0_S 0 1 30562.4 -29801.8 7622.93 2.35952e+06 711711 1.56179e+06 865.654 -19.8545 -22.5437
1010101 FRAC0_S 0 1 30354.8 -29543 7598.49 1.40792e+06 210193 2.49758e+06 1010.22 -6.96739 -35.1812
1010101 FRAC0_S 0 1 30118.6 -29319.5 7679.8 1.38815e+06 -1598.77 1.91099e+06 657.414 0.0677952 -34.0974
1010101 FRAC0_S 0 1 29881.1 -29160.7 7859.28 1.39817e+06 650882 1.60763e+06 555.686 -22.7019 -27.9136
1010101 FRAC0_S 0 1 29647.1 -29099.9 8087.43 2.8085e+06 -590859 1.49515e+06 1031.3 15.8805 -20.7477