
Step FractureNumber TipNr TipActive TipX TipY TipZ KI KII KIII G Phi Psi Extension
1010000 FRAC0_S 0 1 987.416 29976.8 8500 160842 25491.7 1.10653e+06 165.211 -2.73319 -42.585
1010000 FRAC0_S 0 1 946.265 30283.1 8500 315464 -362149 1.18938e+06 208.701 24.5226 -36.2977
1010000 FRAC0_S 0 1 812.488 30561.6 8500 165300 -893795 875425 175.549 49.7407 -28.5394
1010000 FRAC0_S 0 1 599.178 30785.2 8500 98869 -859134 450453 93.6309 59.3521 -21.5706
1010000 FRAC0_S 0 1 327.217 30931.9 8500 143778 -1.43496e+06 340041 200.707 65.5494 -12.7866
1010000 FRAC0_S 0 1 23.226 30987.4 8500 143920 -1.54236e+06 -6805.39 213.833 69.4452 0.312989
1010000 FRAC0_S 0 1 -283.039 30946.3 8500 -987110 -414024 43054.7 15.5214 34.3825 -2.29604
1010000 FRAC0_S 0 1 -561.598 30812.4 8500 148147 -1.54848e+06 -458059 243.529 64.4592 15.0904
1010000 FRAC0_S 0 1 -785.184 30599.1 8500 -1.04196e+06 -132374 -236313 8.98868 12.5211 12.1406
1010000 FRAC0_S 0 1 -931.911 30327.2 8500 150358 -543079 -1.13807e+06 200.56 35.3581 35.7261
1010000 FRAC0_S 0 1 -987.416 30023.2 8500 162100 13439.8 -1.06955e+06 154.502 -1.50303 42.6522
1010000 FRAC0_S 0 1 -946.265 29716.9 8500 -320664 638247 -586778 82.0927 -45.8737 24.8548
1010000 FRAC0_S 0 1 -812.488 29438.4 8500 -1.01531e+06 404189 -466024 43.4424 -26.7943 17.2625
1010000 FRAC0_S 0 1 -599.178 29214.8 8500 619579 1.55716e+06 -368459 268.334 -59.4513 10.6002
1010000 FRAC0_S 0 1 -327.217 29068.1 8500 -383719 1.17555e+06 -226816 129.985 -61.8207 9.37309
1010000 FRAC0_S 0 1 -23.226 29012.6 8500 133428 1.60569e+06 -4936.09 231.337 -69.5594 0.220494
1010000 FRAC0_S 0 1 283.039 29053.7 8500 128732 1.41021e+06 305631 191.113 -66.1184 -12.018
1010000 FRAC0_S 0 1 561.598 29187.6 8500 185994 819544 756347 139.018 -49.9756 -27.4027
1010000 FRAC0_S 0 1 785.184 29400.9 8500 1.54086e+06 1.53436e+06 1.32773e+06 655.818 -40.287 -20.5203
1010000 FRAC0_S 0 1 931.911 29672.8 8500 278048 579963 1.06469e+06 187.627 -35.8605 -33.0733
Step FractureNumber TipNr TipActive TipX TipY TipZ KI KII KIII G Phi Psi Extension
1010101 FRAC0_S 0 1 1078.25 29975.4 8493.35 134046 -56571.9 -337012 16.9921 14.2059 36.3577
1010101 FRAC0_S 0 1 1028.1 30304.7 8538.64 -123791 632674 -217622 41.9675 -61.4007 15.7789
1010101 FRAC0_S 0 1 868.59 30596.6 8570.04 -980067 1.1345e+06 -434857 139.844 -48.4385 12.3444
1010101 FRAC0_S 0 1 631.359 30824.4 8584.85 -1.97783e+06 1.32725e+06 -614971 207.275 -39.3767 11.4244
1010101 FRAC0_S 0 1 342.011 30970.4 8590.43 -2.93669e+06 2.21733e+06 -390051 458.349 -44.7955 5.32432
1010101 FRAC0_S 0 1 21.154 31034.5 8583.69 -2.39809e+06 1.55461e+06 -226890 222.209 -42.389 4.13701
1010101 FRAC0_S 0 1 -300.787 31003.5 8574.2 -1.59993e+06 1.50182e+06 258715 209.887 -48.5863 -5.80945
1010101 FRAC0_S 0 1 -599.17 30864.8 8564.65 -659580 1.56573e+06 762867 295.855 -54.138 -17.7622
1010101 FRAC0_S 0 1 -849.353 30644.4 8547.86 -582388 1.05974e+06 408097 122.225 -53.6622 -14.2184
1010101 FRAC0_S 0 1 -1014.77 30356.1 8533.69 -15745.2 469014 -3826.58 19.6039 -69.8877 0.608868
1010101 FRAC0_S 0 1 -1073.29 30026.1 8495.21 -1.54365e+06 -393779 792115 97.2679 18.7403 -19.8565
1010101 FRAC0_S 0 1 -1022.96 29694.8 8452.19 262178 -406613 -130770 23.1325 53.0931 11.8743
1010101 FRAC0_S 0 1 -873.587 29397.9 8437.99 -475958 -891419 372571 89.2709 53.3521 -15.1889
1010101 FRAC0_S 0 1 -636.864 29170.7 8423.64 -736628 -1.20005e+06 352878 144.89 54.149 -11.2379
1010101 FRAC0_S 0 1 -342.953 29027 8410.97 -1.39244e+06 -1.2449e+06 209260 143.925 47.8381 -5.55561
1010101 FRAC0_S 0 1 -13.7664 28974.2 8408.19 -2.49694e+06 -1.52119e+06 -95792.6 207.423 42.1964 1.79834
1010101 FRAC0_S 0 1 297.777 29012.4 8411.71 -3.0275e+06 -1.33416e+06 -291702 169.931 34.3851 4.75985
1010101 FRAC0_S 0 1 597.942 29139.8 8422.68 -1.24866e+06 -1.25978e+06 -360358 158.693 47.9799 9.27711
1010101 FRAC0_S 0 1 843.763 29357.7 8433.88 -540324 -951512 -374770 99.3582 53.1762 14.3303
1010101 FRAC0_S 0 1 1010.27 29647.2 8453.35 -259689 -718241 -484128 77.1418 51.8824 22.2097