
Step FractureNumber TipNr TipActive TipX TipY TipZ KI KII KIII G Phi Psi Extension
1010000 FRAC0_S 0 1 757.049 15634.3 8500 3.06496e+07 1.97699e+06 -1.6308e+06 84411.8 -7.84625 3.63836
1010000 FRAC0_S 0 1 523.97 15837.2 8500 -210534 2.85868e+06 -1.29684e+06 951.889 -61.6563 20.2567
1010000 FRAC0_S 0 1 239.601 15958.1 8500 3.54393e+07 3.13308e+06 -276554 112802 -10.8354 0.553586
1010000 FRAC0_S 0 1 -68.2213 15985.3 8500 597296 3.46538e+06 299411 1113.82 -67.0419 -5.1984
1010000 FRAC0_S 0 1 -369.366 15916 8500 -2.29063e+07 2.40464e+06 476239 545.425 -12.4462 -1.42925
1010000 FRAC0_S 0 1 -634.354 15757 8500 4.27378e+06 2.18664e+06 1.49758e+06 2351.96 -33.1832 -13.5098
1010000 FRAC0_S 0 1 -837.248 15524 8500 2.38184e+07 1.51527e+06 2.36734e+06 51503.3 -7.4487 -6.4249
1010000 FRAC0_S 0 1 -958.186 15239.6 8500 -1.33444e+07 400987 1.93247e+06 511.01 -3.53493 -9.11298
1010000 FRAC0_S 0 1 -985.33 14931.8 8500 491460 -320504 2.52757e+06 880.364 12.7914 -40.1316
1010000 FRAC0_S 0 1 -916.022 14630.7 8500 -7.98641e+06 -937804 1.636e+06 434.345 11.8807 -11.2918
1010000 FRAC0_S 0 1 -757.049 14365.7 8500 -3.53246e+07 -1.35519e+06 1.31398e+06 393.285 4.90458 -2.65809
1010000 FRAC0_S 0 1 -523.97 14162.8 8500 402434 -1.93307e+06 768149 425.891 60.0423 -17.2835
1010000 FRAC0_S 0 1 -239.601 14041.9 8500 346249 -2.37592e+06 436971 539.105 65.6974 -10.1576
1010000 FRAC0_S 0 1 68.2213 14014.7 8500 419472 -2.83421e+06 -174037 735.506 67.9013 3.87526
1010000 FRAC0_S 0 1 369.366 14084 8500 1.27033e+07 -2.68685e+06 -849258 15119.3 21.2471 3.98884
1010000 FRAC0_S 0 1 634.354 14243 8500 1.91818e+06 -2.38302e+06 -1.56236e+06 1158.56 45.3358 18.4404
1010000 FRAC0_S 0 1 837.248 14476 8500 1.72581e+07 -1.58399e+06 -1.79996e+06 27195.3 10.3308 6.55056
1010000 FRAC0_S 0 1 958.186 14760.4 8500 321389 -444417 -1.53921e+06 341.903 24.3905 37.3706
1010000 FRAC0_S 0 1 985.33 15068.2 8500 560043 250948 -2.09089e+06 615.011 -11.5834 39.0689
1010000 FRAC0_S 0 1 916.022 15369.3 8500 543335 1.18368e+06 -1.98476e+06 675.083 -37.5271 32.2726
Step FractureNumber TipNr TipActive TipX TipY TipZ KI KII KIII G Phi Psi Extension
1010101 FRAC0_S 0 1 831.955 15670.3 8456.68 3.13383e+06 6.60945e+06 -5.51455e+06 8812.46 -47.5104 23.8804
1010101 FRAC0_S 0 1 561.502 15897.1 8447.88 2.3286e+06 1.62575e+06 -1.35502e+06 962.91 -36.3053 17.7572
1010101 FRAC0_S 0 1 257.137 16025.6 8445.57 2.34667e+06 -771123 58412.8 544.156 29.8634 -1.42332
1010101 FRAC0_S 0 1 -72.7413 16051.3 8443.87 2.76788e+07 -6.91388e+06 863634 72627.3 24.6379 -1.88032
1010101 FRAC0_S 0 1 -401.736 15987.1 8452.52 6.11339e+06 2.54964e+06 1.30656e+06 4136.67 -31.2256 -9.65549
1010101 FRAC0_S 0 1 -691.373 15824.9 8464 8.6488e+06 1.85669e+07 1.09434e+07 53312.5 -51.5469 -19.6551
1010101 FRAC0_S 0 1 -916.921 15572.4 8478.3 -4.47998e+07 1.03949e+07 2.32304e+06 10346.4 -23.0152 -3.09645
1010101 FRAC0_S 0 1 -1051.94 15263.2 8499.22 1.00177e+06 968343 2.63223e+06 1094.49 -26.3575 -33.8162
1010101 FRAC0_S 0 1 -1080.87 14925.4 8514.68 539832 306055 5.26576e+06 3722.16 -6.83529 -42.707
1010101 FRAC0_S 0 1 -1002.41 14588.7 8517.84 1.12054e+07 -1.67399e+06 7.40481e+06 18731 11.077 -24.0765
1010101 FRAC0_S 0 1 -824.544 14313.9 8531.08 1.72535e+06 -1.58786e+06 1.69015e+06 869.867 37.3801 -22.5829
1010101 FRAC0_S 0 1 -558.803 14115.6 8568.24 2.73882e+06 -920179 949047 863.668 25.1653 -14.6647
1010101 FRAC0_S 0 1 -250.566 14001.9 8590.39 2.68053e+06 -453293 474617 688.548 16.4822 -9.6884
1010101 FRAC0_S 0 1 75.7385 13964.3 8578.17 1.36416e+07 6.4156e+06 935375 20366.8 -36.2479 -3.40997
1010101 FRAC0_S 0 1 398.73 14017.9 8559.06 1.30022e+06 -3.09374e+06 -961453 1126.48 57.5155 12.9397
1010101 FRAC0_S 0 1 686.49 14181.4 8549.1 2.0166e+06 -1.78512e+06 -1.48419e+06 939.32 39.2963 19.2994
1010101 FRAC0_S 0 1 912.32 14431 8537.07 1.34863e+06 -1.25667e+06 -1.92344e+06 794.849 33.4584 27.1753
1010101 FRAC0_S 0 1 1047.64 14738 8520.11 584529 -625325 -1.11861e+06 231.713 32.5493 29.8557
1010101 FRAC0_S 0 1 1074.67 15073.5 8485.06 1.21292e+06 92579.9 -2.08125e+06 707.962 -3.77472 35.4708
1010101 FRAC0_S 0 1 996.211 15401.8 8461.11 1.18154e+06 708503 -2.12832e+06 771.59 -22.5081 32.0552