
Step FractureNumber TipNr TipActive TipX TipY TipZ KI KII KIII G Phi Psi Extension
1010000 FRAC0_S 0 1 -45000 15987.2 8471.27 -2.46287e+06 1.80014e+06 1.40512e+06 551.351 -37.4022 -17.3081
1010000 FRAC0_S 0 1 -45000 15947.8 8777.76 -2.74435e+06 1.09079e+06 1.57181e+06 434.616 -25.3945 -19.886
1010000 FRAC0_S 0 1 -45000 15815.6 9057.06 -2.97304e+06 549357 1.5686e+06 354.14 -14.292 -20.9
1010000 FRAC0_S 0 1 -45000 15603.5 9281.83 -3.18388e+06 -34633.1 1.60879e+06 344.337 1.00082 -22.3297
1010000 FRAC0_S 0 1 -45000 15332.4 9430.08 -3.10654e+06 -762034 1.45995e+06 335.229 18.5898 -18.8937
1010000 FRAC0_S 0 1 -45000 15028.7 9487.27 -3.02238e+06 -1.25913e+06 1.16353e+06 321.33 28.6308 -15.1607
1010000 FRAC0_S 0 1 -45000 14722.2 9447.82 -2.88008e+06 -1.65367e+06 755313 319.558 36.9293 -10.4659
1010000 FRAC0_S 0 1 -45000 14442.9 9315.6 -3.40622e+06 -2.41052e+06 378404 536.829 43.876 -4.64118
1010000 FRAC0_S 0 1 -45000 14218.2 9103.54 -2.81359e+06 -2.07196e+06 -180160 386.867 45.5517 2.7323
1010000 FRAC0_S 0 1 -45000 14070 8832.4 -3.00299e+06 -2.1803e+06 -916563 535.336 41.0977 10.9752
1010000 FRAC0_S 0 1 -45000 14012.8 8528.73 -2.82491e+06 -1.68044e+06 -1.45134e+06 531.784 33.9243 17.0456
1010000 FRAC0_S 0 1 -45000 14052.2 8222.24 -2.23657e+06 -719268 -1.78002e+06 467.509 19.6481 24.6552
1010000 FRAC0_S 0 1 -45000 14184.4 7942.94 -1.86503e+06 387159 -1.88728e+06 487.081 -12.4817 28.7024
1010000 FRAC0_S 0 1 -45000 14396.5 7718.17 -1.68583e+06 860362 -1.47469e+06 355.196 -26.7514 24.1682
1010000 FRAC0_S 0 1 -45000 14667.6 7569.92 -1.19395e+06 1.97768e+06 -1.23878e+06 552.627 -48.7025 19.305
1010000 FRAC0_S 0 1 -45000 14971.3 7512.73 -2.1581e+06 2.96053e+06 -1.18131e+06 966.623 -50.3318 13.4655
1010000 FRAC0_S 0 1 -45000 15277.8 7552.18 -1.96034e+06 2.29856e+06 -564923 513.247 -50.8164 8.68207
1010000 FRAC0_S 0 1 -45000 15557.1 7684.4 -2.24087e+06 3.12739e+06 74213.1 872.278 -57.334 -1.05747
1010000 FRAC0_S 0 1 -45000 15781.8 7896.46 -2.28992e+06 2.34624e+06 309229 503.256 -50.6643 -4.74822
1010000 FRAC0_S 0 1 -45000 15930 8167.6 -2.29508e+06 2.18036e+06 1.03986e+06 567.441 -44.4061 -13.5332
Step FractureNumber TipNr TipActive TipX TipY TipZ KI KII KIII G Phi Psi Extension
1010101 FRAC0_S 0 1 -45058.6 16065.5 8470.46 -682837 2.46114e+06 1.23834e+06 743.713 -56.5468 -19.4059
1010101 FRAC0_S 0 1 -45042.8 16031 8803.55 -1.59249e+06 1.92034e+06 1.47879e+06 619.458 -43.4996 -20.2115
1010101 FRAC0_S 0 1 -45022.7 15892.5 9110.53 -2.32667e+06 1.38878e+06 1.38919e+06 428.536 -32.9075 -18.783
1010101 FRAC0_S 0 1 -44997.3 15662 9357.39 -2.24433e+06 -62370.2 1.40615e+06 263.321 2.33203 -24.8072
1010101 FRAC0_S 0 1 -44971.7 15364.2 9516.42 -2.79371e+06 -1.43479e+06 1.63554e+06 539.22 30.064 -19.1879
1010101 FRAC0_S 0 1 -44953.1 15032.3 9572.63 -2.30671e+06 -3.02428e+06 1.48526e+06 1108.42 48.3361 -15.4294
1010101 FRAC0_S 0 1 -44940.6 14701.4 9522.99 -1.30363e+06 -3.39864e+06 960189 1151.91 58.8115 -12.2777
1010101 FRAC0_S 0 1 -44932.5 14403.1 9375.24 -666677 -3.68641e+06 434767 1236.11 66.2954 -6.81076
1010101 FRAC0_S 0 1 -44930.5 14162.5 9146.16 -570238 -4.55938e+06 -251098 1860.8 68.369 3.5681
1010101 FRAC0_S 0 1 -44935.3 13999.8 8856.39 -602190 -3.44362e+06 -807564 1143.45 64.094 12.0649
1010101 FRAC0_S 0 1 -44947.3 13930.9 8529.65 -1.13606e+06 -2.74627e+06 -1.39895e+06 932.354 53.8721 18.3458
1010101 FRAC0_S 0 1 -44974.7 13966.1 8195.83 -1.42832e+06 -1.24845e+06 -1.52781e+06 449.336 35.3981 23.9855
1010101 FRAC0_S 0 1 -45013.7 14107.8 7891.11 -1.5951e+06 352561 -1.89234e+06 487.345 -12.2637 30.4241
1010101 FRAC0_S 0 1 -45046.7 14343.5 7653.52 -718216 1.54196e+06 -1.70199e+06 597.145 -43.8822 27.4165
1010101 FRAC0_S 0 1 -45068.1 14642.4 7505.23 244489 2.03601e+06 -1.26249e+06 586.706 -57.3359 23.604
1010101 FRAC0_S 0 1 -45076.6 14969.3 7450.13 800387 2.3965e+06 -933175 684.682 -57.6672 15.9391
1010101 FRAC0_S 0 1 -45079 15293.8 7494.77 1.08287e+06 2.28228e+06 -341752 584.182 -59.6611 6.91061
1010101 FRAC0_S 0 1 -45080.8 15589.3 7637.27 1.01129e+06 1.71788e+06 121786 356.079 -58.9431 -3.27176
1010101 FRAC0_S 0 1 -45077.3 15831.4 7859.94 903710 1.68918e+06 329384 341.466 -57.5363 -8.3725
1010101 FRAC0_S 0 1 -45069.5 15996.2 8145.32 197268 2.53119e+06 904005 683.079 -63.5659 -17.3679