
Step FractureNumber TipNr TipActive TipX TipY TipZ KI KII KIII G Phi Psi Extension
1010000 FRAC0_S 0 1 -14307.7 15012.1 7795.63 -6.5451e+06 -786976 3.78761e+06 1963.21 9.55763 -22.7398
1010000 FRAC0_S 0 1 -14469.4 15260.6 7708.75 -8.6501e+06 -3.0981e+06 4.75337e+06 3860.36 23.817 -19.7301
1010000 FRAC0_S 0 1 -14683.1 15483.7 7699.32 -8.2925e+06 -5.08425e+06 3.51408e+06 3945.84 35.7985 -14.7993
1010000 FRAC0_S 0 1 -14927.7 15659.4 7768.28 -6.59081e+06 -4.74409e+06 1.45579e+06 2287.41 42.2965 -8.45019
1010000 FRAC0_S 0 1 -15179.4 15770.6 7908.85 -4.86935e+06 -5.24552e+06 1.78162e+06 2874.07 48.1209 -10.9412
1010000 FRAC0_S 0 1 -15413.6 15806.3 8107.29 -1.3838e+06 -1.72815e+06 -358277 283.201 52.3593 7.70119
1010000 FRAC0_S 0 1 -15607.4 15763.2 8344.17 1.19088e+06 -4.90241e+06 2.20594e+06 2915.21 58.2735 -18.401
1010000 FRAC0_S 0 1 -15741.6 15645.2 8596.31 4.64764e+06 -5.97862e+06 2.76231e+06 6124.79 48.5583 -14.6881
1010000 FRAC0_S 0 1 -15803.2 15464.2 8839.02 8.80411e+06 -8.10086e+06 2.86027e+06 13843 45.6209 -10.5965
1010000 FRAC0_S 0 1 -15786.2 15237.7 9048.54 1.13932e+07 -1.06524e+07 2.17126e+06 22305.4 48.0382 -6.72816
1010000 FRAC0_S 0 1 -15692.3 14987.9 9204.37 1.04254e+07 -9.36837e+06 523647 17542.6 49.6711 -1.9884
1010000 FRAC0_S 0 1 -15530.6 14739.4 9291.25 1.34403e+07 -1.14208e+07 -1.75098e+06 28127.8 47.1897 4.98927
1010000 FRAC0_S 0 1 -15316.9 14516.3 9300.68 1.26812e+07 -8.98864e+06 -3.77839e+06 23428.5 40.7166 10.8535
1010000 FRAC0_S 0 1 -15072.3 14340.6 9231.72 1.24759e+07 -6.19309e+06 -5.88344e+06 21891.3 30.8598 16.7961
1010000 FRAC0_S 0 1 -14820.6 14229.4 9091.15 1.19957e+07 -3.07118e+06 -7.6624e+06 21472 17.6387 22.5447
1010000 FRAC0_S 0 1 -14586.4 14193.7 8892.71 9.37959e+06 1.83659e+06 -6.75987e+06 14217.7 -13.573 24.6652
1010000 FRAC0_S 0 1 -14392.6 14236.8 8655.83 -1.23968e+07 3.64817e+07 -2.55139e+07 205175 -51.8212 22.8696
1010000 FRAC0_S 0 1 -14258.4 14354.8 8403.69 2.17501e+06 7.02611e+06 -1.28427e+06 5039.94 -62.3809 9.05855
1010000 FRAC0_S 0 1 -14196.8 14535.8 8160.98 -1.55781e+06 6.09717e+06 1.67339e+06 3685.13 -61.6012 -12.9303
1010000 FRAC0_S 0 1 -14213.8 14762.3 7951.46 -4.86766e+06 3.83545e+06 4.0789e+06 3523.64 -35.7065 -21.5303
Step FractureNumber TipNr TipActive TipX TipY TipZ KI KII KIII G Phi Psi Extension
1010101 FRAC0_S 0 1 -14242.5 15016 7733.07 -1.08444e+07 1.53836e+07 1.40934e+07 47505.4 -43.2241 -23.2315
1010101 FRAC0_S 0 1 -14398.6 15305.4 7660.59 -5.26372e+06 -6.30337e+06 6.22851e+06 8700.21 40.8068 -23.2577
1010101 FRAC0_S 0 1 -14624 15554.4 7666.86 -1.60397e+07 -2.7624e+06 -1.4837e+06 972.768 17.7664 5.52837
1010101 FRAC0_S 0 1 -14895.5 15753 7758.88 -8.1454e+06 -1.15003e+07 1.42019e+07 38610.6 39.4866 -26.9178
1010101 FRAC0_S 0 1 -15147.9 15864.1 7911.73 6.62533e+06 -7.75051e+06 1.46977e+06 9551.66 51.7306 -6.95101
1010101 FRAC0_S 0 1 -15391.7 15900.3 8128.97 -1.6733e+07 -3.09788e+06 7.77181e+06 8888.51 14.8306 -19.3455
1010101 FRAC0_S 0 1 -15595.5 15853.5 8382.37 4.95644e+06 -830612 1.98042e+06 2772.21 14.1704 -17.7419
1010101 FRAC0_S 0 1 -15744.5 15729.5 8647.69 7.18707e+06 -333902 2.19708e+06 5254.83 4.72762 -15.9477
1010101 FRAC0_S 0 1 -15815.2 15537.7 8904.1 1.07236e+07 817209 2.65606e+06 11245.1 -7.82681 -13.4377
1010101 FRAC0_S 0 1 -15795.6 15296.5 9127.43 1.64296e+07 2.48056e+06 2.35011e+06 25336.5 -15.3817 -8.2189
1010101 FRAC0_S 0 1 -15694 15030.4 9293.66 1.99612e+07 3.12241e+06 815105 36462.9 -17.0964 -2.62193
1010101 FRAC0_S 0 1 -15524.6 14762.5 9386.97 1.91209e+07 3.84383e+07 -2.25983e+07 232161 -51.0381 19.3672
1010101 FRAC0_S 0 1 -15303 14515.7 9397.73 1.99668e+07 833472 -3.18654e+06 36938.2 -4.78007 9.77957
1010101 FRAC0_S 0 1 -15048.6 14312.6 9321.74 2.01811e+07 226616 -6.23693e+06 41470.6 -1.18565 16.4499
1010101 FRAC0_S 0 1 -14790.5 14170.7 9158 1.44171e+07 -879355 -6.06408e+06 23481.4 5.64479 19.484
1010101 FRAC0_S 0 1 -14565.9 14109.6 8914.98 1.27791e+07 -1.31434e+06 -6.21824e+06 19848.8 8.7661 20.7861
1010101 FRAC0_S 0 1 -14393.7 14146.6 8630.36 -4.33934e+06 -7.39611e+06 -7.58603e+06 12528.4 43.3338 25.5375
1010101 FRAC0_S 0 1 -14271.5 14272.5 8350.17 7.77065e+06 1.02718e+06 -1.2682e+06 5688.66 -13.5573 9.30328
1010101 FRAC0_S 0 1 -14199.2 14465.6 8093.81 2.93813e+06 3.29523e+06 1.38849e+06 1993.26 -47.4433 -13.1143
1010101 FRAC0_S 0 1 -14181.6 14720.1 7880.1 2.16449e+07 2.88316e+07 2.52486e+07 200609 -43.1562 -22.3384