
Step FractureNumber TipNr TipActive TipX TipY TipZ KI KII KIII G Phi Psi Extension
1010000 FRAC0_S 0 1 44296.8 44306.4 8500 60779.2 187276 -770.173 3.45456 -65.7169 0.241112
1010000 FRAC0_S 0 1 44545.6 44123 8500 58409.1 176009 39547.3 3.27258 -61.051 -10.5718
1010000 FRAC0_S 0 1 44838.9 44025.5 8500 58541.5 147566 75107.5 2.99609 -54.1892 -18.4784
1010000 FRAC0_S 0 1 45147.9 44023.4 8500 60317.4 97826.5 99603 2.49644 -43.0525 -25.2141
1010000 FRAC0_S 0 1 45442.4 44116.9 8500 57482.7 55637.9 117311 2.40061 -29.7223 -31.1564
1010000 FRAC0_S 0 1 45693.6 44296.8 8500 26923.2 -586159 -362935 48.2002 58.8315 24.4415
1010000 FRAC0_S 0 1 45877 44545.6 8500 13887.4 -450314 91115.2 19.1913 67.4973 -11.9097
1010000 FRAC0_S 0 1 45974.5 44838.9 8500 50779.4 -112114 97623.1 2.61737 47.2851 -24.5949
1010000 FRAC0_S 0 1 45976.6 45147.9 8500 51821.6 -157118 84657.2 3.39227 54.8739 -19.7472
1010000 FRAC0_S 0 1 45883.1 45442.4 8500 52564.3 -157801 37377.5 2.65097 60.7739 -11.0169
1010000 FRAC0_S 0 1 45703.2 45693.6 8500 52652.1 -212439 8773.13 4.27883 66.4786 -2.46484
1010000 FRAC0_S 0 1 45454.4 45877 8500 51046.9 -158254 -32038.3 2.60042 61.7036 9.77309
1010000 FRAC0_S 0 1 45161.1 45974.5 8500 40035.4 1.09746e+06 116855 109.285 -68.9049 -6.98006
1010000 FRAC0_S 0 1 44852.1 45976.6 8500 44739.4 -124285 -109602 3.1525 48.5207 25.5762
1010000 FRAC0_S 0 1 44557.6 45883.1 8500 87838.8 -773050 -303422 66.1848 62.0952 18.0858
1010000 FRAC0_S 0 1 44306.4 45703.2 8500 90849.9 -264358 116087 8.75525 56.5045 -17.2104
1010000 FRAC0_S 0 1 44123 45454.4 8500 81043.4 55792.1 -117320 2.69327 -27.3595 28.9737
1010000 FRAC0_S 0 1 44025.5 45161.1 8500 61609.6 350507 -877654 113.733 -32.8766 37.7965
1010000 FRAC0_S 0 1 44023.4 44852.1 8500 67293.4 155976 -86007.9 3.55529 -52.8014 19.1392
1010000 FRAC0_S 0 1 44116.9 44557.6 8500 63356.6 176610 -41290.1 3.36388 -60.3096 10.7396
Step FractureNumber TipNr TipActive TipX TipY TipZ KI KII KIII G Phi Psi Extension
1010101 FRAC0_S 0 1 44265.6 44275.7 8410.83 469886 153070 -544607 61.2101 -17.1512 29.203
1010101 FRAC0_S 0 1 44524.7 44079.9 8413.18 675040 295284 -364177 66.0145 -27.5505 18.8282
1010101 FRAC0_S 0 1 44831.2 43967.8 8420.51 767209 483634 -160854 76.7352 -39.7469 8.45915
1010101 FRAC0_S 0 1 45160.7 43953.5 8433.2 614144 532421 75657.7 59.6314 -47.703 -4.70188
1010101 FRAC0_S 0 1 45473.7 44050.8 8479.53 552305 1.06144e+06 232951 134.795 -57.343 -9.31419
1010101 FRAC0_S 0 1 45730.1 44254.7 8553.49 195391 63234.1 -63181.5 4.28924 -24.8068 14.042
1010101 FRAC0_S 0 1 45919.8 44524.9 8585.96 -110640 114808 -74362 1.91001 -43.3463 17.3162
1010101 FRAC0_S 0 1 46030.6 44831.1 8580.28 -85701 132985 7316.52 1.58302 -58.1422 -2.49056
1010101 FRAC0_S 0 1 46032.6 45154.9 8581.08 -17737.2 158211 205954 7.87195 -45.9845 -32.4669
1010101 FRAC0_S 0 1 45926.2 45462.5 8587 -231696 200009 225758 10.3433 -36.1116 -22.8925
1010101 FRAC0_S 0 1 45718.5 45739 8589.7 463184 -166258 514285 56.7577 18.8719 -28.4009
1010101 FRAC0_S 0 1 45473.8 45913.9 8543.62 495309 -397472 227512 42.8237 40.8595 -14.4794
1010101 FRAC0_S 0 1 45167.1 46019.1 8494.09 -455529 -2.26471e+06 446996 483.612 64.316 -10.3509
1010101 FRAC0_S 0 1 44843.4 46028.6 8536.23 213743 -284514 -253492 19.8307 42.959 22.5495
1010101 FRAC0_S 0 1 44535 45930.2 8583.77 572504 -302421 -399034 58.534 29.2895 21.1938
1010101 FRAC0_S 0 1 44262 45743.5 8552.3 360041 -167579 -358934 31.1886 23.9621 26.1702
1010101 FRAC0_S 0 1 44053.2 45488.1 8484.3 137354 -188379 -338506 20.0833 34.074 31.1796
1010101 FRAC0_S 0 1 43949.4 45176 8441.46 4215.44 -119409 -230924 8.3645 39.2108 36.8037
1010101 FRAC0_S 0 1 43961.7 44845.4 8424.88 8909.74 121881 -386794 21.2289 -29.0856 39.8605
1010101 FRAC0_S 0 1 44072.5 44537 8413.86 198338 24976.5 -560885 45.4018 -4.38794 38.9067