
Step FractureNumber TipNr TipActive TipX TipY TipZ KI KII KIII G Phi Psi Extension
1010000 FRAC0_S 0 1 29229.7 30178.4 9091.89 -8.14147e+06 1.08185e+07 -1.02926e+07 24518.9 -42.202 23.3591
1010000 FRAC0_S 0 1 29341.1 29926.6 9232.18 -1.07699e+07 1.7239e+07 -8.40393e+06 35875.2 -50.5908 16.2443
1010000 FRAC0_S 0 1 29517.1 29682 9300.8 -1.09907e+07 2.05117e+07 -4.29629e+06 39946 -57.2354 8.88569
1010000 FRAC0_S 0 1 29740.4 29468.6 9291.03 -1.01697e+07 2.00342e+07 405155 35787.8 -61.645 -1.02666
1010000 FRAC0_S 0 1 29989 29307.2 9203.83 -9.66239e+06 1.84162e+07 4.66636e+06 33118.2 -56.5963 -10.4453
1010000 FRAC0_S 0 1 30238.7 29213.5 9047.74 -7.61168e+06 1.40916e+07 7.65458e+06 25487.6 -51.0715 -18.0938
1010000 FRAC0_S 0 1 30465 29196.9 8838.02 -5.84164e+06 9.36427e+06 9.47985e+06 19766.4 -43.0346 -25.0871
1010000 FRAC0_S 0 1 30645.9 29258.9 8595.21 -3.37448e+06 3.38831e+06 7.93492e+06 9397.11 -28.5544 -32.4919
1010000 FRAC0_S 0 1 30763.5 29393.4 8343.1 -4.37734e+06 51073 9.30355e+06 11512.2 -0.519731 -37.6981
1010000 FRAC0_S 0 1 30806.3 29587.3 8106.34 -1.76862e+06 -3.73956e+06 8.15114e+06 10082.8 33.0816 -34.7947
1010000 FRAC0_S 0 1 30770.3 29821.6 7908.11 178315 -6.45512e+06 6.38334e+06 9135.28 52.2124 -30.3147
1010000 FRAC0_S 0 1 30658.9 30073.4 7767.82 1.20732e+06 -9.73339e+06 5.29979e+06 12307.7 58.7624 -21.9396
1010000 FRAC0_S 0 1 30482.9 30318 7699.2 2.46667e+06 -8.42469e+06 2.12116e+06 7465.21 61.2986 -11.8378
1010000 FRAC0_S 0 1 30259.6 30531.4 7708.97 -386681 -1.00818e+07 593150 9104.17 69.4508 -4.08765
1010000 FRAC0_S 0 1 30011 30692.8 7796.17 621298 -1.1089e+07 -1.73069e+06 11390.3 67.8566 9.49632
1010000 FRAC0_S 0 1 29761.3 30786.5 7952.26 -604 -1.00556e+07 -4.19944e+06 11355.9 63.9238 20.1136
1010000 FRAC0_S 0 1 29538.6 30803.5 8157.89 981719 -6.42535e+06 -5.13383e+06 7270.17 53.3539 26.4004
1010000 FRAC0_S 0 1 29354.1 30741.1 8404.79 -2.67152e+06 -5.32446e+06 -9.13958e+06 13636 36.7431 32.2149
1010000 FRAC0_S 0 1 29236.5 30606.6 8656.9 -3.93173e+06 -396896 -8.3225e+06 9226.15 4.32323 37.0309
1010000 FRAC0_S 0 1 29193.7 30412.7 8893.66 -7.11613e+06 5.48294e+06 -1.23908e+07 23098.6 -27.3472 30.5619
Step FractureNumber TipNr TipActive TipX TipY TipZ KI KII KIII G Phi Psi Extension
1010101 FRAC0_S 0 1 29135 30156.1 9097.53 1.63349e+06 7.06585e+06 -6.42733e+06 10181 -50.1221 27.1844
1010101 FRAC0_S 0 1 29254.8 29879.2 9233.64 7.39432e+06 1.20236e+07 -6.3153e+06 23058.9 -50.1316 17.1548
1010101 FRAC0_S 0 1 29442.1 29617.6 9295.89 9.81363e+06 1.34548e+07 -3.05464e+06 25954.6 -53.2712 8.60707
1010101 FRAC0_S 0 1 29677.7 29392.2 9281.24 1.00012e+07 1.25116e+07 271032 22872.4 -55.771 -0.9232
1010101 FRAC0_S 0 1 29941.3 29220.9 9193.64 7.22748e+06 8.58687e+06 2.69769e+06 12193.2 -49.8783 -10.6659
1010101 FRAC0_S 0 1 30210.4 29119.7 9036.86 6.29809e+06 9.07652e+06 5.54774e+06 14969.2 -47.5608 -18.3622
1010101 FRAC0_S 0 1 30462.6 29100.3 8823.53 3.74975e+06 7.73681e+06 8.18473e+06 15496.6 -44.2344 -26.7409
1010101 FRAC0_S 0 1 30678.8 29171.9 8577.95 3.76034e+06 1.88521e+06 7.84105e+06 9753.84 -18.202 -34.1942
1010101 FRAC0_S 0 1 30834.3 29338.2 8329.64 -1.4532e+06 -73108.2 8.06373e+06 8648.64 1.0632 -42.2542
1010101 FRAC0_S 0 1 30898.9 29578.7 8103.52 2.95211e+06 -1.53848e+06 5.10452e+06 4452.98 20.6479 -32.1559
1010101 FRAC0_S 0 1 30863 29851.3 7914.82 4.88883e+06 -1.60092e+06 4.2973e+06 4814.26 19.2358 -25.8361
1010101 FRAC0_S 0 1 30742.7 30125.1 7778.43 5.71512e+06 -767518 2.88176e+06 4067.56 11.0044 -20.8782
1010101 FRAC0_S 0 1 30556.8 30382.5 7714.27 6.25914e+06 -229143 1.54478e+06 3813.11 3.93654 -13.7793
1010101 FRAC0_S 0 1 30323.3 30604.4 7731.52 6.05897e+06 -71069.4 459287 3299.84 1.50183 -5.2764
1010101 FRAC0_S 0 1 30064.1 30772.7 7822.83 6.37154e+06 -401371 -608695 3681.19 7.40546 6.20757
1010101 FRAC0_S 0 1 29799.9 30873.6 7979.13 7.09083e+06 -1.40531e+06 -2.35625e+06 5394.82 16.9553 15.3796
1010101 FRAC0_S 0 1 29549.9 30895.9 8188.5 6.53723e+06 -3.15835e+06 -4.67563e+06 7604.61 27.3868 21.884
1010101 FRAC0_S 0 1 29331.5 30828.6 8429.71 3.01098e+06 -4.04686e+06 -7.45245e+06 9653.92 33.6006 31.3558
1010101 FRAC0_S 0 1 29170.9 30665.7 8675.93 -273674 -849925 -7.95974e+06 8490.9 12.4869 43.0107
1010101 FRAC0_S 0 1 29101.8 30428.1 8904.56 -479127 5.31188e+06 -1.04067e+07 16918.1 -38.3835 36.4917