
Step FractureNumber TipNr TipActive TipX TipY TipZ KI KII KIII G Phi Psi Extension
1010000 FRAC0_S 0 1 -44243.4 14863.4 7879.98 3.95204e+06 1.43002e+06 -340459 1589.42 -30.6137 4.52377
1010000 FRAC0_S 0 1 -44366.7 15115.7 7750.97 3.22951e+06 1.24456e+06 -5927.91 1067.42 -33.4902 0.103151
1010000 FRAC0_S 0 1 -44552 15356.7 7695.29 4.60495e+06 1.71994e+06 248406 2161.44 -31.8394 -2.90051
1010000 FRAC0_S 0 1 -44781.1 15562.7 7718.37 2.98485e+06 1.04759e+06 344251 907.463 -29.4995 -5.93098
1010000 FRAC0_S 0 1 -45031.6 15713.7 7817.96 4.35656e+06 1.35174e+06 831366 1946.02 -25.9471 -9.38256
1010000 FRAC0_S 0 1 -45279.1 15794.8 7984.32 3.61244e+06 860293 932671 1344.51 -20.5085 -12.476
1010000 FRAC0_S 0 1 -45499.3 15798.1 8201.16 3.91964e+06 608533 1.28324e+06 1621.06 -13.8923 -15.6144
1010000 FRAC0_S 0 1 -45670.6 15723.3 8447.25 4.22438e+06 -75109.9 1.39159e+06 1848.27 1.8355 -17.0996
1010000 FRAC0_S 0 1 -45776.2 15577.6 8698.5 3.36281e+06 -746713 1.48916e+06 1352.33 17.427 -18.4121
1010000 FRAC0_S 0 1 -45805.8 15375.5 8930.32 4.594e+06 -1.46531e+06 1.40472e+06 2334.42 24.7864 -13.5107
1010000 FRAC0_S 0 1 -45756.6 15136.6 9120.02 4.14895e+06 -1.91648e+06 881439 1964.54 33.2952 -9.3656
1010000 FRAC0_S 0 1 -45633.3 14884.3 9249.03 3.55032e+06 -1.98107e+06 392844 1493.46 38.9885 -5.02718
1010000 FRAC0_S 0 1 -45448 14643.3 9304.71 4.83863e+06 -2.71784e+06 2366.38 2744.5 41.2883 -0.0244156
1010000 FRAC0_S 0 1 -45218.9 14437.3 9281.63 4.6113e+06 -2.44621e+06 -582944 2473.27 37.6478 5.75906
1010000 FRAC0_S 0 1 -44968.4 14286.3 9182.04 4.34426e+06 -1.75163e+06 -1.14696e+06 2130.1 29.7638 11.5243
1010000 FRAC0_S 0 1 -44720.9 14205.2 9015.68 4.45557e+06 -1.00816e+06 -1.47105e+06 2147.41 18.8735 15.061
1010000 FRAC0_S 0 1 -44500.7 14201.9 8798.84 4.78754e+06 -252917 -1.62911e+06 2401.13 5.20829 17.0834
1010000 FRAC0_S 0 1 -44329.4 14276.7 8552.75 4.67024e+06 581711 -1.44705e+06 2252.24 -11.6291 15.309
1010000 FRAC0_S 0 1 -44223.8 14422.4 8301.5 4.74783e+06 1.23441e+06 -1.18746e+06 2332.03 -22.0288 12.0133
1010000 FRAC0_S 0 1 -44194.2 14624.5 8069.68 4.99904e+06 1.76797e+06 -752119 2580.67 -29.0481 7.47195
Step FractureNumber TipNr TipActive TipX TipY TipZ KI KII KIII G Phi Psi Extension
1010101 FRAC0_S 0 1 -44206.5 14815.5 7802.22 4.54915e+06 -1.25774e+06 -255720 1993.77 26.0315 3.23132
1010101 FRAC0_S 0 1 -44344.7 15094.4 7657.65 4.73202e+06 -642877 -269177 2041.82 15.0383 3.64491
1010101 FRAC0_S 0 1 -44544.8 15356.5 7597.34 5.13508e+06 -724963 -6524.38 2396.58 16.2316 0.0867052
1010101 FRAC0_S 0 1 -44790.7 15583.3 7622.96 4.98608e+06 -582867 291482 2256.94 13.2317 -3.79787
1010101 FRAC0_S 0 1 -45059.7 15752.6 7732.68 4.79708e+06 -766530 181971 2107.36 17.4318 -2.43727
1010101 FRAC0_S 0 1 -45325.3 15848.4 7917.11 4.5997e+06 -60266.3 935874 2002.13 1.49966 -12.1221
1010101 FRAC0_S 0 1 -45558.9 15863 8161.38 4.95404e+06 -88721.3 1.34977e+06 2430 1.92956 -14.9983
1010101 FRAC0_S 0 1 -45733.7 15795.2 8443.81 4.95294e+06 334038 1.51619e+06 2501.7 -6.7053 -15.7444
1010101 FRAC0_S 0 1 -45833.9 15647.7 8731.8 3.38452e+06 254491 1.00042e+06 1159.64 -7.46893 -15.285
1010101 FRAC0_S 0 1 -45853.3 15433.9 8992.36 4.71667e+06 525613 1.16948e+06 2188.95 -11.0063 -13.129
1010101 FRAC0_S 0 1 -45788.6 15179.7 9201.87 5.27848e+06 678929 961595 2646.87 -13.0635 -10.2029
1010101 FRAC0_S 0 1 -45647.1 14911.5 9342.54 4.92195e+06 732829 445767 2233.03 -15.8074 -5.52326
1010101 FRAC0_S 0 1 -45445 14653.2 9402.67 5.45468e+06 731593 86739.7 2700.03 -15.3755 -1.07223
1010101 FRAC0_S 0 1 -45201.2 14426.6 9377.57 5.66003e+06 550717 -465858 2910.61 -11.0716 5.28177
1010101 FRAC0_S 0 1 -44936.8 14252.5 9267.84 5.96556e+06 403048 -906022 3294.89 -7.54178 9.20266
1010101 FRAC0_S 0 1 -44676.5 14149.2 9080.71 5.82347e+06 131115 -1.43596e+06 3297.74 -2.4617 13.9094
1010101 FRAC0_S 0 1 -44447.9 14129 8831.95 4.1529e+06 -17.8871 -1.15762e+06 1715.07 0.000471551 15.4348
1010101 FRAC0_S 0 1 -44275.3 14197.2 8548.32 5.34272e+06 -220210 -1.39106e+06 2805.3 4.36315 14.2824
1010101 FRAC0_S 0 1 -44173.7 14348.2 8263.23 5.32778e+06 -616754 -1.07023e+06 2715.64 11.768 11.1322
1010101 FRAC0_S 0 1 -44150.6 14564.6 8005.69 5.54973e+06 -633114 -776241 2860.4 12.1574 8.28981