
Step FractureNumber TipNr TipActive TipX TipY TipZ KI KII KIII G Phi Psi Extension
1010000 FRAC0_S 0 1 -43.2215 -6780.99 7824.21 -4.44824e+06 -3.3812e+06 -2.19057e+06 1656.97 39.2714 15.4751
1010000 FRAC0_S 0 1 -289.953 -6703.32 7993.28 -1.60558e+06 959233 -3.26408e+06 1499.01 -21.1434 33.3305
1010000 FRAC0_S 0 1 -508.302 -6703.64 8211.94 -308669 2.74564e+06 -2.23383e+06 1335.43 -53.8187 27.0604
1010000 FRAC0_S 0 1 -676.894 -6781.91 8458.81 1.17936e+06 3.5061e+06 -680126 1280.87 -61.5928 9.35683
1010000 FRAC0_S 0 1 -779.228 -6930.48 8709.7 2.75007e+06 3.32313e+06 869362 1758.51 -50.9743 -9.24986
1010000 FRAC0_S 0 1 -805.285 -7134.79 8940.07 4.08647e+06 1.9984e+06 2.07543e+06 2416.83 -30.0869 -17.7033
1010000 FRAC0_S 0 1 -752.515 -7374.85 9127.37 5.41932e+06 53515.4 2.6957e+06 3583.82 -0.914192 -22.1469
1010000 FRAC0_S 0 1 -626.084 -7627.16 9253.25 5.7759e+06 -1.63109e+06 2.44645e+06 4005.89 21.2567 -17.3319
1010000 FRAC0_S 0 1 -438.367 -7867.02 9305.4 6.14168e+06 -3.11688e+06 1.96616e+06 4741.1 33.4778 -12.6503
1010000 FRAC0_S 0 1 -207.74 -8070.96 9278.71 7.38579e+06 -4.96648e+06 2.16126e+06 7680.17 39.7106 -10.8835
1010000 FRAC0_S 0 1 43.2215 -8219.01 9175.79 6.98492e+06 -4.60369e+06 1.36297e+06 6483.26 40.9192 -7.84293
1010000 FRAC0_S 0 1 289.953 -8296.68 9006.72 2.08665e+06 -4.47661e+06 -1.3768e+06 2425.88 56.6811 12.5329
1010000 FRAC0_S 0 1 508.302 -8296.36 8788.06 7.27779e+06 -5.26972e+06 1.70245e+06 7579.87 42.1999 -8.84767
1010000 FRAC0_S 0 1 676.894 -8218.09 8541.19 1.36444e+06 -5.23129e+06 -1.29399e+06 2827.21 62.0526 11.9051
1010000 FRAC0_S 0 1 779.228 -8069.52 8290.3 332381 -3.49073e+06 764602 1173.42 65.9977 -12.0831
1010000 FRAC0_S 0 1 805.285 -7865.21 8059.93 4.45201e+06 -7.11056e+06 2.92916e+06 7412.73 51.8403 -14.4176
1010000 FRAC0_S 0 1 752.515 -7625.15 7872.63 -2.56836e+06 -4.96978e+06 -9096.79 2200.92 61.836 0.0939664
1010000 FRAC0_S 0 1 626.084 -7372.84 7746.75 -2.87183e+06 -4.44833e+06 -810290 1850.6 55.643 7.44581
1010000 FRAC0_S 0 1 438.367 -7132.98 7694.6 -3.41175e+06 -5.4671e+06 -1.65529e+06 3027.84 53.804 11.4418
1010000 FRAC0_S 0 1 207.74 -6929.04 7721.29 -3.29559e+06 -3.48547e+06 -3.28341e+06 2516.4 40.0886 21.9343
Step FractureNumber TipNr TipActive TipX TipY TipZ KI KII KIII G Phi Psi Extension
1010101 FRAC0_S 0 1 -25.3765 -6700.59 7793.05 -769901 -2.18213e+06 -3.66786e+06 2213.59 38.5425 33.0865
1010101 FRAC0_S 0 1 -325.012 -6652.65 7938.89 -143630 759025 -2.60943e+06 956.953 -26.987 39.736
1010101 FRAC0_S 0 1 -579.691 -6693.59 8149.68 2.01716e+06 1.43388e+06 -2.06447e+06 1112.64 -31.6652 24.5722
1010101 FRAC0_S 0 1 -761.466 -6791.9 8408.6 3.50146e+06 558780 -757892 1196.73 -15.2949 11.4529
1010101 FRAC0_S 0 1 -872.212 -6938.04 8683.17 4.58422e+06 -98898 705346 1939.7 2.54593 -9.6447
1010101 FRAC0_S 0 1 -897.938 -7132.46 8952.66 5.9025e+06 -354434 2.02294e+06 3660.02 5.86467 -17.0871
1010101 FRAC0_S 0 1 -825.474 -7365.98 9184.06 7.81817e+06 -809175 3.63496e+06 7262.41 8.93362 -20.222
1010101 FRAC0_S 0 1 -665.725 -7619.54 9339.86 8.76057e+06 -733385 3.49154e+06 8508.28 7.68354 -18.5869
1010101 FRAC0_S 0 1 -445.314 -7866.26 9402.71 8.82747e+06 796977 1.91824e+06 7489.81 -9.33274 -12.0511
1010101 FRAC0_S 0 1 -188.399 -8078.83 9374.82 8.06578e+06 736824 989163 5975.73 -10.1385 -7.54278
1010101 FRAC0_S 0 1 85.0526 -8228.51 9264.04 7.83175e+06 1.36244e+06 390894 5651.41 -18.4856 -3.12608
1010101 FRAC0_S 0 1 351.646 -8304.24 9082.41 7.26601e+06 1.36591e+06 95529.9 4872.02 -20.1964 -0.849827
1010101 FRAC0_S 0 1 583.628 -8301.62 8850.59 3.98843e+06 910512 -91737.2 1492.52 -23.212 1.42262
1010101 FRAC0_S 0 1 758.89 -8207.54 8593.79 2.8928e+06 261964 40135.3 752.025 -11.0086 -0.974653
1010101 FRAC0_S 0 1 866.368 -8045.01 8330.05 2.21157e+06 -365697 583907 493.104 15.259 -13.2816
1010101 FRAC0_S 0 1 896.095 -7835.39 8085.12 1.83979e+06 -1.65353e+06 549082 585.361 45.5542 -9.98594
1010101 FRAC0_S 0 1 840.747 -7583.33 7888.72 1.66776e+06 -2.07688e+06 243973 640.14 53.9192 -4.64758
1010101 FRAC0_S 0 1 707.717 -7317.02 7753.91 2.36243e+06 -4.33208e+06 -415155 2192.57 59.316 4.44214
1010101 FRAC0_S 0 1 508.946 -7064.63 7689.2 1.88054e+06 -4.36118e+06 -2.10035e+06 2596.72 54.0592 17.5468
1010101 FRAC0_S 0 1 260.866 -6847.98 7705.23 292383 -3.86612e+06 -3.16802e+06 2674.37 54.3845 27.5574