
Step FractureNumber TipNr TipActive TipX TipY TipZ KI KII KIII G Phi Psi Extension
1010000 FRAC0_S 0 1 29218.7 15604.2 8500 4.95202e+06 1.78865e+06 -3.44467e+06 4048.43 -22.4267 22.605
1010000 FRAC0_S 0 1 29070.2 15333.2 8500 4.13092e+06 3.85571e+06 -2.14924e+06 3459.73 -43.1269 15.0556
1010000 FRAC0_S 0 1 29012.8 15029.5 8500 -575443 4.9122e+06 -498748 2183.28 -67.7461 6.2694
1010000 FRAC0_S 0 1 29052 14723 8500 -1.42058e+07 3.95626e+06 2.9287e+06 2535.52 -23.7985 -10.1949
1010000 FRAC0_S 0 1 29183.9 14443.7 8500 -550357 4.48575e+06 1.62081e+06 2142.46 -62.5537 -17.035
1010000 FRAC0_S 0 1 29395.8 14218.7 8500 -1.10656e+07 2.02042e+06 3.37821e+06 1881.59 -16.1261 -14.6151
1010000 FRAC0_S 0 1 29666.8 14070.2 8500 -166505 2.81292e+06 2.88271e+06 1810.32 -51.0607 -30.3766
1010000 FRAC0_S 0 1 29970.4 14012.7 8500 -355214 948976 3.72429e+06 1925 -23.9278 -39.6678
1010000 FRAC0_S 0 1 30277 14051.9 8500 -756754 -847691 3.86404e+06 2049.83 20.0199 -38.6385
1010000 FRAC0_S 0 1 30556.3 14183.9 8500 -1.01601e+07 -3.97386e+06 2.81301e+06 2459.62 28.9794 -12.0379
1010000 FRAC0_S 0 1 30781.3 14395.8 8500 -4.43072e+06 -4.35256e+06 1.40828e+06 1951.94 47.023 -10.148
1010000 FRAC0_S 0 1 30929.8 14666.8 8500 -1.04967e+07 -5.61202e+06 183883 2810.99 39.9179 -0.876127
1010000 FRAC0_S 0 1 30987.2 14970.5 8500 -1.1551e+06 -5.91405e+06 710792 3183.91 65.9736 -6.85079
1010000 FRAC0_S 0 1 30948 15277 8500 5.33122e+06 -4.60933e+06 215472 4432.08 49.1206 -1.64001
1010000 FRAC0_S 0 1 30816.1 15556.3 8500 -440507 -6.00757e+06 -1.89087e+06 3691.59 64.5286 15.9899
1010000 FRAC0_S 0 1 30604.2 15781.3 8500 9.61744e+06 -5.215e+06 -1.04986e+06 10812.3 38.4223 5.01181
1010000 FRAC0_S 0 1 30333.2 15929.8 8500 -580685 -2.66931e+06 -3.17101e+06 1972.28 46.1028 30.472
1010000 FRAC0_S 0 1 30029.6 15987.3 8500 -258174 -1.3181e+06 -4.175e+06 2473.09 28.409 39.2323
1010000 FRAC0_S 0 1 29723 15948.1 8500 9.04407e+06 -2.11504e+06 -3.59528e+06 9406.56 18.6305 17.0472
1010000 FRAC0_S 0 1 29443.7 15816.1 8500 6.00554e+06 984218 -3.21794e+06 4677.45 -12.8479 21.3097
Step FractureNumber TipNr TipActive TipX TipY TipZ KI KII KIII G Phi Psi Extension
1010101 FRAC0_S 0 1 29151.2 15658.8 8458.27 514821 978151 1.00949e+06 244.414 -44.0277 -26.095
1010101 FRAC0_S 0 1 29008.1 15360 8433.14 3.3751e+06 2.50851e+06 -1.91703e+06 2064.59 -37.782 17.1757
1010101 FRAC0_S 0 1 28954.7 15029.9 8426.54 -1.56581e+06 1.06711e+07 -489048 10178.9 -68.1749 2.94875
1010101 FRAC0_S 0 1 28989 14704 8434.5 3.76543e+06 3.65406e+06 -775932 2533.33 -48.5055 7.08913
1010101 FRAC0_S 0 1 29128.2 14405.2 8438.59 3.32172e+06 3.32178e+06 229219 1973.47 -51.3135 -2.56475
1010101 FRAC0_S 0 1 29351.6 14159.4 8444.48 3.09012e+06 3.69856e+06 1.37916e+06 2322.84 -49.0416 -12.2296
1010101 FRAC0_S 0 1 29640.8 13998.8 8444.03 2.37694e+06 3.63567e+06 2.96441e+06 2850.09 -45.218 -22.1588
1010101 FRAC0_S 0 1 29970.3 13929.8 8468.84 1.96393e+06 2.87447e+06 4.42749e+06 3687.13 -36.6943 -29.736
1010101 FRAC0_S 0 1 30301.7 13966 8519.09 702673 -249535 3.92659e+06 2100.16 6.97745 -41.4009
1010101 FRAC0_S 0 1 30601 14114.8 8551.07 2.13697e+06 -3.24997e+06 6.04948e+06 6215.44 34.1319 -32.0258
1010101 FRAC0_S 0 1 30838.7 14350.3 8564.74 1.43232e+06 -1.48316e+06 1.95147e+06 885.328 36.163 -25.9697
1010101 FRAC0_S 0 1 30989.6 14643.1 8573.21 2.89513e+06 -2.3613e+06 1.86719e+06 1707.44 38.7152 -18.1776
1010101 FRAC0_S 0 1 31041.4 14968 8580.61 3.94802e+06 -2.33676e+06 1.35772e+06 2120.7 36.262 -12.8155
1010101 FRAC0_S 0 1 30998.6 15291.9 8583.21 4.69079e+06 -2.47002e+06 1.25448e+06 2713.7 35.0616 -10.8942
1010101 FRAC0_S 0 1 30861.5 15588.5 8579.57 7.11347e+06 -3.73054e+06 899499 5856.85 37.4097 -5.78084
1010101 FRAC0_S 0 1 30642.9 15834.7 8571.65 4.94743e+06 -3.90086e+06 -1.09891e+06 3697.73 44.1368 8.21427
1010101 FRAC0_S 0 1 30357.6 15999.9 8563.46 3.62869e+06 -4.06253e+06 -2.80531e+06 3690.71 43.6992 18.4892
1010101 FRAC0_S 0 1 30030.1 16070.3 8549.79 1.95897e+06 -2.73302e+06 -3.88416e+06 3014.09 37.5059 28.5574
1010101 FRAC0_S 0 1 29696.7 16035.7 8522.31 548093 -701882 -4.13081e+06 2340.13 17.0709 40.4315
1010101 FRAC0_S 0 1 29391.3 15893.2 8487.33 1.15662e+07 -1.94222e+06 -2.77382e+06 13280.3 15.7038 12.3302