
Step FractureNumber TipNr TipActive TipX TipY TipZ KI KII KIII G Phi Psi Extension
1010000 FRAC0_S 0 1 -14627.4 -29085.3 8500 1.60641e+06 -1.30177e+07 -600928 15378.6 68.5286 3.02723
1010000 FRAC0_S 0 1 -14928.3 -29015 8500 1.77867e+06 -1.37333e+07 -3.85155e+06 19061.5 64.082 14.2091
1010000 FRAC0_S 0 1 -15236.2 -29041 8500 1.73463e+06 -1.15786e+07 -6.62835e+06 18057.9 57.6888 22.2804
1010000 FRAC0_S 0 1 -15521 -29160.9 8500 1.63781e+06 -8.60314e+06 -9.34839e+06 18457.6 47.9832 29.7077
1010000 FRAC0_S 0 1 -15754.8 -29363 8500 1.43243e+06 -2.74326e+06 -8.05088e+06 9474.06 27.8877 37.0526
1010000 FRAC0_S 0 1 -15914.7 -29627.4 8500 2.0973e+07 1.32209e+06 -9.78331e+06 52082.1 -5.65111 20.7191
1010000 FRAC0_S 0 1 -15985.1 -29928.3 8500 2.43501e+06 7.36216e+06 -1.17014e+07 23569.1 -39.7338 32.6782
1010000 FRAC0_S 0 1 -15959 -30236.2 8500 3.72675e+06 9.52124e+06 -7.39461e+06 16588.3 -49.6818 23.7066
1010000 FRAC0_S 0 1 -15839.1 -30521 8500 -2.69286e+07 1.42826e+07 -6.13009e+06 23175.5 -35.8658 9.5467
1010000 FRAC0_S 0 1 -15637 -30754.8 8500 -1.64025e+07 1.44099e+07 -2.40417e+06 19272.1 -47.5605 5.47265
1010000 FRAC0_S 0 1 -15372.6 -30914.7 8500 1.72779e+06 1.61767e+07 824073 23675 -68.7004 -3.36818
1010000 FRAC0_S 0 1 -15071.7 -30985 8500 2.45204e+06 1.58732e+07 4.45749e+06 25630.3 -63.5615 -13.9977
1010000 FRAC0_S 0 1 -14763.8 -30959 8500 1.77276e+06 1.23731e+07 6.98566e+06 20412.6 -57.975 -22.1789
1010000 FRAC0_S 0 1 -14479 -30839.1 8500 1.56173e+06 8.88657e+06 9.72403e+06 19830.5 -48.0897 -29.9315
1010000 FRAC0_S 0 1 -14245.2 -30637 8500 1.43786e+06 3.26522e+06 8.58802e+06 10943.6 -30.169 -36.6218
1010000 FRAC0_S 0 1 -14085.3 -30372.6 8500 1.76241e+06 -972167 1.05093e+07 15050.1 9.89956 -41.1153
1010000 FRAC0_S 0 1 -14014.9 -30071.7 8500 2.04638e+06 -6.26954e+06 1.05357e+07 18639.1 38.8178 -33.285
1010000 FRAC0_S 0 1 -14041 -29763.8 8500 1.35466e+06 -7.83082e+06 6.50721e+06 11259.6 52.4307 -26.6696
1010000 FRAC0_S 0 1 -14160.9 -29479 8500 1.69217e+06 -1.26407e+07 5.50188e+06 18519.9 60.7915 -19.097
1010000 FRAC0_S 0 1 -14363 -29245.2 8500 1.87226e+06 -1.27974e+07 2.28293e+06 15599.5 65.7946 -9.90545
Step FractureNumber TipNr TipActive TipX TipY TipZ KI KII KIII G Phi Psi Extension
1010101 FRAC0_S 0 1 -14613.1 -29049.6 8591.82 4.20851e+06 -1.63542e+06 -1.03875e+06 1960.12 29.3137 11.0203
1010101 FRAC0_S 0 1 -14926.5 -28971.7 8589.37 1.18077e+07 -1.6865e+06 -3.2745e+06 14103.4 13.3723 13.9731
1010101 FRAC0_S 0 1 -15250.6 -28989.9 8583.32 1.75885e+07 -1.82806e+07 -1.37789e+07 82596.2 42.0584 19.1057
1010101 FRAC0_S 0 1 -15558.7 -29105.2 8569.97 8.28211e+06 -2.3958e+06 -8.22895e+06 15630 16.6163 27.6972
1010101 FRAC0_S 0 1 -15820.4 -29310.8 8539.5 5.91117e+06 4.1247e+06 3.36335e+06 6134.23 -36.4632 -17.4997
1010101 FRAC0_S 0 1 -15996.8 -29592.9 8490.79 3.35223e+07 -1.58395e+06 -6.70299e+06 106336 5.20345 11.657
1010101 FRAC0_S 0 1 -16062.2 -29920 8446.52 8.13356e+06 2.99525e+06 -9.31272e+06 18229.2 -19.0109 28.6859
1010101 FRAC0_S 0 1 -16026.9 -30253.3 8431.25 1.02761e+07 5.50797e+06 -9.0753e+06 23067.3 -27.5827 24.0771
1010101 FRAC0_S 0 1 -15900.2 -30559.1 8433.19 1.19069e+07 7.58328e+06 -5.30369e+06 21499.1 -36.2712 15.1751
1010101 FRAC0_S 0 1 -15679.5 -30799.7 8425.16 -1.4395e+06 1.23216e+07 -836237 13621.9 -68.2986 4.36008
1010101 FRAC0_S 0 1 -15391.1 -30955.5 8412.58 2.76739e+07 4.91334e+06 2.74052e+06 71394.5 -18.117 -5.8522
1010101 FRAC0_S 0 1 -15073.6 -31028.6 8410.74 2.95432e+07 4.51594e+06 7.90396e+06 87901.3 -14.2557 -13.5209
1010101 FRAC0_S 0 1 -14749.4 -31010 8416.62 1.03746e+07 2.60928e+06 6.1338e+06 15201.7 -17.804 -21.6288
1010101 FRAC0_S 0 1 -14441.7 -30894.2 8429.03 1.01726e+07 2.57457e+06 9.70856e+06 22348 -15.131 -27.5543
1010101 FRAC0_S 0 1 -14180.6 -30688.4 8460.57 6.62888e+06 6.46057e+06 1.98271e+07 59918.9 -24.7814 -35.0098
1010101 FRAC0_S 0 1 -14003.7 -30406.6 8511.71 6.09053e+06 -942836 1.03578e+07 17653.6 7.38414 -34.7496
1010101 FRAC0_S 0 1 -13938.4 -30080.1 8555.46 5.81981e+06 -4.68633e+06 1.00958e+07 18531.1 28.2239 -30.2985
1010101 FRAC0_S 0 1 -13981.6 -29751.4 8577.12 1.75874e+07 4.94065e+06 6.15422e+06 34775.6 -22.0386 -15.2168
1010101 FRAC0_S 0 1 -14118.8 -29454.6 8586.26 1.93114e+07 8.85461e+06 4.04274e+06 42392.3 -33.1974 -9.27039
1010101 FRAC0_S 0 1 -14335.9 -29214.6 8590.69 1.66036e+07 -5.80221e+06 2.4446e+06 28360.6 28.8719 -7.35373