
Step FractureNumber TipNr TipActive TipX TipY TipZ KI KII KIII G Phi Psi Extension
1010000 FRAC0_S 0 1 -15000 15987.2 8471.27 2.476e+06 -7.30441e+06 -181192 5305.07 65.0194 1.40782
1010000 FRAC0_S 0 1 -15000 15947.8 8777.76 3.19136e+06 -6.04004e+06 -1.51045e+06 4461.92 56.5887 10.3154
1010000 FRAC0_S 0 1 -15000 15815.6 9057.06 3.5696e+06 -4.32946e+06 -2.37119e+06 3553.54 46.578 16.2495
1010000 FRAC0_S 0 1 -15000 15603.5 9281.83 3.45281e+06 -2.70865e+06 -2.67988e+06 2671.31 36.3206 20.6106
1010000 FRAC0_S 0 1 -15000 15332.4 9430.08 4.65449e+06 -1.5351e+06 -3.86153e+06 4123.71 19.7492 25.0959
1010000 FRAC0_S 0 1 -15000 15028.7 9487.27 4.81798e+06 236524 -4.06652e+06 4272.86 -3.58338 28.216
1010000 FRAC0_S 0 1 -15000 14722.2 9447.82 3.73604e+06 1.65878e+06 -2.97064e+06 2662.68 -25.0082 23.5371
1010000 FRAC0_S 0 1 -15000 14442.9 9315.6 4.85965e+06 4.277e+06 -3.37347e+06 5248.09 -39.6818 18.6338
1010000 FRAC0_S 0 1 -15000 14218.2 9103.54 3.85283e+06 5.37889e+06 -2.29287e+06 4600.16 -50.0937 14.2122
1010000 FRAC0_S 0 1 -15000 14070 8832.4 6.72468e+06 8.16725e+06 -2.71322e+06 10952.7 -49.8827 11.2372
1010000 FRAC0_S 0 1 -15000 14012.8 8528.73 2.36677e+06 7.0258e+06 302266 4909.95 -64.6945 -2.39981
1010000 FRAC0_S 0 1 -15000 14052.2 8222.24 2.79653e+06 6.91474e+06 41437.9 4957.79 -64.0726 -0.330815
1010000 FRAC0_S 0 1 -15000 14184.4 7942.94 4.11283e+06 7.8646e+06 5.10599e+06 10486.4 -49.6155 -20.3651
1010000 FRAC0_S 0 1 -15000 14396.5 7718.17 686894 3.92953e+06 3.96163e+06 3505.38 -49.4435 -28.9844
1010000 FRAC0_S 0 1 -15000 14675.1 7567.23 473857 2.0346e+06 4.80787e+06 3463.27 -33.5192 -37.0065
1010000 FRAC0_S 0 1 -15000 14971.3 7512.73 744968 -313369 5.42978e+06 3979.38 6.59856 -42.1645
1010000 FRAC0_S 0 1 -15000 15277.8 7552.18 -2.98688e+06 2.72175e+06 903439 768.673 -45.7677 -10.0414
1010000 FRAC0_S 0 1 -15000 15557.1 7684.4 930717 -4.45623e+06 3.84432e+06 3812.32 51.2704 -26.7597
1010000 FRAC0_S 0 1 -15000 15781.8 7896.46 968661 -4.53536e+06 2.07104e+06 2487.02 58.7283 -18.8587
1010000 FRAC0_S 0 1 -15000 15930 8167.6 1.97517e+06 -6.5304e+06 1.23789e+06 4351.65 62.3878 -9.37709
Step FractureNumber TipNr TipActive TipX TipY TipZ KI KII KIII G Phi Psi Extension
1010101 FRAC0_S 0 1 -14911.7 16032.5 8470.63 1.27594e+07 -2.3033e+06 -1.13603e+06 15151.7 18.4914 5.3079
1010101 FRAC0_S 0 1 -14917.4 15999 8794.89 1.0232e+07 -1.34032e+06 -1.97782e+06 10009.7 13.1633 10.682
1010101 FRAC0_S 0 1 -14928 15869.5 9096.27 9.14553e+06 -1.98137e+06 -3.43425e+06 9371.67 17.754 16.5607
1010101 FRAC0_S 0 1 -14943.8 15650.3 9345.57 1.06588e+07 525161 -6.47136e+06 15718.1 -4.1024 24.1565
1010101 FRAC0_S 0 1 -14969.9 15361.3 9515.28 6.80423e+06 3.44078e+06 -7.96136e+06 13610.5 -23.9581 27.798
1010101 FRAC0_S 0 1 -15005.2 15031.7 9581.05 3.52806e+06 2.27555e+06 -3.81356e+06 3504.84 -29.2068 25.7409
1010101 FRAC0_S 0 1 -15038.7 14699.4 9532.14 6.70148e+06 114681 -4.56632e+06 6776.31 -1.40342 25.9804
1010101 FRAC0_S 0 1 -15061.7 14402.2 9378.92 7.90584e+06 770651 -4.49711e+06 8312.3 -7.9504 22.7814
1010101 FRAC0_S 0 1 -15073.3 14170.4 9149.41 8.71537e+06 1.27196e+06 -3.42962e+06 8477.14 -12.6432 17.782
1010101 FRAC0_S 0 1 -15080 14016.2 8853.36 1.09695e+07 2.15971e+06 -2.00338e+06 11672.1 -18.5549 9.74791
1010101 FRAC0_S 0 1 -15086.8 13965.7 8531.69 1.19123e+07 1.53971e+06 -76943.9 12856.9 -15.0265 0.442547
1010101 FRAC0_S 0 1 -15086.6 14007.1 8207.26 1.22624e+07 2.83019e+06 2.04834e+06 14670.8 -21.2075 -8.84976
1010101 FRAC0_S 0 1 -15079.6 14137.2 7908.72 7.24554e+06 2.67094e+06 3.67766e+06 7112.65 -24.8046 -18.6864
1010101 FRAC0_S 0 1 -15070.9 14356.2 7663.67 4.92248e+06 2.48713e+06 4.99828e+06 6033.14 -25.2501 -26.0658
1010101 FRAC0_S 0 1 -15043.8 14642.9 7492.98 2.88094e+06 4.9695e+06 2.49672e+06 3769.32 -51.0922 -16.8996
1010101 FRAC0_S 0 1 -15026 14967.7 7426.72 276251 -214816 5.21089e+06 3622.32 5.17501 -43.7218
1010101 FRAC0_S 0 1 -15013.4 15295.6 7480.96 1.29414e+06 -2.60645e+06 5.67223e+06 5033.79 32.9292 -34.6315
1010101 FRAC0_S 0 1 -14957.6 15589.8 7633.9 4.4186e+06 -2.53457e+06 3.24925e+06 3716.4 30.4598 -21.4942
1010101 FRAC0_S 0 1 -14915.7 15822.1 7863.79 7.97788e+06 -1.78407e+06 3.89813e+06 7976.16 17.0907 -19.5713
1010101 FRAC0_S 0 1 -14911.7 15972.8 8151.56 1.06831e+07 -2.0648e+06 2.14161e+06 11159.9 18.0683 -10.5363