
Step FractureNumber TipNr TipActive TipX TipY TipZ KI KII KIII G Phi Psi Extension
1010000 FRAC0_S 0 1 -15000 44049 8233.09 1.86191e+06 -562263 92830.5 338.236 27.7809 -2.83186
1010000 FRAC0_S 0 1 -15000 44178.1 7952.3 1.65721e+06 -501659 -55895.3 267.567 28.1196 1.94751
1010000 FRAC0_S 0 1 -15000 44387.6 7725.12 1.92149e+06 -519113 -213488 359.079 24.7047 6.06061
1010000 FRAC0_S 0 1 -15000 44657 7573.79 1.45527e+06 -310797 -243116 205.186 19.9814 8.95504
1010000 FRAC0_S 0 1 -15000 44960 7513.12 2.13117e+06 -231138 -441919 435.462 11.0639 11.4725
1010000 FRAC0_S 0 1 -15000 45266.9 7549.06 1.85411e+06 -28569 -393988 327.054 1.74578 12.51
1010000 FRAC0_S 0 1 -15000 45547.7 7678.08 1.83506e+06 167086 -374012 321.165 -9.49839 11.4598
1010000 FRAC0_S 0 1 -15000 45774.9 7887.55 1.885e+06 323098 -312196 338.893 -16.7974 9.15572
1010000 FRAC0_S 0 1 -15000 45926.2 8156.97 1.96238e+06 474241 -228264 370.127 -22.6974 6.43906
1010000 FRAC0_S 0 1 -15000 45986.8 8459.98 1.8457e+06 490081 -110205 326.581 -25.2405 3.44734
1010000 FRAC0_S 0 1 -15000 45951 8766.91 1.99338e+06 551116 14463.7 381.176 -26.9046 -0.439816
1010000 FRAC0_S 0 1 -15000 45821.9 9047.7 1.91109e+06 444786 98170.5 344.362 -23.075 -3.06747
1010000 FRAC0_S 0 1 -15000 45638.3 9254.46 2.02945e+06 386110 201833 385.717 -19.1291 -5.81852
1010000 FRAC0_S 0 1 -15000 45343 9426.21 1.95781e+06 259498 251068 355.945 -13.9444 -7.59227
1010000 FRAC0_S 0 1 -15000 45040 9486.88 1.84096e+06 278180 79004.9 309.733 -16.5962 -2.76081
1010000 FRAC0_S 0 1 -15000 44733.1 9450.94 1.91947e+06 130497 423933 353.735 -7.19016 -12.3972
1010000 FRAC0_S 0 1 -15000 44452.3 9321.92 1.96507e+06 -85380.6 289521 355.895 5.01511 -9.14563
1010000 FRAC0_S 0 1 -15000 44225.1 9112.45 1.96818e+06 -206632 263116 358.202 11.3631 -8.03382
1010000 FRAC0_S 0 1 -15000 44073.8 8843.03 1.80886e+06 -172132 443217 320.331 9.58785 -13.1576
1010000 FRAC0_S 0 1 -15000 44013.2 8540.02 1.98858e+06 -487630 155173 376.771 23.54 -4.48493
Step FractureNumber TipNr TipActive TipX TipY TipZ KI KII KIII G Phi Psi Extension
1010101 FRAC0_S 0 1 -14954.9 43965.2 8209.85 2.42111e+06 109165 -15697.8 523.439 -5.87417 0.479673
1010101 FRAC0_S 0 1 -14954.3 44106 7904.06 2.20539e+06 123430 -213979 440.856 -6.63082 6.33009
1010101 FRAC0_S 0 1 -14958.7 44332.9 7655.22 1.98167e+06 2300.81 -145012 352.733 -0.151217 5.15974
1010101 FRAC0_S 0 1 -14967.6 44625.6 7487.4 2.08233e+06 133854 -426631 412.196 -6.9112 11.7316
1010101 FRAC0_S 0 1 -14981.1 44956.6 7418 1.98421e+06 164832 -510561 387.924 -8.4078 13.7574
1010101 FRAC0_S 0 1 -14997.8 45293.1 7455.9 1.63881e+06 -17290.5 -378030 258.357 1.18497 13.356
1010101 FRAC0_S 0 1 -15014.7 45600.6 7598.13 2.05333e+06 -15561.8 -454218 403.164 0.860816 12.9723
1010101 FRAC0_S 0 1 -15028.2 45847.8 7829.34 2.28596e+06 -96174.8 -413571 489.226 4.73329 10.8165
1010101 FRAC0_S 0 1 -15037.2 46010.9 8125.2 2.45816e+06 -145222 -305059 552.707 6.81587 7.81818
1010101 FRAC0_S 0 1 -15042.3 46075.1 8456.16 1.85441e+06 31370.8 -97072 307.777 -2.19742 3.73945
1010101 FRAC0_S 0 1 -15043 46035.6 8790.78 2.00214e+06 -126519 117136 360.456 7.66485 -3.97853
1010101 FRAC0_S 0 1 -15039.1 45896.3 9097.76 2.07644e+06 -60613.7 481400 415.355 3.20331 -13.2248
1010101 FRAC0_S 0 1 -15032.2 45669.3 9347.45 2.40566e+06 -83487.2 359052 533.466 4.04357 -9.30845
1010101 FRAC0_S 0 1 -15027.3 45375.5 9514.18 1.57882e+06 -199037 246843 233.756 13.0862 -9.01894
1010101 FRAC0_S 0 1 -15023.4 45043.6 9581.38 2.09973e+06 -336393 355182 419.737 15.8554 -9.39086
1010101 FRAC0_S 0 1 -15011.2 44706.8 9543.36 2.24348e+06 -284834 362842 473.248 13.1132 -9.26929
1010101 FRAC0_S 0 1 -14993.8 44398.8 9402.45 2.16293e+06 -46649.4 334684 431.971 2.54339 -9.68946
1010101 FRAC0_S 0 1 -14983.8 44149.7 9172.13 2.33051e+06 59396.3 412579 506.936 -2.93574 -10.7679
1010101 FRAC0_S 0 1 -14976.7 43985.4 8876.27 2.23855e+06 -68656.9 239659 454.599 3.72317 -7.04756
1010101 FRAC0_S 0 1 -14964.2 43922.9 8544.46 2.27709e+06 39403.2 91182.2 463.292 -2.27244 -2.90664