
Step FractureNumber TipNr TipActive TipX TipY TipZ KI KII KIII G Phi Psi Extension
1010000 FRAC0_S 0 1 -37500 -6516.62 8592.17 7.3563e+06 5.6315e+06 1.9995e+06 8179.95 -42.722 -9.81885
1010000 FRAC0_S 0 1 -37500 -6593.24 8891.55 1.39971e+07 5.59594e+06 2.77141e+06 21270.3 -30.6477 -9.15902
1010000 FRAC0_S 0 1 -37500 -6758.61 9152.59 1.64102e+07 4.49318e+06 3.36739e+06 27304 -23.5188 -10.1867
1010000 FRAC0_S 0 1 -37500 -6996.55 9349.75 2.5491e+07 4.87892e+06 6.64388e+06 65894.9 -17.2376 -12.9376
1010000 FRAC0_S 0 1 -37500 -7283.78 9463.73 2.69141e+07 2.61489e+06 6.9202e+06 71527.3 -9.6834 -13.6194
1010000 FRAC0_S 0 1 -37500 -7592.17 9483.38 2.54102e+07 -1.02431e+06 6.53694e+06 63313.1 4.28177 -14.1672
1010000 FRAC0_S 0 1 -37500 -7891.55 9406.76 2.58938e+07 -3.48394e+06 6.32459e+06 66149 12.9951 -12.7819
1010000 FRAC0_S 0 1 -37500 -8152.59 9241.39 1.51801e+07 -3.58392e+06 3.89821e+06 23699.8 20.3896 -12.4406
1010000 FRAC0_S 0 1 -37500 -8349.75 9003.45 1.57632e+07 -6.03768e+06 3.43786e+06 26962.3 29.4852 -10.0124
1010000 FRAC0_S 0 1 -37500 -8463.73 8716.22 1.06949e+07 -6.66647e+06 1.9273e+06 14646.8 40.0246 -7.46419
1010000 FRAC0_S 0 1 -37500 -8483.38 8407.83 4.57981e+06 -6.1277e+06 134315 5217.42 56.7659 -0.961248
1010000 FRAC0_S 0 1 -37500 -8406.76 8108.45 -737910 -5.16241e+06 -1.61388e+06 2721.23 63.1431 15.2304
1010000 FRAC0_S 0 1 -37500 -8241.39 7847.41 -1.39093e+07 -577857 -973203 155.723 5.13495 4.77921
1010000 FRAC0_S 0 1 -37500 -8003.45 7650.25 -1.22188e+07 1.25949e+06 -3.08115e+06 1403.99 -10.2433 13.3707
1010000 FRAC0_S 0 1 -37500 -7716.22 7536.27 -1.33995e+07 2.19013e+06 -3.27211e+06 1851.43 -15.3123 12.5382
1010000 FRAC0_S 0 1 -37500 -7407.83 7516.62 -1.44932e+07 5.01663e+06 -1.63756e+06 2599.25 -29.272 5.8421
1010000 FRAC0_S 0 1 -37500 -7108.45 7593.24 -1.40872e+07 6.41996e+06 -365478 3690.51 -36.4386 1.35565
1010000 FRAC0_S 0 1 -37500 -6847.41 7758.61 -8.48344e+06 4.80307e+06 643297 2110.76 -39.9504 -3.53176
1010000 FRAC0_S 0 1 -37500 -6650.25 7996.55 -5.29297e+06 5.65541e+06 1.16682e+06 3031.14 -50.0991 -7.20609
1010000 FRAC0_S 0 1 -37500 -6536.27 8283.78 1.68645e+06 6.4187e+06 1.37241e+06 4175.26 -62.7084 -10.6029
Step FractureNumber TipNr TipActive TipX TipY TipZ KI KII KIII G Phi Psi Extension
1010101 FRAC0_S 0 1 -37568.9 -6449.12 8601.62 1.05524e+07 -1.45622e+06 1.40139e+06 10372.9 14.3774 -7.79087
1010101 FRAC0_S 0 1 -37552.4 -6518.25 8925.46 1.66536e+07 -2.62555e+06 2.9835e+06 26512 15.5374 -9.86042
1010101 FRAC0_S 0 1 -37540.1 -6692.27 9211.95 2.37459e+07 -3.61811e+06 4.94989e+06 54671.3 14.7979 -11.1738
1010101 FRAC0_S 0 1 -37529 -6949.61 9430.03 2.6464e+07 -3.74506e+06 5.67956e+06 67947.4 13.8471 -11.5174
1010101 FRAC0_S 0 1 -37513.9 -7263.15 9557.18 2.93108e+07 -2.3941e+06 6.10835e+06 82029.8 8.58334 -11.739
1010101 FRAC0_S 0 1 -37494.9 -7601.09 9579.43 2.17776e+07 1.30416e+06 5.66537e+06 46681.9 -6.20724 -14.0903
1010101 FRAC0_S 0 1 -37478.2 -7928.67 9493.9 2.33482e+07 1.23466e+06 5.23975e+06 52364.8 -5.67602 -12.6857
1010101 FRAC0_S 0 1 -37464.6 -8211.93 9310.03 2.52328e+07 3.45298e+06 5.19215e+06 61383.8 -13.5422 -11.1792
1010101 FRAC0_S 0 1 -37450.6 -8421.36 9047.41 1.8754e+07 2.79059e+06 2.97648e+06 33213.3 -15.0259 -8.98178
1010101 FRAC0_S 0 1 -37434.6 -8533.45 8734.41 1.39738e+07 2.17323e+06 1.01266e+06 17957.4 -16.6079 -4.48815
1010101 FRAC0_S 0 1 -37419.8 -8539.71 8404.98 8.50838e+06 -542144 -466256 6506 7.74823 3.74225
1010101 FRAC0_S 0 1 -37432.2 -8459.84 8081.77 1.27181e+06 -3.59936e+06 -1.85365e+06 1755.58 54.8795 18.9928
1010101 FRAC0_S 0 1 -37477.7 -8301.68 7788.86 -6.38389e+06 -3.13511e+06 -4.20202e+06 3224.23 28.334 20.7923
1010101 FRAC0_S 0 1 -37513.3 -8052.49 7567.94 -1.36144e+07 6.54448e+06 -5.52365e+06 7874.52 -31.1297 15.2493
1010101 FRAC0_S 0 1 -37529.9 -7737.27 7446.34 -1.46906e+07 9.418e+06 -3.30674e+06 9358.24 -39.8333 8.92799
1010101 FRAC0_S 0 1 -37545.9 -7401.06 7431.2 -1.39347e+07 1.57699e+07 -2.58983e+06 23052.8 -51.6726 6.04292
1010101 FRAC0_S 0 1 -37557.9 -7077.82 7520.21 -8.69899e+06 1.45156e+07 -559538 18817.4 -59.3837 1.81749
1010101 FRAC0_S 0 1 -37566.1 -6800.32 7703.2 -4.17571e+06 1.17726e+07 419970 12373.5 -64.4819 -1.97957
1010101 FRAC0_S 0 1 -37576.6 -6598.81 7963.32 953768 7.61625e+06 963055 5373.44 -67.1699 -7.54297
1010101 FRAC0_S 0 1 -37580.6 -6481.81 8272.3 4.93777e+06 2.26439e+06 1.04598e+06 2775.06 -33.1588 -9.36082