
Step FractureNumber TipNr TipActive TipX TipY TipZ KI KII KIII G Phi Psi Extension
1010000 FRAC0_S 0 1 -29609.6 -14584.1 7693.69 3.36672e+07 1.88312e+07 3.46038e+06 134197 -39.1856 -4.69718
1010000 FRAC0_S 0 1 -29846.7 -14391 7737.68 3.27323e+07 1.64056e+07 7.11451e+06 126188 -34.8761 -9.33717
1010000 FRAC0_S 0 1 -30098.9 -14257.5 7856.29 3.2139e+07 1.20121e+07 9.55169e+06 117035 -27.8125 -12.8293
1010000 FRAC0_S 0 1 -30341.4 -14196.5 8037.91 2.25661e+07 4.83658e+06 7.71961e+06 55387.7 -17.9515 -15.5496
1010000 FRAC0_S 0 1 -30550.5 -14214.4 8264.77 5.9131e+06 6.56568e+06 6.41718e+06 12434.1 -40.1938 -22.6833
1010000 FRAC0_S 0 1 -30705.6 -14309 8514.65 4.55479e+07 -3.4303e+06 2.96753e+06 187088 8.93982 -4.34825
1010000 FRAC0_S 0 1 -30791.7 -14471.3 8763.09 2.39248e+07 -1.62656e+06 6.65495e+06 57132.2 6.89207 -14.7085
1010000 FRAC0_S 0 1 -30800.3 -14685.4 8985.79 1.76122e+07 -309862 4.32499e+06 30137.5 1.93637 -13.9165
1010000 FRAC0_S 0 1 -30730.6 -14930.2 9160.93 1.69149e+07 473381 5.23769e+06 29164.3 -2.89843 -16.2878
1010000 FRAC0_S 0 1 -30589.4 -15181.9 9271.37 1.32502e+07 49274.1 4.44847e+06 18277 -0.388146 -17.4773
1010000 FRAC0_S 0 1 -30390.4 -15415.9 9306.31 1.24195e+07 -1.57702e+06 4.58609e+06 16763.6 11.377 -17.24
1010000 FRAC0_S 0 1 -30153.3 -15609 9262.32 1.39679e+07 -4.53046e+06 4.30074e+06 21674.5 25.0557 -13.5394
1010000 FRAC0_S 0 1 -29901.1 -15742.5 9143.71 1.04804e+07 -4.31687e+06 1.8e+06 11879.2 31.6779 -8.07112
1010000 FRAC0_S 0 1 -29658.6 -15803.5 8962.09 1.81023e+07 -6.68037e+06 -832210 33269.7 31.7508 2.49933
1010000 FRAC0_S 0 1 -29451.9 -15786.4 8738.32 1.34498e+07 -3.56452e+06 -2.24059e+06 17919.7 23.5182 8.6296
1010000 FRAC0_S 0 1 -29294.4 -15691 8485.35 9.07929e+06 -5.07122e+06 -4.02925e+06 11796.6 33.606 15.6664
1010000 FRAC0_S 0 1 -29208.3 -15528.7 8236.91 2.93788e+07 4.5962e+06 -8.47573e+06 88349.1 -14.3374 14.258
1010000 FRAC0_S 0 1 -29199.7 -15314.6 8014.21 2.86162e+07 5.16121e+06 -4.47524e+06 78008.5 -17.6151 8.67367
1010000 FRAC0_S 0 1 -29269.4 -15069.8 7839.07 5.59357e+07 1.72265e+07 -1.5685e+06 305579 -28.5524 1.62258
1010000 FRAC0_S 0 1 -29410.6 -14818.1 7728.63 2.33553e+07 1.34514e+07 -582394 64775.6 -41.3071 1.20697
Step FractureNumber TipNr TipActive TipX TipY TipZ KI KII KIII G Phi Psi Extension
1010101 FRAC0_S 0 1 -29615.8 -14587.8 7595.53 4.32804e+07 -7.02355e+06 3.7658e+06 173202 17.0046 -5.2724
1010101 FRAC0_S 0 1 -29867.2 -14373.3 7643.42 3.88976e+07 -5.41624e+06 6.92126e+06 143811 14.0176 -9.93467
1010101 FRAC0_S 0 1 -30134.4 -14218.4 7774.34 3.66218e+07 -4.08292e+06 9.36164e+06 132652 10.9515 -13.431
1010101 FRAC0_S 0 1 -30395.5 -14151 7971.75 3.05258e+07 -6.87182e+06 1.18841e+07 106026 18.1605 -16.8904
1010101 FRAC0_S 0 1 -30618.4 -14168.2 8224.07 2.81342e+07 -9.14551e+06 9.2641e+06 89401 24.8063 -14.2178
1010101 FRAC0_S 0 1 -30774.5 -14249.1 8514.35 3.52196e+06 5.0222e+06 2.66369e+06 4296.58 -48.6782 -16.6738
1010101 FRAC0_S 0 1 -30863.3 -14413.3 8795.16 1.9691e+07 993902 6.13084e+06 39638.2 -5.09282 -16.1081
1010101 FRAC0_S 0 1 -30877.3 -14652.5 9035.66 1.63285e+07 187582 4.49351e+06 26447.2 -1.24439 -15.173
1010101 FRAC0_S 0 1 -30803.8 -14924.5 9225.09 4.71431e+06 -1.57961e+06 6.35681e+06 7577.19 16.3895 -30.8617
1010101 FRAC0_S 0 1 -30645.5 -15197.8 9349.06 -9.79122e+06 5.53249e+06 7.40544e+06 10021.3 -29.93 -21.9103
1010101 FRAC0_S 0 1 -30416.6 -15443.3 9395.04 1.27765e+07 -835373 5.44474e+06 18551.2 6.00258 -19.5918
1010101 FRAC0_S 0 1 -30145.2 -15640.6 9353.81 1.20333e+07 1.56553e+06 4.7552e+06 16128.8 -11.4322 -17.9933
1010101 FRAC0_S 0 1 -29864.2 -15777 9227.74 1.51562e+07 1.09015e+06 2.81698e+06 21630.7 -7.77711 -10.8055
1010101 FRAC0_S 0 1 -29600.6 -15843.7 9029.84 1.88509e+07 1.95531e+06 346601 32022.4 -12.3431 -1.26922
1010101 FRAC0_S 0 1 -29374.7 -15826.9 8782.89 2.14678e+07 4.2814e+06 -3.95412e+06 44780.7 -18.7251 9.7986
1010101 FRAC0_S 0 1 -29214.3 -15733.1 8501.91 2.83535e+07 7.12612e+06 -3.68531e+06 77969 -23.1558 7.04739
1010101 FRAC0_S 0 1 -29138.7 -15580.2 8208.45 3.02092e+07 1.69696e+06 -6.13099e+06 86577.5 -6.10652 11.715
1010101 FRAC0_S 0 1 -29144.5 -15363.5 7950.42 7.23341e+07 -9.56568e+06 -1.39936e+06 474658 15.1538 1.30103
1010101 FRAC0_S 0 1 -29234 -15104.7 7755.61 3.82647e+07 -2.23887e+06 -3.96002e+06 133006 6.87193 6.68508
1010101 FRAC0_S 0 1 -29399.3 -14839.6 7633.71 3.94935e+07 -6.09714e+06 -918244 142413 17.1504 1.52712