
Step FractureNumber TipNr TipActive TipX TipY TipZ KI KII KIII G Phi Psi Extension
1010000 FRAC0_S 0 1 -7500 44049 8233.09 3.15762e+06 -109585 -14462 889.572 4.59696 0.343098
1010000 FRAC0_S 0 1 -7500 44178.1 7952.3 3.22337e+06 338485 180502 940.407 -12.0899 -3.68535
1010000 FRAC0_S 0 1 -7500 44387.6 7725.12 3.22368e+06 -233405 -178568 935.135 8.69936 3.75143
1010000 FRAC0_S 0 1 -7500 44657 7573.79 2.96098e+06 230472 367416 803.948 -8.77283 -7.70097
1010000 FRAC0_S 0 1 -7500 44960 7513.12 3.41983e+06 373988 -52948 1055 -12.9493 1.06736
1010000 FRAC0_S 0 1 -7500 45266.9 7549.06 3.59656e+06 96139.5 -100045 1154.81 -3.50378 2.03453
1010000 FRAC0_S 0 1 -7500 45547.7 7678.08 3.49687e+06 56081.5 -91934.5 1091.05 -2.13752 1.94639
1010000 FRAC0_S 0 1 -7500 45774.9 7887.55 3.10047e+06 929264 -410235 955.937 -26.235 6.92516
1010000 FRAC0_S 0 1 -7500 45926.2 8156.97 3.48747e+06 142355 -38387.7 1085.79 -5.32767 0.812654
1010000 FRAC0_S 0 1 -7500 45986.8 8459.98 3.42702e+06 185963 -1012.67 1049.63 -7.01855 0.0218537
1010000 FRAC0_S 0 1 -7500 45951 8766.91 3.65124e+06 111451 8796.16 1189.09 -4.07599 -0.181738
1010000 FRAC0_S 0 1 -7500 45821.9 9047.7 3.55072e+06 145843 57749.6 1125.8 -5.33294 -1.19201
1010000 FRAC0_S 0 1 -7500 45612.4 9274.88 3.1391e+06 -112141 -92828.6 880.352 4.61609 2.13979
1010000 FRAC0_S 0 1 -7500 45343 9426.21 3.4434e+06 131895 291675 1069.44 -4.6937 -5.69558
1010000 FRAC0_S 0 1 -7500 45040 9486.88 2.9902e+06 -36808.7 88416.9 797.919 1.64433 -2.18709
1010000 FRAC0_S 0 1 -7500 44733.1 9450.94 4.03387e+06 -81229.3 117846 1452.44 2.66079 -2.14596
1010000 FRAC0_S 0 1 -7500 44452.3 9321.92 3.5414e+06 -98338.2 88973.4 1119.49 3.64356 -1.84242
1010000 FRAC0_S 0 1 -7500 44225.1 9112.45 3.58123e+06 -157639 75969.7 1145.84 5.66562 -1.54022
1010000 FRAC0_S 0 1 -7500 44073.8 8843.03 3.08244e+06 478936 -73811.4 867.837 -17.2299 1.57016
1010000 FRAC0_S 0 1 -7500 44014.3 8569.08 3.54372e+06 -177827 -5095.33 1121.86 6.52109 0.106585
Step FractureNumber TipNr TipActive TipX TipY TipZ KI KII KIII G Phi Psi Extension
1010101 FRAC0_S 0 1 -7498.39 43956 8207.09 3.68789e+06 -144966 81760.5 1214.7 5.08848 -1.61471
1010101 FRAC0_S 0 1 -7504.69 44098.1 7899.07 3.0735e+06 537063 346360 883.429 -17.7123 -6.5747
1010101 FRAC0_S 0 1 -7501.49 44328 7649.63 3.44212e+06 -223881 -143556 1063 7.9858 2.89243
1010101 FRAC0_S 0 1 -7511.57 44660 7470.28 3.21402e+06 -526372 -444369 971.452 16.5021 7.91052
1010101 FRAC0_S 0 1 -7516.55 44956.2 7417.24 2.84202e+06 -524531 -164079 747.848 19.2542 3.55361
1010101 FRAC0_S 0 1 -7509.59 45293.3 7455.88 3.61346e+06 -325890 -181769 1177.37 10.6332 3.37613
1010101 FRAC0_S 0 1 -7514.45 45599.7 7598.56 3.47644e+06 -277333 3152.84 1083.8 9.95323 -0.0654351
1010101 FRAC0_S 0 1 -7525.36 45847.3 7830.31 2.68e+06 -575655 -53131.1 669.929 22.2381 1.24398
1010101 FRAC0_S 0 1 -7518.75 46015.3 8124.77 3.73814e+06 -401874 -196694 1264.73 12.3724 3.46986
1010101 FRAC0_S 0 1 -7510.21 46083.8 8456.06 3.15089e+06 485180 15597.4 905.705 -17.3654 -0.332559
1010101 FRAC0_S 0 1 -7508.93 46044.4 8793.17 3.50051e+06 -90975.9 47420.3 1092.95 3.45638 -1.01085
1010101 FRAC0_S 0 1 -7504.41 45902.8 9101.59 3.73733e+06 -10336.1 102514 1246.06 0.375335 -2.05342
1010101 FRAC0_S 0 1 -7500.35 45672.7 9351.15 3.55803e+06 145943 135939 1132.45 -5.21984 -2.71997
1010101 FRAC0_S 0 1 -7501.37 45376.8 9517.46 3.96784e+06 107535 213673 1410.03 -3.46608 -3.80393
1010101 FRAC0_S 0 1 -7499.45 45043.9 9584.23 3.27909e+06 30929.4 -178276 962.461 -1.23583 3.90015
1010101 FRAC0_S 0 1 -7495.37 44706.7 9544.76 3.53692e+06 89616.6 137420 1117.97 -3.2936 -2.80375
1010101 FRAC0_S 0 1 -7493.19 44398.3 9402.92 3.52503e+06 115692 112353 1110.14 -4.24913 -2.30546
1010101 FRAC0_S 0 1 -7500.88 44149.8 9172.35 3.11416e+06 503582 -87968.3 887.816 -17.7324 1.83301
1010101 FRAC0_S 0 1 -7509.5 43984.6 8876.04 3.21965e+06 -89589.7 -40481.4 924.66 3.69429 0.937811
1010101 FRAC0_S 0 1 -7499.72 43917.1 8543.59 4.19352e+06 -9400.21 -101720 1568.44 0.305389 1.82474